data/zlatibor_dem_simulations/DEMsim39.asc
NCOLS 150
NROWS 100
XLLCORNER 7394249
YLLCORNER 4841999
CELLSIZE 30
NODATA_VALUE -9999
[rows 0 to 19 of 100, columns 92 to 137 of 150]
921.895751953125 913.943969726562 917.158264160156 912.51806640625 911.139038085938 899.60400390625 901.038146972656 884.913452148438 881.141540527344 880.887634277344 870.118225097656 874.439636230469 869.776184082031 851.829833984375 850.6591796875 852.409240722656 860.069091796875 870.080017089844 873.273620605469 878.612854003906 878.50390625 887.675842285156 903.453369140625 902.881774902344 905.221008300781 907.212707519531 914.197998046875 930.403198242188 935.211486816406 934.961486816406 935.644226074219 942.617431640625 946.237915039062 959.214416503906 962.474426269531 975.676208496094 984.553100585938 989.826171875 988.224731445312 995.222045898438 995.804565429688 1008.27795410156 1024.72814941406 1028.84777832031 1036.49938964844 1040.65490722656
930.216918945312 909.54443359375 906.615844726562 904.007934570312 903.133117675781 904.424743652344 896.829223632812 887.216491699219 876.362915039062 868.772827148438 870.197692871094 860.339233398438 866.144653320312 855.807556152344 857.161376953125 860.333984375 859.733642578125 869.758850097656 875.518920898438 868.493347167969 876.932922363281 893.188537597656 900.324584960938 900.525024414062 905.039855957031 911.24560546875 913.680725097656 928.872680664062 935.175354003906 935.394226074219 939.757385253906 937.590576171875 942.3916015625 951.957397460938 959.781311035156 970.316467285156 969.44482421875 982.655639648438 988.769470214844 997.029357910156 996.850036621094 1007.56390380859 1021.90600585938 1029.72424316406 1035.83081054688 1054.08044433594
927.147521972656 914.635498046875 909.042907714844 907.435729980469 910.549194335938 903.409362792969 894.476684570312 885.9072265625 879.42236328125 875.602416992188 865.598693847656 865.178283691406 861.611633300781 859.076721191406 856.252014160156 864.7451171875 865.330383300781 871.542602539062 879.087097167969 874.868347167969 876.87548828125 887.182312011719 899.387573242188 908.3828125 913.5849609375 914.130004882812 919.109802246094 921.443237304688 929.339294433594 930.263061523438 936.679321289062 938.118103027344 944.305847167969 955.262084960938 957.861938476562 960.666442871094 969.200622558594 981.024230957031 993.0859375 998.268615722656 1001.12188720703 1004.39569091797 1018.89111328125 1035.79260253906 1039.396484375 1061.15161132812
923.003662109375 923.756530761719 909.454040527344 904.259155273438 899.769714355469 892.796875 891.775207519531 885.296752929688 880.518798828125 879.460632324219 872.28125 865.397888183594 865.321044921875 868.9345703125 867.686462402344 871.978149414062 870.9951171875 877.004333496094 874.5810546875 873.289489746094 879.028015136719 894.949401855469 892.993408203125 902.005859375 909.196472167969 912.984985351562 919.145568847656 930.587158203125 931.979858398438 928.865783691406 942.407104492188 941.994384765625 957.829833984375 956.0048828125 961.8642578125 963.309936523438 973.362182617188 981.788024902344 991.81103515625 996.52734375 1005.50299072266 1008.71179199219 1022.61853027344 1039.11047363281 1048.65112304688 1061.95361328125
915.426086425781 916.149658203125 907.166015625 903.655517578125 901.266540527344 896.097839355469 887.448669433594 883.169067382812 878.260498046875 870.193420410156 878.740661621094 867.386779785156 866.614013671875 871.501037597656 875.377380371094 881.855895996094 877.414794921875 876.736022949219 879.289978027344 876.996887207031 882.594848632812 893.9404296875 894.123413085938 897.364562988281 909.998168945312 910.185729980469 917.943908691406 925.210754394531 930.724182128906 936.634948730469 940.988464355469 947.783874511719 941.262084960938 955.805358886719 959.818237304688 963.059204101562 968.603332519531 982.882873535156 988.987854003906 1000.67993164062 1008.13238525391 1010.26611328125 1025.20764160156 1048.69067382812 1055.38488769531 1060.48779296875
923.506958007812 916.942565917969 906.990356445312 902.658813476562 895.145629882812 893.011291503906 886.166198730469 880.253173828125 878.691772460938 878.609069824219 882.514892578125 866.434448242188 870.926696777344 868.988830566406 892.087097167969 885.412231445312 880.864440917969 880.101013183594 875.749206542969 877.926086425781 880.846618652344 888.529113769531 890.881408691406 899.160888671875 905.546447753906 914.861877441406 932.58447265625 930.644287109375 936.3505859375 941.265014648438 940.679565429688 948.386535644531 940.936889648438 952.072021484375 956.163818359375 958.448059082031 967.568176269531 977.063842773438 993.585815429688 997.517639160156 1009.63977050781 1004.41088867188 1024.19067382812 1044.42370605469 1058.17517089844 1062.28735351562
924.496032714844 915.671203613281 907.605895996094 903.164916992188 896.437561035156 895.853271484375 889.622497558594 885.949401855469 879.063293457031 883.598205566406 889.340637207031 886.79833984375 874.411926269531 882.507751464844 891.746337890625 883.18408203125 888.842834472656 884.255981445312 884.514770507812 894.212097167969 888.637939453125 881.177856445312 897.721252441406 903.838012695312 906.507141113281 910.215576171875 913.90771484375 917.476623535156 932.234252929688 945.390197753906 944.988830566406 947.504272460938 950.35888671875 944.5068359375 956.023803710938 964.175903320312 965.675476074219 976.119323730469 988.89404296875 995.309692382812 1001.68853759766 1015.21423339844 1032.60778808594 1049.17041015625 1060.6220703125 1062.83068847656
922.466857910156 925.040466308594 915.273620605469 909.445617675781 904.295104980469 906.268249511719 905.169738769531 896.218139648438 890.025390625 884.112609863281 892.978698730469 898.592407226562 888.359008789062 885.841430664062 884.568420410156 896.364807128906 903.170593261719 880.7373046875 884.844177246094 888.73046875 888.887451171875 882.061889648438 885.006896972656 904.907592773438 910.155456542969 903.194152832031 904.313354492188 914.739440917969 932.468444824219 940.190612792969 945.7685546875 949.341613769531 946.076232910156 945.877197265625 952.494384765625 962.550109863281 970.403747558594 977.706237792969 994.552429199219 1000.4140625 1010.71716308594 1020.41558837891 1033.57788085938 1048.73840332031 1066.19091796875 1068.10571289062
926.15380859375 929.133361816406 920.504089355469 911.660461425781 916.986999511719 912.549194335938 912.703857421875 910.916870117188 896.769226074219 893.560607910156 892.066467285156 897.702331542969 899.132934570312 895.228698730469 899.610595703125 910.235107421875 904.072326660156 890.349060058594 887.306396484375 891.623718261719 894.361938476562 898.752990722656 898.925170898438 900.97900390625 909.361206054688 907.026428222656 905.345520019531 917.376586914062 931.878479003906 936.737548828125 948.443298339844 948.440673828125 953.676452636719 959.108520507812 958.275756835938 975.220520019531 985.348937988281 983.830993652344 1000.77154541016 1004.83612060547 1010.79699707031 1022.37249755859 1039.8603515625 1053.92895507812 1064.63903808594 1070.00842285156
931.026550292969 928.970092773438 919.176452636719 911.154357910156 916.765441894531 912.341125488281 924.199279785156 919.844116210938 910.926086425781 909.084533691406 904.01171875 911.162475585938 909.091003417969 909.96630859375 917.696105957031 911.398681640625 899.19091796875 894.613952636719 899.445739746094 905.341186523438 906.79638671875 910.564758300781 913.785339355469 915.025207519531 920.970764160156 919.836059570312 908.204406738281 918.113586425781 924.654235839844 936.057678222656 940.883178710938 947.323974609375 963.25341796875 962.966247558594 975.0078125 976.824462890625 987.260131835938 991.162658691406 994.877380371094 1007.47381591797 1014.25262451172 1030.94189453125 1043.095703125 1059.28588867188 1072.1318359375 1081.93371582031
939.249755859375 926.102355957031 918.252319335938 914.581604003906 920.675048828125 936.808654785156 937.486877441406 939.183349609375 932.976196289062 924.240234375 919.037536621094 924.50927734375 924.447570800781 934.44384765625 923.883605957031 923.199951171875 917.81787109375 908.218872070312 900.116882324219 903.248352050781 912.739440917969 921.753662109375 925.967102050781 925.8291015625 919.926147460938 924.102111816406 915.732238769531 920.225219726562 919.007141113281 936.771240234375 944.339416503906 950.596252441406 958.278259277344 966.516357421875 977.187438964844 989.365234375 990.680725097656 993.817443847656 1003.44934082031 1014.04705810547 1023.81323242188 1035.10009765625 1042.263671875 1054.234375 1061.3544921875 1072.37573242188
942.714416503906 935.818176269531 922.11572265625 921.331359863281 925.693542480469 957.376708984375 946.432678222656 946.23583984375 944.337768554688 937.718872070312 932.982849121094 927.473937988281 938.800537109375 941.628540039062 939.6416015625 937.52197265625 932.112182617188 929.347290039062 916.476928710938 922.182861328125 930.162475585938 929.048156738281 928.673889160156 927.060913085938 920.901428222656 921.371276855469 919.484558105469 916.81201171875 919.268188476562 940.492797851562 940.546691894531 944.644592285156 954.393432617188 961.801696777344 977.847473144531 981.489990234375 987.05419921875 996.689331054688 1010.56854248047 1017.22106933594 1026.36584472656 1037.08923339844 1037.25622558594 1045.27111816406 1064.21215820312 1074.73754882812
945.271545410156 938.013000488281 929.599060058594 934.042663574219 935.27978515625 944.171325683594 947.474853515625 949.310180664062 944.392517089844 948.396911621094 942.68212890625 948.791198730469 952.240234375 950.397888183594 945.310852050781 938.048217773438 937.073913574219 930.147888183594 929.332397460938 927.571594238281 933.832275390625 933.620788574219 931.840942382812 929.484069824219 914.051818847656 911.669860839844 917.688659667969 921.08544921875 923.780334472656 932.958801269531 946.075256347656 954.791259765625 958.823791503906 969.364807128906 970.579650878906 978.607666015625 989.876708984375 999.539916992188 1010.5986328125 1016.03509521484 1026.79235839844 1031.92077636719 1033.05920410156 1042.75964355469 1063.6318359375 1079.30102539062
940.035705566406 942.8017578125 946.861267089844 951.973449707031 954.822509765625 958.016479492188 957.381164550781 958.865173339844 954.280883789062 948.53076171875 954.258544921875 955.845458984375 962.054565429688 962.314331054688 947.981262207031 943.636657714844 948.311645507812 946.729187011719 944.359558105469 933.624084472656 943.383178710938 939.824096679688 926.974060058594 915.499938964844 910.6005859375 909.622192382812 915.5048828125 924.852111816406 934.88720703125 939.644104003906 948.0546875 960.411682128906 964.303955078125 973.668518066406 970.006958007812 976.125671386719 990.787658691406 997.448120117188 1009.10400390625 1016.55670166016 1024.85131835938 1024.95788574219 1029.20922851562 1042.98706054688 1048.87365722656 1059.55163574219
954.053955078125 957.252563476562 962.158386230469 950.397888183594 959.319030761719 961.828674316406 963.566040039062 964.219848632812 968.335571289062 956.829650878906 962.417846679688 968.992980957031 972.9833984375 958.994445800781 957.398559570312 959.643920898438 968.365844726562 969.863159179688 972.342834472656 951.65966796875 951.336059570312 936.646240234375 933.773986816406 925.487670898438 919.446044921875 919.160827636719 932.683166503906 939.749755859375 946.004760742188 947.885375976562 950.908996582031 961.996459960938 968.839294433594 971.810363769531 970.034851074219 976.434326171875 984.788208007812 989.232482910156 1005.81732177734 1020.32147216797 1024.15637207031 1025.09985351562 1038.22058105469 1039.82983398438 1050.15588378906 1068.3740234375
952.592224121094 960.7509765625 965.858947753906 957.044738769531 959.274047851562 968.980773925781 975.162231445312 969.121337890625 973.73388671875 973.172119140625 974.22119140625 977.646362304688 973.566162109375 971.005249023438 969.739074707031 967.390930175781 971.997131347656 977.649230957031 969.56689453125 965.091491699219 957.050048828125 951.138793945312 937.905883789062 930.066467285156 930.460083007812 938.786376953125 929.559020996094 944.423706054688 952.569885253906 954.83642578125 942.898681640625 962.571105957031 969.543212890625 981.219177246094 970.007568359375 974.678283691406 983.191345214844 985.837219238281 998.972229003906 1010.23699951172 1022.19024658203 1028.81237792969 1035.99243164062 1050.10314941406 1046.22314453125 1065.87963867188
955.722900390625 969.891845703125 964.683776855469 962.755554199219 961.375183105469 971.171813964844 983.014709472656 972.528625488281 975.030700683594 977.423278808594 984.197204589844 984.976867675781 984.177185058594 971.095031738281 977.170288085938 981.601745605469 970.843688964844 983.884704589844 978.657409667969 961.382873535156 960.915588378906 948.944030761719 932.568176269531 930.785583496094 939.709350585938 938.853576660156 939.656188964844 945.546630859375 961.227661132812 968.9921875 967.721618652344 964.4384765625 977.635864257812 966.6357421875 973.230041503906 975.006652832031 982.577758789062 990.349243164062 1008.00769042969 1025.31323242188 1021.83099365234 1025.48083496094 1035.10339355469 1046.4501953125 1050.59948730469 1059.09143066406
976.721923828125 977.569641113281 980.157287597656 971.136840820312 969.47607421875 980.547485351562 985.376953125 987.810302734375 986.810729980469 984.144897460938 986.93603515625 994.44140625 990.668273925781 979.390991210938 968.656982421875 966.644348144531 971.927001953125 982.627990722656 970.361328125 962.049377441406 962.313049316406 955.896423339844 937.581298828125 925.347351074219 935.2666015625 939.577026367188 933.051147460938 931.453186035156 949.537780761719 972.647277832031 977.92236328125 978.480224609375 974.314880371094 971.940307617188 972.110595703125 983.733642578125 995.442199707031 1002.39764404297 1014.06018066406 1021.85241699219 1028.06652832031 1032.64624023438 1042.16687011719 1053.19360351562 1056.04406738281 1057.08471679688
985.692993164062 989.739013671875 982.569580078125 988.253356933594 984.025451660156 985.153015136719 991.607788085938 987.945861816406 990.845336914062 994.0390625 993.259704589844 1001.81884765625 997.6162109375 984.978576660156 971.034118652344 971.581909179688 974.119689941406 964.124633789062 964.466552734375 959.842102050781 953.120361328125 949.159606933594 931.79931640625 922.330932617188 935.505981445312 945.528564453125 943.443115234375 939.136047363281 948.635131835938 961.540405273438 965.204284667969 975.9306640625 983.657958984375 983.23681640625 987.547668457031 1002.16613769531 1005.25134277344 1004.50891113281 1016.00994873047 1028.951171875 1035.26879882812 1036.66723632812 1043.69018554688 1055.97094726562 1054.7392578125 1060.68139648438
993.939086914062 998.127136230469 999.602966308594 991.3203125 1001.83801269531 997.775756835938 999.173767089844 998.793395996094 995.821655273438 996.809020996094 998.407409667969 993.382568359375 997.566162109375 987.017272949219 979.199523925781 967.225280761719 963.756958007812 960.6015625 955.399719238281 947.018310546875 948.998168945312 944.439880371094 932.914978027344 934.283142089844 939.543579101562 942.995178222656 933.953674316406 944.39599609375 968.051452636719 977.612365722656 975.504699707031 973.017578125 982.211364746094 995.344665527344 1004.93115234375 1008.35760498047 1011.681640625 1016.26599121094 1023.35522460938 1033.82849121094 1034.05090332031 1041.68151855469 1046.79089355469 1057.61340332031 1060.185546875 1071.73181152344
