data/zlatibor_dem_simulations/DEMsim48.asc
NCOLS 150
NROWS 100
XLLCORNER 7394249
YLLCORNER 4841999
CELLSIZE 30
NODATA_VALUE -9999
[rows 80 to 99 of 100, columns 46 to 91 of 150]
1015.01184082031 1015.12957763672 1008.77191162109 1002.64764404297 994.861267089844 990.407104492188 992.868774414062 989.669616699219 989.809997558594 987.774291992188 983.225036621094 986.593322753906 985.734191894531 985.976379394531 985.001586914062 982.80908203125 982.599670410156 978.127319335938 968.6181640625 975.045288085938 982.71044921875 970.061157226562 973.629211425781 971.618957519531 977.940002441406 994.253295898438 986.577026367188 977.569763183594 981.905212402344 989.473999023438 1000.40057373047 1006.7587890625 1026.35083007812 1016.39538574219 1017.72918701172 1012.93353271484 1008.31628417969 1008.94281005859 1006.15728759766 1000.6279296875 999.918762207031 1001.09362792969 999.69677734375 994.801208496094 987.183349609375 987.751281738281
999.903442382812 1001.07574462891 1006.33270263672 1007.28479003906 1000.79815673828 993.069519042969 990.509887695312 988.024841308594 985.927856445312 986.369812011719 988.152465820312 984.431030273438 985.473449707031 987.559448242188 987.148498535156 983.758911132812 970.803405761719 981.586853027344 966.96435546875 976.842163085938 978.191955566406 980.139526367188 975.573608398438 981.683959960938 979.688293457031 989.126708984375 983.143798828125 984.14990234375 980.407592773438 985.587463378906 993.271606445312 1005.29644775391 1016.794921875 1011.58416748047 1007.53460693359 1012.96484375 1007.54034423828 1007.04547119141 1002.19451904297 1007.25054931641 1004.61279296875 1001.20568847656 997.080139160156 991.268432617188 995.329528808594 984.656188964844
996.129760742188 998.201782226562 1000.25146484375 999.9326171875 994.831970214844 986.156188964844 983.77880859375 981.43359375 983.727294921875 989.141296386719 989.763977050781 996.578369140625 986.259033203125 982.306518554688 989.552062988281 977.960205078125 976.087890625 978.088745117188 975.104736328125 977.987121582031 982.790405273438 985.380004882812 978.649658203125 972.958862304688 967.534912109375 979.1484375 981.28271484375 981.449829101562 984.918640136719 982.623718261719 987.314208984375 995.482238769531 1007.98645019531 1005.69360351562 1010.97351074219 1010.30847167969 997.930480957031 999.239074707031 1001.89306640625 995.345642089844 1001.48101806641 997.407958984375 990.760314941406 990.524719238281 995.513305664062 988.621032714844
1000.50946044922 1005.07336425781 1000.89312744141 994.641540527344 989.055847167969 990.977783203125 988.42724609375 988.357482910156 994.816528320312 988.494445800781 991.526184082031 990.727661132812 980.106201171875 972.638061523438 984.125122070312 982.153747558594 977.266540527344 980.225769042969 975.089660644531 980.475219726562 982.173095703125 983.990844726562 992.353942871094 984.196105957031 972.539978027344 966.744750976562 977.01171875 982.904968261719 984.360656738281 988.000732421875 986.294311523438 998.137145996094 997.6357421875 998.080200195312 1010.27593994141 1010.13464355469 1005.43414306641 1001.92816162109 1006.86029052734 1002.29925537109 985.448181152344 993.453979492188 993.374206542969 995.698913574219 996.351928710938 1004.76385498047
998.968994140625 1007.95367431641 1004.21813964844 995.39892578125 988.224487304688 990.629028320312 986.584350585938 984.728515625 983.320251464844 990.107238769531 996.160400390625 986.875915527344 988.809204101562 979.31005859375 984.700622558594 982.218444824219 986.911193847656 985.584777832031 981.113647460938 987.132568359375 987.165222167969 980.885559082031 985.457275390625 981.390563964844 980.418334960938 976.766906738281 977.901184082031 976.366088867188 985.054138183594 993.201782226562 992.332641601562 989.008239746094 989.712646484375 994.878173828125 997.362548828125 1008.73150634766 1007.43536376953 1011.41314697266 1001.11755371094 997.246215820312 992.935546875 991.084228515625 996.691528320312 996.833068847656 999.757263183594 1000.6591796875
1006.07379150391 999.7236328125 993.037536621094 1001.97717285156 992.958435058594 997.53857421875 991.308776855469 979.279235839844 985.124084472656 981.441101074219 988.26220703125 988.255981445312 995.494689941406 984.757080078125 984.759216308594 989.193420410156 986.518493652344 991.018981933594 990.238220214844 994.2578125 982.078063964844 978.472351074219 982.392333984375 988.971313476562 991.270812988281 981.502380371094 978.146545410156 981.132507324219 985.234741210938 989.955627441406 988.892211914062 983.295593261719 983.023986816406 989.622253417969 996.481140136719 1013.87646484375 1008.11029052734 1003.89196777344 999.219421386719 998.647277832031 996.019165039062 995.640441894531 995.391784667969 1002.80047607422 1003.49194335938 1001.58929443359
1001.51690673828 992.131774902344 991.97607421875 993.318603515625 994.004699707031 1000.66949462891 994.118591308594 991.762145996094 990.1904296875 993.132934570312 989.415405273438 993.981750488281 997.546875 993.294982910156 991.830261230469 993.013427734375 990.845581054688 999.792175292969 999.452392578125 983.194458007812 979.119506835938 987.895202636719 995.418823242188 990.903198242188 995.973876953125 989.303771972656 987.181274414062 991.163696289062 992.931213378906 999.633666992188 1001.060546875 997.350952148438 989.771118164062 996.280212402344 998.440856933594 1007.51104736328 1002.24487304688 1003.85748291016 1001.12921142578 1008.29315185547 1006.9921875 998.884826660156 1000.57287597656 1001.74670410156 1002.90783691406 1000.78497314453
990.728637695312 984.809448242188 987.85009765625 996.936889648438 998.27734375 999.270263671875 997.689147949219 1000.43017578125 997.865356445312 997.183898925781 999.329162597656 1002.31848144531 1005.16925048828 1000.5 992.429992675781 996.422058105469 1003.11462402344 997.365417480469 1000.41754150391 993.936706542969 992.747253417969 986.907287597656 989.331298828125 987.635009765625 987.347534179688 984.0078125 991.469665527344 992.867614746094 995.369201660156 1005.72235107422 1004.74926757812 1008.02697753906 1005.95520019531 997.054809570312 1003.05096435547 1001.23583984375 989.400939941406 994.645202636719 1001.96356201172 1016.20684814453 1016.04730224609 1016.20983886719 1008.56231689453 1003.50109863281 1000.94342041016 1003.78216552734
982.13623046875 991.227355957031 989.652404785156 989.664672851562 986.576354980469 991.694946289062 996.894470214844 1005.90606689453 1001.89996337891 1004.55181884766 991.694091796875 1004.01739501953 1007.60003662109 998.265075683594 995.546691894531 995.579772949219 992.546020507812 1002.20629882812 993.022766113281 1000.40130615234 991.820617675781 994.467590332031 995.170593261719 988.592956542969 985.278076171875 989.050842285156 993.033386230469 1001.56304931641 1003.64617919922 1002.36218261719 1011.23089599609 1011.44836425781 1001.53680419922 997.190979003906 1007.04553222656 1001.65191650391 993.440307617188 992.726684570312 1002.76354980469 1013.90893554688 1014.9091796875 1016.70977783203 1007.23736572266 1009.23864746094 999.985961914062 1008.40985107422
988.87109375 986.6552734375 989.529296875 985.995361328125 990.845275878906 988.965942382812 999.526916503906 994.385070800781 1009.55969238281 1009.43029785156 999.690307617188 998.179443359375 1005.40533447266 997.937927246094 998.806091308594 997.618041992188 997.427001953125 1002.12274169922 1001.00665283203 998.77685546875 998.945068359375 995.764282226562 996.911743164062 986.653137207031 986.473999023438 992.774963378906 989.500732421875 1001.43218994141 1000.01739501953 994.552673339844 1003.16973876953 1004.12390136719 995.896301269531 995.595825195312 993.056884765625 999.671997070312 992.572387695312 991.50634765625 1008.03759765625 1004.07403564453 1010.66418457031 1018.26043701172 1009.33782958984 1012.78277587891 1011.7919921875 1007.28216552734
983.384521484375 987.883666992188 980.821044921875 985.566467285156 990.365661621094 988.29150390625 991.051818847656 998.520080566406 1009.54711914062 1012.82696533203 1006.88427734375 1000.49572753906 1000.23358154297 1001.40100097656 1001.41223144531 996.716735839844 1001.15301513672 1001.65454101562 1000.40905761719 1003.74230957031 1000.99664306641 1002.0498046875 998.789978027344 992.653198242188 995.559997558594 988.289123535156 996.782836914062 996.543518066406 992.394958496094 995.540283203125 993.815185546875 990.531188964844 991.680358886719 994.478088378906 991.671936035156 999.773864746094 999.45654296875 996.23291015625 1004.22698974609 1002.50543212891 1017.20977783203 1012.16693115234 1016.63806152344 1015.75317382812 1018.19372558594 1022.3818359375
986.596069335938 983.330749511719 980.466491699219 981.04541015625 987.883728027344 987.098754882812 995.799621582031 999.476745605469 1000.9228515625 1009.89520263672 1014.20062255859 1005.85632324219 999.775085449219 1009.87341308594 1011.51361083984 1010.58044433594 1009.10418701172 998.138549804688 992.758056640625 993.107543945312 1003.23168945312 1004.71630859375 999.889404296875 995.318420410156 994.506286621094 992.936645507812 990.908508300781 1000.69702148438 1000.14678955078 995.889892578125 997.031188964844 987.578002929688 993.107360839844 991.366516113281 992.499633789062 995.245910644531 997.206909179688 998.866821289062 992.880737304688 1005.52996826172 1008.64239501953 1013.17028808594 1005.30194091797 1013.25903320312 1017.82061767578 1011.74084472656
968.827880859375 980.696716308594 984.929748535156 996.4931640625 981.806640625 997.68310546875 999.7900390625 995.798034667969 991.801452636719 1009.57690429688 1011.56036376953 1010.67205810547 1013.32879638672 1009.94354248047 1009.0205078125 1009.28271484375 1009.79663085938 996.988159179688 995.277770996094 986.239135742188 1012.29656982422 1003.18267822266 1002.05694580078 997.124877929688 995.0380859375 987.826782226562 998.496154785156 1001.03411865234 993.079223632812 997.937072753906 992.95263671875 988.399475097656 992.070556640625 996.888000488281 990.970703125 996.948669433594 994.74951171875 997.933959960938 1001.54650878906 1004.64672851562 1009.28631591797 1005.36724853516 1012.63787841797 1012.70855712891 1017.38586425781 1007.58319091797
963.358703613281 976.678527832031 978.699401855469 989.811279296875 987.533386230469 988.983642578125 991.045104980469 999.780456542969 1006.99926757812 1006.56756591797 1006.63342285156 1011.85144042969 1006.75897216797 1022.49377441406 1018.51019287109 1017.11322021484 1012.88757324219 1005.60308837891 1004.59075927734 1003.28472900391 1001.89660644531 1007.16687011719 1000.66284179688 1003.58038330078 999.601989746094 1000.03875732422 995.771301269531 996.520385742188 995.521484375 991.864440917969 1001.13372802734 993.176696777344 995.226745605469 999.4287109375 992.973510742188 992.281066894531 998.629089355469 1003.73333740234 1010.92980957031 1005.51129150391 998.179748535156 1000.89080810547 1004.87768554688 1007.65655517578 1008.88336181641 1012.48120117188
976.807189941406 981.292297363281 991.369567871094 997.715576171875 991.647094726562 988.182495117188 990.732543945312 996.754760742188 996.401123046875 1004.98382568359 996.394226074219 1010.38317871094 1021.20953369141 1012.94232177734 1019.92626953125 1018.76953125 1015.27258300781 1010.21325683594 1009.82757568359 1005.03887939453 997.429626464844 998.620788574219 999.447387695312 1005.07556152344 1004.91577148438 1004.42559814453 1000.46002197266 998.708923339844 1001.29925537109 1001.95489501953 1007.50219726562 995.933288574219 993.586730957031 993.240600585938 996.21484375 990.014587402344 1001.85070800781 1006.90185546875 1005.76666259766 1001.73547363281 1000.41876220703 1003.43585205078 1007.87738037109 1011.87683105469 1006.98480224609 1017.45422363281
976.1884765625 978.668640136719 991.185974121094 998.796691894531 995.846130371094 992.992004394531 996.074157714844 1000.70861816406 993.809020996094 994.16552734375 1001.37072753906 1008.85650634766 1014.458984375 1013.2568359375 1023.02917480469 1026.10681152344 1024.95593261719 1019.92407226562 1014.12652587891 1008.78668212891 1010.01452636719 1002.10803222656 1002.20251464844 994.494567871094 995.4384765625 1005.80895996094 1007.77697753906 1010.79858398438 1008.52362060547 1004.14764404297 1007.44970703125 1000.36712646484 991.682006835938 1003.01434326172 996.508850097656 994.640441894531 1002.44946289062 1009.93286132812 1003.35620117188 1003.11505126953 999.412475585938 1007.18029785156 1017.10412597656 1012.03125 1014.57531738281 1012.84924316406
977.272399902344 987.70654296875 984.627746582031 990.58251953125 988.408935546875 990.747802734375 991.318054199219 993.143005371094 991.205078125 991.12890625 997.454223632812 1002.32312011719 1003.68450927734 1003.93792724609 1018.90118408203 1023.17449951172 1035.13623046875 1026.82348632812 1020.51947021484 1010.54107666016 1014.26654052734 1011.61694335938 1012.68121337891 1002.07061767578 1001.89489746094 999.318115234375 1016.37384033203 1013.61578369141 1017.20452880859 1006.26550292969 1006.72882080078 999.250915527344 1000.46313476562 1005.27471923828 1000.09777832031 999.075378417969 1008.31640625 1012.85314941406 1003.73773193359 1007.55541992188 1011.00427246094 1008.07330322266 1013.94232177734 1008.62274169922 1013.51837158203 1011.05554199219
976.073791503906 985.824951171875 982.080200195312 973.183471679688 975.941772460938 993.718444824219 984.179016113281 989.527221679688 992.942810058594 991.78466796875 1006.31494140625 998.180786132812 999.147521972656 1013.84399414062 1015.27758789062 1026.03527832031 1028.75415039062 1017.02679443359 1022.92987060547 1020.63446044922 1020.31994628906 1025.60961914062 1019.328125 1007.75378417969 1000.53936767578 1007.22039794922 1021.24664306641 1016.08502197266 1014.654296875 1013.62133789062 1011.01995849609 1002.56018066406 1001.64263916016 997.567993164062 998.143920898438 996.473571777344 1003.57952880859 1007.13043212891 1003.97784423828 1002.44104003906 1009.59832763672 1000.81622314453 1004.36413574219 1008.89654541016 1012.44836425781 1011.70532226562
979.557189941406 986.785888671875 984.66748046875 974.225219726562 974.013854980469 982.100402832031 979.771484375 990.115600585938 990.713500976562 992.301635742188 991.662414550781 997.928466796875 996.073974609375 1009.51776123047 1020.75640869141 1023.73413085938 1027.14306640625 1029.74792480469 1027.34448242188 1025.5654296875 1018.75177001953 1029.99462890625 1027.31787109375 1025.30004882812 1013.72546386719 1014.34411621094 1020.74066162109 1013.25738525391 1009.2060546875 1010.92108154297 1015.48718261719 1011.24932861328 1012.21063232422 1005.03692626953 1000.92321777344 1000.68188476562 1006.19415283203 1011.89581298828 1008.16345214844 1007.00140380859 1009.29138183594 999.047058105469 1001.27105712891 1010.32531738281 1010.74450683594 1023.31201171875
963.237976074219 976.567260742188 985.123596191406 986.111938476562 981.096740722656 985.67626953125 988.32666015625 987.025939941406 987.414978027344 985.813720703125 992.872741699219 1000.99835205078 999.148803710938 1004.11669921875 1027.90539550781 1030.69177246094 1031.19067382812 1040.25036621094 1032.94555664062 1018.77502441406 1022.71295166016 1028.05712890625 1028.67565917969 1027.20422363281 1018.9755859375 1021.857421875 1023.32885742188 1022.35717773438 1011.72955322266 1008.99749755859 1008.25134277344 1013.50085449219 1005.95135498047 994.462341308594 994.168090820312 998.402587890625 1002.54571533203 1000.32922363281 995.892395019531 1005.39080810547 1004.70196533203 1002.07220458984 1002.03405761719 1009.50170898438 1022.42956542969 1019.12145996094
