data/zlatibor_dem_simulations/DEMsim38.asc
NCOLS 150
NROWS 100
XLLCORNER 7394249
YLLCORNER 4841999
CELLSIZE 30
NODATA_VALUE -9999
[rows 40 to 59 of 100, columns 46 to 91 of 150]
963.572570800781 965.993713378906 960.162902832031 973.287963867188 970.138122558594 972.235290527344 974.050109863281 970.802429199219 974.284484863281 968.573669433594 972.775329589844 965.457153320312 968.555908203125 975.300048828125 984.393981933594 988.37353515625 987.57568359375 974.664123535156 968.727355957031 974.333801269531 973.987182617188 979.107177734375 971.267700195312 961.92431640625 959.994384765625 967.171936035156 968.711242675781 963.307434082031 968.260375976562 975.752868652344 982.067016601562 987.619506835938 990.240173339844 989.372375488281 980.711303710938 978.77685546875 988.949096679688 979.831237792969 980.123596191406 990.529174804688 988.860107421875 998.936950683594 989.540893554688 978.992431640625 981.522583007812 985.320434570312
965.1005859375 963.347900390625 969.384216308594 978.717529296875 975.334228515625 978.514465332031 980.230102539062 978.626770019531 975.702575683594 973.780883789062 975.391723632812 968.148498535156 971.948974609375 971.64404296875 983.264282226562 980.369323730469 980.56689453125 971.929321289062 968.646179199219 974.6171875 973.290100097656 968.196166992188 972.137573242188 969.153747558594 969.960205078125 973.942932128906 963.028503417969 971.7431640625 971.642395019531 982.520690917969 976.90869140625 981.530456542969 985.551574707031 981.997680664062 975.722717285156 980.6689453125 983.958679199219 980.894958496094 989.024597167969 980.98095703125 987.739501953125 991.164306640625 992.278259277344 982.975646972656 985.144775390625 985.130187988281
962.3525390625 968.387084960938 975.492126464844 977.319519042969 970.864135742188 979.29443359375 971.991333007812 973.793884277344 975.689392089844 977.628723144531 971.839050292969 974.399658203125 972.553283691406 974.856201171875 980.130859375 970.992919921875 966.430236816406 964.792602539062 966.131530761719 973.928955078125 967.771728515625 970.846374511719 977.104919433594 979.459594726562 976.992614746094 968.25439453125 969.400268554688 967.470764160156 962.408264160156 966.313781738281 976.269592285156 974.364501953125 972.086608886719 973.869750976562 967.579345703125 983.140502929688 989.305908203125 989.784912109375 994.603088378906 992.411499023438 987.675415039062 989.267700195312 997.842468261719 984.115234375 978.742797851562 992.031677246094
961.740966796875 967.527099609375 975.402648925781 974.596374511719 973.147216796875 970.746032714844 972.410888671875 967.642944335938 970.086059570312 972.259094238281 975.039489746094 982.957824707031 979.385559082031 988.291931152344 980.630249023438 971.567687988281 974.283264160156 962.468933105469 968.619995117188 974.396057128906 972.993469238281 977.254089355469 983.768127441406 988.195434570312 980.281005859375 971.354431152344 971.254455566406 962.743103027344 960.567993164062 959.716979980469 976.325378417969 975.851257324219 970.543762207031 973.46044921875 973.651123046875 977.330749511719 982.814514160156 986.922119140625 986.260070800781 986.621337890625 985.284240722656 982.716186523438 985.000305175781 974.466369628906 982.600708007812 989.9794921875
961.152282714844 963.063171386719 968.01513671875 970.9091796875 975.542175292969 969.190063476562 960.322631835938 960.833740234375 959.478942871094 975.671569824219 975.258666992188 972.908203125 983.153442382812 976.419677734375 974.840270996094 979.545654296875 978.741455078125 974.447814941406 980.617919921875 977.471801757812 972.513732910156 981.548522949219 979.57861328125 982.553955078125 978.438049316406 970.664245605469 964.641723632812 957.619812011719 955.717712402344 957.954956054688 969.356811523438 975.255737304688 971.206787109375 974.401306152344 971.705322265625 974.32373046875 978.49560546875 977.679626464844 974.530395507812 981.056762695312 977.055969238281 978.084411621094 981.905517578125 973.982360839844 977.05517578125 978.08154296875
961.515258789062 977.579345703125 971.364440917969 971.861328125 967.297546386719 961.182739257812 956.332275390625 968.840026855469 959.792419433594 966.792358398438 980.655578613281 975.799865722656 971.935424804688 981.7939453125 972.635559082031 975.868774414062 974.068908691406 974.20263671875 976.587219238281 981.107238769531 966.805114746094 974.930358886719 971.453125 970.850158691406 966.005554199219 973.094604492188 963.398071289062 957.052551269531 955.436706542969 964.0537109375 972.755798339844 965.886047363281 969.240905761719 960.115844726562 964.429992675781 969.140319824219 964.138427734375 969.125 976.954711914062 976.947448730469 974.263549804688 978.481506347656 977.27099609375 981.795166015625 972.002807617188 972.696166992188
961.639770507812 973.762023925781 977.901794433594 970.82861328125 970.146423339844 971.746032714844 972.443237304688 962.986877441406 963.458129882812 970.668823242188 971.417846679688 972.325317382812 977.413513183594 978.148010253906 979.537292480469 976.157287597656 973.262817382812 964.568542480469 969.319641113281 972.709899902344 964.106994628906 958.786865234375 966.432495117188 965.9287109375 965.5009765625 962.100952148438 959.206665039062 964.370727539062 961.614685058594 967.984680175781 968.099975585938 969.448303222656 970.251342773438 976.631408691406 968.060852050781 966.5419921875 959.185119628906 962.531921386719 971.942443847656 975.406982421875 975.400512695312 982.661376953125 985.892639160156 986.84033203125 981.3564453125 978.865112304688
962.194946289062 968.834594726562 964.209594726562 970.398498535156 970.23779296875 968.749450683594 969.90576171875 967.147705078125 963.097717285156 967.160827636719 966.508605957031 966.329467773438 969.380310058594 976.220031738281 976.493041992188 972.513244628906 960.290405273438 963.645935058594 971.802612304688 972.715454101562 971.731262207031 960.227966308594 965.545959472656 964.287292480469 964.539611816406 961.476928710938 965.748779296875 965.456420898438 970.371032714844 975.099182128906 974.818908691406 966.514282226562 961.69384765625 970.217834472656 964.546020507812 966.23046875 959.028198242188 968.7841796875 969.913208007812 968.868041992188 963.622131347656 971.584350585938 980.294555664062 987.227783203125 982.977294921875 970.717102050781
977.219360351562 969.394470214844 966.724365234375 965.960266113281 969.004760742188 965.238220214844 969.964965820312 971.295837402344 964.136108398438 975.637390136719 967.024963378906 974.634643554688 970.803344726562 979.481506347656 983.400085449219 972.588073730469 963.694030761719 963.063049316406 969.755004882812 974.766906738281 973.990539550781 964.911804199219 964.088623046875 964.50146484375 968.109069824219 964.089233398438 973.299560546875 971.381713867188 974.638427734375 970.828063964844 967.431396484375 968.54296875 975.903564453125 962.845886230469 952.606262207031 972.343383789062 971.80859375 970.83740234375 969.428466796875 969.190185546875 971.117492675781 970.48046875 976.854187011719 980.27783203125 977.601196289062 979.618774414062
973.954406738281 968.963684082031 965.968078613281 966.251892089844 968.166748046875 978.465087890625 974.949584960938 972.455139160156 966.983093261719 968.16015625 966.089172363281 970.915405273438 969.676574707031 983.239501953125 967.524291992188 963.966125488281 962.005737304688 965.333862304688 971.982421875 961.540954589844 967.625122070312 962.256958007812 963.736938476562 968.21630859375 975.238464355469 968.822387695312 976.410278320312 979.342956542969 965.579833984375 957.885192871094 964.653076171875 969.075927734375 969.606750488281 964.909362792969 969.868591308594 974.174865722656 973.46923828125 978.464477539062 978.176208496094 973.145446777344 964.603576660156 974.458984375 970.847717285156 970.983337402344 973.733459472656 985.30322265625
967.243835449219 968.221069335938 969.292663574219 968.11865234375 968.567260742188 972.013610839844 971.05712890625 965.734252929688 967.711120605469 963.168518066406 969.931823730469 968.712097167969 975.549499511719 975.30810546875 968.383422851562 960.392822265625 963.473510742188 965.318664550781 964.1767578125 969.0390625 970.494445800781 966.05908203125 964.828430175781 975.177001953125 965.900634765625 970.443420410156 970.351989746094 977.624755859375 969.679077148438 963.217224121094 956.864685058594 959.778686523438 964.923767089844 969.804504394531 968.753479003906 971.034729003906 968.667358398438 975.622253417969 979.298645019531 979.387451171875 970.6142578125 968.852600097656 965.598327636719 967.870727539062 972.885192871094 976.477905273438
971.100341796875 969.331787109375 966.439147949219 964.446228027344 969.590637207031 958.40966796875 970.357055664062 965.892456054688 967.613464355469 969.186645507812 969.606323242188 968.626586914062 971.246154785156 969.529724121094 961.735290527344 962.776428222656 964.733764648438 954.666931152344 959.089172363281 961.280517578125 968.464233398438 968.245056152344 963.554382324219 962.317565917969 966.572814941406 961.138244628906 961.681762695312 960.552185058594 968.635925292969 965.340759277344 958.797668457031 969.026062011719 962.543579101562 964.08984375 964.9296875 965.89794921875 964.673767089844 969.039611816406 972.425415039062 971.809387207031 967.257141113281 980.159240722656 973.272766113281 974.690856933594 971.802185058594 970.690795898438
966.136352539062 963.490661621094 965.122253417969 965.796020507812 962.400756835938 960.959899902344 966.901123046875 970.43017578125 971.639343261719 966.52197265625 964.7041015625 967.637817382812 964.106384277344 965.766296386719 966.3212890625 964.076232910156 959.503845214844 958.8154296875 961.619384765625 963.257141113281 962.743103027344 960.480529785156 952.181579589844 957.424011230469 960.934692382812 961.755615234375 960.352294921875 961.494689941406 966.093200683594 970.101684570312 962.674987792969 966.369079589844 963.446533203125 969.16259765625 965.7421875 970.171630859375 963.928466796875 969.105712890625 968.564331054688 966.866760253906 963.124206542969 970.609619140625 966.498779296875 972.339782714844 976.349670410156 970.299987792969
966.00439453125 968.394287109375 962.479370117188 961.814025878906 961.345336914062 973.043823242188 965.942443847656 960.655456542969 958.064514160156 956.725524902344 957.983947753906 955.894287109375 955.969360351562 955.069946289062 964.817321777344 956.523498535156 953.53564453125 953.976623535156 956.566711425781 955.914123535156 956.857177734375 957.022766113281 955.006286621094 953.381713867188 957.083679199219 965.0556640625 959.542907714844 968.362731933594 967.676635742188 963.098449707031 962.720092773438 960.385070800781 966.865112304688 957.753540039062 958.664428710938 969.515808105469 970.828857421875 970.602355957031 964.888366699219 969.905212402344 968.762451171875 967.320129394531 969.895690917969 970.848754882812 978.466979980469 975.119140625
964.82275390625 962.745422363281 952.210998535156 958.66064453125 964.661071777344 970.293273925781 972.836364746094 964.331665039062 951.1416015625 957.027648925781 951.501831054688 938.656982421875 951.133056640625 955.305847167969 961.057556152344 958.41748046875 953.678100585938 949.896484375 956.669921875 961.761535644531 954.742858886719 948.81005859375 948.607299804688 946.231384277344 958.461242675781 958.164611816406 965.775573730469 963.839965820312 967.8291015625 947.474670410156 954.121459960938 958.324584960938 952.940063476562 958.179809570312 964.240478515625 975.095336914062 968.920104980469 965.939270019531 960.7763671875 960.429138183594 962.952392578125 969.797424316406 970.0419921875 970.698059082031 973.610046386719 975.474243164062
964.299499511719 957.331481933594 948.738403320312 951.946105957031 957.641967773438 963.155151367188 963.999389648438 957.976440429688 946.798278808594 945.161437988281 950.549255371094 944.928833007812 944.275024414062 944.781127929688 948.92138671875 953.490783691406 955.847473144531 956.255187988281 954.336181640625 957.917114257812 953.002075195312 941.595642089844 945.4482421875 952.945983886719 958.38916015625 959.319641113281 960.827270507812 959.21826171875 952.432373046875 954.90234375 951.195495605469 966.004455566406 966.068664550781 959.803283691406 958.606689453125 973.01513671875 971.337829589844 968.352111816406 958.501770019531 960.8310546875 966.673034667969 969.823120117188 972.182189941406 974.836486816406 971.6748046875 976.545532226562
952.616455078125 965.208679199219 954.257263183594 953.560974121094 956.472717285156 956.992614746094 953.993041992188 952.328002929688 955.494262695312 951.601379394531 949.94677734375 958.524780273438 951.767639160156 953.101379394531 955.112426757812 955.849853515625 950.487548828125 955.444519042969 956.28662109375 957.9912109375 958.726196289062 955.967895507812 946.952941894531 949.42529296875 957.561157226562 955.351867675781 957.7490234375 962.185119628906 951.536926269531 953.449279785156 957.736022949219 960.84814453125 958.844665527344 954.716064453125 961.761108398438 970.84912109375 959.265014648438 969.131042480469 965.423034667969 957.326171875 963.804260253906 963.902893066406 972.208190917969 966.594787597656 968.477416992188 973.194885253906
957.884948730469 960.285461425781 962.484985351562 958.273376464844 953.026000976562 952.597839355469 953.593078613281 958.90625 958.091430664062 956.418334960938 955.757873535156 960.015869140625 969.096557617188 962.312316894531 959.126037597656 958.157897949219 950.528747558594 953.928405761719 958.981994628906 955.160705566406 962.466125488281 960.615600585938 951.93359375 946.797119140625 955.617065429688 957.455078125 962.667785644531 961.044860839844 960.804870605469 961.279541015625 963.010620117188 960.58837890625 964.111145019531 962.141540527344 966.948852539062 962.151916503906 958.698303222656 968.567932128906 958.448425292969 956.708374023438 965.596740722656 967.810241699219 968.236511230469 969.080017089844 968.604309082031 970.328430175781
957.710327148438 959.411010742188 952.962280273438 952.4267578125 948.894165039062 949.349853515625 952.658630371094 958.628601074219 955.185607910156 957.51171875 954.329528808594 965.144653320312 966.881408691406 960.002807617188 955.494934082031 959.737487792969 961.107482910156 954.510681152344 958.307373046875 954.831848144531 963.969970703125 962.483093261719 948.541870117188 955.434509277344 960.222961425781 958.408264160156 960.220153808594 955.103576660156 953.354614257812 966.695617675781 969.132446289062 963.466552734375 958.433227539062 959.79443359375 963.146423339844 962.912475585938 969.266845703125 964.1826171875 964.679992675781 961.745056152344 968.501708984375 968.035583496094 969.653503417969 971.180236816406 974.190734863281 967.663940429688
951.353210449219 958.969543457031 954.826354980469 952.1416015625 950.02734375 947.3203125 951.145263671875 954.383361816406 958.131896972656 958.840454101562 958.830749511719 965.164672851562 966.310729980469 960.5 956.877319335938 960.539001464844 959.823791503906 958.688354492188 964.749816894531 965.577026367188 965.299865722656 958.3173828125 955.432983398438 954.8046875 965.973083496094 969.533569335938 961.503234863281 956.2685546875 961.029174804688 976.569702148438 968.541625976562 964.708251953125 960.945983886719 960.284240722656 951.596557617188 969.800903320312 958.969665527344 972.522705078125 971.232604980469 972.236938476562 975.100524902344 967.117065429688 970.198364257812 967.462707519531 968.773803710938 961.290771484375
