data/zlatibor_dem_simulations/DEMsim42.asc
NCOLS 150
NROWS 100
XLLCORNER 7394249
YLLCORNER 4841999
CELLSIZE 30
NODATA_VALUE -9999
[rows 20 to 39 of 100, columns 92 to 137 of 150]
1010.10119628906 1003.35662841797 1005.55786132812 999.914367675781 1011.42706298828 1010.61669921875 994.287353515625 999.59912109375 1000.3876953125 993.972839355469 1004.43273925781 1006.50811767578 1001.65112304688 991.795227050781 989.391296386719 982.921081542969 975.993835449219 964.444885253906 958.039794921875 961.690063476562 950.089721679688 937.809997558594 950.718078613281 939.319885253906 934.599243164062 942.275573730469 937.770141601562 955.683349609375 964.974243164062 969.491577148438 980.755859375 989.920043945312 997.608947753906 1003.55133056641 1019.26934814453 1026.86682128906 1040.33618164062 1049.3681640625 1050.20288085938 1048.36938476562 1048.46398925781 1052.2392578125 1052.36267089844 1055.447265625 1059.75146484375 1071.31408691406
1021.90911865234 1017.93634033203 1019.68713378906 1014.96368408203 1021.13745117188 1016.92944335938 1004.85595703125 1006.47570800781 1001.50604248047 1004.48962402344 1009.87451171875 1013.43402099609 1009.94812011719 991.292236328125 988.484252929688 974.233642578125 968.369689941406 968.401489257812 962.265991210938 961.194091796875 953.402038574219 940.513488769531 942.250610351562 947.705993652344 940.4287109375 944.650817871094 952.031860351562 954.397338867188 960.110473632812 987.526794433594 996.716430664062 1007.42877197266 1016.14465332031 1014.85095214844 1024.205078125 1027.97961425781 1037.93994140625 1051.15417480469 1053.90161132812 1056.0478515625 1060.30029296875 1058.85852050781 1057.79016113281 1055.18798828125 1062.36865234375 1068.42639160156
1023.45379638672 1026.21594238281 1028.92944335938 1022.94891357422 1010.89239501953 1006.42553710938 1011.06207275391 1008.6142578125 1010.44567871094 1015.47375488281 1016.60748291016 1017.98974609375 1014.09631347656 1011.0595703125 988.139770507812 977.698913574219 976.144958496094 977.373474121094 977.826721191406 978.537048339844 958.029174804688 950.854797363281 933.939453125 941.482971191406 959.714660644531 963.925415039062 964.940856933594 978.139709472656 976.121948242188 999.608032226562 1006.43048095703 1018.26647949219 1019.48590087891 1024.9716796875 1030.78723144531 1035.49426269531 1036.49523925781 1043.21862792969 1049.83776855469 1053.15612792969 1059.41870117188 1054.82604980469 1064.0791015625 1057.77624511719 1057.8193359375 1068.15307617188
1025.37670898438 1033.84350585938 1026.56909179688 1015.75341796875 1009.63360595703 1007.51104736328 1009.45098876953 1007.56365966797 1003.63891601562 1007.20239257812 1013.4716796875 1009.04962158203 1012.99377441406 1007.26702880859 1000.61450195312 983.015258789062 989.875671386719 982.522216796875 987.622985839844 976.616943359375 962.390991210938 950.729125976562 941.998596191406 948.507568359375 954.684448242188 968.440734863281 979.18017578125 989.936706542969 995.464904785156 996.958557128906 1006.50653076172 1010.38494873047 1012.26574707031 1019.51440429688 1029.63940429688 1035.54760742188 1034.92248535156 1038.35791015625 1035.74462890625 1045.45837402344 1052.64489746094 1053.37707519531 1048.87634277344 1049.4501953125 1050.81481933594 1059.49243164062
1025.91223144531 1032.00903320312 1027.931640625 1017.787109375 1013.73937988281 1009.16809082031 1003.90466308594 1001.33569335938 1006.3349609375 1001.63110351562 1007.17736816406 1014.46667480469 1016.63311767578 1014.56927490234 1008.31860351562 998.981872558594 992.530395507812 992.778076171875 986.587707519531 968.801452636719 956.703430175781 943.802795410156 943.134887695312 947.029479980469 953.723449707031 975.363830566406 986.349487304688 994.123352050781 997.141052246094 996.599670410156 1010.90393066406 1013.43786621094 1020.39245605469 1026.75842285156 1035.78759765625 1036.83337402344 1041.86169433594 1038.22790527344 1031.38122558594 1036.26586914062 1044.5009765625 1041.83447265625 1045.35681152344 1044.57019042969 1048.15258789062 1051.49194335938
1023.78137207031 1024.69873046875 1017.49285888672 1009.77465820312 1006.10711669922 1009.00305175781 1008.19897460938 1004.71374511719 1006.19500732422 1005.15979003906 1007.6171875 1017.76153564453 1017.73352050781 1006.43060302734 996.565124511719 998.534301757812 984.864318847656 984.10205078125 972.607360839844 970.711608886719 952.056762695312 940.675720214844 942.564392089844 944.992980957031 956.608215332031 967.39697265625 989.952514648438 994.862609863281 1002.81207275391 1007.9521484375 1007.07006835938 1019.65087890625 1029.42553710938 1038.09509277344 1041.52575683594 1038.49084472656 1043.005859375 1034.85778808594 1033.83911132812 1035.81188964844 1044.22863769531 1035.86840820312 1042.73278808594 1042.87609863281 1047.76647949219 1054.47778320312
1017.07305908203 1022.17242431641 1011.70745849609 1011.93725585938 1011.43371582031 1014.06976318359 1009.81274414062 1013.43695068359 1005.76635742188 1004.33392333984 1002.36505126953 1007.80902099609 1008.07196044922 1004.82373046875 1004.66204833984 997.198791503906 985.557678222656 979.553039550781 964.234985351562 954.871337890625 947.113891601562 943.713989257812 941.441101074219 943.977111816406 961.44091796875 977.833679199219 988.410400390625 998.235290527344 1012.54083251953 1005.86584472656 1018.24243164062 1027.21691894531 1022.68658447266 1025.19934082031 1042.50415039062 1041.93933105469 1037.48791503906 1040.47680664062 1033.61047363281 1035.14147949219 1032.46057128906 1036.37072753906 1029.95764160156 1033.82946777344 1040.50061035156 1047.85766601562
1012.83135986328 1023.15808105469 1020.63409423828 1008.48736572266 1009.24761962891 1012.25592041016 1014.69134521484 1004.14562988281 1001.29229736328 1001.05694580078 999.566528320312 997.148010253906 995.615112304688 1004.82952880859 1007.27117919922 1001.87213134766 988.780883789062 974.842834472656 961.546997070312 958.405639648438 947.072448730469 939.293762207031 941.136901855469 949.409790039062 955.510498046875 967.653381347656 976.260192871094 999.228942871094 1009.58917236328 1009.69525146484 1014.04315185547 1027.7265625 1031.81286621094 1025.86779785156 1034.33618164062 1043.05688476562 1041.12780761719 1037.52453613281 1030.53588867188 1037.58227539062 1035.45837402344 1033.59692382812 1022.92486572266 1033.10266113281 1030.931640625 1050.40454101562
1022.6201171875 1014.08758544922 1020.16668701172 1014.56701660156 1006.72601318359 1003.74188232422 1009.78515625 1002.70941162109 1008.47546386719 997.146057128906 999.700744628906 997.349853515625 994.818237304688 994.187377929688 1000.07006835938 999.553466796875 991.076477050781 987.640075683594 977.759033203125 960.0185546875 944.72705078125 941.519165039062 938.344360351562 938.707946777344 950.405334472656 965.053771972656 973.517944335938 995.313293457031 1001.01947021484 1009.2265625 1018.63421630859 1036.56726074219 1034.24792480469 1029.90344238281 1035.11901855469 1040.65014648438 1034.49499511719 1028.09521484375 1033.19213867188 1039.54577636719 1035.82397460938 1025.75915527344 1027.94641113281 1027.88269042969 1027.06555175781 1039.94494628906
1012.75238037109 1009.26446533203 1014.86431884766 1015.61999511719 1013.39947509766 1007.35900878906 1012.99298095703 1007.06829833984 1002.05065917969 997.302734375 992.044250488281 993.382263183594 989.263122558594 992.719543457031 999.041381835938 997.411315917969 990.584655761719 990.940307617188 980.009948730469 966.419189453125 949.801452636719 944.284851074219 942.624328613281 936.101623535156 937.557006835938 949.093383789062 964.916748046875 989.537170410156 998.719055175781 1009.37951660156 1021.74725341797 1030.53527832031 1025.64050292969 1030.37963867188 1031.35400390625 1030.57055664062 1031.84606933594 1028.11950683594 1035.64282226562 1032.20568847656 1028.17858886719 1025.1689453125 1022.19750976562 1024.91845703125 1030.21044921875 1044.62414550781
1015.26342773438 1014.58685302734 1010.86859130859 1020.87725830078 1019.01239013672 1014.65197753906 1000.28381347656 1007.92114257812 1007.00354003906 1000.21533203125 991.574829101562 986.680725097656 989.08837890625 1005.76586914062 1001.47644042969 994.376220703125 988.977416992188 987.950866699219 980.294982910156 967.136779785156 956.228576660156 947.502075195312 946.096557617188 938.729248046875 942.718566894531 952.214172363281 968.340942382812 984.174133300781 1001.91790771484 1015.6767578125 1027.15966796875 1028.44104003906 1025.0732421875 1024.77355957031 1027.91613769531 1040.54956054688 1036.70593261719 1037.95007324219 1035.359375 1031.99499511719 1024.36938476562 1019.16790771484 1027.27783203125 1025.70751953125 1026.64318847656 1036.67993164062
1020.64172363281 1006.84136962891 1016.46533203125 1023.28826904297 1025.61071777344 1014.67913818359 1010.15759277344 1005.95434570312 1004.38586425781 1002.95446777344 994.332763671875 990.674621582031 994.714294433594 992.880432128906 997.138244628906 998.388000488281 995.261535644531 993.878173828125 973.527893066406 970.675109863281 958.617309570312 948.093383789062 952.42626953125 950.703796386719 949.190490722656 952.931091308594 971.966247558594 973.789123535156 996.773986816406 1007.27075195312 1012.71276855469 1020.81518554688 1018.25018310547 1015.03778076172 1022.98388671875 1034.67102050781 1034.1298828125 1038.87243652344 1033.87646484375 1022.87945556641 1020.57067871094 1023.98059082031 1021.75616455078 1019.35656738281 1019.88635253906 1036.212890625
1008.47369384766 1005.3017578125 1007.86248779297 1008.61828613281 1010.71112060547 1015.44287109375 1008.34539794922 1010.38409423828 1006.46392822266 996.009155273438 1005.02276611328 998.140930175781 991.511352539062 1004.61877441406 1000.82391357422 1001.74774169922 1000.45092773438 995.406127929688 972.926940917969 973.032470703125 958.597595214844 962.892150878906 959.974548339844 953.666015625 955.747924804688 961.044677734375 974.734069824219 977.568725585938 993.739685058594 1004.37048339844 1010.48284912109 1013.49493408203 1017.38208007812 1020.02807617188 1019.18823242188 1024.65686035156 1020.49328613281 1018.21911621094 1013.99621582031 1015.74499511719 1024.03137207031 1016.87713623047 1013.72021484375 1021.83843994141 1021.84613037109 1030.56225585938
1005.59924316406 1008.74584960938 1011.95483398438 1008.64581298828 1008.54296875 1002.68182373047 1008.59387207031 1007.18371582031 1004.48992919922 997.414367675781 998.658264160156 997.48583984375 992.704650878906 995.213195800781 999.051818847656 994.669738769531 994.781005859375 987.557983398438 979.437255859375 975.654174804688 973.612060546875 968.164611816406 962.879333496094 970.716674804688 968.3056640625 976.045532226562 979.432067871094 978.752380371094 999.120544433594 1002.83190917969 1007.22607421875 1011.45056152344 1023.23992919922 1020.00622558594 1025.64147949219 1018.92431640625 1015.53674316406 1018.17651367188 1014.14007568359 1014.60815429688 1019.12457275391 1015.8408203125 1012.54852294922 1020.0771484375 1019.83441162109 1026.31103515625
1004.65863037109 1007.07836914062 1020.19262695312 1014.40179443359 1007.52478027344 1003.54382324219 998.292297363281 999.955810546875 994.696350097656 997.349548339844 997.453796386719 1000.81811523438 994.365051269531 990.08056640625 995.896301269531 990.374267578125 989.25390625 994.007568359375 983.334655761719 978.544616699219 979.356323242188 973.304504394531 968.287109375 976.679809570312 979.2265625 976.248962402344 976.773742675781 982.509460449219 993.688293457031 1001.59753417969 999.009826660156 1013.74224853516 1017.24914550781 1021.27496337891 1021.97351074219 1017.02612304688 1018.65942382812 1012.77606201172 1019.68023681641 1015.669921875 1017.41687011719 1017.94299316406 1023.28277587891 1017.64190673828 1020.07922363281 1037.18676757812
1007.16510009766 1007.91815185547 1014.36950683594 1014.84771728516 1010.35919189453 999.356628417969 999.171691894531 990.909118652344 990.004699707031 999.410888671875 1000.88513183594 998.147399902344 1002.07940673828 997.836364746094 997.182800292969 997.692749023438 998.613098144531 985.677734375 991.187072753906 991.899841308594 991.164733886719 991.833068847656 983.786926269531 981.702514648438 983.860656738281 981.599365234375 979.060363769531 990.922180175781 992.630554199219 1006.85833740234 1007.50830078125 1008.34320068359 1015.64373779297 1015.21759033203 1017.01776123047 1016.51544189453 1011.72119140625 1012.72052001953 1019.04241943359 1018.05725097656 1018.84436035156 1008.98327636719 1026.72521972656 1032.89538574219 1031.05212402344 1029.63293457031
1011.07580566406 1004.57495117188 1002.44244384766 999.053833007812 1002.04791259766 991.133544921875 992.751403808594 985.818786621094 997.54638671875 1001.34692382812 995.345397949219 995.974670410156 996.848815917969 1002.07904052734 1002.63128662109 1001.57781982422 997.931884765625 994.468078613281 990.276489257812 998.211791992188 995.249084472656 994.803588867188 997.887634277344 999.549438476562 996.438781738281 990.175964355469 986.859313964844 997.322570800781 999.522705078125 1001.32037353516 1013.01080322266 1017.26611328125 1007.76647949219 1013.06665039062 1012.59533691406 1016.97570800781 1009.98638916016 1008.73913574219 1012.16363525391 1022.11004638672 1017.67260742188 1022.45648193359 1028.63049316406 1035.67321777344 1045.01293945312 1048.248046875
999.686096191406 1004.46917724609 998.245971679688 987.386352539062 992.346618652344 993.835571289062 997.510864257812 989.982849121094 990.345092773438 992.169006347656 991.2119140625 986.613342285156 993.072021484375 992.644653320312 1007.48022460938 1007.82952880859 1005.38873291016 994.365905761719 987.920593261719 992.290954589844 996.048278808594 995.510620117188 1000.23052978516 1001.20465087891 997.7724609375 993.992126464844 998.058898925781 1002.50451660156 1000.33660888672 1004.22662353516 1001.44030761719 1018.04443359375 1012.36651611328 1003.40008544922 1008.21435546875 1015.02270507812 1002.86285400391 998.919128417969 1012.80187988281 1018.99157714844 1020.11480712891 1021.4052734375 1033.42443847656 1038.91149902344 1050.12451171875 1059.93676757812
998.659118652344 998.100708007812 991.854187011719 986.2890625 992.193908691406 995.526000976562 992.296936035156 991.383361816406 991.206726074219 987.3310546875 991.817016601562 990.902526855469 994.293579101562 997.473266601562 1001.15710449219 997.021423339844 985.59716796875 987.36669921875 985.678161621094 999.947387695312 1000.34973144531 994.933776855469 1006.44750976562 1005.75317382812 1001.53149414062 1004.40289306641 1003.34588623047 1002.74566650391 1004.056640625 1012.92974853516 1004.43768310547 1017.56213378906 1018.05657958984 1006.11077880859 1003.88409423828 1008.65637207031 1006.35601806641 1008.40631103516 1014.630859375 1026.39904785156 1025.26379394531 1028.46276855469 1023.80426025391 1047.84533691406 1054.66052246094 1062.53845214844
997.524108886719 986.922912597656 989.520446777344 985.932922363281 988.438781738281 995.661743164062 988.451477050781 996.039672851562 992.574951171875 992.267333984375 982.159790039062 989.792114257812 990.189880371094 997.340393066406 999.063598632812 990.8466796875 978.860229492188 990.499328613281 992.191284179688 997.522399902344 995.77880859375 995.400024414062 987.524475097656 998.557189941406 998.754943847656 1000.12322998047 1002.46270751953 1008.07318115234 1006.17755126953 1005.9189453125 1004.81433105469 1010.34051513672 1013.02801513672 1015.69061279297 1009.93432617188 1005.66265869141 1018.15985107422 1018.40148925781 1031.27124023438 1028.47875976562 1026.14013671875 1034.80004882812 1035.63647460938 1045.50146484375 1045.22583007812 1062.74755859375
