data/zlatibor_dem_simulations/DEMsim23.asc
NCOLS 150
NROWS 100
XLLCORNER 7394249
YLLCORNER 4841999
CELLSIZE 30
NODATA_VALUE -9999
[rows 80 to 99 of 100, columns 0 to 45 of 150]
940.637023925781 938.985778808594 947.418090820312 948.163696289062 931.601989746094 937.367553710938 935.481872558594 945.517395019531 961.0205078125 956.102294921875 953.492614746094 956.359252929688 967.211547851562 979.666259765625 975.615234375 972.615844726562 981.927612304688 979.601928710938 976.640014648438 978.810180664062 988.91748046875 985.014892578125 978.533508300781 982.440979003906 981.869079589844 991.470031738281 993.193054199219 1002.91998291016 987.338500976562 977.640502929688 978.679748535156 980.664245605469 988.790710449219 984.5185546875 983.802856445312 982.093627929688 980.194580078125 987.524353027344 982.735778808594 988.007446289062 994.880004882812 1000.9375 1004.21728515625 999.087707519531 1002.01531982422 1007.27191162109
940.269592285156 929.549621582031 943.356567382812 948.285034179688 942.284729003906 940.763488769531 932.149108886719 945.7314453125 957.734008789062 959.064697265625 957.373046875 962.478332519531 970.438171386719 974.152465820312 974.982360839844 975.186218261719 968.155151367188 974.020568847656 978.023986816406 969.402282714844 980.092590332031 978.085693359375 982.225036621094 978.728332519531 986.491882324219 994.335205078125 992.468200683594 988.62548828125 978.488037109375 981.498413085938 979.479614257812 984.671081542969 986.700561523438 978.850036621094 977.972717285156 977.192749023438 987.335266113281 985.390625 985.994506835938 996.501159667969 991.518432617188 1007.48565673828 996.753540039062 987.98486328125 990.148010253906 989.215148925781
943.595336914062 934.128356933594 942.769775390625 951.015869140625 946.450317382812 934.276062011719 941.194396972656 949.896545410156 957.735717773438 961.140502929688 966.417907714844 966.7294921875 966.643859863281 974.491333007812 980.022155761719 971.85302734375 970.766418457031 977.839111328125 975.60693359375 969.086059570312 972.305114746094 963.788635253906 960.740112304688 968.726135253906 974.793334960938 978.2041015625 981.563598632812 973.92041015625 976.055114746094 975.794372558594 973.533081054688 974.277282714844 981.287170410156 985.49951171875 987.834899902344 987.590087890625 989.768249511719 994.745361328125 988.4150390625 1000.53521728516 996.450500488281 1003.40521240234 997.357604980469 984.680297851562 992.239562988281 993.103576660156
943.7119140625 941.408630371094 946.707641601562 941.719604492188 945.740600585938 936.744079589844 945.091857910156 940.196105957031 954.768737792969 953.563415527344 966.079833984375 963.334716796875 968.575378417969 965.439392089844 962.803466796875 962.834167480469 961.511840820312 972.527587890625 964.380310058594 959.473876953125 960.81103515625 966.334899902344 966.488159179688 968.965026855469 972.1494140625 969.380065917969 969.760314941406 968.501220703125 974.294006347656 972.835388183594 977.828002929688 970.041625976562 978.615173339844 979.688171386719 982.246398925781 983.079772949219 983.759460449219 979.292541503906 986.045227050781 989.430786132812 999.108337402344 999.572814941406 994.293518066406 986.338806152344 990.297668457031 989.695495605469
954.573120117188 942.425964355469 933.640686035156 941.769348144531 942.57275390625 942.925048828125 940.416748046875 939.421447753906 949.151489257812 955.289794921875 945.597778320312 957.911071777344 965.134033203125 958.443969726562 956.916320800781 959.079956054688 959.281433105469 961.676879882812 964.366638183594 954.110412597656 959.302612304688 969.894714355469 956.03125 964.208740234375 960.181762695312 965.940979003906 964.903442382812 960.600646972656 966.980163574219 967.9482421875 970.904235839844 970.548217773438 979.09375 980.44140625 977.161193847656 969.399230957031 975.01708984375 977.344421386719 978.057189941406 991.008422851562 984.650573730469 988.943237304688 983.408813476562 982.970092773438 990.752685546875 994.349426269531
958.384521484375 944.507019042969 931.784545898438 939.151733398438 942.554565429688 939.111083984375 944.367858886719 940.680969238281 948.850830078125 955.808776855469 953.986694335938 951.5205078125 954.240356445312 949.417419433594 951.625854492188 953.328857421875 954.476806640625 954.613098144531 959.719360351562 952.814819335938 952.691223144531 954.3330078125 957.849853515625 960.4443359375 955.434020996094 958.581420898438 953.913269042969 954.911865234375 954.632263183594 956.217041015625 964.956970214844 972.538208007812 971.185668945312 975.288513183594 974.535888671875 970.879333496094 971.324157714844 970.636169433594 963.968505859375 972.831848144531 976.875854492188 985.263244628906 985.616516113281 981.475158691406 981.879760742188 991.747009277344
956.135498046875 951.701171875 940.751342773438 935.939147949219 933.539367675781 942.116516113281 934.7578125 939.102783203125 947.578857421875 960.621032714844 959.217407226562 944.208435058594 942.672668457031 951.78955078125 953.58544921875 948.350708007812 951.699890136719 953.640197753906 951.721801757812 959.245422363281 948.342468261719 949.842529296875 958.041687011719 954.263793945312 950.391540527344 959.9365234375 956.712341308594 955.844665527344 953.914367675781 957.595764160156 957.619323730469 968.890563964844 967.532043457031 962.846130371094 963.598876953125 966.387451171875 963.497436523438 968.283264160156 975.295349121094 976.35205078125 980.022521972656 980.9033203125 980.734191894531 978.575744628906 982.609252929688 988.5849609375
960.823181152344 950.710510253906 937.70947265625 941.461059570312 943.500061035156 936.531799316406 940.674865722656 939.248474121094 938.888305664062 949.630249023438 946.068908691406 949.292724609375 945.209167480469 941.618286132812 956.784912109375 955.131713867188 951.329223632812 957.795471191406 953.240234375 956.582275390625 951.62060546875 960.778930664062 961.948669433594 953.219787597656 952.860595703125 966.293884277344 966.899597167969 964.693176269531 960.058532714844 958.18359375 967.882080078125 963.318481445312 970.907775878906 965.774536132812 964.979736328125 966.046142578125 961.017150878906 959.955444335938 969.369079589844 975.181030273438 974.689208984375 972.312194824219 974.795043945312 979.595947265625 986.594848632812 987.826843261719
963.2236328125 959.562194824219 952.465942382812 947.707336425781 951.253784179688 945.137329101562 943.608520507812 941.830444335938 946.667175292969 944.865600585938 946.694702148438 946.385131835938 951.359191894531 949.610900878906 949.364013671875 950.0048828125 958.939819335938 964.827514648438 958.772888183594 963.769897460938 957.636535644531 966.245788574219 963.681579589844 961.519714355469 960.759582519531 961.798767089844 967.152099609375 970.261291503906 968.059753417969 963.399780273438 962.672485351562 961.106628417969 963.095092773438 966.177124023438 975.008483886719 976.656555175781 973.1962890625 972.2490234375 972.207641601562 972.992492675781 971.163757324219 970.490905761719 971.343017578125 971.413879394531 981.523620605469 982.219665527344
968.14599609375 961.000610351562 958.9296875 958.536865234375 946.783569335938 943.604064941406 936.050109863281 944.35888671875 945.455688476562 945.18994140625 949.345703125 944.0546875 950.754638671875 959.74560546875 953.697631835938 955.516296386719 951.228271484375 961.790588378906 958.320922851562 958.341552734375 958.412963867188 965.790588378906 964.805236816406 969.676940917969 970.106079101562 963.161437988281 968.116577148438 963.275939941406 963.024047851562 963.265014648438 950.975646972656 960.187377929688 966.012573242188 966.095581054688 970.374816894531 972.051574707031 978.768432617188 985.171691894531 983.387756347656 974.569213867188 973.318481445312 973.234558105469 967.744445800781 975.329711914062 976.451599121094 985.87744140625
961.836303710938 968.704162597656 961.284606933594 954.071044921875 954.224670410156 942.5234375 947.096618652344 944.85205078125 946.60986328125 942.205383300781 948.538818359375 957.307556152344 962.119018554688 955.695617675781 954.557250976562 944.74169921875 952.581848144531 951.943054199219 961.791076660156 959.300598144531 962.900268554688 958.853454589844 961.227111816406 965.375915527344 963.7470703125 973.042541503906 970.979187011719 961.370849609375 965.814392089844 957.571594238281 960.853332519531 962.133483886719 967.729553222656 965.260620117188 978.325622558594 980.686340332031 981.952026367188 982.677368164062 992.74267578125 986.29296875 980.103210449219 970.213500976562 969.460510253906 970.969970703125 977.21337890625 985.0009765625
970.443786621094 960.120056152344 962.836059570312 950.7880859375 949.296997070312 948.757263183594 948.030700683594 943.669250488281 945.011840820312 949.362426757812 961.23779296875 967.730651855469 973.458679199219 966.704345703125 964.336730957031 951.983154296875 952.674743652344 953.511596679688 958.473571777344 965.790222167969 962.596496582031 961.73828125 959.529479980469 963.00732421875 962.715637207031 966.465393066406 969.8642578125 961.685546875 966.539916992188 960.549560546875 966.727722167969 961.773681640625 965.013366699219 967.589660644531 976.538146972656 983.1904296875 983.581848144531 982.721252441406 976.61474609375 982.107482910156 976.449768066406 976.843444824219 966.375732421875 968.840026855469 976.73046875 975.326293945312
972.862731933594 965.070068359375 957.185546875 957.724182128906 960.681335449219 953.955444335938 953.260986328125 940.361511230469 948.325317382812 949.380493164062 959.865661621094 967.483520507812 979.100891113281 976.8564453125 968.789428710938 967.54150390625 962.758850097656 955.1552734375 958.500427246094 960.880126953125 958.81689453125 961.485961914062 966.958068847656 967.303283691406 950.495971679688 952.737609863281 966.224548339844 960.462036132812 961.931396484375 962.372131347656 965.083618164062 963.563598632812 968.370544433594 965.999328613281 970.546936035156 976.181518554688 981.308776855469 978.921325683594 975.493469238281 973.557006835938 973.613952636719 968.607238769531 967.904541015625 964.029296875 972.623962402344 974.189147949219
962.777526855469 958.488647460938 958.031311035156 960.001647949219 963.028198242188 967.697692871094 966.243957519531 947.806274414062 951.6875 955.157348632812 955.51220703125 968.777526855469 981.018798828125 980.017883300781 972.088195800781 961.961303710938 959.668762207031 958.886474609375 958.566345214844 960.737915039062 960.393676757812 962.833801269531 966.535034179688 968.766662597656 955.666381835938 959.780212402344 960.800964355469 959.150695800781 959.863342285156 961.186767578125 959.639404296875 971.500732421875 967.209167480469 970.037963867188 970.106384277344 975.054077148438 968.476196289062 973.359558105469 967.208557128906 977.657958984375 971.088134765625 972.8076171875 968.56201171875 965.880920410156 972.686950683594 976.5849609375
969.423706054688 962.884094238281 962.263732910156 964.759643554688 959.873107910156 962.052490234375 960.348205566406 955.346496582031 949.370666503906 948.791687011719 957.395568847656 965.683532714844 978.979614257812 979.123474121094 978.380249023438 971.1591796875 969.172973632812 969.320190429688 973.405151367188 968.304992675781 967.743591308594 966.320617675781 973.503967285156 965.180480957031 964.104797363281 961.213134765625 957.962829589844 966.28369140625 965.560424804688 960.965698242188 967.503112792969 969.517333984375 963.725646972656 964.048156738281 966.45263671875 970.483947753906 967.1435546875 979.204040527344 974.330810546875 978.644775390625 977.73095703125 980.639465332031 974.451416015625 971.087646484375 972.929870605469 978.600341796875
977.442016601562 968.335815429688 970.755859375 962.065185546875 960.17236328125 957.849731445312 961.279663085938 953.567443847656 947.272277832031 952.956726074219 957.877624511719 962.844177246094 981.703125 997.10888671875 987.993835449219 985.823974609375 977.684265136719 977.589233398438 974.971557617188 968.65625 970.705505371094 963.856018066406 975.896301269531 979.160095214844 971.216552734375 972.000915527344 964.234924316406 966.227172851562 967.977478027344 962.968688964844 961.712341308594 960.754516601562 961.3779296875 966.703979492188 967.283508300781 963.533935546875 964.357421875 972.706970214844 971.695373535156 974.708374023438 981.407897949219 977.280334472656 975.755126953125 972.703369140625 976.790588378906 975.742858886719
964.332763671875 970.768127441406 963.305114746094 958.586547851562 957.503295898438 950.978759765625 959.987854003906 954.34619140625 949.332397460938 962.998229980469 969.62255859375 975.067199707031 983.166748046875 999.245361328125 998.795776367188 996.339660644531 981.28759765625 974.392700195312 980.012451171875 973.851684570312 970.7158203125 966.847961425781 984.203002929688 982.204162597656 981.529235839844 979.54052734375 965.74560546875 967.036743164062 964.607055664062 965.200744628906 970.33642578125 970.24560546875 961.781555175781 969.654602050781 969.1171875 968.078552246094 974.228515625 973.3759765625 971.480163574219 980.483581542969 980.271850585938 975.811584472656 974.4296875 979.384643554688 981.365844726562 978.953918457031
972.897583007812 969.220886230469 972.923645019531 951.53662109375 952.9912109375 950.938903808594 950.709045410156 953.722778320312 959.219299316406 958.589111328125 955.055297851562 982.587341308594 984.884338378906 1005.74981689453 991.13134765625 986.583312988281 972.428039550781 982.637512207031 979.143249511719 971.752014160156 980.025146484375 973.831909179688 976.145385742188 974.515991210938 970.036193847656 977.72119140625 963.820678710938 971.117797851562 972.91552734375 972.110046386719 976.640930175781 969.868286132812 958.23046875 962.086242675781 971.462341308594 975.804992675781 975.134216308594 979.071960449219 975.364379882812 973.314575195312 980.567626953125 982.188781738281 979.525573730469 984.443237304688 985.634643554688 981.625366210938
967.246337890625 963.931823730469 966.1337890625 958.7841796875 947.039978027344 952.420104980469 951.768493652344 952.776184082031 961.548889160156 965.513793945312 966.792541503906 978.5625 988.082946777344 983.575073242188 984.21435546875 984.190124511719 978.848876953125 990.848815917969 972.226867675781 979.603271484375 989.2958984375 981.721984863281 987.087524414062 978.14990234375 972.585144042969 967.846984863281 961.633117675781 961.669067382812 975.395812988281 972.687377929688 973.698608398438 969.958557128906 960.965393066406 957.943481445312 965.504272460938 977.441223144531 972.276794433594 976.278869628906 974.244995117188 972.258666992188 981.299255371094 981.033142089844 981.063598632812 982.085815429688 972.361511230469 975.469848632812
966.368774414062 964.024658203125 964.617980957031 959.125122070312 953.211791992188 947.688415527344 946.759643554688 958.035034179688 967.721740722656 968.834228515625 972.883178710938 974.480285644531 976.999572753906 974.086791992188 975.39453125 974.647583007812 984.615051269531 982.300231933594 981.069763183594 978.847534179688 983.680419921875 986.08056640625 978.142944335938 977.55126953125 970.140808105469 962.592590332031 962.938659667969 963.291259765625 961.677612304688 970.278259277344 972.587097167969 958.683227539062 960.970886230469 970.121215820312 966.097473144531 974.408142089844 973.916809082031 973.68896484375 968.140869140625 970.341918945312 970.982116699219 972.517028808594 978.908569335938 975.469970703125 970.4326171875 972.246887207031
