data/zlatibor_dem_simulations/DEMsim92 (1).asc
NCOLS 150
NROWS 100
XLLCORNER 7394249
YLLCORNER 4841999
CELLSIZE 30
NODATA_VALUE -9999
[rows 80 to 99 of 100, columns 0 to 45 of 150]
949.01953125 940.574829101562 942.970397949219 939.704711914062 943.169067382812 937.638122558594 941.414367675781 955.77880859375 954.514709472656 964.998474121094 963.52978515625 975.733154296875 966.196960449219 976.703918457031 968.150329589844 968.388549804688 972.795593261719 974.061279296875 960.162475585938 966.109680175781 982.341735839844 982.364868164062 983.821228027344 993.646301269531 993.860168457031 989.846801757812 982.467346191406 976.94091796875 973.118835449219 982.60888671875 979.809020996094 970.80322265625 970.607238769531 974.642028808594 979.897705078125 998.474060058594 997.223388671875 997.317138671875 991.467651367188 992.522033691406 996.089904785156 993.671813964844 996.205871582031 1007.32147216797 1008.53851318359 1005.75335693359
956.588134765625 947.863708496094 950.694274902344 945.215881347656 939.893188476562 932.295715332031 938.488220214844 945.218872070312 950.986145019531 962.214111328125 963.487060546875 971.050231933594 974.249572753906 968.963500976562 965.722839355469 967.489318847656 970.952209472656 974.563537597656 966.849670410156 975.376525878906 971.40283203125 973.223937988281 987.685852050781 986.415893554688 992.497436523438 983.066101074219 974.536315917969 977.217651367188 978.695007324219 977.558288574219 979.837219238281 974.05029296875 968.917724609375 978.560241699219 982.874084472656 995.349609375 997.347900390625 998.693054199219 990.225158691406 989.541259765625 996.033813476562 996.758239746094 995.696105957031 1006.58270263672 1010.62432861328 1009.31146240234
955.482849121094 958.832702636719 948.524230957031 941.330322265625 938.72314453125 940.483764648438 946.985534667969 950.402770996094 958.143493652344 967.746887207031 963.432067871094 975.937744140625 974.727294921875 975.004699707031 968.349243164062 960.679504394531 965.125427246094 969.036193847656 966.663818359375 971.029602050781 969.091247558594 969.0595703125 972.800354003906 975.89990234375 984.246643066406 972.428588867188 968.780456542969 973.941528320312 974.268981933594 976.313537597656 974.671630859375 976.482788085938 969.387817382812 982.700317382812 986.302795410156 981.262939453125 982.045959472656 983.907531738281 984.47265625 983.98486328125 991.013427734375 993.306091308594 998.018371582031 1003.51617431641 1000.83514404297 1003.97290039062
954.040710449219 957.498657226562 950.637573242188 943.447204589844 947.026916503906 953.382568359375 953.978942871094 960.500244140625 964.502075195312 963.349731445312 964.650756835938 964.967468261719 968.691040039062 960.211242675781 964.291259765625 958.234558105469 963.861694335938 966.942626953125 971.536315917969 969.115234375 970.802185058594 958.598205566406 969.892761230469 978.374633789062 977.816833496094 979.566711425781 976.188232421875 964.120178222656 970.850524902344 965.200256347656 976.779907226562 975.355712890625 971.460083007812 975.837036132812 986.218688964844 971.469482421875 982.637756347656 981.610107421875 966.552001953125 981.137756347656 988.147277832031 989.324401855469 993.601684570312 990.749755859375 999.107849121094 1004.79559326172
961.664733886719 960.220092773438 954.967468261719 950.480346679688 949.298034667969 946.583312988281 948.33447265625 955.658142089844 951.179443359375 962.597351074219 962.24853515625 958.478332519531 964.777526855469 958.403015136719 946.189147949219 954.294311523438 959.6328125 959.427368164062 959.11474609375 966.041015625 960.005432128906 959.795043945312 970.964538574219 971.253601074219 965.247741699219 976.325073242188 972.228881835938 966.851806640625 969.795349121094 966.966125488281 969.038757324219 974.48388671875 970.582885742188 968.315246582031 972.936401367188 964.709594726562 973.217529296875 967.576782226562 968.843200683594 978.293823242188 989.913818359375 984.349609375 993.999877929688 992.093322753906 1000.39624023438 997.765686035156
967.553527832031 968.806030273438 957.568969726562 954.907531738281 958.331359863281 945.448669433594 944.088134765625 943.821899414062 948.037841796875 957.098571777344 954.322692871094 960.369445800781 958.055236816406 955.736267089844 949.016479492188 952.474853515625 963.159729003906 955.119201660156 958.738037109375 964.412353515625 955.086242675781 950.034057617188 958.811645507812 963.529235839844 963.540283203125 964.52880859375 957.807373046875 960.8173828125 960.425231933594 971.979125976562 965.363708496094 962.996948242188 964.266174316406 962.564392089844 968.954162597656 971.412231445312 971.541564941406 971.33544921875 978.231994628906 976.069885253906 976.794982910156 984.79541015625 985.209228515625 988.524536132812 990.206115722656 984.305480957031
969.71533203125 975.653930664062 969.646911621094 953.685974121094 953.683898925781 950.068969726562 946.582824707031 940.619750976562 940.052429199219 945.981323242188 951.968566894531 952.756408691406 958.7822265625 954.261657714844 957.608154296875 955.085998535156 953.7080078125 954.921752929688 956.268798828125 960.797790527344 959.31103515625 961.5693359375 960.895812988281 962.102661132812 960.9638671875 958.335754394531 959.753479003906 963.312866210938 965.427734375 957.149780273438 960.582397460938 960.955017089844 958.684265136719 962.564636230469 968.878356933594 969.600158691406 965.734191894531 973.757690429688 973.7041015625 973.235656738281 980.045043945312 978.176147460938 984.726440429688 983.07763671875 995.913146972656 984.371215820312
984.925720214844 965.560607910156 964.624450683594 953.520324707031 946.066223144531 947.077026367188 943.505554199219 948.6083984375 947.165832519531 942.689819335938 943.421875 952.374450683594 951.644653320312 958.617248535156 953.027709960938 954.183166503906 955.276550292969 958.727722167969 963.751953125 960.731323242188 964.411071777344 965.1259765625 955.489318847656 959.42041015625 957.025695800781 966.75732421875 963.703308105469 962.3896484375 954.088806152344 963.968078613281 958.668395996094 955.968872070312 956.750122070312 957.446411132812 959.130249023438 965.416625976562 961.457824707031 963.689331054688 971.78369140625 967.961975097656 969.341003417969 978.818786621094 986.372192382812 989.787170410156 991.723327636719 990.388000488281
976.00341796875 967.278015136719 955.215637207031 944.0859375 937.611145019531 942.782470703125 936.548828125 940.376403808594 942.785278320312 943.565551757812 943.145874023438 945.427307128906 944.248718261719 951.134765625 950.39599609375 954.379516601562 959.112243652344 966.612854003906 963.676330566406 963.427307128906 963.670471191406 965.560424804688 957.866333007812 955.455017089844 968.067810058594 958.30419921875 969.994323730469 966.886901855469 963.12939453125 960.620788574219 963.716247558594 949.419128417969 952.957458496094 959.769348144531 963.007934570312 968.170227050781 965.143310546875 974.075012207031 967.335327148438 965.333251953125 965.044372558594 966.651672363281 975.201477050781 979.21533203125 986.073608398438 989.615112304688
975.218200683594 963.4208984375 955.028747558594 943.068542480469 937.264770507812 946.389526367188 935.505187988281 933.08154296875 939.419372558594 947.814270019531 949.128356933594 954.817687988281 953.949279785156 950.110778808594 947.109680175781 957.7685546875 963.704467773438 961.110046386719 969.902465820312 965.724670410156 965.958129882812 963.329650878906 970.866455078125 960.798950195312 967.903137207031 958.945251464844 970.214416503906 972.56982421875 967.285766601562 963.498474121094 962.394836425781 960.558837890625 960.197875976562 973.131774902344 970.4404296875 971.063781738281 971.491027832031 974.868286132812 974.999267578125 970.283630371094 966.197570800781 971.73193359375 974.702331542969 974.464660644531 982.909484863281 984.588012695312
970.685668945312 960.133911132812 946.803100585938 934.160949707031 943.734680175781 937.1640625 936.752990722656 937.032409667969 942.900817871094 940.720458984375 944.731994628906 952.084106445312 963.477844238281 963.153991699219 958.613830566406 954.666259765625 958.578491210938 973.305541992188 967.962341308594 974.021179199219 969.132202148438 968.7373046875 969.68310546875 968.793090820312 960.677978515625 958.2939453125 964.391235351562 968.332092285156 968.796264648438 967.693481445312 967.2548828125 965.317077636719 966.972412109375 973.271850585938 975.371520996094 983.654602050781 984.837585449219 973.410888671875 964.320983886719 965.598449707031 966.735961914062 966.273193359375 967.734680175781 970.012512207031 971.62841796875 980.710083007812
975.137451171875 962.568359375 950.092712402344 941.549072265625 936.378601074219 935.261291503906 932.524353027344 941.814086914062 939.167602539062 943.272644042969 956.152587890625 958.509338378906 967.103576660156 971.052856445312 969.561645507812 960.414245605469 966.419738769531 974.446716308594 968.0771484375 968.869750976562 961.675659179688 955.560729980469 967.03662109375 967.5068359375 958.528625488281 954.802062988281 957.828186035156 962.948974609375 960.930053710938 967.389709472656 966.481689453125 969.991394042969 963.712646484375 969.397705078125 978.25 979.100402832031 981.917846679688 978.323669433594 974.325561523438 963.941528320312 962.005493164062 962.951354980469 966.719787597656 966.947875976562 973.35693359375 976.899475097656
971.590148925781 958.920532226562 963.258911132812 950.182739257812 943.057189941406 934.938598632812 937.473876953125 935.157775878906 937.423034667969 946.024597167969 949.789367675781 953.481689453125 954.955688476562 968.900146484375 969.728820800781 967.988830566406 966.351257324219 976.743591308594 971.575256347656 972.453735351562 958.576599121094 962.367919921875 962.418395996094 967.245422363281 964.490661621094 965.778686523438 955.858154296875 960.452819824219 955.283752441406 961.776611328125 976.410583496094 963.306884765625 963.234069824219 971.6005859375 972.978942871094 976.401672363281 971.454345703125 978.952880859375 972.451843261719 968.549987792969 970.246643066406 974.114501953125 969.602905273438 970.817321777344 970.86376953125 971.927734375
971.437561035156 971.459655761719 963.113403320312 963.378784179688 954.386169433594 941.142761230469 936.406188964844 928.544616699219 937.032104492188 937.801574707031 942.362854003906 956.336181640625 954.594543457031 969.195251464844 973.60546875 981.444702148438 973.039184570312 972.993896484375 973.671081542969 970.048706054688 976.0849609375 968.552551269531 973.509033203125 967.632934570312 960.59130859375 967.3076171875 963.675354003906 964.828674316406 964.633422851562 963.16015625 975.427856445312 974.97998046875 977.513061523438 968.783935546875 970.5869140625 975.85791015625 969.348022460938 974.449584960938 968.063110351562 975.60302734375 975.740539550781 975.122863769531 974.951843261719 976.964233398438 969.565490722656 975.713623046875
969.115844726562 959.520690917969 960.308776855469 958.252014160156 954.482788085938 936.116638183594 935.187866210938 928.076782226562 936.70166015625 944.453369140625 950.134887695312 961.297424316406 963.630187988281 970.137145996094 975.688232421875 979.462829589844 977.492248535156 969.612976074219 974.209777832031 970.508972167969 968.570373535156 980.884887695312 965.1728515625 975.919921875 976.689147949219 970.120483398438 971.226013183594 966.447021484375 967.745788574219 968.6435546875 974.82080078125 977.176818847656 975.224975585938 966.118469238281 972.052795410156 972.291381835938 976.182250976562 978.034729003906 977.621154785156 979.044982910156 970.990295410156 975.38818359375 978.815673828125 973.845458984375 967.570373535156 972.484069824219
964.796264648438 959.359313964844 969.55224609375 959.992614746094 944.011413574219 933.157348632812 934.985534667969 935.578308105469 937.790100097656 948.923950195312 956.416076660156 972.599243164062 966.693908691406 978.204467773438 978.549621582031 989.69970703125 982.777465820312 974.276611328125 979.158020019531 976.442321777344 969.038330078125 964.888427734375 966.187133789062 965.789123535156 967.1728515625 965.496704101562 968.608215332031 973.217407226562 967.187927246094 965.288879394531 963.491638183594 966.823303222656 972.904907226562 962.602905273438 975.507019042969 972.758544921875 976.78369140625 972.740112304688 975.316772460938 974.885681152344 978.903930664062 978.266174316406 985.578125 977.971008300781 971.842163085938 967.364379882812
976.148010253906 971.3359375 961.000122070312 955.525512695312 943.104431152344 935.654541015625 941.686828613281 945.6875 943.416870117188 962.706359863281 962.952697753906 967.381896972656 972.587158203125 977.751708984375 979.969055175781 991.701232910156 980.68359375 971.527587890625 973.803039550781 976.856689453125 967.299438476562 976.301574707031 970.573669433594 970.432434082031 970.999755859375 973.485595703125 975.515441894531 969.553039550781 970.731262207031 962.386779785156 971.189880371094 966.4111328125 966.413391113281 965.882690429688 967.894592285156 977.627258300781 981.708068847656 975.633239746094 980.833435058594 977.456909179688 985.534545898438 987.614624023438 975.792236328125 983.447631835938 983.640625 977.821655273438
970.877258300781 970.643310546875 961.179138183594 959.264892578125 952.476257324219 948.705810546875 945.676025390625 942.194213867188 947.545959472656 961.370056152344 971.755493164062 971.2734375 972.232116699219 980.923645019531 989.426879882812 987.587829589844 981.030639648438 969.855224609375 974.766845703125 969.962341308594 979.916015625 971.484008789062 972.632507324219 979.363403320312 978.671508789062 972.612609863281 970.658447265625 974.686950683594 976.659729003906 983.982666015625 975.121215820312 965.441833496094 967.94384765625 967.690368652344 966.267517089844 973.445495605469 970.91357421875 981.753662109375 979.117797851562 985.230102539062 982.459228515625 979.595703125 981.205200195312 978.860778808594 982.019226074219 973.169128417969
968.828552246094 963.865600585938 959.829956054688 952.938781738281 940.899353027344 947.718505859375 946.436401367188 947.578063964844 953.555786132812 960.691284179688 965.663208007812 973.737182617188 974.7373046875 983.464965820312 980.174194335938 981.586547851562 979.578186035156 979.578796386719 975.84375 980.654968261719 983.190612792969 978.087158203125 976.67041015625 977.730163574219 983.2421875 974.174133300781 969.407836914062 978.022705078125 983.718017578125 980.566833496094 975.227355957031 968.663146972656 971.455505371094 968.470397949219 966.703247070312 975.471069335938 979.465209960938 987.679626464844 984.020751953125 982.852722167969 980.658874511719 986.491943359375 983.613220214844 979.571594238281 972.150268554688 981.876953125
969.248474121094 966.230834960938 954.307922363281 951.180053710938 936.286865234375 942.648071289062 952.656311035156 943.116333007812 950.048950195312 961.170654296875 962.224792480469 975.270690917969 975.45556640625 978.963317871094 979.474792480469 977.559204101562 982.252746582031 980.770202636719 983.328125 983.490661621094 983.261413574219 984.785949707031 982.482421875 981.620727539062 978.311950683594 968.057983398438 974.569885253906 976.117553710938 967.683898925781 973.304077148438 968.592590332031 973.678894042969 974.758728027344 978.46240234375 981.69873046875 983.481201171875 984.649780273438 985.135620117188 985.257873535156 981.090209960938 980.669555664062 977.125366210938 981.738403320312 980.958374023438 972.310241699219 992.014770507812
