data/zlatibor_dem_simulations/DEMsim100.asc
NCOLS 150
NROWS 100
XLLCORNER 7394249
YLLCORNER 4841999
CELLSIZE 30
NODATA_VALUE -9999
[rows 60 to 79 of 100, columns 92 to 137 of 150]
979.334167480469 974.588439941406 968.604370117188 964.080688476562 973.047729492188 979.655822753906 977.6416015625 976.208312988281 972.194580078125 979.336059570312 979.154846191406 973.426818847656 969.933166503906 973.116271972656 972.022521972656 991.229736328125 999.858520507812 998.479248046875 999.971984863281 1004.40576171875 1011.15686035156 1006.45452880859 999.839233398438 1003.48065185547 1002.23889160156 1005.78405761719 1005.3115234375 1005.10614013672 1005.65582275391 1004.85601806641 1005.69274902344 1010.87805175781 1014.55731201172 1014.62640380859 1030.8427734375 1017.65789794922 1031.48315429688 1041.95739746094 1046.70703125 1051.32287597656 1044.73266601562 1042.3251953125 1046.74755859375 1048.61474609375 1048.5478515625 1048.9599609375
973.78564453125 966.037719726562 965.338562011719 966.946899414062 965.17919921875 973.725219726562 979.681762695312 970.893676757812 972.015930175781 979.989196777344 988.392028808594 988.088073730469 984.902709960938 980.462585449219 977.068908691406 993.083190917969 994.771484375 995.750183105469 992.64208984375 1006.68804931641 1007.16448974609 999.095092773438 1000.11102294922 999.112365722656 1014.74407958984 1015.26257324219 1019.53643798828 1014.62261962891 1022.69561767578 1011.43017578125 1000.53619384766 1011.16485595703 1010.93499755859 1019.59704589844 1015.21771240234 1016.49572753906 1033.56872558594 1048.55249023438 1046.79858398438 1046.89013671875 1047.88647460938 1050.32092285156 1050.142578125 1051.93884277344 1041.45617675781 1047.94116210938
969.857360839844 971.041198730469 975.310363769531 973.53125 975.123962402344 976.769409179688 982.510192871094 978.694458007812 975.814270019531 977.019287109375 982.575256347656 984.200317382812 988.797241210938 985.440124511719 990.874084472656 982.890869140625 996.680358886719 1000.21844482422 1003.81201171875 1009.33764648438 1004.12609863281 1003.13806152344 1000.15063476562 998.476379394531 1010.65020751953 1019.05688476562 1024.88073730469 1014.28314208984 1021.85223388672 1013.42376708984 1015.76177978516 1012.26031494141 1010.4658203125 1013.04870605469 1013.18341064453 1018.84991455078 1028.17358398438 1038.26452636719 1040.29406738281 1043.76672363281 1052.56213378906 1043.9267578125 1040.92114257812 1040.3505859375 1035.51196289062 1041.02331542969
971.01904296875 975.793090820312 978.959655761719 971.085571289062 968.328308105469 972.52978515625 987.881103515625 987.2646484375 985.923767089844 988.560852050781 988.434326171875 985.213623046875 990.394714355469 981.955200195312 982.006652832031 979.743225097656 992.785766601562 1001.3125 1006.29425048828 1012.02935791016 1005.29522705078 999.932739257812 1006.43005371094 1012.96032714844 1014.90594482422 1017.79400634766 1017.15209960938 1012.84246826172 1004.04614257812 1011.76348876953 1016.88165283203 1013.15057373047 1011.19158935547 1015.31518554688 1024.17395019531 1019.39288330078 1021.431640625 1035.59533691406 1034.18811035156 1047.93505859375 1045.828125 1041.80383300781 1040.17126464844 1037.37939453125 1039.45202636719 1040.50451660156
972.690612792969 976.758239746094 979.072509765625 973.580749511719 975.782104492188 986.23876953125 986.91162109375 984.630432128906 987.195190429688 997.129638671875 989.038208007812 981.375610351562 981.167785644531 978.907897949219 970.378173828125 981.150512695312 987.819519042969 1003.34899902344 1015.49444580078 1013.28051757812 1011.85467529297 1004.47283935547 1012.33978271484 1020.79827880859 1027.31005859375 1014.50152587891 1020.64141845703 1011.95825195312 1008.48565673828 1012.28503417969 1021.76898193359 1019.36645507812 1015.66522216797 1022.01782226562 1030.45715332031 1025.13757324219 1021.08636474609 1024.77099609375 1034.48205566406 1035.8701171875 1037.37463378906 1032.72863769531 1037.83544921875 1042.38110351562 1038.48449707031 1033.37109375
973.846923828125 970.101928710938 975.289489746094 981.018676757812 987.740966796875 991.752380371094 992.452331542969 990.988159179688 992.225708007812 1002.54473876953 992.906311035156 983.04736328125 984.50537109375 985.160827636719 983.406311035156 984.6181640625 996.861633300781 1009.86413574219 1010.10418701172 1020.80584716797 1016.21478271484 1019.9384765625 1009.01068115234 1017.22357177734 1026.30078125 1022.15100097656 1029.11315917969 1021.53979492188 1024.66906738281 1021.80157470703 1031.44030761719 1023.57843017578 1013.8046875 1019.56536865234 1029.4736328125 1021.70642089844 1023.84997558594 1028.73864746094 1024.640625 1028.82495117188 1019.45379638672 1023.17828369141 1032.16235351562 1038.24719238281 1037.57751464844 1031.24255371094
973.505920410156 973.1611328125 985.53369140625 985.051086425781 982.794067382812 987.16650390625 1002.25653076172 989.281127929688 993.927795410156 996.588256835938 997.8125 986.463745117188 982.651245117188 987.315612792969 992.845397949219 991.426208496094 1000.75445556641 1019.46795654297 1017.28436279297 1014.44549560547 1019.75134277344 1009.52581787109 1005.22418212891 1018.39892578125 1021.36590576172 1031.56701660156 1025.23852539062 1025.37585449219 1032.47766113281 1029.89538574219 1040.82897949219 1032.59704589844 1022.80914306641 1020.61828613281 1023.39349365234 1030.9072265625 1034.6533203125 1027.46984863281 1018.27893066406 1027.88073730469 1013.02783203125 1023.8447265625 1031.08349609375 1037.59997558594 1028.14880371094 1025.79553222656
965.578430175781 978.696533203125 985.728088378906 983.333190917969 989.08056640625 996.897033691406 991.9150390625 989.44384765625 997.188842773438 993.676818847656 992.526000976562 984.6474609375 985.9287109375 995.247497558594 995.272644042969 1000.37219238281 1005.12823486328 1010.97918701172 1006.92120361328 1014.44799804688 1017.94122314453 1008.24853515625 1007.18957519531 1020.81787109375 1018.43359375 1036.56396484375 1036.88500976562 1030.07153320312 1035.11450195312 1035.92883300781 1038.8974609375 1034.93298339844 1022.68035888672 1022.61560058594 1021.99951171875 1019.16186523438 1038.23095703125 1034.27014160156 1024.39794921875 1023.64080810547 1024.828125 1013.32025146484 1030.35571289062 1024.173828125 1029.5234375 1024.03491210938
974.497863769531 987.626831054688 985.650085449219 986.542846679688 991.307495117188 1000.28240966797 996.17138671875 995.715698242188 997.312316894531 1000.51177978516 1000.55810546875 1000.22076416016 991.530883789062 993.727111816406 998.3115234375 1004.24407958984 1003.54425048828 1002.6826171875 1004.63555908203 1008.85119628906 1007.23028564453 1002.58972167969 1010.99285888672 1016.97595214844 1018.38354492188 1037.109375 1041.21704101562 1043.41748046875 1044.42565917969 1047.96728515625 1038.31213378906 1039.41540527344 1031.65686035156 1022.71118164062 1020.54266357422 1025.92749023438 1033.36279296875 1017.69122314453 1024.48400878906 1023.40698242188 1022.13336181641 1021.11712646484 1029.17297363281 1026.82727050781 1013.59411621094 1015.5224609375
977.319213867188 992.983032226562 990.361511230469 993.939270019531 992.527893066406 997.198608398438 1002.13842773438 995.382995605469 1001.14855957031 993.153869628906 999.360656738281 992.420532226562 995.798583984375 998.364074707031 1004.65295410156 1009.97491455078 1012.13781738281 1012.75360107422 1005.40777587891 1015.18975830078 1010.07824707031 1002.6982421875 1012.52996826172 1019.45770263672 1031.34191894531 1039.85534667969 1046.16296386719 1043.87878417969 1051.48840332031 1050.01123046875 1045.02722167969 1042.63293457031 1038.64184570312 1022.29766845703 1031.44213867188 1031.08532714844 1021.50543212891 1029.11840820312 1023.76184082031 1024.45629882812 1018.15118408203 1019.52160644531 1026.72790527344 1026.78698730469 1022.96716308594 1017.65380859375
984.649047851562 988.500183105469 987.348449707031 986.740966796875 983.917053222656 1000.10894775391 1003.21624755859 1001.23260498047 1002.98388671875 1000.22515869141 998.123657226562 999.470703125 991.086730957031 990.713195800781 997.157653808594 999.485412597656 1005.86956787109 1013.03393554688 1008.84368896484 1010.84759521484 1013.51611328125 1018.96258544922 1017.31097412109 1024.83435058594 1026.79089355469 1034.412109375 1034.46984863281 1050.92553710938 1052.39294433594 1045.09826660156 1050.32067871094 1045.4248046875 1024.38940429688 1017.86950683594 1017.58685302734 1024.74768066406 1014.96264648438 1022.98944091797 1019.7255859375 1015.53405761719 1020.87927246094 1023.65069580078 1023.6923828125 1018.24884033203 1019.02917480469 1024.7353515625
984.890869140625 981.535888671875 986.3212890625 986.256713867188 998.477905273438 1001.92858886719 1006.60919189453 1002.75109863281 1010.41857910156 1004.38354492188 1006.43597412109 1003.48712158203 1007.30029296875 999.4521484375 997.536865234375 1000.81414794922 1012.46087646484 1007.86590576172 1005.423828125 1017.58856201172 1025.44458007812 1026.31042480469 1025.56408691406 1028.96435546875 1032.07421875 1040.63427734375 1042.16430664062 1047.12744140625 1051.04138183594 1038.04638671875 1037.82751464844 1031.55627441406 1030.47839355469 1018.33862304688 1023.25970458984 1010.43658447266 1013.09161376953 1006.09777832031 1008.33044433594 1006.11334228516 1010.01257324219 1010.64990234375 1017.07489013672 1016.55883789062 1006.16290283203 1022.77105712891
985.159301757812 990.337463378906 985.485717773438 988.986877441406 992.524780273438 998.219787597656 998.442687988281 1007.24481201172 1008.18115234375 1007.60510253906 1008.09350585938 999.731567382812 1004.03839111328 991.862182617188 995.212036132812 1009.11895751953 1009.63299560547 1007.31781005859 1015.43347167969 1030.48974609375 1030.708984375 1036.53784179688 1024.53820800781 1031.34777832031 1033.71704101562 1038.27978515625 1024.8193359375 1034.72741699219 1034.68725585938 1028.36242675781 1029.94714355469 1028.09045410156 1028.79736328125 1023.04956054688 1013.67169189453 1009.86065673828 1001.14123535156 993.977478027344 998.050903320312 997.662170410156 999.438293457031 1009.63977050781 1004.00091552734 1013.31317138672 1016.13421630859 1014.16082763672
986.533996582031 983.203308105469 983.708862304688 987.000305175781 994.351501464844 1000.25799560547 1003.37359619141 1010.37823486328 1014.18493652344 1009.57806396484 1005.48406982422 1005.541015625 1002.36474609375 992.012817382812 993.864318847656 1001.85632324219 1004.14758300781 1012.11712646484 1016.77734375 1032.77502441406 1036.21704101562 1035.634765625 1043.16186523438 1033.37158203125 1029.01245117188 1020.70257568359 1020.21960449219 1018.02252197266 1027.9814453125 1023.85095214844 1012.64190673828 1015.95184326172 1018.41979980469 1017.88000488281 1016.64154052734 1012.65441894531 1005.00213623047 1000.17993164062 1001.173828125 999.124206542969 1006.24517822266 999.569580078125 1003.00427246094 1013.56030273438 1016.30670166016 1016.44757080078
980.955810546875 985.321105957031 986.565979003906 991.344482421875 997.222595214844 999.706176757812 1003.39575195312 1016.79638671875 1020.11059570312 1020.74133300781 1007.01904296875 1005.01666259766 1012.91448974609 1000.51428222656 999.81689453125 1011.51245117188 1008.71728515625 1010.82763671875 1016.234375 1030.09594726562 1034.35729980469 1039.28369140625 1036.23718261719 1038.00903320312 1028.05688476562 1019.33056640625 1011.58392333984 1015.85638427734 1013.26257324219 1021.66052246094 1020.478515625 1016.54602050781 1018.88659667969 1014.16619873047 1010.06646728516 1012.14324951172 1002.53741455078 1006.47595214844 998.809997558594 995.036682128906 996.966003417969 999.354248046875 1004.63012695312 1015.57385253906 1015.86169433594 1016.91467285156
985.793273925781 995.054931640625 992.846252441406 994.257507324219 997.527709960938 994.98095703125 1003.90539550781 1009.63995361328 1016.58453369141 1013.17712402344 1009.64166259766 1015.49664306641 1013.18383789062 1007.90850830078 1005.80493164062 1012.28430175781 1009.16857910156 1010.74163818359 1015.63690185547 1026.67639160156 1037.091796875 1043.36584472656 1033.01586914062 1030.60375976562 1031.82971191406 1017.51751708984 1017.03948974609 1013.83581542969 1009.45153808594 1014.23986816406 1022.67883300781 1020.68249511719 1022.14782714844 1017.69476318359 1013.87005615234 1011.35070800781 1003.29565429688 1003.76055908203 1002.52880859375 1003.01806640625 990.006896972656 993.977294921875 1006.7705078125 1005.77532958984 1021.16351318359 1016.57885742188
987.392578125 991.827880859375 989.769897460938 998.144409179688 1000.39343261719 998.077758789062 1003.98004150391 1002.96722412109 1012.876953125 1013.07574462891 1012.86364746094 1015.70111083984 1010.05151367188 1006.98022460938 1003.71350097656 1007.92901611328 1011.96527099609 1017.19464111328 1020.01739501953 1027.70861816406 1037.18530273438 1039.7861328125 1029.49438476562 1033.32348632812 1031.71936035156 1018.54626464844 1018.51409912109 1018.64916992188 1011.25915527344 1006.29840087891 1015.10070800781 1006.25189208984 1016.13903808594 1016.75604248047 1012.02160644531 1014.13470458984 1005.63397216797 1007.24517822266 1002.59295654297 995.37841796875 996.603637695312 1002.91534423828 1001.98327636719 1010.29956054688 1019.90594482422 1018.52325439453
987.200744628906 987.100219726562 998.626098632812 999.944152832031 1002.44470214844 998.427795410156 999.481018066406 1010.67291259766 1007.50067138672 1014.74493408203 1006.2587890625 1008.30950927734 1004.81231689453 1012.46612548828 1006.07843017578 1009.07507324219 1015.36212158203 1020.96270751953 1021.39050292969 1036.22705078125 1033.61669921875 1036.28405761719 1029.75354003906 1032.7373046875 1029.2275390625 1028.01086425781 1025.18859863281 1022.90905761719 1007.05999755859 1007.67498779297 1006.12548828125 1006.19738769531 1015.48394775391 1010.08288574219 1009.97570800781 1005.50030517578 1007.62518310547 1002.80712890625 1001.99060058594 993.990600585938 997.410583496094 1005.46643066406 1005.20678710938 1009.06701660156 1013.02972412109 1011.25714111328
993.697570800781 981.881896972656 985.564697265625 997.182067871094 999.308959960938 1003.31170654297 1001.84289550781 999.066772460938 1011.60009765625 1008.39300537109 1003.69323730469 1003.23205566406 1005.9541015625 1013.69604492188 1015.52642822266 1012.97424316406 1017.40747070312 1012.99395751953 1023.16235351562 1024.01928710938 1038.1728515625 1033.787109375 1030.92456054688 1033.97583007812 1038.37170410156 1030.56494140625 1032.61389160156 1023.28851318359 1010.26080322266 1010.56237792969 1009.41882324219 1021.71820068359 1017.46142578125 1006.01165771484 1004.43328857422 1001.08154296875 1010.30749511719 1001.5849609375 994.68701171875 994.228332519531 997.892883300781 1000.09289550781 999.968994140625 997.491943359375 1004.73815917969 1003.30682373047
986.935424804688 983.402465820312 990.552001953125 996.437255859375 993.284118652344 1004.52160644531 1008.82580566406 1014.08825683594 1009.85510253906 1008.96954345703 1007.92517089844 1007.77850341797 1007.09857177734 1012.24536132812 1016.34741210938 1023.07470703125 1019.10467529297 1020.96875 1027.74035644531 1038.05810546875 1037.23327636719 1036.2021484375 1044.42199707031 1039.22387695312 1040.38500976562 1040.17761230469 1040.90515136719 1035.08520507812 1016.15924072266 1001.12353515625 1013.46142578125 1015.52239990234 1008.63067626953 1006.36145019531 1000.51000976562 1006.91973876953 1008.53649902344 1000.92858886719 996.315368652344 994.014343261719 991.894958496094 995.582397460938 998.77490234375 998.585632324219 996.978332519531 999.490051269531
