data/zlatibor_dem_simulations/DEMsim11.asc
NCOLS 150
NROWS 100
XLLCORNER 7394249
YLLCORNER 4841999
CELLSIZE 30
NODATA_VALUE -9999
[rows 40 to 59 of 100, columns 46 to 91 of 150]
985.018432617188 973.5712890625 969.809387207031 976.93896484375 975.895568847656 974.665954589844 978.825073242188 974.746704101562 971.166809082031 965.937622070312 962.682373046875 968.201782226562 970.255187988281 971.765930175781 977.9599609375 980.185485839844 986.573608398438 981.769348144531 991.871276855469 988.781188964844 975.844848632812 976.478942871094 969.734252929688 971.894470214844 960.946533203125 951.991943359375 962.918151855469 964.487060546875 966.157165527344 966.930297851562 971.752502441406 970.204528808594 973.616516113281 971.353759765625 985.525817871094 984.5517578125 981.232666015625 985.336364746094 989.376770019531 1001.52203369141 1000.65173339844 995.839782714844 991.528503417969 996.67236328125 993.3828125 999.872375488281
974.500915527344 965.581115722656 966.699768066406 976.451477050781 972.326110839844 967.305908203125 978.326232910156 973.077880859375 960.605651855469 968.224243164062 967.09814453125 967.3662109375 965.517883300781 965.520751953125 976.177856445312 978.937561035156 981.887084960938 981.521423339844 986.255859375 983.841491699219 974.889099121094 967.209106445312 965.952575683594 972.08740234375 958.669860839844 966.370666503906 967.467895507812 970.592529296875 968.780212402344 963.340087890625 968.755676269531 972.4931640625 975.624206542969 980.344482421875 990.206359863281 992.411437988281 980.874450683594 976.02099609375 983.913269042969 996.997192382812 994.252258300781 990.634399414062 991.320922851562 995.0478515625 1000.92895507812 991.993225097656
969.00390625 971.839599609375 976.329528808594 978.550415039062 972.572998046875 964.909484863281 978.594421386719 976.483642578125 966.925231933594 962.4052734375 967.279113769531 976.849914550781 972.216003417969 965.441955566406 969.873779296875 975.482360839844 973.92724609375 979.708374023438 981.931518554688 976.658630371094 978.456237792969 961.810485839844 968.432067871094 964.265747070312 963.510314941406 960.127319335938 964.626586914062 972.204772949219 967.233703613281 968.747497558594 972.21435546875 972.517883300781 975.2822265625 981.5009765625 985.495239257812 987.8251953125 978.117065429688 977.517700195312 981.128540039062 991.446655273438 993.841613769531 992.837341308594 985.338134765625 988.056396484375 991.676025390625 983.966247558594
965.796325683594 967.905334472656 974.319396972656 972.846984863281 974.516906738281 969.216552734375 975.703491210938 969.637878417969 967.320068359375 968.439331054688 967.630676269531 976.761596679688 972.38818359375 968.962280273438 976.137939453125 974.360656738281 966.419311523438 968.675537109375 978.368713378906 977.814758300781 971.363098144531 972.42919921875 972.926330566406 973.184936523438 959.177795410156 955.158752441406 965.324951171875 972.060363769531 961.36474609375 972.767028808594 967.33984375 974.919921875 977.506286621094 972.521911621094 975.653198242188 972.201904296875 976.761474609375 976.313415527344 982.339904785156 993.323120117188 989.967651367188 989.619689941406 982.667297363281 984.49462890625 987.890380859375 985.957946777344
970.190490722656 962.468139648438 973.426086425781 971.056396484375 968.26025390625 964.185485839844 966.965270996094 972.243530273438 972.802490234375 964.0234375 967.870300292969 964.95263671875 970.139587402344 966.930847167969 968.719055175781 978.219970703125 978.301452636719 975.935974121094 976.6953125 980.036743164062 977.529296875 975.09521484375 972.971435546875 971.706787109375 960.066650390625 959.358276367188 960.753662109375 966.949340820312 966.993957519531 966.664794921875 975.266052246094 974.646118164062 973.604309082031 979.494567871094 977.942626953125 971.880859375 976.928527832031 979.659362792969 980.948974609375 990.791076660156 989.505920410156 980.189575195312 978.403015136719 979.910461425781 984.439392089844 991.904235839844
961.069763183594 966.848815917969 958.048950195312 970.157409667969 973.951477050781 963.63623046875 967.32080078125 960.743591308594 959.137390136719 958.793762207031 958.011535644531 963.4619140625 954.711547851562 962.800170898438 959.995178222656 973.861877441406 976.80322265625 971.665832519531 976.194030761719 968.660705566406 975.599243164062 967.455627441406 966.524719238281 971.823669433594 972.168701171875 970.197265625 958.9013671875 958.917724609375 968.236022949219 967.987854003906 969.19189453125 970.815124511719 968.604797363281 978.819274902344 980.072814941406 970.123229980469 974.0107421875 974.927001953125 986.151977539062 989.053466796875 985.799926757812 981.871459960938 975.644592285156 975.905822753906 980.114501953125 982.186462402344
962.432434082031 969.295349121094 966.365844726562 967.984252929688 968.420349121094 975.072265625 964.847290039062 962.07177734375 951.098754882812 961.589782714844 964.392395019531 967.447631835938 965.321105957031 964.807739257812 961.034545898438 971.438842773438 973.448791503906 967.979370117188 964.23291015625 968.927612304688 970.6201171875 970.259826660156 964.294921875 969.170654296875 963.1796875 963.405212402344 964.71826171875 963.363464355469 964.146728515625 973.135864257812 975.808654785156 975.098449707031 975.278747558594 971.267150878906 973.896728515625 976.222045898438 968.175476074219 982.322875976562 984.467102050781 981.771484375 981.415832519531 978.057250976562 979.380676269531 983.751525878906 980.057739257812 978.44677734375
972.855224609375 969.569213867188 966.533203125 961.077331542969 967.140930175781 962.319946289062 964.0263671875 966.005187988281 959.594299316406 966.695739746094 963.551452636719 967.154174804688 968.312255859375 975.460571289062 968.288391113281 972.878356933594 969.800170898438 969.3984375 970.896301269531 970.213012695312 971.188354492188 971.794494628906 956.3857421875 962.487182617188 965.172119140625 967.470275878906 960.895385742188 957.5390625 957.494018554688 968.975036621094 971.354797363281 974.955810546875 976.741943359375 964.753723144531 965.132934570312 982.259704589844 969.362915039062 980.786376953125 976.708068847656 975.479553222656 965.132629394531 972.307556152344 979.540283203125 976.750732421875 975.177429199219 973.8544921875
966.9921875 969.287719726562 962.629516601562 963.169799804688 966.040344238281 960.748413085938 967.695068359375 974.216369628906 958.07275390625 963.457702636719 961.215026855469 965.907348632812 963.953430175781 965.170837402344 965.815307617188 965.902404785156 967.942138671875 962.163818359375 958.616821289062 961.130676269531 967.363952636719 964.430053710938 963.0947265625 962.019897460938 963.697143554688 962.755981445312 956.817810058594 963.089538574219 958.517517089844 968.312438964844 970.926147460938 981.815490722656 977.725769042969 970.424743652344 966.467651367188 973.5859375 970.155517578125 974.915893554688 979.3330078125 973.917663574219 963.496215820312 965.591979980469 974.934326171875 979.096923828125 982.374389648438 980.710754394531
965.184814453125 968.144348144531 966.496459960938 968.826782226562 965.420715332031 968.398559570312 970.505432128906 965.184020996094 965.742309570312 968.498168945312 966.206176757812 964.982727050781 964.295227050781 959.073303222656 967.529724121094 970.674865722656 963.489379882812 957.204162597656 953.115783691406 950.592407226562 962.122619628906 961.183227539062 957.359497070312 962.95361328125 961.550659179688 962.905822753906 964.39697265625 964.129821777344 963.49609375 967.6572265625 970.240356445312 979.810363769531 979.733825683594 976.134948730469 974.026000976562 975.740966796875 972.513916015625 975.536315917969 981.471862792969 976.538940429688 977.072937011719 970.875061035156 969.215026855469 970.142211914062 972.830078125 971.687072753906
958.471069335938 960.457336425781 964.739868164062 964.94189453125 975.026428222656 965.632446289062 961.690734863281 973.435119628906 965.150756835938 973.098388671875 974.475830078125 964.808532714844 966.820129394531 968.844604492188 966.516845703125 959.288513183594 963.315979003906 954.865356445312 946.585327148438 950.459777832031 955.375732421875 955.585327148438 956.9873046875 951.547424316406 954.528137207031 965.291198730469 967.449768066406 967.517578125 971.851196289062 962.16552734375 967.589111328125 973.231079101562 966.749084472656 965.769592285156 967.837463378906 966.862060546875 974.744079589844 975.070373535156 980.294616699219 972.043823242188 974.422302246094 969.99658203125 970.991455078125 969.274108886719 972.257568359375 974.990356445312
956.149658203125 970.051696777344 964.41845703125 957.861083984375 964.757934570312 969.1630859375 963.842651367188 967.791564941406 968.853454589844 959.418762207031 967.669006347656 964.190185546875 965.173950195312 963.812927246094 964.764404296875 965.044799804688 959.990478515625 958.995239257812 952.222839355469 947.62646484375 957.067504882812 953.543518066406 961.048645019531 967.614379882812 968.090942382812 961.500183105469 965.450256347656 970.755798339844 972.278930664062 965.609924316406 966.758239746094 969.562622070312 963.861206054688 962.892333984375 969.908264160156 961.367126464844 964.246704101562 966.0576171875 965.792541503906 974.508605957031 969.900634765625 973.298400878906 974.778869628906 972.857421875 974.065734863281 970.447326660156
963.166564941406 969.961853027344 965.897644042969 962.06787109375 964.155517578125 968.818298339844 968.576354980469 967.4345703125 962.344421386719 957.48046875 958.187133789062 961.398742675781 958.171020507812 962.638610839844 960.8349609375 959.069030761719 960.195434570312 953.728515625 956.9150390625 952.640502929688 950.3486328125 956.728149414062 968.357177734375 965.647521972656 966.918823242188 965.563720703125 959.992736816406 967.457397460938 963.859924316406 962.753784179688 967.774658203125 957.208251953125 956.358764648438 969.465087890625 967.781066894531 972.868591308594 967.445861816406 967.720458984375 967.129028320312 975.407836914062 976.628112792969 968.887023925781 975.456909179688 970.488525390625 974.765441894531 976.689086914062
963.060424804688 960.357360839844 964.56884765625 965.600219726562 963.635131835938 965.479187011719 965.771362304688 958.137878417969 962.169738769531 954.095153808594 954.984436035156 955.42919921875 957.9873046875 967.179016113281 949.260986328125 949.478820800781 944.194763183594 953.48193359375 954.923461914062 962.115661621094 953.240295410156 954.154663085938 955.545776367188 968.328308105469 964.99560546875 966.699340820312 958.587036132812 956.715515136719 959.027526855469 956.87890625 965.16162109375 960.5283203125 966.01171875 971.483032226562 963.970947265625 969.791809082031 962.890319824219 960.383422851562 969.376098632812 964.193725585938 971.704528808594 964.203247070312 971.76220703125 973.189819335938 972.540954589844 971.990600585938
962.533386230469 964.452880859375 968.192199707031 966.738220214844 959.515075683594 956.495178222656 966.37353515625 957.020629882812 963.085021972656 958.860778808594 965.577026367188 961.52783203125 956.564819335938 954.35595703125 945.048217773438 950.185363769531 948.149291992188 947.013977050781 953.888305664062 959.280700683594 960.873657226562 959.859130859375 956.04248046875 962.986877441406 959.679748535156 956.326354980469 950.159790039062 953.589477539062 956.579772949219 966.90087890625 963.5224609375 959.566528320312 968.86767578125 968.478332519531 966.370361328125 967.672485351562 958.238342285156 960.236877441406 962.144104003906 966.725524902344 975.936706542969 971.552673339844 970.313232421875 969.406555175781 971.331848144531 970.126220703125
959.551513671875 947.357116699219 956.31298828125 950.035583496094 949.264221191406 956.442932128906 953.789367675781 960.939514160156 967.872253417969 961.392272949219 961.303161621094 964.847534179688 962.028564453125 948.758544921875 949.328125 947.492858886719 948.738037109375 956.877380371094 952.597961425781 958.824096679688 952.314514160156 952.905639648438 966.818786621094 971.154296875 961.892028808594 954.093872070312 954.421936035156 952.2138671875 963.319274902344 969.997131347656 959.17138671875 952.865173339844 961.499145507812 965.932250976562 964.75732421875 972.877319335938 966.536010742188 958.632385253906 964.472106933594 968.956787109375 978.646789550781 970.998291015625 965.390625 970.162170410156 969.358642578125 977.1025390625
953.827758789062 951.80078125 947.4169921875 942.259765625 947.564208984375 949.217956542969 957.825256347656 959.893310546875 959.600524902344 954.743896484375 960.532592773438 963.349060058594 962.861755371094 957.538024902344 954.160339355469 946.656127929688 946.824279785156 953.421691894531 954.294006347656 956.139831542969 961.989624023438 958.24951171875 960.698059082031 972.337524414062 959.965087890625 953.13232421875 949.44580078125 946.384765625 950.734924316406 960.369201660156 959.45654296875 955.753845214844 959.683471679688 963.686340332031 961.551025390625 965.737731933594 960.328735351562 962.945434570312 968.039306640625 968.686401367188 968.649536132812 965.342346191406 980.852905273438 975.760498046875 967.394165039062 975.094421386719
955.271118164062 952.447204589844 946.992797851562 943.553771972656 939.607177734375 940.785888671875 951.400085449219 956.936767578125 966.138366699219 967.627014160156 957.518859863281 956.136779785156 957.233825683594 952.57568359375 950.331665039062 936.850891113281 945.472351074219 945.273803710938 954.642150878906 957.953063964844 962.170349121094 965.891418457031 975.328918457031 969.100830078125 964.336120605469 952.332641601562 955.476440429688 960.084167480469 956.380004882812 961.742858886719 962.995849609375 963.416687011719 962.131286621094 968.40087890625 964.972961425781 963.014282226562 965.395446777344 965.243469238281 958.065246582031 967.04150390625 964.923645019531 966.709533691406 974.035095214844 980.341491699219 971.728881835938 967.42138671875
953.083312988281 954.3671875 953.067565917969 940.705200195312 939.278564453125 943.515502929688 953.51220703125 954.78466796875 957.619873046875 953.653259277344 952.335693359375 963.15869140625 962.194274902344 951.478820800781 947.617431640625 936.968933105469 943.986206054688 941.382446289062 950.107482910156 960.079223632812 970.024963378906 966.263305664062 974.994812011719 969.753723144531 961.251586914062 961.269104003906 958.476989746094 960.894348144531 963.205139160156 958.945678710938 963.001892089844 969.033996582031 961.772827148438 960.380798339844 961.795166015625 969.217041015625 968.160705566406 962.108215332031 971.513549804688 967.265441894531 966.183166503906 967.020324707031 972.440490722656 976.665832519531 967.325256347656 974.358947753906
951.469787597656 956.833251953125 951.797424316406 951.275085449219 947.949096679688 943.544982910156 952.537963867188 957.132690429688 956.598999023438 947.481750488281 958.521789550781 957.758178710938 963.525817871094 959.536804199219 949.345092773438 951.240051269531 948.275451660156 952.763061523438 951.43701171875 954.412414550781 961.8837890625 974.110473632812 969.140869140625 960.182739257812 966.848937988281 960.185424804688 969.761047363281 966.571105957031 964.391052246094 963.142333984375 966.938537597656 974.189392089844 968.209655761719 962.372497558594 963.111206054688 967.332336425781 962.365173339844 959.575988769531 970.766052246094 974.158203125 965.274963378906 961.140747070312 969.295593261719 966.726013183594 965.592224121094 967.098205566406
