data/zlatibor_dem_simulations/DEMsim85.asc
NCOLS 150
NROWS 100
XLLCORNER 7394249
YLLCORNER 4841999
CELLSIZE 30
NODATA_VALUE -9999
[rows 0 to 19 of 100, columns 92 to 137 of 150]
910.892333984375 904.559509277344 898.127807617188 896.417114257812 897.109558105469 893.390380859375 884.372924804688 883.685607910156 886.67138671875 884.778991699219 876.727233886719 863.722229003906 868.36572265625 852.755676269531 848.347900390625 852.435913085938 859.794860839844 865.250732421875 872.097839355469 883.615905761719 891.164611816406 900.946044921875 902.473876953125 906.725524902344 901.875854492188 908.476318359375 915.749267578125 917.891967773438 932.028503417969 935.784729003906 933.948181152344 953.046813964844 954.294738769531 965.164001464844 965.15380859375 971.5771484375 972.452514648438 982.3525390625 992.372497558594 1004.53955078125 1013.06579589844 1011.04602050781 1023.33453369141 1025.46411132812 1028.97216796875 1022.21411132812
911.921508789062 903.041931152344 903.3359375 905.596008300781 894.140808105469 895.923950195312 887.161071777344 880.84912109375 890.160705566406 886.714233398438 877.373107910156 868.058227539062 866.59912109375 865.114440917969 861.136169433594 855.236633300781 855.414428710938 874.355102539062 875.249267578125 875.815307617188 883.115966796875 892.291870117188 903.215637207031 897.956726074219 901.457946777344 913.095397949219 911.891357421875 919.184265136719 923.548828125 936.284057617188 950.661193847656 957.631958007812 958.418334960938 955.984558105469 961.491394042969 974.166870117188 979.850402832031 981.977844238281 991.924133300781 1001.72497558594 1010.89434814453 1013.25952148438 1019.21429443359 1022.79022216797 1029.26550292969 1034.00415039062
917.580383300781 907.459167480469 901.341857910156 894.559997558594 896.935974121094 878.139526367188 879.701171875 880.249877929688 879.956909179688 880.028930664062 866.072509765625 869.656311035156 868.583618164062 869.42822265625 869.3583984375 869.140319824219 870.607849121094 876.001098632812 881.803649902344 876.230895996094 880.669311523438 886.213195800781 893.14697265625 899.072937011719 906.147583007812 918.869262695312 919.748291015625 924.531494140625 924.163635253906 940.86279296875 952.852600097656 952.104064941406 960.185607910156 953.509338378906 961.529479980469 968.149291992188 976.770629882812 978.816284179688 988.27978515625 997.120788574219 1006.10888671875 1021.57025146484 1020.75891113281 1016.98516845703 1026.24060058594 1038.67785644531
922.489318847656 908.551025390625 909.893920898438 899.801635742188 890.102600097656 873.035217285156 882.661315917969 872.153198242188 884.9052734375 880.344177246094 878.644165039062 865.198913574219 867.539184570312 866.829650878906 867.637145996094 869.343566894531 874.11279296875 885.339660644531 878.923950195312 876.887878417969 872.764282226562 881.212158203125 889.059020996094 897.377258300781 912.915832519531 918.182800292969 918.793762207031 928.001159667969 927.846069335938 935.492858886719 936.175842285156 943.499206542969 960.586303710938 955.784057617188 961.517822265625 968.703308105469 972.799438476562 999.498657226562 1001.87646484375 999.423034667969 1002.26965332031 1012.04626464844 1011.44671630859 1017.28863525391 1023.39410400391 1038.39074707031
910.033752441406 906.712341308594 902.766052246094 898.514343261719 889.030517578125 887.257385253906 880.153930664062 883.638366699219 878.609558105469 877.158081054688 873.201171875 867.62255859375 871.147521972656 881.099487304688 882.58251953125 881.935913085938 886.770446777344 884.665222167969 875.014038085938 873.835754394531 865.770812988281 877.117614746094 885.697937011719 901.493347167969 911.442077636719 922.3896484375 917.628051757812 926.978149414062 928.799438476562 937.895874023438 935.9521484375 942.373840332031 956.443908691406 959.986938476562 966.568542480469 965.9794921875 977.929809570312 988.701965332031 999.186645507812 999.344177246094 1011.31579589844 1014.63592529297 1009.35107421875 1021.11187744141 1025.68054199219 1044.7470703125
916.188354492188 909.139587402344 912.109436035156 903.010681152344 896.519409179688 893.091003417969 887.970764160156 883.944702148438 882.515747070312 890.411743164062 877.8701171875 872.563232421875 874.32861328125 885.021667480469 884.740234375 891.033935546875 889.73974609375 884.388793945312 889.954833984375 880.33740234375 871.525573730469 878.126647949219 893.720336914062 901.95068359375 908.036071777344 913.478454589844 910.104370117188 928.440307617188 932.587219238281 935.406127929688 935.9375 940.138916015625 951.793334960938 957.401062011719 961.177978515625 963.929931640625 978.4091796875 984.801513671875 992.921264648438 1004.91119384766 1017.78356933594 1007.58581542969 1010.21612548828 1025.74987792969 1041.59838867188 1052.48229980469
928.937072753906 927.074951171875 913.762023925781 891.473693847656 895.156311035156 898.812072753906 897.462219238281 898.34619140625 898.999328613281 892.520202636719 886.015686035156 877.765625 881.730529785156 886.787719726562 897.022155761719 895.864013671875 897.05078125 894.011352539062 891.667785644531 890.859558105469 883.701232910156 884.060913085938 895.659729003906 900.940063476562 903.459228515625 908.342102050781 924.6884765625 925.871520996094 935.821838378906 937.193908691406 940.909912109375 941.234008789062 942.658081054688 950.971069335938 964.866455078125 960.593688964844 968.03759765625 983.589233398438 991.042358398438 998.114990234375 1001.27374267578 1013.51159667969 1019.31365966797 1035.24304199219 1038.7021484375 1053.01037597656
927.033752441406 924.676940917969 918.227844238281 902.098388671875 902.347045898438 903.395324707031 899.561340332031 907.278564453125 904.157531738281 898.557312011719 896.515930175781 885.84375 883.6953125 894.779602050781 902.62939453125 906.683044433594 909.846435546875 895.396423339844 898.106872558594 892.716613769531 898.996765136719 892.27880859375 895.547302246094 897.287963867188 906.419982910156 913.057250976562 919.937561035156 923.66455078125 937.593994140625 938.716796875 932.949951171875 942.573303222656 947.341186523438 958.118408203125 963.942443847656 973.689697265625 969.587463378906 986.271911621094 986.466003417969 996.40771484375 1016.92895507812 1023.56512451172 1021.71276855469 1038.62365722656 1046.44201660156 1059.97900390625
934.755920410156 926.217468261719 914.941650390625 907.417724609375 907.3310546875 909.259704589844 902.031066894531 908.333984375 912.002990722656 911.575622558594 908.592590332031 899.850402832031 888.044799804688 890.827453613281 905.469604492188 922.940551757812 915.239562988281 911.848571777344 898.230529785156 897.058654785156 898.50146484375 904.323120117188 899.581359863281 901.36962890625 903.626220703125 920.262268066406 930.459838867188 930.938354492188 937.894470214844 929.491638183594 933.308410644531 940.431640625 953.387084960938 961.91796875 973.130981445312 977.233093261719 982.381958007812 981.946716308594 993.84130859375 1000.41815185547 1020.97375488281 1029.75024414062 1023.78662109375 1039.56323242188 1050.60791015625 1056.53955078125
937.64404296875 931.744323730469 918.22314453125 918.770324707031 918.573425292969 921.074584960938 916.513000488281 920.584167480469 924.69921875 920.004272460938 922.380065917969 916.591857910156 904.629699707031 906.179870605469 919.647583007812 920.652160644531 926.013122558594 912.7861328125 906.590209960938 909.422424316406 908.622192382812 903.30126953125 903.233337402344 912.146362304688 901.800354003906 917.013549804688 927.620727539062 940.268737792969 939.1005859375 924.853881835938 937.82470703125 944.752319335938 955.312133789062 966.177612304688 986.933227539062 982.241760253906 985.304504394531 995.295959472656 998.081176757812 1014.84545898438 1024.47009277344 1028.45983886719 1029.30822753906 1045.48742675781 1060.89782714844 1070.72583007812
934.590026855469 936.161437988281 932.924377441406 925.348449707031 929.411010742188 926.135681152344 922.990661621094 927.7646484375 933.133422851562 929.70654296875 934.18505859375 934.989379882812 927.836059570312 919.471313476562 920.496215820312 929.785339355469 933.569396972656 917.759399414062 907.958679199219 908.197265625 924.546325683594 915.512145996094 907.480163574219 913.629577636719 910.605346679688 919.778686523438 936.201354980469 935.373901367188 944.428588867188 943.510681152344 953.625 961.456176757812 969.261535644531 972.017822265625 975.014953613281 981.2119140625 991.259155273438 1004.57305908203 999.491271972656 1008.7265625 1025.04516601562 1036.40026855469 1034.17541503906 1047.91259765625 1058.67468261719 1075.16455078125
929.882141113281 936.443969726562 938.157470703125 935.136047363281 932.03271484375 932.743347167969 931.250061035156 934.100830078125 941.771484375 934.037841796875 934.227844238281 938.098510742188 940.759338378906 931.839599609375 937.059631347656 938.087463378906 942.166381835938 937.139038085938 933.763122558594 927.060791015625 925.299133300781 916.494873046875 919.013977050781 914.489318847656 912.6435546875 922.832885742188 927.928039550781 933.5439453125 936.289794921875 944.306274414062 960.870849609375 972.913513183594 984.886901855469 979.3837890625 976.074279785156 988.724548339844 997.653564453125 1003.04571533203 1005.02886962891 1019.91455078125 1031.29052734375 1034.64208984375 1036.22326660156 1047.43981933594 1045.61730957031 1063.40710449219
932.426147460938 939.171997070312 938.847412109375 937.244995117188 943.990966796875 937.473327636719 941.868774414062 942.214172363281 953.732421875 944.633666992188 941.997314453125 946.28173828125 958.170166015625 952.711303710938 939.876403808594 943.516540527344 940.038391113281 948.873657226562 943.8994140625 934.778198242188 924.996765136719 925.120666503906 912.926147460938 913.519226074219 911.624145507812 919.751525878906 924.4814453125 931.837707519531 934.088317871094 946.422546386719 960.355407714844 975.859558105469 989.185302734375 988.925354003906 981.376770019531 996.328857421875 1003.69927978516 1004.59777832031 1012.12432861328 1021.15173339844 1039.37353515625 1041.78540039062 1046.38037109375 1051.74426269531 1061.91931152344 1056.59143066406
937.259948730469 941.45556640625 943.929565429688 945.977905273438 954.061096191406 954.866394042969 951.76123046875 954.492248535156 959.596496582031 961.523254394531 953.132751464844 960.3310546875 960.442199707031 954.550476074219 947.931823730469 952.925231933594 953.249145507812 953.858337402344 951.270263671875 936.637268066406 925.61669921875 929.51513671875 925.998046875 912.527038574219 911.572509765625 925.923095703125 930.042907714844 935.67333984375 946.585021972656 954.317260742188 968.839599609375 976.076354980469 984.23974609375 994.139587402344 988.170288085938 1002.41577148438 1013.25592041016 1014.83361816406 1023.84729003906 1027.80627441406 1042.14599609375 1043.11340332031 1046.4404296875 1054.40026855469 1057.08422851562 1058.69396972656
934.947937011719 940.569763183594 947.910217285156 953.548156738281 957.840515136719 959.393737792969 959.5849609375 961.3134765625 967.007873535156 967.77490234375 960.778869628906 958.362365722656 958.854797363281 955.297729492188 955.803894042969 963.484985351562 964.428039550781 966.897827148438 953.37744140625 945.371704101562 928.856811523438 926.874938964844 922.558654785156 912.156555175781 913.439575195312 920.953857421875 931.031677246094 941.559753417969 946.218078613281 965.079467773438 969.227416992188 978.821350097656 995.361022949219 999.094787597656 991.236328125 1007.94842529297 1018.34527587891 1015.92681884766 1020.51959228516 1026.58227539062 1031.20886230469 1045.19653320312 1047.83618164062 1050.62475585938 1047.34777832031 1056.56567382812
943.545715332031 955.626708984375 960.462951660156 962.481689453125 955.854431152344 957.16552734375 967.353515625 965.554260253906 978.400573730469 977.486328125 977.094360351562 965.8369140625 969.641662597656 968.138610839844 973.471130371094 966.636047363281 973.913818359375 973.268127441406 955.236572265625 952.335815429688 939.344421386719 926.7109375 920.147033691406 909.949890136719 909.312805175781 916.950622558594 930.1787109375 947.644775390625 951.201416015625 960.708374023438 969.388305664062 976.540222167969 982.795104980469 986.899597167969 991.4267578125 1003.00317382812 1020.58581542969 1027.74108886719 1024.69787597656 1030.74987792969 1034.96069335938 1048.45983886719 1051.97668457031 1045.94995117188 1054.57470703125 1050.24450683594
955.058166503906 960.568969726562 957.614807128906 956.210815429688 959.201110839844 972.36572265625 976.324279785156 975.397094726562 982.1259765625 983.925354003906 981.312927246094 969.773559570312 971.862487792969 975.121337890625 983.275573730469 993.596069335938 982.520812988281 977.990295410156 963.525146484375 951.924560546875 933.296447753906 925.265197753906 923.826538085938 916.784973144531 913.98388671875 916.692626953125 927.664672851562 938.056884765625 946.778442382812 953.125366210938 964.406127929688 969.203308105469 978.036865234375 980.153015136719 992.726684570312 1008.13482666016 1010.03991699219 1012.04943847656 1031.59533691406 1036.93017578125 1043.85424804688 1051.1708984375 1056.97924804688 1059.55688476562 1057.89831542969 1059.97180175781
969.245239257812 964.854125976562 957.622314453125 956.745788574219 961.391418457031 969.006164550781 974.374816894531 987.420349121094 994.595153808594 995.203125 994.793762207031 988.788391113281 979.864135742188 982.325012207031 983.919860839844 996.524536132812 989.698669433594 980.346435546875 975.683532714844 957.554565429688 949.0556640625 933.526977539062 924.603393554688 912.219665527344 912.032592773438 925.816223144531 932.337158203125 938.065734863281 944.621948242188 953.151611328125 954.970642089844 965.511901855469 979.901428222656 989.382873535156 994.337158203125 1008.70703125 1007.83001708984 1017.20556640625 1024.91198730469 1034.63244628906 1045.18981933594 1051.6083984375 1050.0986328125 1056.013671875 1048.357421875 1058.66467285156
984.4375 980.4521484375 972.55615234375 967.813720703125 972.785339355469 978.531860351562 984.491394042969 988.701049804688 991.089233398438 996.207458496094 1000.57299804688 1000.38812255859 992.684020996094 992.5224609375 988.4228515625 997.075012207031 990.772033691406 983.991455078125 973.362426757812 958.140991210938 950.768859863281 937.634948730469 928.46630859375 923.280517578125 923.461547851562 920.902221679688 923.630615234375 935.183776855469 947.477966308594 952.115417480469 963.413330078125 967.232788085938 981.052429199219 994.625305175781 1001.21728515625 1006.91455078125 1023.30932617188 1023.15203857422 1024.08068847656 1037.873046875 1044.15539550781 1045.33349609375 1050.89624023438 1048.18237304688 1054.27880859375 1059.39416503906
997.638366699219 1003.01153564453 1003.43292236328 990.694580078125 988.147033691406 988.548095703125 999.695068359375 992.058166503906 988.974731445312 990.085632324219 996.603698730469 1004.291015625 1005.34002685547 1004.17541503906 998.286560058594 994.087829589844 989.481262207031 975.085021972656 971.658142089844 955.217407226562 954.645446777344 942.630065917969 931.315490722656 930.430725097656 927.241455078125 926.436645507812 930.490417480469 938.52392578125 955.629333496094 963.296936035156 971.682006835938 982.858520507812 987.305969238281 989.590087890625 997.149353027344 1019.14532470703 1024.13732910156 1029.78955078125 1032.05834960938 1042.51965332031 1043.68310546875 1047.87036132812 1053.9873046875 1054.71862792969 1060.53820800781 1069.70776367188
