data/zlatibor_dem_simulations/DEMsim39.asc
NCOLS 150
NROWS 100
XLLCORNER 7394249
YLLCORNER 4841999
CELLSIZE 30
NODATA_VALUE -9999
[rows 0 to 19 of 100, columns 46 to 91 of 150]
1000.36065673828 984.255798339844 982.427917480469 977.818481445312 981.921020507812 982.437133789062 968.740356445312 970.710998535156 963.684265136719 952.788269042969 949.853515625 948.317626953125 937.441162109375 926.958068847656 932.209838867188 932.88427734375 933.309265136719 926.124084472656 909.775634765625 904.249084472656 900.593994140625 914.06982421875 912.131225585938 913.114501953125 919.749694824219 928.632690429688 927.8935546875 933.359558105469 939.817443847656 952.779602050781 954.633422851562 963.086303710938 973.890869140625 977.173767089844 978.894104003906 974.055847167969 973.098815917969 964.584777832031 964.546691894531 962.457641601562 956.887084960938 946.232543945312 950.018188476562 936.141662597656 924.819580078125 936.33935546875
999.35986328125 980.078796386719 986.223937988281 988.029602050781 986.1474609375 983.660400390625 974.953002929688 970.239074707031 962.838134765625 952.929016113281 947.953002929688 940.754577636719 938.249572753906 928.9384765625 938.203735351562 938.609558105469 936.6982421875 921.0361328125 908.919494628906 902.316284179688 898.843139648438 906.778198242188 912.920288085938 916.878051757812 925.318298339844 929.163391113281 931.675354003906 933.501892089844 946.029663085938 956.016174316406 961.678527832031 966.687683105469 974.379638671875 984.934509277344 983.811462402344 981.007873535156 980.16796875 972.084838867188 972.137023925781 967.025451660156 966.048522949219 953.975463867188 954.838989257812 940.426147460938 925.740539550781 935.108337402344
1004.07214355469 999.249694824219 992.089294433594 990.753173828125 991.9912109375 982.66162109375 978.655212402344 968.391967773438 957.157531738281 955.390197753906 949.183532714844 942.98876953125 941.947204589844 929.296081542969 931.617736816406 935.388061523438 932.851623535156 921.904663085938 910.682861328125 906.692687988281 902.982666015625 912.028442382812 918.121765136719 914.007629394531 919.2431640625 930.756408691406 940.114318847656 949.465576171875 954.289794921875 958.367736816406 963.556396484375 974.264465332031 977.057006835938 978.429260253906 991.053161621094 989.707214355469 985.326110839844 984.867980957031 977.85791015625 975.297729492188 965.904235839844 961.820922851562 948.819702148438 943.568542480469 936.061950683594 936.450622558594
1002.88446044922 988.944580078125 984.960144042969 994.993774414062 991.284606933594 987.806884765625 983.737487792969 967.541687011719 967.949462890625 965.80908203125 952.2568359375 952.650634765625 943.783447265625 944.850463867188 936.645263671875 932.385559082031 933.788757324219 933.70166015625 920.500366210938 916.51171875 915.882568359375 919.477600097656 921.012023925781 931.268737792969 924.630676269531 931.440185546875 935.171630859375 950.70068359375 965.84130859375 975.669860839844 971.783630371094 974.585327148438 977.980407714844 984.3681640625 995.428344726562 994.4931640625 999.817810058594 985.667236328125 983.446838378906 977.4033203125 974.243103027344 959.345031738281 950.666320800781 943.504150390625 944.078063964844 934.802307128906
999.741333007812 997.971130371094 990.083801269531 992.236267089844 989.549377441406 988.655151367188 972.123168945312 968.099548339844 958.042602539062 965.861328125 958.646423339844 954.737609863281 951.393859863281 952.434692382812 945.115234375 943.231506347656 940.064025878906 941.408142089844 928.441101074219 925.456359863281 935.029602050781 930.950073242188 942.160705566406 948.847045898438 937.992309570312 935.575744628906 942.556640625 960.549255371094 971.000793457031 976.009643554688 975.912841796875 984.018859863281 986.642150878906 994.058898925781 1000.89593505859 1006.48529052734 1003.95880126953 994.680908203125 991.280700683594 978.007690429688 974.789672851562 952.560913085938 947.807495117188 941.376281738281 938.723327636719 930.308227539062
1000.20770263672 1002.08258056641 998.376037597656 996.258422851562 993.114196777344 987.476196289062 977.527160644531 975.565185546875 976.774353027344 977.41552734375 965.971069335938 968.006469726562 957.956909179688 964.064392089844 964.232727050781 956.229187011719 951.536560058594 942.570190429688 944.466247558594 945.611145019531 944.937072753906 940.784790039062 954.823791503906 939.036743164062 944.138854980469 943.040710449219 950.728210449219 954.718139648438 962.818969726562 973.326232910156 985.483093261719 995.338439941406 993.763732910156 1000.56469726562 1002.66864013672 1011.83355712891 1003.84594726562 991.18505859375 985.764831542969 971.320373535156 961.705200195312 956.037414550781 947.858093261719 949.303771972656 934.527404785156 923.112976074219
1004.84417724609 1006.29290771484 1004.68432617188 994.774291992188 989.215698242188 986.881713867188 982.65283203125 980.5654296875 986.057495117188 986.67822265625 983.064392089844 977.76708984375 976.008728027344 981.655151367188 969.827575683594 960.908508300781 960.26123046875 949.843872070312 958.580078125 961.522338867188 956.427917480469 953.391052246094 960.166931152344 949.717529296875 951.560607910156 954.976806640625 953.475952148438 952.405334472656 959.296447753906 977.214965820312 994.380126953125 996.062194824219 1002.99652099609 1007.33648681641 1012.42980957031 1009.04541015625 1005.41918945312 991.333862304688 985.53076171875 967.650085449219 961.381713867188 956.744445800781 950.170288085938 942.086242675781 942.903442382812 929.955200195312
1007.55932617188 1010.95098876953 1012.01519775391 1001.6953125 994.307678222656 991.873229980469 993.886108398438 987.263916015625 989.132995605469 995.139831542969 994.0537109375 987.237976074219 983.920593261719 975.805236816406 974.9150390625 973.748840332031 959.957458496094 959.762023925781 966.37109375 975.800231933594 972.536071777344 970.473083496094 964.265808105469 965.458129882812 969.893859863281 966.083435058594 958.721740722656 960.229736328125 970.990661621094 991.484497070312 1000.16278076172 1005.68286132812 1012.94012451172 1009.17218017578 1010.66369628906 1015.06573486328 1006.53924560547 1004.26177978516 984.68212890625 971.642333984375 968.952209472656 959.434387207031 943.023193359375 946.841735839844 938.294616699219 933.311279296875
1005.73651123047 1005.78198242188 1001.92553710938 996.816833496094 990.400024414062 996.65283203125 1005.45129394531 991.058654785156 1001.76928710938 1007.34344482422 1010.54644775391 999.402099609375 980.964416503906 985.917175292969 977.900024414062 978.279296875 971.589050292969 971.479125976562 971.872619628906 973.705688476562 966.652954101562 976.169067382812 969.827819824219 976.439147949219 981.623168945312 972.222229003906 971.651489257812 970.070678710938 977.456848144531 993.681457519531 1009.70764160156 1020.79730224609 1020.43011474609 1022.44854736328 1021.26684570312 1016.23919677734 1012.37963867188 998.014404296875 991.024353027344 984.526000976562 977.927185058594 964.882202148438 948.9990234375 941.108032226562 937.269470214844 930.856323242188
1008.58728027344 1003.15887451172 1002.21313476562 997.03076171875 993.384399414062 999.418701171875 996.502807617188 1001.72637939453 1002.84857177734 1007.65533447266 1006.85321044922 1003.49359130859 1003.37969970703 999.005065917969 994.470153808594 985.603271484375 980.161560058594 975.090148925781 972.394775390625 977.298583984375 977.338928222656 977.312866210938 983.475158691406 982.243835449219 983.124267578125 981.1708984375 975.364135742188 977.221862792969 991.256652832031 1002.17663574219 1012.59893798828 1024.87548828125 1028.39038085938 1026.61840820312 1026.30078125 1005.25891113281 1010.57794189453 1008.20532226562 1008.41961669922 998.191101074219 986.352355957031 961.956481933594 950.585327148438 942.734741210938 932.991577148438 933.929504394531
1011.32897949219 1003.00408935547 1003.75695800781 1009.88214111328 996.824401855469 1002.96984863281 1010.04699707031 1010.18713378906 1006.96759033203 1011.01678466797 1015.46252441406 1013.94030761719 1010.51708984375 1013.45495605469 1004.26885986328 991.154968261719 986.400634765625 984.996337890625 980.471374511719 974.247985839844 970.112731933594 977.872619628906 978.878845214844 984.470764160156 986.300598144531 975.74267578125 973.88916015625 982.111633300781 988.422790527344 1005.21588134766 1013.23931884766 1019.08953857422 1037.58544921875 1026.16845703125 1016.33782958984 1007.74108886719 1010.13952636719 1013.41082763672 1006.47741699219 1006.25225830078 987.630798339844 970.672180175781 962.659118652344 940.861572265625 937.546020507812 938.9638671875
1012.3662109375 1010.11383056641 1011.06896972656 1006.48040771484 1005.75262451172 1010.01806640625 1013.95733642578 1015.59924316406 1014.09191894531 1014.11407470703 1020.03747558594 1018.09234619141 1016.88513183594 1009.37603759766 1004.06030273438 998.908081054688 994.544860839844 977.853576660156 968.351867675781 982.436279296875 981.112365722656 978.100036621094 987.859619140625 987.7109375 987.359985351562 977.320434570312 985.051879882812 990.682800292969 1001.13732910156 998.866943359375 1017.45629882812 1025.72546386719 1027.02331542969 1024.65698242188 1013.8564453125 1014.77850341797 1016.4765625 1005.81958007812 1008.09582519531 1004.66265869141 990.426696777344 974.455810546875 963.766662597656 957.704528808594 953.47021484375 949.104797363281
1014.68780517578 1017.13763427734 1014.84167480469 1004.84912109375 1004.17926025391 1011.01751708984 1014.76977539062 1017.10992431641 1019.40447998047 1019.79779052734 1018.14636230469 1016.75567626953 1011.65374755859 1011.92822265625 1010.98828125 1009.1181640625 1007.505859375 999.557312011719 985.810974121094 984.292724609375 981.955322265625 983.482055664062 988.367492675781 1000.29766845703 987.723205566406 991.025207519531 997.862976074219 1008.85308837891 1004.5361328125 1014.46173095703 1022.77947998047 1023.96228027344 1033.12353515625 1033.38598632812 1027.51281738281 1015.50067138672 1008.81365966797 1006.74432373047 997.714111328125 993.197937011719 990.511779785156 981.7001953125 970.77294921875 959.482421875 951.220336914062 951.868591308594
1015.30383300781 1019.01214599609 1014.47540283203 1009.90277099609 1006.07263183594 1021.39837646484 1012.58013916016 1017.55737304688 1016.58770751953 1018.03802490234 1027.85083007812 1022.25177001953 1013.01220703125 1011.22967529297 1003.41107177734 1018.94641113281 1014.28570556641 1003.16760253906 998.978393554688 994.451538085938 991.659362792969 997.346801757812 991.372314453125 990.931762695312 991.173522949219 1000.66290283203 1005.62805175781 1009.63482666016 1017.82849121094 1021.46691894531 1027.44787597656 1032.33728027344 1031.50610351562 1035.84997558594 1036.20397949219 1028.23876953125 1019.97045898438 1012.82678222656 1002.65960693359 995.866394042969 994.1494140625 981.926391601562 973.213500976562 964.826904296875 950.915649414062 946.283935546875
1009.6279296875 1016.26873779297 1013.79766845703 1014.69403076172 1011.01745605469 1013.34747314453 1023.21838378906 1023.6826171875 1020.85443115234 1022.9775390625 1031.04638671875 1017.7822265625 1018.1591796875 1019.60723876953 1024.63244628906 1017.32214355469 1012.96331787109 1011.50415039062 1007.52685546875 1008.7119140625 999.688354492188 1013.94989013672 1006.44897460938 995.635620117188 997.046997070312 995.130981445312 1002.31750488281 1021.59954833984 1017.02001953125 1032.60656738281 1030.74072265625 1020.87640380859 1030.22705078125 1029.72399902344 1031.8662109375 1027.36486816406 1026.78405761719 1019.04614257812 1006.28179931641 995.749206542969 985.069885253906 971.776000976562 974.003173828125 961.140502929688 950.332153320312 945.521179199219
1015.85388183594 1014.23303222656 1019.76141357422 1014.85308837891 1012.20666503906 1015.43200683594 1019.98089599609 1032.06201171875 1035.29077148438 1026.72961425781 1023.93389892578 1021.01165771484 1018.80541992188 1008.39532470703 1015.97961425781 1022.1552734375 1023.31109619141 1021.85327148438 1018.90905761719 1015.09851074219 1012.55194091797 1021.63122558594 1008.88092041016 1001.35461425781 994.763488769531 994.562316894531 1000.91857910156 1012.25140380859 1014.9228515625 1030.41857910156 1029.0732421875 1025.19409179688 1030.43762207031 1028.77905273438 1035.33410644531 1030.75952148438 1030.05859375 1027.9814453125 1006.82641601562 999.249145507812 987.131652832031 976.120178222656 968.657653808594 957.447387695312 948.507202148438 944.559448242188
1018.23712158203 1016.17657470703 1009.87487792969 1016.37701416016 1008.44989013672 1015.86584472656 1020.52453613281 1025.67712402344 1031.91943359375 1020.03759765625 1018.34906005859 1020.57354736328 1018.50225830078 1009.94219970703 1010.91259765625 1011.47265625 1028.73608398438 1027.25720214844 1017.12902832031 1027.18896484375 1026.2578125 1021.80889892578 1019.95495605469 1012.61889648438 1009.00988769531 1009.18347167969 1007.12976074219 1012.16912841797 1018.22625732422 1026.97692871094 1019.97631835938 1019.61785888672 1018.37530517578 1019.65802001953 1022.33966064453 1028.52770996094 1020.75378417969 1026.03515625 1017.4208984375 1000.92669677734 988.4560546875 985.009155273438 977.908020019531 969.223693847656 954.372375488281 945.054809570312
1017.25817871094 1013.64489746094 1010.50598144531 1014.70501708984 1012.26556396484 1017.29901123047 1015.44854736328 1023.41821289062 1023.86029052734 1016.67132568359 1019.89453125 1022.34063720703 1014.06280517578 1016.00244140625 1018.33666992188 1019.50946044922 1021.71575927734 1024.36071777344 1022.23773193359 1022.61938476562 1021.96044921875 1018.83587646484 1016.78125 1014.93914794922 1010.31695556641 1008.19580078125 1008.31384277344 1013.48468017578 1018.72259521484 1008.96362304688 1016.25482177734 1016.11169433594 1013.89654541016 1016.11749267578 1019.15185546875 1020.75366210938 1027.50695800781 1018.814453125 1010.51062011719 1009.30737304688 994.683288574219 982.009765625 978.043334960938 973.230163574219 959.485290527344 960.832641601562
1009.41857910156 1004.02313232422 1011.53759765625 1006.77215576172 1000.03540039062 1001.98931884766 1008.8798828125 1021.62170410156 1019.33911132812 1016.95306396484 1011.02984619141 1023.9365234375 1015.72576904297 1016.70257568359 1022.29431152344 1016.55529785156 1012.48883056641 1022.21258544922 1024.00146484375 1024.8359375 1022.14239501953 1020.80139160156 1018.90411376953 1016.32464599609 1020.31231689453 1020.63720703125 1016.70794677734 1019.85400390625 1016.75830078125 1015.91564941406 1011.603515625 1016.4033203125 1008.14990234375 1013.76763916016 1005.57940673828 1006.89013671875 1018.46252441406 1008.18597412109 1014.84350585938 1015.33850097656 1001.58380126953 991.112976074219 983.373291015625 979.398498535156 975.793212890625 973.055053710938
1013.96594238281 1011.05773925781 1010.87188720703 1011.15460205078 1003.61773681641 998.869750976562 1003.93487548828 1007.61395263672 1006.55090332031 1014.55627441406 1015.08251953125 1010.19592285156 1011.28173828125 1011.03723144531 1012.39105224609 1014.02734375 1011.59729003906 1017.52862548828 1018.45971679688 1023.53167724609 1016.53588867188 1026.07958984375 1024.47436523438 1028.19189453125 1034.80358886719 1022.85186767578 1020.13629150391 1021.12866210938 1018.25952148438 1016.06207275391 1007.18048095703 1007.38024902344 994.660705566406 1004.47088623047 1004.90625 1009.2880859375 1014.06878662109 1015.83605957031 1014.4833984375 1014.97247314453 1012.46533203125 994.578796386719 994.9248046875 996.782531738281 986.685852050781 987.197265625
