data/zlatibor_dem_simulations/DEMsim50.asc
NCOLS 150
NROWS 100
XLLCORNER 7394249
YLLCORNER 4841999
CELLSIZE 30
NODATA_VALUE -9999
[rows 60 to 79 of 100, columns 46 to 91 of 150]
949.133666992188 948.354187011719 948.202819824219 951.760620117188 955.728576660156 955.735168457031 957.268310546875 950.579895019531 952.747924804688 951.801574707031 956.351135253906 959.641845703125 967.129516601562 968.09521484375 969.031372070312 963.780822753906 966.238098144531 967.060180664062 974.742797851562 965.329040527344 967.598083496094 967.753845214844 961.773071289062 957.024230957031 964.574523925781 972.367736816406 968.481872558594 963.498596191406 969.304077148438 973.373901367188 974.667419433594 962.545715332031 963.087158203125 964.652587890625 965.274597167969 961.646911621094 964.72314453125 970.061645507812 969.070190429688 961.188659667969 965.972534179688 969.188354492188 972.101806640625 978.447937011719 981.22900390625 977.981140136719
958.088073730469 958.832641601562 957.544555664062 961.694946289062 956.858032226562 958.219848632812 962.264709472656 959.337585449219 956.795227050781 962.282531738281 963.4716796875 964.612609863281 969.533874511719 970.289306640625 964.640563964844 971.334899902344 971.225952148438 972.885131835938 969.727844238281 972.077758789062 963.962341308594 965.696105957031 963.778869628906 959.6044921875 962.883605957031 968.58349609375 969.977905273438 963.663696289062 961.239990234375 962.0615234375 968.215270996094 965.151123046875 966.669189453125 967.03759765625 964.849365234375 963.667053222656 970.962524414062 974.979187011719 977.541748046875 970.223083496094 969.266906738281 970.536437988281 977.438537597656 977.975036621094 972.714782714844 971.450439453125
964.281860351562 956.7158203125 956.166931152344 949.725646972656 953.115356445312 956.948852539062 961.648010253906 964.994262695312 962.928466796875 962.066467285156 965.863647460938 967.3740234375 965.576171875 962.69384765625 975.333435058594 972.47998046875 964.878845214844 962.320556640625 968.530578613281 961.668762207031 965.813049316406 960.500122070312 965.37890625 970.128234863281 968.084167480469 969.478088378906 966.795471191406 967.973205566406 970.36865234375 964.976318359375 972.259582519531 967.2314453125 963.176452636719 969.030639648438 976.077514648438 970.625305175781 971.794494628906 971.734558105469 975.558410644531 978.523315429688 982.697692871094 974.608642578125 980.219116210938 970.982788085938 967.100891113281 963.408508300781
963.760559082031 962.422424316406 965.669494628906 965.913269042969 964.084533691406 959.852416992188 966.561706542969 966.967712402344 967.365478515625 962.218444824219 966.72412109375 959.69287109375 965.200256347656 962.494201660156 971.096008300781 979.841918945312 967.609375 962.141662597656 963.896240234375 969.388366699219 960.798095703125 962.10595703125 966.978576660156 962.332275390625 967.298156738281 965.479125976562 965.216064453125 970.143005371094 973.425048828125 964.938293457031 965.27685546875 965.713684082031 970.053833007812 966.720947265625 972.840393066406 974.856079101562 973.070983886719 981.901672363281 978.078674316406 972.765075683594 978.806213378906 974.796142578125 975.597045898438 968.717468261719 960.275146484375 963.964965820312
973.725769042969 973.699462890625 972.306396484375 972.533386230469 973.830383300781 978.256774902344 980.942260742188 961.067810058594 969.120361328125 969.995910644531 963.875793457031 956.361511230469 971.878295898438 970.577575683594 972.804748535156 971.40966796875 969.379943847656 977.726989746094 968.701110839844 966.818176269531 969.591918945312 970.173095703125 965.420471191406 965.096252441406 968.1298828125 966.89404296875 960.895629882812 969.296997070312 971.647521972656 969.827392578125 973.084655761719 966.505981445312 965.82763671875 958.410217285156 977.586547851562 985.592224121094 976.033630371094 986.141540527344 977.211853027344 977.910034179688 973.052612304688 981.038940429688 975.333740234375 973.715270996094 968.632080078125 964.750122070312
961.778564453125 966.427856445312 979.283630371094 979.465393066406 970.980529785156 973.665222167969 977.4990234375 967.432067871094 965.423645019531 955.23583984375 952.624877929688 959.35693359375 965.712585449219 967.275756835938 973.667602539062 963.166687011719 969.438842773438 975.843383789062 960.087463378906 969.563842773438 971.502563476562 960.951843261719 957.207641601562 959.191589355469 966.837341308594 968.3974609375 966.7587890625 970.384399414062 982.414001464844 978.610412597656 969.776794433594 961.038391113281 964.694885253906 971.605041503906 976.872375488281 985.38330078125 979.879089355469 986.205139160156 984.633178710938 987.486511230469 978.299499511719 975.8818359375 982.692504882812 972.213439941406 968.443908691406 963.324340820312
960.481323242188 973.079956054688 971.939819335938 979.876708984375 975.822937011719 976.087951660156 971.612548828125 961.565612792969 965.575256347656 955.809814453125 965.159545898438 956.396362304688 968.508850097656 978.229187011719 974.229125976562 967.800354003906 974.877746582031 969.688720703125 967.965576171875 968.019165039062 966.377014160156 961.375793457031 965.914489746094 967.053039550781 969.815979003906 974.288208007812 979.327453613281 973.501281738281 977.2880859375 977.901123046875 972.364440917969 970.857788085938 970.846496582031 961.155090332031 973.400268554688 979.182189941406 977.224426269531 982.08642578125 980.517700195312 980.63720703125 977.080261230469 980.611145019531 974.85009765625 971.19677734375 969.479736328125 970.504943847656
962.539489746094 963.311889648438 981.093200683594 975.87353515625 973.28955078125 974.635681152344 970.424926757812 972.023986816406 963.162780761719 956.979797363281 959.735961914062 965.906982421875 976.024719238281 975.681762695312 970.878479003906 971.43310546875 965.178649902344 974.84228515625 976.080871582031 971.104675292969 968.929748535156 965.731994628906 970.968872070312 974.139343261719 979.610229492188 983.576721191406 980.926086425781 980.320434570312 976.330261230469 971.529296875 966.152893066406 972.856506347656 975.522583007812 978.020202636719 976.60009765625 977.072082519531 989.908447265625 986.2841796875 982.596130371094 978.461242675781 984.017028808594 979.177795410156 979.487670898438 974.545288085938 965.906677246094 975.316101074219
977.755310058594 975.95361328125 970.947387695312 980.629638671875 981.557922363281 976.9296875 969.295532226562 974.681213378906 962.385803222656 965.82666015625 967.696899414062 970.1513671875 966.069274902344 969.287231445312 971.479309082031 974.898559570312 979.409606933594 969.606506347656 977.481018066406 974.540344238281 978.490539550781 970.985778808594 974.335815429688 970.728759765625 977.477294921875 978.359497070312 985.544677734375 982.964233398438 977.223449707031 979.805725097656 972.86376953125 976.155395507812 979.905151367188 986.297546386719 991.4794921875 984.014831542969 987.676086425781 986.224975585938 987.097595214844 985.509704589844 990.04150390625 987.19482421875 978.479309082031 971.131652832031 971.737365722656 977.326782226562
978.558166503906 986.218872070312 977.666015625 980.659729003906 985.575378417969 986.197814941406 987.247863769531 984.408264160156 976.435546875 978.036254882812 979.367431640625 973.812866210938 962.972839355469 958.869995117188 970.667419433594 967.731140136719 970.972290039062 968.312255859375 976.073974609375 973.860412597656 973.532653808594 984.682312011719 982.220703125 978.520935058594 976.616333007812 975.013854980469 980.416870117188 981.052490234375 974.037902832031 984.446228027344 980.906616210938 980.050231933594 980.748840332031 981.994812011719 982.529968261719 987.653015136719 990.872314453125 988.522155761719 993.188537597656 992.318298339844 981.485473632812 983.936401367188 978.715270996094 975.785339355469 974.673217773438 986.741943359375
986.524047851562 989.910827636719 995.181274414062 994.143615722656 992.449462890625 993.030456542969 992.531311035156 994.120361328125 989.348999023438 982.544067382812 985.079467773438 979.530578613281 964.129760742188 959.59814453125 969.531433105469 965.886413574219 967.416687011719 970.941589355469 974.46435546875 976.574340820312 975.885803222656 977.545104980469 986.834228515625 971.725891113281 962.9599609375 969.717346191406 979.303161621094 985.26513671875 982.565490722656 984.195861816406 983.350341796875 984.291015625 980.041442871094 982.899475097656 981.802307128906 983.725830078125 987.431823730469 993.995422363281 990.155456542969 984.276489257812 981.85888671875 987.461730957031 978.354370117188 979.406372070312 972.443969726562 983.251892089844
994.289367675781 997.590209960938 991.707214355469 993.682495117188 1001.35827636719 997.932861328125 993.770751953125 996.619506835938 997.149963378906 981.6923828125 980.046264648438 981.612487792969 972.197631835938 964.083557128906 973.664489746094 969.012329101562 966.672119140625 969.165893554688 972.419250488281 975.163879394531 983.619812011719 988.6435546875 971.8095703125 968.601501464844 972.684936523438 979.626403808594 980.707946777344 979.777465820312 984.991516113281 988.366333007812 975.609985351562 970.546752929688 976.679504394531 981.783874511719 979.821350097656 980.255065917969 980.532287597656 992.455810546875 986.349365234375 984.296020507812 983.52099609375 979.175842285156 982.959350585938 987.726745605469 974.146118164062 975.525512695312
991.9013671875 1001.48486328125 994.646911621094 1000.24298095703 1000.61883544922 999.741027832031 1010.92926025391 997.751281738281 998.476440429688 986.711853027344 978.602966308594 968.08349609375 976.065551757812 980.281188964844 977.677978515625 972.442993164062 973.49755859375 976.514465332031 968.8837890625 970.944702148438 975.79345703125 985.157470703125 980.441711425781 973.179382324219 987.065795898438 986.381286621094 985.555847167969 989.985717773438 988.850769042969 990.503784179688 983.236572265625 979.006042480469 984.795288085938 982.145202636719 982.026000976562 982.475952148438 991.753601074219 990.746704101562 999.090759277344 992.662109375 982.327087402344 983.552001953125 983.992492675781 982.593078613281 987.849609375 989.802307128906
992.400268554688 996.699035644531 1002.30450439453 999.221374511719 1006.53509521484 1002.63262939453 1003.24468994141 995.286254882812 1004.17028808594 996.118041992188 988.156860351562 979.689453125 979.430969238281 983.075134277344 978.174499511719 972.703247070312 971.89306640625 964.470092773438 967.578552246094 972.61083984375 980.983581542969 989.596374511719 977.038513183594 985.925476074219 986.107360839844 984.819030761719 983.322143554688 995.378479003906 1003.04614257812 993.909912109375 988.79443359375 982.7509765625 989.471618652344 987.595458984375 980.1748046875 984.629821777344 990.612670898438 989.005432128906 988.886840820312 981.891418457031 990.451110839844 985.648864746094 981.374633789062 983.993713378906 991.600463867188 992.322692871094
997.179077148438 1002.95269775391 993.175048828125 994.982543945312 996.944091796875 1005.76300048828 994.880187988281 994.086791992188 996.102661132812 987.087463378906 990.49267578125 982.477722167969 978.171569824219 978.998657226562 983.149719238281 978.502624511719 969.939331054688 969.184509277344 962.857727050781 973.321044921875 984.526733398438 992.102905273438 991.12646484375 983.283508300781 987.597473144531 990.147766113281 987.562866210938 986.586181640625 997.271240234375 997.912048339844 995.219116210938 983.551147460938 983.432067871094 985.096008300781 982.161743164062 978.947326660156 988.306701660156 995.08837890625 993.310791015625 985.32861328125 986.149658203125 991.096801757812 988.010437011719 983.172546386719 984.513366699219 986.145263671875
1007.05969238281 1004.31030273438 998.578857421875 989.754516601562 989.757751464844 990.150939941406 980.987365722656 992.119445800781 995.830688476562 980.820861816406 984.194763183594 972.288269042969 976.685119628906 982.231384277344 979.8232421875 982.604187011719 971.532409667969 967.374084472656 967.810913085938 976.825927734375 989.841430664062 994.312377929688 994.553771972656 987.08154296875 987.197814941406 993.646240234375 982.371276855469 990.551452636719 995.842224121094 998.60595703125 1000.55291748047 993.27880859375 991.388061523438 993.461975097656 986.403137207031 983.229553222656 984.534729003906 991.361938476562 999.909729003906 993.185424804688 984.693542480469 986.159118652344 993.330871582031 989.453063964844 980.501708984375 982.675048828125
1011.38824462891 1018.29864501953 1007.17047119141 996.700988769531 989.35546875 991.165954589844 987.895812988281 985.122131347656 987.671875 988.404296875 983.555603027344 980.162414550781 975.085021972656 983.856628417969 983.797119140625 982.098754882812 970.517822265625 973.356140136719 974.539001464844 978.359313964844 977.66748046875 982.633666992188 984.499572753906 997.017700195312 988.901977539062 992.248352050781 988.128173828125 992.65576171875 995.196533203125 996.977233886719 1003.63531494141 1004.20971679688 1000.18969726562 1000.78485107422 998.230651855469 994.411315917969 993.777526855469 997.806335449219 1005.54193115234 993.842895507812 996.515380859375 1000.12384033203 997.429931640625 991.31689453125 983.599609375 980.868896484375
1018.85607910156 1015.55920410156 1010.34783935547 999.16748046875 989.019775390625 993.102294921875 987.205444335938 981.015808105469 979.460754394531 986.075500488281 985.4619140625 980.698547363281 979.449584960938 979.190063476562 981.156494140625 976.291748046875 979.237182617188 982.815185546875 980.5029296875 974.688232421875 977.778686523438 978.153747558594 989.485778808594 986.911376953125 995.351379394531 998.195068359375 986.271179199219 991.013610839844 999.257263183594 999.213928222656 992.393188476562 997.148193359375 1007.390625 1004.71923828125 998.926330566406 1007.20617675781 998.851318359375 1003.19708251953 994.279052734375 997.203063964844 1002.54339599609 997.329711914062 995.998596191406 986.941345214844 983.357727050781 987.359497070312
1011.45727539062 1010.03717041016 1011.56481933594 998.899536132812 1002.64587402344 994.4150390625 990.280334472656 986.976928710938 990.597961425781 992.751159667969 993.064636230469 983.813354492188 982.321166992188 984.119812011719 973.919067382812 987.946166992188 984.017761230469 979.492553710938 974.008117675781 974.067443847656 976.828979492188 975.083679199219 994.156799316406 989.034606933594 984.787170410156 996.648498535156 992.92578125 993.567932128906 995.742065429688 1004.13336181641 988.906433105469 994.816833496094 1001.96710205078 1003.822265625 1007.40277099609 1008.19232177734 1000.16375732422 1000.88647460938 1004.49133300781 1008.34594726562 1001.15405273438 997.240844726562 988.304443359375 993.601196289062 990.149536132812 991.692138671875
1018.80517578125 1011.21197509766 1005.81536865234 994.732299804688 1002.01647949219 993.312194824219 990.043090820312 992.918273925781 989.133239746094 996.818115234375 995.297668457031 992.046813964844 986.038879394531 986.172668457031 974.347839355469 977.103271484375 981.376159667969 980.207946777344 975.408081054688 967.897521972656 970.422729492188 973.937927246094 988.537963867188 983.864440917969 987.773498535156 986.298278808594 983.688598632812 992.607421875 1000.69287109375 991.980712890625 996.516540527344 1000.16357421875 1006.34197998047 1010.82940673828 1011.50347900391 1008.10980224609 1006.73315429688 1001.93780517578 1003.58581542969 1004.16046142578 1008.61517333984 992.379028320312 995.305114746094 995.848327636719 995.199279785156 988.665100097656
