data/zlatibor_dem_simulations/DEMsim59.asc
NCOLS 150
NROWS 100
XLLCORNER 7394249
YLLCORNER 4841999
CELLSIZE 30
NODATA_VALUE -9999
[rows 40 to 59 of 100, columns 0 to 45 of 150]
949.669067382812 955.012573242188 953.389953613281 955.469482421875 956.287902832031 965.822875976562 962.345642089844 963.985778808594 959.732421875 958.714782714844 961.757507324219 969.754028320312 966.642272949219 971.093505859375 972.906433105469 969.989562988281 971.530090332031 968.249633789062 972.733947753906 985.194885253906 973.996215820312 980.276916503906 986.220397949219 975.549377441406 976.906005859375 973.974243164062 978.958374023438 977.564025878906 986.732849121094 985.264038085938 981.721313476562 975.796264648438 970.462524414062 973.711975097656 976.179748535156 977.513427734375 979.659973144531 980.9169921875 975.770812988281 976.388488769531 971.347534179688 966.654663085938 973.565124511719 976.437255859375 973.9951171875 967.059326171875
950.230102539062 948.767395019531 948.399475097656 960.614318847656 963.980163574219 963.279907226562 969.8359375 976.71533203125 974.483215332031 970.519470214844 973.432800292969 974.121032714844 971.782531738281 970.252868652344 968.395385742188 977.336303710938 979.044738769531 971.839538574219 974.825622558594 978.7119140625 976.361633300781 977.401733398438 977.544250488281 968.241943359375 973.122802734375 975.975708007812 980.330871582031 980.465454101562 981.323364257812 984.158508300781 980.19091796875 974.735778808594 975.918273925781 978.712341308594 982.641906738281 979.901916503906 979.610595703125 975.885070800781 974.548095703125 973.631591796875 974.376892089844 971.568298339844 975.880004882812 974.837280273438 971.154418945312 966.043029785156
948.715087890625 946.643432617188 950.676635742188 949.892822265625 951.618530273438 965.979797363281 968.952453613281 969.909973144531 970.528747558594 971.50341796875 968.56884765625 966.263000488281 969.815551757812 969.103942871094 983.162231445312 977.697326660156 982.608215332031 972.320739746094 977.181457519531 988.950378417969 979.16455078125 974.289794921875 970.586669921875 970.345520019531 966.181884765625 973.828735351562 984.549255371094 974.885192871094 975.549743652344 985.026428222656 982.165161132812 977.451354980469 975.387390136719 974.414184570312 968.461791992188 969.834228515625 967.6708984375 976.988891601562 977.231323242188 970.901611328125 974.562866210938 970.967651367188 969.094787597656 968.160461425781 971.941589355469 964.224060058594
946.618225097656 945.15234375 944.703125 949.101806640625 941.522033691406 952.860168457031 950.458984375 957.112731933594 964.826538085938 973.2021484375 977.595336914062 970.590637207031 970.800170898438 967.674194335938 977.796875 979.032104492188 981.123901367188 978.161499023438 979.258544921875 979.379272460938 972.530578613281 972.413452148438 969.370300292969 963.321655273438 965.442565917969 971.742431640625 969.919616699219 974.58935546875 978.109619140625 980.967407226562 985.247802734375 975.513671875 978.726318359375 969.223876953125 980.298583984375 976.412475585938 968.918273925781 975.87353515625 973.901489257812 969.608947753906 973.384765625 963.863891601562 965.928894042969 966.434875488281 966.627624511719 969.794738769531
954.194519042969 943.041687011719 940.922729492188 935.555358886719 936.013061523438 941.678527832031 945.405578613281 948.284790039062 957.03857421875 965.144958496094 972.74609375 980.670043945312 973.169128417969 961.682922363281 970.537170410156 972.958801269531 972.929077148438 985.888122558594 974.226318359375 970.082092285156 964.741638183594 958.600952148438 961.355346679688 956.786254882812 964.761474609375 963.521728515625 971.445861816406 979.319641113281 981.40380859375 972.063720703125 978.213012695312 979.307739257812 976.806091308594 976.720703125 973.575988769531 980.141906738281 973.22900390625 973.062316894531 971.227661132812 971.352416992188 969.975830078125 969.411865234375 963.514465332031 971.01953125 958.32373046875 959.3359375
944.629089355469 949.202514648438 939.793151855469 938.378845214844 937.210205078125 945.222473144531 949.411193847656 954.667419433594 961.087463378906 969.824584960938 970.820434570312 976.608093261719 968.378051757812 968.257019042969 969.111145019531 974.652893066406 976.037719726562 975.480407714844 979.90625 963.704406738281 958.024597167969 965.431396484375 965.5205078125 967.583618164062 967.227478027344 963.689208984375 971.918518066406 977.686462402344 988.438171386719 973.510559082031 977.591186523438 976.141723632812 974.54638671875 973.434204101562 976.838256835938 970.963745117188 970.506530761719 968.993347167969 969.565490722656 973.302490234375 970.46630859375 966.837951660156 966.363159179688 964.600708007812 960.24462890625 964.772888183594
952.925231933594 946.715454101562 938.364196777344 944.28466796875 942.742370605469 953.483947753906 958.677001953125 963.088073730469 965.905090332031 960.067260742188 967.208801269531 969.819213867188 968.79638671875 967.005126953125 966.582458496094 973.761047363281 971.348754882812 975.196655273438 978.814025878906 961.765808105469 960.397155761719 961.719299316406 960.173583984375 970.914733886719 969.237976074219 974.442687988281 964.654052734375 970.650146484375 977.512329101562 978.861022949219 975.768127441406 977.6044921875 974.07177734375 977.712341308594 977.145629882812 975.025573730469 966.998168945312 971.147583007812 973.130737304688 968.660766601562 974.883056640625 973.362365722656 968.344970703125 964.753601074219 963.270446777344 964.148132324219
946.283569335938 945.549499511719 957.00634765625 949.020385742188 957.890686035156 967.078796386719 962.283020019531 975.334655761719 970.300048828125 971.090698242188 969.230651855469 968.433654785156 967.229553222656 968.395874023438 970.649597167969 976.007873535156 973.822570800781 979.681579589844 975.590026855469 976.194580078125 972.161804199219 960.7568359375 955.491149902344 964.657043457031 968.267395019531 957.680908203125 964.302062988281 968.0751953125 967.750427246094 972.253601074219 966.536560058594 976.886657714844 972.980529785156 972.529479980469 977.425720214844 971.427673339844 964.079895019531 961.357482910156 961.942687988281 960.832336425781 969.26171875 968.878784179688 968.439208984375 963.540161132812 959.571105957031 959.767822265625
946.446350097656 945.807922363281 965.525573730469 961.738037109375 959.076599121094 960.731079101562 972.356262207031 969.681762695312 974.38818359375 970.118835449219 970.479248046875 967.4267578125 979.54736328125 980.295715332031 969.026062011719 978.325256347656 981.906372070312 981.52685546875 970.023254394531 971.43115234375 965.547119140625 967.935607910156 960.643005371094 964.509704589844 960.39501953125 959.297607421875 957.574645996094 965.036376953125 967.766845703125 963.914428710938 971.220458984375 977.905578613281 974.171142578125 980.914916992188 967.784912109375 971.591674804688 966.267456054688 965.132690429688 960.147094726562 961.584289550781 961.350524902344 965.237243652344 963.290405273438 967.773376464844 959.562622070312 967.088562011719
954.251403808594 956.86083984375 959.755310058594 967.247985839844 971.538757324219 965.849304199219 968.135681152344 974.582153320312 975.908569335938 970.62841796875 966.1337890625 972.164978027344 974.122436523438 975.667846679688 977.245422363281 968.870971679688 979.4404296875 972.874694824219 973.232788085938 964.826538085938 968.539123535156 969.308410644531 959.845642089844 957.297546386719 966.960021972656 962.991821289062 961.550903320312 967.699645996094 963.105407714844 965.690368652344 969.597045898438 972.716735839844 978.489868164062 978.815612792969 976.343200683594 973.194213867188 969.537048339844 964.54541015625 958.4619140625 960.651489257812 960.099304199219 963.402893066406 959.563171386719 959.817443847656 960.846496582031 970.646240234375
952.021789550781 954.502990722656 960.036987304688 968.051818847656 962.772766113281 963.379699707031 965.384887695312 979.618103027344 975.023681640625 967.124938964844 969.156677246094 977.801696777344 974.296752929688 972.870239257812 972.964904785156 977.916381835938 970.575805664062 967.486999511719 970.75244140625 974.391357421875 963.027038574219 963.582641601562 963.922424316406 963.249755859375 962.688720703125 959.447265625 958.325012207031 960.894958496094 961.127990722656 969.753723144531 972.142517089844 969.138488769531 975.974853515625 975.654907226562 976.821594238281 977.084899902344 969.753234863281 969.265930175781 963.200378417969 974.101196289062 956.606140136719 962.95849609375 956.879089355469 968.087463378906 972.08984375 968.820190429688
951.682189941406 959.002807617188 968.207702636719 964.97412109375 961.077026367188 963.206665039062 968.971008300781 970.849731445312 965.3818359375 961.159301757812 973.037902832031 977.551818847656 978.882690429688 977.497802734375 975.767639160156 972.107788085938 963.98681640625 967.994689941406 971.359802246094 966.426879882812 965.867065429688 957.437561035156 953.338195800781 958.549133300781 960.456298828125 961.6220703125 964.672546386719 956.838562011719 961.508361816406 971.834716796875 970.048950195312 979.986877441406 977.08837890625 978.044921875 980.3759765625 972.614196777344 973.774719238281 973.75048828125 955.97509765625 957.096496582031 956.060607910156 950.728271484375 959.010192871094 966.363525390625 963.438415527344 966.717651367188
953.422729492188 963.51123046875 965.5234375 958.983642578125 957.800720214844 961.816162109375 963.87109375 974.755920410156 972.351867675781 955.582641601562 972.919311523438 977.419555664062 975.131103515625 974.1650390625 969.754333496094 966.286560058594 962.319091796875 962.594665527344 961.113159179688 955.142211914062 961.765075683594 957.661499023438 957.125793457031 958.145202636719 961.895202636719 960.045715332031 961.334228515625 959.286010742188 959.409423828125 966.610778808594 970.183349609375 967.682250976562 976.563293457031 978.031066894531 980.587585449219 980.004943847656 975.701049804688 968.686279296875 967.4130859375 956.859008789062 951.659790039062 960.724609375 949.812927246094 952.1640625 959.969482421875 961.078979492188
962.703857421875 956.26611328125 964.981689453125 960.446044921875 969.882507324219 970.644104003906 969.065673828125 977.680541992188 970.641357421875 959.658203125 961.951843261719 978.737915039062 974.6708984375 974.075134277344 971.333801269531 970.586486816406 962.789428710938 967.236206054688 962.859191894531 957.145446777344 959.845520019531 963.944763183594 969.667114257812 962.671264648438 957.164428710938 960.272644042969 959.253723144531 973.409545898438 971.407409667969 960.735229492188 962.326965332031 966.753540039062 967.537719726562 977.496032714844 973.360717773438 969.126831054688 967.787231445312 963.530212402344 972.640625 955.376770019531 953.157531738281 954.228576660156 955.681335449219 951.189270019531 956.1083984375 958.244567871094
968.515625 967.012329101562 972.858520507812 974.040649414062 971.36962890625 973.31982421875 974.108703613281 972.239501953125 960.867492675781 960.770202636719 970.738464355469 977.089782714844 986.186584472656 976.956726074219 972.970336914062 966.572814941406 973.546752929688 976.806457519531 972.109130859375 962.728637695312 966.107543945312 973.502380371094 960.494812011719 964.247314453125 954.002624511719 959.702819824219 964.751892089844 961.073181152344 975.724304199219 962.901611328125 963.57177734375 969.574951171875 956.616027832031 975.029174804688 967.430603027344 971.824157714844 962.697631835938 965.650939941406 967.880615234375 959.343627929688 951.604125976562 956.573486328125 959.908264160156 948.258972167969 949.626281738281 947.74072265625
964.852478027344 971.358581542969 976.835510253906 971.0498046875 976.437927246094 972.838012695312 977.296325683594 975.243713378906 966.981201171875 965.390258789062 974.560302734375 981.720947265625 982.102661132812 983.376647949219 979.591979980469 972.516784667969 971.462585449219 978.369567871094 974.03662109375 964.482849121094 964.785827636719 972.807067871094 969.95361328125 959.980163574219 959.517333984375 951.4580078125 955.328491210938 958.814270019531 962.253662109375 963.291320800781 959.208129882812 952.76708984375 959.464538574219 967.597290039062 970.296936035156 967.934753417969 965.187805175781 969.781127929688 966.259704589844 953.407531738281 957.955383300781 953.538635253906 950.791320800781 949.486999511719 949.117797851562 947.470764160156
972.139831542969 979.056884765625 980.239929199219 969.556213378906 972.985290527344 979.505310058594 970.235412597656 966.509033203125 970.215026855469 965.240356445312 972.310485839844 980.276306152344 974.504028320312 974.747741699219 980.325073242188 974.808715820312 978.090148925781 966.338256835938 966.890197753906 969.410095214844 967.426940917969 970.894348144531 966.843933105469 951.56640625 940.645690917969 942.880004882812 944.637390136719 953.018249511719 954.569885253906 952.151977539062 956.217529296875 952.989868164062 952.481262207031 958.923217773438 965.910461425781 961.267211914062 966.273010253906 967.331176757812 971.029113769531 963.753234863281 955.087524414062 959.498107910156 955.237243652344 947.442321777344 963.236083984375 954.634094238281
974.01123046875 982.4873046875 984.364379882812 975.354187011719 971.695129394531 971.87890625 975.547058105469 965.166564941406 961.38134765625 953.484741210938 963.268676757812 971.369140625 978.600524902344 974.240661621094 974.976318359375 978.925659179688 972.95361328125 975.05322265625 968.236511230469 959.549926757812 971.310241699219 966.034790039062 956.482727050781 947.996398925781 941.477844238281 946.063842773438 949.222717285156 952.057434082031 957.264282226562 952.440612792969 949.244750976562 950.227722167969 949.545959472656 951.675109863281 942.199096679688 948.2177734375 955.687805175781 965.040649414062 969.721801757812 959.480712890625 959.048583984375 958.565856933594 962.382629394531 955.465881347656 957.223205566406 956.215087890625
974.133544921875 977.309692382812 971.731323242188 970.743835449219 973.485656738281 975.44921875 972.593688964844 970.142211914062 963.626770019531 957.866088867188 959.012634277344 963.020263671875 968.89501953125 978.87451171875 984.32177734375 972.862365722656 968.374938964844 971.999084472656 958.013061523438 956.107543945312 956.909057617188 964.948669433594 958.152465820312 952.647705078125 941.347290039062 949.931579589844 938.577331542969 941.923767089844 942.504516601562 942.467834472656 955.557800292969 951.481018066406 956.142639160156 953.617553710938 944.690795898438 948.693908691406 950.719604492188 962.425598144531 962.441711425781 959.642944335938 955.606384277344 960.109985351562 951.17138671875 950.734130859375 956.700927734375 942.123413085938
972.535217285156 974.985595703125 969.617919921875 972.084167480469 969.07861328125 979.741638183594 973.493469238281 961.607116699219 961.223388671875 960.211120605469 961.54833984375 961.377380371094 972.5400390625 976.579467773438 974.632202148438 968.028625488281 969.947448730469 962.537048339844 955.793212890625 943.025085449219 949.575134277344 962.665222167969 954.504455566406 945.977172851562 939.210754394531 940.009155273438 939.300048828125 939.016052246094 934.423461914062 937.68994140625 950.54833984375 954.172241210938 949.415649414062 960.474426269531 953.949035644531 952.005920410156 949.5078125 959.121765136719 959.137451171875 955.847717285156 949.650207519531 946.417297363281 941.141357421875 945.971374511719 955.051879882812 953.2001953125
