data/zlatibor_dem_simulations/DEMsim95 (1).asc
NCOLS 150
NROWS 100
XLLCORNER 7394249
YLLCORNER 4841999
CELLSIZE 30
NODATA_VALUE -9999
[rows 80 to 99 of 100, columns 46 to 91 of 150]
993.329406738281 994.793884277344 984.859008789062 993.192199707031 988.6884765625 993.275329589844 992.00634765625 994.317443847656 992.123352050781 982.953857421875 989.577087402344 993.315795898438 980.525695800781 986.026733398438 982.353759765625 973.378173828125 976.655090332031 972.032775878906 975.961486816406 975.318481445312 980.782653808594 978.523254394531 974.14697265625 971.877624511719 975.531311035156 977.951354980469 990.476257324219 991.582153320312 989.498657226562 990.337341308594 999.774108886719 999.609191894531 1008.81079101562 1015.67205810547 1019.73547363281 1006.54919433594 1009.65985107422 1007.62493896484 1003.58935546875 1005.12829589844 993.257995605469 995.175170898438 989.683288574219 993.646911621094 991.863403320312 996.059326171875
1006.47650146484 994.103454589844 983.724609375 986.002685546875 989.336364746094 988.740112304688 991.667358398438 992.380615234375 990.859802246094 991.309143066406 992.881164550781 990.46923828125 979.600280761719 981.532653808594 981.195922851562 968.306762695312 976.195068359375 986.550964355469 987.706848144531 978.790466308594 975.223205566406 977.675048828125 976.695556640625 976.754516601562 978.523742675781 980.664367675781 980.315368652344 990.30029296875 984.363220214844 983.393981933594 993.758483886719 1000.40118408203 1012.58154296875 1014.42572021484 1015.30865478516 1009.62384033203 1011.53887939453 1006.37567138672 997.248779296875 1008.44378662109 997.38134765625 994.102416992188 993.432739257812 993.927856445312 991.533935546875 1005.94421386719
1000.74682617188 995.970092773438 995.541198730469 984.9814453125 989.14990234375 985.583435058594 991.407409667969 988.440734863281 984.065673828125 987.048461914062 990.564086914062 995.624755859375 983.367492675781 981.846252441406 979.347717285156 975.978698730469 972.256652832031 976.481262207031 987.410949707031 976.209655761719 979.937561035156 983.613830566406 976.786193847656 980.946655273438 988.880310058594 976.480895996094 985.137084960938 990.986999511719 985.358825683594 980.339477539062 992.162292480469 1002.88311767578 1003.01885986328 1001.98004150391 1004.74206542969 1007.83801269531 1004.56188964844 1012.13702392578 1007.45147705078 1005.08898925781 1004.57183837891 999.372619628906 1000.248046875 1005.46820068359 998.006591796875 999.984191894531
1008.50695800781 1001.826171875 999.189819335938 991.486083984375 993.687255859375 999.629028320312 996.350158691406 985.625671386719 983.933654785156 983.906799316406 982.554565429688 989.970581054688 988.333923339844 990.53662109375 980.604797363281 976.508544921875 982.750854492188 983.270568847656 983.818359375 982.749755859375 980.387817382812 979.601318359375 981.46484375 982.568664550781 990.929382324219 989.176330566406 985.501403808594 985.089965820312 989.260131835938 993.065002441406 987.294982910156 992.685852050781 991.348693847656 994.659057617188 994.195190429688 1001.31976318359 1005.93798828125 1005.35162353516 1006.73010253906 1006.87408447266 1004.34716796875 1001.33966064453 998.291320800781 999.730041503906 1002.61010742188 1003.47625732422
1010.96417236328 1007.32177734375 1001.39898681641 996.816040039062 991.942749023438 1000.52374267578 1003.50848388672 991.569458007812 979.121215820312 985.762817382812 982.297058105469 991.714965820312 995.544738769531 992.678100585938 987.711791992188 985.857360839844 982.811584472656 992.515991210938 981.762145996094 981.611328125 973.62890625 980.480651855469 984.642639160156 984.441040039062 987.804748535156 993.983459472656 997.854125976562 992.641235351562 986.446166992188 987.523254394531 986.168640136719 996.859924316406 995.010620117188 996.90283203125 998.743469238281 1002.22729492188 1005.79132080078 1002.12805175781 1007.86242675781 1004.56988525391 992.905151367188 989.61865234375 989.705505371094 993.767395019531 1005.06787109375 1010.62078857422
1005.18127441406 1004.99444580078 1004.77569580078 1001.63165283203 993.454833984375 997.687377929688 997.7978515625 992.794067382812 986.073303222656 985.091613769531 993.921752929688 992.485412597656 999.121948242188 1000.93200683594 988.282165527344 980.699645996094 985.357727050781 983.332885742188 975.594848632812 972.026428222656 975.830993652344 978.996826171875 989.439453125 988.195068359375 986.413269042969 990.514831542969 998.687744140625 994.926940917969 996.799682617188 990.31396484375 987.316772460938 992.402954101562 993.967834472656 993.582763671875 991.396179199219 1000.7177734375 1006.49627685547 1012.52423095703 1017.46490478516 1008.39605712891 991.69287109375 985.112365722656 993.797973632812 991.907897949219 1001.16760253906 1010.95184326172
991.17626953125 993.509521484375 997.758178710938 1006.35833740234 1000.61187744141 999.381530761719 997.584716796875 1000.07659912109 988.918884277344 992.009948730469 994.566467285156 994.744201660156 1000.21466064453 994.705261230469 990.3359375 983.567687988281 987.931518554688 973.15380859375 977.502319335938 984.876525878906 982.994140625 992.578857421875 982.165161132812 990.305541992188 992.08837890625 994.562255859375 993.502807617188 1002.74450683594 996.156066894531 991.169738769531 985.907653808594 993.740356445312 987.482727050781 983.476196289062 991.607299804688 996.894897460938 1005.31909179688 1012.84149169922 1006.54376220703 1010.193359375 999.589416503906 997.240112304688 1001.33203125 997.493041992188 997.521789550781 1008.26068115234
988.669555664062 992.799377441406 1001.00939941406 997.004699707031 995.702209472656 992.69775390625 996.572692871094 997.116943359375 996.51611328125 993.995361328125 993.649475097656 1000.29040527344 992.447143554688 996.920166015625 992.844787597656 994.67724609375 986.580444335938 974.864135742188 978.123229980469 981.329711914062 988.652465820312 985.925842285156 980.141357421875 987.925598144531 983.241760253906 989.296569824219 998.078186035156 996.636352539062 994.095397949219 987.609313964844 985.365600585938 987.351257324219 992.817199707031 990.308654785156 986.627197265625 988.403381347656 995.272644042969 1005.95220947266 1006.08087158203 1005.76831054688 1012.50128173828 1004.42431640625 1007.70819091797 1001.43817138672 1004.58184814453 998.314819335938
994.321044921875 994.972961425781 1000.03826904297 997.223327636719 994.951171875 997.315307617188 1004.21435546875 999.558776855469 994.694030761719 986.944213867188 988.784301757812 992.846923828125 990.018615722656 1002.28875732422 1001.56909179688 993.252014160156 999.133422851562 989.9091796875 993.601989746094 990.329284667969 992.541748046875 983.939392089844 979.109802246094 981.733947753906 991.572631835938 994.61474609375 992.198059082031 997.108764648438 993.378295898438 984.766174316406 984.188598632812 983.948425292969 996.1103515625 997.44775390625 989.444519042969 991.47998046875 993.605041503906 998.689086914062 1002.57965087891 1005.34588623047 1015.60906982422 1022.92437744141 1009.06683349609 1005.36279296875 1008.70520019531 1001.62707519531
980.51416015625 992.135681152344 995.14501953125 988.615539550781 997.285949707031 999.577697753906 987.901306152344 991.656066894531 997.162353515625 996.396057128906 994.212829589844 994.5703125 996.423767089844 1002.16516113281 999.482849121094 998.918212890625 992.789245605469 993.226135253906 987.286254882812 994.416381835938 1000.54614257812 992.397277832031 989.114562988281 989.832763671875 986.586181640625 989.964233398438 996.041625976562 1000.93145751953 1002.77673339844 994.040710449219 994.688903808594 994.617492675781 996.761657714844 996.449523925781 994.050659179688 994.522033691406 990.714111328125 984.410095214844 995.439331054688 1003.78381347656 1008.72076416016 1016.11096191406 1012.70532226562 1010.80920410156 1005.52990722656 1004.65563964844
983.015930175781 990.92431640625 994.070007324219 992.87451171875 988.432434082031 998.031982421875 996.857055664062 994.541076660156 993.585083007812 995.903259277344 1005.21099853516 999.524597167969 999.7236328125 1003.39813232422 1000.96221923828 1002.36578369141 996.572448730469 993.304443359375 991.263488769531 996.103942871094 1001.64044189453 997.212585449219 992.848999023438 990.542236328125 991.666625976562 999.2392578125 1004.16064453125 1006.89123535156 1004.38293457031 996.168701171875 990.575134277344 998.247314453125 999.8515625 995.816162109375 986.138916015625 984.262268066406 991.465270996094 987.169738769531 992.505126953125 999.943420410156 1008.06158447266 1016.42022705078 1014.07775878906 1011.59234619141 1010.62225341797 1006.732421875
986.044311523438 989.115051269531 988.8779296875 990.668579101562 993.548706054688 995.483337402344 991.967163085938 1001.36273193359 996.35888671875 996.260131835938 999.237182617188 1004.68511962891 1002.70526123047 997.39697265625 989.56103515625 1006.8076171875 1000.10504150391 998.390563964844 997.502258300781 996.385375976562 1004.67309570312 995.718017578125 990.725646972656 995.413757324219 999.202575683594 994.760314941406 998.462829589844 995.379028320312 1003.26489257812 993.571899414062 989.325134277344 987.998779296875 991.648742675781 996.446594238281 987.099853515625 989.131713867188 992.071594238281 996.062072753906 999.35302734375 999.35107421875 1005.45013427734 1008.39831542969 1017.03448486328 1012.65643310547 1005.08477783203 1005.36871337891
979.841003417969 981.209289550781 984.780639648438 984.467651367188 990.260009765625 988.135803222656 987.177429199219 997.030029296875 995.309387207031 1000.97454833984 1005.69598388672 1007.08044433594 1012.4951171875 1005.30920410156 1005.31494140625 1003.01989746094 1010.98382568359 1005.74578857422 1000.55377197266 991.511169433594 994.7763671875 989.36962890625 997.821228027344 993.7021484375 991.513854980469 998.517822265625 993.451232910156 1001.79028320312 998.209716796875 992.629943847656 986.326232910156 989.403503417969 991.407897949219 993.847961425781 992.305114746094 1002.05072021484 999.205810546875 1004.47290039062 1001.42840576172 998.957885742188 991.542175292969 1005.30609130859 1011.84954833984 1011.97045898438 1009.83386230469 1019.09973144531
977.688720703125 968.891235351562 972.03125 971.840393066406 984.501342773438 983.237182617188 986.612487792969 997.51806640625 1007.22308349609 1001.47491455078 1000.91748046875 1004.99084472656 1006.06646728516 1016.12109375 1010.57330322266 1015.43438720703 1022.48895263672 1013.67828369141 1004.07592773438 989.441101074219 991.021606445312 994.727722167969 1002.39288330078 994.725036621094 1002.37786865234 999.205444335938 993.453308105469 1005.64440917969 1004.16705322266 1004.72821044922 999.216796875 998.445007324219 993.42919921875 994.790222167969 1002.42309570312 1003.55139160156 1005.64581298828 1001.09698486328 1003.00238037109 1000.56817626953 995.856079101562 1004.08801269531 1005.40618896484 1006.34094238281 1012.17163085938 1018.85003662109
976.301025390625 967.406433105469 977.920837402344 975.401123046875 982.002380371094 990.527160644531 990.161743164062 992.028564453125 994.950500488281 995.550598144531 1001.62329101562 996.742370605469 1001.43176269531 1016.51214599609 1016.5517578125 1016.37780761719 1019.89477539062 1017.22088623047 1013.35284423828 1002.7724609375 1000.62927246094 999.083435058594 996.346862792969 1003.82849121094 1005.68548583984 1004.72698974609 1007.36999511719 1006.82080078125 1008.99322509766 1008.18896484375 1002.21978759766 998.013732910156 995.070190429688 996.314208984375 999.613952636719 1001.93041992188 1010.08666992188 998.836975097656 1004.47711181641 1001.74011230469 999.090698242188 1003.44732666016 999.744384765625 1006.10095214844 1008.25238037109 1016.69470214844
980.52197265625 971.9482421875 977.137634277344 975.878112792969 982.263122558594 986.615234375 986.564575195312 991.285583496094 992.679016113281 990.37158203125 992.481994628906 1000.42742919922 1005.841796875 1009.77941894531 1021.74041748047 1023.00146484375 1020.96472167969 1019.27978515625 1019.68908691406 1016.82360839844 1009.89050292969 1007.38269042969 1001.95642089844 1004.19110107422 1011.12109375 1009.32342529297 1011.95294189453 1008.37548828125 1014.32763671875 1007.57684326172 1002.46685791016 1002.36016845703 999.4306640625 994.798095703125 1001.81994628906 1002.05279541016 998.223754882812 995.468444824219 992.281372070312 995.656311035156 995.581604003906 1002.08990478516 1011.15661621094 997.425109863281 1005.57104492188 1007.38452148438
976.454345703125 964.684692382812 972.012878417969 982.398010253906 992.549743652344 984.560852050781 979.827270507812 978.02685546875 981.119262695312 986.602111816406 988.659851074219 996.346374511719 1012.24768066406 1012.77185058594 1012.40124511719 1010.00964355469 1025.92895507812 1013.96575927734 1020.01080322266 1012.72119140625 1010.11395263672 1010.03131103516 1005.82708740234 1008.533203125 1013.08923339844 1012.76818847656 1023.09173583984 1011.20935058594 1002.60485839844 1003.38079833984 1003.78790283203 1013.16589355469 1001.36029052734 1000.52239990234 995.99267578125 1004.40777587891 1004.521484375 997.337158203125 990.346435546875 992.101135253906 1001.91998291016 1008.40051269531 1003.65124511719 1004.16918945312 1009.67456054688 1011.88635253906
975.46484375 967.81884765625 971.404235839844 978.300354003906 982.89697265625 982.338684082031 977.770141601562 984.429382324219 988.256408691406 987.338073730469 996.386901855469 994.479187011719 1012.52319335938 1016.96710205078 1004.80377197266 1010.83734130859 1021.91497802734 1024.32470703125 1024.88525390625 1017.87628173828 1016.21337890625 1014.46209716797 1008.26947021484 1007.45947265625 999.199157714844 1008.03149414062 1017.25305175781 1003.32238769531 1013.44641113281 1005.88775634766 1011.62048339844 1011.92071533203 1010.08233642578 1011.81500244141 1004.86212158203 1002.58850097656 1004.38934326172 1007.71313476562 995.355712890625 994.188781738281 1005.40411376953 1002.76202392578 1000.25299072266 1006.23663330078 1010.19250488281 1013.42077636719
971.837036132812 975.749877929688 975.431823730469 983.927185058594 988.682922363281 986.22314453125 989.102294921875 983.67578125 987.667846679688 984.184509277344 987.759521484375 999.754821777344 1003.83569335938 1016.14477539062 1007.99206542969 1018.71850585938 1019.69598388672 1022.76593017578 1024.34008789062 1013.57318115234 1013.43981933594 1016.28350830078 1010.84033203125 1006.86706542969 1005.31994628906 1010.12585449219 1014.25061035156 1022.41729736328 1028.75854492188 1023.78930664062 1016.81768798828 1014.74224853516 1011.66705322266 1013.04779052734 1014.98156738281 1003.25219726562 1005.82482910156 1003.01605224609 1001.88610839844 999.097229003906 998.757080078125 1002.06298828125 997.68017578125 1006.60528564453 1008.70587158203 1011.68780517578
976.514282226562 971.995300292969 976.843444824219 980.483032226562 991.988586425781 999.460754394531 989.403381347656 984.832397460938 986.728515625 978.525756835938 975.893371582031 989.556457519531 996.274780273438 1002.25091552734 1008.51409912109 1007.14947509766 1018.91711425781 1018.93927001953 1025.33801269531 1020.16192626953 1012.61437988281 1008.00885009766 1008.49285888672 1004.60296630859 1008.10205078125 1004.48333740234 1015.45715332031 1018.88275146484 1008.533203125 1012.43518066406 1015.37139892578 1020.53216552734 1015.64990234375 1016.96856689453 1012.39807128906 1001.84552001953 999.107849121094 997.620910644531 1010.51239013672 1006.71502685547 1008.74127197266 1005.93597412109 1007.13616943359 1011.92303466797 1008.62969970703 1011.93548583984
