data/zlatibor_dem_simulations/DEMsim15.asc
NCOLS 150
NROWS 100
XLLCORNER 7394249
YLLCORNER 4841999
CELLSIZE 30
NODATA_VALUE -9999
[rows 20 to 39 of 100, columns 92 to 137 of 150]
992.306762695312 989.480834960938 994.211608886719 1010.54522705078 1009.41845703125 1008.26770019531 1002.83831787109 1008.46795654297 1014.17132568359 1009.01806640625 999.048095703125 995.034240722656 1002.51788330078 992.672729492188 983.01220703125 996.045532226562 988.259643554688 970.823547363281 972.49072265625 955.9345703125 952.263732910156 942.195556640625 930.206420898438 942.327514648438 934.401428222656 932.718688964844 940.040161132812 951.461975097656 953.192260742188 964.121704101562 976.914306640625 991.143127441406 1006.2216796875 1008.9951171875 1009.17864990234 1021.07305908203 1035.27160644531 1046.09594726562 1067.75268554688 1058.87390136719 1059.96997070312 1059.56018066406 1066.47692871094 1070.15075683594 1064.00695800781 1076.98937988281
999.780395507812 1009.20703125 1015.89312744141 1024.20544433594 1017.17626953125 1011.23529052734 1009.68298339844 1012.87536621094 1007.3837890625 1004.19616699219 1002.72045898438 1001.9814453125 1001.45513916016 989.359619140625 988.866271972656 990.873657226562 983.272583007812 976.078430175781 972.495727539062 956.656555175781 946.544189453125 947.938781738281 943.998291015625 931.636291503906 939.59130859375 940.337768554688 942.547790527344 952.398315429688 961.737670898438 967.935607910156 978.624084472656 988.154541015625 1002.41827392578 1020.31823730469 1018.76110839844 1022.93511962891 1033.28527832031 1040.5927734375 1053.21105957031 1056.9951171875 1056.44018554688 1060.06982421875 1064.51843261719 1066.85339355469 1063.12731933594 1055.72729492188
1012.56964111328 1014.85729980469 1025.79443359375 1023.70623779297 1015.37084960938 1016.48504638672 1011.68420410156 1009.54943847656 1003.10638427734 1007.84954833984 1006.75042724609 1004.61975097656 1010.95684814453 995.825500488281 996.059875488281 997.417785644531 988.102905273438 977.234313964844 964.617858886719 962.873046875 955.854248046875 941.405395507812 939.067321777344 946.67578125 947.857116699219 951.612670898438 953.991882324219 962.902648925781 975.995971679688 976.703735351562 993.853881835938 996.294555664062 1007.306640625 1015.07434082031 1020.78546142578 1026.90832519531 1040.73059082031 1043.91015625 1052.52185058594 1058.95581054688 1055.61328125 1059.12756347656 1066.19470214844 1057.90368652344 1055.43664550781 1052.12121582031
1006.63507080078 1011.68994140625 1021.89562988281 1016.29791259766 1014.93804931641 1015.40356445312 1007.93927001953 1003.22442626953 1000.37145996094 1007.04058837891 1006.64709472656 1010.73388671875 1015.8134765625 1002.25305175781 995.195190429688 990.968566894531 983.6455078125 982.70068359375 970.9775390625 967.655029296875 952.604309082031 943.462463378906 946.758117675781 953.789184570312 960.276611328125 959.610595703125 965.252014160156 977.094787597656 982.989318847656 991.561157226562 995.5625 1009.84973144531 1019.3603515625 1021.34136962891 1029.41491699219 1036.17346191406 1039.54321289062 1039.40356445312 1051.8037109375 1053.31823730469 1054.83374023438 1052.15942382812 1060.99536132812 1061.89538574219 1059.22778320312 1051.42907714844
1011.06683349609 1019.73950195312 1019.98376464844 1021.19366455078 1010.83673095703 1010.80450439453 1010.75830078125 998.252258300781 996.462097167969 1000.79815673828 1001.34228515625 1010.25927734375 1012.92431640625 1013.85198974609 1012.00604248047 994.256774902344 986.852172851562 986.810424804688 968.31982421875 962.622009277344 956.962341308594 942.205200195312 945.484375 951.960327148438 960.358215332031 963.991760253906 964.233337402344 984.604125976562 997.02294921875 1003.93646240234 1001.76647949219 1010.33099365234 1015.98596191406 1017.95935058594 1026.32373046875 1037.041015625 1035.43371582031 1047.22143554688 1040.49841308594 1047.33801269531 1054.43188476562 1052.92517089844 1051.60119628906 1057.70593261719 1053.67102050781 1055.06298828125
1018.31634521484 1020.60388183594 1008.39825439453 1015.95935058594 1009.97198486328 1012.49243164062 989.851379394531 997.846740722656 997.406921386719 1001.44403076172 1006.54992675781 1010.32434082031 1003.87048339844 1004.44354248047 1007.85577392578 1001.88897705078 986.555786132812 984.717834472656 974.415771484375 972.710021972656 961.045166015625 950.208923339844 949.956787109375 954.54541015625 960.496276855469 968.689147949219 976.128845214844 983.154724121094 997.250671386719 1006.92828369141 1016.58636474609 1015.76538085938 1016.99792480469 1021.59497070312 1022.89245605469 1023.14288330078 1039.55822753906 1040.66101074219 1040.96228027344 1044.29833984375 1045.98596191406 1043.67370605469 1050.31774902344 1049.71008300781 1050.55407714844 1052.12048339844
1021.267578125 1018.34350585938 1013.2421875 1012.50384521484 1016.69665527344 1008.94598388672 1007.34075927734 1002.42974853516 1001.607421875 1007.50030517578 1005.29614257812 1002.85900878906 999.600769042969 1007.69744873047 1001.61962890625 997.83056640625 988.604797363281 988.966552734375 970.703186035156 960.293029785156 958.940368652344 950.750122070312 953.671203613281 961.467163085938 959.934753417969 973.809448242188 977.723388671875 984.034484863281 987.387023925781 991.612670898438 1010.23809814453 1016.21563720703 1016.72790527344 1014.63653564453 1018.48968505859 1032.36145019531 1032.17224121094 1038.12573242188 1042.50012207031 1050.4580078125 1045.75317382812 1049.35119628906 1050.12023925781 1056.39709472656 1056.46313476562 1054.078125
1021.27911376953 1017.27239990234 1009.20166015625 1005.60968017578 1011.52270507812 1017.36682128906 1004.05987548828 1005.39105224609 995.988647460938 1001.01196289062 1001.16625976562 1005.69848632812 1004.98980712891 1001.26422119141 998.845947265625 994.697631835938 993.405029296875 983.936157226562 980.215454101562 970.837463378906 961.901672363281 954.45849609375 958.7919921875 952.657958984375 971.329650878906 976.782043457031 975.407348632812 982.679321289062 977.843688964844 993.566955566406 1014.66693115234 1018.91461181641 1024.77038574219 1024.85595703125 1030.82775878906 1042.99499511719 1037.19714355469 1040.35534667969 1040.55737304688 1040.87976074219 1041.49230957031 1041.94506835938 1037.88793945312 1044.12744140625 1048.11999511719 1058.95629882812
1022.50170898438 1022.63494873047 1012.19116210938 1006.00091552734 1013.80267333984 1012.89813232422 1003.73193359375 1004.61187744141 1002.36730957031 997.820434570312 1000.31213378906 1001.76525878906 1004.89935302734 1001.52673339844 1002.97863769531 993.024536132812 986.47021484375 985.869934082031 976.639404296875 972.333740234375 960.1904296875 955.8388671875 956.224243164062 962.21533203125 960.968627929688 960.306274414062 969.960754394531 976.076293945312 974.480407714844 991.739990234375 1004.84783935547 1024.9296875 1029.44604492188 1031.49182128906 1035.91552734375 1044.75231933594 1031.15307617188 1044.71801757812 1042.70874023438 1042.91748046875 1047.25646972656 1043.92822265625 1037.20825195312 1030.42846679688 1035.23669433594 1052.78625488281
1018.05584716797 1022.17437744141 1015.38122558594 1019.03192138672 1010.36126708984 1012.18145751953 1004.67163085938 990.940979003906 1006.33813476562 1004.7177734375 1007.71569824219 1006.21081542969 1012.01519775391 1008.66345214844 999.136474609375 986.066040039062 983.2587890625 979.972106933594 974.819458007812 965.116760253906 957.985595703125 945.126831054688 946.3837890625 963.067077636719 963.230346679688 956.973266601562 971.401245117188 967.716796875 978.567687988281 988.448364257812 999.927124023438 1007.85760498047 1026.24462890625 1033.93334960938 1026.34729003906 1040.80004882812 1042.74072265625 1045.34387207031 1048.18981933594 1040.75939941406 1043.3408203125 1036.21496582031 1030.44995117188 1029.28918457031 1029.26989746094 1031.51513671875
1015.66302490234 1018.79498291016 1014.25524902344 1007.42700195312 1004.70104980469 1008.37359619141 1004.89880371094 996.235412597656 1002.56237792969 1005.40209960938 1006.77423095703 1013.88781738281 1016.17413330078 1015.94305419922 995.107604980469 986.715576171875 990.429260253906 974.330810546875 966.859191894531 963.026306152344 950.860900878906 945.503845214844 949.93701171875 956.526123046875 957.466491699219 956.986022949219 975.252014160156 979.645324707031 979.337158203125 989.102233886719 1001.21179199219 1007.90008544922 1021.92071533203 1019.67974853516 1024.71899414062 1027.78637695312 1028.58740234375 1039.18286132812 1041.31237792969 1035.17065429688 1042.69396972656 1030.28845214844 1027.46789550781 1023.50848388672 1030.8359375 1029.95544433594
1012.34002685547 1011.16851806641 1008.29956054688 1003.57250976562 1006.83892822266 1002.97277832031 1000.52362060547 1000.34918212891 1005.19580078125 1010.32489013672 1004.92260742188 1011.45764160156 1014.08929443359 1005.89019775391 1002.90985107422 999.0546875 985.994934082031 979.097900390625 976.481994628906 972.688293457031 958.797058105469 943.803344726562 946.820129394531 956.3857421875 970.593872070312 964.774963378906 972.727722167969 987.888061523438 989.097106933594 995.317138671875 1003.46295166016 1016.42156982422 1021.59069824219 1019.55810546875 1022.01513671875 1016.76544189453 1028.49304199219 1030.62487792969 1036.61059570312 1030.49743652344 1022.47454833984 1025.86499023438 1017.13708496094 1018.64916992188 1018.66668701172 1025.35119628906
1009.11932373047 1005.94738769531 1010.26116943359 1003.58221435547 1000.23669433594 1018.95159912109 1003.14019775391 996.931213378906 1013.67578125 1005.83032226562 1009.30108642578 1009.7841796875 1007.44006347656 997.510314941406 1004.34136962891 1004.84899902344 995.424560546875 988.449523925781 982.424865722656 976.101867675781 963.419250488281 956.791015625 950.401428222656 957.034851074219 968.257263183594 966.141723632812 975.804809570312 986.537841796875 996.274963378906 1010.40704345703 1017.24090576172 1019.63427734375 1018.98443603516 1019.64410400391 1015.73992919922 1015.65002441406 1013.80883789062 1023.2763671875 1015.29364013672 1011.47125244141 1016.39398193359 1008.99017333984 1011.32464599609 1014.50115966797 1015.35260009766 1027.17663574219
1011.41937255859 1008.70703125 1013.38684082031 1002.72589111328 1000.38946533203 1004.0146484375 1000.62738037109 998.113159179688 1002.10974121094 1000.65130615234 1000.61071777344 1005.71997070312 1005.64764404297 993.384826660156 996.391540527344 995.879699707031 991.481079101562 983.474853515625 983.008117675781 978.682800292969 965.155334472656 963.759765625 957.297607421875 958.766235351562 963.913940429688 971.578430175781 984.861389160156 984.876953125 994.716979980469 1015.93035888672 1011.47766113281 1014.56884765625 1019.56732177734 1019.72412109375 1013.24267578125 1004.21282958984 1011.826171875 1014.24670410156 1013.93426513672 1021.96746826172 1010.06524658203 1007.49780273438 1012.12475585938 1014.08599853516 1021.75561523438 1029.04638671875
1013.34075927734 1007.46069335938 1007.51788330078 1017.78851318359 1011.96466064453 1003.42962646484 1003.58227539062 992.710815429688 990.741821289062 996.378051757812 1000.88513183594 1005.55090332031 1001.83996582031 991.11376953125 997.235534667969 993.380981445312 992.211486816406 987.53076171875 981.024169921875 982.935241699219 974.275939941406 965.948547363281 962.656677246094 963.726501464844 972.439392089844 973.574584960938 978.579284667969 988.3759765625 995.632690429688 997.19482421875 1008.13439941406 1004.57067871094 1010.52459716797 1019.3447265625 1016.57928466797 1011.42376708984 1003.09271240234 1008.37609863281 1005.52624511719 1004.24395751953 1001.14935302734 1003.91101074219 1015.24108886719 1021.65002441406 1025.77514648438 1033.05114746094
1006.43988037109 1013.26397705078 1011.37457275391 1015.04272460938 1011.888671875 1004.50085449219 999.7060546875 993.090759277344 993.471008300781 999.146301269531 1000.17260742188 1008.13140869141 995.846069335938 996.468994140625 998.75439453125 988.698974609375 985.953918457031 984.864135742188 983.053466796875 986.978515625 985.227416992188 983.500122070312 979.521362304688 977.057067871094 978.927124023438 978.56201171875 985.331420898438 982.275939941406 994.72119140625 999.395751953125 994.650939941406 1006.68072509766 1011.56719970703 1018.47021484375 1017.80621337891 1007.01806640625 1013.04156494141 1006.19677734375 1002.15985107422 1008.81561279297 1012.82360839844 1011.76605224609 1023.01788330078 1026.88171386719 1031.265625 1031.45288085938
998.724670410156 1008.75384521484 1013.64996337891 1013.51220703125 1012.19927978516 1000.94317626953 996.375061035156 986.577697753906 987.008422851562 984.3193359375 995.933044433594 999.264038085938 988.410522460938 993.073303222656 981.238830566406 984.524108886719 992.566040039062 985.735595703125 983.994079589844 992.650207519531 996.670776367188 994.829650878906 993.163757324219 979.677551269531 981.342468261719 983.05859375 997.908020019531 997.615539550781 996.520080566406 994.447448730469 1000.89965820312 1007.69091796875 1015.4892578125 1013.92596435547 1014.58941650391 1011.66650390625 1008.20758056641 1011.25134277344 1007.9208984375 1016.80334472656 1016.64343261719 1020.44213867188 1029.41198730469 1032.26196289062 1034.04992675781 1039.48571777344
999.29150390625 1009.94799804688 1008.56744384766 1009.63616943359 1005.06256103516 993.9755859375 995.572082519531 990.2724609375 984.593933105469 983.558044433594 989.456237792969 990.160278320312 984.071472167969 987.456115722656 992.072998046875 994.878173828125 992.490600585938 991.699645996094 992.927185058594 990.083618164062 995.22265625 1001.46655273438 996.023132324219 991.7080078125 984.344787597656 988.533508300781 1000.42877197266 996.926574707031 999.631103515625 995.17724609375 1004.2958984375 1006.29895019531 1007.34997558594 1017.33673095703 1004.10650634766 1005.45184326172 1005.54968261719 1009.27404785156 1011.70489501953 1014.94232177734 1014.08020019531 1022.25720214844 1039.65747070312 1043.35656738281 1041.2783203125 1044.95715332031
1007.375 1011.07080078125 1009.81945800781 1007.36529541016 1008.57568359375 1002.77062988281 1000.44604492188 990.440002441406 995.385192871094 986.738159179688 985.618286132812 988.351501464844 990.390258789062 995.75927734375 995.380432128906 998.270141601562 988.439697265625 996.994018554688 995.437377929688 994.612121582031 1000.81695556641 991.332702636719 993.980041503906 998.336120605469 990.515014648438 994.9072265625 1004.99267578125 1007.12683105469 994.094970703125 1007.48413085938 1007.94006347656 1005.31030273438 1005.9599609375 1004.33776855469 1005.97296142578 1012.18859863281 1010.40283203125 1022.23693847656 1019.06286621094 1024.41271972656 1022.37561035156 1030.5400390625 1034.77966308594 1042.05712890625 1053.15881347656 1054.98608398438
995.222473144531 1002.75439453125 998.260437011719 1003.69360351562 1007.22204589844 997.151611328125 999.479187011719 986.300048828125 987.886535644531 987.294128417969 995.659118652344 997.760070800781 990.670043945312 1001.87420654297 994.557678222656 989.422607421875 986.255615234375 988.587707519531 995.997192382812 997.670776367188 997.930541992188 995.494689941406 1002.52624511719 994.192749023438 994.758911132812 998.8076171875 1001.82696533203 1000.89538574219 1003.11682128906 1006.59527587891 1000.91900634766 1004.06817626953 999.476867675781 997.993896484375 1004.29327392578 1018.02264404297 1017.8408203125 1020.39337158203 1026.92041015625 1029.14709472656 1022.51702880859 1033.66442871094 1041.05090332031 1059.99035644531 1054.20471191406 1054.47900390625
