data/zlatibor_dem_simulations/DEMsim10.asc
NCOLS 150
NROWS 100
XLLCORNER 7394249
YLLCORNER 4841999
CELLSIZE 30
NODATA_VALUE -9999
[rows 40 to 59 of 100, columns 92 to 137 of 150]
986.044006347656 979.685302734375 986.296813964844 985.5517578125 989.494567871094 998.194274902344 995.02880859375 995.187866210938 999.362976074219 1002.62188720703 992.507629394531 986.324890136719 978.111694335938 982.973571777344 983.898010253906 992.996459960938 985.177551269531 982.794921875 991.002014160156 989.745056152344 997.947998046875 993.5283203125 982.946411132812 989.901184082031 993.476013183594 995.822387695312 994.988952636719 1000.787109375 994.73828125 1002.34191894531 1001.630859375 1005.78820800781 1005.90014648438 1010.19964599609 1012.58618164062 1014.36926269531 1017.43865966797 1023.56781005859 1021.74493408203 1027.40600585938 1034.80920410156 1039.12609863281 1033.3369140625 1038.70434570312 1040.5537109375 1053.95935058594
979.884948730469 976.38720703125 984.094116210938 980.509948730469 992.142211914062 991.973388671875 1002.91876220703 1003.26965332031 988.451843261719 999.758117675781 985.307189941406 980.365539550781 984.329040527344 986.555603027344 989.082702636719 987.389831542969 986.184692382812 985.015686035156 987.244384765625 981.132263183594 990.582336425781 1000.77868652344 995.89306640625 993.763549804688 989.84716796875 990.592346191406 987.468811035156 991.609619140625 992.958984375 996.536071777344 994.060363769531 997.008850097656 1005.16278076172 1014.296875 1016.43914794922 1018.88122558594 1027.95471191406 1025.9912109375 1033.61791992188 1033.04052734375 1042.99682617188 1046.20495605469 1045.81140136719 1047.91430664062 1050.51184082031 1052.03381347656
978.57177734375 981.43701171875 980.530639648438 977.898376464844 984.206787109375 985.267578125 991.333923339844 989.233581542969 984.915954589844 978.756530761719 980.319641113281 978.74853515625 985.536071777344 986.73876953125 986.259582519531 979.566528320312 988.582763671875 981.733154296875 981.349609375 982.330505371094 983.836791992188 994.373474121094 996.146362304688 990.81982421875 990.433837890625 993.40869140625 996.507263183594 987.111755371094 990.496765136719 995.006042480469 995.565490722656 999.141540527344 1007.14770507812 1010.99749755859 1015.26263427734 1016.06854248047 1027.29724121094 1028.97424316406 1030.1435546875 1029.36376953125 1037.14978027344 1049.42749023438 1059.04833984375 1062.07080078125 1062.576171875 1062.646484375
983.736572265625 987.561157226562 980.293884277344 980.274291992188 983.160339355469 987.078369140625 991.072387695312 984.355834960938 982.875244140625 975.510864257812 982.010620117188 981.401794433594 978.085266113281 973.323852539062 982.048034667969 978.611938476562 982.835998535156 987.742248535156 982.120666503906 988.987854003906 986.056945800781 988.229919433594 997.749145507812 993.436950683594 992.0556640625 995.744262695312 1000.09838867188 1001.91522216797 996.901306152344 993.91748046875 997.773498535156 1008.06457519531 1010.08154296875 1015.00762939453 1011.70587158203 1011.58099365234 1024.40954589844 1035.91223144531 1039.95275878906 1029.96313476562 1038.84387207031 1041.96203613281 1050.74328613281 1054.7587890625 1068.78991699219 1081.03149414062
983.433715820312 980.620361328125 984.748596191406 980.572570800781 979.659851074219 980.772766113281 984.382202148438 991.037902832031 982.653930664062 976.909606933594 984.273254394531 986.02197265625 979.112731933594 982.696838378906 983.571105957031 988.013732910156 984.940856933594 989.786315917969 991.462341308594 995.133483886719 993.379699707031 993.266479492188 991.070983886719 992.708679199219 994.058410644531 999.975524902344 1008.57733154297 1003.40106201172 997.488647460938 994.187133789062 997.214477539062 1006.51330566406 1006.03656005859 1013.06414794922 1018.34503173828 1018.99206542969 1026.98425292969 1041.54028320312 1035.91516113281 1026.66906738281 1035.767578125 1050.36022949219 1048.97082519531 1062.751953125 1073.81335449219 1086.3701171875
980.140869140625 986.173706054688 985.240966796875 972.731994628906 970.339782714844 969.781677246094 974.159912109375 986.319458007812 987.606140136719 976.776428222656 981.378540039062 980.580505371094 985.29736328125 983.559753417969 983.394714355469 990.005676269531 998.605041503906 991.244873046875 995.680908203125 997.511108398438 997.923645019531 1004.61328125 1000.53112792969 1002.85314941406 995.220764160156 1002.99102783203 1009.39691162109 1001.8642578125 1004.26019287109 1003.94122314453 1000.61596679688 1013.16516113281 1008.66662597656 1014.24517822266 1009.12420654297 1015.60986328125 1019.81286621094 1026.61145019531 1033.72619628906 1037.80432128906 1036.88110351562 1053.27551269531 1061.58288574219 1069.00439453125 1066.76892089844 1082.97705078125
981.69482421875 981.729797363281 973.832092285156 969.274536132812 964.862426757812 965.918640136719 965.998352050781 973.669982910156 980.6552734375 983.010070800781 984.023803710938 983.760131835938 993.16943359375 991.356323242188 994.051513671875 995.288146972656 996.113220214844 992.162658691406 1000.33929443359 1001.84069824219 1008.95910644531 1002.66632080078 997.202819824219 1010.73529052734 1007.97528076172 1009.05316162109 1012.12677001953 1004.36975097656 1009.01861572266 1013.54571533203 1013.45434570312 1007.7978515625 1003.49047851562 1012.97344970703 1009.33459472656 1004.56573486328 1014.78405761719 1033.10290527344 1031.8330078125 1035.18444824219 1044.09533691406 1051.42736816406 1066.4775390625 1071.61499023438 1070.09936523438 1086.12145996094
977.475402832031 980.934509277344 976.6689453125 965.281860351562 972.327941894531 974.557678222656 969.988403320312 977.173522949219 980.791931152344 978.956848144531 988.297058105469 992.667724609375 983.516418457031 999.645690917969 992.226440429688 994.429931640625 996.774475097656 989.109069824219 997.996154785156 1001.78741455078 1008.58422851562 1005.82543945312 1002.07208251953 1002.92877197266 1007.09375 1016.65100097656 1012.71057128906 1017.48937988281 1016.87561035156 1012.69000244141 1007.66735839844 1004.12890625 1003.22210693359 1001.76104736328 1005.38171386719 1014.89147949219 1022.12725830078 1021.97589111328 1033.44152832031 1039.19616699219 1038.02380371094 1046.64953613281 1060.14514160156 1068.49719238281 1072.71240234375 1072.29736328125
980.099731445312 977.660034179688 975.626770019531 975.006103515625 966.295776367188 976.136779785156 983.844909667969 975.905334472656 988.443786621094 977.798645019531 979.615966796875 981.532165527344 985.437316894531 989.2197265625 989.879760742188 992.530029296875 999.791931152344 990.588317871094 993.410461425781 1002.59173583984 1001.39544677734 1000.27264404297 1006.06719970703 1005.45422363281 1019.52899169922 1015.51165771484 1022.001953125 1017.04473876953 1013.73199462891 1011.93103027344 1013.2294921875 1002.9365234375 1009.86077880859 1018.57147216797 1016.91418457031 1026.81616210938 1027.70397949219 1031.23669433594 1035.14514160156 1039.27966308594 1047.99011230469 1062.27465820312 1069.91638183594 1071.82055664062 1063.76416015625 1076.24060058594
974.530334472656 977.52490234375 975.486083984375 974.028259277344 969.478515625 981.295227050781 980.632141113281 983.514587402344 982.922729492188 987.308898925781 981.675842285156 976.97265625 977.250305175781 985.644287109375 990.122314453125 989.803588867188 990.49609375 984.003356933594 984.134460449219 994.2158203125 1000.47473144531 992.929077148438 993.858581542969 1008.96881103516 1019.85754394531 1023.84124755859 1019.98950195312 1028.88916015625 1016.93798828125 1018.19982910156 1015.23272705078 1014.10852050781 1011.80743408203 1014.53857421875 1021.00549316406 1024.91906738281 1033.93688964844 1030.8349609375 1039.99365234375 1039.15100097656 1054.1962890625 1059.66931152344 1077.85754394531 1078.95385742188 1077.47937011719 1079.92919921875
976.558471679688 971.854797363281 984.843688964844 975.753967285156 979.480834960938 974.384216308594 974.295837402344 977.554504394531 975.141479492188 974.300964355469 979.429138183594 980.322631835938 984.375366210938 989.534912109375 986.15673828125 989.500244140625 988.778625488281 988.223815917969 989.177490234375 987.808654785156 990.290893554688 996.650207519531 993.068359375 996.776550292969 1002.13427734375 1011.861328125 1016.77099609375 1019.40502929688 1026.08178710938 1021.22778320312 1020.6943359375 1024.13854980469 1018.2451171875 1022.89306640625 1028.80883789062 1030.60327148438 1042.92956542969 1036.97387695312 1046.32568359375 1042.76000976562 1059.24377441406 1068.89038085938 1086.59143066406 1088.8779296875 1092.69604492188 1087.08569335938
973.91455078125 977.004028320312 972.193603515625 977.837524414062 975.815856933594 972.478454589844 981.398559570312 971.007446289062 971.211791992188 976.695922851562 979.8779296875 982.974731445312 983.254821777344 980.368774414062 986.806213378906 993.505004882812 985.716735839844 989.933837890625 999.277526855469 991.073913574219 992.009765625 994.198181152344 991.794921875 995.698181152344 992.299743652344 999.160461425781 1012.88647460938 1019.31915283203 1033.25939941406 1032.39135742188 1022.92224121094 1020.77703857422 1029.49645996094 1027.98071289062 1029.1806640625 1038.31274414062 1039.48278808594 1042.05151367188 1044.38977050781 1047.87780761719 1060.95935058594 1076.56787109375 1085.46398925781 1097.47241210938 1098.06982421875 1098.86657714844
978.615234375 979.53759765625 969.276428222656 968.969055175781 970.560668945312 975.118713378906 972.932189941406 974.7021484375 971.555114746094 974.080810546875 984.558959960938 978.624267578125 983.447631835938 982.031311035156 983.499084472656 985.013000488281 994.239929199219 995.913757324219 994.374633789062 987.102783203125 987.976867675781 987.795166015625 992.730041503906 1004.09393310547 994.754089355469 1006.76202392578 1013.82977294922 1018.37463378906 1017.62219238281 1022.35278320312 1033.47912597656 1031.85229492188 1031.68994140625 1027.47717285156 1025.17297363281 1040.99572753906 1034.16967773438 1040.30358886719 1040.13928222656 1060.38232421875 1067.42053222656 1069.88830566406 1091.1689453125 1088.79138183594 1101.83227539062 1095.13061523438
982.26123046875 972.219299316406 969.050964355469 967.584838867188 980.149597167969 982.676208496094 981.863647460938 977.967895507812 985.777038574219 978.298461914062 984.764221191406 984.521484375 988.288696289062 984.594116210938 982.83251953125 993.340942382812 990.750549316406 987.713806152344 981.94775390625 990.497619628906 994.745666503906 992.325622558594 998.530944824219 999.045104980469 1004.95892333984 1005.94952392578 1007.46936035156 1014.74200439453 1018.46752929688 1021.97076416016 1031.474609375 1036.56030273438 1032.10778808594 1032.08764648438 1028.44274902344 1033.78784179688 1041.88623046875 1041.8974609375 1045.384765625 1057.50732421875 1066.33557128906 1074.60766601562 1083.55493164062 1092.48901367188 1095.12805175781 1092.06726074219
980.59765625 971.322448730469 973.904479980469 973.610290527344 975.647094726562 977.42578125 982.851867675781 981.343566894531 968.9375 982.609130859375 979.7353515625 983.984985351562 976.695739746094 976.96630859375 986.8125 988.098937988281 985.878662109375 984.395202636719 988.990051269531 984.454284667969 981.827331542969 991.630676269531 999.308837890625 1002.62023925781 1015.42694091797 1002.35534667969 1009.35607910156 1012.42425537109 1012.51416015625 1024.169921875 1028.84533691406 1034.41650390625 1038.76965332031 1028.42456054688 1026.98449707031 1031.63952636719 1036.9794921875 1039.35693359375 1049.08325195312 1052.61462402344 1062.12170410156 1070.12390136719 1069.28686523438 1085.18237304688 1091.79821777344 1094.41479492188
968.491027832031 970.408752441406 966.610290527344 971.096984863281 977.089050292969 983.62744140625 986.475891113281 978.520629882812 973.312805175781 980.909301757812 973.951843261719 975.810974121094 981.204833984375 975.704467773438 983.462219238281 991.336120605469 983.049011230469 987.198608398438 989.413818359375 988.064880371094 983.988830566406 988.983947753906 988.268615722656 994.79248046875 999.78466796875 1001.90948486328 1006.08428955078 1008.580078125 1011.73083496094 1013.06225585938 1016.09387207031 1014.63726806641 1027.80236816406 1030.46630859375 1026.91577148438 1034.24951171875 1033.79260253906 1035.28198242188 1044.21508789062 1053.41882324219 1069.95422363281 1074.64501953125 1077.52551269531 1085.00244140625 1089.81286621094 1093.37817382812
961.334106445312 963.692810058594 971.258483886719 967.572143554688 977.950012207031 986.829711914062 985.178405761719 979.172607421875 981.010803222656 975.106262207031 968.852172851562 973.161437988281 973.408752441406 981.88671875 985.963562011719 984.665161132812 984.477600097656 983.783386230469 983.122375488281 990.316223144531 987.811340332031 987.990844726562 991.546569824219 993.373901367188 1002.29809570312 990.324279785156 998.301574707031 1004.95111083984 1005.16845703125 1004.82562255859 1004.87493896484 1011.57800292969 1019.88415527344 1031.83874511719 1025.4384765625 1030.68249511719 1038.19848632812 1043.18688964844 1046.14697265625 1061.02868652344 1072.09899902344 1079.37365722656 1080.57263183594 1093.86804199219 1095.27514648438 1094.70556640625
967.233093261719 961.084045410156 968.332214355469 971.437805175781 978.14501953125 983.651611328125 982.847839355469 972.893615722656 981.71435546875 972.648376464844 976.849609375 968.752563476562 972.418640136719 983.677673339844 984.598937988281 986.070434570312 990.346069335938 987.448425292969 995.135559082031 998.236938476562 998.761657714844 987.765563964844 991.298278808594 992.439514160156 994.760864257812 999.404113769531 989.432067871094 988.239196777344 997.587219238281 994.351867675781 1005.15185546875 1009.19036865234 1005.810546875 1012.37084960938 1027.32312011719 1033.91870117188 1035.94177246094 1041.59899902344 1042.52136230469 1051.03649902344 1067.45788574219 1081.43237304688 1090.32897949219 1094.96264648438 1092.29150390625 1091.41027832031
963.447143554688 966.701049804688 981.3525390625 980.8466796875 979.81787109375 980.91015625 977.184631347656 981.081176757812 984.517395019531 986.274597167969 985.667419433594 976.790100097656 981.538452148438 984.742248535156 987.773071289062 987.871154785156 996.766723632812 996.669738769531 1005.04998779297 1003.42932128906 993.134582519531 984.9091796875 993.756042480469 991.123413085938 999.65087890625 989.192932128906 993.77001953125 992.590576171875 996.031677246094 995.182800292969 999.281799316406 1010.18353271484 1006.57336425781 1011.00646972656 1029.20544433594 1030.38134765625 1040.8974609375 1039.5751953125 1041.9423828125 1042.52307128906 1063.81774902344 1085.67956542969 1085.80834960938 1086.24157714844 1075.60974121094 1080.8759765625
964.219482421875 965.430969238281 972.388488769531 976.198608398438 980.865173339844 981.848999023438 984.439208984375 986.661804199219 993.536804199219 978.908081054688 986.707763671875 987.216125488281 990.860229492188 990.221130371094 989.973999023438 983.0869140625 993.219787597656 991.38525390625 999.616271972656 1003.15612792969 996.970336914062 990.347595214844 991.586853027344 991.128051757812 999.106323242188 991.184631347656 1005.71624755859 1000.5478515625 1007.40161132812 1003.5615234375 1003.02996826172 1007.90252685547 1015.45959472656 1015.07604980469 1022.86340332031 1030.66223144531 1035.8720703125 1039.64196777344 1042.75512695312 1047.34033203125 1060.82690429688 1068.47985839844 1068.62109375 1074.45666503906 1070.20568847656 1068.57775878906
