data/zlatibor_dem_simulations/DEMsim89.asc
NCOLS 150
NROWS 100
XLLCORNER 7394249
YLLCORNER 4841999
CELLSIZE 30
NODATA_VALUE -9999
[rows 80 to 99 of 100, columns 46 to 91 of 150]
1010.78106689453 1014.64904785156 1013.2138671875 1009.41510009766 1009.02899169922 1003.79504394531 1001.36407470703 994.7080078125 993.861938476562 999.574951171875 998.699035644531 988.187316894531 989.984436035156 989.65478515625 985.064208984375 983.179992675781 982.476928710938 980.917053222656 982.19140625 979.935668945312 972.917114257812 968.961181640625 975.867919921875 977.776000976562 983.552124023438 979.889587402344 985.611206054688 986.384582519531 994.007629394531 992.804382324219 996.230346679688 1000.46990966797 1002.0283203125 1011.19079589844 1007.67718505859 1014.89221191406 1003.10803222656 1004.32977294922 1010.37219238281 1005.96282958984 1003.48052978516 1000.66925048828 998.890686035156 993.433288574219 985.590942382812 987.448181152344
1018.13830566406 1009.88970947266 1013.14990234375 1003.18414306641 1004.77435302734 1000.36206054688 990.856628417969 1003.96380615234 992.515625 989.919067382812 990.200134277344 985.431274414062 991.862121582031 986.091552734375 984.148986816406 979.486022949219 981.383361816406 984.30908203125 982.079040527344 976.601745605469 977.066772460938 971.947387695312 975.962585449219 975.652404785156 978.00830078125 979.974182128906 993.905578613281 977.785217285156 983.736755371094 991.778015136719 1005.90093994141 1005.43298339844 1003.47882080078 1010.54388427734 1003.1142578125 1007.95788574219 1004.92492675781 1005.46185302734 1013.11041259766 1002.16772460938 1001.7978515625 997.773254394531 1001.82733154297 990.084228515625 995.227722167969 988.993347167969
1013.97937011719 1013.99670410156 1003.12536621094 1000.84326171875 999.446472167969 994.273498535156 990.007873535156 993.413940429688 987.537048339844 988.227416992188 984.135375976562 989.186279296875 989.797424316406 984.984619140625 980.710144042969 983.725769042969 991.059387207031 985.402160644531 983.152038574219 986.106689453125 979.059997558594 981.398498535156 979.669921875 976.782653808594 986.87060546875 987.375549316406 985.928955078125 983.570068359375 984.740356445312 985.942810058594 998.611877441406 995.672546386719 1002.39111328125 1006.56713867188 1008.40228271484 1002.29840087891 1003.49328613281 1005.35931396484 1006.25494384766 1003.00439453125 1004.32879638672 996.397766113281 998.950439453125 999.889953613281 1003.82623291016 994.539855957031
1005.74896240234 999.502197265625 994.991027832031 991.128601074219 994.79150390625 994.431457519531 994.321899414062 991.843444824219 986.155639648438 990.466491699219 985.866638183594 989.67626953125 987.352783203125 989.507202148438 983.410888671875 983.606567382812 984.174255371094 976.6298828125 976.584838867188 984.239074707031 986.039611816406 977.164855957031 980.956359863281 985.038696289062 991.365844726562 992.024353027344 988.818908691406 984.007080078125 989.196166992188 984.114868164062 987.940307617188 990.966674804688 993.949279785156 993.16845703125 1001.60589599609 1001.89929199219 1002.79968261719 1005.22015380859 1005.51354980469 1005.08892822266 1002.84173583984 1007.70239257812 1014.12066650391 1012.17004394531 997.2802734375 1003.95904541016
1006.50018310547 1000.62048339844 1000.23541259766 994.632934570312 994.582458496094 989.624938964844 996.840393066406 989.839599609375 1002.52862548828 992.69775390625 997.177429199219 990.930053710938 989.202026367188 984.647644042969 982.575927734375 984.972045898438 987.06494140625 988.687194824219 989.986022949219 984.158630371094 986.059814453125 986.128112792969 985.403259277344 982.05908203125 998.275146484375 991.885986328125 988.753479003906 985.348022460938 987.581359863281 989.845092773438 986.205749511719 993.120422363281 990.935852050781 992.5048828125 998.572937011719 999.338256835938 1005.59661865234 999.815612792969 996.335266113281 998.105163574219 997.722290039062 1009.84881591797 1012.40899658203 1013.34521484375 1005.13812255859 996.613952636719
998.005615234375 998.318603515625 999.792358398438 993.557373046875 997.540710449219 998.219970703125 992.480712890625 995.614685058594 994.783020019531 990.451416015625 994.657897949219 995.731079101562 982.31396484375 984.449768066406 988.999816894531 990.188415527344 988.461547851562 988.904052734375 983.629516601562 987.409729003906 980.249633789062 981.07763671875 986.815856933594 978.684631347656 992.071228027344 988.768249511719 993.282409667969 983.045043945312 984.852661132812 991.041259765625 989.236022949219 987.41064453125 990.449462890625 983.166137695312 993.646057128906 1000.96752929688 1004.86358642578 1006.40270996094 995.314270019531 1002.05108642578 1000.80572509766 1008.42700195312 1013.25732421875 1011.96478271484 999.578308105469 1003.02661132812
994.116455078125 995.546264648438 995.200317382812 991.375122070312 997.240051269531 1002.97503662109 996.870544433594 993.92529296875 998.481201171875 989.350402832031 996.728759765625 998.431091308594 995.532104492188 987.880065917969 989.045104980469 992.181335449219 992.95263671875 985.494567871094 984.715881347656 987.188354492188 976.716674804688 989.863525390625 990.59423828125 991.580322265625 990.851684570312 985.334777832031 989.340026855469 989.891174316406 995.54345703125 994.149963378906 989.855163574219 995.112976074219 990.915283203125 991.123352050781 987.411865234375 986.269470214844 997.023742675781 1000.64239501953 1000.30999755859 998.004028320312 1013.47119140625 1020.57275390625 1018.08697509766 1017.32995605469 1000.39117431641 997.4296875
998.198608398438 1002.15185546875 990.74169921875 987.582702636719 992.669738769531 1002.00427246094 996.455139160156 999.162475585938 997.853088378906 999.643920898438 1000.33294677734 994.643310546875 998.003967285156 986.350219726562 996.567810058594 994.996643066406 999.549255371094 989.856872558594 993.808471679688 994.257568359375 988.028686523438 979.913879394531 990.34326171875 989.943237304688 995.18359375 995.123168945312 991.81787109375 992.277160644531 999.154113769531 993.539672851562 995.161743164062 995.369445800781 992.870056152344 993.035888671875 992.943237304688 990.729858398438 992.130798339844 994.209655761719 999.024353027344 1011.13391113281 1010.88970947266 1012.42199707031 1006.36022949219 1009.58660888672 1009.23858642578 1004.12133789062
990.291259765625 993.744323730469 985.577819824219 988.481323242188 990.181335449219 1001.75262451172 1001.33551025391 992.755493164062 1002.06311035156 1007.52331542969 1008.0625 997.846862792969 999.2216796875 994.715759277344 998.679748535156 1001.39471435547 991.23193359375 994.411804199219 992.749450683594 994.482238769531 990.606750488281 989.283630371094 988.899780273438 993.169067382812 993.374572753906 1000.015625 996.570556640625 1000.10595703125 994.881164550781 999.738647460938 998.418090820312 995.435668945312 987.502319335938 990.444213867188 991.522155761719 985.7119140625 994.813903808594 998.869567871094 1007.60247802734 1009.869140625 1012.73822021484 1005.51715087891 1009.40521240234 1001.96960449219 996.823181152344 995.785034179688
985.832336425781 981.36328125 984.234497070312 982.691223144531 987.5869140625 997.316528320312 1003.22955322266 1003.74536132812 1008.50512695312 1007.49530029297 1004.63922119141 994.827392578125 1000.23376464844 997.336975097656 1004.15368652344 1003.83520507812 992.850524902344 996.316589355469 998.058227539062 997.474548339844 993.040161132812 994.020874023438 993.569091796875 994.844360351562 990.749328613281 994.315368652344 986.221130371094 985.933166503906 988.932189941406 999.378295898438 994.706237792969 995.651977539062 996.303039550781 994.075012207031 995.511657714844 992.27783203125 993.216796875 1000.90252685547 996.412353515625 1013.42083740234 1006.41925048828 1008.37725830078 1009.65393066406 1007.39184570312 998.339904785156 993.356994628906
983.262390136719 977.147033691406 979.635009765625 981.771057128906 983.545837402344 991.310791015625 1005.77960205078 997.244201660156 1002.30859375 1010.53045654297 999.921081542969 998.468627929688 1000.14544677734 1003.06170654297 1001.08770751953 1003.14984130859 1005.30017089844 1003.19635009766 991.500427246094 1007.27227783203 1002.82495117188 1000.00994873047 1003.4912109375 986.957458496094 989.06982421875 985.659973144531 983.373657226562 989.501220703125 996.893676757812 996.115051269531 991.060852050781 999.234313964844 995.554931640625 1002.98016357422 993.854858398438 988.541625976562 993.731872558594 997.476745605469 1006.88073730469 1009.77752685547 1006.16107177734 1012.93951416016 1016.94018554688 1011.08203125 1006.06695556641 1003.97235107422
978.025390625 985.592224121094 986.348876953125 984.900329589844 986.280578613281 988.251159667969 998.828063964844 1006.14544677734 1006.41925048828 1003.7783203125 1002.05615234375 1002.58703613281 1004.01257324219 1005.75512695312 1007.45385742188 1009.34826660156 1009.46429443359 1002.0751953125 994.288940429688 993.474792480469 1004.75341796875 1010.49011230469 1008.43579101562 1001.13952636719 994.015380859375 990.343627929688 987.444030761719 996.769653320312 995.870178222656 1001.40081787109 991.226501464844 990.519348144531 993.1044921875 993.123168945312 995.265502929688 987.836730957031 998.52099609375 999.325317382812 1003.90972900391 1003.25750732422 1006.5634765625 1008.5849609375 1012.13787841797 1011.60833740234 1012.57025146484 1013.71594238281
970.327758789062 979.852905273438 978.726989746094 983.268371582031 984.754150390625 989.281860351562 998.985900878906 1006.97351074219 1008.75317382812 1005.60906982422 1006.44769287109 1010.07305908203 1011.74536132812 1008.50091552734 1007.03173828125 1005.40551757812 1009.91027832031 1007.0751953125 1005.87164306641 1001.04541015625 1002.57055664062 1000.73687744141 1005.25750732422 1010.99279785156 993.515441894531 997.874633789062 994.56494140625 998.055114746094 1000.76525878906 1006.20556640625 991.371215820312 986.125 991.223876953125 992.38525390625 996.69287109375 1000.91052246094 1002.16900634766 1002.18896484375 1005.70690917969 1008.2568359375 1005.82745361328 1011.53497314453 1010.64520263672 1015.41070556641 1019.67376708984 1014.02264404297
969.131530761719 974.207397460938 972.416809082031 984.445190429688 980.457458496094 986.335205078125 1002.77325439453 1005.58709716797 1008.98815917969 1009.44879150391 1000.85797119141 1000.33117675781 1005.52325439453 1014.21527099609 1018.44036865234 1019.7861328125 1017.28149414062 1014.71301269531 1016.16558837891 1007.96594238281 1010.57183837891 1007.53491210938 1005.09704589844 1011.556640625 1003.63110351562 993.56591796875 997.193725585938 1007.240234375 1017.77795410156 1010.79528808594 1000.38104248047 993.072143554688 996.10205078125 994.465515136719 1006.47021484375 1001.25726318359 998.382568359375 996.513916015625 1001.79357910156 1005.64599609375 1007.01354980469 1008.75384521484 1008.49475097656 1015.84002685547 1018.57513427734 1008.30395507812
975.300476074219 968.509033203125 967.02197265625 977.141296386719 983.946899414062 988.840209960938 988.924011230469 986.808532714844 985.845825195312 998.840026855469 1000.84625244141 999.85302734375 1005.15765380859 1014.07745361328 1011.64227294922 1016.07556152344 1016.59405517578 1016.07989501953 1013.13708496094 1011.93762207031 1008.42370605469 1008.43011474609 1002.3076171875 1004.873046875 1004.18591308594 999.982055664062 997.476501464844 1001.72088623047 1005.40869140625 1006.63702392578 1006.29949951172 1000.41094970703 1002.21856689453 994.614013671875 997.118591308594 994.860412597656 1005.68029785156 996.138244628906 1002.53887939453 1004.31823730469 1011.90441894531 1011.44689941406 1006.72216796875 1003.41052246094 1015.37152099609 1015.36456298828
976.7783203125 974.104919433594 979.617858886719 976.007141113281 976.354614257812 985.649780273438 986.805358886719 974.9169921875 981.190490722656 992.032470703125 990.913757324219 1003.00671386719 1006.70520019531 1014.95172119141 1015.2041015625 1009.52575683594 1018.15356445312 1020.859375 1020.37701416016 1022.53985595703 1009.86712646484 1006.72332763672 1016.16613769531 1008.72076416016 1008.56610107422 998.649475097656 996.819458007812 1000.77349853516 1003.18859863281 1001.74877929688 1010.14251708984 1006.37164306641 998.747619628906 995.824340820312 988.304748535156 988.775024414062 992.893188476562 998.875 998.573974609375 996.200256347656 1002.47332763672 1004.96112060547 1007.82012939453 1004.05139160156 1005.61584472656 1008.68182373047
973.714294433594 969.727661132812 973.308898925781 973.578125 969.196350097656 978.10302734375 990.993286132812 984.410278320312 980.575927734375 992.986511230469 994.3466796875 999.927551269531 1005.91381835938 1012.53289794922 1011.27532958984 1015.73590087891 1009.06207275391 1012.47857666016 1024.02136230469 1014.32507324219 1014.84173583984 1020.00744628906 1018.98333740234 1014.8671875 1013.99340820312 1010.66259765625 1008.87921142578 1004.19244384766 1010.9619140625 1010.98156738281 1014.87707519531 1004.69287109375 998.987548828125 998.702758789062 988.903747558594 986.509643554688 995.894714355469 994.918334960938 992.770874023438 994.940734863281 1007.75659179688 1003.26983642578 1004.5673828125 997.785766601562 1001.00604248047 1011.11865234375
973.400817871094 971.391174316406 974.677856445312 972.914428710938 981.617553710938 980.480834960938 989.420349121094 981.490478515625 975.651000976562 986.211608886719 986.39697265625 989.795593261719 1001.31848144531 1004.47937011719 1012.27435302734 1013.92016601562 1004.06072998047 1008.68975830078 1021.9521484375 1021.65716552734 1023.24664306641 1017.16882324219 1013.93035888672 1017.65173339844 1010.70928955078 1011.39221191406 1010.43493652344 1010.41223144531 1014.56640625 1023.41326904297 1020.03497314453 1015.04913330078 1011.43005371094 1004.01336669922 1001.50952148438 987.773254394531 993.90625 1003.78460693359 999.486267089844 995.747741699219 1007.17218017578 1000.05133056641 992.145263671875 996.187622070312 1001.8974609375 1013.59924316406
983.640258789062 986.406127929688 989.156616210938 984.260925292969 988.4716796875 981.651733398438 984.230590820312 983.368286132812 981.179565429688 983.568420410156 987.849975585938 987.786987304688 1000.01513671875 1008.49847412109 1016.44775390625 1010.51934814453 1009.88110351562 1006.00231933594 1017.99932861328 1016.75549316406 1015.71075439453 1016.10278320312 1013.5126953125 1012.99688720703 1018.09857177734 1013.45751953125 1014.41168212891 1020.30419921875 1014.3076171875 1029.865234375 1022.77215576172 1017.02752685547 1019.54534912109 1012.09954833984 1007.86413574219 1008.71411132812 1006.44665527344 1011.39337158203 1003.44610595703 1004.90911865234 1000.12762451172 999.858703613281 998.753601074219 1007.71551513672 1006.48883056641 1018.09979248047
987.958923339844 992.821166992188 983.447021484375 985.723266601562 982.244934082031 982.56640625 974.121032714844 982.660949707031 988.826477050781 983.461853027344 987.47119140625 983.740051269531 1001.36547851562 1003.62921142578 1008.31195068359 1014.66394042969 1008.08514404297 1013.95520019531 1015.25067138672 1009.72918701172 1008.66906738281 1012.11920166016 1003.15539550781 1013.22760009766 1021.26385498047 1013.78918457031 1012.77923583984 1016.27697753906 1018.39184570312 1020.72412109375 1029.81176757812 1018.71643066406 1026.31213378906 1023.56982421875 1017.62719726562 1016.19317626953 1010.75537109375 1014.38934326172 1005.39862060547 1002.32043457031 996.590026855469 1000.15887451172 1009.79998779297 1004.58361816406 1006.26416015625 1013.40991210938
