data/zlatibor_dem_simulations/DEMsim2.asc
NCOLS 150
NROWS 100
XLLCORNER 7394249
YLLCORNER 4841999
CELLSIZE 30
NODATA_VALUE -9999
[rows 40 to 59 of 100, columns 46 to 91 of 150]
965.50390625 971.786865234375 971.705810546875 975.765930175781 976.496704101562 975.682189941406 965.912902832031 964.831176757812 972.55224609375 978.422241210938 983.802001953125 983.146179199219 982.527770996094 983.843872070312 988.601745605469 978.509704589844 965.39990234375 968.299255371094 964.783203125 965.774536132812 971.03857421875 971.225708007812 967.471130371094 970.739074707031 965.076171875 965.473388671875 973.070068359375 961.839477539062 979.494934082031 969.27001953125 968.358215332031 970.741271972656 978.2958984375 985.725769042969 980.628967285156 995.113403320312 998.935180664062 1003.81311035156 1000.14569091797 983.974853515625 982.331909179688 976.855834960938 982.563598632812 987.835327148438 978.942687988281 982.712036132812
976.770751953125 974.806945800781 973.098388671875 972.019104003906 976.446960449219 966.077270507812 959.874633789062 968.734191894531 967.579772949219 968.653015136719 978.278137207031 983.888977050781 984.637268066406 980.886047363281 983.764709472656 974.3857421875 969.932067871094 964.901000976562 966.607971191406 973.567687988281 979.166870117188 976.114074707031 976.100769042969 966.9306640625 967.350158691406 970.173217773438 965.124572753906 970.900024414062 974.353820800781 966.208312988281 967.408752441406 973.455017089844 981.361694335938 983.850280761719 989.856384277344 992.423583984375 996.123291015625 1000.56988525391 1002.22216796875 991.187622070312 984.995239257812 990.20751953125 985.613098144531 990.7041015625 985.898742675781 989.067016601562
974.161193847656 968.992309570312 971.01318359375 968.907043457031 966.816650390625 968.199096679688 968.293762207031 976.897277832031 958.7236328125 965.289306640625 966.874206542969 973.605285644531 978.001586914062 984.359802246094 984.521911621094 977.119323730469 970.725708007812 965.485534667969 958.523742675781 973.405578613281 978.482360839844 977.501098632812 965.388854980469 964.71826171875 971.968017578125 974.793395996094 967.367797851562 978.633544921875 965.909240722656 968.579772949219 971.428344726562 974.366088867188 979.381225585938 980.883972167969 986.27783203125 992.202026367188 999.555053710938 1002.67755126953 1010.59423828125 994.068054199219 984.179382324219 985.36181640625 988.5185546875 990.492370605469 993.982360839844 985.401428222656
979.011901855469 970.669372558594 971.59912109375 976.571594238281 971.188049316406 976.741455078125 974.013061523438 971.171875 965.0205078125 961.883972167969 961.988098144531 973.048706054688 965.555603027344 984.662658691406 974.076538085938 973.31591796875 975.83154296875 969.525634765625 964.899291992188 982.016479492188 977.210083007812 976.240234375 972.932250976562 971.577514648438 975.80908203125 976.493835449219 968.977233886719 972.473449707031 972.491943359375 964.737915039062 976.952575683594 978.983581542969 976.259704589844 974.421325683594 980.315979003906 990.127990722656 994.735046386719 1000.30773925781 1004.76641845703 998.476928710938 990.792419433594 980.932739257812 984.407470703125 987.781127929688 983.6953125 982.810363769531
968.628051757812 974.83740234375 975.315551757812 975.078125 970.873718261719 973.72021484375 975.223999023438 964.070129394531 961.858947753906 960.677307128906 964.098022460938 972.057373046875 978.415466308594 985.80224609375 974.823303222656 961.037231445312 966.04345703125 975.842102050781 972.815124511719 978.395080566406 969.673400878906 971.05078125 977.050720214844 981.493835449219 969.359680175781 970.669799804688 967.675598144531 966.371215820312 967.122680664062 967.275573730469 972.922119140625 973.026062011719 971.115295410156 978.252136230469 974.248840332031 984.351379394531 990.359924316406 994.118408203125 991.511474609375 981.787109375 985.977905273438 975.138977050781 974.797180175781 986.51025390625 983.786682128906 980.513244628906
963.913208007812 965.635070800781 971.870239257812 970.903076171875 965.351928710938 969.701721191406 967.838256835938 961.889587402344 956.097839355469 951.731750488281 959.984191894531 960.609802246094 970.635803222656 973.429077148438 970.2705078125 965.935302734375 973.312866210938 969.227355957031 972.50146484375 962.971252441406 969.513977050781 970.659057617188 969.293762207031 975.597229003906 980.163391113281 960.386352539062 951.826843261719 950.370544433594 959.752990722656 968.702270507812 968.576904296875 969.298217773438 973.480102539062 978.4013671875 970.931762695312 975.014465332031 973.705688476562 977.604797363281 983.947021484375 974.608581542969 975.786071777344 979.414123535156 971.757629394531 976.087890625 990.37646484375 992.220581054688
970.140747070312 978.037353515625 974.37255859375 969.844482421875 975.509460449219 964.255432128906 962.384033203125 961.393371582031 959.95654296875 958.777038574219 958.878112792969 965.638549804688 973.790222167969 975.928894042969 967.92626953125 974.173400878906 969.030456542969 971.7412109375 976.050720214844 967.182556152344 965.491638183594 969.294799804688 967.152648925781 971.489990234375 971.451354980469 973.821594238281 962.033935546875 959.30078125 961.178100585938 961.292663574219 974.29931640625 969.733642578125 970.401550292969 975.076049804688 971.711486816406 972.838623046875 971.110107421875 973.692443847656 977.298645019531 978.573669433594 974.580200195312 974.073608398438 972.212341308594 973.564880371094 987.966186523438 993.423583984375
965.804077148438 967.73681640625 974.403747558594 976.997314453125 974.910949707031 967.755187988281 961.411193847656 960.796813964844 962.642517089844 962.852722167969 960.927062988281 961.313903808594 970.905700683594 973.879333496094 972.276977539062 970.998596191406 966.963684082031 973.139404296875 970.678649902344 960.157165527344 964.51806640625 960.405639648438 964.6103515625 971.47119140625 966.622985839844 964.249450683594 967.577392578125 963.126892089844 964.507629394531 973.323303222656 970.438659667969 969.836669921875 964.834594726562 961.876098632812 964.050231933594 967.447937011719 966.568176269531 971.722351074219 973.467102050781 968.249938964844 966.168212890625 956.189880371094 961.899963378906 966.484802246094 974.370178222656 979.47314453125
965.910827636719 973.816345214844 969.988525390625 966.883483886719 966.883544921875 964.49267578125 966.435668945312 968.649963378906 955.3515625 965.126220703125 969.318481445312 967.544860839844 958.389831542969 963.8017578125 968.363403320312 968.70703125 977.041137695312 974.36083984375 972.917114257812 963.822509765625 958.306518554688 957.131408691406 956.851318359375 960.424987792969 957.547302246094 955.190734863281 968.77783203125 966.810791015625 966.006164550781 970.230590820312 968.718872070312 971.706359863281 965.078247070312 968.081970214844 971.694763183594 963.890380859375 971.22802734375 974.817443847656 973.108703613281 973.838317871094 965.199096679688 961.214233398438 956.814758300781 967.284973144531 976.918273925781 977.794921875
967.725708007812 969.16162109375 967.749328613281 971.371032714844 966.596801757812 968.740661621094 963.256225585938 967.873657226562 965.826721191406 961.384582519531 968.191833496094 966.712951660156 957.395385742188 962.743041992188 959.436279296875 957.903869628906 968.372253417969 961.593872070312 975.777160644531 974.27734375 966.5185546875 969.323608398438 958.44482421875 968.156982421875 963.138000488281 962.80517578125 965.128051757812 966.945739746094 965.124694824219 968.85107421875 969.657836914062 971.076232910156 972.919860839844 971.4677734375 974.599975585938 967.904479980469 969.444641113281 968.403991699219 971.656799316406 969.329284667969 972.752868652344 967.596130371094 963.734375 969.358276367188 977.983764648438 976.626770019531
972.649353027344 971.371826171875 975.993957519531 969.222045898438 965.904113769531 974.3955078125 963.92138671875 968.017639160156 966.250732421875 958.707763671875 961.161987304688 959.027404785156 955.558532714844 953.960632324219 962.831420898438 956.73095703125 958.077941894531 967.474548339844 969.988586425781 968.686279296875 970.209350585938 964.818298339844 962.915954589844 965.187622070312 965.504760742188 966.909729003906 964.21630859375 966.01806640625 969.077026367188 972.268249511719 967.716857910156 968.456726074219 966.458374023438 974.182739257812 966.346069335938 966.994140625 966.188110351562 968.043823242188 979.467590332031 978.486755371094 979.249145507812 966.049987792969 964.517517089844 968.605712890625 968.053100585938 975.965209960938
970.617126464844 978.497619628906 969.417907714844 969.95068359375 966.732849121094 966.425964355469 958.026977539062 960.017211914062 962.30029296875 961.046203613281 962.592651367188 959.852111816406 966.200378417969 951.808776855469 954.54150390625 953.5966796875 951.581848144531 960.229614257812 977.462524414062 966.399780273438 961.950439453125 965.581604003906 965.033935546875 967.440734863281 963.519836425781 967.051391601562 960.410522460938 968.877868652344 966.928649902344 965.674438476562 954.925109863281 964.390747070312 962.712036132812 972.79931640625 964.301635742188 965.012878417969 972.272644042969 973.808349609375 965.784301757812 972.977661132812 967.34521484375 961.195739746094 966.348876953125 970.947326660156 968.200744628906 970.17431640625
965.776733398438 975.719970703125 964.930297851562 968.170043945312 964.221618652344 958.800964355469 950.834045410156 952.535461425781 954.970825195312 949.34765625 952.675659179688 964.075805664062 963.270935058594 962.919555664062 949.368041992188 957.524719238281 951.760620117188 963.53759765625 971.170959472656 968.540710449219 963.491394042969 958.341064453125 962.427795410156 965.772766113281 956.22509765625 957.155212402344 960.933532714844 955.79638671875 965.807983398438 966.379455566406 965.0576171875 961.847229003906 965.934814453125 974.232299804688 968.765319824219 966.428039550781 968.612487792969 971.201843261719 975.799560546875 976.162780761719 966.892639160156 963.467834472656 963.586303710938 973.655639648438 964.609436035156 965.203491210938
958.768127441406 963.506591796875 964.120910644531 965.805297851562 960.148315429688 957.871704101562 948.007263183594 956.755798339844 955.77294921875 958.476318359375 958.230773925781 961.664611816406 964.147094726562 960.734130859375 948.84912109375 957.490173339844 956.626281738281 958.558227539062 961.754638671875 956.426696777344 959.453063964844 957.5498046875 962.323364257812 961.044250488281 959.206359863281 964.028198242188 958.566040039062 960.054443359375 962.82421875 964.450317382812 963.171264648438 958.813537597656 966.277770996094 967.917724609375 969.050537109375 962.656799316406 969.176208496094 968.913452148438 968.189819335938 960.14404296875 959.846740722656 968.413024902344 967.117248535156 971.3720703125 965.031372070312 966.430297851562
947.259399414062 954.95166015625 962.635498046875 954.727416992188 957.968139648438 952.603271484375 950.460693359375 960.633850097656 957.078247070312 957.94873046875 957.519226074219 969.097534179688 956.851745605469 957.542175292969 961.778198242188 955.920959472656 956.487182617188 953.782104492188 953.263671875 957.031066894531 964.800170898438 965.429016113281 949.587219238281 952.30029296875 957.908508300781 959.5400390625 960.272338867188 961.052429199219 957.954040527344 960.972106933594 961.269958496094 959.074523925781 960.337829589844 958.0732421875 962.046936035156 956.9716796875 960.565612792969 965.120178222656 960.282592773438 964.93212890625 956.729919433594 955.3447265625 962.884033203125 963.461059570312 961.711303710938 970.224670410156
952.755920410156 941.400573730469 945.736511230469 949.412231445312 947.353454589844 953.565307617188 952.64111328125 955.12109375 950.239807128906 959.776550292969 964.677001953125 971.132995605469 959.525695800781 967.59912109375 965.546630859375 953.106750488281 960.880859375 952.671997070312 950.24462890625 954.927795410156 955.189697265625 950.017272949219 951.220886230469 949.083862304688 957.328308105469 958.045104980469 960.768127441406 960.843688964844 960.086181640625 966.101745605469 960.44287109375 968.439025878906 965.772155761719 957.664245605469 956.811767578125 957.18359375 969.871032714844 971.768676757812 962.643920898438 965.857604980469 966.15283203125 961.038757324219 959.217407226562 962.190612792969 973.110412597656 970.764831542969
951.200744628906 948.684753417969 955.990051269531 951.585510253906 952.561706542969 960.577331542969 960.290649414062 959.862121582031 947.377563476562 952.784729003906 952.637084960938 957.210021972656 956.980041503906 958.269104003906 955.089538574219 952.154968261719 946.358520507812 946.943054199219 958.280395507812 955.693298339844 953.292297363281 947.910339355469 940.576171875 946.288391113281 950.660339355469 959.649536132812 961.826599121094 953.632202148438 953.31396484375 960.199951171875 958.696044921875 967.679809570312 968.980834960938 960.491271972656 961.216125488281 961.812744140625 971.383972167969 974.565124511719 976.353393554688 965.273254394531 965.99755859375 961.68798828125 957.3388671875 963.304504394531 972.298583984375 968.106323242188
942.573486328125 945.840881347656 951.784240722656 957.444519042969 951.646179199219 965.379516601562 957.78076171875 947.466247558594 948.189514160156 954.145874023438 949.035034179688 957.817993164062 955.388671875 957.912902832031 965.82421875 953.482482910156 947.357360839844 947.037658691406 958.329956054688 955.413513183594 953.343872070312 958.372131347656 950.057312011719 948.760681152344 954.844360351562 963.694580078125 959.114013671875 967.265380859375 963.255981445312 967.410400390625 964.718078613281 961.681762695312 967.175903320312 959.559265136719 962.903381347656 970.904846191406 974.781372070312 973.266235351562 976.105712890625 967.932373046875 961.726013183594 965.215698242188 963.538452148438 965.298461914062 976.364929199219 969.067932128906
944.216918945312 947.751403808594 950.334106445312 951.239074707031 946.930053710938 960.36328125 951.121948242188 946.271911621094 947.145446777344 954.480041503906 951.2119140625 955.679626464844 956.190185546875 970.577331542969 957.143615722656 962.927185058594 961.604736328125 944.610229492188 955.369995117188 953.592041015625 961.35498046875 961.86572265625 957.508178710938 963.513916015625 961.442565917969 964.402587890625 961.424621582031 961.751586914062 970.872863769531 971.306701660156 965.11865234375 965.342712402344 965.261657714844 962.47021484375 963.353820800781 965.951904296875 962.560729980469 969.340759277344 971.129760742188 969.160034179688 966.6142578125 975.544738769531 965.026794433594 966.612426757812 970.421691894531 970.198974609375
940.539245605469 936.314697265625 949.854797363281 944.221435546875 949.385559082031 951.9345703125 951.043334960938 948.277770996094 954.156433105469 954.398742675781 958.990661621094 955.649169921875 957.852294921875 960.993469238281 972.102355957031 956.207214355469 957.832397460938 956.884033203125 957.911743164062 967.39697265625 960.921875 964.571594238281 968.239929199219 961.640991210938 961.296447753906 967.335754394531 962.003295898438 962.299865722656 963.608825683594 962.9287109375 969.990051269531 957.810119628906 962.180419921875 966.682678222656 963.255432128906 968.20703125 968.008605957031 974.008544921875 971.685546875 978.017333984375 973.739013671875 967.0830078125 965.345642089844 966.440856933594 968.23974609375 974.197937011719
