data/zlatibor_dem_simulations/DEMsim87.asc
NCOLS 150
NROWS 100
XLLCORNER 7394249
YLLCORNER 4841999
CELLSIZE 30
NODATA_VALUE -9999
[rows 0 to 19 of 100, columns 46 to 91 of 150]
987.187805175781 983.568176269531 983.709899902344 986.919799804688 993.731994628906 988.969299316406 990.740356445312 975.074340820312 964.601257324219 964.291320800781 965.150024414062 963.077453613281 955.675537109375 952.4208984375 943.179565429688 931.106628417969 929.102600097656 925.942321777344 910.874633789062 903.6552734375 900.291137695312 899.581787109375 894.610290527344 904.523803710938 917.294067382812 919.573669433594 921.428955078125 929.643249511719 932.407836914062 951.024658203125 954.158447265625 957.839172363281 954.591430664062 956.831787109375 958.062866210938 970.015869140625 974.602294921875 975.86181640625 966.100646972656 958.500183105469 955.330749511719 959.595031738281 949.54345703125 938.793823242188 922.569213867188 908.821594238281
999.608093261719 988.076965332031 980.956787109375 987.840637207031 990.822387695312 991.783874511719 992.780212402344 981.164978027344 971.293762207031 968.194458007812 957.959045410156 964.914916992188 959.388366699219 954.188659667969 944.140258789062 929.106567382812 929.915832519531 928.383972167969 920.44091796875 903.895812988281 904.524475097656 906.084228515625 903.587463378906 902.084655761719 914.462036132812 919.649108886719 930.602905273438 939.112426757812 950.028442382812 949.32373046875 960.1416015625 961.267578125 966.198913574219 964.56689453125 971.738403320312 972.903991699219 979.434875488281 982.856750488281 977.260437011719 966.119201660156 960.2666015625 955.974731445312 951.333801269531 943.990905761719 921.86474609375 915.662414550781
994.874572753906 989.924987792969 983.529907226562 987.328918457031 1000.712890625 995.109619140625 995.610595703125 984.099548339844 981.22314453125 970.291015625 959.408569335938 958.475769042969 963.881530761719 951.813293457031 946.557983398438 939.440185546875 929.500915527344 926.122741699219 923.641052246094 925.402221679688 916.35302734375 918.22412109375 912.819030761719 919.161987304688 927.958984375 929.814880371094 935.561462402344 943.478088378906 954.76416015625 955.071411132812 964.624084472656 965.425598144531 970.855529785156 978.9462890625 978.523376464844 988.062377929688 982.68115234375 985.487243652344 978.697875976562 980.349487304688 966.271911621094 955.966918945312 952.305786132812 943.189025878906 930.508422851562 918.543151855469
1002.71319580078 996.690979003906 995.265014648438 996.832397460938 1001.56707763672 1000.24163818359 1003.89782714844 988.415283203125 982.596008300781 968.373168945312 964.497863769531 960.776977539062 955.931274414062 955.387023925781 952.8603515625 945.015319824219 941.5078125 933.128723144531 933.110961914062 923.868530273438 920.237548828125 921.660217285156 922.9462890625 928.414306640625 941.750671386719 936.031494140625 946.623962402344 950.808898925781 953.300354003906 971.784057617188 974.101867675781 968.128845214844 981.967346191406 986.51171875 996.756591796875 995.313720703125 994.905456542969 997.548034667969 989.569030761719 981.847045898438 970.767761230469 963.01171875 955.368225097656 947.763366699219 939.651977539062 930.248046875
996.8837890625 999.957763671875 995.279113769531 1000.14593505859 1003.68145751953 1008.39001464844 1006.19177246094 992.05322265625 988.504760742188 977.850280761719 964.764404296875 963.733093261719 963.617614746094 962.662719726562 949.4599609375 952.731506347656 952.4287109375 944.395874023438 943.639099121094 934.380493164062 932.699951171875 931.651977539062 932.459533691406 931.925720214844 948.150085449219 945.099731445312 952.968322753906 960.624267578125 968.975341796875 977.448425292969 977.91357421875 980.462341308594 985.100219726562 996.834350585938 1013.74291992188 1003.79626464844 1013.11090087891 1006.13647460938 990.804443359375 983.463562011719 980.632751464844 962.051330566406 948.04833984375 941.256469726562 938.334289550781 927.666748046875
990.514404296875 993.685729980469 987.385864257812 993.733337402344 1004.57525634766 1005.47082519531 1010.16296386719 1003.513671875 995.399108886719 978.661743164062 968.306274414062 972.794372558594 972.760314941406 970.935546875 974.519897460938 952.263305664062 946.015930175781 948.112487792969 955.446472167969 952.112854003906 939.403564453125 941.914794921875 948.715393066406 948.53857421875 954.7880859375 967.560791015625 962.57958984375 968.524841308594 969.528503417969 975.571838378906 980.666015625 989.792114257812 995.913879394531 1008.41363525391 1017.53686523438 1011.57843017578 1011.31140136719 1008.97357177734 998.696594238281 984.958374023438 981.024353027344 954.221923828125 949.324523925781 937.176940917969 927.172424316406 925.785095214844
981.198059082031 996.974182128906 990.471618652344 991.175231933594 1002.04534912109 1013.59027099609 1009.50524902344 1008.60516357422 998.360595703125 985.457946777344 975.841064453125 979.227722167969 979.210266113281 982.176086425781 972.843627929688 965.389038085938 959.748962402344 950.167175292969 949.997253417969 948.307861328125 953.580688476562 959.928039550781 963.173950195312 966.211364746094 972.090270996094 964.805541992188 964.992431640625 966.133544921875 971.292785644531 980.621215820312 988.030944824219 1003.71942138672 1006.90112304688 1005.07775878906 1011.21105957031 1008.95062255859 1010.78302001953 1007.71978759766 999.92822265625 983.796142578125 972.535095214844 952.789306640625 951.331359863281 933.703857421875 925.620788574219 912.38720703125
987.733947753906 986.694030761719 993.106140136719 1000.12774658203 997.235046386719 1011.15307617188 1016.90594482422 1012.56927490234 1008.97515869141 996.312927246094 991.36962890625 981.296203613281 978.41259765625 984.408325195312 983.329833984375 976.052490234375 963.861022949219 958.902282714844 955.588073730469 952.41015625 950.022216796875 962.789978027344 972.301635742188 970.283630371094 978.134155273438 971.709106445312 969.639587402344 968.042419433594 970.244323730469 985.916931152344 999.618041992188 1010.61370849609 1011.03521728516 1005.94702148438 1006.21466064453 1006.90637207031 1015.11181640625 1013.87145996094 1001.32360839844 983.763366699219 962.934448242188 950.469360351562 946.218933105469 938.014526367188 922.161254882812 913.778564453125
991.982482910156 999.02587890625 999.846862792969 1001.10076904297 1004.35974121094 1002.04907226562 1012.61163330078 1012.89581298828 1008.30810546875 999.31298828125 1003.07110595703 1004.99865722656 1002.20178222656 991.166076660156 984.102600097656 975.502319335938 963.563659667969 962.885314941406 955.792297363281 951.022277832031 957.300354003906 968.511535644531 967.09521484375 968.994812011719 966.493286132812 965.85009765625 970.143310546875 971.540771484375 978.211242675781 991.458679199219 1006.94775390625 1014.42706298828 1018.68328857422 1018.13336181641 1017.96215820312 1016.37280273438 1014.02770996094 1012.08996582031 1001.31555175781 982.216552734375 956.427429199219 950.74072265625 947.214599609375 939.994995117188 925.96337890625 919.073974609375
996.921875 996.055603027344 1002.65563964844 1004.61798095703 1007.21569824219 1004.92138671875 1006.38159179688 1007.59552001953 1007.86163330078 1002.31213378906 1014.41766357422 1013.87670898438 997.537902832031 999.820556640625 989.384948730469 974.323669433594 966.407775878906 967.370849609375 955.191650390625 947.839111328125 955.05419921875 962.206848144531 972.109069824219 970.807067871094 980.06982421875 973.515502929688 973.691833496094 977.458679199219 987.814697265625 998.262329101562 1003.57751464844 1023.96496582031 1032.33093261719 1031.83972167969 1023.50854492188 1021.568359375 1010.951171875 1010.12939453125 1005.42224121094 993.387145996094 964.048461914062 959.085388183594 958.810363769531 939.330078125 929.54443359375 927.40576171875
1006.77514648438 1005.66821289062 1006.68334960938 1002.07922363281 1002.2646484375 1003.73364257812 1003.07098388672 999.977294921875 1006.93225097656 1001.23248291016 1001.87872314453 1013.68005371094 1004.85894775391 993.615600585938 990.996887207031 979.759765625 971.705932617188 979.743286132812 974.968505859375 970.002624511719 964.826171875 967.301208496094 976.590881347656 977.557861328125 978.896545410156 985.489013671875 988.027954101562 998.137329101562 998.866271972656 1007.32836914062 1020.86071777344 1026.59326171875 1027.201171875 1034.1259765625 1027.59729003906 1011.39337158203 1006.69250488281 1013.31298828125 1006.97967529297 999.417785644531 982.19189453125 971.857421875 961.122924804688 956.501220703125 951.817199707031 938.912475585938
1010.69738769531 1014.00329589844 1009.39831542969 1006.83801269531 996.732727050781 1003.13641357422 1009.00146484375 1006.59265136719 1005.94390869141 1000.994140625 1004.8935546875 1005.85247802734 1001.07958984375 1001.41290283203 1000.21551513672 992.030212402344 989.040954589844 981.23095703125 981.517578125 987.102355957031 987.004577636719 975.924011230469 983.59423828125 987.342651367188 985.622131347656 998.741455078125 1005.56195068359 999.718505859375 1009.46508789062 1022.38507080078 1023.39111328125 1026.38928222656 1033.54821777344 1027.30883789062 1024.81335449219 1023.20520019531 1022.81201171875 1018.578125 1011.70587158203 1010.02117919922 991.482727050781 983.050170898438 972.922180175781 962.4892578125 954.654663085938 938.53369140625
1019.95916748047 1008.283203125 1012.97906494141 1012.9853515625 1003.38854980469 1001.82897949219 1003.37725830078 1014.82159423828 1014.12713623047 995.317749023438 1005.265625 1009.55230712891 1012.48461914062 1004.63256835938 999.331787109375 1002.33428955078 998.917907714844 990.823791503906 995.664489746094 991.130615234375 994.011413574219 989.639709472656 983.852600097656 979.470520019531 986.333068847656 1002.21051025391 1007.04907226562 1012.77404785156 1022.21936035156 1021.06384277344 1027.56799316406 1027.85876464844 1033.72131347656 1024.6162109375 1030.71875 1019.97259521484 1015.28332519531 1021.2470703125 1017.13177490234 1002.18707275391 998.839538574219 982.375854492188 974.559387207031 971.593872070312 960.795104980469 950.05908203125
1014.01525878906 1005.912109375 1009.74456787109 1013.00823974609 1015.32995605469 1015.43170166016 1012.35565185547 1008.94580078125 1012.37841796875 1005.82385253906 1008.43176269531 1018.35327148438 1018.16156005859 1013.37994384766 1009.05517578125 1007.5205078125 1010.09100341797 1009.10064697266 1006.66180419922 1002.14422607422 998.33837890625 989.754516601562 990.151062011719 980.310363769531 986.919372558594 985.867858886719 1000.81207275391 1021.28991699219 1024.60070800781 1029.59216308594 1023.37322998047 1034.18395996094 1035.890625 1031.32336425781 1025.701171875 1029.61584472656 1015.92510986328 1025.18017578125 1021.7392578125 1001.54895019531 994.602966308594 991.955871582031 983.860168457031 973.831115722656 966.019592285156 955.122619628906
1005.05297851562 1014.55230712891 1008.01910400391 1014.29876708984 1010.77398681641 1014.59985351562 1014.73541259766 1011.78552246094 1008.69879150391 1006.927734375 1014.03967285156 1022.86584472656 1013.26507568359 1021.59118652344 1010.93304443359 1011.92523193359 1014.32904052734 1022.68920898438 1011.57476806641 1010.00677490234 1006.79791259766 996.215087890625 989.43408203125 990.758544921875 993.270324707031 998.088745117188 1010.01379394531 1019.15466308594 1032.45471191406 1031.63708496094 1028.2255859375 1027.45239257812 1034.80883789062 1025.22473144531 1026.07983398438 1032.18762207031 1033.912109375 1024.33569335938 1012.66387939453 1007.21514892578 991.638000488281 992.221435546875 980.954895019531 974.880676269531 959.925842285156 952.347534179688
1005.36657714844 1011.95477294922 1012.7294921875 1014.06170654297 1003.42797851562 1011.94653320312 1008.43725585938 1007.517578125 1005.10870361328 1008.14642333984 1013.44500732422 1020.97613525391 1020.88812255859 1025.9443359375 1018.42706298828 1015.77758789062 1019.54284667969 1026.6259765625 1026.71240234375 1017.34295654297 1015.21905517578 1007.93408203125 998.106506347656 1000.60949707031 1000.36584472656 1010.32995605469 1010.07202148438 1023.24047851562 1022.71380615234 1026.54418945312 1029.14331054688 1038.38928222656 1026.40893554688 1025.61303710938 1021.83520507812 1033.07763671875 1031.876953125 1020.62451171875 1021.41204833984 1010.49237060547 1001.36682128906 989.39306640625 978.046997070312 972.837829589844 959.335205078125 948.055419921875
1005.68707275391 1005.02764892578 1005.32855224609 1000.47534179688 1003.45935058594 998.264282226562 1004.35296630859 998.187377929688 1009.49169921875 1005.74908447266 1009.23492431641 1016.57012939453 1021.69244384766 1030.28649902344 1020.29034423828 1017.80712890625 1016.38366699219 1021.576171875 1031.15173339844 1025.5224609375 1012.60424804688 1005.77880859375 998.5029296875 1010.11828613281 1017.70355224609 1013.08581542969 1016.60003662109 1012.18841552734 1013.13543701172 1023.98492431641 1028.09606933594 1030.86291503906 1029.3154296875 1030.03051757812 1026.62023925781 1031.541015625 1029.96752929688 1032.69104003906 1023.77526855469 1013.18353271484 999.201904296875 985.973693847656 979.07666015625 971.120361328125 962.563293457031 953.059875488281
1008.51013183594 1009.56976318359 1012.07183837891 1006.23187255859 996.254760742188 1001.83770751953 1000.91583251953 1006.16027832031 1008.48199462891 1003.69366455078 1011.97583007812 1022.86871337891 1022.46759033203 1028.6962890625 1019.75939941406 1029.63623046875 1026.20825195312 1030.39819335938 1025.18872070312 1028.16772460938 1020.193359375 1011.77581787109 1012.82305908203 1013.58361816406 1021.50909423828 1020.02606201172 1022.53082275391 1013.91046142578 1016.86120605469 1013.79431152344 1020.07409667969 1020.83795166016 1031.5654296875 1034.95556640625 1032.75915527344 1030.21008300781 1038.46057128906 1033.90893554688 1021.21813964844 1008.32073974609 1003.13812255859 1000.38537597656 984.492919921875 978.2470703125 970.698181152344 967.69970703125
1013.00933837891 1014.49322509766 1011.37145996094 1012.95709228516 1002.49060058594 1006.13677978516 1008.0029296875 1007.31072998047 1011.3251953125 1008.30969238281 1012.52722167969 1016.40203857422 1016.51849365234 1015.74011230469 1011.79309082031 1019.81304931641 1020.28112792969 1021.58782958984 1022.71752929688 1024.10632324219 1025.87390136719 1023.09088134766 1030.05603027344 1019.33343505859 1022.67498779297 1017.94439697266 1018.62841796875 1022.39624023438 1019.02233886719 1011.93041992188 1016.85278320312 1011.43450927734 1031.484375 1027.64123535156 1035.58923339844 1024.76501464844 1026.95227050781 1027.470703125 1018.81030273438 1012.86279296875 998.677734375 998.444274902344 988.045349121094 981.380187988281 977.924011230469 975.31982421875
1010.46197509766 1005.12780761719 1012.11657714844 1005.71105957031 1000.19097900391 998.8369140625 1014.37054443359 1010.06451416016 1004.66088867188 1001.46862792969 1001.68444824219 1009.20635986328 1007.44384765625 1011.08966064453 1012.14788818359 1014.39898681641 1017.72021484375 1017.77191162109 1022.97131347656 1021.22015380859 1026.318359375 1027.24645996094 1030.20092773438 1021.61401367188 1018.38134765625 1026.13354492188 1024.708984375 1021.06463623047 1014.8134765625 1010.78552246094 1016.61016845703 1011.60992431641 1012.50256347656 1013.03930664062 1024.24035644531 1026.02502441406 1029.39392089844 1020.71148681641 1010.31890869141 1016.16632080078 1006.29705810547 992.35546875 991.950134277344 986.179870605469 987.353210449219 991.716613769531
