data/zlatibor_dem_simulations/DEMsim95 (1).asc
NCOLS 150
NROWS 100
XLLCORNER 7394249
YLLCORNER 4841999
CELLSIZE 30
NODATA_VALUE -9999
[rows 0 to 19 of 100, columns 0 to 45 of 150]
1015.03057861328 1013.79693603516 1004.57739257812 1014.98913574219 1008.64739990234 1010.45074462891 1008.58679199219 1010.24609375 1012.47113037109 1021.06646728516 1022.91046142578 1013.13055419922 1013.8828125 1014.09899902344 998.054992675781 1005.07940673828 1001.10418701172 1006.02014160156 1015.53338623047 1022.38055419922 1033.96398925781 1033.22351074219 1021.99768066406 1027.14367675781 1029.42602539062 1032.5771484375 1022.69683837891 1025.49853515625 1021.58276367188 1018.66186523438 1032.74914550781 1037.8388671875 1039.56396484375 1037.32043457031 1032.00952148438 1030.3291015625 1038.32543945312 1041.40930175781 1014.19177246094 1016.04095458984 1009.88836669922 1003.93792724609 1010.84368896484 1003.63452148438 1000.48754882812 1012.65985107422
1015.29010009766 1008.71752929688 1009.30200195312 1012.85211181641 1010.52136230469 1002.74090576172 1003.34515380859 1010.32861328125 1012.92895507812 1024.29089355469 1014.9765625 1012.08673095703 1003.423828125 1005.24072265625 1009.09857177734 1010.83831787109 999.950744628906 1008.65826416016 1013.71441650391 1023.78594970703 1030.30834960938 1035.6611328125 1031.56640625 1034.19604492188 1036.87536621094 1030.46520996094 1024.09130859375 1025.55383300781 1024.12817382812 1021.10339355469 1027.41284179688 1034.73181152344 1036.59765625 1038.67565917969 1032.76879882812 1025.58422851562 1034.02722167969 1033.07897949219 1021.87921142578 1015.01019287109 1010.23114013672 1007.185546875 1006.52917480469 1006.78295898438 1015.20281982422 1016.28204345703
1007.19598388672 992.927673339844 999.817443847656 999.298095703125 1004.58471679688 1001.63958740234 1002.37738037109 1005.54516601562 1017.03680419922 1019.35314941406 1009.17126464844 1005.36529541016 1007.67828369141 1011.25054931641 1017.22930908203 1005.96722412109 999.502685546875 1003.15533447266 1010.10723876953 1018.29412841797 1023.68853759766 1030.76232910156 1036.52770996094 1036.35888671875 1028.97302246094 1028.76196289062 1034.09704589844 1028.38134765625 1024.19555664062 1028.99670410156 1027.13586425781 1031.00280761719 1033.98254394531 1030.71643066406 1016.2275390625 1021.67651367188 1026.91491699219 1032.06640625 1023.91827392578 1015.30548095703 1006.24609375 1006.57977294922 1018.07159423828 1015.84002685547 1019.27606201172 1016.11102294922
998.681701660156 987.3876953125 989.695556640625 997.362426757812 1001.77960205078 1008.16754150391 1008.10229492188 1004.54107666016 1017.22552490234 1020.59692382812 1009.35046386719 1006.60150146484 1008.56567382812 1013.87237548828 1009.76599121094 1011.85040283203 1004.74737548828 1003.32507324219 1009.7763671875 1016.69085693359 1020.00506591797 1024.88098144531 1038.4345703125 1039.4921875 1025.87890625 1032.6796875 1026.83520507812 1030.47790527344 1019.54266357422 1033.73083496094 1033.373046875 1030.64453125 1027.82080078125 1023.48651123047 1016.22766113281 1017.38201904297 1022.02276611328 1024.71118164062 1023.69049072266 1019.69287109375 1004.25946044922 1001.84954833984 1018.17602539062 1018.83453369141 1005.17352294922 1008.26141357422
986.036804199219 976.903076171875 979.06005859375 992.096313476562 998.690490722656 1003.6904296875 1008.57208251953 1014.74487304688 1015.78326416016 1010.90374755859 1000.47064208984 1003.69085693359 1008.82824707031 1006.86010742188 1009.87561035156 1008.55328369141 1004.43341064453 1009.49182128906 1018.44641113281 1014.05712890625 1014.12139892578 1023.90954589844 1030.18432617188 1031.05200195312 1025.9365234375 1028.50280761719 1023.47528076172 1020.67443847656 1016.52124023438 1016.96112060547 1026.87048339844 1030.22766113281 1021.90728759766 1023.62487792969 1024.08850097656 1014.462890625 1013.51232910156 1011.94519042969 1015.02502441406 1019.43243408203 1009.1845703125 1009.32733154297 1006.40020751953 1011.01159667969 1002.61309814453 1015.880859375
991.716491699219 981.604614257812 983.892822265625 991.124328613281 994.759765625 999.199401855469 1008.52014160156 1002.24676513672 1012.49890136719 1015.35620117188 1003.00518798828 1003.84680175781 1000.66912841797 1001.24774169922 1005.12365722656 1016.04107666016 1013.36950683594 1016.42449951172 1016.92303466797 1008.51055908203 1017.81890869141 1023.94647216797 1031.18469238281 1024.09350585938 1022.20471191406 1025.09423828125 1025.72387695312 1023.05712890625 1025.01684570312 1026.40600585938 1023.27453613281 1038.36157226562 1033.60229492188 1025.84753417969 1024.02844238281 1020.03204345703 1016.28826904297 1008.18981933594 1009.33142089844 1009.92047119141 1007.37445068359 1009.42828369141 1008.50024414062 1011.70989990234 1010.81097412109 1012.16918945312
992.704895019531 990.327880859375 988.086730957031 986.434448242188 989.117797851562 996.686767578125 1007.54357910156 1011.55963134766 1008.82452392578 1019.92034912109 1008.57000732422 1009.33489990234 995.850402832031 997.314636230469 999.7294921875 1010.88879394531 1008.62707519531 1014.32952880859 1007.70910644531 1012.58959960938 1014.44757080078 1023.14459228516 1032.79125976562 1029.15832519531 1023.84747314453 1019.84539794922 1016.98516845703 1021.43530273438 1021.19311523438 1021.76525878906 1023.32788085938 1029.99230957031 1030.73864746094 1024.89074707031 1021.81903076172 1021.37677001953 1011.66760253906 1010.48809814453 1003.53063964844 997.123657226562 1005.67352294922 1006.60192871094 1005.97454833984 1004.15606689453 1007.2529296875 1019.77813720703
993.905883789062 992.177856445312 985.361267089844 984.3232421875 988.884216308594 987.851501464844 1000.23431396484 1005.94012451172 1012.20776367188 1012.14617919922 1004.61090087891 994.775756835938 991.271667480469 994.3798828125 1005.13537597656 1003.55548095703 999.214172363281 1004.94372558594 1013.41198730469 1017.46844482422 1027.20251464844 1028.15307617188 1019.69659423828 1018.72741699219 1007.67980957031 1015.43133544922 1007.97778320312 1009.34484863281 1008.85589599609 1003.28179931641 1017.95593261719 1022.35620117188 1026.34948730469 1030.53698730469 1023.796875 1019.20916748047 1021.7734375 1014.47491455078 1001.28564453125 995.473083496094 1001.83557128906 1007.015625 1002.95483398438 1002.74749755859 1005.39459228516 1011.98760986328
990.148681640625 990.076110839844 988.7724609375 989.757141113281 993.188049316406 988.813293457031 995.837036132812 1004.66510009766 1003.48919677734 1005.59924316406 1001.13568115234 989.989013671875 984.390686035156 992.387268066406 992.040283203125 996.301696777344 1004.05541992188 1012.62249755859 1016.21618652344 1023.01812744141 1023.69348144531 1021.57330322266 1011.93835449219 1014.68499755859 1008.78625488281 1002.75933837891 1002.39916992188 1003.64392089844 1001.46105957031 1002.90313720703 1009.58380126953 1021.80523681641 1022.64208984375 1020.05010986328 1025.74499511719 1028.50219726562 1022.41101074219 1018.66625976562 1011.33026123047 1005.97912597656 1010.16534423828 1012.8671875 1009.80419921875 1008.32843017578 1007.60510253906 1007.6611328125
995.441223144531 994.905212402344 986.728271484375 988.976013183594 992.607482910156 995.757019042969 1002.88482666016 1005.17718505859 1002.63110351562 1005.90997314453 1003.18859863281 996.453247070312 993.302062988281 989.180236816406 998.37841796875 1004.27087402344 1011.36950683594 1011.44879150391 1019.29602050781 1023.08227539062 1021.03308105469 1024.9208984375 1016.37884521484 1012.66436767578 1008.97283935547 998.890869140625 998.409362792969 996.82373046875 997.102294921875 1002.25885009766 1001.62042236328 1015.01959228516 1022.08843994141 1016.22869873047 1020.60522460938 1021.88684082031 1022.60510253906 1017.58209228516 1019.16851806641 1008.68682861328 1009.78308105469 1003.96435546875 1008.66021728516 1009.68981933594 1016.67840576172 1013.99725341797
998.212280273438 998.390380859375 988.743225097656 981.5986328125 984.108703613281 989.621948242188 997.542175292969 1000.57165527344 1003.24615478516 1008.08160400391 1000.06378173828 993.765075683594 991.77734375 996.145690917969 999.300720214844 1007.35925292969 1006.81774902344 1012.51892089844 1017.76434326172 1011.84582519531 1017.09448242188 1006.75390625 1000.24780273438 1001.97021484375 999.152648925781 1002.51684570312 997.006530761719 1005.70617675781 999.005859375 1012.09997558594 1009.48254394531 1013.71441650391 1011.14050292969 1015.46264648438 1015.65466308594 1014.15209960938 1015.11663818359 1013.37762451172 1016.29437255859 1007.23736572266 1018.64569091797 1016.11065673828 1012.17846679688 1014.87982177734 1016.48266601562 1010.16369628906
998.785705566406 996.493591308594 996.225402832031 990.9541015625 984.821594238281 987.458557128906 996.704956054688 1000.78674316406 990.328552246094 1001.16522216797 994.16162109375 995.00146484375 985.932556152344 991.992248535156 997.72998046875 1008.8193359375 1011.04638671875 1008.97711181641 1011.56420898438 1016.46618652344 1013.70782470703 1006.52386474609 1001.60473632812 1003.92523193359 999.243408203125 994.259582519531 1005.48559570312 1005.35852050781 1003.91284179688 1009.17279052734 1006.90692138672 1014.19616699219 1019.86016845703 1022.67834472656 1011.42395019531 1008.52325439453 1016.90985107422 1018.21081542969 1016.6572265625 1012.43817138672 1014.77355957031 1020.83172607422 1021.22448730469 1018.81695556641 1013.74774169922 1010.62731933594
996.44921875 997.345642089844 992.949768066406 986.044311523438 988.312255859375 996.941162109375 992.13720703125 991.39892578125 989.185852050781 991.769470214844 982.144287109375 986.111511230469 991.712280273438 994.281127929688 1002.18951416016 1005.79766845703 1005.08038330078 1010.09808349609 1012.41430664062 1010.75402832031 1009.10284423828 999.675659179688 1001.2626953125 993.008728027344 993.236694335938 995.130981445312 1002.67016601562 1006.39611816406 1005.12170410156 1009.92700195312 1014.14135742188 1018.51177978516 1014.24841308594 1020.88824462891 1014.99182128906 1013.29510498047 1011.71276855469 1017.20416259766 1017.98077392578 1018.72259521484 1021.09265136719 1024.67407226562 1031.30871582031 1023.99102783203 1023.35021972656 1019.91802978516
1000.083984375 994.918701171875 993.481079101562 995.62646484375 986.11767578125 992.80908203125 996.872802734375 994.734436035156 993.526428222656 993.290649414062 980.882934570312 978.248840332031 978.965026855469 986.541748046875 998.105529785156 989.52099609375 1002.49334716797 1002.84332275391 1002.38592529297 1001.54809570312 996.497985839844 1002.9970703125 1000.11370849609 993.04345703125 992.879211425781 985.357604980469 995.976928710938 1001.93701171875 1012.33319091797 1014.44183349609 1021.18853759766 1020.03503417969 1016.94964599609 1013.08648681641 1013.81225585938 1015.97235107422 1017.72534179688 1024.33520507812 1033.33935546875 1038.91687011719 1040.18518066406 1029.408203125 1024.08264160156 1027.51696777344 1024.80505371094 1018.48809814453
1004.09381103516 1000.93450927734 989.87255859375 993.9892578125 985.908752441406 984.378845214844 992.707641601562 991.074340820312 990.656555175781 980.338989257812 983.738891601562 975.40185546875 967.181213378906 974.770202636719 987.760559082031 987.780883789062 993.345458984375 997.02783203125 1003.40222167969 1007.00708007812 1003.2197265625 1003.69696044922 1011.22601318359 1001.65844726562 994.539611816406 993.0234375 995.082275390625 1003.02075195312 1017.97644042969 1017.21826171875 1018.11798095703 1016.99188232422 1017.97668457031 1020.92840576172 1018.72454833984 1023.63610839844 1021.24548339844 1037.9619140625 1035.85595703125 1039.39697265625 1032.28295898438 1030.80029296875 1025.74230957031 1029.25524902344 1032.34118652344 1008.89874267578
983.781433105469 990.196472167969 987.217041015625 988.539611816406 978.912719726562 974.354064941406 981.94921875 990.442321777344 981.872009277344 985.30078125 988.289367675781 978.594116210938 969.7353515625 978.920776367188 980.789489746094 984.386596679688 985.148986816406 988.175842285156 987.293823242188 1003.56121826172 1004.77416992188 1006.76312255859 1006.73034667969 1004.67150878906 1003.78509521484 1000.51239013672 1002.29241943359 1007.28558349609 1013.45080566406 1016.89691162109 1012.53527832031 1011.80889892578 1014.79595947266 1024.02111816406 1027.26574707031 1028.44458007812 1027.58813476562 1032.49755859375 1043.13134765625 1037.9345703125 1036.7236328125 1033.15246582031 1027.09240722656 1033.82043457031 1032.537109375 1018.68218994141
983.840698242188 987.04345703125 983.730590820312 975.831665039062 976.715148925781 981.181274414062 980.3125 978.58056640625 984.138122558594 984.75341796875 987.091430664062 981.126281738281 974.173461914062 975.47705078125 971.569458007812 975.379577636719 980.869018554688 978.491882324219 988.658874511719 1000.11151123047 1001.77380371094 1000.45080566406 1010.0380859375 1005.8828125 1005.76965332031 999.396789550781 1006.19232177734 1012.2880859375 1015.67041015625 1015.99304199219 1011.90826416016 1023.20318603516 1021.19519042969 1026.03442382812 1029.79895019531 1035.32873535156 1043.94482421875 1037.23608398438 1040.73559570312 1047.61181640625 1041.71325683594 1031.13037109375 1031.39697265625 1030.09777832031 1026.57531738281 1022.53088378906
975.429565429688 978.774291992188 978.121520996094 970.562072753906 976.758972167969 981.505432128906 984.254150390625 984.905090332031 982.397094726562 987.141418457031 985.519104003906 965.911376953125 968.167053222656 970.280212402344 968.135192871094 976.848999023438 979.787963867188 981.736206054688 985.888366699219 992.503234863281 1004.32556152344 1000.77691650391 989.248291015625 988.281188964844 991.306030273438 996.248352050781 1006.71252441406 1007.35076904297 1008.09948730469 1023.05059814453 1026.53698730469 1027.42248535156 1015.82708740234 1018.36846923828 1031.15063476562 1041.93640136719 1033.80773925781 1028.84582519531 1035.60424804688 1036.96166992188 1046.90893554688 1039.77490234375 1037.32556152344 1036.271484375 1029.51171875 1026.71337890625
974.034301757812 969.898986816406 969.506530761719 967.106140136719 968.61962890625 966.968872070312 978.687133789062 984.95751953125 986.0283203125 979.782836914062 973.874694824219 956.659729003906 960.622802734375 971.692993164062 971.970031738281 976.768798828125 975.108520507812 984.483825683594 977.85986328125 986.829650878906 989.478271484375 987.394165039062 983.051513671875 979.978942871094 991.860778808594 990.629455566406 1003.95166015625 1009.80950927734 1014.87030029297 1020.96099853516 1020.26788330078 1024.28967285156 1019.90270996094 1021.11712646484 1032.27905273438 1036.13610839844 1045.70825195312 1027.345703125 1032.63000488281 1035.10302734375 1044.22717285156 1038.4013671875 1046.75012207031 1039.93579101562 1031.78149414062 1029.40026855469
983.795532226562 978.083374023438 965.744445800781 963.125061035156 955.644958496094 955.475708007812 963.001281738281 967.600891113281 966.848266601562 965.908142089844 960.276550292969 955.198181152344 965.145080566406 963.677124023438 972.596130371094 976.323669433594 975.834594726562 971.897827148438 976.636657714844 984.525146484375 993.089782714844 985.430908203125 976.409545898438 976.108764648438 984.098266601562 996.961181640625 1004.45330810547 1006.33349609375 1010.13122558594 1017.88830566406 1021.26361083984 1020.61480712891 1019.52691650391 1027.12634277344 1027.52746582031 1032.78918457031 1032.23742675781 1027.82336425781 1024.15625 1031.38806152344 1044.798828125 1036.48718261719 1033.25500488281 1043.72668457031 1033.66821289062 1027.32202148438
