data/zlatibor_dem_simulations/DEMsim11.asc
NCOLS 150
NROWS 100
XLLCORNER 7394249
YLLCORNER 4841999
CELLSIZE 30
NODATA_VALUE -9999
[rows 40 to 59 of 100, columns 0 to 45 of 150]
953.045776367188 958.02392578125 972.546569824219 968.99755859375 966.878173828125 966.707397460938 954.824096679688 958.9013671875 957.788391113281 958.619018554688 970.208801269531 963.467102050781 967.774719238281 971.661193847656 982.219665527344 976.659118652344 970.500183105469 975.534912109375 971.24169921875 976.53515625 979.60986328125 973.749084472656 979.713928222656 981.501098632812 974.940612792969 968.689392089844 968.285034179688 958.75 960.0703125 957.349548339844 970.225952148438 977.482849121094 977.861755371094 980.033569335938 975.871459960938 975.381286621094 971.602172851562 979.219909667969 972.235229492188 969.001525878906 972.790710449219 979.226989746094 970.684814453125 966.879760742188 971.679626464844 965.309020996094
945.866821289062 957.007141113281 961.02587890625 964.508605957031 966.499694824219 965.322021484375 958.560668945312 959.029235839844 947.708862304688 953.566040039062 962.331909179688 970.889404296875 968.552673339844 977.852722167969 983.703918457031 981.26318359375 979.100158691406 970.272277832031 978.9873046875 983.743713378906 984.6064453125 974.039428710938 986.137390136719 982.965393066406 979.987182617188 975.381042480469 966.745910644531 965.307434082031 953.662719726562 957.986145019531 964.495178222656 978.908447265625 980.708435058594 981.957153320312 973.970092773438 981.008911132812 975.194274902344 979.019409179688 971.477600097656 966.2294921875 965.844177246094 975.300842285156 966.474426269531 965.972961425781 971.039001464844 969.888671875
943.342590332031 946.395324707031 953.05224609375 957.713012695312 960.419067382812 957.719360351562 963.399291992188 964.084899902344 962.97607421875 961.155944824219 969.526489257812 967.072448730469 966.253967285156 968.808776855469 978.817016601562 987.341918945312 975.687194824219 970.156799316406 974.538024902344 985.829711914062 982.380798339844 981.272094726562 978.980163574219 979.269226074219 983.796081542969 977.170837402344 976.278503417969 964.641540527344 966.52490234375 965.09326171875 976.305114746094 986.314575195312 981.345336914062 980.421569824219 973.093994140625 975.407592773438 979.206909179688 983.487121582031 980.960144042969 981.038879394531 977.417846679688 968.591430664062 968.218566894531 964.547973632812 975.982177734375 978.089416503906
947.479858398438 946.88916015625 947.5009765625 952.987854003906 957.504028320312 957.203918457031 965.240051269531 971.863952636719 973.006958007812 957.262756347656 964.697021484375 963.741271972656 966.580139160156 971.576721191406 973.407287597656 973.307250976562 975.849243164062 976.31591796875 977.449096679688 979.476684570312 978.149475097656 973.755859375 974.117858886719 977.865417480469 977.639892578125 976.174865722656 976.392639160156 976.322143554688 966.295043945312 971.228149414062 972.080383300781 980.34765625 972.355102539062 979.58203125 976.81396484375 978.331604003906 970.060607910156 967.961791992188 979.018981933594 974.60498046875 973.72705078125 968.345825195312 966.683166503906 966.720397949219 973.012145996094 971.06298828125
943.639099121094 944.191040039062 950.06689453125 947.381774902344 962.614135742188 961.977233886719 971.830932617188 969.595581054688 963.637329101562 953.531066894531 963.341857910156 970.002990722656 968.814147949219 966.960754394531 971.176513671875 967.69775390625 967.753051757812 976.153076171875 983.268249511719 978.680847167969 977.269104003906 975.388122558594 974.142761230469 979.061401367188 973.75537109375 972.071472167969 972.184814453125 966.917358398438 981.095642089844 976.596313476562 977.978332519531 976.829467773438 975.182800292969 976.545471191406 977.225891113281 967.879577636719 970.30908203125 965.635070800781 966.202819824219 975.545227050781 971.192687988281 972.422058105469 965.422729492188 968.159729003906 971.63232421875 968.521606445312
951.396606445312 946.225280761719 942.625915527344 952.788208007812 959.90380859375 966.496337890625 966.946228027344 971.065734863281 964.435974121094 965.539367675781 966.420471191406 975.89208984375 973.460754394531 965.278869628906 974.359069824219 976.357543945312 975.572814941406 976.829345703125 970.938537597656 979.125915527344 970.8798828125 981.669738769531 974.42724609375 971.367431640625 970.562805175781 971.751098632812 976.341918945312 977.728881835938 969.347473144531 972.513793945312 972.77294921875 978.082946777344 979.208312988281 977.140441894531 968.248596191406 966.868347167969 970.030212402344 972.031311035156 974.838195800781 968.558532714844 971.542358398438 969.341552734375 970.005859375 971.497314453125 968.007629394531 963.532897949219
946.682373046875 945.330139160156 951.714538574219 950.966918945312 956.715515136719 961.188781738281 970.34619140625 973.719543457031 971.557495117188 963.280151367188 971.912658691406 968.645446777344 974.569519042969 974.41845703125 970.182312011719 976.255493164062 978.598083496094 984.203430175781 977.349609375 972.814331054688 974.353393554688 962.33447265625 965.58349609375 962.151733398438 971.956665039062 971.878173828125 974.574035644531 977.614379882812 975.207336425781 974.744079589844 972.7705078125 973.99072265625 982.064270019531 974.177368164062 973.469665527344 966.906555175781 968.534057617188 971.359130859375 969.886291503906 968.365173339844 965.043823242188 961.683837890625 962.773620605469 965.632080078125 960.26708984375 966.067626953125
944.172424316406 947.508972167969 944.360168457031 955.189270019531 955.295288085938 964.243286132812 961.343322753906 973.4453125 978.035339355469 969.684448242188 963.967163085938 968.009460449219 962.68505859375 972.509033203125 970.03857421875 978.191528320312 981.55712890625 979.793090820312 974.113647460938 971.519775390625 967.451904296875 972.516845703125 968.215637207031 969.337341308594 965.062316894531 971.460327148438 974.472900390625 974.920349121094 985.117065429688 980.529846191406 974.506958007812 983.792419433594 979.395202636719 970.797241210938 971.30126953125 971.302368164062 965.234802246094 968.823791503906 965.83935546875 959.767333984375 961.683288574219 963.651123046875 961.21484375 954.011291503906 960.032958984375 970.94775390625
949.653625488281 949.257385253906 949.831604003906 949.505187988281 953.489562988281 962.494323730469 962.730834960938 971.807495117188 981.70751953125 974.19384765625 961.230285644531 965.910278320312 958.313659667969 969.618591308594 963.274963378906 971.723327636719 978.936096191406 978.230834960938 973.397644042969 974.719604492188 968.189331054688 965.499450683594 959.262939453125 965.293640136719 961.557067871094 964.695251464844 963.959716796875 968.575561523438 979.03759765625 975.175170898438 976.784545898438 984.754028320312 982.269287109375 976.808837890625 971.871520996094 966.716247558594 970.746215820312 973.679382324219 960.757873535156 965.690124511719 958.289184570312 957.307800292969 957.184936523438 958.346435546875 962.191101074219 966.814575195312
954.153686523438 959.092712402344 950.821716308594 955.647705078125 966.907043457031 960.368835449219 971.355773925781 971.5224609375 971.703491210938 972.664611816406 967.963684082031 968.334838867188 968.557556152344 967.756469726562 971.203002929688 968.878173828125 971.5947265625 973.688720703125 972.416320800781 971.475402832031 969.024169921875 966.081909179688 964.471130371094 961.787292480469 962.582458496094 965.412048339844 964.375610351562 970.04443359375 964.645935058594 964.651916503906 972.197692871094 977.559631347656 974.659057617188 971.55517578125 973.219421386719 974.311645507812 969.268005371094 970.010803222656 970.151794433594 961.483093261719 951.884948730469 961.056823730469 961.543701171875 952.736022949219 961.591430664062 961.398071289062
953.824523925781 950.909301757812 952.044921875 956.1142578125 967.400756835938 964.924255371094 978.225402832031 973.303771972656 971.765747070312 981.469482421875 978.470825195312 977.156982421875 972.239624023438 968.029174804688 972.723205566406 964.716552734375 963.837280273438 959.718872070312 968.896301269531 982.084350585938 969.82373046875 958.273559570312 963.398742675781 963.604797363281 962.520385742188 956.034545898438 962.098022460938 964.450866699219 968.676513671875 966.408264160156 975.982238769531 985.8359375 980.31396484375 978.500427246094 980.878051757812 972.218200683594 973.783386230469 967.5908203125 962.7138671875 958.415344238281 954.007934570312 957.503173828125 969.77099609375 954.770690917969 956.015991210938 959.3818359375
956.815246582031 957.813903808594 945.405883789062 957.151916503906 961.779846191406 962.8740234375 966.443115234375 982.856018066406 978.2646484375 981.036743164062 977.652709960938 975.258666992188 979.582763671875 975.522033691406 970.858947753906 971.888427734375 973.602478027344 967.84765625 971.417419433594 978.412536621094 972.993469238281 970.668395996094 964.005920410156 952.98681640625 958.692687988281 956.911804199219 956.467224121094 962.685363769531 971.840698242188 978.812255859375 976.938232421875 983.1748046875 978.631958007812 974.797180175781 967.412292480469 965.124450683594 965.87841796875 972.887329101562 968.678833007812 960.483337402344 952.178527832031 960.057678222656 963.4208984375 966.204406738281 965.700134277344 967.813598632812
955.099365234375 958.057739257812 959.40966796875 962.1357421875 965.022583007812 967.278442382812 969.3916015625 972.799499511719 971.495544433594 976.594482421875 978.551513671875 968.8837890625 971.209838867188 975.679382324219 976.189147949219 968.512878417969 969.414672851562 966.645202636719 963.738098144531 963.737426757812 967.883972167969 965.58642578125 955.317626953125 953.259216308594 957.488159179688 956.01904296875 958.505065917969 959.689575195312 969.480285644531 971.716430664062 970.046203613281 972.604675292969 968.102905273438 975.695983886719 969.361083984375 965.412231445312 969.807678222656 969.861938476562 967.593444824219 957.2216796875 955.040771484375 960.458984375 960.483093261719 967.29345703125 961.582641601562 976.217590332031
961.931762695312 959.192199707031 962.764770507812 967.305297851562 966.406555175781 972.684936523438 978.987731933594 973.138122558594 973.917236328125 967.896240234375 967.83203125 968.094543457031 972.014099121094 976.451538085938 973.316040039062 974.84423828125 967.132751464844 963.377502441406 970.557189941406 962.652954101562 959.756530761719 969.879516601562 966.769348144531 965.134521484375 963.567260742188 963.501770019531 954.7265625 951.482360839844 961.612487792969 967.50048828125 970.769165039062 971.139892578125 967.605407714844 972.013916015625 968.606689453125 968.065612792969 963.925170898438 972.305603027344 962.400695800781 954.354797363281 953.092102050781 963.734985351562 958.086364746094 964.377075195312 961.587768554688 962.907043457031
965.618835449219 959.636352539062 970.844665527344 968.439208984375 974.31982421875 975.217651367188 978.593688964844 972.190795898438 969.245910644531 970.454223632812 971.317016601562 972.874633789062 964.845581054688 969.720581054688 974.489990234375 971.282897949219 965.635864257812 968.975158691406 967.272277832031 967.590637207031 971.216186523438 963.218688964844 960.576965332031 962.934936523438 959.462585449219 963.682006835938 945.771423339844 948.960693359375 965.601135253906 968.640441894531 970.497436523438 971.594665527344 956.11181640625 956.715942382812 958.664184570312 964.507934570312 966.383483886719 965.044616699219 963.3046875 950.495544433594 960.093078613281 965.788635253906 954.526428222656 955.815551757812 958.000793457031 963.952758789062
968.710998535156 964.977844238281 978.104797363281 975.243774414062 979.248657226562 981.476196289062 979.327880859375 977.300231933594 967.06396484375 966.662841796875 977.780883789062 977.65771484375 974.175842285156 981.362182617188 970.590698242188 966.06689453125 975.8974609375 968.8251953125 969.178649902344 968.825317382812 970.625122070312 968.133239746094 963.468017578125 958.286193847656 962.308654785156 958.427795410156 950.744995117188 946.133728027344 958.874572753906 959.807800292969 963.512329101562 957.221923828125 952.719665527344 956.092529296875 959.696838378906 960.95703125 966.012268066406 969.547119140625 965.671203613281 958.624084472656 951.928527832031 949.709533691406 952.252380371094 962.951721191406 953.571716308594 956.945617675781
961.068603515625 959.028503417969 978.840393066406 978.163513183594 969.881225585938 977.560668945312 974.305480957031 968.595703125 967.5 972.144836425781 966.431823730469 965.649841308594 974.060485839844 973.8623046875 969.171325683594 970.490966796875 967.2841796875 970.7353515625 964.518127441406 966.541259765625 964.931213378906 962.843200683594 957.441345214844 955.256469726562 959.945373535156 955.70361328125 946.999145507812 953.109313964844 962.607788085938 960.570129394531 947.727905273438 953.976257324219 958.457580566406 964.016845703125 961.173950195312 962.543823242188 958.497741699219 965.447387695312 964.4736328125 965.245361328125 950.984497070312 949.467834472656 955.825256347656 956.074462890625 955.717590332031 953.161926269531
962.900634765625 959.525939941406 969.516662597656 972.904113769531 971.752380371094 968.592651367188 970.743103027344 972.620544433594 978.203002929688 976.662231445312 967.235656738281 968.661987304688 973.871154785156 974.192749023438 976.937194824219 972.359436035156 971.873779296875 975.160583496094 971.362060546875 976.186645507812 969.88330078125 963.358337402344 965.363891601562 957.483764648438 948.744018554688 952.850280761719 953.842102050781 949.546020507812 950.380126953125 956.410766601562 946.320373535156 949.412353515625 964.000610351562 972.032531738281 967.292907714844 958.391479492188 955.550231933594 961.121765136719 966.087524414062 958.329467773438 958.745910644531 951.701049804688 953.435791015625 952.5517578125 958.437744140625 952.87939453125
958.052307128906 958.987548828125 962.718444824219 959.298522949219 968.486083984375 967.101867675781 972.572265625 972.701110839844 976.642639160156 980.433227539062 971.470947265625 982.432312011719 973.683837890625 973.963134765625 975.011474609375 972.401611328125 967.185302734375 971.302978515625 976.496643066406 976.991577148438 960.336547851562 953.995178222656 954.572204589844 947.728393554688 948.459716796875 946.711730957031 952.666076660156 954.848205566406 959.526550292969 955.155700683594 953.068908691406 952.554809570312 953.639587402344 967.932861328125 968.626098632812 954.588989257812 955.958679199219 956.036804199219 962.003784179688 961.184631347656 959.352233886719 946.288757324219 958.8896484375 956.924865722656 957.768676757812 957.89697265625
955.779663085938 952.494384765625 957.493286132812 951.066650390625 955.271911621094 967.947692871094 970.799743652344 974.629516601562 975.29150390625 971.720642089844 972.363464355469 974.344482421875 962.019409179688 978.427795410156 974.929992675781 966.468566894531 955.867248535156 963.652282714844 964.7177734375 962.318298339844 947.497192382812 946.702270507812 943.527160644531 946.08935546875 939.373352050781 948.343688964844 952.8662109375 957.294677734375 958.895446777344 954.867492675781 951.905090332031 943.764404296875 948.804504394531 953.812316894531 956.192443847656 954.679382324219 955.673217773438 961.704650878906 958.925476074219 958.348937988281 949.905456542969 950.572265625 950.296081542969 953.214599609375 957.735595703125 955.057312011719
