data/zlatibor_dem_simulations/DEMsim17.asc
NCOLS 150
NROWS 100
XLLCORNER 7394249
YLLCORNER 4841999
CELLSIZE 30
NODATA_VALUE -9999
[rows 0 to 19 of 100, columns 92 to 137 of 150]
920.240417480469 919.110168457031 915.22509765625 911.564514160156 900.674682617188 898.430236816406 883.499450683594 868.695007324219 864.587768554688 861.215026855469 865.449035644531 860.750183105469 850.615051269531 854.281005859375 856.383728027344 856.093383789062 863.503479003906 870.465026855469 872.4013671875 876.818359375 886.833984375 894.147644042969 905.803039550781 920.596496582031 918.221069335938 924.796691894531 929.987426757812 929.603149414062 929.519592285156 931.43310546875 932.135437011719 941.067260742188 939.492248535156 944.525024414062 958.916137695312 954.053588867188 966.913879394531 972.909729003906 987.648498535156 1001.22747802734 1012.51586914062 1022.83532714844 1019.14141845703 1032.86328125 1037.97155761719 1045.50256347656
926.501037597656 913.85498046875 912.783996582031 907.18310546875 892.541442871094 890.171630859375 882.173950195312 868.490905761719 866.268432617188 865.065124511719 869.043090820312 857.709594726562 865.242858886719 860.454956054688 853.644104003906 853.347778320312 863.006652832031 864.517211914062 872.345764160156 877.315490722656 885.798034667969 895.498291015625 897.318969726562 905.724304199219 912.994750976562 923.559875488281 925.37744140625 924.699157714844 932.584106445312 932.995727539062 924.393005371094 937.595764160156 932.035278320312 942.724914550781 947.76708984375 955.761840820312 969.684753417969 983.549621582031 980.3125 1001.80438232422 1014.36639404297 1018.39569091797 1025.83801269531 1038.75109863281 1045.84838867188 1055.24084472656
922.106994628906 915.972473144531 913.214111328125 903.612670898438 898.971923828125 889.980346679688 881.458801269531 872.941772460938 875.966552734375 872.475341796875 869.143249511719 860.631408691406 856.312438964844 860.008605957031 865.689514160156 866.098754882812 873.710510253906 874.649536132812 874.584167480469 873.084167480469 875.075012207031 889.058898925781 898.817993164062 899.048828125 904.372741699219 920.294921875 924.768005371094 925.93359375 931.242248535156 932.867004394531 933.572692871094 927.880676269531 931.228271484375 940.87158203125 952.318420410156 961.999877929688 964.527221679688 973.742980957031 984.382019042969 996.788757324219 1010.97009277344 1013.10357666016 1022.75994873047 1048.68640136719 1055.29333496094 1064.19140625
924.522094726562 912.098388671875 905.059020996094 900.291625976562 900.391662597656 892.751525878906 886.89794921875 885.582763671875 885.663818359375 877.23828125 868.789245605469 857.605895996094 865.712219238281 874.785217285156 876.441528320312 873.934631347656 877.092102050781 875.943969726562 877.158264160156 878.64501953125 879.437927246094 898.695495605469 902.732238769531 902.481079101562 902.6416015625 920.636169433594 924.776123046875 925.207153320312 925.420532226562 930.754028320312 938.66943359375 941.775146484375 937.262145996094 945.893432617188 954.417846679688 962.988586425781 969.294189453125 984.875122070312 1000.54968261719 1003.36590576172 1006.45324707031 1024.07055664062 1034.61730957031 1047.60546875 1060.79956054688 1070.55700683594
916.707946777344 911.426696777344 901.975708007812 902.039916992188 897.274230957031 892.228210449219 889.029724121094 883.404113769531 884.14501953125 880.798522949219 869.357604980469 865.86865234375 876.83447265625 875.361938476562 883.011596679688 885.960693359375 880.532592773438 874.8291015625 881.597412109375 877.268676757812 877.937194824219 902.209655761719 902.70458984375 907.971740722656 913.548706054688 912.695251464844 924.728149414062 925.736389160156 923.933715820312 928.691650390625 936.596130371094 940.497009277344 941.307250976562 948.616943359375 953.3798828125 958.702026367188 962.6337890625 979.001953125 990.35302734375 1002.05548095703 1014.43487548828 1027.75793457031 1038.24584960938 1040.3017578125 1057.25305175781 1067.68151855469
921.05078125 913.451965332031 908.87939453125 895.313659667969 901.124877929688 896.396667480469 888.30224609375 882.243591308594 885.485412597656 884.310729980469 885.842407226562 876.640014648438 870.334289550781 874.044677734375 889.953674316406 889.130065917969 878.029235839844 877.501647949219 880.496337890625 875.384399414062 877.282287597656 894.651000976562 907.164184570312 903.51171875 911.1484375 913.428344726562 916.474060058594 921.865356445312 924.16015625 938.325256347656 938.081848144531 932.451538085938 942.520202636719 941.582397460938 948.018432617188 955.273132324219 965.244201660156 974.742126464844 980.924499511719 998.263366699219 1016.49768066406 1026.39135742188 1026.93176269531 1041.93395996094 1056.82543945312 1063.41369628906
922.94091796875 918.620544433594 910.759582519531 903.982666015625 901.146118164062 895.80029296875 894.044067382812 890.53515625 883.887573242188 890.330932617188 892.213073730469 889.062927246094 880.584838867188 887.348876953125 885.419250488281 890.642944335938 887.411193847656 890.469665527344 885.625671386719 886.359252929688 890.599243164062 904.697814941406 903.785583496094 910.774597167969 908.287292480469 925.048461914062 914.751647949219 924.852661132812 932.047180175781 940.3173828125 946.260620117188 952.060241699219 953.859436035156 944.697570800781 960.679321289062 954.819030761719 964.8759765625 979.645446777344 985.119262695312 1012.00579833984 1018.06463623047 1024.42321777344 1033.17944335938 1044.03674316406 1059.79736328125 1070.22351074219
933.458679199219 924.028503417969 905.081665039062 908.662109375 915.59521484375 900.166748046875 901.19091796875 892.511657714844 898.049865722656 895.438293457031 893.408447265625 892.858459472656 890.396911621094 894.134216308594 898.6708984375 899.376220703125 896.386962890625 893.011596679688 892.843811035156 894.9755859375 899.413269042969 906.34716796875 913.037048339844 908.566345214844 902.29638671875 908.028198242188 914.844299316406 925.489868164062 928.2568359375 933.979187011719 945.645080566406 956.903015136719 954.181518554688 953.042785644531 965.695434570312 959.256469726562 964.905395507812 974.546569824219 989.534057617188 1005.4990234375 1020.24072265625 1031.37170410156 1038.91442871094 1051.36010742188 1059.76000976562 1076.75476074219
927.653442382812 920.415649414062 906.287658691406 909.19921875 915.838928222656 916.692993164062 915.597778320312 900.519348144531 901.2509765625 901.419067382812 901.460632324219 901.870361328125 895.737976074219 895.706848144531 894.648681640625 898.382690429688 905.653930664062 899.232055664062 904.753784179688 909.307250976562 905.724975585938 908.968566894531 913.610046386719 903.801879882812 910.833862304688 913.213989257812 924.623962402344 934.512573242188 930.99560546875 943.518005371094 940.313232421875 949.447265625 952.478332519531 954.175842285156 965.974914550781 965.652038574219 968.241943359375 979.981628417969 991.12158203125 1013.88952636719 1022.92291259766 1031.82495117188 1045.28881835938 1056.08776855469 1070.43029785156 1083.49230957031
932.208435058594 923.701843261719 920.032409667969 920.830200195312 917.890197753906 920.219055175781 905.435485839844 908.59228515625 908.912475585938 909.046752929688 915.033874511719 913.925476074219 904.28857421875 899.5234375 907.142211914062 904.517333984375 915.189758300781 918.065795898438 910.453002929688 913.963134765625 913.020202636719 917.872985839844 916.697998046875 909.816162109375 907.596557617188 914.173767089844 922.82177734375 933.783142089844 934.712524414062 928.8037109375 938.964172363281 947.416137695312 961.8203125 968.9267578125 979.665283203125 978.325805664062 976.942199707031 989.248718261719 1002.15985107422 1022.43408203125 1027.94226074219 1038.61560058594 1060.18530273438 1073.244140625 1079.85620117188 1098.61547851562
935.643737792969 930.183898925781 934.370666503906 932.63525390625 923.909851074219 926.952575683594 929.076293945312 932.800598144531 928.381958007812 928.690673828125 917.606567382812 919.312255859375 914.0400390625 914.390686035156 924.39013671875 925.272399902344 924.625061035156 930.351318359375 916.474426269531 908.116333007812 923.322082519531 916.195556640625 910.235229492188 907.063842773438 903.726135253906 911.139282226562 924.521179199219 932.793334960938 925.408081054688 928.10302734375 942.298461914062 955.247680664062 963.617736816406 968.095275878906 978.325317382812 983.196533203125 983.289794921875 999.5009765625 1014.56127929688 1032.16491699219 1037.60144042969 1043.79541015625 1061.67712402344 1073.9580078125 1077.59020996094 1099.93737792969
939.150146484375 935.946899414062 937.039123535156 932.974670410156 926.9580078125 936.797607421875 941.918151855469 948.467102050781 949.325744628906 935.905944824219 929.86962890625 922.0771484375 927.762390136719 934.525939941406 931.650329589844 937.483642578125 943.751037597656 939.559814453125 930.667602539062 910.583435058594 917.391357421875 920.173706054688 910.512023925781 907.355529785156 897.514282226562 901.485717773438 905.85107421875 925.311157226562 926.733093261719 934.5673828125 950.4755859375 950.566162109375 958.698120117188 964.342895507812 975.814514160156 974.252136230469 989.18408203125 1003.72448730469 1018.05712890625 1043.28332519531 1053.2470703125 1063.29748535156 1064.921875 1079.46789550781 1081.75720214844 1094.93322753906
945.570739746094 943.373840332031 944.425415039062 927.903930664062 934.366943359375 939.808776855469 946.367431640625 953.539855957031 945.043884277344 944.150512695312 944.559692382812 936.751281738281 935.737487792969 940.592407226562 941.142272949219 945.231262207031 957.708129882812 955.054870605469 941.79248046875 934.884399414062 930.123291015625 926.498291015625 911.512023925781 906.404296875 902.12255859375 905.131042480469 909.788024902344 922.394226074219 936.62353515625 945.708190917969 960.494262695312 960.48291015625 966.301391601562 973.451354980469 979.047546386719 992.490844726562 994.466918945312 1000.88256835938 1025.66125488281 1038.220703125 1057.77563476562 1063.2666015625 1070.15563964844 1070.06994628906 1073.36901855469 1084.47546386719
942.750671386719 939.626220703125 943.718872070312 939.036987304688 945.167724609375 950.414916992188 960.849975585938 958.138061523438 954.476318359375 956.437377929688 948.758056640625 943.435119628906 943.296630859375 938.676818847656 948.249938964844 960.85302734375 963.054016113281 961.679382324219 944.498413085938 937.922058105469 935.767944335938 927.936462402344 920.216064453125 912.523803710938 904.519897460938 915.071655273438 923.606872558594 938.308227539062 936.991088867188 947.473754882812 954.111328125 964.794799804688 975.716186523438 987.476806640625 988.437805175781 1002.82360839844 1001.56439208984 1013.04547119141 1025.84545898438 1036.89526367188 1052.05126953125 1059.78735351562 1068.95556640625 1066.08935546875 1066.09362792969 1074.04248046875
936.459838867188 933.943786621094 947.3359375 955.163757324219 959.468688964844 955.143737792969 963.255432128906 963.795166015625 960.442749023438 951.295715332031 954.556274414062 950.09228515625 947.190307617188 943.65869140625 954.704528808594 960.979248046875 963.769958496094 966.693908691406 947.183166503906 946.076477050781 944.785766601562 936.240173339844 920.182861328125 918.157348632812 910.377563476562 919.083068847656 929.162536621094 932.457824707031 953.777465820312 957.163818359375 956.281066894531 964.747192382812 969.334350585938 978.606323242188 989.354553222656 1006.02917480469 1008.24475097656 1011.05889892578 1026.83203125 1029.76770019531 1045.16369628906 1057.75183105469 1055.82299804688 1065.09582519531 1064.08459472656 1072.28063964844
942.193664550781 946.989562988281 960.3828125 963.346923828125 963.747131347656 963.299926757812 963.819641113281 972.099365234375 974.055786132812 959.86279296875 955.135925292969 962.760314941406 957.249084472656 953.327941894531 959.620666503906 965.513549804688 969.590026855469 971.737365722656 956.789245605469 952.553527832031 944.474975585938 940.0283203125 923.47998046875 921.785522460938 915.083435058594 921.805847167969 933.835327148438 949.633483886719 963.097290039062 959.968444824219 971.986694335938 971.441284179688 965.736022949219 984.287292480469 993.681213378906 998.832641601562 1010.69836425781 1018.63403320312 1026.41381835938 1032.84106445312 1043.90393066406 1044.98388671875 1047.4091796875 1062.74597167969 1065.75134277344 1071.3896484375
956.579467773438 951.413024902344 956.776611328125 973.730407714844 979.187194824219 974.816589355469 973.855407714844 979.385559082031 968.939453125 969.069946289062 965.735473632812 966.875854492188 967.724487304688 963.497680664062 968.65771484375 976.166809082031 978.153137207031 969.958557128906 965.357727050781 957.92919921875 940.3154296875 940.309143066406 927.5224609375 923.036315917969 919.900939941406 928.620849609375 926.02392578125 937.492492675781 953.229248046875 956.870788574219 964.134704589844 965.840209960938 974.786499023438 982.342407226562 989.848388671875 996.744323730469 1007.82293701172 1029.13696289062 1037.87854003906 1032.16528320312 1042.20373535156 1043.2529296875 1044.37707519531 1058.5615234375 1071.39086914062 1066.35046386719
953.925659179688 949.763122558594 963.4111328125 980.43408203125 989.642333984375 983.243041992188 987.854187011719 978.478820800781 982.411743164062 979.426879882812 976.970520019531 974.767456054688 972.485168457031 974.997009277344 968.062438964844 984.018371582031 977.537841796875 980.345397949219 967.727600097656 957.886840820312 945.849670410156 935.265380859375 933.498840332031 926.316589355469 928.86669921875 935.860107421875 932.250610351562 947.040771484375 958.079284667969 962.69970703125 975.488647460938 975.49658203125 982.828002929688 983.857177734375 985.690551757812 1001.50628662109 1014.96301269531 1031.19116210938 1027.8349609375 1036.72900390625 1038.68359375 1037.2861328125 1045.35083007812 1047.63647460938 1067.177734375 1066.70629882812
962.65087890625 965.673095703125 984.463073730469 986.278198242188 989.03662109375 984.836120605469 988.849304199219 985.9091796875 985.401611328125 993.581115722656 984.63623046875 982.959167480469 984.384155273438 990.508666992188 985.020324707031 988.262329101562 987.627380371094 974.793518066406 971.876403808594 957.822875976562 953.517517089844 950.734558105469 940.233764648438 937.54931640625 933.896423339844 935.315551757812 944.536926269531 948.959716796875 953.433654785156 971.864990234375 974.66650390625 984.051391601562 989.542297363281 990.108459472656 1005.28784179688 1005.45892333984 1018.09704589844 1027.31677246094 1022.1650390625 1029.32165527344 1030.37145996094 1039.30883789062 1047.4287109375 1053.72619628906 1063.818359375 1065.53076171875
976.313415527344 981.592468261719 992.141906738281 987.232116699219 987.37939453125 995.797424316406 992.272827148438 995.188415527344 990.839233398438 991.238586425781 989.896911621094 995.001037597656 999.877197265625 994.785949707031 990.674011230469 991.752136230469 984.471557617188 979.2958984375 973.957946777344 961.267456054688 948.104309082031 945.610412597656 938.080261230469 933.822143554688 936.875610351562 945.677551269531 945.431213378906 942.725402832031 951.902282714844 975.505737304688 972.141845703125 987.485595703125 992.447265625 1006.90545654297 1010.56683349609 1019.3671875 1022.09307861328 1026.93713378906 1024.51733398438 1031.79272460938 1039.69714355469 1040.16491699219 1038.6650390625 1049.40808105469 1053.88073730469 1061.650390625
