data/zlatibor_dem_simulations/DEMsim22.asc
NCOLS 150
NROWS 100
XLLCORNER 7394249
YLLCORNER 4841999
CELLSIZE 30
NODATA_VALUE -9999
[rows 20 to 39 of 100, columns 46 to 91 of 150]
1018.74102783203 1011.10412597656 1001.48516845703 1001.51062011719 1003.16925048828 998.577697753906 1005.87152099609 1006.87664794922 994.362182617188 995.882080078125 1005.21795654297 1026.50378417969 1021.16967773438 1019.92547607422 1015.51129150391 1015.67956542969 1009.27160644531 1007.51568603516 1015.76403808594 1023.24230957031 1026.51574707031 1020.24578857422 1023.14392089844 1029.98596191406 1025.84814453125 1029.61975097656 1034.05029296875 1036.29711914062 1042.87487792969 1039.38610839844 1022.97741699219 1027.85461425781 1031.2158203125 1031.51025390625 1030.26196289062 1032.19226074219 1037.02673339844 1038.21350097656 1027.42321777344 1017.69891357422 1007.6875 1002.73883056641 1009.75988769531 1008.46343994141 1000.83715820312 994.566711425781
1019.68530273438 1010.64416503906 1001.05474853516 1000.65197753906 999.419006347656 1001.34991455078 999.015502929688 1002.27160644531 993.799926757812 989.638244628906 1002.54711914062 1010.19812011719 1011.02069091797 1010.98767089844 1018.23742675781 1017.84002685547 1013.31134033203 1008.21319580078 1009.29840087891 1015.47406005859 1020.80139160156 1018.48205566406 1017.26544189453 1020.68139648438 1029.94775390625 1028.19787597656 1027.69714355469 1026.50427246094 1028.81213378906 1022.31964111328 1018.27191162109 1030.39990234375 1022.5517578125 1020.83557128906 1027.15551757812 1024.37805175781 1024.68994140625 1032.01037597656 1028.83142089844 1019.50366210938 1005.94659423828 997.647521972656 1004.84545898438 1009.00170898438 1005.41375732422 996.255981445312
1014.23199462891 1015.75469970703 1003.26031494141 1013.89886474609 1003.58447265625 1005.41326904297 1001.58612060547 991.751892089844 992.554138183594 988.903503417969 992.929321289062 1012.35192871094 1012.00128173828 1020.94384765625 1022.521484375 1017.74853515625 1017.71948242188 1009.83190917969 1020.21948242188 1019.84124755859 1012.43835449219 1017.51599121094 1026.5810546875 1019.04498291016 1016.7744140625 1018.51348876953 1013.87994384766 1020.70220947266 1015.00805664062 1004.35729980469 1006.73828125 1009.65502929688 1019.90551757812 1023.71606445312 1017.03002929688 1019.81298828125 1019.11242675781 1024.57629394531 1011.85650634766 1009.95874023438 1013.46307373047 1007.87036132812 1011.67962646484 1012.33966064453 1009.65399169922 1005.53198242188
1015.79766845703 1005.24621582031 1006.33728027344 1009.72082519531 1009.99279785156 1011.83636474609 996.369201660156 995.730285644531 997.238891601562 992.094299316406 999.102966308594 1008.13494873047 1016.49261474609 1017.85858154297 1015.16363525391 1015.12188720703 1015.72009277344 1019.12976074219 1023.61053466797 1017.55230712891 1011.46307373047 1020.82336425781 1022.04852294922 1016.23199462891 1018.34747314453 1009.12274169922 1003.38958740234 1008.86096191406 1010.60125732422 1003.65899658203 1001.26055908203 1000.9599609375 1016.10986328125 1010.31378173828 1011.59399414062 1006.64404296875 1016.35211181641 1013.54974365234 1019.83233642578 1015.94885253906 1010.73815917969 1007.04302978516 1010.25061035156 1011.22180175781 1016.3203125 1009.26806640625
1004.361328125 994.878784179688 996.194641113281 998.570861816406 997.979919433594 1001.41790771484 997.4326171875 992.011596679688 994.965515136719 995.090148925781 999.65087890625 1009.57958984375 1009.0146484375 1007.13763427734 1015.2060546875 1013.19653320312 1008.30322265625 1013.11749267578 1012.98937988281 1020.53790283203 1016.18481445312 1015.94360351562 1009.75799560547 1008.52282714844 1007.85296630859 1004.908203125 995.173095703125 998.696411132812 1005.12670898438 1000.85040283203 1002.73986816406 994.282836914062 1006.15319824219 1006.05938720703 998.824768066406 999.306762695312 1012.84356689453 1006.57611083984 1002.00341796875 1006.70031738281 998.882385253906 1001.39886474609 1005.46527099609 1012.6796875 1016.94299316406 1024.57177734375
997.238647460938 988.886413574219 987.18115234375 986.127624511719 995.785339355469 993.498657226562 986.890441894531 985.516357421875 989.317199707031 997.861572265625 1007.14471435547 1004.32061767578 1002.08459472656 1012.78521728516 1004.63854980469 1005.85894775391 1004.25903320312 1007.86279296875 1016.30798339844 1013.75970458984 1016.12762451172 1008.23126220703 1010.52362060547 1006.95050048828 1006.19427490234 991.365417480469 995.926940917969 1001.72155761719 1001.54693603516 1000.69262695312 1000.42034912109 991.617797851562 996.997131347656 998.39111328125 999.516357421875 1009.17144775391 1009.11828613281 1000.25946044922 995.632751464844 997.885314941406 1003.42913818359 1006.15167236328 1001.7119140625 1013.15588378906 1019.61669921875 1019.16076660156
996.645202636719 987.227233886719 986.686950683594 990.260192871094 990.750671386719 989.899291992188 987.408813476562 986.805114746094 988.981506347656 995.922729492188 1006.21624755859 1003.28802490234 1003.50213623047 1002.96038818359 998.071105957031 998.860168457031 1008.45111083984 1004.13714599609 1008.93597412109 1012.90875244141 1014.57635498047 1014.87542724609 1011.60363769531 1004.56121826172 995.297790527344 997.462768554688 986.770874023438 989.569458007812 999.999145507812 1004.76489257812 992.949157714844 999.629699707031 1000.58050537109 995.539672851562 1001.59466552734 997.140991210938 996.332275390625 999.913024902344 997.79296875 993.035888671875 1003.29040527344 1007.19592285156 1008.05572509766 1013.55548095703 1030.54724121094 1025.50402832031
994.740478515625 993.143737792969 1000.94830322266 991.603149414062 989.751708984375 981.589050292969 988.998901367188 985.762512207031 992.947631835938 1001.50732421875 1004.14019775391 1000.14892578125 1003.57855224609 1000.72180175781 1009.67004394531 1007.27984619141 1010.52709960938 1008.04632568359 1005.01599121094 999.734008789062 1002.30267333984 1008.52398681641 1007.63433837891 995.082702636719 999.118408203125 994.858337402344 994.2587890625 988.111206054688 997.411804199219 994.664367675781 989.992919921875 995.210510253906 994.160278320312 995.959167480469 996.009216308594 995.280151367188 999.423583984375 1005.61151123047 1007.16839599609 1005.998046875 1004.8857421875 1016.18914794922 1017.12512207031 1020.86773681641 1024.39526367188 1029.28967285156
989.078247070312 994.084655761719 1000.68890380859 998.571472167969 985.436950683594 977.350402832031 983.932067871094 981.862487792969 982.730651855469 1000.90777587891 1004.44805908203 997.053527832031 1004.51165771484 1005.88970947266 1014.89862060547 1012.89935302734 1005.95251464844 1008.63745117188 997.072570800781 1002.20159912109 1001.99945068359 1004.04840087891 1005.33941650391 996.807983398438 997.90576171875 1002.69750976562 1002.80395507812 1000.62182617188 994.061706542969 992.013366699219 983.421691894531 978.89990234375 989.965087890625 993.752014160156 992.616760253906 994.44580078125 998.275146484375 1000.58923339844 1005.55004882812 1009.09429931641 1014.71148681641 1014.07373046875 1016.18237304688 1025.2861328125 1023.27337646484 1033.05615234375
992.810791015625 989.737915039062 993.361389160156 989.675109863281 980.936950683594 977.961975097656 979.35302734375 978.111938476562 983.323791503906 989.850341796875 995.118347167969 995.691467285156 998.777282714844 1007.0517578125 1003.32391357422 1003.67224121094 996.560241699219 1002.95196533203 1002.90502929688 1000.50744628906 1007.27374267578 1002.04675292969 1001.64166259766 993.215393066406 989.625427246094 985.614990234375 995.854553222656 989.731506347656 994.483947753906 995.591979980469 989.784118652344 987.320251464844 993.2333984375 998.725708007812 997.517883300781 990.446166992188 993.997375488281 1000.38922119141 999.09375 1005.21441650391 1014.05187988281 1010.43304443359 1019.12677001953 1022.28979492188 1019.00378417969 1016.12005615234
991.195556640625 996.937194824219 990.661010742188 980.776062011719 976.25341796875 971.265625 976.725280761719 982.345458984375 977.606262207031 982.638732910156 989.734619140625 994.050354003906 994.698852539062 993.479370117188 1004.95111083984 997.480834960938 1001.51892089844 996.704467773438 1000.11956787109 1004.68902587891 995.609924316406 995.72705078125 996.243347167969 996.195190429688 989.844787597656 987.277893066406 996.439514160156 996.598266601562 998.882568359375 997.708679199219 988.809265136719 989.287231445312 988.723022460938 997.900451660156 988.28857421875 983.617004394531 995.950439453125 995.143981933594 1000.76715087891 1007.08203125 1008.80676269531 1000.6796875 1006.74633789062 1013.00390625 1021.80804443359 1015.81945800781
979.429321289062 991.921142578125 983.487731933594 977.986877441406 976.641235351562 971.96435546875 975.850708007812 974.510986328125 988.532775878906 976.837768554688 983.632263183594 988.651794433594 991.802429199219 989.993835449219 996.35595703125 992.14794921875 988.908386230469 994.882446289062 1005.80078125 1003.89666748047 990.795715332031 993.478210449219 998.037841796875 998.848815917969 992.168090820312 993.111755371094 985.249389648438 981.553283691406 986.145202636719 989.149780273438 990.361206054688 990.14306640625 981.137390136719 988.389831542969 982.549926757812 989.347778320312 994.491149902344 1005.24224853516 996.683776855469 1008.76684570312 1004.21142578125 1000.50079345703 1011.16528320312 1018.25512695312 1018.18853759766 1015.35943603516
985.769470214844 981.615966796875 982.48095703125 980.210021972656 979.168090820312 978.557739257812 977.822998046875 984.291809082031 985.450439453125 982.838745117188 987.404479980469 982.072387695312 982.942443847656 985.53271484375 993.392517089844 988.404296875 991.51123046875 986.989562988281 1003.30438232422 994.54052734375 982.364135742188 987.62841796875 995.518920898438 1003.38128662109 996.220092773438 999.197814941406 985.260803222656 977.257995605469 983.040649414062 989.83544921875 990.164611816406 981.229248046875 978.750061035156 985.591430664062 982.769104003906 989.85302734375 989.458557128906 1007.64587402344 1012.86053466797 1015.35504150391 1010.95385742188 1012.91748046875 1008.37445068359 1010.65069580078 1016.35272216797 1021.46887207031
988.660034179688 977.807189941406 981.014709472656 977.95849609375 984.980102539062 987.355651855469 980.093078613281 982.827514648438 985.06884765625 987.203247070312 983.1767578125 986.656616210938 987.505493164062 987.195129394531 987.04541015625 991.389282226562 983.700744628906 982.648864746094 996.536376953125 993.927062988281 984.682373046875 996.985473632812 997.820739746094 1002.31896972656 993.917541503906 989.052185058594 980.765319824219 978.523681640625 981.023620605469 982.967346191406 987.859680175781 987.930480957031 977.409729003906 986.862487792969 994.95556640625 996.371215820312 998.8515625 1008.11529541016 1009.96423339844 1013.88128662109 1018.13311767578 1011.41107177734 1013.75 1012.84729003906 1015.52508544922 1026.10986328125
981.005981445312 980.698181152344 982.822448730469 980.602111816406 975.153991699219 974.890502929688 975.903198242188 982.525695800781 982.24267578125 981.690124511719 983.889404296875 987.677551269531 995.199157714844 998.745849609375 990.572021484375 983.909973144531 985.61962890625 983.839294433594 992.990844726562 993.461547851562 993.870666503906 986.261779785156 986.502746582031 986.346740722656 984.348571777344 977.637390136719 978.212524414062 976.7841796875 978.425964355469 983.564636230469 995.125122070312 992.686279296875 982.171630859375 979.289367675781 989.438781738281 994.235717773438 995.605407714844 1005.14080810547 996.838012695312 1002.59490966797 1008.32043457031 1014.15856933594 1019.41168212891 1016.92767333984 1014.13531494141 1017.83074951172
983.061401367188 990.580627441406 977.436157226562 977.950378417969 979.921508789062 976.101867675781 978.283386230469 974.646057128906 972.609375 981.284729003906 981.513061523438 989.075134277344 994.492431640625 977.723999023438 982.267700195312 985.069885253906 989.842956542969 990.647094726562 995.106567382812 992.737854003906 994.519226074219 982.980895996094 982.466003417969 983.120544433594 973.69140625 981.0869140625 986.297119140625 987.052001953125 989.949096679688 987.703674316406 988.422973632812 986.636840820312 985.289794921875 980.5615234375 989.742919921875 996.4384765625 995.803344726562 1001.26885986328 994.172912597656 998.425476074219 1006.19311523438 1013.10870361328 1014.58392333984 1008.57305908203 1005.87310791016 1008.17974853516
978.954772949219 980.673645019531 981.497436523438 976.761108398438 981.542053222656 979.149658203125 976.49755859375 966.641540527344 975.566650390625 979.309936523438 972.805236816406 986.453125 982.390747070312 981.570068359375 980.768005371094 979.684936523438 982.818725585938 985.775085449219 984.556762695312 987.590209960938 990.340148925781 986.009948730469 988.113586425781 976.404174804688 976.811096191406 986.58203125 988.83251953125 985.724731445312 989.0595703125 990.109924316406 990.6796875 985.861999511719 983.041931152344 983.359313964844 985.314880371094 990.751647949219 993.982482910156 995.188354492188 994.880554199219 992.055603027344 992.550659179688 1002.5615234375 1001.49267578125 1005.55340576172 1001.26922607422 1000.39898681641
980.083740234375 979.78076171875 975.717895507812 974.39111328125 976.84814453125 977.357482910156 977.666198730469 971.916320800781 978.953369140625 985.385070800781 974.146362304688 966.576232910156 974.712280273438 975.192016601562 968.292663574219 971.907531738281 974.460632324219 976.330200195312 976.765075683594 975.375793457031 980.830993652344 987.257202148438 980.278076171875 973.895629882812 975.277526855469 980.049743652344 980.261779785156 981.799072265625 985.5615234375 986.229431152344 973.707092285156 986.147521972656 982.763671875 991.695190429688 995.927795410156 992.125671386719 989.325012207031 982.485778808594 990.46728515625 998.848571777344 997.589233398438 995.791809082031 994.511779785156 1004.87664794922 995.007446289062 997.354064941406
970.840881347656 980.604919433594 970.366821289062 972.221435546875 976.764587402344 969.666198730469 970.737121582031 970.796142578125 980.042846679688 972.260192871094 966.297912597656 973.169738769531 969.14208984375 978.789794921875 971.6904296875 972.133605957031 970.142578125 968.184692382812 974.843200683594 974.346923828125 984.503723144531 977.445068359375 976.747863769531 969.172790527344 973.19873046875 976.970825195312 975.698913574219 973.572570800781 976.369934082031 968.390380859375 966.204711914062 970.94775390625 983.250244140625 994.203247070312 997.505676269531 999.857727050781 983.479736328125 994.204467773438 995.119812011719 1002.39178466797 996.033752441406 997.290466308594 985.536987304688 994.63720703125 998.792663574219 998.374145507812
973.314636230469 969.874633789062 965.588562011719 975.320373535156 978.260864257812 968.194946289062 961.341918945312 966.219604492188 975.219299316406 970.211791992188 966.500061035156 968.612426757812 970.699584960938 975.610534667969 973.831970214844 978.720642089844 963.216552734375 973.322326660156 975.558227539062 975.942932128906 978.985290527344 985.709411621094 981.159851074219 961.191528320312 966.194213867188 976.231079101562 972.04833984375 973.364624023438 969.743896484375 962.850891113281 971.285522460938 971.795959472656 976.755676269531 983.595886230469 990.306945800781 994.280883789062 990.046569824219 996.621032714844 995.987609863281 991.235534667969 994.368713378906 994.014282226562 991.879211425781 993.78759765625 991.969970703125 1002.29547119141
