data/zlatibor_dem_simulations/DEMsim12.asc
NCOLS 150
NROWS 100
XLLCORNER 7394249
YLLCORNER 4841999
CELLSIZE 30
NODATA_VALUE -9999
[rows 80 to 99 of 100, columns 0 to 45 of 150]
957.343322753906 951.335388183594 948.191833496094 936.204772949219 940.186340332031 939.163208007812 939.146057128906 945.404052734375 950.755004882812 954.289855957031 956.025817871094 954.82177734375 956.499694824219 971.504821777344 981.818481445312 981.332092285156 983.727905273438 978.640441894531 979.450134277344 984.881591796875 982.64794921875 980.414794921875 985.85791015625 983.272766113281 986.909729003906 993.00830078125 989.883728027344 987.464477539062 984.306213378906 987.521545410156 979.449951171875 978.369079589844 980.786254882812 982.858276367188 990.551879882812 984.479675292969 992.325134277344 996.81591796875 990.952819824219 987.596008300781 987.385498046875 981.756164550781 997.808227539062 1002.84826660156 1005.82232666016 1007.31451416016
962.043395996094 956.540405273438 945.416870117188 945.078186035156 944.040466308594 938.149841308594 940.986511230469 942.246765136719 949.145385742188 951.737243652344 955.960693359375 958.090881347656 960.603820800781 967.473754882812 969.608703613281 970.961791992188 976.591430664062 974.465942382812 974.025268554688 979.694213867188 981.201416015625 987.07177734375 984.786682128906 987.367004394531 988.677001953125 989.066284179688 991.09716796875 980.892761230469 980.681945800781 978.887023925781 975.977844238281 977.946655273438 981.107788085938 981.963439941406 983.790283203125 988.493835449219 995.755798339844 996.1025390625 992.296997070312 989.539306640625 983.045349121094 993.596740722656 995.801574707031 1003.89880371094 1007.47131347656 1002.39263916016
964.445861816406 953.636657714844 948.344909667969 947.581909179688 939.3076171875 937.34375 935.220520019531 932.225341796875 949.396911621094 958.460571289062 963.95068359375 954.574645996094 952.591186523438 954.877746582031 967.057678222656 965.744445800781 971.413330078125 971.770202636719 964.86328125 968.263671875 970.737182617188 981.15185546875 985.631164550781 983.231323242188 982.818603515625 983.988952636719 980.423828125 972.18994140625 969.683166503906 978.711791992188 972.805419921875 976.340515136719 977.29052734375 977.772399902344 979.822875976562 985.555603027344 984.576171875 986.347106933594 980.462036132812 983.1708984375 980.466796875 998.108337402344 994.767761230469 1001.76031494141 1015.85888671875 1010.37640380859
956.048522949219 951.490234375 951.395812988281 945.124450683594 942.114685058594 939.43798828125 943.338134765625 942.707458496094 945.175537109375 948.232055664062 969.38818359375 965.204467773438 950.505004882812 958.439697265625 955.216369628906 958.353820800781 966.892272949219 963.235656738281 965.150390625 964.021667480469 966.579162597656 976.446899414062 978.025451660156 978.6494140625 983.083984375 972.87841796875 971.476318359375 964.166442871094 971.518432617188 964.420349121094 968.789123535156 974.453430175781 977.008422851562 982.210327148438 985.619750976562 987.9951171875 988.924560546875 987.060302734375 988.695983886719 986.584777832031 982.366638183594 999.406616210938 1003.763671875 1018.32659912109 1016.16455078125 1007.57733154297
953.882019042969 949.886901855469 951.61962890625 944.470947265625 943.225830078125 939.088684082031 940.444458007812 940.686767578125 945.417663574219 950.267456054688 965.5927734375 960.596923828125 949.705322265625 950.941955566406 955.67333984375 958.204650878906 956.468933105469 960.696716308594 955.131408691406 958.089416503906 950.745178222656 966.201110839844 966.992553710938 967.329711914062 966.725219726562 964.69140625 967.355041503906 966.418640136719 962.710754394531 966.376831054688 959.253601074219 966.000732421875 973.634826660156 980.529296875 983.761962890625 985.16259765625 984.362548828125 986.4521484375 980.306091308594 981.256286621094 981.412780761719 986.886474609375 989.658935546875 1001.83319091797 1005.23846435547 1002.72924804688
954.855224609375 955.986694335938 951.700622558594 944.537170410156 947.273193359375 937.899230957031 933.916137695312 937.953125 947.983581542969 952.634704589844 956.190246582031 951.180786132812 944.612609863281 942.293334960938 950.892761230469 951.111328125 949.762634277344 950.640197753906 953.129028320312 952.458801269531 948.033508300781 950.519836425781 956.803833007812 956.803161621094 960.11669921875 956.661010742188 953.559204101562 959.344543457031 957.636657714844 962.3349609375 957.935241699219 966.101257324219 973.303955078125 981.175109863281 979.504577636719 978.71337890625 975.509826660156 982.484252929688 970.049743652344 976.853698730469 976.59033203125 973.281066894531 988.404357910156 992.581787109375 1001.58404541016 1005.10064697266
949.249694824219 951.781127929688 955.104614257812 951.653442382812 940.899780273438 937.5947265625 939.415344238281 933.678344726562 950.632263183594 948.074401855469 956.664184570312 945.024719238281 937.1494140625 947.547790527344 951.042053222656 952.62890625 951.544006347656 956.327087402344 952.250671386719 948.478515625 943.885437011719 943.819274902344 950.981140136719 962.588073730469 962.456237792969 958.381896972656 960.718139648438 957.403625488281 965.522644042969 959.790588378906 957.383178710938 970.646728515625 969.846069335938 978.796569824219 974.561828613281 977.445434570312 965.022705078125 970.3857421875 977.031127929688 964.218444824219 960.968139648438 972.881103515625 981.142944335938 988.08154296875 996.738830566406 1000.81781005859
956.556579589844 958.886352539062 954.714660644531 960.038818359375 942.909484863281 939.411743164062 937.677917480469 937.090148925781 950.660278320312 951.158386230469 944.913818359375 940.361389160156 943.704650878906 950.017761230469 945.567260742188 948.304748535156 951.215209960938 955.365600585938 954.909790039062 956.25830078125 949.897277832031 948.002258300781 954.785705566406 955.517395019531 964.998229980469 960.879943847656 957.98193359375 962.878723144531 968.853332519531 967.841003417969 962.425415039062 969.136901855469 973.73193359375 967.634826660156 970.901672363281 974.170043945312 967.270324707031 963.238525390625 966.605895996094 958.999572753906 955.669250488281 958.651550292969 968.025085449219 985.726806640625 990.568603515625 989.108764648438
962.240600585938 963.922729492188 952.66552734375 946.151062011719 936.568176269531 937.361755371094 932.354675292969 939.05078125 945.230651855469 955.847106933594 954.336791992188 943.838195800781 942.967834472656 947.102172851562 946.750610351562 952.360717773438 953.748901367188 954.678344726562 964.866882324219 962.487487792969 955.765991210938 952.528198242188 960.04248046875 953.651000976562 960.795593261719 966.771850585938 960.658935546875 958.305053710938 964.174377441406 966.418151855469 962.488403320312 959.741088867188 961.325744628906 969.9931640625 973.220092773438 966.410400390625 957.782409667969 957.3876953125 962.972412109375 952.252014160156 952.751281738281 959.27490234375 967.988525390625 972.981811523438 982.557006835938 988.724060058594
966.163330078125 967.311340332031 965.095581054688 948.53564453125 948.806518554688 939.692138671875 936.880065917969 934.658142089844 951.984069824219 953.811889648438 954.781005859375 944.2314453125 948.906127929688 957.717102050781 956.240478515625 954.850280761719 965.474670410156 964.21630859375 970.060302734375 959.912109375 957.578063964844 958.748657226562 959.267578125 957.55419921875 961.145202636719 960.591430664062 961.770935058594 966.96923828125 965.621276855469 969.638366699219 967.156921386719 961.699279785156 965.506469726562 965.8837890625 975.988159179688 974.68212890625 969.862243652344 964.460815429688 960.208984375 955.957763671875 957.277038574219 963.125244140625 961.09912109375 979.337341308594 981.118041992188 986.032409667969
965.464782714844 966.664245605469 967.076110839844 962.787536621094 956.952087402344 947.353332519531 947.985046386719 948.107849121094 950.147399902344 946.6435546875 941.941955566406 952.496643066406 965.728820800781 964.459899902344 961.406494140625 952.638732910156 959.131652832031 957.492065429688 963.878601074219 970.5927734375 964.25537109375 963.604125976562 967.48046875 965.667541503906 961.260192871094 962.146789550781 968.687255859375 965.35205078125 970.774169921875 961.698425292969 960.61962890625 957.803283691406 960.273010253906 968.97998046875 975.439758300781 972.454650878906 975.652282714844 977.378540039062 979.458068847656 959.798034667969 957.938598632812 961.096557617188 965.214050292969 978.611572265625 979.827209472656 977.594665527344
968.182434082031 965.158386230469 971.129150390625 966.272521972656 960.716247558594 956.045043945312 955.5625 954.356567382812 950.918762207031 945.434509277344 948.737060546875 950.295593261719 962.325012207031 974.919982910156 963.363525390625 955.446350097656 961.783752441406 958.067626953125 953.681396484375 961.933776855469 963.157287597656 975.547668457031 963.352600097656 970.730529785156 965.598510742188 964.325378417969 963.623168945312 963.927307128906 966.024719238281 964.176940917969 960.414489746094 962.304870605469 965.397705078125 972.468872070312 969.084533691406 970.234619140625 971.872802734375 980.736328125 978.727233886719 955.337585449219 945.604125976562 967.010131835938 960.730163574219 968.694091796875 974.827087402344 978.93603515625
959.568481445312 966.408569335938 972.664367675781 964.85498046875 955.800170898438 951.611206054688 955.050476074219 956.216735839844 956.67919921875 953.642028808594 948.862365722656 958.356628417969 961.097961425781 971.232421875 966.814086914062 969.7861328125 954.233520507812 962.046691894531 964.783813476562 960.378051757812 967.630249023438 964.291015625 961.825378417969 961.769348144531 961.45703125 960.239624023438 953.150146484375 960.113525390625 966.994079589844 965.225524902344 956.550842285156 965.667602539062 967.954833984375 964.663452148438 974.313110351562 969.246215820312 978.065368652344 980.038940429688 968.661193847656 960.852905273438 962.951293945312 965.569213867188 968.704040527344 967.829345703125 964.73193359375 973.050598144531
960.678344726562 980.475036621094 981.235168457031 970.319030761719 961.164306640625 955.661193847656 957.4072265625 959.271606445312 958.010620117188 957.464660644531 969.022827148438 967.688415527344 971.170715332031 972.840026855469 977.2021484375 972.124633789062 975.800415039062 964.53759765625 967.685852050781 965.048217773438 961.009460449219 958.514831542969 962.764526367188 968.372619628906 964.232849121094 954.269348144531 954.835388183594 957.628845214844 957.16552734375 970.143920898438 969.936279296875 966.259887695312 970.016967773438 975.398986816406 972.063842773438 977.207885742188 978.038024902344 975.320251464844 974.805786132812 970.191711425781 979.066589355469 977.124938964844 965.177551269531 960.728515625 969.583190917969 977.352355957031
977.51171875 970.310302734375 980.707946777344 966.504455566406 964.43359375 954.996765136719 950.383117675781 956.745361328125 955.621398925781 967.729187011719 955.808166503906 959.479736328125 968.692749023438 972.903930664062 977.835144042969 987.25048828125 982.143920898438 972.626037597656 966.2119140625 964.160766601562 962.388366699219 969.65869140625 981.277465820312 970.96337890625 970.783081054688 960.752014160156 963.237548828125 969.744262695312 970.558898925781 967.832397460938 968.51806640625 971.953369140625 975.210510253906 970.377868652344 971.906494140625 971.867492675781 980.148986816406 977.44775390625 977.849487304688 977.569091796875 977.450134277344 975.489501953125 969.593627929688 974.191223144531 972.445617675781 978.199584960938
970.145690917969 974.084777832031 972.160766601562 967.552612304688 958.072448730469 948.587829589844 957.281066894531 958.80029296875 957.085205078125 970.204345703125 964.705627441406 970.752197265625 976.070251464844 976.8251953125 981.302795410156 989.559692382812 976.268676757812 979.449279785156 971.845764160156 970.77392578125 975.080322265625 982.969665527344 983.856323242188 975.783020019531 975.184265136719 974.675842285156 978.069885253906 971.179626464844 974.1337890625 974.957397460938 965.582458496094 971.302062988281 975.667358398438 976.769226074219 979.159851074219 968.328125 975.722412109375 979.248718261719 988.763732910156 981.047668457031 982.17431640625 979.635620117188 969.751892089844 977.085998535156 972.799560546875 979.891174316406
976.551696777344 975.545288085938 964.796752929688 959.610168457031 956.94580078125 963.823303222656 955.828918457031 952.215209960938 954.745056152344 958.118896484375 963.422241210938 969.740539550781 977.499389648438 982.757751464844 991.01806640625 974.82080078125 978.497314453125 979.807373046875 974.644714355469 969.940490722656 974.449462890625 980.102172851562 983.0693359375 982.971740722656 973.978515625 979.669738769531 973.314270019531 969.644104003906 973.548706054688 974.377624511719 977.830749511719 978.296264648438 980.83544921875 976.132019042969 975.895751953125 973.173217773438 975.510498046875 974.989562988281 984.386169433594 983.884460449219 978.031127929688 984.281982421875 972.713562011719 977.709838867188 972.010314941406 971.33203125
977.015075683594 974.446655273438 969.205749511719 962.449340820312 956.336303710938 956.039123535156 948.391540527344 947.132141113281 949.079833984375 948.239440917969 959.869201660156 971.210327148438 979.761840820312 977.533508300781 983.929504394531 982.282836914062 979.615234375 968.174072265625 977.601379394531 975.423278808594 975.409240722656 981.297302246094 987.580383300781 989.513549804688 982.039489746094 979.108154296875 975.514343261719 974.54736328125 977.41015625 979.225646972656 976.273742675781 972.565673828125 985.004028320312 982.32373046875 986.119567871094 985.629516601562 972.358825683594 981.019897460938 980.269287109375 977.2783203125 977.545715332031 976.455383300781 981.427795410156 969.126831054688 974.257995605469 972.61328125
961.66796875 963.279968261719 962.919372558594 952.2216796875 947.849609375 955.682861328125 942.093566894531 942.727966308594 945.058898925781 954.43212890625 959.584838867188 971.336975097656 977.276306152344 995.838623046875 990.347961425781 984.728393554688 984.702575683594 981.906005859375 980.320190429688 982.682922363281 989.615417480469 984.997131347656 988.613037109375 992.5 989.942443847656 981.822082519531 983.553405761719 982.457946777344 971.453735351562 972.817199707031 980.404968261719 980.229309082031 986.06884765625 988.127319335938 994.848876953125 1000.1630859375 992.08154296875 989.521484375 984.153869628906 987.787475585938 980.892211914062 980.852966308594 976.998107910156 972.050170898438 971.2431640625 974.232666015625
964.380432128906 962.13134765625 947.645874023438 951.989929199219 948.485656738281 943.278869628906 950.8154296875 946.989135742188 946.836059570312 950.402893066406 957.367980957031 976.041748046875 983.049499511719 987.887084960938 992.987731933594 985.740966796875 986.1259765625 987.714538574219 983.03564453125 995.700012207031 986.805297851562 985.620788574219 990.693115234375 992.132751464844 996.158325195312 982.237121582031 979.575866699219 978.729797363281 979.133544921875 982.51123046875 987.77978515625 991.901123046875 981.958374023438 986.043762207031 986.060607910156 994.921508789062 999.714416503906 986.165832519531 974.618591308594 980.124572753906 979.902893066406 992.527282714844 980.983276367188 977.720825195312 979.475646972656 976.73095703125
