data/zlatibor_dem_simulations/DEMsim54.asc
NCOLS 150
NROWS 100
XLLCORNER 7394249
YLLCORNER 4841999
CELLSIZE 30
NODATA_VALUE -9999
[rows 0 to 19 of 100, columns 92 to 137 of 150]
903.863586425781 903.294128417969 897.464050292969 882.059204101562 883.733276367188 869.913146972656 866.803649902344 875.05712890625 878.914428710938 878.949829101562 870.086791992188 860.588500976562 852.425659179688 854.151000976562 858.471557617188 855.615478515625 859.952392578125 869.310302734375 878.683715820312 880.595458984375 884.227478027344 896.1181640625 905.593017578125 909.951599121094 905.591735839844 914.912231445312 920.012634277344 919.699523925781 938.414733886719 935.745849609375 940.2666015625 951.902465820312 953.902099609375 962.588562011719 965.609924316406 973.480529785156 985.427612304688 981.891296386719 991.505065917969 990.62255859375 996.676391601562 1006.8642578125 1017.94970703125 1022.05322265625 1036.52490234375 1040.01879882812
896.753479003906 891.998901367188 891.648254394531 887.78759765625 887.777709960938 872.250915527344 868.644714355469 875.632873535156 877.605834960938 879.326843261719 871.331237792969 858.814514160156 851.535827636719 856.037170410156 853.6923828125 852.534240722656 868.683227539062 867.970153808594 869.986328125 873.965393066406 880.998046875 894.158264160156 901.726196289062 905.358215332031 899.162292480469 906.084655761719 913.453247070312 918.379821777344 930.114318847656 933.942077636719 939.212219238281 946.05712890625 948.256652832031 954.84619140625 955.530822753906 965.419128417969 976.131225585938 975.486572265625 989.674987792969 1000.84100341797 1003.60083007812 1006.14233398438 1024.38317871094 1026.5927734375 1047.65759277344 1055.38842773438
906.269409179688 896.896545410156 898.438659667969 891.415161132812 889.806945800781 878.635559082031 873.065551757812 870.921691894531 874.67919921875 870.162475585938 873.293090820312 864.819763183594 857.398742675781 859.866516113281 863.393798828125 856.497741699219 873.861267089844 879.583312988281 874.971313476562 871.866882324219 873.003051757812 878.569885253906 891.929748535156 893.717407226562 903.179992675781 902.138671875 914.927978515625 923.916137695312 928.370361328125 940.296936035156 941.99169921875 938.118041992188 939.658935546875 947.596618652344 955.061340332031 965.023498535156 974.545654296875 982.689147949219 995.732055664062 1008.87805175781 1008.43572998047 1017.96563720703 1023.86962890625 1034.22143554688 1049.97180175781 1060.39514160156
910.358032226562 913.540710449219 907.409545898438 900.601013183594 902.549133300781 893.622375488281 891.405090332031 886.0087890625 882.286682128906 876.316528320312 873.038818359375 876.553833007812 869.83544921875 865.307922363281 869.149475097656 873.184448242188 870.262756347656 874.591491699219 875.917053222656 870.171997070312 876.506469726562 876.483764648438 884.371215820312 900.993896484375 904.672485351562 909.0654296875 922.401306152344 926.888549804688 933.121032714844 930.724304199219 944.520324707031 937.969421386719 937.100830078125 947.278381347656 960.442565917969 972.0927734375 978.284423828125 987.480224609375 997.347717285156 1000.68762207031 1010.68933105469 1016.53924560547 1026.49230957031 1044.93090820312 1048.72497558594 1066.14453125
915.601501464844 916.333679199219 911.648010253906 913.649658203125 902.663024902344 894.778015136719 901.204528808594 898.007202148438 890.747375488281 888.323913574219 878.278869628906 881.047119140625 871.491516113281 881.761779785156 875.976196289062 864.196166992188 871.848266601562 879.077392578125 872.296081542969 868.227416992188 873.96728515625 882.571228027344 889.3173828125 894.83251953125 906.870544433594 911.756530761719 917.462463378906 926.687927246094 925.889892578125 932.41357421875 933.810363769531 943.475769042969 943.74365234375 949.941833496094 957.079711914062 967.4677734375 984.772033691406 993.232360839844 1003.68347167969 1003.60729980469 1009.64154052734 1023.17950439453 1032.12963867188 1042.41967773438 1058.01281738281 1075.51818847656
914.345520019531 918.592651367188 916.96337890625 910.304748535156 918.981750488281 913.789916992188 912.065673828125 911.155700683594 895.401794433594 883.947204589844 876.746398925781 876.344177246094 877.413330078125 883.690063476562 890.654846191406 886.433959960938 887.146911621094 886.109680175781 877.04443359375 877.948364257812 873.809448242188 880.985595703125 880.043151855469 904.022033691406 907.637878417969 907.623962402344 924.309387207031 917.812622070312 935.149658203125 934.068664550781 933.330749511719 937.610107421875 946.262634277344 956.11474609375 967.070617675781 971.351989746094 979.076965332031 993.400329589844 1007.02764892578 1008.78472900391 1018.41802978516 1023.65991210938 1031.37817382812 1033.30212402344 1073.97448730469 1090.84704589844
920.146728515625 921.806457519531 915.029541015625 915.210693359375 918.371765136719 919.165344238281 914.6240234375 911.083679199219 904.316772460938 894.470397949219 879.190856933594 879.876281738281 878.357360839844 889.3271484375 901.807189941406 891.706909179688 892.339965820312 883.789978027344 890.505004882812 884.372192382812 875.995361328125 882.802368164062 876.013122558594 897.822998046875 901.003784179688 910.812805175781 927.572204589844 922.56396484375 926.566711425781 928.264831542969 929.329406738281 933.211059570312 943.656616210938 951.657531738281 966.640441894531 976.922058105469 979.005981445312 988.827575683594 1011.60467529297 1020.20690917969 1019.35418701172 1023.72760009766 1031.31884765625 1055.70458984375 1071.19165039062 1096.50842285156
923.187194824219 926.905517578125 923.394165039062 910.980590820312 915.178588867188 922.435607910156 909.478454589844 903.429077148438 906.403198242188 903.780822753906 890.313903808594 882.909240722656 888.031372070312 903.356506347656 904.855773925781 893.743957519531 887.219909667969 891.592590332031 882.905578613281 887.818176269531 881.572998046875 878.708740234375 882.192565917969 883.228210449219 892.779235839844 905.857666015625 920.909973144531 926.737426757812 927.339233398438 933.446044921875 931.888244628906 936.800964355469 943.111267089844 952.815490722656 963.435913085938 971.382080078125 980.9130859375 985.455139160156 1007.02056884766 1014.84014892578 1025.33618164062 1028.94616699219 1043.57739257812 1061.88134765625 1078.84484863281 1097.76538085938
925.588745117188 921.431823730469 925.535583496094 915.999572753906 912.469848632812 917.516540527344 913.740478515625 916.008666992188 911.328186035156 905.4326171875 897.138427734375 897.781433105469 894.855773925781 902.062133789062 904.518127441406 908.463012695312 897.958923339844 889.832641601562 881.770874023438 887.583618164062 885.076416015625 883.996704101562 876.844787597656 885.315063476562 897.636840820312 912.188110351562 912.180053710938 924.170043945312 931.441833496094 932.37158203125 935.712890625 938.985473632812 945.053833007812 959.181274414062 968.629089355469 977.378234863281 977.990417480469 980.751953125 994.902770996094 1013.75817871094 1021.02722167969 1030.91662597656 1047.06323242188 1062.59936523438 1082.1123046875 1095.10522460938
926.818176269531 924.844055175781 928.101318359375 926.187072753906 917.674377441406 914.554626464844 924.115234375 922.284118652344 921.120361328125 920.684692382812 918.133483886719 910.747863769531 900.972045898438 904.565612792969 915.345397949219 915.676330566406 907.615295410156 901.5439453125 901.533813476562 901.545288085938 898.27685546875 900.260925292969 896.65966796875 896.325744628906 899.3701171875 904.272644042969 908.702880859375 918.006225585938 927.483459472656 933.365478515625 938.934387207031 941.687561035156 949.769470214844 962.140930175781 973.600952148438 976.709533691406 982.923950195312 986.678161621094 996.178100585938 1008.55487060547 1022.55236816406 1040.08410644531 1051.94482421875 1058.96496582031 1075.76550292969 1091.53698730469
937.072937011719 933.088500976562 927.308349609375 923.080810546875 925.799072265625 926.746520996094 928.66455078125 926.913513183594 923.763061523438 924.465026855469 924.404846191406 913.526977539062 912.488708496094 913.107971191406 916.051086425781 923.661926269531 915.107849121094 912.217895507812 910.208190917969 908.613464355469 911.575866699219 908.317138671875 912.645629882812 911.39208984375 902.559020996094 904.420166015625 913.368469238281 917.46337890625 920.316711425781 926.190124511719 940.920349121094 947.810913085938 949.508666992188 963.731018066406 979.023742675781 986.898559570312 992.586059570312 999.286804199219 1000.07818603516 1004.42761230469 1020.962890625 1046.74096679688 1054.23193359375 1062.630859375 1069.94409179688 1087.18505859375
942.584533691406 937.864196777344 929.073059082031 935.797180175781 930.740051269531 938.557434082031 937.16455078125 939.692443847656 936.310424804688 936.408874511719 936.566223144531 930.760314941406 926.942199707031 923.556091308594 932.839538574219 938.574890136719 931.884643554688 923.983032226562 926.556823730469 921.517395019531 922.535217285156 917.485534667969 910.508728027344 905.652954101562 905.090576171875 910.817443847656 920.691162109375 923.247436523438 927.875183105469 929.3271484375 943.905151367188 952.161437988281 957.882263183594 961.92138671875 978.820129394531 985.272399902344 999.450500488281 999.221496582031 997.005310058594 1011.34985351562 1024.55944824219 1041.99438476562 1051.82421875 1054.65893554688 1068.240234375 1073.31787109375
947.358215332031 946.898132324219 945.07666015625 939.105834960938 933.855346679688 937.158142089844 939.965209960938 942.211791992188 947.749694824219 943.762023925781 939.504211425781 941.927734375 941.283935546875 928.831604003906 936.669677734375 944.585083007812 943.163024902344 946.203857421875 930.926086425781 934.106384277344 929.453552246094 920.073608398438 910.168090820312 912.585876464844 912.466735839844 913.614990234375 918.779235839844 928.445068359375 933.1689453125 936.62353515625 950.491027832031 957.035766601562 958.95361328125 975.700866699219 982.140380859375 985.077209472656 991.905944824219 995.833740234375 1004.82354736328 1014.51165771484 1030.69213867188 1042.85729980469 1056.89624023438 1057.13952636719 1059.45007324219 1064.54968261719
940.329223632812 937.046264648438 946.399658203125 947.110961914062 945.942443847656 944.698669433594 941.354858398438 953.623413085938 950.878723144531 950.650207519531 951.142761230469 952.060852050781 951.114929199219 948.689331054688 954.293579101562 956.478637695312 953.285217285156 951.962524414062 946.681213378906 951.924011230469 935.933776855469 926.973510742188 919.099304199219 918.04443359375 912.565185546875 912.361755371094 918.453674316406 934.814147949219 941.479125976562 942.922729492188 959.723449707031 965.407653808594 974.419982910156 983.430236816406 988.460327148438 1004.853515625 1001.65093994141 998.491577148438 998.494995117188 1010.95660400391 1027.97094726562 1047.90441894531 1059.14294433594 1057.22827148438 1057.82019042969 1053.626953125
942.725891113281 959.216552734375 963.322937011719 960.116516113281 961.355590820312 957.578491210938 952.659423828125 958.505065917969 950.276062011719 960.1416015625 958.166076660156 966.644165039062 970.915893554688 962.169128417969 967.824951171875 967.617004394531 967.838806152344 965.671997070312 958.016784667969 952.636657714844 950.72998046875 933.293701171875 929.439208984375 918.559814453125 915.723999023438 930.366455078125 928.052612304688 933.643188476562 945.520629882812 950.889709472656 961.747680664062 971.465454101562 985.182739257812 985.774597167969 995.134033203125 1005.48590087891 1006.38543701172 1001.22595214844 999.952453613281 1013.24389648438 1023.76086425781 1042.60717773438 1048.77697753906 1053.98010253906 1062.42956542969 1073.80004882812
957.836486816406 957.307678222656 973.65380859375 972.757568359375 974.827026367188 969.496704101562 964.466918945312 965.717590332031 971.128662109375 971.8671875 972.212036132812 981.220520019531 980.6005859375 983.729187011719 979.659912109375 976.859680175781 976.678405761719 971.86669921875 961.615051269531 961.222229003906 938.856506347656 938.021362304688 918.683471679688 918.24658203125 917.739685058594 917.979248046875 928.691284179688 933.610107421875 946.836120605469 962.419372558594 973.453125 982.039489746094 985.793884277344 996.773864746094 1001.58923339844 1006.46588134766 1002.06994628906 1015.51184082031 1008.18811035156 1018.97723388672 1025.2900390625 1037.33142089844 1041.77905273438 1054.61181640625 1061.078125 1064.27514648438
970.907287597656 965.411071777344 972.483642578125 978.869506835938 971.153198242188 977.716735839844 980.958923339844 981.283508300781 978.931579589844 975.215148925781 977.720764160156 981.909606933594 983.233825683594 990.936218261719 986.351684570312 980.539306640625 980.125061035156 980.223876953125 980.629760742188 962.897521972656 951.644287109375 935.549865722656 928.625854492188 925.259887695312 920.334655761719 930.819274902344 933.504455566406 942.99951171875 950.454956054688 965.164001464844 972.728149414062 980.9521484375 997.200866699219 1003.75231933594 1010.43023681641 1007.92132568359 1009.90356445312 1016.33294677734 1021.79370117188 1031.92309570312 1030.43591308594 1031.86877441406 1046.37841796875 1048.013671875 1057.70727539062 1064.51257324219
976.506408691406 981.488830566406 981.26318359375 981.976257324219 978.520080566406 986.905212402344 990.519409179688 981.302429199219 979.273986816406 975.739868164062 986.534484863281 995.026428222656 992.133972167969 988.787841796875 985.629821777344 990.006774902344 991.016357421875 969.884948730469 975.223449707031 970.421875 952.500854492188 944.065368652344 935.971862792969 935.757873535156 936.989135742188 934.742980957031 944.360412597656 935.070251464844 941.44775390625 961.240783691406 980.280334472656 988.1376953125 1007.90582275391 1014.32708740234 1019.1484375 1015.55346679688 1020.40765380859 1022.42584228516 1023.30364990234 1035.0068359375 1040.322265625 1038.59423828125 1043.87573242188 1045.3486328125 1052.69580078125 1065.05712890625
991.776428222656 998.636779785156 993.2744140625 994.264587402344 988.166809082031 987.989562988281 987.315612792969 976.350036621094 977.875244140625 979.45849609375 992.364807128906 997.54736328125 986.81640625 984.357482910156 983.529418945312 988.727294921875 993.849914550781 987.217468261719 969.603515625 963.064636230469 956.0556640625 945.265014648438 941.905883789062 927.006286621094 938.048828125 934.108154296875 937.061584472656 939.577758789062 952.268127441406 976.566589355469 987.763122558594 998.538940429688 1004.68585205078 1019.89514160156 1006.75872802734 1018.67669677734 1022.76452636719 1020.56439208984 1023.28198242188 1031.36791992188 1041.38562011719 1049.15258789062 1041.85388183594 1047.78369140625 1049.54370117188 1061.92395019531
1005.63043212891 1004.39031982422 997.400695800781 992.53759765625 998.718505859375 992.44921875 986.110595703125 985.017517089844 988.331115722656 998.576843261719 1000.72552490234 1003.77917480469 989.369140625 981.625061035156 982.126403808594 986.917907714844 984.873291015625 974.56103515625 963.43115234375 964.266662597656 948.903381347656 938.029846191406 930.387817382812 935.003601074219 934.626098632812 937.187744140625 937.25048828125 946.135009765625 953.983215332031 975.473937988281 987.942260742188 990.738220214844 1008.83087158203 1015.10083007812 1014.2236328125 1023.37774658203 1026.95202636719 1029.16467285156 1034.60070800781 1043.81726074219 1051.44018554688 1058.24609375 1044.70825195312 1047.49230957031 1051.92944335938 1059.00891113281
