data/zlatibor_dem_simulations/DEMsim6.asc
NCOLS 150
NROWS 100
XLLCORNER 7394249
YLLCORNER 4841999
CELLSIZE 30
NODATA_VALUE -9999
[rows 60 to 79 of 100, columns 46 to 91 of 150]
955.047729492188 949.398254394531 946.535461425781 952.7763671875 954.205627441406 951.874389648438 950.722473144531 956.960083007812 953.423889160156 952.605163574219 953.690979003906 949.070129394531 959.64599609375 956.813232421875 959.343688964844 966.5947265625 963.614624023438 965.289184570312 955.800842285156 964.759094238281 968.105407714844 964.377319335938 961.784301757812 962.77001953125 965.683532714844 964.042114257812 967.752990722656 962.080261230469 966.573852539062 969.342590332031 968.09375 969.821411132812 959.348693847656 966.385864257812 970.804992675781 960.3701171875 968.559509277344 958.234191894531 973.279052734375 974.768432617188 972.265747070312 966.7529296875 961.533081054688 967.075256347656 971.020202636719 970.383117675781
956.20361328125 954.995971679688 959.410461425781 957.781311035156 952.990051269531 955.75537109375 950.987670898438 947.03955078125 954.783325195312 960.300048828125 954.567626953125 959.779174804688 958.807922363281 963.083251953125 964.73828125 967.91748046875 956.85693359375 955.064270019531 957.952697753906 956.452392578125 964.174011230469 961.338989257812 965.261840820312 959.015625 959.943786621094 967.336791992188 970.809936523438 967.744873046875 968.931579589844 963.800476074219 962.917541503906 967.649169921875 969.363586425781 975.134216308594 971.590759277344 959.321044921875 966.916320800781 967.036804199219 971.462646484375 969.072143554688 976.610717773438 971.03076171875 973.133178710938 972.562194824219 967.59423828125 966.411315917969
957.307800292969 953.276977539062 958.446472167969 962.520935058594 957.069152832031 951.167602539062 960.267456054688 961.602905273438 961.71484375 958.912963867188 971.570922851562 964.445434570312 965.441223144531 967.566223144531 959.667907714844 958.076904296875 953.193176269531 959.773559570312 953.415588378906 960.206420898438 960.456665039062 956.505249023438 964.302612304688 963.051696777344 969.460693359375 977.033752441406 974.378051757812 973.422119140625 971.111938476562 968.120361328125 975.016296386719 978.043395996094 970.421142578125 969.148376464844 971.673156738281 969.166076660156 969.173583984375 969.302978515625 970.398376464844 965.169311523438 974.832336425781 975.289855957031 972.236572265625 964.365783691406 972.798217773438 962.534545898438
954.916259765625 955.598815917969 959.179931640625 963.200256347656 967.293579101562 970.767456054688 969.190368652344 969.707275390625 974.219482421875 971.922180175781 962.735778808594 967.448608398438 964.1455078125 967.98291015625 961.599975585938 959.844543457031 959.562927246094 967.5576171875 963.671142578125 954.565490722656 956.753967285156 961.539611816406 962.353515625 967.649353027344 975.457092285156 981.556701660156 975.238647460938 968.804321289062 964.540283203125 971.840637207031 971.69140625 970.771301269531 972.272094726562 967.924865722656 971.034240722656 973.451843261719 975.310974121094 973.910827636719 982.667297363281 976.346740722656 976.313659667969 979.426330566406 971.629638671875 971.52783203125 970.549133300781 973.279357910156
960.449645996094 954.966735839844 964.475341796875 967.274291992188 970.261413574219 976.942626953125 975.791564941406 975.560302734375 969.291870117188 964.318359375 965.542602539062 958.591918945312 955.817443847656 969.116943359375 962.7529296875 961.764343261719 959.142822265625 960.752990722656 968.633056640625 963.959777832031 958.795654296875 969.220275878906 977.625915527344 975.889282226562 971.618530273438 983.024475097656 978.836547851562 977.703674316406 973.869445800781 972.084533691406 976.714477539062 975.573547363281 969.739868164062 980.500732421875 972.362854003906 981.21240234375 979.142517089844 984.398193359375 978.179809570312 979.015625 979.761169433594 978.531860351562 978.224914550781 973.901000976562 975.893371582031 964.385803222656
964.016357421875 961.630249023438 960.053466796875 963.513549804688 972.848083496094 976.198852539062 981.1845703125 977.845703125 964.843872070312 968.970642089844 967.720764160156 966.596496582031 964.699890136719 970.643981933594 970.160705566406 962.540344238281 953.785583496094 957.481140136719 963.271423339844 960.04248046875 963.950012207031 970.740173339844 977.580444335938 981.671569824219 982.63232421875 979.151916503906 981.282348632812 977.702270507812 982.571472167969 976.375671386719 971.356140136719 975.315307617188 975.987426757812 971.281494140625 977.870483398438 977.067687988281 977.130004882812 985.547241210938 977.449401855469 980.473327636719 983.358459472656 979.470458984375 983.675170898438 981.980224609375 977.890747070312 972.075866699219
960.717834472656 962.68115234375 966.311767578125 965.945678710938 984.516052246094 980.042846679688 981.514404296875 968.409973144531 973.176879882812 973.74755859375 970.512390136719 976.870422363281 977.182861328125 969.017700195312 964.385681152344 965.967163085938 959.501220703125 959.57763671875 954.793029785156 963.435729980469 965.514709472656 976.661804199219 977.290649414062 973.104553222656 981.18505859375 984.474304199219 976.065185546875 981.357666015625 979.592224121094 971.530822753906 971.843017578125 973.7578125 978.564147949219 970.684204101562 976.821655273438 971.961608886719 977.988464355469 981.229370117188 982.329650878906 980.159790039062 979.259094238281 979.782470703125 977.653747558594 977.846252441406 971.749084472656 972.518676757812
974.080932617188 970.007080078125 975.97314453125 979.673828125 983.719299316406 985.288696289062 986.752380371094 977.759521484375 978.875 976.216613769531 974.544677734375 976.531616210938 974.9638671875 972.707275390625 966.438232421875 969.075866699219 976.466491699219 971.229248046875 964.35400390625 970.176574707031 974.985534667969 975.7763671875 977.246826171875 979.107055664062 973.205993652344 981.779235839844 980.827453613281 986.501403808594 980.78076171875 976.501098632812 968.95703125 973.577880859375 982.003540039062 984.592712402344 985.465148925781 976.25439453125 976.5810546875 980.106140136719 988.320373535156 989.308288574219 988.133422851562 979.527099609375 975.527770996094 977.628723144531 989.148071289062 982.757385253906
977.168029785156 973.455078125 977.090759277344 988.548461914062 986.073669433594 994.554626464844 985.523315429688 986.262756347656 981.794982910156 971.220031738281 973.431457519531 979.47998046875 978.559387207031 979.202392578125 972.849853515625 973.156372070312 973.802062988281 973.888061523438 963.654357910156 973.5361328125 973.739685058594 970.752624511719 977.913330078125 975.659912109375 969.11865234375 978.001403808594 981.433959960938 977.762329101562 979.165588378906 978.383178710938 972.105895996094 977.076721191406 985.787048339844 987.490173339844 975.694580078125 977.002136230469 978.471435546875 982.423828125 987.630065917969 986.5244140625 979.170104980469 977.521545410156 978.617736816406 972.971984863281 986.973205566406 980.608276367188
982.80322265625 976.088317871094 984.561096191406 988.365417480469 986.064147949219 992.823547363281 987.465637207031 982.062377929688 983.027954101562 981.292419433594 982.196411132812 980.832397460938 983.095275878906 977.002014160156 975.269897460938 967.986206054688 971.643920898438 976.666748046875 970.351623535156 973.168701171875 971.196960449219 975.083374023438 974.141723632812 980.863891601562 972.959167480469 974.94482421875 981.120239257812 975.340148925781 972.422912597656 973.48291015625 968.260070800781 980.072143554688 978.089111328125 981.924987792969 976.191101074219 974.644226074219 978.480346679688 978.365356445312 986.990783691406 988.710815429688 983.539367675781 977.879028320312 969.796325683594 973.614074707031 983.919067382812 979.574523925781
982.502563476562 990.782043457031 984.828002929688 993.340270996094 990.716064453125 992.931884765625 990.402770996094 984.66455078125 992.683410644531 980.433166503906 978.559326171875 983.156799316406 979.260986328125 973.263488769531 970.523193359375 971.362426757812 966.418884277344 970.138732910156 977.748168945312 973.572265625 965.860046386719 979.804931640625 979.925720214844 981.824768066406 984.850036621094 980.464660644531 981.623840332031 975.168762207031 972.27783203125 969.251281738281 976.594970703125 991.366760253906 989.568298339844 980.151611328125 979.657104492188 983.260986328125 982.656494140625 989.30810546875 981.659484863281 988.406066894531 992.223083496094 975.496337890625 979.053344726562 982.433044433594 984.333862304688 986.275817871094
995.639831542969 1004.40563964844 998.558776855469 991.956481933594 991.584594726562 995.333068847656 994.238220214844 988.744934082031 984.294311523438 979.616577148438 974.469360351562 986.351623535156 983.743347167969 976.210571289062 974.333435058594 971.340454101562 964.536926269531 964.567810058594 972.611328125 972.837890625 972.756286621094 969.234436035156 976.139587402344 976.887329101562 975.422058105469 977.290161132812 984.685546875 977.423400878906 971.057739257812 976.955078125 989.683898925781 1001.01403808594 992.329528808594 987.007873535156 985.164672851562 991.958557128906 989.653381347656 988.829467773438 980.652221679688 980.961608886719 989.616943359375 984.696533203125 988.340148925781 978.809204101562 986.054016113281 985.737182617188
998.020874023438 993.365051269531 1004.20971679688 1004.61535644531 1002.39068603516 1005.08636474609 996.667114257812 994.702087402344 979.555847167969 979.688415527344 978.716125488281 977.887573242188 975.627990722656 976.626770019531 980.436401367188 973.798583984375 973.102722167969 970.407897949219 977.843688964844 977.523071289062 980.422180175781 975.905151367188 985.47412109375 982.76025390625 967.241821289062 983.16259765625 980.362854003906 982.323913574219 968.751953125 978.404479980469 993.549865722656 1003.68170166016 994.214416503906 990.472290039062 986.171997070312 985.683837890625 992.360534667969 992.612915039062 984.685119628906 987.708862304688 992.413208007812 982.716369628906 983.984985351562 985.0712890625 986.35986328125 989.022399902344
999.245483398438 996.077819824219 1005.62084960938 1010.82940673828 1007.26049804688 1002.96051025391 994.466491699219 998.948852539062 985.849060058594 986.200622558594 984.188293457031 979.227722167969 973.629760742188 978.957458496094 982.881958007812 975.21728515625 970.185852050781 972.148742675781 970.989868164062 975.818115234375 984.69921875 985.396911621094 981.662048339844 988.254089355469 979.1328125 985.202209472656 981.679992675781 978.368530273438 985.55712890625 983.548156738281 993.013061523438 993.316040039062 990.516174316406 987.045349121094 984.172729492188 991.931884765625 990.532104492188 992.767456054688 984.863464355469 984.602844238281 985.363220214844 990.235412597656 982.76904296875 979.165832519531 984.987609863281 987.018981933594
1005.5498046875 997.208557128906 1003.42816162109 1011.12219238281 1002.82220458984 1009.990234375 999.572265625 988.026428222656 988.414489746094 990.010314941406 980.045227050781 977.561767578125 978.621398925781 988.463562011719 976.505065917969 973.133056640625 965.794677734375 971.051086425781 971.304077148438 982.61572265625 988.630187988281 988.373779296875 985.159545898438 990.596923828125 986.417602539062 983.279907226562 984.322998046875 990.728393554688 989.073791503906 989.955505371094 993.207641601562 985.770812988281 987.586242675781 989.928833007812 990.975708007812 990.697937011719 986.489379882812 987.600830078125 983.195068359375 977.427673339844 976.039367675781 973.916015625 983.169921875 988.085815429688 980.280517578125 985.940368652344
1003.11224365234 1001.30230712891 998.199890136719 1013.41070556641 1006.93780517578 1008.04797363281 999.95068359375 991.010009765625 984.286193847656 986.453247070312 980.765502929688 977.238586425781 986.173095703125 983.095764160156 976.407592773438 971.078979492188 970.12646484375 968.446960449219 972.175109863281 977.875915527344 975.862976074219 989.131652832031 997.607666015625 985.901123046875 991.332275390625 991.233642578125 990.039123535156 987.926452636719 987.4970703125 988.700927734375 994.902160644531 987.154602050781 992.116516113281 990.608825683594 992.063049316406 987.357849121094 987.445861816406 995.479431152344 984.168334960938 983.763366699219 978.087829589844 972.716735839844 978.074951171875 988.9853515625 978.7197265625 981.783630371094
999.849792480469 1012.45422363281 1007.14404296875 1002.30609130859 993.859924316406 1008.21801757812 1002.00494384766 995.325927734375 992.6328125 986.003845214844 981.551574707031 973.45166015625 988.388793945312 987.323852539062 980.395874023438 979.441040039062 970.822875976562 974.113464355469 974.626525878906 981.272827148438 976.699951171875 982.450927734375 992.924865722656 990.517272949219 993.025146484375 991.246337890625 986.838989257812 987.523010253906 989.814514160156 985.041564941406 993.76318359375 990.217834472656 996.09521484375 998.320678710938 1007.98980712891 1000.03259277344 1000.00518798828 1000.40496826172 993.428588867188 991.515014648438 975.23583984375 976.520812988281 969.473388671875 978.338745117188 988.371704101562 980.430908203125
1013.7373046875 1014.58850097656 1008.55126953125 1010.22698974609 1012.33752441406 1002.03253173828 995.266479492188 998.431823730469 994.339477539062 993.428161621094 984.101867675781 983.699523925781 984.377380371094 988.145263671875 986.156799316406 980.54052734375 978.744506835938 972.655334472656 975.800476074219 977.899291992188 979.907470703125 981.576293945312 981.925170898438 987.304748535156 987.877624511719 991.645690917969 986.054382324219 985.835815429688 994.679809570312 999.56005859375 999.154602050781 997.022583007812 997.464294433594 1004.5185546875 1010.64831542969 1006.06805419922 1004.73767089844 999.190490722656 990.349365234375 984.715759277344 976.255310058594 978.611938476562 980.807434082031 987.320678710938 989.203735351562 989.777893066406
1000.01947021484 1002.28118896484 1008.69885253906 1002.85614013672 1006.79553222656 1006.34521484375 1001.44360351562 1000.36468505859 987.298889160156 982.297485351562 983.746887207031 983.986877441406 983.691467285156 984.373229980469 990.026672363281 986.146179199219 991.278625488281 983.530334472656 979.437683105469 979.248962402344 985.101501464844 981.089721679688 972.565856933594 979.686767578125 983.604431152344 996.191833496094 995.148864746094 985.50537109375 994.326416015625 992.339294433594 995.048950195312 992.922424316406 996.452026367188 1008.40368652344 1010.90655517578 1005.3837890625 1002.28948974609 1001.86535644531 995.943725585938 992.349792480469 987.820129394531 988.235717773438 987.232421875 989.929077148438 987.734375 985.755065917969
991.8974609375 997.627502441406 993.459106445312 996.689514160156 1005.26800537109 1006.61737060547 996.097351074219 995.711120605469 992.937683105469 996.590087890625 991.147888183594 988.815490722656 988.853271484375 986.285400390625 990.915283203125 989.4189453125 984.606567382812 988.462585449219 988.169921875 973.804504394531 983.719177246094 983.478698730469 977.054504394531 977.322143554688 976.540222167969 987.991882324219 988.764770507812 987.618835449219 985.311462402344 984.629943847656 989.816589355469 995.714416503906 1005.07037353516 997.152282714844 1004.45288085938 1004.77911376953 1002.68353271484 993.668762207031 1002.19573974609 999.781860351562 993.436706542969 987.336120605469 990.807250976562 990.20703125 990.610046386719 989.720825195312
