data/zlatibor_dem_simulations/DEMsim66.asc
NCOLS 150
NROWS 100
XLLCORNER 7394249
YLLCORNER 4841999
CELLSIZE 30
NODATA_VALUE -9999
[rows 60 to 79 of 100, columns 46 to 91 of 150]
956.502014160156 957.704162597656 950.495483398438 955.346435546875 954.286193847656 961.798645019531 953.716491699219 950.477600097656 947.264892578125 959.607604980469 954.920043945312 970.111694335938 972.2490234375 963.028198242188 960.941040039062 955.488708496094 957.969055175781 965.315551757812 958.917053222656 954.472839355469 958.70458984375 963.875 956.556457519531 956.967651367188 959.507202148438 957.852661132812 964.009643554688 962.512756347656 964.453552246094 963.992126464844 964.4296875 963.018493652344 970.165405273438 972.81591796875 971.516784667969 978.219909667969 968.700134277344 967.532653808594 970.173217773438 970.174926757812 973.339782714844 961.944091796875 973.609558105469 967.529724121094 964.307983398438 971.992553710938
959.151794433594 974.665588378906 974.179077148438 960.130249023438 966.02978515625 960.366943359375 950.870178222656 948.01171875 954.765808105469 951.7490234375 962.035339355469 971.395751953125 970.337646484375 964.378051757812 958.470947265625 959.2890625 970.147094726562 972.290466308594 954.502380371094 960.803588867188 948.840576171875 952.882202148438 957.574890136719 952.253295898438 958.837219238281 963.768371582031 964.322387695312 967.371643066406 965.016479492188 956.597473144531 952.149230957031 958.910522460938 967.107666015625 968.450256347656 976.645812988281 969.267150878906 967.678588867188 964.82958984375 978.218933105469 973.163024902344 977.983215332031 969.402893066406 970.270324707031 972.168212890625 969.974426269531 969.175170898438
963.606689453125 974.256774902344 973.939208984375 971.941040039062 970.58935546875 963.729797363281 960.558776855469 962.210815429688 965.471008300781 954.349182128906 960.674499511719 964.836181640625 966.039733886719 968.1318359375 956.097351074219 957.839660644531 967.819580078125 959.119812011719 954.477478027344 957.387390136719 958.852355957031 961.895446777344 963.962768554688 961.00341796875 963.255676269531 965.837707519531 964.9365234375 971.232727050781 962.550537109375 958.295166015625 952.471130371094 963.346313476562 970.490966796875 972.163024902344 975.4775390625 972.197021484375 970.624938964844 970.489135742188 974.423461914062 977.768127441406 976.102722167969 979.878295898438 974.883361816406 970.306823730469 974.786560058594 979.035949707031
965.7080078125 979.137084960938 974.581970214844 969.025695800781 971.507568359375 973.592834472656 971.924438476562 967.213562011719 967.084533691406 953.939697265625 952.184387207031 958.610595703125 965.82568359375 965.055541992188 960.981994628906 963.158203125 968.681701660156 967.493896484375 964.207641601562 965.266723632812 968.900390625 966.836608886719 967.182983398438 974.965209960938 967.944519042969 976.716979980469 972.305114746094 967.109069824219 964.860229492188 965.924438476562 950.316162109375 957.441284179688 966.043823242188 975.095642089844 968.511291503906 974.193176269531 978.390625 975.521911621094 977.716247558594 979.018249511719 975.555603027344 983.304443359375 976.5244140625 973.821105957031 975.132995605469 972.4443359375
979.580200195312 975.836486816406 973.734069824219 976.139831542969 971.228820800781 968.156372070312 965.307067871094 965.420593261719 967.323059082031 961.572143554688 964.418579101562 956.132690429688 962.085266113281 959.831848144531 965.6484375 969.212280273438 971.068542480469 971.883850097656 961.129638671875 963.457336425781 971.327087402344 967.031921386719 976.581176757812 977.138916015625 976.046203613281 968.860229492188 966.251159667969 965.224182128906 967.841857910156 969.439697265625 964.553344726562 967.567810058594 974.438171386719 971.177551269531 964.228637695312 968.031555175781 977.753723144531 972.958984375 976.906372070312 983.155639648438 988.556579589844 986.766662597656 976.29443359375 975.335693359375 978.260559082031 969.63916015625
977.526733398438 971.670593261719 973.094970703125 981.207275390625 979.705383300781 966.343933105469 970.181518554688 970.069458007812 970.105834960938 968.552612304688 966.935852050781 968.201354980469 972.659118652344 975.648376464844 967.711730957031 971.999694824219 969.793579101562 972.087707519531 961.682800292969 964.956298828125 965.72998046875 970.82861328125 974.165283203125 977.463195800781 974.210327148438 972.228271484375 968.258911132812 965.156555175781 971.982360839844 974.405395507812 964.416259765625 965.414245605469 968.328857421875 969.183959960938 969.758728027344 972.392517089844 972.203125 969.966979980469 990.838439941406 976.073974609375 980.556579589844 985.374877929688 989.55908203125 987.06689453125 981.103881835938 977.859130859375
970.780334472656 973.122863769531 973.531616210938 976.733154296875 977.080871582031 976.714782714844 974.710998535156 971.587829589844 971.995483398438 964.165954589844 964.462097167969 959.356628417969 970.198364257812 972.718933105469 966.206420898438 967.691589355469 969.383911132812 963.873291015625 955.865234375 962.92138671875 967.385314941406 967.203308105469 973.731506347656 979.087829589844 980.17431640625 977.7919921875 978.400390625 972.21630859375 977.00146484375 974.578491210938 974.3271484375 964.550964355469 968.174621582031 975.924743652344 978.496520996094 977.577087402344 975.957092285156 981.05712890625 984.083862304688 984.405883789062 976.648376464844 980.440673828125 982.893615722656 981.348693847656 975.561889648438 980.682556152344
983.286315917969 979.641784667969 971.498657226562 974.604187011719 972.643371582031 983.310668945312 978.460632324219 979.248901367188 975.4599609375 969.894714355469 975.363220214844 968.19580078125 973.09423828125 963.931640625 968.553100585938 974.123352050781 968.873229980469 972.859558105469 969.261535644531 961.99169921875 970.023864746094 968.880676269531 971.179016113281 978.023803710938 981.059143066406 979.849914550781 981.429504394531 978.113220214844 971.200378417969 974.7939453125 975.203491210938 963.531799316406 970.316650390625 967.968383789062 972.625 965.946411132812 975.378234863281 977.182800292969 980.597717285156 986.076721191406 981.957092285156 979.943908691406 982.493286132812 974.27978515625 973.639587402344 976.614990234375
984.255187988281 985.61572265625 978.024047851562 980.669860839844 975.958435058594 977.447814941406 971.806274414062 978.902893066406 974.493713378906 975.191101074219 975.260803222656 980.649108886719 974.332214355469 967.794738769531 971.60595703125 969.182739257812 971.643310546875 970.5732421875 967.656433105469 967.830627441406 972.538635253906 968.8779296875 973.117980957031 972.523193359375 981.300231933594 979.578918457031 983.268005371094 974.931579589844 982.0546875 981.236206054688 973.854431152344 963.787048339844 965.970703125 959.932495117188 967.368896484375 972.711730957031 970.781188964844 976.176086425781 978.268493652344 987.982116699219 985.887512207031 976.239685058594 976.402099609375 974.177734375 975.197204589844 984.076599121094
983.640808105469 984.088256835938 984.40771484375 984.498046875 987.26025390625 980.299987792969 974.8095703125 970.826721191406 975.168518066406 979.247131347656 973.900939941406 976.3203125 970.861694335938 964.022033691406 966.719970703125 972.438903808594 976.408874511719 976.473022460938 975.933288574219 970.679138183594 972.665832519531 976.216857910156 974.078552246094 977.855834960938 977.18212890625 977.814270019531 980.267028808594 977.812377929688 980.395080566406 981.823547363281 985.538513183594 973.249267578125 979.017761230469 985.882446289062 963.8076171875 972.014709472656 982.89501953125 982.86767578125 985.171813964844 982.22314453125 989.0126953125 973.022766113281 970.269348144531 972.91552734375 980.936218261719 977.782836914062
988.831176757812 991.711547851562 984.312072753906 979.853881835938 980.417724609375 979.763549804688 980.114624023438 975.828125 979.259521484375 979.615783691406 981.642578125 980.431274414062 981.145446777344 967.195983886719 960.907165527344 965.398742675781 970.300964355469 976.123046875 977.550476074219 970.200439453125 962.301635742188 971.929931640625 967.603759765625 969.663818359375 971.690612792969 981.621337890625 987.494873046875 979.607238769531 977.707336425781 982.822448730469 989.946411132812 979.854187011719 976.000793457031 983.312316894531 972.720336914062 975.202026367188 985.188781738281 984.223388671875 990.181823730469 985.460632324219 978.485473632812 975.090637207031 981.12890625 979.327026367188 976.508361816406 977.931030273438
996.445495605469 999.595947265625 986.033142089844 985.843444824219 984.562561035156 993.636169433594 979.882385253906 976.875610351562 979.595092773438 978.275573730469 978.734924316406 986.198791503906 976.963439941406 972.555908203125 968.283020019531 963.076049804688 966.294799804688 967.043823242188 976.215698242188 965.210632324219 960.710510253906 960.313110351562 963.684631347656 967.210327148438 969.446838378906 982.924865722656 981.698913574219 985.745910644531 975.527099609375 981.689453125 987.746643066406 990.176513671875 987.983459472656 989.421264648438 977.482849121094 980.001953125 983.757934570312 985.935974121094 981.950439453125 975.786743164062 977.102905273438 980.050170898438 982.892333984375 976.072204589844 975.697387695312 965.113647460938
996.84765625 1006.52087402344 995.881530761719 988.92236328125 984.90283203125 985.637084960938 979.620483398438 995.283325195312 983.350463867188 984.936706542969 982.712829589844 980.588317871094 975.405517578125 976.127807617188 966.216186523438 965.02978515625 971.588562011719 970.635009765625 970.59521484375 977.589599609375 963.443298339844 965.734191894531 977.172912597656 979.350280761719 985.177368164062 984.052062988281 985.02099609375 988.542724609375 983.604553222656 987.427734375 991.3681640625 988.434509277344 983.539123535156 986.8427734375 985.578796386719 979.627868652344 977.7607421875 982.108642578125 978.551818847656 977.738159179688 976.360046386719 977.265258789062 981.219848632812 983.739624023438 981.674072265625 975.399841308594
1003.46661376953 1000.78045654297 1001.89556884766 993.618896484375 985.756103515625 984.633422851562 987.793701171875 994.00830078125 983.895263671875 988.976928710938 989.264831542969 985.522888183594 984.010375976562 976.779968261719 967.412292480469 972.786926269531 972.695983886719 967.408142089844 963.116516113281 958.350158691406 974.749206542969 975.367736816406 984.234985351562 987.4091796875 984.850708007812 986.910217285156 983.268981933594 985.112060546875 995.375244140625 978.82421875 982.6083984375 985.096008300781 994.70849609375 989.492858886719 984.413208007812 980.404296875 985.183837890625 982.723022460938 975.952270507812 975.222900390625 978.535400390625 978.385192871094 977.190185546875 986.611999511719 973.133666992188 974.915954589844
1006.97094726562 1009.87054443359 1009.10498046875 1007.05310058594 994.903381347656 994.87744140625 993.771728515625 986.09375 981.193481445312 984.261352539062 986.337280273438 988.274963378906 976.31884765625 982.83349609375 983.705871582031 974.161804199219 971.237121582031 970.575561523438 967.329406738281 961.689086914062 970.064331054688 973.088928222656 989.716186523438 989.75048828125 989.949462890625 992.562744140625 985.446166992188 993.194702148438 993.09423828125 984.067626953125 979.985290527344 982.354248046875 989.719543457031 991.922607421875 984.048645019531 986.628845214844 992.813415527344 988.330261230469 993.783935546875 984.903869628906 980.233276367188 978.820129394531 977.150512695312 982.598754882812 976.223693847656 973.003662109375
1005.29351806641 1010.73724365234 1015.17193603516 1015.02294921875 1002.81188964844 1001.08026123047 998.822204589844 985.808471679688 978.663757324219 978.880493164062 988.805908203125 980.330810546875 975.96142578125 978.454223632812 971.916564941406 973.25244140625 970.178527832031 971.974670410156 972.636352539062 965.019775390625 982.375061035156 988.039123535156 984.952392578125 985.34912109375 992.782653808594 995.040344238281 983.906372070312 988.881652832031 985.570983886719 977.539245605469 981.952331542969 991.892333984375 998.142883300781 997.8427734375 988.497131347656 999.197570800781 997.239624023438 992.119445800781 992.292724609375 991.866760253906 989.467163085938 986.656982421875 986.535522460938 986.74609375 981.493713378906 981.349304199219
1012.26745605469 1019.45983886719 1016.45837402344 1018.36236572266 1010.33837890625 997.454345703125 1002.37506103516 987.212341308594 984.514892578125 982.759521484375 978.751708984375 978.780822753906 976.637817382812 974.835815429688 969.163391113281 977.751342773438 979.168212890625 972.71923828125 975.321166992188 973.873352050781 978.070495605469 982.709777832031 982.583984375 981.347778320312 990.265380859375 991.23291015625 983.716857910156 986.892578125 986.056091308594 985.873229980469 976.652648925781 982.869445800781 991.39208984375 1000.17053222656 999.791442871094 1002.06164550781 1006.16375732422 994.086791992188 1000.21099853516 989.110229492188 991.10791015625 985.308410644531 992.825866699219 985.739990234375 977.128662109375 990.115173339844
1009.42712402344 1018.14898681641 1019.39416503906 1015.33428955078 1006.84002685547 1006.34912109375 997.388549804688 990.486022949219 984.807556152344 983.415893554688 984.63037109375 979.658569335938 973.212890625 975.381286621094 979.251770019531 974.215393066406 979.035278320312 975.337158203125 974.170715332031 972.569213867188 975.384216308594 992.049926757812 988.03759765625 981.871643066406 988.705505371094 994.290588378906 991.575988769531 995.645935058594 984.474365234375 988.53515625 985.299560546875 981.222595214844 985.488037109375 1004.92633056641 1010.15734863281 1008.21557617188 1001.0576171875 998.960876464844 998.183776855469 995.170166015625 999.54736328125 996.667785644531 991.81640625 990.063598632812 988.322509765625 992.714416503906
1013.83142089844 1016.2392578125 1018.55285644531 1014.171875 1007.71942138672 987.04150390625 990.163940429688 996.959838867188 999.641906738281 990.654357910156 979.519409179688 975.364624023438 976.980651855469 988.893920898438 975.696350097656 977.8017578125 974.841613769531 968.327453613281 968.013244628906 969.618835449219 968.668579101562 973.314758300781 978.688659667969 978.371276855469 983.25634765625 992.020629882812 986.811462402344 986.555786132812 996.206237792969 984.69970703125 978.963989257812 992.128356933594 1001.43505859375 1007.30847167969 1007.05847167969 1005.27124023438 1003.24114990234 1000.42559814453 1001.39624023438 1000.244140625 1003.25006103516 996.879638671875 991.032287597656 995.970703125 984.50146484375 983.928649902344
1011.203125 1016.08532714844 1020.71850585938 1018.89685058594 1006.43927001953 992.746765136719 990.966613769531 993.345947265625 990.496459960938 987.19189453125 985.350646972656 985.024658203125 977.43212890625 983.688842773438 984.355895996094 979.587646484375 980.135192871094 976.927673339844 973.631408691406 971.116088867188 976.35595703125 973.451293945312 979.442749023438 971.824523925781 980.886962890625 986.870910644531 986.401611328125 996.852233886719 993.470886230469 988.80029296875 988.368408203125 1003.06146240234 1009.02526855469 1005.81604003906 1010.93084716797 1005.94219970703 1004.09173583984 1001.33654785156 1005.35443115234 998.259643554688 997.745544433594 998.139221191406 997.309936523438 1000.00274658203 986.594604492188 985.797180175781
