data/zlatibor_dem_simulations/DEMsim51.asc
NCOLS 150
NROWS 100
XLLCORNER 7394249
YLLCORNER 4841999
CELLSIZE 30
NODATA_VALUE -9999
[rows 80 to 99 of 100, columns 0 to 45 of 150]
936.4453125 932.249145507812 935.568237304688 947.484375 939.000305175781 938.896545410156 953.66064453125 953.325256347656 961.683227539062 966.503479003906 963.561767578125 970.771301269531 966.200988769531 978.739318847656 964.530029296875 971.920654296875 977.280395507812 976.409851074219 978.870361328125 990.622802734375 986.005493164062 988.435302734375 974.907104492188 981.653015136719 980.801025390625 989.395690917969 991.937255859375 984.180908203125 989.44140625 983.472839355469 981.644775390625 968.407470703125 975.836853027344 977.746704101562 976.225158691406 984.461791992188 989.24609375 982.552856445312 989.538818359375 993.525146484375 999.653137207031 995.929931640625 995.068481445312 1001.04425048828 999.264282226562 1005.53302001953
939.78369140625 944.824890136719 951.795288085938 948.480895996094 941.057495117188 941.496704101562 941.910827636719 945.96044921875 957.594177246094 957.102294921875 959.887329101562 964.650268554688 969.3251953125 963.428649902344 959.148254394531 967.322692871094 972.158081054688 969.628540039062 975.685791015625 973.431274414062 979.6650390625 982.589416503906 970.891418457031 981.201721191406 978.316589355469 984.426940917969 987.165161132812 983.366577148438 981.410766601562 983.640869140625 973.443359375 971.525146484375 969.591247558594 968.926513671875 971.496032714844 978.643005371094 984.86376953125 991.958129882812 999.908996582031 1000.83367919922 1005.22375488281 1002.49792480469 998.244567871094 1002.23901367188 1001.232421875 1002.62322998047
945.284362792969 958.458374023438 949.696105957031 948.445007324219 937.207763671875 936.940551757812 943.540405273438 949.50146484375 953.676696777344 964.960754394531 966.673400878906 969.919677734375 971.039611816406 960.792785644531 962.823913574219 964.101806640625 968.895385742188 960.372253417969 965.297912597656 969.022338867188 965.904052734375 968.134216308594 968.714111328125 980.183471679688 975.922485351562 975.837585449219 979.547912597656 972.340515136719 976.592834472656 961.1259765625 966.176452636719 970.033996582031 968.9853515625 971.18701171875 969.216857910156 975.495910644531 982.892517089844 988.089721679688 992.550903320312 1007.05438232422 1002.98156738281 1003.86663818359 996.824401855469 996.573608398438 1004.36199951172 997.073181152344
943.995056152344 941.857604980469 948.220153808594 944.485229492188 942.336364746094 936.635437011719 941.774047851562 948.327392578125 960.479675292969 961.0830078125 959.676513671875 956.259704589844 957.752380371094 962.719543457031 962.153198242188 968.104675292969 972.012084960938 969.436340332031 959.859802246094 957.762268066406 959.670959472656 956.77197265625 957.763305664062 967.637268066406 972.045349121094 979.353088378906 968.829650878906 973.544677734375 969.926147460938 952.164489746094 956.585815429688 968.467468261719 970.574768066406 969.269897460938 956.58154296875 963.586669921875 975.467712402344 980.515869140625 984.274719238281 985.1142578125 992.176025390625 993.168518066406 988.934204101562 994.618103027344 1002.12689208984 997.098205566406
946.473327636719 954.670349121094 950.395324707031 947.809265136719 950.160339355469 940.194580078125 938.824096679688 941.488220214844 941.838073730469 955.562927246094 950.459838867188 959.705810546875 955.153137207031 967.044494628906 968.226013183594 958.774230957031 965.054992675781 956.205810546875 959.545593261719 951.308227539062 949.508911132812 946.597473144531 960.065307617188 968.542785644531 958.870788574219 967.489135742188 964.894226074219 962.905822753906 957.954711914062 953.113647460938 952.208251953125 961.291015625 959.34423828125 968.309448242188 952.664733886719 960.602172851562 979.9375 980.191528320312 979.322082519531 984.157653808594 984.510986328125 980.381774902344 984.605773925781 997.898132324219 997.107055664062 1002.56341552734
943.401611328125 954.779663085938 953.655700683594 950.013854980469 952.017944335938 945.877685546875 935.365661621094 937.748107910156 949.020141601562 945.292419433594 945.513488769531 943.660827636719 957.019714355469 956.613830566406 963.686645507812 965.2763671875 965.812622070312 961.796142578125 961.021362304688 955.683288574219 950.295471191406 950.864379882812 954.555358886719 959.762329101562 960.650756835938 964.422912597656 954.778503417969 954.773864746094 960.941101074219 959.73681640625 962.185363769531 955.547485351562 956.486999511719 950.952880859375 959.442504882812 970.03076171875 978.830322265625 980.392333984375 979.562622070312 975.132080078125 975.9462890625 979.709899902344 985.62744140625 982.074340820312 992.864929199219 996.307922363281
946.541137695312 943.929931640625 949.808349609375 953.915954589844 947.756652832031 948.468200683594 945.462097167969 945.726989746094 949.055847167969 941.191833496094 943.890747070312 945.816589355469 954.147277832031 956.789733886719 952.067749023438 952.599670410156 959.256286621094 956.457397460938 959.249877929688 951.12744140625 947.48779296875 943.010314941406 940.186950683594 960.533996582031 954.212524414062 956.780395507812 957.0126953125 959.701232910156 958.465759277344 962.933227539062 959.079467773438 963.592651367188 961.555297851562 950.877197265625 966.897583007812 971.001953125 968.726013183594 965.638366699219 974.442138671875 975.648742675781 969.35107421875 977.096435546875 977.733093261719 975.8779296875 979.731750488281 983.636413574219
949.337951660156 955.758850097656 961.335571289062 956.674194335938 955.349853515625 947.951538085938 949.812194824219 946.962463378906 942.566223144531 940.220153808594 939.668884277344 940.630187988281 948.891845703125 949.880676269531 943.96484375 943.813232421875 947.583129882812 960.789123535156 957.283081054688 957.437377929688 953.906616210938 947.092834472656 946.027526855469 948.287719726562 957.807800292969 954.635925292969 956.98876953125 964.135070800781 961.580322265625 964.814697265625 961.543640136719 964.151794433594 958.541381835938 953.370483398438 967.122802734375 965.000671386719 966.277954101562 960.201904296875 967.017395019531 967.238037109375 965.247253417969 976.696166992188 969.891418457031 972.232299804688 975.252624511719 990.079711914062
954.862182617188 963.372497558594 959.711059570312 956.436645507812 950.322814941406 951.994323730469 956.106628417969 949.379638671875 947.679992675781 946.297302246094 946.016845703125 945.031372070312 949.247436523438 948.833129882812 950.59228515625 952.747802734375 947.308776855469 955.957336425781 956.161682128906 964.521789550781 962.850952148438 957.445373535156 955.634948730469 953.321044921875 956.737731933594 960.843200683594 959.900634765625 969.194213867188 964.425415039062 966.488464355469 966.475036621094 961.386596679688 964.409912109375 964.212646484375 970.231201171875 966.715698242188 967.505920410156 972.764404296875 963.547912597656 963.410034179688 961.600646972656 962.671936035156 971.927734375 976.160949707031 973.477844238281 988.9384765625
963.643127441406 966.961608886719 961.229125976562 955.339050292969 943.328063964844 934.447631835938 936.406982421875 946.260314941406 944.099670410156 946.622253417969 951.8515625 944.568359375 950.965270996094 957.240051269531 953.415710449219 956.177490234375 953.003601074219 962.442932128906 956.081359863281 963.698669433594 960.618713378906 962.24755859375 961.2841796875 963.366394042969 958.720031738281 960.613098144531 972.473876953125 974.166076660156 966.006591796875 971.859558105469 971.847717285156 966.358947753906 967.259704589844 973.366821289062 967.095581054688 963.856323242188 970.777160644531 967.808227539062 969.78173828125 962.787963867188 961.241516113281 961.08251953125 968.918640136719 975.614013671875 975.968322753906 990.056335449219
962.923278808594 956.260803222656 959.344055175781 956.953735351562 952.583190917969 940.602478027344 936.366149902344 949.287963867188 947.252563476562 946.254455566406 944.361206054688 954.49658203125 952.266235351562 963.396545410156 962.209411621094 961.479064941406 956.662475585938 955.97265625 959.817199707031 950.932434082031 960.610534667969 967.534545898438 960.899047851562 959.619873046875 956.585998535156 959.309814453125 959.046203613281 970.733825683594 971.180236816406 965.991088867188 965.408081054688 969.755554199219 976.189331054688 976.956420898438 970.963256835938 976.9150390625 970.104248046875 968.766235351562 974.236877441406 958.381958007812 962.041687011719 975.492919921875 969.189819335938 972.364440917969 969.057800292969 980.788635253906
970.322265625 960.208435058594 957.331970214844 960.093811035156 959.309997558594 945.317687988281 945.678283691406 938.251281738281 939.774719238281 938.075927734375 949.350219726562 954.302429199219 959.810607910156 969.833923339844 974.105163574219 964.147399902344 963.157470703125 957.043212890625 960.667053222656 951.6572265625 957.572143554688 961.092224121094 964.829528808594 962.657775878906 960.285461425781 958.569030761719 968.0400390625 966.731811523438 968.313537597656 970.861694335938 964.447570800781 967.735900878906 968.03076171875 971.538024902344 972.624572753906 983.362976074219 974.156372070312 967.327392578125 969.205017089844 972.748107910156 964.107116699219 967.954345703125 971.893127441406 970.032470703125 971.114501953125 964.172180175781
961.906433105469 962.193664550781 959.387939453125 959.783081054688 960.171813964844 949.920837402344 946.478149414062 940.122009277344 935.369567871094 938.161071777344 948.243530273438 950.68603515625 960.898315429688 964.084716796875 979.175964355469 968.737060546875 964.114379882812 961.030944824219 964.870910644531 963.704956054688 962.413208007812 965.636291503906 969.748291015625 965.905578613281 966.518432617188 972.911499023438 968.298706054688 967.326782226562 970.734680175781 967.390258789062 961.6904296875 960.853637695312 965.877624511719 968.751037597656 976.711303710938 985.786499023438 983.042419433594 975.464172363281 985.881103515625 986.508850097656 977.128845214844 982.802856445312 972.214599609375 975.145751953125 975.340026855469 973.648986816406
981.738525390625 974.273376464844 966.150451660156 961.758728027344 959.277282714844 952.182495117188 949.00927734375 944.431945800781 932.529846191406 939.83203125 950.01513671875 950.924011230469 960.477478027344 970.330505371094 974.6572265625 976.886291503906 968.903625488281 965.272521972656 961.749755859375 961.760681152344 963.823059082031 965.202819824219 964.70263671875 965.778442382812 969.246520996094 972.385131835938 974.646179199219 969.012023925781 970.412353515625 960.601623535156 959.65478515625 971.565612792969 970.155151367188 963.334411621094 972.728820800781 988.022094726562 986.803833007812 983.070739746094 988.055236816406 988.376281738281 989.44775390625 988.245178222656 976.833129882812 980.497924804688 978.146118164062 968.295776367188
988.929748535156 979.189331054688 973.180786132812 958.274353027344 960.428527832031 946.844604492188 943.833312988281 938.907348632812 940.725463867188 950.590026855469 951.476196289062 958.672424316406 963.642578125 976.027893066406 973.84619140625 983.393249511719 970.778198242188 967.105102539062 956.898315429688 957.337341308594 967.220764160156 968.567749023438 964.405822753906 962.842224121094 967.408813476562 968.817199707031 973.044189453125 969.551452636719 965.09228515625 959.497985839844 956.495483398438 969.59423828125 972.071411132812 963.159362792969 980.329223632812 990.315063476562 982.277526855469 982.197509765625 988.880004882812 993.064758300781 989.591918945312 989.774047851562 983.258972167969 978.851928710938 972.941528320312 970.247863769531
978.532104492188 975.409301757812 978.943359375 959.129150390625 958.512817382812 962.343322753906 944.492919921875 950.554504394531 949.307800292969 951.742736816406 963.910705566406 968.736206054688 967.592224121094 971.513916015625 976.747436523438 969.599304199219 975.053283691406 975.333984375 972.080017089844 970.661437988281 967.210388183594 964.601684570312 969.585266113281 976.660583496094 972.639770507812 973.157287597656 972.378723144531 972.932434082031 960.032348632812 952.688537597656 957.554382324219 968.268310546875 969.697021484375 967.45263671875 977.705261230469 981.807373046875 984.093627929688 984.109375 984.686279296875 984.321166992188 981.787109375 985.307006835938 977.464904785156 980.193237304688 975.486938476562 977.742980957031
984.611206054688 973.686889648438 962.920654296875 953.93505859375 954.666748046875 954.951049804688 954.608825683594 948.177001953125 948.040771484375 951.093505859375 962.262756347656 972.485290527344 973.050231933594 969.385681152344 972.065368652344 973.226684570312 974.437316894531 974.403564453125 976.863342285156 979.581176757812 974.71826171875 975.232177734375 982.286437988281 985.211303710938 981.403869628906 975.730712890625 974.445495605469 971.9482421875 960.333557128906 960.508728027344 957.977416992188 963.689208984375 972.945007324219 968.87841796875 974.476196289062 974.64111328125 975.689453125 981.179626464844 983.005554199219 980.381774902344 978.631652832031 979.4658203125 970.525817871094 970.250854492188 984.066467285156 979.378051757812
986.76171875 980.1005859375 967.170043945312 965.3291015625 949.683898925781 959.173522949219 956.132080078125 949.836120605469 951.702514648438 948.6103515625 961.607116699219 972.00390625 968.325561523438 963.355895996094 960.013000488281 961.319030761719 967.24755859375 974.426330566406 975.464538574219 980.756591796875 977.076843261719 978.08837890625 986.480163574219 990.981506347656 982.153076171875 978.533142089844 973.098510742188 972.815551757812 970.545776367188 956.924743652344 953.517456054688 963.70556640625 964.104614257812 967.557434082031 967.841979980469 970.028991699219 981.685302734375 983.341674804688 976.684875488281 983.085754394531 980.431335449219 987.262756347656 973.196655273438 974.640625 973.803833007812 970.722534179688
984.328674316406 976.385375976562 976.783081054688 964.170043945312 956.988403320312 952.787841796875 954.12353515625 949.837585449219 948.690856933594 953.974243164062 966.807983398438 974.893249511719 968.725036621094 959.480224609375 965.5009765625 964.653137207031 971.628662109375 965.690795898438 973.939758300781 974.228637695312 985.699157714844 978.228210449219 986.805603027344 979.311767578125 973.302062988281 973.060668945312 977.601440429688 977.631774902344 974.275451660156 965.993041992188 963.168090820312 964.923461914062 968.855895996094 970.975158691406 975.281555175781 971.007568359375 985.052307128906 972.860595703125 981.272644042969 981.812561035156 982.541137695312 983.749328613281 980.565246582031 972.6142578125 974.541137695312 970.522338867188
978.702758789062 974.732543945312 971.496765136719 968.04150390625 953.178649902344 951.183349609375 956.927673339844 954.58984375 961.24462890625 959.63037109375 971.864929199219 971.528076171875 966.361755371094 973.813598632812 970.959350585938 971.650756835938 968.717041015625 966.867614746094 962.272338867188 970.927551269531 971.304504394531 972.092102050781 974.945983886719 986.067749023438 978.525695800781 973.3740234375 978.877807617188 972.133850097656 980.224243164062 981.432434082031 975.8505859375 973.458984375 972.980163574219 971.993957519531 975.808837890625 976.911926269531 976.39697265625 968.428771972656 976.07470703125 982.799194335938 980.661010742188 989.819885253906 984.364990234375 970.27490234375 967.038879394531 968.21142578125
