data/zlatibor_dem_simulations/DEMsim18.asc
NCOLS 150
NROWS 100
XLLCORNER 7394249
YLLCORNER 4841999
CELLSIZE 30
NODATA_VALUE -9999
[rows 20 to 39 of 100, columns 92 to 137 of 150]
993.844909667969 997.494079589844 1000.53179931641 1002.98712158203 996.67724609375 990.678405761719 987.927490234375 985.375915527344 981.307495117188 983.197021484375 987.764587402344 994.900756835938 996.133483886719 991.943176269531 990.024963378906 970.568481445312 971.092651367188 968.924865722656 969.185424804688 954.859436035156 943.820739746094 946.805053710938 940.301513671875 929.136657714844 933.183532714844 945.528625488281 942.897827148438 948.003356933594 956.468078613281 968.815124511719 984.712158203125 988.529663085938 1001.79656982422 1017.14697265625 1022.89208984375 1027.95202636719 1031.03967285156 1034.16235351562 1040.40686035156 1049.60827636719 1052.18786621094 1065.49499511719 1059.69213867188 1063.57385253906 1057.21142578125 1060.52600097656
1005.82641601562 1008.48712158203 1012.96520996094 1017.78942871094 1007.91284179688 1006.81140136719 999.244262695312 996.238830566406 1000.89758300781 1001.84326171875 997.944274902344 997.397155761719 994.81201171875 989.684936523438 987.326354980469 974.488952636719 972.637023925781 967.610656738281 961.147583007812 959.4755859375 949.410278320312 945.219909667969 946.217041015625 933.693054199219 940.120544433594 940.149536132812 950.76708984375 962.396423339844 957.362976074219 963.652221679688 977.207763671875 987.157470703125 1007.70043945312 1018.74005126953 1025.13830566406 1035.60388183594 1031.302734375 1036.24328613281 1038.29760742188 1050.17468261719 1054.96960449219 1060.2841796875 1061.86633300781 1050.38000488281 1048.48754882812 1054.09033203125
1014.85278320312 1017.60369873047 1027.66235351562 1025.50231933594 1028.02600097656 1020.70080566406 1015.08740234375 1007.11761474609 1002.73065185547 999.628356933594 995.006530761719 980.653137207031 997.058410644531 988.232116699219 990.937133789062 991.577392578125 984.535888671875 975.717102050781 967.762939453125 948.565124511719 956.56005859375 953.994323730469 962.139221191406 947.527465820312 945.478088378906 952.125 958.254272460938 973.414489746094 974.960632324219 971.796264648438 971.937133789062 993.348327636719 1015.31256103516 1020.30535888672 1029.84899902344 1045.04162597656 1029.08532714844 1039.14208984375 1041.30712890625 1043.44604492188 1044.10144042969 1061.86511230469 1062.9853515625 1054.15783691406 1046.10388183594 1053.54711914062
1021.51910400391 1014.15979003906 1022.68896484375 1029.21704101562 1030.611328125 1027.01489257812 1016.10015869141 1012.54058837891 1009.34997558594 1009.80450439453 1004.10595703125 995.669555664062 1005.48571777344 1000.78961181641 1003.86584472656 990.782836914062 982.045471191406 983.532653808594 971.199096679688 963.107177734375 957.967956542969 953.23388671875 958.698913574219 958.756042480469 951.134643554688 954.990295410156 967.35009765625 979.026306152344 976.94921875 984.695556640625 986.820495605469 1001.46044921875 1017.88153076172 1029.07287597656 1038.20922851562 1037.58276367188 1042.728515625 1050.56713867188 1040.72131347656 1052.49182128906 1044.82336425781 1055.80285644531 1065.32189941406 1052.69616699219 1056.65893554688 1049.31335449219
1019.70971679688 1019.92175292969 1020.46240234375 1031.19592285156 1037.96752929688 1026.48657226562 1015.64880371094 1009.23583984375 1003.89953613281 1006.03265380859 1005.49407958984 1002.96411132812 1007.85406494141 1007.48516845703 1012.85235595703 997.4453125 988.666931152344 976.547424316406 976.692565917969 966.657653808594 959.392211914062 956.937927246094 955.422058105469 962.289672851562 966.228454589844 971.10009765625 982.5048828125 995.874267578125 996.828186035156 995.354248046875 993.845947265625 1004.90679931641 1020.02313232422 1036.18420410156 1040.89660644531 1036.39001464844 1043.18530273438 1044.86975097656 1047.48449707031 1046.57434082031 1051.17626953125 1047.82409667969 1042.53857421875 1040.52722167969 1058.90148925781 1055.11315917969
1005.02545166016 1017.15295410156 1026.16931152344 1022.76806640625 1028.21203613281 1022.80560302734 1024.35278320312 1008.40759277344 1008.94848632812 1005.46917724609 1001.00909423828 1006.39447021484 1007.51422119141 1007.80987548828 1007.36065673828 994.728759765625 989.826965332031 984.70166015625 971.264465332031 964.930541992188 958.414855957031 946.663330078125 947.153076171875 955.392944335938 962.610534667969 972.806030273438 984.710876464844 989.724975585938 992.560546875 994.060791015625 1004.89758300781 1017.96643066406 1032.98742675781 1039.95959472656 1053.93798828125 1043.55615234375 1040.85546875 1056.18957519531 1048.30700683594 1043.75061035156 1044.51428222656 1034.88427734375 1042.28210449219 1041.14538574219 1044.24096679688 1048.29345703125
1002.44140625 1010.05822753906 1013.2763671875 1013.21752929688 1022.79888916016 1028.65502929688 1022.59265136719 1021.62701416016 1018.18939208984 1012.95794677734 1005.76635742188 1002.42468261719 1001.94281005859 1008.76159667969 1003.06286621094 996.172302246094 991.377014160156 981.9716796875 966.4453125 964.732238769531 949.383972167969 942.456298828125 937.052307128906 953.618041992188 961.768188476562 973.400756835938 990.011901855469 995.551147460938 997.994079589844 1002.58551025391 1011.78759765625 1020.58612060547 1023.63891601562 1036.26245117188 1039.02502441406 1038.11267089844 1045.91528320312 1050.06921386719 1047.72888183594 1041.23828125 1043.25708007812 1042.26220703125 1037.47802734375 1041.75 1040.94104003906 1041.40515136719
1003.99554443359 1013.99304199219 1010.14904785156 1014.28845214844 1018.35992431641 1019.71136474609 1017.68823242188 1014.04663085938 1009.09191894531 1013.07061767578 1002.55285644531 999.688842773438 997.655395507812 1005.87951660156 1004.52514648438 995.573852539062 990.468688964844 981.4404296875 965.858337402344 959.957702636719 946.301330566406 940.762756347656 941.921997070312 949.296875 962.586853027344 972.184631347656 984.289733886719 1000.38525390625 1006.5791015625 1013.52252197266 1022.37493896484 1019.43048095703 1030.36779785156 1031.5830078125 1034.43542480469 1044.98974609375 1052.51513671875 1054.69909667969 1051.60546875 1043.83642578125 1043.83264160156 1043.46105957031 1040.98107910156 1043.53039550781 1041.60021972656 1038.76293945312
1011.68151855469 1016.33813476562 1010.58746337891 1014.11804199219 1015.59326171875 1028.49938964844 1022.87994384766 1017.03991699219 1017.36383056641 1017.73480224609 1010.99572753906 995.505187988281 994.751953125 1006.18505859375 1002.70843505859 998.034240722656 993.980895996094 980.860168457031 972.15087890625 955.911804199219 946.501831054688 940.833557128906 947.68408203125 946.8798828125 959.4658203125 969.207641601562 976.898803710938 1000.61334228516 1006.44366455078 1015.97583007812 1025.93298339844 1029.56945800781 1037.88073730469 1032.86840820312 1040.58923339844 1046.41223144531 1054.68298339844 1055.05981445312 1053.60095214844 1049.52368164062 1046.07836914062 1047.04260253906 1045.52075195312 1038.88049316406 1033.123046875 1037.84753417969
1028.0703125 1017.84039306641 1015.05847167969 1017.67828369141 1015.38403320312 1021.72155761719 1022.39025878906 1009.85125732422 1011.04150390625 1012.22570800781 1012.20397949219 1003.84234619141 1002.57861328125 1006.57019042969 1007.68395996094 1008.51507568359 1003.56512451172 990.828918457031 977.366271972656 963.40869140625 950.761108398438 936.522033691406 939.299011230469 946.537841796875 956.991455078125 970.516479492188 974.516845703125 997.335388183594 1011.02880859375 1016.82989501953 1027.98742675781 1027.86987304688 1021.92059326172 1026.83740234375 1034.07055664062 1043.6630859375 1045.10485839844 1051.43615722656 1057.05053710938 1042.52819824219 1041.78161621094 1042.60803222656 1034.17346191406 1034.61962890625 1034.02587890625 1036.25231933594
1021.65496826172 1022.65063476562 1017.81683349609 1019.72924804688 1023.95184326172 1021.16857910156 1006.40545654297 1004.85223388672 1008.88977050781 1015.55725097656 1008.33532714844 1003.56146240234 1001.25500488281 1009.044921875 1002.83837890625 1000.38909912109 1003.93304443359 984.785278320312 976.447631835938 964.056396484375 942.674865722656 948.521728515625 949.526489257812 956.525573730469 961.603942871094 972.443542480469 980.413696289062 993.896911621094 1005.04107666016 1012.90600585938 1018.70648193359 1025.39379882812 1020.35076904297 1025.35290527344 1032.25732421875 1033.06335449219 1045.05834960938 1039.26391601562 1039.51208496094 1037.65637207031 1034.64123535156 1028.93432617188 1026.07861328125 1030.19665527344 1025.91711425781 1028.04699707031
1023.48809814453 1019.25518798828 1019.50091552734 1018.19506835938 1021.96197509766 1015.01470947266 1008.06396484375 1007.14819335938 1010.81005859375 1006.14331054688 1004.73388671875 998.474792480469 1006.5771484375 1015.13629150391 1007.55603027344 997.409484863281 995.766845703125 989.289001464844 977.408325195312 970.316284179688 956.883117675781 947.1181640625 952.393981933594 957.022888183594 970.825866699219 974.426330566406 990.893371582031 995.754577636719 1000.78466796875 1009.09729003906 1005.71911621094 1010.10394287109 1016.22491455078 1021.69781494141 1024.43884277344 1029.49682617188 1030.57604980469 1038.04418945312 1036.98852539062 1028.61987304688 1019.70257568359 1017.33465576172 1024.08215332031 1025.34484863281 1036.27746582031 1029.00708007812
1021.52117919922 1017.13049316406 1017.00122070312 1007.92242431641 1013.67272949219 1002.30151367188 1000.64221191406 1001.16058349609 1000.46459960938 1009.22802734375 1003.87249755859 995.999572753906 1008.67022705078 1009.35931396484 1001.38134765625 998.796997070312 993.922241210938 988.340148925781 976.7236328125 973.890930175781 961.837341308594 949.686340332031 945.895874023438 954.742980957031 960.910949707031 979.715026855469 989.666564941406 993.18212890625 997.634765625 1001.712890625 1001.50152587891 1004.56652832031 1006.33508300781 1017.68432617188 1014.55133056641 1020.50250244141 1028.27258300781 1024.38635253906 1023.65557861328 1024.23181152344 1004.74554443359 1013.89166259766 1016.19110107422 1022.71606445312 1021.4775390625 1025.38623046875
1016.33929443359 1010.02136230469 1004.81201171875 1006.94323730469 1008.22192382812 997.264099121094 998.123352050781 1007.11724853516 1004.29553222656 1011.791015625 1005.52014160156 1008.26312255859 1000.36688232422 1007.45367431641 1001.52600097656 997.876708984375 998.000610351562 987.809326171875 985.402160644531 984.142395019531 972.264343261719 962.53076171875 964.135864257812 967.744262695312 962.9306640625 981.329956054688 981.935852050781 988.782287597656 1000.89331054688 997.898681640625 1003.1884765625 1002.80432128906 1001.94226074219 1018.154296875 1010.51892089844 1014.04180908203 1011.23315429688 1017.00415039062 1018.63739013672 1020.51177978516 1010.77545166016 1015.06463623047 1012.00183105469 1019.68005371094 1011.67242431641 1030.21118164062
1009.66534423828 1009.28051757812 1006.05535888672 1010.33605957031 1007.12036132812 997.175720214844 987.332824707031 1002.25317382812 991.270874023438 1004.23724365234 997.381591796875 999.840148925781 994.354125976562 1000.90338134766 996.0634765625 995.377807617188 994.443908691406 989.672424316406 986.463684082031 990.323547363281 989.767944335938 974.704223632812 973.667053222656 975.057983398438 971.686645507812 974.446960449219 990.716857910156 982.765869140625 988.213745117188 988.380126953125 990.093200683594 1002.95837402344 1003.97436523438 1008.01470947266 1003.11505126953 997.901916503906 1001.80859375 1010.37084960938 1017.62268066406 1016.14514160156 1014.68640136719 1013.97222900391 1019.13360595703 1014.53424072266 1019.24731445312 1026.34228515625
1009.68627929688 1010.84143066406 998.110168457031 1008.27990722656 1006.08972167969 1000.47058105469 989.343200683594 984.968444824219 989.510314941406 999.047302246094 996.4150390625 989.586791992188 996.041076660156 997.881591796875 1001.80718994141 999.866577148438 996.927001953125 992.465576171875 999.143371582031 1001.5947265625 993.65234375 978.759155273438 981.386779785156 981.192138671875 984.319885253906 992.100952148438 988.657104492188 992.969604492188 985.645812988281 985.770324707031 988.2685546875 992.051147460938 998.64501953125 1000.66802978516 1004.82769775391 1003.86926269531 1005.38537597656 1008.78356933594 1016.27880859375 1025.87890625 1015.025390625 1008.29052734375 1015.04870605469 1016.68817138672 1015.90972900391 1031.28393554688
1004.873046875 1006.28143310547 990.187316894531 990.025024414062 996.186584472656 1001.19714355469 1000.09490966797 998.756958007812 998.708435058594 995.887512207031 1000.57543945312 993.678161621094 996.326293945312 997.647277832031 1000.03802490234 996.013061523438 992.815673828125 991.818725585938 996.860961914062 999.073303222656 998.658874511719 987.971008300781 988.089965820312 991.068786621094 985.279541015625 993.528869628906 992.606384277344 997.59912109375 998.161193847656 989.118591308594 991.587280273438 988.444885253906 994.523986816406 1000.59240722656 1002.16461181641 997.86181640625 1009.13562011719 1011.93237304688 1011.96459960938 1017.28527832031 1020.48229980469 1017.95465087891 1012.29364013672 1019.62249755859 1022.68823242188 1029.56262207031
1004.13366699219 1001.84594726562 991.3173828125 981.208984375 989.80322265625 993.693176269531 993.711059570312 994.925231933594 1010.76275634766 995.267944335938 992.235717773438 987.638549804688 987.217102050781 993.904602050781 995.196166992188 1000.15338134766 992.36865234375 989.850341796875 1001.05511474609 1008.07073974609 1002.68231201172 997.209533691406 996.462646484375 993.89501953125 996.657409667969 1002.50030517578 997.782592773438 995.999938964844 999.155395507812 988.835083007812 991.291015625 989.803833007812 997.336669921875 1003.13836669922 1002.02270507812 1002.80120849609 1008.85571289062 1015.2138671875 1009.76708984375 1020.27752685547 1015.40594482422 1015.72290039062 1013.55444335938 1014.55090332031 1023.98547363281 1030.53234863281
1010.22448730469 999.606811523438 991.728454589844 987.948303222656 988.769226074219 998.6396484375 1001.41467285156 997.678771972656 1004.314453125 995.383422851562 989.811584472656 987.798522949219 984.372192382812 992.310424804688 1002.99816894531 998.119323730469 991.504211425781 1002.83355712891 1005.75274658203 1001.45031738281 1003.21423339844 998.688903808594 991.813293457031 989.959106445312 987.662109375 997.117736816406 1001.41046142578 995.40087890625 998.086975097656 998.912170410156 999.049011230469 1002.21807861328 994.974243164062 997.283569335938 1001.71820068359 1003.54144287109 1005.45959472656 1006.76232910156 1010.55487060547 1023.01116943359 1015.93273925781 1021.82843017578 1016.91314697266 1017.55871582031 1026.11682128906 1032.17907714844
999.221069335938 993.197998046875 987.617492675781 981.782348632812 992.962097167969 993.182250976562 996.54833984375 992.20068359375 989.8388671875 992.535034179688 992.601989746094 982.949096679688 985.980102539062 991.800537109375 987.165283203125 996.991638183594 998.443603515625 999.790283203125 1004.92181396484 994.706115722656 997.640380859375 998.619995117188 995.702941894531 992.37451171875 995.418334960938 998.974487304688 1000.33605957031 999.578552246094 994.1689453125 995.683776855469 994.784240722656 1000.39685058594 1004.59375 1008.25280761719 1002.13482666016 1004.66137695312 1002.46154785156 1006.88885498047 1012.40899658203 1022.76391601562 1013.09393310547 1021.9208984375 1026.34191894531 1033.76806640625 1036.71923828125 1050.21618652344
