data/zlatibor_dem_simulations/DEMsim59.asc
NCOLS 150
NROWS 100
XLLCORNER 7394249
YLLCORNER 4841999
CELLSIZE 30
NODATA_VALUE -9999
[rows 40 to 59 of 100, columns 46 to 91 of 150]
971.174926757812 971.492248535156 972.038635253906 981.067138671875 991.53759765625 974.538452148438 969.564697265625 975.629516601562 974.223022460938 969.936889648438 966.160278320312 955.175842285156 958.281616210938 965.466552734375 975.28076171875 975.247192382812 984.688781738281 983.14208984375 983.893249511719 985.235778808594 980.460815429688 969.189392089844 974.293029785156 973.847351074219 963.268920898438 959.170349121094 956.21044921875 973.143981933594 973.80029296875 974.723266601562 976.649963378906 967.8310546875 973.571960449219 987.613891601562 990.125 987.112915039062 993.375122070312 993.561584472656 985.6943359375 996.888610839844 995.426696777344 997.369323730469 986.870361328125 995.238342285156 991.140014648438 989.81298828125
971.856811523438 972.171203613281 970.9228515625 978.38134765625 972.5634765625 974.010803222656 970.215515136719 973.961669921875 977.368896484375 968.826416015625 966.864135742188 955.3447265625 956.145263671875 964.39306640625 959.969482421875 964.338195800781 974.52685546875 982.159912109375 979.477722167969 978.247741699219 975.451904296875 974.171752929688 973.750854492188 972.379760742188 964.205810546875 954.888366699219 965.055847167969 971.704406738281 969.826232910156 974.053771972656 965.108703613281 973.304992675781 978.563598632812 976.11767578125 987.591979980469 983.779541015625 989.348205566406 986.522338867188 986.125915527344 992.950073242188 992.425842285156 991.715454101562 988.98291015625 987.609985351562 990.242919921875 979.169311523438
972.279174804688 970.223022460938 967.241088867188 972.504638671875 970.606018066406 971.660949707031 978.437805175781 978.391845703125 976.337646484375 967.590209960938 967.346252441406 964.379699707031 960.424011230469 958.636291503906 966.817810058594 966.511596679688 972.466064453125 977.655212402344 978.205078125 982.843200683594 978.51220703125 979.463134765625 981.309265136719 982.863342285156 977.953125 977.603515625 968.035827636719 969.534973144531 965.407409667969 962.613220214844 968.757995605469 972.393981933594 981.83935546875 980.9990234375 982.56591796875 984.5908203125 990.616577148438 984.850280761719 983.796142578125 989.681884765625 988.96142578125 987.18505859375 984.719177246094 987.512084960938 984.748840332031 987.044067382812
968.444152832031 969.966796875 967.364929199219 975.533386230469 967.552185058594 971.236450195312 962.433044433594 967.126342773438 972.314453125 970.921997070312 969.651733398438 968.366821289062 970.726440429688 968.963806152344 976.639038085938 983.431091308594 983.281616210938 979.061401367188 981.817016601562 980.825866699219 983.778442382812 991.067810058594 989.598937988281 981.823120117188 977.883483886719 973.44775390625 969.806884765625 965.310729980469 964.010559082031 966.947204589844 967.653991699219 980.516662597656 983.494384765625 982.572509765625 978.742492675781 979.526489257812 979.914733886719 978.816772460938 981.014526367188 972.01171875 983.499938964844 982.398010253906 976.137512207031 974.686950683594 979.915588378906 978.484436035156
965.488891601562 969.864929199219 968.773681640625 976.966735839844 967.633911132812 966.876892089844 968.589538574219 967.338745117188 970.464172363281 968.199645996094 967.759826660156 979.111389160156 975.806701660156 976.224609375 978.858520507812 976.261108398438 973.114074707031 978.807189941406 975.525451660156 975.838012695312 982.154846191406 987.272888183594 989.6611328125 982.581115722656 984.959167480469 972.385131835938 964.707092285156 963.475219726562 969.489807128906 966.534362792969 971.878967285156 977.851318359375 981.972534179688 980.406372070312 974.675537109375 968.170104980469 966.355041503906 975.595153808594 971.320556640625 975.763610839844 972.791137695312 974.224853515625 982.343383789062 983.102111816406 977.787109375 971.633544921875
967.821533203125 969.075866699219 966.204833984375 966.546875 971.468017578125 977.423889160156 973.97021484375 965.892333984375 972.924926757812 969.760009765625 980.975158691406 978.70361328125 981.094299316406 981.465270996094 978.931579589844 969.668701171875 974.755126953125 971.254028320312 976.235168457031 978.772033691406 972.96630859375 975.682800292969 986.908386230469 981.025451660156 976.063232421875 973.547668457031 969.102905273438 974.922668457031 970.302124023438 972.91845703125 975.787780761719 973.666442871094 977.715087890625 970.2001953125 974.092895507812 975.210388183594 964.065795898438 962.469848632812 966.735961914062 968.05810546875 963.410278320312 966.8662109375 977.332885742188 975.283813476562 977.317077636719 969.290710449219
959.101745605469 967.869689941406 969.910888671875 972.288452148438 966.545776367188 969.496948242188 960.996215820312 963.4521484375 962.135437011719 976.377014160156 980.30517578125 972.20751953125 971.730224609375 973.599487304688 972.784606933594 968.701293945312 969.843322753906 968.191589355469 968.891967773438 966.888977050781 980.675476074219 972.794311523438 974.84716796875 969.790954589844 973.827819824219 967.843017578125 971.771057128906 978.648559570312 976.934326171875 971.103210449219 977.924072265625 970.878173828125 970.3046875 968.125915527344 966.930725097656 972.9287109375 970.179138183594 964.029907226562 968.364501953125 963.129150390625 970.362854003906 969.497009277344 969.721557617188 973.977661132812 973.711853027344 970.776550292969
962.348510742188 972.146179199219 976.198364257812 974.949829101562 970.344665527344 971.126342773438 965.395263671875 967.548522949219 965.004272460938 975.702331542969 976.488403320312 974.680847167969 974.922302246094 983.410522460938 973.08251953125 973.292602539062 971.756408691406 971.87939453125 967.947387695312 971.79541015625 972.286926269531 970.335021972656 966.791198730469 976.492065429688 973.088500976562 963.596801757812 970.484375 966.310729980469 975.171203613281 975.779907226562 974.832641601562 969.283203125 963.625915527344 971.405334472656 973.134887695312 964.38720703125 968.0634765625 969.370178222656 976.635559082031 969.55712890625 967.328857421875 966.038024902344 975.946960449219 978.851257324219 977.893798828125 971.923156738281
970.554016113281 974.979736328125 970.329650878906 969.698181152344 973.876159667969 973.093933105469 975.848510742188 977.6240234375 967.868347167969 973.27978515625 973.384399414062 970.062438964844 975.14501953125 979.335205078125 974.739807128906 977.005126953125 981.986022949219 971.988159179688 969.231506347656 964.491638183594 964.328125 974.329772949219 969.670471191406 969.78369140625 967.193908691406 960.722412109375 967.83544921875 962.122680664062 960.90966796875 963.581726074219 962.935974121094 978.039428710938 968.158569335938 971.905029296875 975.655212402344 962.1455078125 968.347351074219 966.415893554688 970.731506347656 968.304931640625 960.067138671875 959.802368164062 967.614501953125 973.618530273438 974.712585449219 974.948425292969
970.3525390625 980.368835449219 966.064819335938 961.771179199219 965.023742675781 969.985046386719 975.619079589844 968.602294921875 966.105285644531 966.4921875 965.88525390625 969.83642578125 987.555786132812 978.66455078125 969.437927246094 965.851257324219 964.19384765625 967.908264160156 970.715759277344 964.191345214844 961.24365234375 964.855712890625 967.745483398438 971.150573730469 973.900573730469 962.80908203125 965.532958984375 958.848449707031 956.875183105469 951.451049804688 961.102233886719 965.890014648438 974.515441894531 971.314758300781 977.854370117188 976.851745605469 969.134643554688 960.294006347656 962.115966796875 964.844055175781 972.162780761719 973.5419921875 968.844787597656 966.925354003906 975.0595703125 967.1005859375
974.293823242188 962.677673339844 960.942810058594 958.278015136719 964.512512207031 970.152465820312 967.973815917969 967.366577148438 960.531311035156 961.194152832031 967.058715820312 976.232482910156 972.660949707031 970.705688476562 963.434692382812 960.212463378906 966.75830078125 962.524780273438 957.617919921875 967.432556152344 963.927124023438 970.242431640625 967.305358886719 970.080749511719 971.470764160156 970.674377441406 971.950927734375 962.146240234375 956.76904296875 953.882995605469 961.471618652344 969.549499511719 970.814697265625 971.983215332031 969.019958496094 972.105712890625 966.518371582031 967.232299804688 971.255981445312 967.4189453125 970.990234375 966.152099609375 970.681701660156 974.011108398438 973.802795410156 971.270935058594
966.854431152344 956.837097167969 947.042846679688 952.105529785156 959.067077636719 961.875122070312 962.082458496094 963.396484375 970.699157714844 965.021484375 972.769409179688 973.283813476562 971.250366210938 967.953430175781 963.265502929688 956.653137207031 958.119262695312 958.823669433594 951.892639160156 961.060241699219 963.9208984375 968.195434570312 973.219848632812 962.225402832031 963.871520996094 965.911315917969 967.673461914062 959.817504882812 962.400329589844 959.254760742188 959.008850097656 967.899475097656 962.360534667969 963.272399902344 963.644897460938 966.653015136719 966.370910644531 971.682922363281 972.484191894531 969.781921386719 976.140563964844 967.954772949219 967.716918945312 979.383117675781 972.429565429688 973.135803222656
955.02197265625 949.260498046875 959.011535644531 943.20458984375 952.095947265625 955.370666503906 961.21142578125 961.100891113281 961.680969238281 966.506530761719 968.192199707031 973.421630859375 966.341003417969 958.133605957031 949.731384277344 956.581787109375 960.662170410156 953.205383300781 952.209289550781 955.401062011719 957.165832519531 958.678955078125 965.271423339844 962.967956542969 955.498779296875 962.401489257812 966.889831542969 969.167907714844 959.329345703125 966.321228027344 960.172546386719 969.36376953125 960.689331054688 959.791564941406 959.203247070312 971.60986328125 978.231079101562 988.207092285156 976.03125 977.783447265625 970.571105957031 965.064453125 974.702270507812 974.163391113281 967.664306640625 979.370971679688
958.1630859375 952.202209472656 952.649475097656 947.17041015625 952.344848632812 955.537475585938 953.322937011719 961.647338867188 963.442504882812 958.983093261719 963.842651367188 964.370422363281 962.413513183594 957.58544921875 952.486267089844 955.9560546875 954.344543457031 949.628479003906 958.760131835938 952.808837890625 951.147033691406 956.531372070312 957.432250976562 957.345642089844 954.656188964844 962.483093261719 966.989685058594 958.083679199219 962.197265625 954.970031738281 958.768249511719 962.089294433594 966.951293945312 960.444641113281 966.876708984375 974.808715820312 985.162536621094 992.510009765625 979.219848632812 980.957824707031 976.496765136719 968.403869628906 965.076110839844 973.230529785156 978.461791992188 977.930603027344
953.186401367188 950.859924316406 954.411926269531 949.887939453125 950.769287109375 942.693359375 947.204223632812 966.199768066406 964.170654296875 963.255249023438 963.326110839844 957.791381835938 958.793090820312 955.3330078125 958.36962890625 964.092407226562 952.317626953125 961.503662109375 953.198852539062 954.809265136719 958.743347167969 953.007019042969 951.359375 949.567810058594 954.50634765625 964.421630859375 960.020874023438 953.226623535156 952.963439941406 963.513061523438 964.681579589844 960.975463867188 967.723083496094 957.929321289062 970.514465332031 966.694946289062 974.568908691406 977.897583007812 969.015197753906 971.865112304688 968.369201660156 968.611328125 976.608276367188 970.783996582031 972.444641113281 977.020690917969
951.218139648438 944.064270019531 949.407043457031 945.998596191406 947.902587890625 941.753662109375 944.861633300781 958.73681640625 960.478515625 962.925415039062 959.646301269531 958.692687988281 955.407836914062 948.568176269531 952.831481933594 965.029968261719 955.245422363281 950.764099121094 953.722106933594 960.702026367188 961.787475585938 958.287109375 957.963439941406 948.656005859375 956.574096679688 959.053649902344 956.203125 962.3251953125 954.092346191406 962.04833984375 969.27734375 955.369384765625 961.005798339844 957.690979003906 964.917907714844 973.546630859375 965.230102539062 971.889770507812 969.918395996094 972.6669921875 962.877075195312 967.028198242188 975.713317871094 974.621154785156 972.728942871094 971.955627441406
957.908325195312 955.739685058594 954.50244140625 946.051696777344 940.230590820312 937.630065917969 931.4931640625 957.246704101562 958.276062011719 965.40380859375 959.806518554688 951.810180664062 952.237854003906 945.398559570312 949.18408203125 961.535949707031 957.56298828125 962.439270019531 955.341064453125 956.204956054688 957.691101074219 961.102111816406 962.366821289062 960.669799804688 959.61328125 957.009765625 956.491394042969 960.226013183594 961.639404296875 958.34716796875 961.539001464844 963.240234375 964.540954589844 962.458984375 961.735229492188 964.812622070312 967.75732421875 968.529663085938 967.710998535156 967.578247070312 965.602294921875 971.809448242188 971.510681152344 975.49951171875 971.099792480469 970.3173828125
950.526184082031 947.648559570312 948.926879882812 941.059326171875 941.122924804688 943.888793945312 946.378723144531 950.0009765625 960.791748046875 953.445678710938 955.876281738281 951.193115234375 954.545349121094 952.980834960938 959.663269042969 960.777038574219 966.932373046875 962.512756347656 964.478332519531 959.023498535156 956.792602539062 963.963012695312 961.559448242188 959.845703125 961.224060058594 960.88330078125 953.122985839844 956.17919921875 961.909423828125 965.5966796875 962.375183105469 961.601989746094 967.0751953125 958.522216796875 968.972229003906 970.656433105469 971.368896484375 970.994140625 964.777038574219 961.985778808594 961.993835449219 968.00732421875 975.509887695312 973.331726074219 971.258056640625 970.890625
943.754577636719 947.865783691406 947.438171386719 946.279907226562 941.252807617188 952.417907714844 957.874328613281 955.789672851562 948.16064453125 956.211791992188 953.08203125 953.759643554688 962.538269042969 961.599182128906 967.669738769531 967.046264648438 965.828247070312 964.022155761719 961.722839355469 969.128662109375 972.931823730469 970.094482421875 960.372314453125 961.790100097656 959.030334472656 960.502197265625 960.404418945312 962.705749511719 963.085205078125 963.466735839844 961.735656738281 957.943115234375 963.771667480469 958.389404296875 964.07958984375 969.597290039062 973.826477050781 969.930236816406 967.558654785156 965.455139160156 963.322875976562 960.823486328125 970.40380859375 972.643371582031 972.529724121094 969.69921875
952.809875488281 955.835266113281 951.129638671875 956.302734375 955.831787109375 957.734680175781 946.192077636719 945.988037109375 955.337890625 959.650085449219 955.783813476562 955.165222167969 958.098449707031 965.970642089844 972.125305175781 969.33935546875 962.847778320312 960.011901855469 954.432861328125 956.9150390625 965.961364746094 969.595397949219 962.005310058594 956.717956542969 960.869201660156 970.951049804688 973.122131347656 970.283386230469 963.247192382812 962.893310546875 969.871948242188 965.1435546875 967.066284179688 960.050537109375 966.154907226562 964.521301269531 974.120422363281 966.947265625 971.580139160156 966.423400878906 964.678527832031 958.707458496094 965.554992675781 972.205688476562 974.406066894531 972.499877929688
