data/zlatibor_dem_simulations/DEMsim56.asc
NCOLS 150
NROWS 100
XLLCORNER 7394249
YLLCORNER 4841999
CELLSIZE 30
NODATA_VALUE -9999
[rows 60 to 79 of 100, columns 0 to 45 of 150]
955.246765136719 961.317077636719 966.053894042969 975.963012695312 966.76416015625 972.230895996094 972.880676269531 967.939514160156 974.388061523438 971.663146972656 970.20263671875 957.91552734375 955.279968261719 956.56591796875 957.001342773438 962.001037597656 962.219604492188 953.356201171875 947.414733886719 948.408203125 937.857482910156 940.459350585938 943.073547363281 939.893127441406 942.217651367188 939.710632324219 941.235107421875 944.821899414062 950.917724609375 951.741271972656 952.229248046875 950.46533203125 946.076293945312 949.397399902344 951.94384765625 952.243103027344 942.184326171875 948.710815429688 955.066467285156 955.238891601562 954.085083007812 958.359619140625 960.33056640625 956.3212890625 953.558776855469 955.342712402344
956.721862792969 957.143432617188 955.278259277344 957.907836914062 967.602172851562 968.256896972656 972.952941894531 971.64794921875 965.245971679688 961.241882324219 964.485778808594 957.921875 957.898132324219 953.324523925781 955.642211914062 957.006591796875 963.957702636719 960.015747070312 936.80517578125 939.993530273438 937.276550292969 938.613586425781 942.566223144531 936.648498535156 938.187255859375 939.380004882812 937.067687988281 945.052001953125 941.046875 939.069091796875 948.127319335938 949.675842285156 955.436889648438 951.442321777344 951.402954101562 948.15185546875 955.574645996094 954.739196777344 960.650085449219 960.168762207031 954.615417480469 951.75390625 952.455383300781 953.582641601562 958.30078125 948.832641601562
952.724975585938 947.528686523438 958.442016601562 957.84619140625 961.288513183594 969.483703613281 964.936828613281 955.108520507812 962.598388671875 961.904663085938 961.82666015625 951.965026855469 943.808471679688 952.515075683594 946.728637695312 955.898803710938 961.112365722656 945.031860351562 940.824462890625 932.138610839844 937.150634765625 940.910095214844 939.041564941406 931.062255859375 934.365661621094 947.343688964844 941.970397949219 940.911010742188 947.408569335938 943.991882324219 952.622802734375 960.384704589844 957.75830078125 952.676818847656 947.616821289062 954.747192382812 966.146606445312 960.584167480469 961.530517578125 957.037109375 961.691955566406 955.596984863281 948.087524414062 942.753662109375 944.810363769531 946.4111328125
958.330810546875 947.687622070312 952.113342285156 956.325378417969 957.216430664062 968.704406738281 961.6650390625 958.181274414062 965.110168457031 959.275573730469 963.186950683594 957.055786132812 946.912902832031 956.249877929688 950.808715820312 949.122863769531 943.309265136719 940.0078125 933.646850585938 934.099792480469 940.803527832031 946.019653320312 945.232849121094 934.682739257812 941.848571777344 947.62255859375 937.735961914062 943.099548339844 946.38525390625 943.835571289062 951.467407226562 955.309143066406 961.623962402344 951.977966308594 958.357971191406 967.288940429688 970.485778808594 968.05322265625 960.970458984375 952.673950195312 961.623168945312 959.002685546875 942.715759277344 934.965087890625 941.72216796875 953.834716796875
951.790893554688 961.412780761719 958.517272949219 955.664184570312 953.816528320312 964.851989746094 957.806091308594 958.713439941406 956.506408691406 957.093933105469 955.234741210938 945.791076660156 946.891662597656 956.367553710938 948.488220214844 943.112976074219 945.369384765625 943.11376953125 936.059265136719 937.385375976562 941.185302734375 951.091735839844 953.759948730469 940.573852539062 936.239440917969 944.615661621094 943.790222167969 946.087341308594 939.786376953125 945.021362304688 949.457153320312 960.613830566406 951.586242675781 951.043579101562 945.797119140625 946.583129882812 960.001159667969 967.987426757812 959.449462890625 955.995422363281 959.4755859375 955.874816894531 945.634399414062 938.18017578125 944.525512695312 951.307006835938
949.972351074219 959.015747070312 963.534362792969 962.261901855469 967.104736328125 963.36669921875 956.981689453125 952.900146484375 951.523559570312 946.735290527344 952.85888671875 947.134399414062 943.9853515625 952.3310546875 943.501220703125 944.507751464844 945.289794921875 946.617614746094 939.09326171875 936.487426757812 944.384704589844 951.697448730469 950.453063964844 944.100036621094 938.116638183594 943.218017578125 949.623168945312 946.633605957031 941.823669433594 944.036376953125 951.184326171875 951.954711914062 947.504516601562 942.3916015625 945.306030273438 950.656066894531 955.944519042969 963.13623046875 963.162414550781 963.956604003906 961.826293945312 955.289306640625 950.473876953125 948.989013671875 950.849548339844 957.060424804688
945.175048828125 959.030700683594 958.205322265625 968.413635253906 963.262451171875 958.663330078125 954.473876953125 954.954650878906 949.416015625 943.040161132812 946.133728027344 950.574829101562 942.682861328125 937.539245605469 939.448913574219 938.1025390625 940.652770996094 944.745910644531 943.110534667969 942.013854980469 949.615844726562 953.238586425781 962.830200195312 950.703674316406 942.643920898438 940.682434082031 937.967834472656 950.529113769531 940.152526855469 944.939880371094 949.197143554688 952.397033691406 953.242980957031 943.718078613281 951.86572265625 948.318115234375 959.288879394531 959.474914550781 956.736877441406 961.069152832031 964.045715332031 960.501953125 958.847778320312 957.092041015625 954.67626953125 957.486083984375
958.052368164062 958.323059082031 957.7421875 967.762084960938 963.9619140625 965.147766113281 950.794799804688 944.465698242188 940.420166015625 933.872863769531 941.594787597656 942.836181640625 941.585815429688 939.129333496094 931.424682617188 937.890075683594 939.599731445312 946.4111328125 945.125732421875 946.862915039062 944.574096679688 953.092834472656 963.317932128906 964.706115722656 952.031860351562 945.377136230469 939.393737792969 945.594970703125 942.539733886719 939.478088378906 953.76025390625 947.076904296875 950.994689941406 953.691284179688 958.551635742188 960.799865722656 958.331359863281 961.579772949219 965.670593261719 965.884704589844 970.221496582031 965.1044921875 959.89990234375 961.327941894531 960.957702636719 969.861450195312
952.149841308594 952.498229980469 955.423767089844 952.469909667969 950.024475097656 950.916687011719 939.446716308594 940.71923828125 950.878051757812 940.364624023438 944.881591796875 936.616516113281 935.439331054688 939.441467285156 941.946899414062 940.682373046875 948.974670410156 943.876770019531 952.994689941406 956.108093261719 954.469970703125 957.554626464844 960.047912597656 964.010559082031 957.772827148438 957.740173339844 949.360046386719 940.669555664062 936.316833496094 941.451904296875 953.431457519531 958.338928222656 951.126220703125 948.538635253906 958.89453125 964.679016113281 966.364318847656 968.755798339844 977.09814453125 971.938537597656 964.578002929688 966.255554199219 965.411804199219 962.591857910156 968.355407714844 971.051513671875
943.816284179688 947.367980957031 943.409240722656 949.631713867188 943.422119140625 949.142700195312 943.640991210938 940.720153808594 944.620178222656 943.786376953125 949.311401367188 946.374938964844 943.653503417969 937.74462890625 940.395385742188 942.366394042969 944.576477050781 942.474670410156 953.258850097656 965.924072265625 963.240478515625 971.780090332031 971.162109375 968.649108886719 964.670288085938 967.347900390625 957.292236328125 951.839233398438 947.5078125 944.12646484375 949.33837890625 962.937438964844 958.257629394531 953.211853027344 960.255615234375 962.935302734375 964.165771484375 965.263488769531 978.951354980469 976.837585449219 961.374572753906 967.642944335938 968.720458984375 964.375671386719 969.993347167969 976.31298828125
950.533996582031 947.425720214844 938.136413574219 948.04541015625 948.034851074219 945.947509765625 943.970397949219 944.698913574219 946.443176269531 935.352722167969 945.957336425781 945.124633789062 945.738830566406 946.745544433594 952.934204101562 956.53369140625 955.33642578125 949.224609375 952.192077636719 962.61181640625 968.48046875 978.440246582031 971.703491210938 972.316101074219 971.0625 965.317138671875 957.702758789062 950.800903320312 952.999267578125 960.258117675781 952.365905761719 959.91015625 956.943420410156 956.165283203125 960.714721679688 974.193908691406 970.021423339844 970.681213378906 975.578125 984.588806152344 969.959594726562 962.970764160156 981.01416015625 977.0166015625 973.300720214844 976.738525390625
953.593200683594 941.433715820312 943.425598144531 935.986694335938 953.101013183594 946.864440917969 947.576782226562 940.842834472656 946.223327636719 946.043212890625 952.238342285156 947.825134277344 948.981994628906 954.451843261719 953.537109375 963.82470703125 964.929992675781 960.510009765625 953.056335449219 954.838317871094 969.299987792969 976.650573730469 975.871459960938 975.499755859375 971.041137695312 972.974487304688 963.593383789062 955.143371582031 953.633850097656 962.808837890625 960.370361328125 963.159057617188 963.863037109375 960.110961914062 960.029663085938 971.892517089844 972.743469238281 973.450866699219 984.744750976562 985.110534667969 981.006958007812 981.336975097656 986.728820800781 991.07275390625 987.992126464844 990.521728515625
947.689575195312 942.557495117188 939.536376953125 937.117797851562 940.689636230469 939.633605957031 941.22216796875 941.187072753906 950.160705566406 950.713806152344 960.886474609375 957.830627441406 967.948852539062 962.328979492188 958.451843261719 966.939636230469 970.359558105469 968.46875 956.482849121094 961.404174804688 970.390380859375 976.993896484375 976.368957519531 975.262634277344 968.630859375 967.379638671875 969.40966796875 961.885070800781 959.541870117188 963.990356445312 963.959167480469 958.306518554688 971.806457519531 966.615173339844 967.467590332031 960.512573242188 965.3740234375 970.997436523438 981.371948242188 987.692687988281 986.526184082031 996.494750976562 989.404357910156 995.379333496094 992.568542480469 989.575500488281
945.559875488281 948.265686035156 939.4931640625 933.594421386719 927.91845703125 933.802307128906 935.536682128906 939.539489746094 947.14794921875 955.143493652344 961.126831054688 960.356323242188 969.373901367188 970.808776855469 963.30859375 967.111511230469 976.583557128906 978.515319824219 969.096740722656 973.369750976562 987.196838378906 981.564758300781 987.855895996094 974.877136230469 971.15966796875 968.934204101562 973.491149902344 967.977478027344 961.330993652344 967.066467285156 963.895202636719 970.766906738281 978.275817871094 976.274230957031 965.970947265625 969.592651367188 973.890380859375 975.471923828125 976.078979492188 979.939575195312 986.903015136719 996.37744140625 997.554138183594 998.585021972656 997.999816894531 997.472351074219
953.105102539062 948.795837402344 945.689758300781 936.376586914062 940.877746582031 934.063842773438 938.471801757812 943.370361328125 947.923156738281 962.65234375 964.128112792969 967.698913574219 971.529541015625 973.864440917969 978.366394042969 976.704895019531 974.606750488281 986.401550292969 982.685241699219 987.134155273438 983.560302734375 986.923706054688 988.856262207031 983.173706054688 973.168212890625 967.595031738281 976.757568359375 966.033264160156 964.909912109375 962.188842773438 968.260375976562 968.0185546875 978.256103515625 982.703491210938 976.817077636719 976.854187011719 982.444885253906 981.664367675781 988.977722167969 982.832397460938 987.473815917969 999.075988769531 1003.40118408203 1000.42755126953 1005.68084716797 1009.80047607422
942.896240234375 943.218994140625 938.687561035156 938.434936523438 937.568298339844 943.59326171875 941.104797363281 947.466613769531 950.690307617188 951.692199707031 957.397033691406 965.09130859375 963.793273925781 971.175842285156 973.781066894531 982.317199707031 979.855712890625 986.478698730469 986.040344238281 996.085388183594 991.203247070312 1002.34918212891 995.093994140625 984.716796875 984.307922363281 985.4052734375 984.034729003906 982.335388183594 975.033935546875 963.174621582031 971.042846679688 975.884033203125 985.248291015625 986.298522949219 980.721130371094 976.067443847656 977.705261230469 986.478088378906 985.096923828125 992.911193847656 990.809631347656 1003.12451171875 1007.90447998047 1006.568359375 1005.53198242188 1015.24493408203
941.777282714844 938.798767089844 931.881958007812 933.782775878906 936.48291015625 938.43896484375 944.752685546875 939.002502441406 944.969970703125 951.115600585938 955.12939453125 965.766540527344 965.836791992188 974.002197265625 975.320922851562 977.316162109375 977.476928710938 984.849914550781 992.564514160156 997.21142578125 1003.74621582031 993.963073730469 992.248168945312 989.058776855469 984.521850585938 985.365051269531 977.088073730469 975.314147949219 972.252380371094 968.507995605469 977.688049316406 973.423583984375 986.993103027344 982.381652832031 975.832580566406 977.561828613281 978.31298828125 982.9560546875 984.327392578125 992.865783691406 999.263854980469 1009.79010009766 1005.16259765625 1013.3076171875 1013.41052246094 1016.85620117188
938.969299316406 939.195739746094 934.115844726562 931.648071289062 935.952697753906 936.340942382812 941.986083984375 944.629821777344 950.336120605469 961.270690917969 966.633239746094 969.127807617188 967.130676269531 975.6044921875 971.690673828125 976.457885742188 975.707946777344 983.149475097656 991.669006347656 1002.53271484375 1002.37268066406 993.603942871094 989.286193847656 986.962158203125 984.247375488281 977.011108398438 981.876708984375 969.922546386719 971.042541503906 972.784912109375 979.6083984375 978.27685546875 982.253479003906 981.904174804688 982.25830078125 987.387756347656 977.925048828125 982.65087890625 986.720825195312 995.754577636719 998.819702148438 1005.59936523438 1007.76904296875 1009.91381835938 1014.64947509766 1014.60192871094
936.75927734375 936.714538574219 941.144836425781 938.001647949219 939.925231933594 944.997619628906 939.017333984375 938.175964355469 951.8515625 970.924377441406 968.074951171875 979.34375 973.351501464844 988.6474609375 979.442016601562 979.410095214844 984.537109375 993.203674316406 1001.87622070312 1002.4072265625 995.401977539062 987.571838378906 984.704711914062 986.319641113281 979.62646484375 981.538024902344 976.583129882812 971.878601074219 980.179260253906 984.993103027344 979.14501953125 978.699035644531 978.836486816406 983.316223144531 980.962341308594 978.053894042969 986.152282714844 987.545715332031 995.368408203125 990.066528320312 1001.07202148438 1007.92022705078 1007.58697509766 1009.77642822266 1013.88989257812 1008.66394042969
934.156005859375 946.905456542969 939.884094238281 941.895751953125 940.460205078125 940.598327636719 934.647766113281 939.514465332031 947.32470703125 958.259399414062 972.188354492188 973.712158203125 973.152465820312 976.199340820312 978.357849121094 976.578247070312 984.301574707031 990.009521484375 984.894409179688 989.935546875 992.234313964844 994.701782226562 988.216247558594 989.206115722656 981.195678710938 980.771667480469 982.978088378906 989.318359375 986.656494140625 984.703430175781 980.421508789062 982.921997070312 984.409729003906 982.119262695312 987.177124023438 984.410827636719 982.31884765625 979.204650878906 993.592590332031 999.349548339844 995.841186523438 998.792846679688 1003.5244140625 1001.59075927734 995.352233886719 999.769287109375
