data/zlatibor_dem_simulations/DEMsim8.asc
NCOLS 150
NROWS 100
XLLCORNER 7394249
YLLCORNER 4841999
CELLSIZE 30
NODATA_VALUE -9999
[rows 80 to 99 of 100, columns 92 to 137 of 150]
989.876586914062 993.935913085938 999.786315917969 1002.43469238281 996.432556152344 1008.00030517578 1008.53570556641 1004.46307373047 1007.21002197266 1010.22564697266 1009.00726318359 1012.30670166016 1014.95538330078 1028.33288574219 1014.84844970703 1028.64831542969 1041.09533691406 1033.07482910156 1029.9130859375 1034.50390625 1034.37060546875 1029.64685058594 1023.27209472656 1027.23059082031 1026.01818847656 1034.97180175781 1025.49719238281 1022.87670898438 1016.94006347656 1005.82086181641 1012.38824462891 1004.13256835938 995.646545410156 991.175048828125 997.985046386719 1000.84222412109 1000.23486328125 1002.31750488281 1009.73150634766 1005.69091796875 1002.39898681641 1001.77819824219 994.892395019531 1000.63140869141 997.934753417969 994.931762695312
996.922485351562 998.740478515625 997.905212402344 996.827575683594 1004.04449462891 1001.18682861328 1003.01135253906 1005.87609863281 1000.0380859375 1004.44116210938 1008.57397460938 1017.12603759766 1016.15356445312 1035.41967773438 1027.55920410156 1024.33630371094 1030.96838378906 1029.40856933594 1031.78845214844 1038.49584960938 1031.43530273438 1032.47216796875 1030.85461425781 1035.50805664062 1045.58813476562 1041.31213378906 1032.08068847656 1016.85760498047 1017.63250732422 1005.24084472656 1010.84271240234 1001.34619140625 991.494323730469 980.672790527344 999.79833984375 1006.50421142578 994.080017089844 998.645812988281 1005.12896728516 997.525146484375 994.697692871094 997.110595703125 995.634582519531 1000.18603515625 1001.00628662109 992.064514160156
994.795166015625 998.523193359375 996.765258789062 994.915222167969 999.414367675781 997.803161621094 1006.44799804688 1000.70629882812 998.728515625 1003.05529785156 1000.84576416016 1017.24090576172 1022.92547607422 1033.77124023438 1026.77307128906 1027.01440429688 1031.09265136719 1035.93188476562 1038.80908203125 1046.46252441406 1041.57312011719 1040.25354003906 1031.61669921875 1041.84875488281 1040.12255859375 1032.91198730469 1026.68713378906 1019.89196777344 1010.87774658203 1005.90704345703 1006.55688476562 995.802551269531 985.966003417969 978.637145996094 994.198547363281 994.707336425781 998.089172363281 1004.10986328125 1006.47052001953 1000.2373046875 994.498046875 989.330810546875 1006.26470947266 999.400634765625 996.988342285156 989.615844726562
990.994384765625 992.950012207031 993.409545898438 987.641723632812 991.555725097656 1001.15295410156 1005.25134277344 1003.48565673828 1005.36706542969 999.822570800781 1003.75946044922 1012.07452392578 1018.06921386719 1030.63537597656 1026.92224121094 1033.14965820312 1032.0517578125 1046.18408203125 1054.22192382812 1051.58264160156 1052.88171386719 1044.37561035156 1037.25646972656 1038.76843261719 1047.41284179688 1042.15808105469 1032.22668457031 1020.26373291016 1023.20574951172 1014.79425048828 1000.76501464844 991.454772949219 976.642578125 983.154724121094 990.36767578125 992.266540527344 994.601318359375 997.336303710938 999.208557128906 999.155151367188 991.092041015625 989.726623535156 993.866882324219 998.086181640625 988.545043945312 990.170715332031
995.475952148438 994.511291503906 1004.13397216797 992.732727050781 1000.01654052734 1006.02191162109 1008.05694580078 1002.34063720703 998.28759765625 1005.39715576172 1003.13598632812 1009.59777832031 1019.26751708984 1032.34106445312 1034.34057617188 1035.32666015625 1044.63525390625 1048.48669433594 1050.04772949219 1055.03991699219 1056.61413574219 1046.04333496094 1043.24450683594 1049.98474121094 1046.29614257812 1048.99719238281 1043.34326171875 1028.96887207031 1021.73614501953 1018.96008300781 1011.80804443359 999.998901367188 981.824340820312 987.409729003906 993.303405761719 992.576110839844 989.135986328125 980.078796386719 984.801940917969 989.300048828125 993.015380859375 982.143859863281 992.209045410156 992.156433105469 990.021911621094 984.300659179688
995.02734375 1000.68988037109 1008.22637939453 1006.02825927734 1007.83837890625 1008.41937255859 1011.17547607422 1009.62066650391 1004.72717285156 1004.32049560547 1006.89086914062 1010.69604492188 1020.02917480469 1028.97619628906 1028.29345703125 1027.39477539062 1035.27868652344 1045.61474609375 1051.40856933594 1048.60290527344 1059.29565429688 1051.94384765625 1051.90478515625 1057.09619140625 1054.11291503906 1047.20288085938 1046.50024414062 1042.54174804688 1028.60778808594 1019.19915771484 1012.39776611328 999.737670898438 993.399291992188 997.752258300781 992.303527832031 993.157531738281 980.730895996094 977.456970214844 978.056640625 979.520690917969 991.785400390625 981.561828613281 985.497924804688 986.124755859375 982.050964355469 975.061279296875
1006.33349609375 1003.29132080078 1008.76629638672 1007.78137207031 1009.33166503906 1007.12896728516 1009.53741455078 1010.07257080078 1012.46215820312 1012.82727050781 1011.66418457031 1016.81091308594 1019.23333740234 1024.70458984375 1024.68884277344 1030.13073730469 1030.3515625 1055.8388671875 1050.49719238281 1052.28051757812 1059.35290527344 1057.76220703125 1056.24877929688 1063.96081542969 1048.77648925781 1046.00549316406 1041.62927246094 1038.25769042969 1031.65490722656 1018.05554199219 1010.98907470703 1004.07769775391 1010.65026855469 995.238830566406 994.203002929688 989.245483398438 979.121887207031 971.857421875 978.275207519531 980.859802246094 984.2509765625 980.592346191406 974.761901855469 985.479919433594 979.075317382812 995.577270507812
1003.33630371094 1008.51599121094 1013.92999267578 1010.46215820312 1020.4404296875 1016.43627929688 1009.23284912109 1019.56799316406 1019.37756347656 1030.03955078125 1018.23034667969 1024.06921386719 1015.54577636719 1022.44512939453 1022.41802978516 1033.60205078125 1044.02819824219 1052.59692382812 1051.91015625 1050.45922851562 1061.20654296875 1061.94201660156 1066.41101074219 1059.53466796875 1051.66162109375 1047.70654296875 1049.509765625 1049.00622558594 1036.60852050781 1020.81011962891 1012.45239257812 1008.40686035156 1017.90447998047 1001.31439208984 999.707092285156 988.211120605469 985.939331054688 980.175842285156 986.373107910156 990.829956054688 984.184020996094 969.607788085938 968.035949707031 970.671264648438 976.156311035156 980.234924316406
1005.56048583984 1008.52911376953 1009.73944091797 1005.11529541016 1014.68896484375 1022.13061523438 1017.73748779297 1022.29870605469 1030.21325683594 1040.37072753906 1033.00122070312 1023.23028564453 1019.44580078125 1019.00030517578 1026.44873046875 1039.13452148438 1041.94982910156 1046.32873535156 1049.06750488281 1052.36975097656 1059.42895507812 1073.43493652344 1063.87780761719 1065.55932617188 1056.4443359375 1058.88403320312 1051.39294433594 1053.876953125 1039.62780761719 1020.47979736328 1013.51953125 1012.26849365234 1020.43981933594 1011.76330566406 996.213623046875 996.725769042969 989.391662597656 983.863403320312 986.285827636719 978.481140136719 978.0078125 975.396118164062 972.125732421875 972.945190429688 971.802795410156 976.368408203125
1006.26055908203 1003.70794677734 1000.72808837891 1014.48175048828 1019.11859130859 1013.56005859375 1017.12609863281 1028.60717773438 1024.52807617188 1031.74719238281 1034.50634765625 1031.07470703125 1024.90380859375 1025.29870605469 1033.62219238281 1037.60131835938 1033.41162109375 1036.30883789062 1038.06103515625 1051.82971191406 1064.70617675781 1067.83654785156 1070.52795410156 1064.10498046875 1064.23645019531 1055.78112792969 1060.70874023438 1044.97180175781 1039.36791992188 1031.67053222656 1022.19311523438 1026.63586425781 1016.28472900391 1014.66918945312 1006.72882080078 1002.64923095703 998.305603027344 988.988586425781 988.27880859375 984.287109375 977.554504394531 976.733215332031 978.761047363281 980.097900390625 968.640075683594 969.161987304688
1012.15533447266 1013.52819824219 1013.02215576172 1006.06762695312 1017.27093505859 1024.47680664062 1020.78033447266 1018.89794921875 1024.99377441406 1030.14135742188 1027.66650390625 1032.40966796875 1024.82238769531 1026.06335449219 1032.21459960938 1034.19458007812 1041.97009277344 1043.38049316406 1047.76025390625 1058.31103515625 1065.26416015625 1061.64770507812 1065.01330566406 1063.11169433594 1055.00952148438 1059.92858886719 1046.83020019531 1041.78784179688 1038.84826660156 1037.744140625 1041.01550292969 1027.14538574219 1021.27746582031 1019.10015869141 1011.69372558594 1001.82843017578 998.02294921875 993.966491699219 990.60009765625 981.678649902344 990.640197753906 983.66015625 988.628234863281 981.211242675781 970.289978027344 964.1181640625
1002.98370361328 1010.14752197266 1007.93408203125 1014.87341308594 1016.50805664062 1020.43139648438 1025.00695800781 1018.80883789062 1012.61462402344 1022.18249511719 1026.06652832031 1030.76110839844 1025.958984375 1028.83166503906 1031.30688476562 1025.81591796875 1034.40954589844 1045.92956542969 1056.076171875 1058.09887695312 1049.06481933594 1054.17041015625 1054.70495605469 1053.01110839844 1050.81872558594 1040.83471679688 1036.10327148438 1031.50842285156 1043.01159667969 1041.02746582031 1036.69067382812 1026.48901367188 1024.44140625 1018.56927490234 1018.76525878906 1013.77404785156 1004.84014892578 993.64208984375 992.835021972656 991.832336425781 988.936584472656 980.129455566406 975.168090820312 972.512939453125 970.252319335938 962.281799316406
1008.11950683594 1017.03967285156 1014.11853027344 1014.33917236328 1018.8330078125 1021.44940185547 1022.92181396484 1013.34649658203 1012.65258789062 1022.39562988281 1028.58251953125 1033.92175292969 1028.86437988281 1030.28552246094 1018.06304931641 1024.40026855469 1032.67272949219 1046.45642089844 1044.46594238281 1055.00109863281 1050.35424804688 1042.86608886719 1046.1650390625 1047.03857421875 1035.08703613281 1036.83056640625 1036.47326660156 1030.33508300781 1032.43383789062 1043.37536621094 1037.64306640625 1029.50927734375 1027.98413085938 1027.50695800781 1017.09216308594 1009.93127441406 1007.58489990234 1001.90106201172 987.850708007812 991.244934082031 988.335510253906 983.745483398438 977.012878417969 971.777465820312 972.406311035156 959.956420898438
1002.18518066406 1019.80291748047 1015.27716064453 1024.11340332031 1026.40747070312 1021.90478515625 1019.91070556641 1025.10864257812 1024.7958984375 1030.5927734375 1026.93713378906 1026.00439453125 1029.31420898438 1033.59594726562 1024.09045410156 1024.97387695312 1035.17736816406 1046.03112792969 1047.35168457031 1047.001953125 1047.98596191406 1042.61901855469 1044.11767578125 1047.28930664062 1038.1708984375 1038.31298828125 1045.47143554688 1030.70068359375 1026.47937011719 1031.62561035156 1031.60131835938 1027.75854492188 1026.62036132812 1029.8623046875 1017.38336181641 1009.40771484375 1001.80590820312 993.968322753906 986.899658203125 989.233093261719 980.898193359375 967.178466796875 967.230712890625 965.04443359375 964.627319335938 959.185546875
1011.17785644531 1016.24896240234 1014.35089111328 1023.31994628906 1025.95776367188 1032.26831054688 1040.83093261719 1034.88842773438 1040.15161132812 1032.25610351562 1033.3916015625 1032.607421875 1036.30419921875 1023.5556640625 1023.59075927734 1026.806640625 1041.5146484375 1044.96813964844 1041.19702148438 1039.23962402344 1047.65124511719 1037.17077636719 1039.44702148438 1047.14416503906 1044.38427734375 1034.84094238281 1034.41906738281 1034.61096191406 1026.90698242188 1020.37414550781 1029.35595703125 1029.017578125 1029.32592773438 1024.95092773438 1014.54772949219 1006.97174072266 1001.11193847656 993.152648925781 984.01513671875 978.098327636719 979.62158203125 972.229736328125 970.137329101562 965.648315429688 957.347473144531 957.034606933594
1013.37414550781 1020.05816650391 1022.32196044922 1021.14727783203 1031.85375976562 1028.47619628906 1038.0634765625 1045.02563476562 1040.54260253906 1043.67993164062 1037.01159667969 1029.42163085938 1027.24072265625 1027.09252929688 1025.49450683594 1027.56018066406 1031.96569824219 1037.09057617188 1044.62133789062 1041.36596679688 1034.92028808594 1033.16162109375 1030.21240234375 1042.51342773438 1025.26879882812 1035.35717773438 1029.00915527344 1031.02416992188 1022.69927978516 1020.77661132812 1027.27844238281 1024.97839355469 1021.25823974609 1013.38848876953 1012.09857177734 1002.49475097656 991.127197265625 989.438903808594 979.913940429688 963.365966796875 974.845092773438 961.475769042969 959.922729492188 958.885620117188 955.017578125 962.362976074219
1010.34832763672 1016.84729003906 1029.83874511719 1023.30187988281 1024.85473632812 1036.66711425781 1038.41247558594 1043.24633789062 1041.23974609375 1047.43994140625 1032.18334960938 1031.07885742188 1027.3115234375 1021.57403564453 1016.78186035156 1012.23278808594 1028.41027832031 1030.21374511719 1031.65441894531 1036.95239257812 1025.52514648438 1030.23071289062 1026.60095214844 1037.06726074219 1031.02526855469 1033.21752929688 1025.8095703125 1030.0234375 1028.6005859375 1019.89825439453 1011.93218994141 1022.67858886719 1027.46813964844 1008.54650878906 1009.44708251953 1000.90594482422 993.70458984375 989.39306640625 985.415649414062 971.179321289062 964.063781738281 965.007751464844 970.423400878906 965.658874511719 972.423767089844 958.428527832031
1012.03814697266 1016.28112792969 1037.40588378906 1031.47399902344 1032.67834472656 1046.23706054688 1052.70068359375 1051.02136230469 1040.44323730469 1033.43054199219 1025.78344726562 1031.55090332031 1024.01599121094 1015.73571777344 1012.61151123047 1014.55010986328 1017.77685546875 1028.65771484375 1025.861328125 1035.00952148438 1036.10876464844 1030.548828125 1025.81005859375 1035.64404296875 1042.13696289062 1027.56030273438 1024.24279785156 1018.26489257812 1021.71142578125 1020.19842529297 1008.46710205078 1016.62396240234 1018.77478027344 1013.93084716797 1005.39636230469 998.818054199219 996.034240722656 995.638427734375 988.144287109375 965.460021972656 968.430969238281 967.002563476562 971.135559082031 968.379333496094 970.533874511719 966.869750976562
1015.81195068359 1020.7216796875 1032.23461914062 1026.80187988281 1021.865234375 1047.46704101562 1041.46313476562 1034.36206054688 1034.33337402344 1025.00561523438 1023.34228515625 1022.22833251953 1022.90130615234 1017.26458740234 1010.58233642578 1017.07867431641 1020.24475097656 1029.17736816406 1033.93395996094 1027.98266601562 1033.19958496094 1026.97497558594 1031.18969726562 1031.34912109375 1028.12390136719 1020.67547607422 1012.18133544922 1018.10729980469 1021.18713378906 1018.6259765625 1010.20147705078 1011.63494873047 1017.97119140625 1010.94873046875 997.491088867188 1003.25433349609 1002.52142333984 1002.39270019531 985.288635253906 971.48486328125 977.913818359375 965.329284667969 967.557678222656 965.33984375 967.612976074219 965.438110351562
1011.81811523438 1016.95916748047 1017.68432617188 1010.38500976562 1021.77966308594 1031.04858398438 1023.38568115234 1021.81207275391 1020.04553222656 1018.65179443359 1021.14410400391 1019.71887207031 1027.64819335938 1020.25909423828 1015.97430419922 1011.50079345703 1021.04125976562 1024.58837890625 1027.30310058594 1028.27185058594 1029.95202636719 1028.216796875 1018.50640869141 1019.45556640625 1021.92810058594 1014.20440673828 1012.86651611328 1016.56274414062 1015.81341552734 1017.11328125 1004.79028320312 1010.21990966797 1008.9736328125 1008.16021728516 1003.87310791016 1009.68939208984 1005.24780273438 997.576904296875 982.204284667969 967.915893554688 967.928955078125 967.217895507812 965.500244140625 970.447998046875 970.502807617188 963.975830078125
