data/zlatibor_dem_simulations/DEMsim20.asc
NCOLS 150
NROWS 100
XLLCORNER 7394249
YLLCORNER 4841999
CELLSIZE 30
NODATA_VALUE -9999
[rows 0 to 19 of 100, columns 92 to 137 of 150]
933.751525878906 921.456298828125 916.908569335938 905.665771484375 908.007934570312 901.403259277344 906.304016113281 899.726501464844 895.024475097656 886.071655273438 878.102416992188 869.224548339844 855.971374511719 851.0341796875 852.272155761719 858.054077148438 870.759155273438 875.312438964844 883.490234375 888.708190917969 893.87841796875 903.803588867188 902.242126464844 901.875854492188 909.617309570312 903.443176269531 903.653381347656 908.080627441406 917.247314453125 933.093811035156 934.583435058594 932.799438476562 935.974792480469 942.774597167969 949.432434082031 964.145935058594 968.721435546875 966.125549316406 973.1318359375 983.637634277344 994.280639648438 1003.82025146484 1014.76190185547 1030.87634277344 1036.11181640625 1048.962890625
937.29052734375 924.999206542969 919.984680175781 912.6259765625 901.834289550781 896.168395996094 903.5263671875 908.290161132812 893.337951660156 885.748657226562 879.473022460938 870.67919921875 862.324157714844 860.724853515625 865.532775878906 865.926513671875 864.262573242188 869.825744628906 885.930480957031 895.720520019531 906.0390625 904.530883789062 904.898559570312 897.917419433594 904.747192382812 908.948120117188 909.335510253906 910.010009765625 918.112426757812 938.181213378906 930.040649414062 935.405212402344 941.174743652344 946.772277832031 953.648803710938 963.752075195312 977.982238769531 979.044555664062 987.337951660156 996.319641113281 998.717102050781 1004.89239501953 1018.37481689453 1039.13220214844 1048.97265625 1053.34069824219
928.578796386719 930.791015625 917.665832519531 902.778747558594 897.918762207031 888.909729003906 896.006774902344 898.263488769531 891.14794921875 885.469421386719 877.291442871094 869.758850097656 868.99658203125 869.344848632812 861.128479003906 867.506103515625 868.365966796875 870.199401855469 885.670043945312 898.676574707031 911.295837402344 898.985595703125 901.308959960938 906.560668945312 911.103759765625 906.949035644531 912.925720214844 912.566223144531 925.894226074219 930.922119140625 931.609497070312 940.832214355469 941.793273925781 953.739562988281 961.325805664062 971.816345214844 976.473693847656 985.571166992188 993.938415527344 1005.28753662109 1000.76239013672 1012.10382080078 1026.10034179688 1040.35461425781 1053.14111328125 1054.26086425781
924.936950683594 918.729919433594 912.688110351562 895.577819824219 887.822387695312 896.212280273438 888.395324707031 896.555725097656 889.684753417969 881.645751953125 873.212524414062 880.080444335938 879.822509765625 869.714904785156 870.975952148438 871.057067871094 863.891967773438 877.366577148438 887.274475097656 892.272766113281 893.186950683594 893.478759765625 899.990600585938 909.852905273438 916.57470703125 913.924133300781 920.831420898438 925.898864746094 925.192199707031 929.769592285156 941.415893554688 939.675842285156 937.832885742188 953.077209472656 953.010864257812 972.404235839844 973.479553222656 986.589660644531 988.1533203125 1003.49377441406 1008.6103515625 1022.39111328125 1039.53601074219 1041.2197265625 1049.904296875 1053.64221191406
924.127380371094 921.532470703125 911.705993652344 903.614929199219 892.0458984375 891.794799804688 886.716979980469 901.974609375 887.661193847656 879.682495117188 873.349304199219 875.136779785156 877.648071289062 874.98046875 879.783325195312 879.073425292969 873.347106933594 876.570190429688 884.541259765625 884.816284179688 888.716979980469 891.52783203125 898.684448242188 905.889587402344 908.092407226562 912.478271484375 911.695129394531 922.658203125 920.706909179688 928.935241699219 933.294128417969 932.840026855469 942.171997070312 951.2666015625 953.482055664062 964.091369628906 973.224243164062 976.538452148438 980.215515136719 1003.97564697266 1016.45440673828 1031.34790039062 1042.74035644531 1043.36291503906 1054.19641113281 1057.525390625
921.588134765625 911.834350585938 910.733093261719 899.488098144531 891.426940917969 891.899658203125 887.848876953125 887.529724121094 883.772766113281 878.634155273438 873.997375488281 880.703918457031 873.53271484375 877.228637695312 870.273376464844 892.840759277344 886.261840820312 882.046142578125 885.642395019531 883.749572753906 878.0517578125 890.789245605469 895.012512207031 903.205322265625 907.375671386719 916.944946289062 915.248718261719 923.2177734375 929.313354492188 932.6220703125 935.043579101562 931.373291015625 952.869812011719 956.331237792969 964.876953125 970.83642578125 977.657775878906 987.653930664062 997.122924804688 1006.68005371094 1004.23675537109 1026.177734375 1034.88232421875 1048.93676757812 1052.08532714844 1067.72546386719
928.139892578125 921.785034179688 919.217407226562 910.987243652344 900.375854492188 892.970031738281 887.512451171875 892.693725585938 886.032958984375 890.887817382812 892.484313964844 880.31640625 874.843078613281 881.224853515625 888.448852539062 889.935974121094 890.841186523438 898.6591796875 885.762268066406 881.267211914062 878.71728515625 889.722106933594 891.938232421875 907.7802734375 902.559326171875 915.486206054688 916.098754882812 924.219421386719 920.91650390625 932.902282714844 938.943542480469 927.202819824219 938.370056152344 957.670349121094 964.352966308594 973.445556640625 981.102722167969 985.004943847656 1001.20355224609 1006.28662109375 1005.95556640625 1022.51745605469 1044.72509765625 1053.20434570312 1057.40209960938 1067.44116210938
934.225280761719 924.689758300781 916.086303710938 917.471496582031 906.022888183594 899.411926269531 899.656677246094 892.030151367188 900.050109863281 906.025085449219 896.302429199219 886.122924804688 885.150756835938 884.391845703125 881.331787109375 888.359497070312 896.888488769531 894.484008789062 885.859680175781 879.424560546875 883.277465820312 890.124267578125 889.416442871094 896.055114746094 905.233032226562 921.178771972656 920.349548339844 925.738098144531 922.170227050781 936.828918457031 940.796447753906 944.967895507812 940.576293945312 954.613464355469 960.856506347656 980.646118164062 988.171691894531 988.976867675781 993.412353515625 996.498474121094 1014.5947265625 1024.73901367188 1038.21203613281 1058.7919921875 1065.41906738281 1077.40856933594
931.941040039062 923.537780761719 922.591735839844 918.877136230469 914.235778808594 907.613891601562 900.563659667969 899.511291503906 901.379943847656 905.459411621094 898.007690429688 890.809997558594 892.812927246094 892.571838378906 895.924499511719 896.611145019531 897.536926269531 893.596252441406 891.714477539062 896.196716308594 899.435485839844 895.62548828125 889.8427734375 889.904541015625 907.652648925781 909.964111328125 918.044799804688 927.727783203125 934.768493652344 936.923950195312 941.838928222656 952.884704589844 952.121643066406 956.147705078125 963.436767578125 979.063232421875 984.148681640625 982.7412109375 981.617614746094 1001.30877685547 1012.48046875 1030.732421875 1039.92309570312 1057.1611328125 1069.24731445312 1086.6416015625
932.59033203125 925.050598144531 926.195190429688 922.4638671875 919.603393554688 917.592346191406 908.114501953125 910.776916503906 909.626403808594 910.604553222656 903.782165527344 900.765319824219 906.062133789062 898.011047363281 899.256958007812 897.309265136719 894.572448730469 904.806762695312 906.56103515625 896.131652832031 908.475708007812 905.223388671875 898.44921875 902.363830566406 900.252136230469 909.832885742188 918.109741210938 928.898132324219 931.79541015625 943.006958007812 943.535705566406 949.176208496094 962.770935058594 961.671142578125 970.750793457031 985.924926757812 988.269165039062 994.107604980469 994.469665527344 1008.62048339844 1016.17150878906 1030.4775390625 1042.34387207031 1047.91662597656 1060.91882324219 1078.2802734375
935.001525878906 937.227233886719 940.381958007812 932.364562988281 925.124389648438 922.052551269531 915.203491210938 917.80615234375 918.0732421875 919.776306152344 912.951904296875 914.973083496094 909.908630371094 910.21630859375 909.897583007812 910.469482421875 913.576904296875 911.7158203125 912.282836914062 908.096130371094 914.753051757812 920.945068359375 911.818542480469 899.5390625 900.164306640625 912.358947753906 919.685119628906 936.541137695312 934.256896972656 937.693237304688 939.728759765625 950.314880371094 961.435791015625 975.583190917969 986.067199707031 998.722351074219 1000.03997802734 1007.95300292969 1008.81243896484 1014.15826416016 1032.98266601562 1042.93493652344 1050.69152832031 1062.4814453125 1076.2998046875 1094.6357421875
942.958740234375 937.407348632812 939.312683105469 935.819274902344 931.764770507812 926.2431640625 932.709289550781 931.621520996094 928.291015625 930.903747558594 924.387634277344 925.615356445312 915.9287109375 923.468505859375 933.610473632812 934.587829589844 932.934204101562 933.122253417969 930.634948730469 925.310363769531 925.418762207031 929.897521972656 916.417724609375 902.70654296875 907.495666503906 920.962829589844 925.092895507812 937.97509765625 939.300048828125 934.872375488281 944.7626953125 954.541381835938 970.73291015625 989.681640625 992.883056640625 1011.53234863281 1004.93157958984 1011.17150878906 1019.41546630859 1023.75622558594 1031.46862792969 1044.87951660156 1049.58984375 1063.48840332031 1074.97790527344 1095.77075195312
947.46484375 941.466003417969 938.485412597656 936.252014160156 935.049743652344 934.343444824219 938.917358398438 946.59423828125 940.274291992188 937.433532714844 937.652038574219 929.658813476562 919.384948730469 932.716003417969 942.274719238281 946.896362304688 946.557678222656 945.219360351562 936.557495117188 932.85888671875 934.426574707031 930.739562988281 928.975952148438 916.746215820312 914.321838378906 925.486633300781 930.664672851562 943.153076171875 952.891784667969 948.590576171875 958.218627929688 963.551879882812 977.510681152344 990.305053710938 996.709350585938 1012.80718994141 1005.40698242188 1013.91558837891 1020.55499267578 1027.88891601562 1035.30480957031 1037.41479492188 1049.98083496094 1062.08093261719 1069.69372558594 1084.16149902344
951.670349121094 942.334655761719 937.234252929688 941.640014648438 946.590515136719 939.142883300781 953.046203613281 957.715270996094 961.530212402344 950.133911132812 946.344848632812 942.356384277344 939.343933105469 951.932495117188 950.506042480469 954.797729492188 956.078918457031 951.648132324219 948.213745117188 938.244140625 939.426025390625 945.306762695312 928.630310058594 922.033630371094 914.681884765625 916.3115234375 927.818786621094 938.431762695312 951.594604492188 954.235168457031 954.802429199219 964.167907714844 983.846069335938 998.610046386719 1003.33038330078 1010.00927734375 1014.99566650391 1022.54193115234 1025.69750976562 1037.58581542969 1036.72424316406 1044.46655273438 1051.84313964844 1076.16662597656 1078.57287597656 1084.62414550781
948.843505859375 947.158325195312 944.583679199219 947.099670410156 952.509094238281 957.718322753906 964.826477050781 965.03466796875 955.606811523438 961.103698730469 954.248413085938 960.278137207031 956.393615722656 950.737426757812 955.472534179688 968.30615234375 965.438781738281 968.040832519531 958.833984375 951.510192871094 958.024597167969 946.426147460938 939.623107910156 928.907958984375 909.2119140625 921.623901367188 924.532592773438 931.594665527344 942.359313964844 960.890197753906 964.952270507812 976.639526367188 985.449645996094 1001.09478759766 1003.68048095703 1000.88677978516 1016.79461669922 1025.57531738281 1035.63037109375 1039.73107910156 1031.70678710938 1046.55920410156 1054.85827636719 1068.92138671875 1081.68505859375 1077.01477050781
949.056457519531 948.615966796875 951.206420898438 958.955139160156 967.19384765625 968.702514648438 972.298706054688 965.111389160156 963.739135742188 967.971069335938 971.865417480469 967.896850585938 963.434997558594 956.604797363281 973.392883300781 971.094482421875 968.882751464844 967.544128417969 959.949279785156 960.210021972656 966.684936523438 955.172485351562 944.643432617188 927.667602539062 914.02734375 918.342346191406 930.815246582031 936.919616699219 952.103881835938 962.607482910156 976.017395019531 985.2392578125 994.330322265625 1003.16052246094 1004.875 1010.13629150391 1026.8115234375 1023.58459472656 1027.71484375 1037.49841308594 1035.89416503906 1041.41296386719 1053.29479980469 1061.56433105469 1071.63354492188 1081.13037109375
953.997619628906 962.179443359375 963.684753417969 971.220703125 970.480041503906 966.112060546875 972.723693847656 976.096557617188 972.867980957031 970.696228027344 974.192932128906 977.470275878906 982.004516601562 974.296997070312 972.431701660156 973.339294433594 969.632629394531 962.157043457031 968.619079589844 965.521484375 961.751831054688 965.981262207031 944.986267089844 933.225708007812 928.323608398438 927.7548828125 934.0634765625 933.588256835938 946.280517578125 956.367858886719 971.699645996094 976.566284179688 991.947204589844 1001.02545166016 1009.45965576172 1016.91143798828 1016.12133789062 1023.53955078125 1028.9541015625 1028.32604980469 1035.39331054688 1042.48120117188 1054.21472167969 1066.51867675781 1074.72033691406 1082.58117675781
970.979064941406 973.215942382812 975.342895507812 975.120727539062 967.823120117188 970.5537109375 976.249145507812 973.663208007812 980.778991699219 975.736694335938 975.065856933594 978.323364257812 979.907958984375 980.774841308594 979.261901855469 972.88818359375 969.196228027344 973.455932617188 980.732543945312 961.336730957031 958.50732421875 947.793090820312 939.550964355469 930.09521484375 932.830017089844 927.540100097656 931.299560546875 935.937805175781 947.353271484375 956.731811523438 970.150939941406 984.679504394531 997.333251953125 1007.8544921875 1018.99877929688 1027.38952636719 1029.30810546875 1026.73901367188 1029.67700195312 1032.7958984375 1036.56530761719 1045.5947265625 1055.31628417969 1062.52111816406 1073.71264648438 1073.154296875
980.693908691406 984.504455566406 980.629150390625 981.805847167969 978.074645996094 978.183837890625 984.632141113281 986.146118164062 996.607971191406 993.656677246094 992.133361816406 978.6123046875 986.15234375 990.537475585938 993.492797851562 984.928039550781 979.973022460938 977.326049804688 974.374267578125 967.016662597656 953.834594726562 938.338806152344 935.270874023438 930.4208984375 934.903137207031 939.745422363281 937.751892089844 938.46630859375 949.039184570312 959.100402832031 973.280883789062 980.047607421875 998.512145996094 1018.51501464844 1026.05212402344 1026.28771972656 1027.71142578125 1027.61877441406 1033.04748535156 1036.46459960938 1041.89770507812 1042.37084960938 1049.12023925781 1064.09106445312 1073.83471679688 1073.19323730469
988.542663574219 988.734680175781 989.659851074219 991.095275878906 980.525939941406 980.448913574219 988.896301269531 996.505676269531 1002.02661132812 996.642700195312 995.58447265625 994.857482910156 986.850402832031 982.969177246094 999.283996582031 997.855773925781 981.109680175781 971.790893554688 963.897338867188 955.138305664062 956.300476074219 939.944641113281 936.898559570312 931.749877929688 936.958801269531 941.841979980469 931.867797851562 945.353881835938 964.925231933594 972.783325195312 975.798095703125 988.171630859375 999.963806152344 1018.01580810547 1020.21472167969 1030.71728515625 1029.21667480469 1034.76062011719 1036.87854003906 1044.23876953125 1039.33020019531 1045.81555175781 1049.93811035156 1060.13989257812 1070.90747070312 1072.80847167969
