data/zlatibor_dem_simulations/DEMsim33.asc
NCOLS 150
NROWS 100
XLLCORNER 7394249
YLLCORNER 4841999
CELLSIZE 30
NODATA_VALUE -9999
[rows 20 to 39 of 100, columns 46 to 91 of 150]
1031.93029785156 1010.19793701172 1001.76641845703 1006.82025146484 1007.06549072266 1007.28131103516 1001.65698242188 997.063415527344 1001.38812255859 997.435424804688 1000.72271728516 1008.50750732422 1014.30694580078 1019.5830078125 1028.60534667969 1028.8583984375 1028.67700195312 1031.80346679688 1027.70483398438 1019.14849853516 1026.24938964844 1020.30389404297 1023.32543945312 1027.41870117188 1014.99127197266 1022.60852050781 1017.63470458984 1017.75769042969 1017.83306884766 1018.69952392578 1017.02709960938 1011.73065185547 1004.61627197266 1012.19854736328 1006.49755859375 1013.06561279297 1005.79821777344 1007.23858642578 1009.19018554688 1010.32489013672 1010.73291015625 1006.09759521484 1008.73321533203 1005.84680175781 1004.10888671875 1012.52886962891
1020.59423828125 1010.43341064453 1000.79180908203 1000.12133789062 997.043762207031 1001.93615722656 1005.07122802734 998.715942382812 1009.01635742188 1000.61535644531 998.138427734375 1008.62237548828 1017.22503662109 1016.36022949219 1025.69775390625 1024.02954101562 1023.84210205078 1026.26159667969 1018.08990478516 1015.568359375 1016.50146484375 1024.10083007812 1031.07189941406 1026.3212890625 1019.70849609375 1023.7109375 1020.36993408203 1015.95104980469 1010.470703125 1020.86102294922 1012.18902587891 1006.65216064453 1004.60876464844 1004.15209960938 997.912658691406 1016.77679443359 1017.71173095703 1008.19903564453 1013.13983154297 1012.47229003906 1004.6044921875 1008.08947753906 1004.77117919922 1004.02355957031 1004.33447265625 1016.14764404297
1024.10009765625 1013.71459960938 995.482116699219 999.987609863281 1002.80615234375 1006.84680175781 1003.84405517578 1005.39056396484 1000.64172363281 993.174438476562 1002.18859863281 1006.43157958984 1020.60455322266 1021.18988037109 1015.39447021484 1015.71917724609 1017.75256347656 1025.97448730469 1018.21380615234 1020.87939453125 1014.35589599609 1029.96569824219 1033.37963867188 1019.26696777344 1017.42517089844 1015.26678466797 1017.40649414062 1012.95947265625 1009.68048095703 1007.75347900391 1008.49798583984 1010.27459716797 1012.77911376953 1002.60406494141 1003.7958984375 1008.96258544922 1014.42651367188 1016.96252441406 1013.04382324219 1010.75396728516 1010.19293212891 1009.67419433594 1007.48504638672 1009.79608154297 1015.52679443359 1022.24145507812
1015.71368408203 1004.18304443359 1002.04748535156 1000.12768554688 1001.71313476562 1002.95861816406 1007.90728759766 1002.62365722656 1002.88012695312 1005.86248779297 1005.35321044922 1009.39477539062 1022.92004394531 1021.95880126953 1013.03900146484 1017.28393554688 1017.04840087891 1028.7822265625 1027.47229003906 1024.22497558594 1022.88726806641 1023.40087890625 1021.01513671875 1018.16033935547 1015.51293945312 1001.62591552734 997.36865234375 1006.05987548828 1003.44177246094 999.316284179688 1004.21502685547 1003.98156738281 1000.70526123047 999.137634277344 1000.68395996094 1004.060546875 1010.34313964844 1011.88409423828 1008.27990722656 1009.38110351562 1010.48156738281 1012.31414794922 1011.7568359375 1013.05157470703 1018.35455322266 1027.185546875
1013.43505859375 998.464172363281 992.807861328125 997.546997070312 1005.05340576172 999.821594238281 1004.62817382812 998.375366210938 1002.82720947266 1011.86688232422 1000.82067871094 1014.54010009766 1009.85101318359 1020.36346435547 1018.13952636719 1009.97241210938 1016.35009765625 1018.671875 1022.80865478516 1028.07885742188 1022.66644287109 1019.59918212891 1015.74780273438 1009.20263671875 1011.03179931641 1005.65338134766 1012.86358642578 1004.1357421875 1007.12426757812 1005.89587402344 1011.43670654297 1006.36090087891 1005.23248291016 1004.95648193359 999.234558105469 1003.09124755859 1003.88250732422 1000.71850585938 1007.28845214844 1007.23773193359 1009.25170898438 1013.12280273438 1016.34747314453 1013.38714599609 1020.52850341797 1022.04577636719
999.693298339844 990.78759765625 1000.87414550781 993.295776367188 995.812194824219 992.299682617188 998.859375 996.039855957031 997.445495605469 1003.18896484375 1000.55993652344 997.778259277344 1009.02331542969 1012.15344238281 1006.12200927734 1009.29187011719 1014.90472412109 1013.42126464844 1014.11981201172 1011.39282226562 1016.23968505859 1009.99133300781 1009.03442382812 1005.47882080078 1002.6103515625 1005.87426757812 1005.12237548828 1005.10076904297 1007.85699462891 1013.7373046875 1013.77227783203 1013.66809082031 1009.97180175781 998.697021484375 1004.65612792969 1001.93829345703 1003.32397460938 998.77001953125 1007.13580322266 1006.357421875 1008.79632568359 1006.28143310547 1010.12506103516 1008.892578125 1023.27355957031 1027.86804199219
995.294006347656 993.858642578125 998.701843261719 986.5068359375 983.16357421875 983.472351074219 988.758361816406 987.679809570312 999.042602539062 998.984619140625 995.450439453125 995.614868164062 1000.74645996094 1007.29650878906 1002.81610107422 1001.48101806641 1009.15087890625 1006.60528564453 1003.69079589844 1002.61865234375 996.150390625 1002.34173583984 1002.75872802734 1000.50738525391 1013.50744628906 1011.11212158203 1008.36444091797 1007.72747802734 1003.35607910156 1006.38970947266 1011.8623046875 1008.45001220703 1012.60675048828 1006.62390136719 1005.208984375 1000.61865234375 1005.54016113281 994.633361816406 1003.01049804688 1006.57592773438 1010.91253662109 1004.54681396484 1013.07568359375 1012.71502685547 1028.0556640625 1028.43347167969
997.816223144531 990.505676269531 995.944458007812 996.480895996094 982.938720703125 986.682189941406 982.41064453125 996.861206054688 996.01318359375 1001.49798583984 997.362609863281 996.008239746094 996.841125488281 995.888610839844 990.569519042969 1002.17028808594 1007.56591796875 1006.8798828125 1004.03106689453 1005.06304931641 1005.22399902344 1013.05297851562 1013.591796875 1002.85528564453 1007.05792236328 1016.28442382812 1010.65063476562 1004.49499511719 1003.18084716797 995.342529296875 994.842529296875 1002.61346435547 1006.43499755859 1001.47552490234 994.657897949219 997.450317382812 1000.18560791016 997.796203613281 1005.26403808594 1007.36041259766 1006.02697753906 1012.92236328125 1015.10333251953 1011.52282714844 1024.70239257812 1028.18981933594
990.079040527344 996.979797363281 990.597045898438 998.660583496094 990.053344726562 981.849060058594 990.274353027344 995.113403320312 993.201721191406 994.048400878906 997.416687011719 990.958618164062 994.084777832031 990.336486816406 995.089294433594 990.684631347656 997.542358398438 1000.7900390625 1005.59283447266 1007.12438964844 1006.24768066406 1015.86096191406 1010.65789794922 1014.29418945312 1009.89373779297 1012.46099853516 1002.86193847656 996.972839355469 997.168212890625 1000.35162353516 990.591735839844 998.32958984375 998.620971679688 1001.27569580078 991.838745117188 987.957885742188 999.555786132812 996.832580566406 1003.90655517578 1013.09002685547 1005.01379394531 1011.67584228516 1008.79595947266 1011.46154785156 1027.63562011719 1028.79248046875
989.846557617188 995.320190429688 998.490417480469 999.040283203125 986.789306640625 983.202209472656 986.6171875 990.931457519531 990.142150878906 991.772338867188 986.305603027344 991.089233398438 987.224731445312 986.829711914062 985.7998046875 983.365051269531 993.41015625 998.183837890625 1008.47119140625 999.994812011719 1006.12078857422 1008.42425537109 1001.35827636719 1012.18933105469 1005.25830078125 998.74755859375 992.292175292969 990.5126953125 1003.07342529297 1002.48095703125 999.268493652344 992.072509765625 986.105651855469 996.47998046875 988.030029296875 989.76513671875 1001.77416992188 1000.39166259766 1004.67425537109 1009.41961669922 1008.65661621094 1008.44781494141 1005.75134277344 1008.29968261719 1016.61938476562 1018.71136474609
983.185668945312 997.468994140625 991.734436035156 987.110961914062 993.584350585938 986.528869628906 979.484680175781 982.574340820312 980.905700683594 990.4560546875 982.812927246094 983.016784667969 982.072937011719 977.655639648438 982.400268554688 992.610412597656 994.008361816406 998.601135253906 1002.47357177734 1007.39593505859 997.373596191406 1003.98516845703 997.821472167969 1001.52728271484 998.146301269531 995.707824707031 996.696899414062 993.580505371094 992.034545898438 1002.73034667969 1006.11853027344 999.430786132812 990.122314453125 988.51611328125 982.884582519531 986.263305664062 994.288452148438 991.952331542969 1003.7666015625 1004.04351806641 1005.88824462891 1001.82916259766 1003.86981201172 1011.56420898438 1014.30499267578 1022.28228759766
985.966735839844 987.48779296875 987.280700683594 994.0068359375 989.943237304688 976.641723632812 970.038635253906 978.478149414062 981.742553710938 984.100219726562 980.132751464844 978.452758789062 981.945434570312 989.303100585938 984.85107421875 989.813110351562 991.54736328125 994.039184570312 1002.79992675781 1008.19970703125 1004.39050292969 1002.33410644531 1001.68182373047 991.828552246094 992.839294433594 987.664123535156 994.016235351562 996.628723144531 988.477966308594 997.899353027344 1002.25317382812 1006.66040039062 1002.02423095703 987.596557617188 991.070556640625 989.240295410156 992.432250976562 1000.18103027344 1004.04058837891 1003.30529785156 1009.31427001953 1007.68658447266 1015.41516113281 1012.42535400391 1014.68914794922 1019.32196044922
985.366943359375 982.274047851562 987.423583984375 986.883178710938 985.323486328125 977.006530761719 972.949523925781 978.839660644531 978.320251464844 979.457702636719 979.389099121094 983.830627441406 984.990661621094 975.86767578125 985.802856445312 987.40673828125 999.710754394531 1003.32806396484 1009.55218505859 1009.13153076172 990.629150390625 995.962768554688 988.837097167969 989.221984863281 991.779296875 996.461669921875 1007.26348876953 999.387145996094 992.213684082031 1002.48736572266 1000.455078125 1011.60620117188 1008.07366943359 996.300903320312 993.958679199219 994.218566894531 995.672790527344 997.197998046875 1002.78350830078 1003.78131103516 1011.14227294922 1002.40155029297 1010.49456787109 1010.31890869141 1019.14031982422 1027.85620117188
980.854797363281 976.337951660156 991.526916503906 983.111877441406 976.566040039062 969.026123046875 967.581604003906 978.31103515625 980.751220703125 980.642700195312 981.325439453125 980.343566894531 982.304504394531 976.344055175781 985.380981445312 982.772399902344 989.774230957031 992.110595703125 994.05810546875 1000.93170166016 993.988952636719 984.601013183594 978.961975097656 981.874755859375 988.0458984375 996.9091796875 1006.67620849609 1003.61608886719 996.270812988281 991.081726074219 1000.64031982422 1008.6630859375 1003.33801269531 999.020202636719 998.626708984375 998.499450683594 997.198608398438 998.134094238281 1002.69622802734 1008.15228271484 1007.18646240234 1008.82727050781 1014.33978271484 1010.09228515625 1010.46997070312 1010.15979003906
983.649658203125 979.420227050781 980.632080078125 980.106872558594 981.137512207031 974.454345703125 979.255310058594 973.204040527344 974.533935546875 972.418151855469 978.767395019531 984.914855957031 979.7265625 975.296508789062 981.904724121094 972.562194824219 965.772399902344 967.724670410156 978.749694824219 976.756713867188 983.704956054688 987.893737792969 977.987121582031 977.974426269531 977.725219726562 989.870666503906 990.111328125 988.462036132812 995.775024414062 993.918395996094 1001.15643310547 1000.50518798828 1000.59692382812 996.947204589844 1002.49743652344 998.962524414062 1006.55102539062 1002.16156005859 1002.72137451172 1018.35174560547 1018.46392822266 1013.76025390625 1012.27178955078 1007.18701171875 1009.76440429688 1014.56048583984
969.623657226562 970.305297851562 978.6552734375 977.974243164062 977.397399902344 977.946899414062 966.077209472656 963.708862304688 967.942932128906 967.863037109375 968.686584472656 977.553833007812 981.670532226562 975.176818847656 974.780151367188 961.825988769531 956.824951171875 953.380859375 959.45458984375 968.382141113281 971.332763671875 973.00048828125 973.135009765625 965.391235351562 967.497253417969 980.581787109375 986.005493164062 989.527160644531 997.265563964844 994.05859375 983.903686523438 989.064697265625 987.606750488281 992.108642578125 995.089599609375 997.153747558594 1002.47967529297 1000.69665527344 1004.01318359375 1013.95080566406 1009.58404541016 1012.13641357422 1013.17456054688 1006.05328369141 1011.39794921875 1006.34484863281
972.201354980469 971.863342285156 968.429016113281 972.845520019531 975.424072265625 978.135986328125 964.400634765625 964.524963378906 971.340942382812 971.524658203125 972.455139160156 979.240478515625 975.967468261719 976.104187011719 964.479309082031 949.875793457031 946.483642578125 953.509216308594 957.656616210938 963.645141601562 964.409301757812 972.501342773438 970.383972167969 966.8564453125 969.613525390625 971.863037109375 980.485229492188 991.792663574219 990.480834960938 981.942077636719 971.283386230469 973.3564453125 970.166564941406 977.243041992188 983.880187988281 993.3642578125 994.846252441406 997.557922363281 997.911315917969 1004.98150634766 1005.37652587891 1006.13537597656 1007.53643798828 1000.77886962891 999.066589355469 1010.47692871094
968.963684082031 967.470031738281 971.348022460938 969.352172851562 975.072509765625 980.050109863281 971.627685546875 964.614440917969 972.100219726562 967.1630859375 969.071411132812 978.391662597656 979.335388183594 978.9482421875 969.159851074219 956.622497558594 960.49267578125 952.610961914062 955.942260742188 969.260437011719 964.326110839844 956.646667480469 967.903259277344 974.593139648438 975.19091796875 973.000549316406 988.191040039062 995.64501953125 991.356994628906 991.989074707031 971.924438476562 966.333251953125 970.537719726562 974.776794433594 981.62255859375 988.302368164062 992.586730957031 984.831726074219 989.4140625 997.019104003906 995.747802734375 1002.05981445312 999.812683105469 997.253051757812 997.036376953125 1004.42395019531
966.031616210938 972.272277832031 973.673767089844 977.342590332031 975.707763671875 973.933837890625 967.812622070312 963.417297363281 966.943054199219 966.902893066406 976.167541503906 977.697021484375 976.496887207031 969.428833007812 965.883117675781 957.57763671875 954.052124023438 950.342895507812 959.309936523438 964.513732910156 956.847839355469 956.903015136719 962.555114746094 966.593139648438 975.413635253906 969.790100097656 981.614013671875 982.611022949219 982.645629882812 984.571533203125 984.218994140625 973.328735351562 976.053771972656 979.242980957031 977.401550292969 993.110900878906 997.509521484375 988.648498535156 985.024780273438 989.797607421875 985.760803222656 985.187805175781 995.219787597656 990.230834960938 991.841491699219 985.51171875
981.470947265625 970.494140625 970.437744140625 980.520568847656 973.929870605469 972.680541992188 965.448059082031 968.946044921875 963.389587402344 972.991516113281 972.852294921875 974.747802734375 970.327087402344 964.9765625 962.860778808594 959.645446777344 961.565612792969 961.878234863281 968.350219726562 965.874694824219 966.0244140625 968.515075683594 962.239929199219 968.273559570312 964.308227539062 971.969604492188 969.822326660156 982.805908203125 982.099365234375 972.273864746094 985.690063476562 980.252014160156 979.260131835938 976.2119140625 987.040893554688 991.088989257812 992.483764648438 990.849731445312 993.035766601562 986.987854003906 989.327209472656 987.186767578125 992.434936523438 986.804626464844 985.812194824219 989.56494140625
