data/zlatibor_dem_simulations/DEMsim83.asc
NCOLS 150
NROWS 100
XLLCORNER 7394249
YLLCORNER 4841999
CELLSIZE 30
NODATA_VALUE -9999
[rows 20 to 39 of 100, columns 0 to 45 of 150]
969.151733398438 965.992248535156 956.915954589844 955.006042480469 956.052062988281 958.295959472656 953.41064453125 952.256042480469 953.101501464844 949.258239746094 942.860717773438 942.100769042969 945.280029296875 954.69775390625 958.393920898438 966.619506835938 971.718872070312 959.845153808594 969.509460449219 968.439270019531 978.6806640625 978.22802734375 979.654907226562 995.577331542969 995.082824707031 997.898254394531 1002.82751464844 1002.47198486328 1000.96301269531 1013.46221923828 1011.88525390625 1016.54437255859 1016.10192871094 1027.70983886719 1027.37609863281 1031.99487304688 1033.91748046875 1034.55712890625 1027.43273925781 1031.29846191406 1036.27746582031 1034.66247558594 1025.74755859375 1024.55541992188 1018.93621826172 1014.83245849609
966.352966308594 963.141296386719 960.533081054688 955.966857910156 958.02197265625 952.497436523438 945.282592773438 945.524047851562 947.882873535156 947.962280273438 952.950012207031 945.326171875 948.170104980469 953.592041015625 948.712585449219 962.19384765625 971.294494628906 961.085998535156 967.676086425781 975.703063964844 981.648742675781 978.326782226562 985.559143066406 992.357055664062 998.557495117188 1002.42950439453 1001.45495605469 1007.06652832031 1011.35668945312 1005.03234863281 1009.20172119141 1012.76763916016 1017.83770751953 1019.95770263672 1021.84906005859 1015.62365722656 1024.65625 1024.21411132812 1026.375 1026.29711914062 1021.41522216797 1018.74426269531 1015.87451171875 1014.51647949219 1015.38452148438 1018.56451416016
964.127807617188 955.244079589844 952.06689453125 950.805236816406 945.248596191406 948.791381835938 941.538452148438 939.481811523438 957.976013183594 947.934753417969 952.495666503906 949.325012207031 951.398071289062 950.443420410156 950.733032226562 953.539855957031 965.602416992188 963.0869140625 972.994812011719 984.576049804688 989.131103515625 985.326354980469 990.325622558594 997.509826660156 1000.22552490234 1002.44812011719 998.646789550781 1004.71618652344 1011.20294189453 1011.814453125 1008.62921142578 1009.11444091797 1015.19372558594 1014.27532958984 1012.39971923828 1019.38299560547 1016.50830078125 1017.25561523438 1016.6162109375 1021.70147705078 1019.68273925781 1020.83386230469 1015.54754638672 1016.80505371094 1015.06524658203 1013.27380371094
963.129821777344 961.001586914062 952.779663085938 950.41650390625 956.89453125 954.560668945312 945.2294921875 942.781982421875 952.414855957031 956.348022460938 957.55322265625 958.872863769531 957.254028320312 958.738037109375 954.524719238281 949.485656738281 961.795776367188 973.397399902344 970.091125488281 979.345275878906 985.087768554688 989.204528808594 997.195068359375 1000.36065673828 995.377197265625 992.405090332031 998.05078125 1002.93939208984 1010.02355957031 1010.01800537109 1007.38946533203 1000.19000244141 993.004150390625 1007.13500976562 1014.29565429688 1019.62457275391 1021.13751220703 1023.58166503906 1014.90582275391 1016.58850097656 1025.51989746094 1022.93963623047 1019.11596679688 1017.41711425781 1008.75714111328 1009.08911132812
964.724975585938 952.013793945312 949.147033691406 942.734924316406 948.2333984375 946.780151367188 945.031311035156 947.292236328125 959.220092773438 963.524475097656 967.7744140625 965.470336914062 958.27392578125 968.153381347656 962.799194335938 963.500915527344 957.745178222656 977.03466796875 977.291076660156 974.36669921875 977.790222167969 982.929992675781 995.849548339844 991.529052734375 988.144226074219 982.093872070312 986.732299804688 999.072326660156 1007.6552734375 1007.58538818359 1006.91754150391 1002.17559814453 993.880004882812 995.719543457031 1005.06726074219 1019.06488037109 1019.31317138672 1021.93695068359 1020.26495361328 1017.02966308594 1020.51165771484 1017.40411376953 1021.67669677734 1012.16131591797 1002.98547363281 999.836669921875
955.495056152344 947.39990234375 946.023559570312 947.913879394531 945.541931152344 941.681396484375 944.898071289062 953.257263183594 957.562805175781 961.072998046875 964.449035644531 969.3984375 971.591064453125 972.764587402344 968.129089355469 971.95849609375 969.440368652344 968.163024902344 974.367370605469 967.561340332031 978.866088867188 977.780395507812 981.25146484375 980.851013183594 981.411376953125 982.510620117188 985.858581542969 988.333374023438 996.004333496094 998.906555175781 1002.56652832031 995.713806152344 1002.84924316406 997.938598632812 1000.35717773438 1017.73681640625 1022.83032226562 1020.32757568359 1020.84820556641 1020.45715332031 1010.16296386719 1010.31671142578 1016.79675292969 1013.23797607422 1000.93353271484 1003.41662597656
954.0478515625 946.015808105469 942.253173828125 948.346313476562 947.198669433594 947.278381347656 955.208251953125 955.497802734375 965.247619628906 961.680480957031 966.157836914062 979.652099609375 979.651611328125 981.216796875 970.403930664062 975.454895019531 960.833435058594 973.421997070312 979.171081542969 979.242797851562 979.516174316406 981.107055664062 984.146545410156 988.622985839844 980.522094726562 987.030090332031 987.992126464844 999.355285644531 994.442749023438 1001.53527832031 1000.99481201172 995.215515136719 1001.75598144531 996.405883789062 1003.51470947266 1013.41510009766 1020.57385253906 1018.67248535156 1016.09545898438 1022.12438964844 1011.29010009766 1006.86077880859 1012.91705322266 1010.43780517578 1001.74084472656 1008.74975585938
945.532348632812 942.404663085938 943.214111328125 938.862182617188 955.153869628906 959.118957519531 955.559936523438 963.969055175781 974.853454589844 970.947814941406 971.515380859375 973.421447753906 974.867004394531 975.759521484375 974.0439453125 962.277099609375 980.0390625 976.257202148438 972.984375 982.068908691406 984.6962890625 984.180725097656 981.901977539062 981.572326660156 980.047119140625 983.211059570312 989.139709472656 991.254577636719 990.296020507812 995.709289550781 995.175842285156 995.5107421875 994.763488769531 1001.52880859375 999.634948730469 1001.39184570312 999.976989746094 1000.98699951172 1006.07250976562 1007.54931640625 1003.23022460938 1002.19512939453 1004.31262207031 1010.58306884766 1006.40863037109 1004.24829101562
940.419982910156 942.001770019531 950.662109375 948.040771484375 967.815795898438 959.471618652344 960.373718261719 958.515869140625 980.96923828125 974.4326171875 966.170104980469 966.25439453125 973.469543457031 979.057678222656 981.504943847656 976.948669433594 981.019104003906 982.839294433594 987.042297363281 984.410522460938 986.374816894531 987.289733886719 988.412658691406 985.060668945312 988.478881835938 979.240966796875 981.285766601562 979.630493164062 984.387817382812 983.848449707031 988.872131347656 988.051147460938 1001.73120117188 987.990051269531 991.092041015625 988.051147460938 990.550109863281 999.224060058594 999.168640136719 987.25634765625 989.638488769531 998.286987304688 996.065795898438 1002.77465820312 1004.61706542969 997.946472167969
939.472900390625 945.458068847656 955.590454101562 957.609130859375 962.158874511719 963.872741699219 952.284423828125 963.223083496094 968.561889648438 974.27783203125 976.486755371094 972.275512695312 978.603698730469 975.520446777344 980.783325195312 981.956665039062 980.72802734375 980.816833496094 986.78955078125 984.37451171875 995.355712890625 990.115112304688 991.85400390625 989.214111328125 988.764282226562 985.085632324219 985.891906738281 980.002746582031 983.753967285156 979.778747558594 983.038269042969 987.710693359375 987.980895996094 985.420593261719 993.618957519531 998.862854003906 995.593078613281 993.133178710938 989.723449707031 987.909973144531 997.585876464844 989.215515136719 989.163940429688 986.702575683594 995.886291503906 989.957336425781
932.996032714844 945.337707519531 959.051147460938 966.580261230469 967.347351074219 963.140808105469 959.826599121094 956.550598144531 961.688232421875 972.680908203125 971.274047851562 978.896362304688 989.958251953125 980.984619140625 984.76513671875 977.716552734375 976.393676757812 988.628967285156 990.598693847656 997.704711914062 992.941284179688 994.754272460938 988.93896484375 985.939270019531 987.861145019531 985.957824707031 988.750183105469 991.140258789062 987.699462890625 983.148864746094 990.412963867188 986.583557128906 988.541137695312 986.058715820312 992.278015136719 991.914978027344 988.374694824219 987.732604980469 982.086364746094 979.279357910156 986.290344238281 986.288513183594 987.077270507812 985.570251464844 992.099792480469 987.195434570312
942.707885742188 950.559143066406 960.757446289062 969.209899902344 969.205322265625 967.564697265625 957.689208984375 962.515380859375 966.9580078125 973.091003417969 973.904846191406 978.487548828125 984.817932128906 980.702209472656 980.338623046875 976.545166015625 977.943786621094 982.139770507812 985.694396972656 982.351623535156 980.874694824219 987.9892578125 986.690368652344 981.195556640625 981.509826660156 982.869689941406 983.801208496094 986.414611816406 988.298706054688 986.992797851562 977.099731445312 990.067749023438 991.037719726562 973.18310546875 986.940185546875 984.632751464844 986.804748535156 981.30908203125 982.641906738281 979.807495117188 982.800231933594 983.251953125 991.230041503906 988.333557128906 992.048889160156 987.250183105469
945.790649414062 949.217102050781 961.032165527344 974.185729980469 962.938903808594 968.771484375 966.208557128906 966.740539550781 980.115234375 974.025085449219 973.193908691406 969.931213378906 976.437438964844 985.299255371094 980.519897460938 974.590759277344 973.804626464844 976.632629394531 981.519775390625 986.797241210938 982.381713867188 974.557556152344 972.54443359375 986.351013183594 977.759094238281 979.355590820312 974.440856933594 977.875122070312 982.768249511719 984.477966308594 989.156860351562 986.377563476562 982.86279296875 971.60498046875 984.878662109375 984.47216796875 984.247802734375 990.495666503906 982.609924316406 985.051025390625 991.354919433594 995.811950683594 992.822692871094 994.718811035156 988.356994628906 988.695007324219
945.610778808594 948.846130371094 953.374755859375 971.289672851562 972.402221679688 965.366638183594 975.542358398438 982.048522949219 978.769409179688 972.7685546875 964.771667480469 967.721252441406 968.483703613281 980.003540039062 974.221435546875 982.533508300781 976.507263183594 974.991271972656 984.839904785156 985.49853515625 981.977294921875 971.471740722656 973.980407714844 980.945007324219 981.947326660156 983.088256835938 982.443603515625 974.47314453125 977.935241699219 986.896545410156 984.054077148438 983.592712402344 979.583068847656 981.025573730469 988.103271484375 992.019104003906 992.172058105469 984.001281738281 983.541748046875 986.081665039062 990.237854003906 997.758850097656 991.942321777344 990.41015625 992.615112304688 992.566528320312
935.831665039062 949.459533691406 957.210815429688 970.278625488281 968.609130859375 965.402648925781 975.936950683594 979.8857421875 980.036926269531 971.898010253906 970.448547363281 977.65478515625 972.011352539062 978.036682128906 974.642272949219 975.499145507812 975.7490234375 971.364562988281 980.587646484375 980.026794433594 983.199462890625 982.748596191406 982.05126953125 982.405517578125 983.006958007812 980.2919921875 967.357543945312 976.637084960938 980.794067382812 987.009826660156 979.869140625 991.36669921875 990.959655761719 982.759643554688 987.432800292969 987.026794433594 981.805236816406 992.758605957031 983.346923828125 986.266418457031 988.760864257812 991.330261230469 992.836303710938 988.336303710938 985.879760742188 993.683654785156
945.740661621094 945.317260742188 958.297607421875 963.514953613281 970.1884765625 967.302856445312 969.997436523438 966.091979980469 980.284912109375 977.355834960938 980.414367675781 971.941589355469 966.116882324219 966.299072265625 972.813720703125 975.76953125 978.096801757812 979.979553222656 973.453674316406 978.348083496094 978.578063964844 972.1669921875 977.460632324219 982.033386230469 983.405395507812 974.769897460938 976.980407714844 977.568115234375 980.713317871094 986.239929199219 988.810363769531 988.608276367188 992.514282226562 979.745788574219 983.429260253906 984.906860351562 990.862731933594 984.279846191406 982.456726074219 977.885437011719 979.711608886719 979.656555175781 986.649963378906 991.017395019531 988.684875488281 985.706726074219
943.856994628906 954.206298828125 956.571838378906 963.870300292969 967.857543945312 972.860595703125 971.35546875 973.393615722656 977.405578613281 977.689270019531 972.241088867188 968.143981933594 969.13720703125 971.416625976562 965.055480957031 970.182250976562 978.602294921875 986.448486328125 982.002014160156 975.859252929688 980.032775878906 974.254943847656 971.464477539062 974.058410644531 974.193176269531 968.248474121094 966.812133789062 975.380676269531 980.097106933594 981.004211425781 986.992614746094 986.461669921875 979.522644042969 970.664672851562 974.796813964844 985.18505859375 987.864196777344 982.458618164062 981.265930175781 971.004272460938 976.511657714844 979.119079589844 982.411682128906 988.049682617188 987.175903320312 990.96142578125
940.103637695312 960.0537109375 962.453063964844 967.988952636719 969.597534179688 969.345642089844 974.393798828125 978.872253417969 975.234924316406 965.291809082031 969.536193847656 967.927856445312 969.488830566406 963.7041015625 961.195129394531 964.225830078125 978.212219238281 983.214050292969 982.066589355469 978.511108398438 977.360656738281 979.227844238281 976.6318359375 971.627563476562 974.180969238281 970.453002929688 970.246826171875 973.931213378906 981.591369628906 979.559448242188 982.004150390625 980.023254394531 973.193725585938 981.431701660156 979.657531738281 984.343933105469 988.106872558594 979.321228027344 981.592834472656 972.692199707031 975.119018554688 981.645263671875 984.020080566406 986.9677734375 987.359191894531 991.080200195312
955.52490234375 963.3828125 965.791809082031 967.4013671875 970.987060546875 969.896728515625 967.053039550781 966.828308105469 967.569519042969 966.784912109375 966.162780761719 970.298400878906 971.26611328125 972.724609375 967.089660644531 977.170349121094 971.805053710938 977.365600585938 979.090148925781 981.85888671875 986.566955566406 985.81494140625 974.945068359375 971.829833984375 969.123901367188 965.347534179688 972.666809082031 975.950073242188 978.305908203125 984.072998046875 981.320922851562 974.005249023438 976.305725097656 980.107055664062 980.289306640625 982.026733398438 986.124145507812 983.965942382812 976.159973144531 963.727600097656 970.992370605469 967.688781738281 981.226745605469 984.942749023438 989.817565917969 991.062927246094
960.600402832031 963.628173828125 968.293090820312 962.002075195312 968.99609375 965.507202148438 958.210815429688 961.70947265625 957.618774414062 971.630676269531 963.978088378906 976.867553710938 974.098693847656 970.547546386719 973.138244628906 973.519592285156 962.558959960938 967.318725585938 982.834655761719 971.498779296875 973.455078125 990.020874023438 977.458801269531 973.926147460938 980.428588867188 976.267517089844 969.596618652344 969.317016601562 975.962158203125 977.048095703125 975.666015625 975.923217773438 974.02001953125 983.619201660156 983.211547851562 980.283569335938 978.421752929688 978.915344238281 975.168273925781 971.429626464844 965.86474609375 960.08642578125 973.907409667969 983.345886230469 984.636779785156 982.630004882812
