data/zlatibor_dem_simulations/DEMsim96.asc
NCOLS 150
NROWS 100
XLLCORNER 7394249
YLLCORNER 4841999
CELLSIZE 30
NODATA_VALUE -9999
[rows 0 to 19 of 100, columns 46 to 91 of 150]
995.507263183594 999.680053710938 999.990051269531 988.726135253906 977.254272460938 973.932006835938 966.507263183594 959.932861328125 954.185546875 951.348693847656 950.308471679688 947.891906738281 946.365051269531 933.760620117188 938.382263183594 941.1337890625 939.379455566406 928.218688964844 921.946533203125 910.621459960938 908.812194824219 906.303466796875 908.795104980469 912.9423828125 931.22412109375 938.193542480469 949.885559082031 949.357482910156 950.671813964844 949.957946777344 955.450317382812 946.126220703125 948.981811523438 950.473449707031 959.725646972656 957.641723632812 969.271301269531 955.245971679688 953.878234863281 945.734985351562 945.571960449219 942.078552246094 932.953430175781 932.434509277344 926.641479492188 917.780944824219
997.460571289062 998.132568359375 994.807861328125 987.343872070312 976.499328613281 973.746337890625 962.616455078125 956.908447265625 955.143859863281 945.365600585938 951.820068359375 952.230651855469 943.235168457031 939.05126953125 941.707641601562 938.006713867188 937.095520019531 930.679077148438 922.247619628906 912.517822265625 905.659606933594 903.103942871094 912.405395507812 916.5791015625 928.617065429688 949.728210449219 955.264221191406 958.73681640625 969.441101074219 969.228942871094 961.717529296875 956.158996582031 961.601745605469 966.347412109375 969.797973632812 973.283264160156 973.19482421875 971.316833496094 966.894836425781 952.814636230469 943.658325195312 940.669189453125 936.208923339844 935.82421875 921.237426757812 928.3134765625
993.786437988281 994.871215820312 998.7548828125 981.025207519531 976.787658691406 975.892761230469 974.077758789062 964.517761230469 959.859375 955.4248046875 944.703918457031 943.54296875 940.983154296875 939.98583984375 936.761657714844 928.532043457031 930.356750488281 941.098876953125 928.4775390625 912.406555175781 910.264953613281 913.329284667969 918.470458984375 926.236999511719 933.360046386719 940.000793457031 944.968200683594 964.3662109375 971.257141113281 976.261413574219 972.535339355469 972.077697753906 973.978332519531 985.073547363281 979.044616699219 982.837036132812 981.319396972656 976.944946289062 966.262451171875 956.77783203125 948.166564941406 943.348937988281 939.787536621094 943.193481445312 926.629150390625 920.289123535156
988.804626464844 999.419128417969 1001.05609130859 997.591918945312 987.310119628906 983.089050292969 979.146606445312 967.412109375 972.570861816406 957.458862304688 955.91796875 949.945251464844 947.183349609375 950.478088378906 952.074279785156 941.475341796875 938.523803710938 936.309204101562 926.076049804688 930.764709472656 926.157897949219 921.102905273438 931.242614746094 932.903137207031 945.294555664062 950.837707519531 948.485717773438 967.446899414062 977.709777832031 980.312194824219 977.29833984375 979.701538085938 991.021850585938 1001.79058837891 999.129699707031 998.49560546875 1000.70373535156 988.662963867188 979.212951660156 968.462097167969 961.41650390625 962.256774902344 946.555480957031 941.876525878906 933.414978027344 925.437438964844
990.848815917969 997.010803222656 996.052856445312 1002.76971435547 992.900451660156 983.050415039062 986.083801269531 983.906494140625 974.927307128906 971.344970703125 960.799499511719 958.729370117188 961.429626464844 953.618835449219 957.68896484375 954.132385253906 952.342468261719 942.729125976562 943.632934570312 942.216003417969 937.3310546875 924.109191894531 933.35302734375 941.667419433594 950.861328125 957.434265136719 959.911193847656 963.308349609375 969.383483886719 973.825256347656 985.247741699219 996.185791015625 998.482177734375 1006.97399902344 1010.37609863281 1012.97467041016 1004.51232910156 993.911987304688 991.294189453125 982.402221679688 963.013000488281 957.119018554688 953.9755859375 948.834655761719 932.563415527344 935.439270019531
992.166625976562 988.792114257812 991.351867675781 994.287231445312 1002.01068115234 997.424072265625 996.85888671875 983.567443847656 984.950073242188 976.152465820312 966.65234375 961.969055175781 967.655822753906 964.561706542969 969.954650878906 967.994873046875 968.355346679688 947.085327148438 952.22021484375 944.692016601562 937.257751464844 934.466186523438 943.1826171875 954.723571777344 951.572631835938 962.559143066406 969.239013671875 960.754943847656 972.762634277344 976.707397460938 990.828857421875 1002.70184326172 1003.40350341797 1014.36975097656 1023.16381835938 1017.39782714844 1006.15020751953 1001.73120117188 989.841979980469 987.120483398438 964.221008300781 951.100646972656 942.630676269531 947.20751953125 931.9482421875 921.064758300781
993.998962402344 999.078857421875 992.996704101562 996.09814453125 1007.70721435547 1005.30987548828 999.447448730469 993.004272460938 997.13818359375 989.777709960938 977.641662597656 979.1728515625 981.019165039062 983.565673828125 981.212890625 973.774963378906 977.270568847656 966.300415039062 964.901916503906 951.395568847656 943.852172851562 944.19970703125 952.075500488281 962.070251464844 965.099060058594 972.034545898438 975.872253417969 973.723571777344 983.016906738281 987.054260253906 994.742309570312 1006.98126220703 1011.64074707031 1018.7412109375 1026.58703613281 1013.17071533203 1011.0263671875 1001.15106201172 992.0771484375 986.196838378906 971.125854492188 948.108093261719 939.531555175781 933.267333984375 933.462463378906 919.771545410156
989.850219726562 995.1767578125 991.154602050781 997.808349609375 1004.59039306641 1005.30078125 1002.66680908203 999.716552734375 998.519653320312 996.414001464844 993.666381835938 988.157531738281 990.214294433594 986.937072753906 985.827941894531 984.396728515625 968.056030273438 964.056457519531 963.596008300781 960.045654296875 951.615783691406 959.710693359375 956.897705078125 969.975402832031 968.091979980469 971.338500976562 973.49267578125 972.17578125 975.868041992188 986.554992675781 1010.89270019531 1015.51348876953 1024.26940917969 1025.52587890625 1030.90954589844 1023.05389404297 1008.49096679688 1006.55279541016 993.140319824219 978.010009765625 967.371337890625 952.083190917969 928.687683105469 932.041809082031 928.883544921875 914.737609863281
992.474792480469 1006.62554931641 996.995666503906 998.191772460938 1007 1010.11901855469 1007.41064453125 1001.08392333984 999.44970703125 1005.35668945312 1005.40686035156 1002.72625732422 997.374450683594 997.383422851562 991.717956542969 982.902282714844 983.763793945312 968.525146484375 968.454833984375 967.564086914062 964.210754394531 973.908569335938 971.702941894531 975.312927246094 980.010375976562 982.32568359375 970.226806640625 978.360961914062 986.767517089844 989.670349121094 1010.25311279297 1015.23553466797 1030.66247558594 1036.74365234375 1026.92602539062 1025.75341796875 1011.59973144531 1002.43920898438 990.124206542969 978.464294433594 962.578186035156 945.655090332031 941.370178222656 931.859985351562 925.843505859375 926.15478515625
1009.45721435547 1009.92785644531 1000.1435546875 1000.55084228516 1008.09869384766 1010.99273681641 1017.80615234375 1013.29425048828 1012.37097167969 1013.83276367188 1016.36975097656 1018.31579589844 1011.81188964844 1011.26483154297 1000.73461914062 994.796630859375 992.645202636719 977.412841796875 962.941467285156 979.800415039062 980.118225097656 988.002380371094 987.282470703125 985.965515136719 991.033935546875 991.957153320312 983.279846191406 986.677917480469 992.306762695312 1002.74542236328 1011.23004150391 1017.58898925781 1027.15869140625 1034.26782226562 1027.40539550781 1026.74377441406 1023.98809814453 1005.59613037109 984.220642089844 984.767333984375 970.891784667969 955.739196777344 941.662414550781 932.650024414062 930.031127929688 931.528259277344
1011.91400146484 1017.41052246094 1005.38818359375 1009.54296875 1011.03302001953 1014.62213134766 1020.53540039062 1015.52813720703 1013.47644042969 1019.90979003906 1023.80853271484 1022.20697021484 1016.89300537109 1017.81878662109 999.484985351562 1002.16516113281 997.3076171875 984.917175292969 977.717163085938 978.107116699219 990.123596191406 992.140808105469 988.595764160156 988.731384277344 992.259033203125 1001.70202636719 998.309509277344 994.828125 1004.43664550781 1021.9443359375 1021.88732910156 1025.67590332031 1028.73620605469 1036.18395996094 1037.15234375 1025.06701660156 1022.15063476562 1004.50555419922 989.108581542969 987.925598144531 976.633483886719 962.575378417969 950.963317871094 936.932861328125 943.481811523438 938.071228027344
1019.70495605469 1014.84185791016 1015.59527587891 1017.16021728516 1019.38946533203 1009.39794921875 1011.90966796875 1013.6953125 1010.52691650391 1020.34155273438 1023.18859863281 1020.16442871094 1014.01489257812 1011.31762695312 1011.03564453125 1003.49249267578 997.224853515625 992.079956054688 988.938049316406 995.008850097656 991.850036621094 990.773803710938 988.485534667969 985.344543457031 984.341003417969 1000.03930664062 1006.39099121094 1004.48120117188 1012.94757080078 1033.62353515625 1023.55975341797 1029.83117675781 1037.87866210938 1032.3857421875 1039.06408691406 1029.5302734375 1024.77197265625 1017.97479248047 996.590637207031 987.16650390625 978.586303710938 967.950012207031 956.089050292969 941.864929199219 939.160278320312 948.192565917969
1022.87219238281 1012.51306152344 1018.87512207031 1011.73736572266 1014.09808349609 1013.76611328125 1006.37219238281 1008.34582519531 1020.75482177734 1007.80419921875 1013.17895507812 1016.86627197266 1019.21856689453 1014.34777832031 1013.01513671875 1016.84350585938 998.296752929688 999.31298828125 992.072448730469 999.588073730469 997.54150390625 991.532409667969 986.757690429688 984.210266113281 996.306030273438 995.594848632812 1008.478515625 1018.95300292969 1020.94055175781 1025.68872070312 1024.90209960938 1029.759765625 1029.61059570312 1032.37292480469 1027.7666015625 1028.99597167969 1028.75244140625 1013.73681640625 998.133483886719 992.529052734375 987.969543457031 973.070251464844 965.915222167969 953.798767089844 950.657836914062 945.707824707031
1021.13098144531 1011.15765380859 1007.15252685547 1005.76257324219 1009.5380859375 1002.67236328125 1005.32580566406 1005.51971435547 1014.30926513672 1011.32806396484 1016.43927001953 1022.99621582031 1014.00524902344 1008.25677490234 1015.04669189453 1020.17364501953 1010.48291015625 1016.61706542969 1008.10662841797 998.9345703125 992.923156738281 991.625183105469 989.434814453125 985.776733398438 988.252746582031 997.284606933594 1006.57305908203 1022.34753417969 1023.25390625 1031.41564941406 1028.31640625 1027.21704101562 1032.55383300781 1034.91223144531 1027.47912597656 1029.34790039062 1024.88171386719 1009.49572753906 996.481323242188 993.296264648438 995.122131347656 983.454528808594 972.001647949219 965.169860839844 953.182861328125 942.216247558594
1026.29846191406 1004.66967773438 1013.60260009766 1015.37811279297 1005.70892333984 999.520202636719 1014.47583007812 1024.93664550781 1024.20825195312 1019.74932861328 1012.61248779297 1021.23376464844 1021.27502441406 1021.19299316406 1030.47644042969 1019.09924316406 1019.63482666016 1017.96166992188 1011.20379638672 1005.49267578125 1006.14880371094 1010.80334472656 999.446533203125 987.952514648438 990.762145996094 995.167541503906 1010.29748535156 1021.89447021484 1023.36163330078 1023.060546875 1029.34741210938 1034.64184570312 1033.72119140625 1032.93054199219 1028.65234375 1029.22424316406 1019.48077392578 1007.50732421875 1006.50152587891 1009.02105712891 999.096313476562 985.955932617188 972.909362792969 967.055541992188 949.642700195312 942.806701660156
1023.72509765625 1013.33319091797 1016.20513916016 1011.86859130859 1008.55261230469 1012.45257568359 1017.64929199219 1020.68713378906 1011.13586425781 1014.77911376953 1024.75756835938 1026.01257324219 1030.27282714844 1026.89562988281 1034.27526855469 1025.13586425781 1027.93969726562 1022.87963867188 1020.14996337891 1006.80767822266 1011.81536865234 1012.00701904297 1009.45776367188 1000.61163330078 996.722229003906 1001.59851074219 1004.70544433594 1006.35992431641 1014.08178710938 1014.37493896484 1017.65234375 1020.60565185547 1019.75054931641 1026.32885742188 1025.16906738281 1031.88073730469 1024.80822753906 1009.67779541016 1003.84143066406 1005.02349853516 1003.66864013672 990.81494140625 981.432189941406 968.123474121094 951.184387207031 939.208312988281
1027.36975097656 1023.42224121094 1023.84619140625 1005.33074951172 1015.05908203125 1011.49792480469 1007.69940185547 1017.83001708984 1006.08587646484 1011.97137451172 1019.24926757812 1025.45568847656 1028.64379882812 1027.62854003906 1021.43090820312 1026.02453613281 1029.85229492188 1023.45098876953 1018.90069580078 1019.15692138672 1018.80834960938 1022.80249023438 1009.92816162109 1004.66485595703 1003.65856933594 1005.49499511719 1004.95843505859 1013.02984619141 1007.54132080078 1005.84149169922 1010.59112548828 1014.53942871094 1016.43017578125 1025.42456054688 1017.86486816406 1031.23767089844 1026.30541992188 1024.45043945312 1012.22985839844 1012.21374511719 1005.53961181641 1001.81744384766 995.073669433594 987.2138671875 963.803100585938 953.148010253906
1029.00732421875 1024.41821289062 1016.66833496094 1010.17028808594 1017.44006347656 1012.06079101562 1013.33251953125 1008.15667724609 1006.08380126953 1007.63629150391 1010.81225585938 1022.34539794922 1027.22387695312 1024.14001464844 1027.26953125 1019.95690917969 1025.8642578125 1029.59619140625 1030.46948242188 1028.36401367188 1025.52416992188 1019.91687011719 1019.81585693359 1020.40222167969 1014.57879638672 1012.21435546875 1011.36376953125 1008.88690185547 1010.60241699219 1007.76892089844 1004.39611816406 1008.62084960938 1008.28918457031 1012.20495605469 1017.68518066406 1013.69061279297 1022.73577880859 1022.82647705078 1012.67254638672 1018.15234375 1004.86663818359 1004.23571777344 1001.59747314453 990.394653320312 983.661987304688 971.087036132812
1025.00659179688 1019.63665771484 1009.26885986328 1007.70825195312 1004.59576416016 1006.64825439453 1003.67071533203 1006.08801269531 1007.71325683594 1012.54602050781 1003.87048339844 1020.45642089844 1019.11602783203 1024.3017578125 1016.96466064453 1026.46887207031 1031.56335449219 1031.14978027344 1022.11157226562 1023.36486816406 1024.28125 1021.34613037109 1024.62463378906 1031.03503417969 1034.84704589844 1021.50604248047 1021.79321289062 1009.1787109375 1006.25817871094 1012.87341308594 1010.50402832031 1012.77020263672 1003.57952880859 1006.52172851562 1006.68585205078 1005.5283203125 1008.64208984375 1015.14465332031 1012.58953857422 1017.82153320312 1013.41845703125 1001.17590332031 999.198059082031 996.068969726562 990.339965820312 985.086120605469
1028.08056640625 1014.314453125 1013.01599121094 1004.02947998047 1004.14410400391 1002.08148193359 997.09130859375 1002.00323486328 1005.10729980469 1005.49310302734 1006.31481933594 1006.58734130859 1011.1572265625 1005.4521484375 1010.82867431641 1018.74499511719 1018.14508056641 1026.89611816406 1022.67883300781 1017.90612792969 1025.6435546875 1022.41912841797 1028.0859375 1027.55871582031 1028.78588867188 1025.91870117188 1024.76770019531 1011.54083251953 1005.302734375 1007.72625732422 1012.45758056641 1009.32061767578 1008.73614501953 1004.98980712891 1015.02264404297 1004.34942626953 999.93408203125 1012.39184570312 1013.08355712891 1012.94104003906 1006.00280761719 1007.21380615234 1000.9814453125 999.927124023438 996.289733886719 992.825073242188
