data/zlatibor_dem_simulations/DEMsim61.asc
NCOLS 150
NROWS 100
XLLCORNER 7394249
YLLCORNER 4841999
CELLSIZE 30
NODATA_VALUE -9999
[rows 80 to 99 of 100, columns 0 to 45 of 150]
928.51806640625 940.881164550781 941.579528808594 940.753540039062 939.47900390625 938.649475097656 946.07861328125 943.560913085938 938.8154296875 948.209106445312 967.200012207031 967.20166015625 969.480712890625 971.477478027344 977.297180175781 979.872314453125 983.874938964844 979.58251953125 979.693481445312 977.908569335938 979.056579589844 985.545349121094 977.133850097656 981.105285644531 981.283081054688 986.496032714844 988.716369628906 982.823303222656 976.867919921875 978.348999023438 984.118591308594 972.250610351562 982.618347167969 985.015563964844 987.843078613281 984.058349609375 988.869384765625 982.946105957031 992.987426757812 996.83544921875 1010.27557373047 1009.96728515625 1010.57354736328 994.99267578125 1008.40295410156 1002.51068115234
929.518798828125 936.943481445312 943.237243652344 940.956787109375 941.979309082031 944.966918945312 938.8662109375 944.679321289062 939.090698242188 952.517150878906 956.170593261719 959.556884765625 964.368774414062 965.302429199219 975.218933105469 978.265014648438 984.080200195312 970.362548828125 978.069091796875 975.38818359375 976.807983398438 979.515625 967.830261230469 981.50048828125 990.014038085938 978.917602539062 973.099365234375 970.919677734375 975.365966796875 983.417053222656 985.551025390625 980.091735839844 983.074401855469 983.343627929688 989.875244140625 987.683715820312 989.011962890625 994.210998535156 1001.65795898438 1003.42132568359 1004.05163574219 1001.93426513672 999.943969726562 995.924133300781 999.051513671875 1007.27124023438
932.904235839844 936.077575683594 935.071533203125 949.740417480469 937.167846679688 946.797180175781 939.401672363281 947.669128417969 954.478942871094 964.775146484375 968.220825195312 953.222106933594 947.041442871094 959.41455078125 967.576965332031 968.676879882812 969.412780761719 969.844848632812 969.759033203125 973.39404296875 973.832885742188 966.103759765625 972.465881347656 986.895935058594 989.472045898438 991.627075195312 979.675476074219 983.638488769531 969.874877929688 972.263427734375 977.266235351562 980.371887207031 982.623291015625 980.628967285156 980.697326660156 980.430419921875 984.308288574219 992.008422851562 1000.96087646484 1001.47406005859 1000.82867431641 1003.01885986328 999.63720703125 998.158325195312 999.486694335938 1008.56304931641
929.321411132812 935.293518066406 935.063537597656 944.643310546875 936.952453613281 933.237548828125 933.918151855469 950.717346191406 953.522888183594 966.191833496094 964.881103515625 955.401000976562 957.529968261719 957.548278808594 954.867919921875 966.154968261719 968.032104492188 964.424926757812 961.617797851562 963.124633789062 961.937744140625 963.205322265625 966.142211914062 971.41845703125 982.059814453125 983.117309570312 983.186645507812 983.940246582031 972.172607421875 969.613830566406 969.631103515625 968.761047363281 981.200317382812 976.5185546875 971.2158203125 968.316101074219 975.108459472656 984.374389648438 1001.04333496094 997.1318359375 997.644836425781 999.80859375 988.834045410156 990.110168457031 1004.01525878906 1003.10034179688
931.730224609375 929.561401367188 931.685729980469 938.902587890625 932.477905273438 926.361145019531 937.214965820312 951.9921875 954.076904296875 960.73291015625 964.112487792969 959.075805664062 951.664489746094 958.213562011719 954.005737304688 958.5888671875 967.389526367188 954.474975585938 961.203002929688 957.752868652344 959.280334472656 959.484375 965.277709960938 969.911437988281 979.283630371094 971.756286621094 972.273498535156 970.21044921875 963.810363769531 962.344848632812 963.031372070312 965.761840820312 982.927917480469 983.945739746094 978.898498535156 978.265258789062 970.939453125 980.503356933594 979.703552246094 985.625671386719 984.029052734375 994.630554199219 986.344055175781 992.797302246094 1003.92657470703 1002.41973876953
933.580078125 931.928100585938 935.469421386719 941.102600097656 941.098022460938 938.930419921875 941.614501953125 944.622680664062 947.9189453125 951.295104980469 957.109497070312 958.52880859375 951.976867675781 945.257629394531 960.979125976562 971.75732421875 957.025756835938 953.213134765625 954.243225097656 952.165466308594 951.010070800781 955.681457519531 955.853820800781 962.407287597656 956.116149902344 959.385925292969 963.425415039062 963.6513671875 961.219909667969 957.032897949219 958.576599121094 965.683654785156 977.495422363281 983.628967285156 975.673278808594 972.026184082031 980.543395996094 980.3447265625 974.726196289062 975.732055664062 986.251403808594 982.108154296875 988.014953613281 998.27099609375 1003.54553222656 1001.85552978516
929.162780761719 932.087646484375 931.579833984375 943.515319824219 940.799987792969 933.467895507812 940.79833984375 943.53662109375 942.685119628906 943.910339355469 951.1279296875 959.750366210938 952.350158691406 952.165832519531 958.033203125 961.4833984375 955.6572265625 953.597473144531 952.599609375 946.493408203125 949.6650390625 958.178771972656 956.020935058594 949.719299316406 952.033752441406 950.944458007812 956.123352050781 955.787719726562 955.793823242188 959.070007324219 962.539978027344 960.455749511719 973.757019042969 974.078308105469 967.657470703125 973.536071777344 970.469543457031 971.036804199219 967.899353027344 970.962585449219 984.894897460938 982.246948242188 979.619995117188 987.976989746094 994.634460449219 994.629577636719
940.551696777344 944.557922363281 942.062316894531 942.723449707031 941.631408691406 932.008850097656 939.774536132812 938.018310546875 943.242431640625 942.817077636719 937.412170410156 949.142517089844 948.754821777344 952.499206542969 958.844055175781 953.035034179688 941.074951171875 953.580261230469 953.551391601562 959.64794921875 961.93212890625 962.64501953125 950.270690917969 955.710998535156 953.704162597656 953.258728027344 952.746704101562 960.426879882812 955.639709472656 953.016784667969 952.8125 964.789489746094 974.362548828125 972.720275878906 970.014404296875 970.382141113281 969.983764648438 962.422607421875 967.024047851562 972.856689453125 978.291625976562 980.949584960938 976.005798339844 992.098022460938 991.821899414062 987.824951171875
952.234924316406 955.971618652344 954.690856933594 951.695068359375 946.993408203125 942.72265625 935.622192382812 944.8798828125 941.763122558594 933.564025878906 935.924621582031 946.551818847656 957.281372070312 957.984008789062 952.803039550781 949.437561035156 937.130187988281 945.732482910156 955.422180175781 961.101745605469 965.088745117188 961.031677246094 961.684509277344 956.601318359375 959.04638671875 961.827209472656 959.978576660156 962.450012207031 953.665649414062 956.459289550781 959.960876464844 970.881896972656 966.392883300781 968.8759765625 972.10546875 964.914611816406 971.0634765625 969.955810546875 972.714721679688 969.928344726562 968.852355957031 975.132934570312 972.007629394531 978.152465820312 983.588684082031 987.803771972656
953.123657226562 958.905090332031 955.753662109375 958.625183105469 956.8037109375 957.273498535156 946.175048828125 945.095581054688 941.084167480469 946.083251953125 944.019409179688 953.160949707031 955.080017089844 955.531372070312 948.900329589844 947.346984863281 944.283142089844 957.738647460938 955.529846191406 951.942687988281 963.659118652344 955.251892089844 956.926635742188 966.378540039062 957.910522460938 965.367919921875 964.357421875 968.205932617188 955.577453613281 959.213745117188 968.186340332031 970.831115722656 966.472045898438 970.372009277344 969.650024414062 974.823913574219 973.671142578125 973.867492675781 967.394836425781 973.746459960938 975.545593261719 971.044860839844 960.102111816406 976.265197753906 981.438171386719 986.965698242188
957.458618164062 964.447265625 969.841674804688 959.379272460938 967.1845703125 948.788696289062 944.488159179688 949.462768554688 946.982971191406 949.280639648438 950.192443847656 949.554748535156 965.241394042969 955.362487792969 949.533996582031 952.294006347656 948.302795410156 958.138122558594 956.909484863281 947.903869628906 943.638916015625 959.215881347656 961.006591796875 964.488525390625 968.016906738281 966.696533203125 964.003479003906 967.630065917969 965.105041503906 956.01220703125 960.444152832031 964.177001953125 960.498901367188 968.226928710938 974.010009765625 975.935180664062 976.89404296875 982.008422851562 981.955627441406 981.693237304688 972.020812988281 973.615905761719 969.527465820312 974.607055664062 974.542602539062 982.376892089844
954.708984375 972.478881835938 975.452392578125 965.800903320312 963.437866210938 958.697448730469 946.811401367188 950.268676757812 953.969970703125 956.580444335938 956.167297363281 952.381896972656 963.421264648438 958.146789550781 957.704956054688 956.671508789062 954.8779296875 963.299743652344 961.633483886719 955.212646484375 952.458923339844 954.72705078125 961.445190429688 966.6201171875 958.108459472656 969.951721191406 961.631469726562 966.320251464844 975.292724609375 973.835998535156 971.218383789062 965.111511230469 957.35009765625 972.232543945312 977.188781738281 981.783264160156 976.018249511719 982.915954589844 985.155578613281 985.996704101562 972.985229492188 974.436584472656 977.712280273438 978.226379394531 977.075317382812 975.57177734375
962.340576171875 969.806030273438 970.663330078125 963.688842773438 966.694458007812 962.688598632812 956.433410644531 954.047485351562 960.565368652344 964.120910644531 969.679138183594 962.561218261719 964.425598144531 967.625305175781 968.404418945312 957.685668945312 956.880676269531 963.42919921875 967.012634277344 970.064392089844 957.310974121094 965.797485351562 955.937194824219 950.617492675781 953.637939453125 957.203430175781 962.665405273438 966.235778808594 976.478576660156 971.244384765625 971.486022949219 964.62158203125 963.658508300781 966.132507324219 977.9609375 985.127990722656 979.587097167969 980.4248046875 986.1103515625 977.075012207031 987.741638183594 987.2470703125 975.638427734375 966.216125488281 974.100219726562 978.295166015625
960.601013183594 973.006469726562 974.267761230469 972.929382324219 964.31640625 974.633117675781 962.43994140625 954.821166992188 957.828796386719 958.624389648438 958.315246582031 959.979309082031 970.38916015625 968.744384765625 973.398254394531 964.756286621094 966.84423828125 969.308410644531 972.07666015625 968.71044921875 979.500732421875 968.233337402344 962.456970214844 959.276306152344 963.679443359375 970.440490722656 975.809204101562 970.709167480469 975.295654296875 973.112548828125 977.338928222656 978.481018066406 962.258911132812 971.28662109375 972.757080078125 977.31396484375 982.805786132812 979.378845214844 986.398803710938 983.558654785156 979.712219238281 988.723999023438 979.214904785156 975.135437011719 973.281860351562 971.124877929688
966.376953125 959.996704101562 963.723999023438 955.873229980469 958.583557128906 959.945373535156 964.266235351562 958.898498535156 952.378356933594 956.636535644531 951.421142578125 953.098815917969 966.917785644531 968.318786621094 972.253295898438 966.499267578125 973.349853515625 970.506103515625 975.399963378906 972.849548339844 969.148498535156 973.974487304688 973.381103515625 971.767883300781 970.865844726562 977.959899902344 985.271057128906 974.153747558594 975.694885253906 970.957458496094 967.890930175781 976.65283203125 972.387390136719 963.194213867188 969.398254394531 973.780395507812 974.468688964844 973.652709960938 980.220581054688 983.950561523438 984.027404785156 984.350830078125 980.410522460938 986.311096191406 983.912902832031 974.953125
968.225280761719 959.484802246094 972.354858398438 967.796264648438 963.402648925781 959.040222167969 956.080627441406 949.859313964844 945.386901855469 948.274658203125 964.174926757812 963.871704101562 967.330932617188 965.692626953125 970.092834472656 971.350524902344 976.50244140625 969.101318359375 969.282775878906 973.048645019531 978.559265136719 968.90771484375 975.275817871094 972.974060058594 975.145935058594 973.603820800781 984.810791015625 982.176513671875 982.751708984375 984.446716308594 976.574829101562 977.02734375 973.076721191406 971.622314453125 978.064025878906 976.227844238281 974.498779296875 973.572265625 973.437438964844 984.384765625 979.35400390625 979.122619628906 976.509704589844 978.379150390625 983.866760253906 984.934265136719
967.4521484375 964.133605957031 965.401123046875 972.524841308594 952.986450195312 947.061340332031 950.274536132812 944.509521484375 943.890258789062 957.845947265625 961.229125976562 966.724365234375 967.907470703125 973.8447265625 974.025146484375 977.35205078125 968.975646972656 971.1494140625 966.297485351562 970.876647949219 982.634216308594 975.777221679688 970.014282226562 973.569152832031 979.710876464844 975.989562988281 979.314697265625 983.045349121094 983.224792480469 978.24365234375 988.253479003906 980.6162109375 979.728149414062 978.571899414062 980.015014648438 969.423034667969 974.160522460938 977.108337402344 978.290161132812 980.723449707031 981.882446289062 982.122131347656 976.269226074219 979.440002441406 978.635864257812 981.913696289062
965.437316894531 957.605651855469 959.518127441406 960.919372558594 960.849609375 950.0302734375 961.76611328125 951.700378417969 951.50390625 954.070068359375 966.633422851562 976.775207519531 980.076782226562 978.006408691406 977.299560546875 978.107482910156 972.601684570312 975.585998535156 978.83642578125 974.840270996094 976.926391601562 978.895874023438 977.032653808594 984.382385253906 992.874145507812 984.499206542969 989.271789550781 984.198974609375 977.399047851562 980.839599609375 982.164367675781 977.968017578125 976.746032714844 976.634155273438 979.65771484375 968.115356445312 973.665405273438 980.589111328125 980.860595703125 985.329772949219 984.398559570312 982.117004394531 985.7353515625 984.758117675781 978.941528320312 978.589599609375
967.882629394531 962.255432128906 956.77001953125 958.725341796875 959.435302734375 968.888305664062 959.750122070312 950.353820800781 958.217041015625 959.948181152344 968.279357910156 971.024475097656 984.678405761719 988.242431640625 989.850524902344 983.975830078125 971.957275390625 994.826843261719 982.412841796875 971.145324707031 983.133056640625 980.912719726562 982.297546386719 989.154357910156 991.070617675781 993.718505859375 990.582336425781 983.135314941406 983.423950195312 992.610412597656 992.713500976562 985.983520507812 981.177185058594 982.756408691406 979.775451660156 976.892272949219 975.475280761719 983.856506347656 983.030883789062 987.17431640625 986.910400390625 988.163635253906 983.890258789062 987.971923828125 980.329406738281 987.252746582031
976.319641113281 959.495056152344 967.005920410156 961.433654785156 965.28662109375 956.3935546875 949.827270507812 945.786376953125 954.92919921875 956.600402832031 973.621398925781 970.80419921875 986.240539550781 994.596252441406 992.689392089844 990.220947265625 983.261352539062 989.988037109375 993.928344726562 993.598449707031 991.301818847656 991.396850585938 987.682739257812 983.797729492188 987.381958007812 993.266235351562 994.489868164062 987.40771484375 979.202697753906 986.503784179688 989.537902832031 981.815185546875 973.368835449219 970.901794433594 972.061706542969 977.424011230469 976.148315429688 980.364013671875 988.734375 992.440856933594 996.159606933594 991.659484863281 979.174682617188 977.088684082031 983.337158203125 983.196228027344
