data/zlatibor_dem_simulations/DEMsim74 (1).asc
NCOLS 150
NROWS 100
XLLCORNER 7394249
YLLCORNER 4841999
CELLSIZE 30
NODATA_VALUE -9999
[rows 80 to 99 of 100, columns 46 to 91 of 150]
1012.13464355469 1016.15618896484 1012.78442382812 1016.56799316406 1004.98168945312 1006.20989990234 991.670227050781 984.542419433594 984.242126464844 983.87890625 987.539306640625 981.903869628906 984.249389648438 984.1865234375 993.020080566406 985.239685058594 979.573059082031 976.152648925781 970.024963378906 969.245727539062 982.746398925781 987.746215820312 980.371215820312 980.155090332031 985.214904785156 974.874267578125 987.71044921875 990.670532226562 989.167846679688 980.511535644531 980.145202636719 987.543823242188 998.476379394531 1004.82928466797 1006.57562255859 1003.06140136719 998.723266601562 998.024353027344 998.932067871094 1004.04663085938 999.390502929688 1002.60583496094 1000.41937255859 998.770874023438 998.8818359375 997.18212890625
1003.50970458984 1007.13604736328 1011.37237548828 1013.65142822266 1004.95233154297 998.326354980469 994.173400878906 987.276489257812 986.220581054688 988.331787109375 985.696655273438 983.381530761719 984.673950195312 992.848693847656 992.253784179688 987.1298828125 986.465942382812 980.388366699219 977.724670410156 972.275146484375 975.440063476562 981.921630859375 981.105651855469 982.230590820312 992.184997558594 993.754821777344 996.920288085938 991.285034179688 981.944763183594 988.741394042969 989.171936035156 994.995483398438 1002.26318359375 1009.68005371094 1006.63018798828 1003.15716552734 1002.18218994141 1000.67297363281 1007.33660888672 1002.64031982422 997.136901855469 999.833374023438 999.845092773438 994.652404785156 999.456665039062 1002.34393310547
995.516479492188 1000.86968994141 1005.25518798828 1003.74743652344 1004.07482910156 1002.98870849609 997.922973632812 983.110595703125 985.292907714844 985.448852539062 985.012939453125 986.019226074219 990.24560546875 980.149841308594 991.514221191406 986.622497558594 989.973815917969 984.756652832031 971.59375 969.214294433594 973.828674316406 985.196472167969 977.220520019531 986.313110351562 990.4599609375 987.403198242188 989.051635742188 999.722839355469 987.067749023438 985.142333984375 987.685791015625 992.068481445312 998.750183105469 997.225830078125 999.331237792969 1002.75695800781 998.492370605469 1000.19885253906 1002.57666015625 1003.37329101562 994.38671875 996.236511230469 994.7578125 994.894897460938 995.599060058594 1001.33721923828
984.735656738281 996.110656738281 1001.71124267578 998.950561523438 1002.27276611328 1004.16687011719 996.338500976562 980.4052734375 979.997985839844 988.1767578125 987.4501953125 989.946899414062 980.312316894531 982.658142089844 982.147094726562 981.407592773438 981.331970214844 978.564758300781 975.584899902344 977.111633300781 980.747863769531 980.477966308594 986.461608886719 977.452392578125 984.682556152344 987.924560546875 986.847412109375 996.237121582031 993.82470703125 977.959716796875 984.147216796875 990.025329589844 991.143188476562 991.762817382812 989.64111328125 1001.90734863281 995.622192382812 997.027282714844 996.097351074219 995.773254394531 993.856018066406 986.080322265625 995.128723144531 995.234069824219 997.5234375 1004.48449707031
989.457275390625 990.138854980469 1005.00659179688 1006.39300537109 1005.66784667969 1001.95788574219 991.216247558594 986.741394042969 982.373352050781 988.149536132812 986.579650878906 985.992553710938 988.025634765625 983.848937988281 983.434692382812 984.78369140625 987.032470703125 992.104736328125 979.830871582031 989.720642089844 977.573181152344 981.502014160156 986.347412109375 979.835571289062 988.263549804688 980.736999511719 983.457946777344 990.058471679688 990.089233398438 986.221130371094 987.587036132812 979.187377929688 982.398071289062 981.006408691406 981.865844726562 996.158935546875 995.449340820312 991.240051269531 998.459228515625 1004.39874267578 995.444580078125 998.733154296875 992.841796875 998.972045898438 994.195495605469 998.349548339844
980.670166015625 994.438537597656 990.537048339844 993.08642578125 999.361083984375 1003.31927490234 993.053405761719 992.880004882812 991.011657714844 996.013061523438 990.044921875 993.677734375 988.846252441406 989.491760253906 990.527770996094 989.024169921875 997.59423828125 990.201232910156 990.171508789062 993.76025390625 988.161499023438 977.730346679688 981.751770019531 981.999389648438 989.240173339844 987.029602050781 988.136657714844 991.181579589844 991.917419433594 995.914916992188 985.179382324219 984.531494140625 978.624938964844 990.904418945312 988.972595214844 992.787353515625 992.703918457031 994.208557128906 998.589904785156 1004.41619873047 1002.84417724609 994.588562011719 991.622741699219 995.554016113281 1005.70788574219 1000.66027832031
986.309753417969 994.340148925781 995.136047363281 987.582763671875 994.440063476562 1000.51599121094 992.834594726562 994.855407714844 997.858215332031 1001.11224365234 994.506286621094 996.238342285156 1006.25592041016 995.028991699219 982.498413085938 983.840515136719 988.489501953125 989.498107910156 992.388916015625 983.929931640625 989.188110351562 982.206848144531 983.769592285156 988.506958007812 996.338195800781 986.65185546875 991.696655273438 998.280212402344 995.209228515625 989.465087890625 986.548217773438 992.322204589844 990.308044433594 990.246520996094 988.001953125 986.866088867188 990.36083984375 996.835693359375 1007.51043701172 1007.67498779297 1006.40747070312 1007.05303955078 1003.32781982422 1002.50787353516 1000.22222900391 998.668518066406
986.303833007812 987.769226074219 982.0380859375 980.855102539062 1000.16845703125 991.190246582031 987.511962890625 998.900085449219 996.228149414062 993.8125 1000.64855957031 1007.11456298828 1002.02911376953 994.772338867188 988.659301757812 992.210754394531 992.388488769531 998.938781738281 996.030822753906 996.338806152344 987.0078125 982.401794433594 988.276550292969 990.120910644531 990.505065917969 990.98046875 992.951904296875 993.022399902344 994.438354492188 987.793579101562 984.078491210938 989.248352050781 991.591674804688 989.612854003906 993.635437011719 1005.77667236328 990.525939941406 983.159729003906 997.831604003906 1002.99499511719 1005.28326416016 1003.01409912109 1008.52886962891 1003.4638671875 1002.29541015625 1001.04302978516
984.157409667969 988.276794433594 981.830810546875 982.058776855469 991.461975097656 993.299072265625 995.75244140625 996.08740234375 991.860290527344 999.110290527344 1002.01898193359 1005.70794677734 1011.46374511719 1001.93701171875 991.477355957031 994.94775390625 991.058227539062 999.641845703125 1002.00646972656 991.965881347656 991.490234375 986.727905273438 990.686218261719 998.752319335938 995.049255371094 992.053283691406 1002.43646240234 1000.78454589844 1001.80364990234 992.63916015625 986.4404296875 986.54638671875 992.333374023438 996.333862304688 993.846618652344 998.359069824219 992.969665527344 991.091979980469 993.928405761719 1005.02752685547 1010.95416259766 1009.75634765625 1006.18487548828 1002.44683837891 1006.31396484375 1010.91540527344
979.376831054688 987.431884765625 980.339538574219 986.412658691406 985.234313964844 994.30078125 998.036193847656 1003.06298828125 991.279968261719 991.916687011719 1004.95227050781 1006.94982910156 1007.71704101562 1003.33959960938 1000.71160888672 995.520874023438 1002.32208251953 994.330627441406 1000.46936035156 1000.10528564453 992.088134765625 991.720458984375 996.195739746094 999.645812988281 995.790222167969 999.631286621094 998.305847167969 997.70068359375 999.111083984375 998.039001464844 993.362731933594 988.664916992188 993.933288574219 990.651184082031 988.156005859375 984.080871582031 985.977844238281 991.689331054688 997.108947753906 1002.3671875 1004.95788574219 1008.67956542969 1004.04577636719 1005.19958496094 1012.78295898438 1016.34802246094
983.799438476562 981.690979003906 990.200073242188 987.989074707031 988.27783203125 993.779541015625 998.669982910156 996.649353027344 993.398376464844 1002.63409423828 1002.52709960938 1000.75616455078 1007.12365722656 1010.29827880859 994.645202636719 997.26708984375 1005.15576171875 999.618835449219 1002.37359619141 998.532531738281 996.531494140625 992.625854492188 992.338684082031 991.63330078125 999.405578613281 1001.34771728516 994.027465820312 1001.16296386719 988.18310546875 996.851501464844 996.5654296875 985.000549316406 994.58447265625 986.648864746094 991.680541992188 981.593627929688 991.790344238281 988.851806640625 992.946044921875 998.644775390625 1003.86810302734 1001.9287109375 1011.69769287109 1010.52545166016 1011.16723632812 1013.38055419922
979.272399902344 983.487426757812 983.829284667969 985.260070800781 988.025817871094 991.201293945312 1001.97387695312 1000.12860107422 995.017700195312 1002.79095458984 1008.08135986328 1005.01538085938 1011.71502685547 1007.19317626953 995.054138183594 999.303833007812 996.9638671875 998.329650878906 997.889831542969 1004.75549316406 994.441833496094 999.312866210938 994.957397460938 985.708374023438 996.160766601562 1005.54193115234 1001.49597167969 1004.50860595703 990.707641601562 996.345947265625 991.139587402344 996.092651367188 987.514709472656 996.560485839844 998.148315429688 997.709350585938 997.031860351562 996.273742675781 1000.41192626953 996.766906738281 1011.87408447266 1013.30236816406 1014.27392578125 1013.10070800781 1007.99737548828 1013.74230957031
970.35205078125 977.742797851562 981.928405761719 994.007446289062 994.824645996094 998.006530761719 993.873291015625 1001.49932861328 1001.81585693359 1001.91943359375 1007.67883300781 1012.23944091797 1008.92572021484 1021.32281494141 1007.19470214844 996.184997558594 1001.41162109375 997.883483886719 1007.98132324219 1009.02380371094 998.351867675781 995.600708007812 995.346557617188 991.514709472656 995.661926269531 1001.78796386719 1002.46032714844 998.23681640625 1001.85803222656 994.015441894531 991.895568847656 993.314819335938 996.564575195312 993.874084472656 992.030212402344 993.9736328125 1001.06140136719 994.580200195312 997.649047851562 1002.01995849609 1010.68756103516 1007.689453125 1007.04229736328 1009.58508300781 1008.44555664062 1012.99682617188
972.72314453125 981.940368652344 991.094421386719 986.157348632812 994.1435546875 995.309143066406 997.890075683594 1002.33117675781 1002.47192382812 1000.08270263672 1003.17309570312 1017.8310546875 1010.20178222656 1016.28833007812 1012.94165039062 1015.23785400391 1010.60369873047 1008.75238037109 1007.24359130859 1008.02270507812 1006.20050048828 1004.81872558594 1000.98455810547 993.931396484375 999.181579589844 993.909545898438 999.770812988281 1001.30700683594 1004.50219726562 1006.12249755859 1001.45727539062 998.156921386719 1001.94189453125 998.1162109375 993.153198242188 990.277465820312 983.84033203125 988.913452148438 1001.16973876953 1001.29626464844 1011.93994140625 1006.74212646484 1009.22467041016 1005.01446533203 1015.82745361328 1007.82257080078
982.507995605469 982.2490234375 986.901672363281 987.387512207031 990.222229003906 991.510864257812 993.168701171875 1000.71527099609 998.094055175781 1007.89984130859 1007.78155517578 1004.82196044922 1013.36767578125 1014.01605224609 1021.06390380859 1022.69256591797 1014.95025634766 1012.93029785156 1012.72125244141 1007.52239990234 1001.65509033203 1011.56573486328 1014.59002685547 1009.43927001953 1003.19696044922 1002.87689208984 999.250549316406 1003.61187744141 1013.08880615234 1007.75848388672 1002.87762451172 996.712768554688 998.134460449219 995.273071289062 996.773193359375 986.715759277344 990.671752929688 996.628540039062 991.185546875 1003.51208496094 1000.19653320312 1005.2509765625 1004.20544433594 1003.04010009766 1004.82104492188 1010.02923583984
982.328186035156 985.956848144531 974.416259765625 989.398742675781 994.318054199219 990.331665039062 995.193603515625 997.907287597656 993.62451171875 998.193542480469 1006.99371337891 1011.16656494141 1012.21649169922 1005.55010986328 1013.84808349609 1016.69348144531 1017.47314453125 1018.38623046875 1015.71917724609 1019.96630859375 1014.80261230469 1010.77893066406 1012.5322265625 1004.19512939453 1006.48846435547 1008.73785400391 1014.83618164062 1012.52795410156 1013.90356445312 1007.37603759766 1003.38616943359 1003.74896240234 1003.62487792969 998.688537597656 994.762817382812 994.974304199219 995.648742675781 999.764038085938 993.378479003906 995.256225585938 1003.95361328125 1007.5322265625 1004.94818115234 1004.74670410156 1010.81573486328 1011.23541259766
970.312377929688 975.020446777344 980.96142578125 993.301696777344 997.417785644531 996.606750488281 997.130554199219 996.365844726562 1005.74517822266 995.497619628906 1009.25903320312 1005.67095947266 998.690368652344 1003.65386962891 1014.54278564453 1014.47277832031 1006.30657958984 1009.43811035156 1012.47399902344 1021.03106689453 1021.0791015625 1015.96856689453 1017.28515625 1010.77301025391 1005.45721435547 1004.81591796875 1015.58386230469 1008.82281494141 1015.85809326172 1008.07562255859 1003.89672851562 1006.72216796875 1000.96179199219 1008.88153076172 1002.046875 1003.95501708984 1001.7724609375 1004.97552490234 999.153564453125 999.093139648438 999.281311035156 1003.37249755859 1008.57171630859 1015.28088378906 1015.37274169922 1022.328125
971.531982421875 978.04248046875 983.49169921875 984.511535644531 979.703857421875 990.090026855469 995.447692871094 995.434204101562 999.453125 1003.38916015625 1003.22216796875 1003.12652587891 1005.00384521484 1007.80230712891 1016.57891845703 1015.98718261719 1009.82788085938 1009.40832519531 1020.79913330078 1020.55792236328 1027.17626953125 1025.47875976562 1018.38397216797 1023.53607177734 1011.97296142578 1006.12048339844 1012.58209228516 1006.13916015625 1012.10198974609 1002.93518066406 1004.88330078125 1008.92108154297 1008.91662597656 1007.09796142578 1008.98547363281 1007.14233398438 1003.67810058594 1006.04821777344 1001.08282470703 995.505798339844 999.077087402344 999.124877929688 1014.19982910156 1015.62518310547 1013.91619873047 1024.73498535156
970.04931640625 969.515747070312 978.237976074219 985.996520996094 988.276611328125 983.908569335938 988.501953125 992.966247558594 999.321472167969 1004.12915039062 1010.23101806641 1002.13726806641 1009.84167480469 1015.27764892578 1019.26525878906 1019.5048828125 1015.11322021484 1013.05999755859 1016.12213134766 1013.97888183594 1022.55389404297 1026.69738769531 1016.04443359375 1024.66491699219 1027.94421386719 1014.91552734375 1014.06396484375 1014.53131103516 1007.43707275391 1001.45892333984 1005.74761962891 1012.71508789062 1017.65734863281 1009.76715087891 1007.38305664062 1008.52020263672 1008.62524414062 1007.63928222656 996.005615234375 1005.40985107422 995.058532714844 998.498291015625 1001.90734863281 1008.15576171875 1013.90490722656 1022.29583740234
972.616760253906 975.572692871094 985.16552734375 989.095703125 987.490051269531 997.789916992188 1002.51330566406 1000.11981201172 996.15234375 1006.26831054688 1011.16363525391 1009.10882568359 1013.22442626953 1010.74371337891 1015.14733886719 1021.19677734375 1028.90588378906 1015.97796630859 1020.0185546875 1027.09191894531 1024.29467773438 1031.69262695312 1026.49047851562 1018.6201171875 1026.61376953125 1026.61120605469 1017.65045166016 1023.86090087891 1027.83508300781 1017.35052490234 1019.44641113281 1015.43090820312 1007.46844482422 1009.81292724609 1009.10418701172 1011.52032470703 1015.99365234375 1007.13024902344 993.460876464844 989.558776855469 989.587158203125 995.154174804688 995.177429199219 1008.5751953125 1012.88165283203 1016.77941894531
