data/zlatibor_dem_simulations/DEMsim52.asc
NCOLS 150
NROWS 100
XLLCORNER 7394249
YLLCORNER 4841999
CELLSIZE 30
NODATA_VALUE -9999
[rows 60 to 79 of 100, columns 92 to 137 of 150]
972.077514648438 974.261596679688 971.67236328125 976.987243652344 975.460815429688 982.028930664062 983.938903808594 975.753356933594 980.554809570312 987.183532714844 990.217651367188 1003.49792480469 996.323791503906 995.342956542969 998.457946777344 999.491088867188 1012.18151855469 1014.75061035156 1010.12731933594 1006.18511962891 1004.56329345703 1009.89764404297 1015.41827392578 1010.96630859375 1009.72436523438 1014.20391845703 1010.75848388672 1005.16815185547 1003.05865478516 1003.24847412109 1012.91625976562 1016.44964599609 1018.80609130859 1022.08087158203 1019.95196533203 1013.35925292969 1020.81823730469 1015.09918212891 1033.37890625 1041.58959960938 1052.591796875 1049.62487792969 1047.95751953125 1049.29797363281 1034.66052246094 1039.02917480469
974.430236816406 970.926635742188 969.40673828125 973.859069824219 975.463500976562 981.010559082031 985.60302734375 987.14404296875 989.123107910156 985.911193847656 986.56884765625 1000.45379638672 1004.6474609375 1007.29443359375 1002.47338867188 1000.89086914062 1011.25091552734 1011.73797607422 1004.96917724609 1005.59594726562 1012.20074462891 1014.35180664062 1020.46948242188 1010.455078125 1013.07110595703 1013.15924072266 1011.03503417969 1009.13415527344 1013.14752197266 1001.72644042969 1011.07678222656 1028.39990234375 1021.92102050781 1018.01153564453 1012.53594970703 1020.57348632812 1019.12396240234 1014.04901123047 1035.32482910156 1035.65551757812 1041.05944824219 1040.49438476562 1032.84521484375 1036.52819824219 1036.14709472656 1033.70373535156
972.430969238281 968.296936035156 969.191040039062 968.911010742188 973.265319824219 983.050476074219 985.148315429688 988.333312988281 983.384338378906 992.561340332031 998.821838378906 1001.61883544922 998.098571777344 1003.82012939453 1002.42608642578 1005.44519042969 1003.36773681641 1003.43621826172 1009.07415771484 1004.58972167969 1018.34368896484 1019.0654296875 1014.78820800781 1009.73876953125 1011.58239746094 1015.64904785156 1014.53454589844 1019.24237060547 1008.69281005859 1008.37744140625 1017.47430419922 1017.67584228516 1021.75897216797 1018.30310058594 1010.27337646484 1017.53686523438 1012.00524902344 1006.67974853516 1020.08868408203 1023.52416992188 1032.73413085938 1029.78845214844 1031.25988769531 1030.65844726562 1038.06750488281 1025.57604980469
977.682189941406 972.05810546875 974.1787109375 976.3212890625 972.054321289062 981.36328125 986.905517578125 999.96923828125 1001.34204101562 995.572265625 999.627990722656 1009.92486572266 997.570678710938 1006.37396240234 1010.43231201172 999.605590820312 1010.57482910156 1008.67260742188 1009.95788574219 1018.12762451172 1019.54174804688 1014.48083496094 1014.67437744141 1012.36590576172 1017.16967773438 1022.59600830078 1014.61956787109 1020.29083251953 1010.61022949219 1014.65557861328 1020.68170166016 1015.79022216797 1025.9365234375 1023.71734619141 1016.06890869141 1017.39666748047 1020.69226074219 1009.42730712891 1021.30499267578 1028.28942871094 1036.12219238281 1039.51635742188 1037.29699707031 1037.39990234375 1038.6640625 1025.66589355469
970.471435546875 973.869384765625 976.180908203125 979.893920898438 975.659729003906 977.267028808594 997.273620605469 1004.36102294922 1003.80651855469 1005.17022705078 1009.57098388672 1003.29693603516 1005.72808837891 1014.64666748047 1015.78381347656 1009.11077880859 1011.50927734375 1014.37994384766 1013.07257080078 1016.45855712891 1023.42431640625 1021.84814453125 1022.26666259766 1023.70452880859 1021.97546386719 1030.39404296875 1022.00347900391 1022.02496337891 1025.28161621094 1016.77703857422 1016.03851318359 1022.79339599609 1025.57861328125 1017.68701171875 1017.13885498047 1019.96325683594 1024.1689453125 1022.14697265625 1024.90112304688 1029.60705566406 1043.38012695312 1036.57446289062 1036.0546875 1041.50537109375 1044.19641113281 1029.484375
971.909545898438 979.427001953125 976.718688964844 978.732299804688 984.662902832031 982.178588867188 990.433166503906 994.324584960938 1002.94647216797 998.70947265625 1001.71545410156 1015.33178710938 1016.03192138672 1016.69610595703 1014.45471191406 1004.42333984375 1004.91259765625 1010.40966796875 1003.42419433594 1008.79071044922 1019.19537353516 1023.62866210938 1024.43298339844 1019.46893310547 1025.59130859375 1029.65234375 1021.16461181641 1025.33422851562 1032.39929199219 1021.57153320312 1024.78112792969 1038.51733398438 1037.41748046875 1025.23010253906 1020.17224121094 1021.43792724609 1012.79364013672 1021.14978027344 1027.07446289062 1025.46740722656 1033.35864257812 1025.05651855469 1030.91577148438 1031.30895996094 1042.75830078125 1028.44494628906
976.084167480469 978.719970703125 982.051086425781 985.969665527344 987.991027832031 987.045776367188 990.084594726562 993.03759765625 1001.13922119141 996.79736328125 1003.97637939453 1008.92437744141 1004.58923339844 1007.29608154297 1006.39263916016 1005.34655761719 1008.54547119141 1004.54522705078 1008.41748046875 1008.77691650391 1017.71899414062 1029.36535644531 1022.21936035156 1029.21154785156 1031.98803710938 1025.96862792969 1029.92309570312 1033.50256347656 1035.34533691406 1029.53125 1036.51403808594 1036.35705566406 1025.48779296875 1027.37866210938 1021.51184082031 1014.25408935547 1003.58032226562 1007.14099121094 1016.94085693359 1023.91082763672 1025.98718261719 1034.87646484375 1034.32653808594 1030.27844238281 1026.70593261719 1027.11694335938
973.086486816406 974.602722167969 982.862548828125 975.218811035156 988.813903808594 982.322082519531 985.244689941406 990.232727050781 994.317443847656 998.149780273438 998.550598144531 1009.48883056641 1001.76495361328 1002.44171142578 1003.98980712891 1004.71368408203 1007.90319824219 1004.94909667969 1008.35552978516 1013.16674804688 1020.4384765625 1015.48541259766 1028.33569335938 1032.625 1031.27026367188 1034.765625 1035.54553222656 1041.12463378906 1036.39208984375 1043.04187011719 1046.73937988281 1031.76220703125 1028.0927734375 1024.71887207031 1021.66192626953 1021.68957519531 1016.75561523438 1008.65930175781 1010.05102539062 1016.63848876953 1029.61218261719 1026.59301757812 1022.56829833984 1029.08703613281 1020.13879394531 1018.13214111328
976.388061523438 985.380065917969 984.486877441406 981.217407226562 984.939331054688 986.886413574219 988.987060546875 1000.38995361328 997.917663574219 1010.29461669922 1002.69500732422 1000.83673095703 995.560668945312 1004.78845214844 1000.73370361328 999.722290039062 1006.2529296875 1018.88494873047 1026.06225585938 1024.11889648438 1025.13696289062 1023.38110351562 1031.24645996094 1034.80432128906 1037.28332519531 1043.06164550781 1041.90539550781 1043.60815429688 1049.86865234375 1043.88842773438 1042.06127929688 1035.40600585938 1028.68286132812 1026.34094238281 1021.17645263672 1023.75927734375 1015.42755126953 1021.21954345703 1019.01062011719 1014.46447753906 1016.92034912109 1014.46221923828 1019.08868408203 1017.88165283203 1021.90728759766 1014.96716308594
978.714111328125 988.230285644531 987.165649414062 985.175537109375 979.13623046875 985.025451660156 999.133728027344 1004.36834716797 1003.50177001953 1016.36944580078 1009.52545166016 1004.45654296875 1003.91253662109 997.048156738281 993.894348144531 992.898193359375 1000.60345458984 1020.68151855469 1017.96197509766 1025.96655273438 1024.20434570312 1027.82861328125 1034.1728515625 1045.75158691406 1032.98583984375 1040.83996582031 1044.58874511719 1041.18225097656 1047.5302734375 1039.78247070312 1039.54467773438 1034.11462402344 1034.97094726562 1028.98059082031 1019.31561279297 1015.56872558594 1019.43811035156 1015.08856201172 1015.17346191406 1012.33178710938 1008.92932128906 1011.62188720703 1014.15100097656 1021.02581787109 1011.361328125 1009.98327636719
980.879333496094 988.235412597656 986.592407226562 987.401306152344 991.088012695312 992.705993652344 1003.9423828125 1003.88201904297 1007.39398193359 1016.22198486328 1013.59564208984 1009.14862060547 1005.69610595703 999.916748046875 998.299560546875 1005.77288818359 1013.31646728516 1017.34246826172 1025.46459960938 1016.61376953125 1021.18786621094 1025.91235351562 1034.47277832031 1037.42102050781 1031.77893066406 1034.86584472656 1047.41259765625 1043.66357421875 1047.32507324219 1043.80969238281 1037.05065917969 1037.83764648438 1034.27587890625 1027.74267578125 1018.84204101562 1018.28411865234 1014.61199951172 1008.51434326172 1001.38427734375 1010.68530273438 1009.00225830078 1012.06604003906 1016.15789794922 1022.46661376953 1003.65863037109 1004.27673339844
982.698364257812 985.49169921875 988.248779296875 988.590454101562 998.08837890625 994.223510742188 998.9755859375 994.507629394531 995.990905761719 1000.72760009766 1007.39471435547 1002.88531494141 1002.86096191406 1009.68817138672 1009.04870605469 1013.53240966797 1019.00610351562 1017.40759277344 1014.21960449219 1019.400390625 1025.07849121094 1018.22430419922 1032.54602050781 1037.97741699219 1028.43762207031 1032.5986328125 1042.53833007812 1043.75671386719 1039.60510253906 1031.30871582031 1030.29370117188 1033.76684570312 1027.87670898438 1012.99267578125 1017.18914794922 1012.51995849609 1010.77014160156 1004.35882568359 1009.25311279297 1017.1474609375 1010.89184570312 1015.36749267578 1014.20623779297 1015.59008789062 1004.53479003906 1017.19903564453
982.732849121094 987.929565429688 990.750122070312 995.025329589844 998.517883300781 1002.732421875 993.381103515625 998.823303222656 995.125854492188 996.764343261719 994.345153808594 999.9189453125 998.083435058594 1010.32568359375 1020.9951171875 1014.22894287109 1012.88824462891 1010.04260253906 1014.00701904297 1013.20123291016 1015.97509765625 1023.86468505859 1023.7314453125 1028.81311035156 1035.28637695312 1029.74841308594 1028.94836425781 1030.14575195312 1022.97760009766 1020.90197753906 1021.46295166016 1024.42626953125 1015.08813476562 1009.45190429688 1012.30828857422 1012.00610351562 1011.89910888672 1009.66693115234 1006.22436523438 1000.14379882812 1010.47607421875 1018.62731933594 1026.55737304688 1023.54473876953 1017.53009033203 1010.18035888672
981.19921875 985.652893066406 989.326904296875 995.809020996094 1001.05950927734 1012.25396728516 1005.265625 1000.88562011719 1002.61041259766 1003.88531494141 1005.04968261719 998.090087890625 1001.06042480469 1011.54541015625 1024.44738769531 1022.87115478516 1015.00720214844 1016.72827148438 1022.04431152344 1023.58056640625 1027.51806640625 1018.22509765625 1020.40490722656 1026.39929199219 1029.81066894531 1027.68725585938 1021.71911621094 1024.63708496094 1025.6201171875 1015.03607177734 1019.4580078125 1025.44165039062 1016.56060791016 1006.98944091797 1010.23895263672 1005.93994140625 1007.25775146484 1008.43023681641 1015.84234619141 1013.60113525391 1012.43951416016 1018.85028076172 1026.44177246094 1024.27697753906 1016.80810546875 1010.73095703125
977.667358398438 981.114318847656 987.937316894531 995.058471679688 1004.873046875 1013.29827880859 1012.24945068359 1003.35443115234 999.530578613281 1001.35522460938 1006.66003417969 1011.48352050781 1017.9892578125 1022.646484375 1026.03088378906 1022.04522705078 1019.18432617188 1016.90521240234 1020.46484375 1015.12005615234 1032.09338378906 1030.826171875 1025.04919433594 1024.66540527344 1029.71850585938 1026.41174316406 1016.84320068359 1021.55615234375 1018.09411621094 1012.66070556641 1022.94995117188 1020.75817871094 1018.8232421875 1010.96447753906 1016.11334228516 1013.1904296875 1014.83929443359 1004.51721191406 1001.873046875 999.458374023438 1000.23858642578 1011.81646728516 1021.06909179688 1025.08679199219 1015.14703369141 1002.36676025391
987.66015625 989.575256347656 987.788696289062 992.241455078125 1006.36938476562 1007.42919921875 999.598510742188 996.81884765625 993.183410644531 1007.10180664062 1008.36212158203 1017.578125 1019.02526855469 1022.48199462891 1023.48950195312 1023.21392822266 1022.21258544922 1022.90502929688 1021.75128173828 1030.77758789062 1036.77941894531 1031.21350097656 1022.09106445312 1024.52416992188 1029.33166503906 1018.56811523438 1013.15765380859 1007.49865722656 1019.62548828125 1028.1337890625 1015.07391357422 1018.03021240234 1024.88208007812 1019.58166503906 1013.19818115234 1008.58197021484 1004.43322753906 1004.18530273438 998.90869140625 999.971496582031 1011.31762695312 1016.86401367188 1013.94104003906 1016.34259033203 1016.97406005859 1004.65740966797
983.887023925781 983.662109375 988.584594726562 994.326354980469 998.950927734375 997.664184570312 1006.45953369141 1002.12042236328 1000.96362304688 1001.89416503906 1012.67498779297 1013.59606933594 1014.89221191406 1017.44122314453 1017.66650390625 1026.68469238281 1024.02197265625 1020.92114257812 1026.36560058594 1027.19213867188 1036.53564453125 1039.28088378906 1035.5869140625 1041.52917480469 1027.75842285156 1011.61627197266 1006.37518310547 1008.03460693359 1018.26544189453 1020.64007568359 1023.04565429688 1022.12493896484 1018.89141845703 1018.44647216797 1011.15509033203 1015.69445800781 1003.57788085938 1004.65423583984 1001.24035644531 1001.88067626953 1008.45336914062 1008.73718261719 1005.43634033203 1001.15118408203 1005.77453613281 1003.7041015625
988.090698242188 993.896240234375 994.03564453125 990.574645996094 998.114868164062 1004.64739990234 1000.41809082031 1003.01715087891 1004.91418457031 1006.63049316406 1007.83288574219 1019.85406494141 1020.00555419922 1011.84875488281 1018.29656982422 1020.56634521484 1019.91735839844 1023.12939453125 1028.06420898438 1030.00842285156 1034.27380371094 1034.31164550781 1044.48974609375 1033.24963378906 1020.22033691406 1007.85626220703 1009.59344482422 1003.24096679688 1018.52642822266 1019.21618652344 1025.67907714844 1022.53082275391 1012.68408203125 1009.36798095703 1004.59313964844 1024.19970703125 1013.47772216797 1004.10699462891 1006.93023681641 1009.24383544922 1007.92016601562 1001.03118896484 1009.05487060547 1007.07476806641 1001.83917236328 1003.80657958984
990.903625488281 992.470642089844 999.473449707031 989.900268554688 991.02783203125 996.607788085938 992.712158203125 1004.48266601562 1006.17919921875 1003.48333740234 1007.47814941406 1019.24578857422 1018.32244873047 1012.43725585938 1010.51776123047 1015.62683105469 1023.48687744141 1029.00708007812 1034.55297851562 1034.83325195312 1031.9013671875 1034.3544921875 1030.19860839844 1031.091796875 1021.46929931641 1018.88079833984 1018.94915771484 1017.68975830078 1020.67993164062 1016.19836425781 1020.90557861328 1009.66186523438 1002.50207519531 1000.70941162109 1009.63403320312 1017.29608154297 1017.55786132812 1006.53314208984 1002.33209228516 998.516296386719 1005.36877441406 994.765075683594 997.664489746094 1002.73773193359 987.984008789062 1000.34075927734
994.723449707031 991.53564453125 996.606140136719 994.918823242188 993.806091308594 998.735900878906 994.320007324219 996.143615722656 993.508056640625 996.779663085938 1014.73419189453 1021.48999023438 1013.4091796875 1018.51275634766 1016.81622314453 1021.13549804688 1031.17236328125 1025.65637207031 1043.15161132812 1041.77575683594 1038.52111816406 1034.14453125 1024.54711914062 1023.37609863281 1027.53100585938 1025.5712890625 1025.8984375 1025.62756347656 1017.72924804688 1012.10461425781 1019.98620605469 1011.962890625 1001.31213378906 1006.08148193359 1001.15808105469 1003.54235839844 1013.74133300781 1008.92169189453 1011.66162109375 1000.66876220703 993.370666503906 995.386352539062 996.790405273438 996.242858886719 1007.27069091797 992.663208007812
