data/zlatibor_dem_simulations/DEMsim86.asc
NCOLS 150
NROWS 100
XLLCORNER 7394249
YLLCORNER 4841999
CELLSIZE 30
NODATA_VALUE -9999
[rows 40 to 59 of 100, columns 46 to 91 of 150]
974.608215332031 969.090209960938 968.477783203125 976.806091308594 977.619018554688 969.143493652344 968.556945800781 974.543762207031 969.010498046875 975.910400390625 986.376953125 988.593994140625 983.0791015625 976.948486328125 967.227416992188 962.392272949219 961.399658203125 968.896850585938 967.632263183594 976.644165039062 977.489318847656 976.337829589844 966.8701171875 967.175476074219 968.300048828125 967.711120605469 972.559692382812 977.181213378906 965.026245117188 972.710021972656 985.033203125 984.207580566406 988.589416503906 990.691955566406 988.739990234375 997.955993652344 993.203186035156 989.156372070312 977.587890625 981.11279296875 980.924621582031 981.237609863281 984.512878417969 984.720275878906 988.635131835938 986.741271972656
971.545532226562 967.223754882812 967.973693847656 974.367553710938 965.213439941406 967.120361328125 967.291564941406 971.354553222656 974.688293457031 969.195434570312 972.985900878906 975.741088867188 975.891479492188 984.672241210938 959.803649902344 970.723815917969 968.584777832031 972.383605957031 969.669860839844 973.113708496094 982.195129394531 980.291198730469 972.901000976562 976.031494140625 972.150573730469 967.716430664062 969.383361816406 969.345764160156 966.893371582031 975.753662109375 981.695922851562 982.760437011719 982.922119140625 978.925598144531 981.085510253906 983.652404785156 985.016357421875 988.606323242188 978.4912109375 973.924072265625 979.267639160156 986.995300292969 991.792907714844 991.804260253906 989.875183105469 992.052062988281
970.002685546875 965.280334472656 973.310302734375 975.506958007812 968.57861328125 961.473693847656 959.160461425781 966.864807128906 961.824523925781 966.8916015625 977.511535644531 976.553649902344 979.853881835938 979.267028808594 967.333129882812 967.712829589844 969.25390625 972.971618652344 967.198913574219 976.497375488281 976.504089355469 976.965942382812 974.942687988281 978.594055175781 968.869262695312 973.587219238281 966.326599121094 959.859619140625 972.195190429688 969.278198242188 977.805236816406 978.197082519531 975.906372070312 980.742797851562 974.420349121094 987.455871582031 992.751159667969 987.236877441406 980.041320800781 990.903015136719 988.404663085938 988.51611328125 984.892456054688 989.753479003906 985.114318847656 987.734619140625
961.680297851562 966.876403808594 968.770935058594 978.474609375 969.262878417969 966.275329589844 966.088928222656 968.740600585938 966.794189453125 965.911682128906 972.008911132812 979.148864746094 981.0810546875 993.721069335938 974.606140136719 965.97412109375 964.319702148438 962.89404296875 969.513793945312 976.115478515625 975.185546875 974.311828613281 973.228149414062 968.183349609375 966.136108398438 958.547912597656 953.965881347656 954.640441894531 961.276123046875 963.808898925781 966.387145996094 971.421447753906 978.40576171875 982.583190917969 979.975402832031 983.758911132812 988.175903320312 980.345825195312 989.984680175781 984.751770019531 987.805786132812 989.293701171875 984.636840820312 988.152893066406 979.868225097656 985.287780761719
963.164672851562 962.76171875 965.33740234375 974.000366210938 965.616088867188 971.200561523438 970.54296875 969.61865234375 957.191528320312 957.477600097656 967.505432128906 981.816833496094 981.561584472656 987.692260742188 987.08984375 980.700012207031 971.445495605469 966.270141601562 967.857116699219 976.699279785156 977.173034667969 973.536376953125 970.713684082031 965.670593261719 957.43798828125 962.896301269531 956.836242675781 957.298522949219 959.595458984375 972.1904296875 973.163940429688 976.858642578125 980.431457519531 973.884460449219 979.291259765625 979.72216796875 984.829406738281 976.866943359375 976.625183105469 988.125915527344 987.294067382812 991.280639648438 974.175048828125 984.028442382812 982.184753417969 985.758728027344
957.430725097656 964.941162109375 972.113647460938 971.972900390625 975.631103515625 968.259887695312 970.000427246094 968.735961914062 953.596862792969 949.93115234375 960.978942871094 973.187683105469 969.619445800781 974.662475585938 972.966918945312 966.656005859375 977.6865234375 970.530151367188 971.098571777344 976.356384277344 971.272521972656 981.337585449219 976.697875976562 968.922668457031 958.573852539062 955.125122070312 956.75048828125 958.635009765625 967.754699707031 972.133544921875 971.373596191406 977.203979492188 972.89404296875 974.422424316406 980.313781738281 981.945190429688 976.703491210938 977.515197753906 983.245788574219 986.336730957031 991.232421875 987.151184082031 978.414978027344 983.550354003906 977.852172851562 981.309509277344
966.84326171875 971.501647949219 970.307434082031 967.334899902344 975.432983398438 969.702819824219 971.373474121094 965.066223144531 958.816528320312 958.575317382812 953.594055175781 964.489501953125 973.036499023438 969.763977050781 972.158569335938 971.492797851562 975.872436523438 968.584716796875 969.175842285156 975.9091796875 977.606201171875 982.371398925781 980.789855957031 968.22802734375 970.868103027344 957.729248046875 966.982666015625 977.953979492188 967.510620117188 974.561401367188 971.268920898438 976.535827636719 965.310424804688 966.18359375 969.414672851562 977.449768066406 980.798278808594 979.09375 977.813293457031 979.195434570312 979.996643066406 969.260375976562 960.040222167969 972.22802734375 972.531982421875 970.1982421875
972.194213867188 973.741455078125 959.032348632812 969.121459960938 967.335510253906 971.792541503906 968.221862792969 966.951049804688 965.788818359375 963.3662109375 963.588500976562 963.240356445312 972.449951171875 962.3173828125 966.713989257812 973.872802734375 968.023864746094 971.607604980469 970.169799804688 972.740661621094 977.338500976562 974.540405273438 970.762023925781 969.265502929688 970.405090332031 960.299682617188 967.960571289062 968.117797851562 973.497863769531 967.782470703125 971.387512207031 964.267272949219 965.599609375 969.565856933594 968.971374511719 971.9912109375 972.335327148438 977.69970703125 968.777648925781 963.217224121094 978.801818847656 973.470397949219 962.745239257812 967.828552246094 972.272766113281 970.180541992188
964.914489746094 972.766174316406 965.146423339844 972.705139160156 961.919982910156 964.96728515625 967.1083984375 964.822570800781 958.7099609375 954.799560546875 965.841491699219 966.197387695312 974.204406738281 972.285705566406 983.6728515625 975.685729980469 977.717102050781 972.270263671875 969.22265625 974.715148925781 971.296203613281 980.455261230469 966.099609375 969.04345703125 963.433532714844 966.984313964844 972.202392578125 972.038330078125 975.203552246094 971.326843261719 970.63330078125 971.101684570312 969.712036132812 969.66162109375 970.791748046875 969.072937011719 965.991882324219 972.618469238281 965.124206542969 969.597412109375 972.793579101562 974.76025390625 973.195129394531 973.529052734375 973.432189941406 965.131286621094
968.404235839844 968.713928222656 975.732177734375 973.434936523438 967.694152832031 965.325927734375 960.766235351562 957.290588378906 965.181518554688 960.566284179688 965.140258789062 969.987670898438 967.563842773438 964.718383789062 978.703186035156 971.962280273438 973.53759765625 972.241577148438 972.489196777344 980.682495117188 975.7021484375 978.854309082031 970.123718261719 970.817321777344 977.1982421875 966.771057128906 970.181823730469 970.406066894531 971.129028320312 968.495727539062 972.361938476562 967.578186035156 965.898376464844 962.64013671875 966.32470703125 967.540893554688 964.569702148438 969.587646484375 961.624633789062 971.805114746094 966.639892578125 966.81884765625 972.303100585938 976.198852539062 971.265502929688 969.200500488281
976.182250976562 975.618835449219 974.141235351562 971.223327636719 973.428100585938 967.745788574219 962.136352539062 959.096801757812 961.522766113281 963.516845703125 962.275329589844 962.25244140625 959.09521484375 961.72998046875 968.239929199219 965.723937988281 968.354614257812 977.648315429688 976.509094238281 974.0771484375 973.494018554688 972.033508300781 977.359191894531 974.266784667969 972.342224121094 967.159973144531 973.770935058594 971.063232421875 963.971435546875 967.6337890625 970.926635742188 967.070190429688 971.614624023438 961.728698730469 958.000244140625 965.027160644531 962.285461425781 970.93896484375 963.666625976562 970.74072265625 960.521362304688 971.648559570312 964.53955078125 964.585693359375 973.948791503906 972.670043945312
976.8212890625 971.269104003906 976.302612304688 965.991577148438 977.264343261719 966.929748535156 955.802856445312 954.762084960938 956.481811523438 960.156311035156 963.12939453125 960.231140136719 961.802490234375 958.287292480469 954.196594238281 961.052185058594 966.463684082031 968.112243652344 970.233947753906 962.431701660156 963.36865234375 965.420227050781 966.607666015625 972.6494140625 977.063354492188 967.030883789062 969.252502441406 967.553649902344 958.792358398438 959.655395507812 960.891967773438 961.761779785156 957.5126953125 964.943542480469 961.242736816406 965.817626953125 961.245971679688 976.212890625 975.862182617188 970.074523925781 972.977722167969 976.304321289062 967.813781738281 970.679565429688 973.885437011719 974.472229003906
971.21630859375 970.056945800781 981.142272949219 975.238220214844 973.846618652344 975.4296875 960.134704589844 956.608337402344 957.633972167969 955.360595703125 954.792114257812 952.20068359375 960.760009765625 960.191162109375 952.710510253906 961.242004394531 956.254638671875 956.195678710938 964.154968261719 961.232238769531 958.88134765625 962.380432128906 962.755493164062 966.592712402344 963.9658203125 964.744689941406 966.851196289062 959.437072753906 961.892028808594 963.916625976562 962.021240234375 955.836242675781 965.185241699219 969.876098632812 965.971862792969 965.450866699219 969.804870605469 969.372619628906 963.398803710938 963.345336914062 973.076049804688 963.570068359375 968.463500976562 971.716735839844 981.155395507812 972.969421386719
969.923461914062 969.054321289062 968.955261230469 968.6123046875 981.305725097656 971.77294921875 959.150390625 955.018676757812 956.912414550781 950.876037597656 953.713012695312 950.197875976562 958.781616210938 960.843200683594 954.260803222656 960.516479492188 957.530029296875 957.578918457031 962.874633789062 960.931030273438 950.56103515625 959.059020996094 959.967712402344 963.849853515625 963.396240234375 966.297668457031 958.65869140625 962.401428222656 962.060852050781 975.368347167969 962.35302734375 961.826416015625 973.506530761719 973.353515625 980.589965820312 972.478576660156 966.880798339844 966.460632324219 956.44091796875 958.695190429688 960.456237792969 970.323669433594 977.640258789062 968.509216308594 973.252746582031 970.984619140625
961.191772460938 960.299255371094 951.255249023438 952.526489257812 958.9267578125 953.303405761719 959.230346679688 966.589477539062 960.481018066406 954.462707519531 950.560668945312 954.852233886719 958.02294921875 957.976135253906 962.301879882812 960.5576171875 954.053771972656 954.686828613281 952.828552246094 955.695190429688 955.070007324219 951.884887695312 959.990173339844 962.029052734375 960.395874023438 955.32861328125 963.373657226562 965.8271484375 966.645202636719 965.683410644531 975.549438476562 975.828979492188 970.826416015625 981.074035644531 970.774230957031 971.323181152344 965.364440917969 963.383911132812 962.666381835938 960.05029296875 964.230407714844 966.047180175781 967.726501464844 978.083679199219 970.087097167969 961.606079101562
967.272521972656 950.835388183594 945.990600585938 949.606140136719 954.057678222656 952.92236328125 952.989562988281 952.422119140625 951.915222167969 944.027770996094 942.813415527344 961.948425292969 966.576782226562 957.339599609375 951.8369140625 953.937927246094 952.623657226562 956.455200195312 955.13818359375 955.439819335938 963.518188476562 961.948608398438 961.194519042969 965.105651855469 956.543579101562 956.739501953125 966.196655273438 968.300415039062 961.608642578125 963.513061523438 975.908935546875 982.565551757812 974.396789550781 974.084106445312 966.502990722656 960.751098632812 961.746765136719 963.340209960938 967.778991699219 969.501770019531 970.641357421875 961.275817871094 980.544860839844 970.339538574219 976.928833007812 963.025756835938
953.137878417969 943.785400390625 945.196228027344 945.760986328125 947.225646972656 958.310424804688 957.930053710938 959.54248046875 951.552917480469 948.968933105469 949.045471191406 960.526000976562 965.556823730469 956.968566894531 953.868774414062 954.989440917969 948.144775390625 952.493103027344 954.57275390625 961.01806640625 956.208435058594 966.717712402344 965.667358398438 966.119445800781 961.376586914062 960.052917480469 961.802856445312 967.349304199219 961.195068359375 963.010925292969 968.240844726562 972.130615234375 975.542114257812 971.017272949219 962.467895507812 961.342712402344 955.40087890625 956.438415527344 973.192993164062 971.278442382812 966.22265625 966.054992675781 978.029541015625 970.200622558594 965.159118652344 968.379638671875
941.097045898438 946.44189453125 941.200988769531 955.067504882812 955.818176269531 956.598876953125 951.834289550781 954.304748535156 954.014831542969 950.383056640625 949.480407714844 962.50146484375 965.353759765625 961.387023925781 953.830139160156 952.307922363281 949.077575683594 953.948120117188 958.906616210938 950.80126953125 952.879943847656 966.899841308594 971.849243164062 965.318115234375 958.615112304688 959.870178222656 961.360046386719 959.383483886719 959.864685058594 954.74658203125 961.110534667969 958.049499511719 966.687683105469 972.606994628906 965.525451660156 959.812438964844 954.245971679688 961.293212890625 959.798889160156 967.425109863281 965.855163574219 964.941040039062 962.492370605469 972.800231933594 967.03955078125 967.888916015625
939.606323242188 943.457397460938 949.183837890625 954.616943359375 950.602233886719 967.861877441406 953.661743164062 954.105712890625 951.5224609375 957.275207519531 967.064453125 965.428405761719 964.626586914062 960.716979980469 954.592590332031 958.447875976562 960.628723144531 960.43896484375 960.412353515625 956.359497070312 959.987670898438 970.453430175781 969.804016113281 968.443603515625 960.359313964844 958.025329589844 963.038696289062 958.178405761719 951.340942382812 951.836303710938 960.305541992188 959.307983398438 969.067749023438 969.288391113281 959.893432617188 961.947570800781 963.819763183594 961.35595703125 953.374816894531 960.428588867188 968.637573242188 971.70654296875 972.051635742188 969.640747070312 971.256591796875 965.603393554688
939.889831542969 946.831726074219 958.135864257812 953.065551757812 949.919006347656 954.290344238281 955.049255371094 950.330383300781 944.997436523438 950.337646484375 961.383483886719 960.9853515625 963.685852050781 960.057861328125 966.40380859375 961.206237792969 968.3505859375 955.089050292969 955.979919433594 955.709655761719 963.945129394531 960.449157714844 967.536743164062 968.898193359375 962.749084472656 959.738403320312 961.139465332031 959.306213378906 957.403686523438 967.041809082031 959.141967773438 957.697692871094 962.556457519531 961.466125488281 969.5458984375 968.194396972656 962.82421875 962.20263671875 963.668334960938 963.58544921875 972.11767578125 964.647094726562 971.031433105469 978.821472167969 982.399169921875 974.633056640625
