data/zlatibor_dem_simulations/DEMsim26.asc
NCOLS 150
NROWS 100
XLLCORNER 7394249
YLLCORNER 4841999
CELLSIZE 30
NODATA_VALUE -9999
[rows 40 to 59 of 100, columns 92 to 137 of 150]
994.233154296875 999.813354492188 996.928955078125 1000.46887207031 984.894287109375 986.665832519531 978.803649902344 989.116455078125 989.955688476562 993.8203125 992.990600585938 988.201416015625 987.717346191406 991.421508789062 982.516723632812 979.319030761719 986.933288574219 988.492553710938 990.715759277344 1001.25177001953 994.238891601562 990.379699707031 990.47705078125 999.709533691406 997.738952636719 997.940124511719 995.566467285156 1003.72937011719 999.22607421875 996.149047851562 1002.32373046875 995.305480957031 999.099243164062 999.870422363281 1000.169921875 1006.86846923828 1009.01965332031 1019.25830078125 1026.88659667969 1033.73669433594 1029.55749511719 1025.44384765625 1035.47058105469 1033.82165527344 1046.50170898438 1063.68725585938
993.950561523438 991.302185058594 997.026245117188 996.503723144531 984.820007324219 981.040649414062 978.985412597656 979.109741210938 983.960266113281 991.412475585938 985.114807128906 982.359130859375 990.555786132812 984.366821289062 990.216674804688 985.373107910156 980.075988769531 986.626525878906 990.234802246094 993.4873046875 991.776916503906 998.602600097656 993.301025390625 995.09326171875 1001.35748291016 995.969116210938 996.533142089844 993.435485839844 988.157653808594 998.166870117188 1000.30432128906 994.811157226562 1003.64508056641 1013.19158935547 1010.55877685547 1017.87493896484 1013.19116210938 1020.77795410156 1023.56353759766 1036.76940917969 1026.52807617188 1026.58544921875 1039.89038085938 1036.76782226562 1053.20092773438 1067.40246582031
985.573425292969 992.790344238281 995.169982910156 989.205383300781 982.778991699219 975.916259765625 969.852783203125 973.284606933594 977.308532714844 976.579895019531 982.755798339844 981.939819335938 979.320129394531 980.347839355469 986.44384765625 987.412536621094 982.005981445312 984.809509277344 981.44384765625 981.044067382812 985.827575683594 991.546630859375 999.213806152344 996.618408203125 994.248413085938 995.6796875 996.964904785156 984.11328125 993.330749511719 992.620361328125 989.644775390625 988.729858398438 1005.90863037109 1007.29040527344 1005.37384033203 1019.701171875 1024.90344238281 1029.61901855469 1024.59375 1026.21032714844 1030.81958007812 1036.32153320312 1044.56433105469 1048.21508789062 1057.63537597656 1074.13854980469
984.941162109375 983.874572753906 990.003295898438 983.217590332031 982.469299316406 981.698791503906 972.987915039062 967.810546875 974.753601074219 973.050842285156 969.322998046875 976.457336425781 975.372863769531 973.013793945312 986.62841796875 984.419555664062 980.531127929688 984.149841308594 975.763793945312 985.672729492188 1000.68206787109 988.379638671875 995.106872558594 994.027282714844 991.577209472656 993.2138671875 990.908996582031 996.047546386719 993.661254882812 994.222290039062 1005.84747314453 1009.67864990234 1007.77502441406 1013.62725830078 1011.51403808594 1023.24792480469 1033.71716308594 1039.13012695312 1033.72045898438 1038.05810546875 1025.14624023438 1033.22326660156 1043.767578125 1046.63110351562 1050.61376953125 1077.44909667969
973.056457519531 982.10400390625 982.182556152344 980.725891113281 980.06982421875 982.193298339844 975.715942382812 962.428344726562 968.84375 979.455322265625 978.031799316406 980.010131835938 978.516845703125 980.82373046875 983.982482910156 987.150268554688 990.094787597656 987.037963867188 984.640686035156 994.948486328125 998.016479492188 990.799072265625 996.762634277344 995.292419433594 1006.09448242188 1003.60339355469 1000.99060058594 1001.16119384766 999.348083496094 996.218994140625 1006.21234130859 1004.92309570312 1015.94940185547 1020.20385742188 1022.19152832031 1025.96911621094 1043.81616210938 1041.62829589844 1046.06323242188 1038.81140136719 1037.53173828125 1034.07409667969 1051.03649902344 1051.68359375 1057.01928710938 1070.92004394531
971.696533203125 980.893188476562 979.589660644531 972.680603027344 970.163024902344 976.222900390625 974.586303710938 968.260864257812 978.150085449219 984.180480957031 984.179138183594 982.722717285156 982.038696289062 979.49462890625 986.403442382812 991.477783203125 996.011779785156 992.628662109375 994.927124023438 999.20654296875 998.866271972656 1001.38494873047 996.996704101562 1006.50122070312 1005.96917724609 1008.28918457031 1006.85626220703 1001.83361816406 997.238586425781 1006.05004882812 1015.88757324219 1018.76263427734 1017.90692138672 1029.04614257812 1028.45776367188 1039.88366699219 1045.70629882812 1045.36669921875 1045.53869628906 1048.78381347656 1046.91638183594 1045.91931152344 1052.10388183594 1048.88513183594 1067.11340332031 1077.423828125
974.594848632812 976.92236328125 976.782775878906 973.692687988281 972.714477539062 978.835083007812 977.995544433594 979.302429199219 979.002685546875 990.867065429688 990.327575683594 984.646301269531 987.494445800781 989.362854003906 988.951232910156 991.583312988281 998.101135253906 1001.27008056641 997.395141601562 998.438781738281 1000.80938720703 1002.16522216797 1001.62371826172 1012.14422607422 1011.63653564453 1013.80017089844 1008.77374267578 1008.70581054688 1013.88977050781 1015.8779296875 1015.39660644531 1019.69519042969 1024.91247558594 1029.32080078125 1034.09680175781 1040.22033691406 1051.55310058594 1052.59265136719 1048.02026367188 1050.30249023438 1056.8642578125 1049.72546386719 1057.39758300781 1060.38891601562 1057.94055175781 1070.62231445312
969.184326171875 980.416564941406 972.414611816406 970.172790527344 975.829040527344 976.09619140625 986.715270996094 978.801452636719 981.85009765625 986.51318359375 989.711120605469 990.1328125 998.680297851562 997.163940429688 996.620544433594 991.592651367188 996.222045898438 998.039672851562 1002.09954833984 1003.126953125 1002.73315429688 1006.05950927734 1000.67041015625 1000.58972167969 1002.71453857422 1009.33850097656 1012.41680908203 1016.43005371094 1012.63720703125 1021.89770507812 1017.02294921875 1019.38262939453 1025.01892089844 1037.43786621094 1038.33581542969 1039.00512695312 1048.75280761719 1053.63513183594 1050.56872558594 1052.17956542969 1064.57019042969 1059.35595703125 1064.44482421875 1061.298828125 1063.91943359375 1076.3134765625
968.6455078125 969.050354003906 970.885864257812 972.765991210938 970.387512207031 977.124267578125 982.067565917969 979.696960449219 975.923583984375 990.685668945312 986.629028320312 985.753356933594 989.049255371094 997.794860839844 1000.59545898438 989.622375488281 991.171142578125 994.667236328125 1003.37591552734 1001.41046142578 1006.93591308594 1004.46221923828 1010.38024902344 1003.21197509766 999.665893554688 1011.22113037109 1016.41796875 1015.22521972656 1017.14764404297 1021.99591064453 1024.1513671875 1028.27392578125 1036.03039550781 1038.56433105469 1044.48107910156 1042.74951171875 1045.09106445312 1053.43811035156 1060.55993652344 1055.84741210938 1066.46472167969 1068.62353515625 1061.89306640625 1055.93310546875 1071.81579589844 1081.40112304688
972.079772949219 978.62255859375 970.609313964844 969.059997558594 972.284484863281 979.238586425781 979.090270996094 976.380126953125 979.673034667969 987.946899414062 983.821228027344 992.652893066406 997.686645507812 993.463256835938 990.188049316406 988.604614257812 983.431579589844 990.611206054688 992.400390625 1004.44427490234 1005.71881103516 1000.95233154297 1009.56683349609 1006.21447753906 994.717529296875 1012.349609375 1012.98614501953 1020.30895996094 1025.43920898438 1027.82653808594 1032.4462890625 1036.92761230469 1036.95324707031 1050.79663085938 1043.86877441406 1042.15686035156 1040.94079589844 1053.60485839844 1060.12939453125 1057.78674316406 1070.93408203125 1071.7568359375 1066.98498535156 1076.69104003906 1084.1083984375 1092.73779296875
968.748962402344 973.8369140625 971.529357910156 972.025634765625 972.772277832031 981.927795410156 976.0166015625 971.249633789062 979.480834960938 989.550903320312 985.572326660156 985.03662109375 989.081115722656 991.852783203125 988.249877929688 980.178771972656 986.843139648438 986.412231445312 992.4150390625 996.758850097656 1000.86181640625 999.559753417969 1009.88470458984 995.8681640625 999.192260742188 1000.42388916016 1011.8525390625 1015.40344238281 1015.13140869141 1030.92150878906 1026.25805664062 1031.39135742188 1035.0556640625 1045.81286621094 1043.14892578125 1038.01989746094 1040.17419433594 1045.01257324219 1047.71984863281 1053.1572265625 1062.337890625 1076.072265625 1066.16723632812 1083.95178222656 1088.46154785156 1095.17517089844
967.502197265625 971.557312011719 969.390930175781 973.357116699219 977.636901855469 979.328857421875 972.166076660156 966.401977539062 972.288330078125 974.354919433594 975.945495605469 974.13525390625 981.716979980469 984.545043945312 994.982177734375 976.047485351562 982.657287597656 990.005249023438 989.472351074219 990.448425292969 984.264465332031 991.226013183594 989.274353027344 990.3046875 992.591491699219 1007.96710205078 1013.47821044922 1014.06372070312 1009.04693603516 1033.35998535156 1030.419921875 1031.75158691406 1030.47644042969 1041.30163574219 1041.66333007812 1040.22888183594 1040.86584472656 1041.09069824219 1051.72485351562 1062.70593261719 1072.42321777344 1074.20629882812 1074.22351074219 1081.82434082031 1086.0947265625 1086.00854492188
978.435913085938 969.705383300781 975.519592285156 982.513916015625 978.212219238281 978.875671386719 970.342224121094 964.568725585938 963.021240234375 971.408630371094 970.037048339844 971.259399414062 975.23486328125 982.285522460938 978.370239257812 974.700500488281 982.524780273438 979.862121582031 979.907592773438 984.353393554688 977.400329589844 982.133056640625 989.320434570312 996.643737792969 1002.71252441406 1007.2734375 1015.78918457031 1005.68646240234 1015.06860351562 1018.35150146484 1017.3623046875 1024.68432617188 1029.78869628906 1039.44921875 1039.60180664062 1044.37817382812 1043.80676269531 1046.85302734375 1051.39123535156 1061.873046875 1067.16320800781 1069.97595214844 1076.71130371094 1081.46020507812 1077.97033691406 1086.91833496094
972.391296386719 963.504211425781 974.132934570312 969.923278808594 974.023254394531 971.649963378906 978.576416015625 966.929931640625 967.418212890625 971.97216796875 966.646667480469 965.069274902344 976.794372558594 980.724182128906 980.445068359375 982.164794921875 983.204162597656 980.187072753906 979.072509765625 982.026733398438 974.990905761719 987.2001953125 990.644470214844 1003.41693115234 996.673034667969 1006.47747802734 1012.74011230469 1012.39007568359 1015.62579345703 1021.37927246094 1019.96228027344 1023.03765869141 1030.77990722656 1028.99755859375 1038.94104003906 1040.90344238281 1042.27917480469 1047.400390625 1048.74963378906 1057.6611328125 1063.97717285156 1071.58605957031 1082.43176269531 1082.171875 1088.74768066406 1087.72216796875
970.5625 968.164855957031 970.836486816406 967.151428222656 982.26806640625 978.411743164062 982.395812988281 975.978759765625 972.597229003906 971.74560546875 965.274780273438 962.914306640625 974.463806152344 974.261596679688 981.035400390625 986.064025878906 984.06201171875 973.58935546875 970.507385253906 975.135925292969 982.681579589844 995.225952148438 994.068664550781 987.732727050781 993.470092773438 996.357604980469 1005.74011230469 1011.38153076172 1015.9912109375 1013.35540771484 1020.00341796875 1021.22332763672 1032.62365722656 1031.88366699219 1033.86791992188 1033.76257324219 1037.87744140625 1044.359375 1047.78369140625 1058.87426757812 1065.00646972656 1063.04663085938 1076.0107421875 1085.14123535156 1100.97302246094 1098.12377929688
975.306518554688 968.958190917969 967.021850585938 977.1552734375 976.427429199219 980.118957519531 986.531005859375 979.544860839844 972.621032714844 981.507568359375 969.941467285156 963.922973632812 968.6708984375 979.403625488281 988.341186523438 990.042846679688 990.961242675781 988.021728515625 979.357238769531 983.376831054688 989.919067382812 993.008544921875 993.440673828125 996.771118164062 989.599487304688 987.4345703125 996.162292480469 1001.98944091797 1017.58819580078 1021.36492919922 1021.39178466797 1022.24761962891 1032.49975585938 1036.73791503906 1033.7216796875 1041.04626464844 1044.78344726562 1036.91943359375 1048.87377929688 1055.13354492188 1057.08264160156 1062.86938476562 1077.13134765625 1089.88122558594 1094.26391601562 1096.04223632812
972.610656738281 971.127136230469 970.252746582031 978.676635742188 979.353454589844 983.323608398438 994.90380859375 980.281494140625 973.828369140625 979.01318359375 968.503234863281 975.539123535156 984.787109375 985.573547363281 984.659057617188 991.52392578125 990.848022460938 985.992797851562 988.393615722656 987.511108398438 987.111694335938 993.950256347656 992.846069335938 996.765319824219 988.817077636719 983.858642578125 997.645874023438 1006.66766357422 1020.80187988281 1027.00866699219 1030.76013183594 1031.59838867188 1030.40612792969 1021.63470458984 1032.63513183594 1041.28625488281 1049.25134277344 1041.06567382812 1051.806640625 1056.45373535156 1070.31823730469 1062.67553710938 1075.4599609375 1089.68884277344 1088.01806640625 1079.1240234375
966.828002929688 971.615356445312 966.901000976562 979.841674804688 982.228637695312 981.30712890625 975.349975585938 990.377624511719 973.802612304688 971.55810546875 970.466674804688 976.719177246094 977.046325683594 978.717590332031 990.392211914062 992.679382324219 991.13525390625 991.780700683594 990.202880859375 994.800903320312 995.045166015625 1007.29370117188 997.851440429688 993.162292480469 990.458312988281 988.375671386719 993.058959960938 1005.03076171875 1015.76702880859 1016.47998046875 1019.93621826172 1027.11511230469 1030.27978515625 1029.34826660156 1027.169921875 1035.62561035156 1045.29809570312 1046.865234375 1053.76208496094 1057.912109375 1061.63439941406 1066.63830566406 1075.2685546875 1087.79760742188 1087.71350097656 1081.30432128906
963.4873046875 962.692565917969 979.10546875 984.443237304688 982.071960449219 981.260009765625 981.76416015625 976.850463867188 981.529968261719 979.112915039062 973.181213378906 972.437805175781 977.941223144531 983.419860839844 991.976684570312 988.638610839844 995.331909179688 994.664916992188 987.968627929688 995.671081542969 1004.61993408203 1005.6650390625 1001.33270263672 987.599060058594 991.969116210938 987.773010253906 990.782531738281 1001.87469482422 1009.31970214844 1017.74279785156 1020.22680664062 1017.03088378906 1029.81408691406 1036.67846679688 1033.85778808594 1039.09448242188 1045.4599609375 1046.6708984375 1052.05041503906 1055.85595703125 1063.404296875 1069.44348144531 1078.28015136719 1082.46069335938 1079.30383300781 1086.39196777344
955.350463867188 962.473754882812 978.424194335938 977.563598632812 984.264709472656 975.587280273438 971.10009765625 975.338623046875 973.685668945312 977.966613769531 970.437561035156 975.938537597656 983.337646484375 983.722961425781 990.389404296875 998.722595214844 997.473937988281 992.690002441406 991.53662109375 993.397583007812 1003.23559570312 1002.77435302734 998.581604003906 991.734130859375 991.976623535156 991.060119628906 986.348693847656 990.736511230469 1007.97698974609 1011.94952392578 1018.70709228516 1018.05609130859 1024.13208007812 1043.31640625 1037.19665527344 1036.39465332031 1042.94665527344 1042.70959472656 1052.03771972656 1056.32409667969 1067.54797363281 1068.89892578125 1072.65344238281 1072.58740234375 1078.33862304688 1071.21069335938
