data/zlatibor_dem_simulations/DEMsim92 (1).asc
NCOLS 150
NROWS 100
XLLCORNER 7394249
YLLCORNER 4841999
CELLSIZE 30
NODATA_VALUE -9999
[rows 80 to 99 of 100, columns 92 to 137 of 150]
991.411315917969 989.993530273438 983.672241210938 993.43896484375 997.034118652344 1005.05389404297 1002.25842285156 1002.40319824219 1009.55328369141 1007.18872070312 1014.06945800781 1020.25262451172 1018.56005859375 1016.63592529297 1020.89392089844 1024.20642089844 1029.193359375 1028.05554199219 1030.58605957031 1026.03491210938 1036.62744140625 1034.52233886719 1038.72204589844 1037.15209960938 1033.43957519531 1024.52331542969 1017.87768554688 1015.63439941406 1017.96710205078 1013.50897216797 1009.38806152344 1011.31848144531 998.544128417969 999.52978515625 1005.96997070312 1005.74127197266 1008.79254150391 1001.87261962891 1002.38549804688 998.111511230469 998.174682617188 1007.11596679688 1011.10162353516 1003.64630126953 1001.84649658203 993.875244140625
990.95849609375 989.771362304688 989.007934570312 994.943908691406 993.376525878906 1002.19372558594 1000.50177001953 998.751953125 1001.12652587891 1010.09796142578 1016.36975097656 1012.93579101562 1012.93530273438 1015.53759765625 1024.53662109375 1028.27673339844 1032.32409667969 1034.21447753906 1030.55395507812 1031.2685546875 1037.57788085938 1032.91125488281 1040.16357421875 1042.94311523438 1041.82409667969 1035.14953613281 1028.24743652344 1026.08349609375 1017.59387207031 1009.49102783203 1005.45251464844 1003.7177734375 1005.63909912109 996.956848144531 998.869506835938 992.876403808594 1003.79846191406 998.208435058594 994.468505859375 1005.31335449219 1003.59936523438 1009.76092529297 995.381896972656 993.459228515625 994.193603515625 982.843811035156
996.998840332031 989.526611328125 996.679870605469 1002.26104736328 995.984252929688 1002.2734375 1006.77917480469 1001.30004882812 1003.19427490234 1003.14489746094 1002.61944580078 1016.17755126953 1014.75170898438 1018.15356445312 1027.59191894531 1031.70642089844 1036.5927734375 1034.97082519531 1037.90881347656 1044.12365722656 1050.71704101562 1045.25109863281 1040.82495117188 1041.72302246094 1041.31762695312 1041.80432128906 1032.49645996094 1022.12139892578 1018.23822021484 1007.71618652344 998.263671875 995.654296875 994.132507324219 995.645324707031 988.443481445312 987.930480957031 994.426513671875 992.236938476562 998.581237792969 999.259887695312 993.532653808594 996.672058105469 992.217834472656 999.717468261719 1000.75164794922 987.851013183594
995.622009277344 996.043334960938 998.018615722656 999.78076171875 1002.93981933594 1004.6201171875 1010.37927246094 1004.48126220703 1005.45343017578 1007.36267089844 1018.38842773438 1014.97418212891 1012.26043701172 1025.30700683594 1029.97668457031 1035.185546875 1037.48681640625 1040.79858398438 1037.57836914062 1048.15393066406 1054.04431152344 1049.77087402344 1048.8310546875 1052.09118652344 1047.951171875 1050.75024414062 1037.36865234375 1029.94543457031 1020.96667480469 1011.18188476562 1006.02301025391 990.407592773438 989.812866210938 994.64453125 985.855102539062 983.375915527344 987.878723144531 994.526550292969 996.944702148438 994.875732421875 989.171264648438 993.858032226562 984.885803222656 986.26318359375 990.087463378906 994.42236328125
988.043762207031 994.661315917969 999.415954589844 1003.58538818359 1008.64794921875 1017.07623291016 1004.46221923828 1004.33947753906 1004.60974121094 1016.59460449219 1016.02502441406 1003.32525634766 1009.85375976562 1025.22814941406 1030.07312011719 1028.37109375 1034.72570800781 1046.94958496094 1040.86083984375 1045.46533203125 1044.19506835938 1048.16833496094 1052.36767578125 1053.37609863281 1056.73522949219 1044.7421875 1044.00524902344 1038.50109863281 1025.21435546875 1009.53778076172 999.096740722656 991.149841308594 986.12548828125 990.252197265625 994.873779296875 987.242553710938 983.174621582031 988.383483886719 988.633728027344 983.031372070312 987.999145507812 991.96533203125 985.39990234375 984.902954101562 997.021301269531 994.102600097656
990.40380859375 997.247924804688 1003.36962890625 1006.63745117188 1005.67462158203 1008.82659912109 1005.96246337891 1009.18988037109 1013.36364746094 1012.498046875 1012.24359130859 1007.72229003906 1010.80657958984 1024.61486816406 1030.80285644531 1034.01550292969 1041.4287109375 1050.59997558594 1046.50854492188 1053.34753417969 1044.73352050781 1046.98657226562 1054.86315917969 1060.01159667969 1050.94787597656 1048.11450195312 1053.669921875 1040.70275878906 1034.56225585938 1021.86114501953 1008.16705322266 992.683349609375 983.859191894531 982.397583007812 986.480895996094 984.6142578125 983.147521972656 983.723022460938 975.550231933594 977.702209472656 971.87646484375 979.796691894531 981.874633789062 986.368713378906 987.797729492188 994.358276367188
1000.31561279297 995.666870117188 1006.40698242188 1005.94512939453 1013.67596435547 1020.11633300781 1008.08013916016 1011.93499755859 1008.80505371094 1006.85113525391 1013.46014404297 1016.72290039062 1009.73779296875 1024.07678222656 1030.39233398438 1037.78381347656 1044.37561035156 1054.23046875 1065.37915039062 1067.73571777344 1055.10583496094 1056.7939453125 1056.8837890625 1062.54602050781 1053.66186523438 1045.22045898438 1048.8642578125 1055.33471679688 1047.81005859375 1040.6865234375 1019.12084960938 1000.08093261719 988.129150390625 988.768676757812 988.196350097656 979.831909179688 984.2685546875 975.527770996094 972.766540527344 973.104125976562 980.255554199219 981.54296875 984.624633789062 986.578796386719 989.535217285156 990.500610351562
1003.94885253906 1001.32482910156 1008.06353759766 1012.29229736328 1013.49774169922 1018.24737548828 1011.48852539062 1009.11450195312 1014.5830078125 1013.25073242188 1010.48693847656 1014.37951660156 1017.75579833984 1027.44848632812 1036.69750976562 1043.27844238281 1049.24072265625 1052.97875976562 1061.81066894531 1064.86071777344 1064.68676757812 1061.77099609375 1058.82946777344 1060.63488769531 1056.5283203125 1058.69458007812 1059.58386230469 1057.4423828125 1051.69091796875 1037.61535644531 1014.82495117188 1007.91619873047 996.879943847656 991.361877441406 988.623413085938 993.463684082031 985.884033203125 985.704772949219 985.485534667969 982.463806152344 977.622436523438 986.3857421875 987.370788574219 992.563293457031 981.86181640625 987.002075195312
1000.46240234375 1005.61834716797 1006.46997070312 1008.56341552734 1012.9326171875 1013.14581298828 1022.32232666016 1015.91571044922 1019.93017578125 1011.58782958984 1017.91748046875 1031.3349609375 1037.45129394531 1032.69592285156 1027.44128417969 1035.85632324219 1039.37219238281 1052.11083984375 1057.43969726562 1061.36938476562 1063.78039550781 1063.45812988281 1060.45739746094 1059.30603027344 1065.99060058594 1069.30078125 1053.07897949219 1048.89001464844 1046.64880371094 1032.35302734375 1021.34838867188 1015.52319335938 1009.84155273438 995.155334472656 994.357849121094 991.9423828125 984.808044433594 974.034057617188 983.493530273438 984.428588867188 978.711242675781 982.671142578125 988.221496582031 991.285034179688 986.395446777344 980.179504394531
1004.4951171875 998.023498535156 1004.00793457031 1005.98205566406 1009.50433349609 1015.33612060547 1017.96112060547 1008.763671875 1021.98052978516 1016.17126464844 1019.38995361328 1031.9501953125 1039.16528320312 1042.79052734375 1029.24609375 1036.81237792969 1041.21459960938 1045.18322753906 1052.66674804688 1055.28344726562 1068.72912597656 1060.9775390625 1061.5830078125 1059.67272949219 1065.46887207031 1057.58325195312 1048.69030761719 1044.25231933594 1048.82543945312 1031.49609375 1021.78216552734 1023.17700195312 1015.39471435547 1003.89202880859 998.056457519531 993.615173339844 988.591430664062 980.142883300781 979.853332519531 976.694885253906 978.971801757812 979.789733886719 988.403747558594 987.396484375 982.930541992188 983.448669433594
1013.681640625 1000.42962646484 1014.04901123047 1006.17327880859 1016.92822265625 1006.81420898438 1016.55639648438 1013.60607910156 1014.62371826172 1018.23150634766 1016.44183349609 1027.19592285156 1032.2265625 1035.48999023438 1038.48205566406 1036.88330078125 1042.1669921875 1048.91137695312 1046.13452148438 1054.07934570312 1060.43920898438 1057.52136230469 1060.35876464844 1061.6181640625 1061.67163085938 1057.33581542969 1042.29382324219 1042.56640625 1041.6826171875 1039.38195800781 1023.58306884766 1027.69702148438 1021.37927246094 1007.36541748047 1004.74847412109 999.8076171875 989.097045898438 981.783203125 978.469482421875 977.395385742188 978.855346679688 986.902709960938 982.019836425781 982.062255859375 975.222290039062 978.859558105469
1007.62890625 1010.80126953125 1005.51129150391 1020.48425292969 1019.55407714844 1023.20037841797 1013.50213623047 1013.21453857422 1007.56164550781 1017.17993164062 1013.82586669922 1019.60198974609 1027.25378417969 1032.69421386719 1031.36853027344 1037.29260253906 1040.46362304688 1042.93579101562 1050.37390136719 1053.72424316406 1060.4951171875 1057.27111816406 1057.33911132812 1054.44055175781 1057.52026367188 1053.00073242188 1046.98828125 1044.33642578125 1034.79736328125 1032.07971191406 1029.95422363281 1027.76647949219 1020.83349609375 1019.45861816406 1011.94232177734 1008.92486572266 998.411926269531 992.504638671875 983.722106933594 977.577453613281 976.231384277344 986.884765625 975.693969726562 974.510070800781 972.882019042969 970.066345214844
1012.66229248047 1014.11798095703 1019.49975585938 1016.9814453125 1029.7080078125 1018.44635009766 1016.22210693359 1012.53186035156 1014.90191650391 1019.89489746094 1018.0546875 1015.57775878906 1027.22302246094 1029.52478027344 1035.85510253906 1037.55297851562 1045.36560058594 1044.76599121094 1042.22265625 1052.341796875 1055.80773925781 1061.1142578125 1050.94970703125 1042.35498046875 1041.63110351562 1046.2099609375 1041.6962890625 1036.06750488281 1026.97534179688 1033.16625976562 1032.23669433594 1035.03503417969 1021.95196533203 1020.15106201172 1019.25885009766 1010.9228515625 1000.27294921875 1000.71911621094 980.92236328125 983.756958007812 983.616394042969 978.957336425781 969.094787597656 972.9716796875 966.167236328125 964.756286621094
1020.44775390625 1020.95550537109 1024.77233886719 1027.21301269531 1022.69232177734 1025.30676269531 1020.93286132812 1022.20971679688 1020.5078125 1017.75042724609 1013.39050292969 1016.22247314453 1027.84545898438 1030.94067382812 1030.37817382812 1041.93395996094 1040.06860351562 1039.92065429688 1034.47985839844 1040.51208496094 1042.23400878906 1049.28833007812 1040.97131347656 1040.58227539062 1034.03002929688 1021.97930908203 1032.77624511719 1026.18713378906 1028.72143554688 1021.50500488281 1021.01287841797 1024.26501464844 1024.51147460938 1018.41229248047 1013.61767578125 1012.0791015625 1004.78985595703 1003.5615234375 981.709716796875 972.869995117188 971.079345703125 970.846496582031 971.056335449219 969.263061523438 971.97119140625 969.948425292969
1027.68676757812 1019.84210205078 1026.91040039062 1026.99230957031 1023.77941894531 1026.80993652344 1023.92657470703 1030.95227050781 1026.24047851562 1023.4775390625 1028.76245117188 1032.44482421875 1027.0703125 1027.982421875 1022.01623535156 1028.23034667969 1034.07788085938 1037.74877929688 1031.6064453125 1035.66320800781 1035.73522949219 1040.44604492188 1040.61657714844 1033.92651367188 1025.83288574219 1023.58618164062 1024.37524414062 1018.96746826172 1017.61340332031 1016.6494140625 1020.39868164062 1019.46734619141 1021.44683837891 1013.31469726562 1010.92163085938 1001.88568115234 991.475341796875 985.300842285156 974.686706542969 967.428161621094 969.951599121094 976.182189941406 967.684814453125 971.957763671875 974.064697265625 971.131774902344
1013.86853027344 1013.63812255859 1024.19860839844 1019.0263671875 1022.23229980469 1024.81274414062 1031.32763671875 1038.05920410156 1041.06774902344 1033.05590820312 1036.68920898438 1034.00524902344 1027.27844238281 1031.28015136719 1024.8828125 1021.31726074219 1033.25634765625 1026.65148925781 1032.87255859375 1031.48742675781 1028.83239746094 1037.76000976562 1039.58874511719 1033.83679199219 1030.4267578125 1024.59643554688 1021.40618896484 1021.82116699219 1018.31097412109 1011.35095214844 1016.77886962891 1012.33215332031 1014.85192871094 1018.62628173828 1014.78472900391 1011.17993164062 995.572021484375 988.30126953125 978.023742675781 962.903442382812 966.008728027344 965.673645019531 967.691345214844 962.5791015625 974.521118164062 976.230163574219
1011.46575927734 1012.10717773438 1016.92926025391 1025.85217285156 1016.68914794922 1028.98266601562 1040.3994140625 1030.3984375 1043.65771484375 1036.54650878906 1041.63842773438 1032.07934570312 1041.68420410156 1033.89147949219 1035.80419921875 1029.61804199219 1025.71948242188 1021.69458007812 1021.92504882812 1026.18359375 1027.69250488281 1031.4072265625 1037.77868652344 1031.56396484375 1029.31982421875 1027.36901855469 1030.45983886719 1021.94183349609 1007.97595214844 1017.31854248047 1017.73199462891 1013.84619140625 1008.81573486328 1006.82965087891 1005.87969970703 1003.39886474609 993.438720703125 985.89453125 968.587158203125 968.448120117188 962.939270019531 963.99072265625 959.320251464844 965.316955566406 965.819091796875 969.448852539062
1009.10784912109 1009.52825927734 1017.26519775391 1033.25659179688 1038.62512207031 1046.50732421875 1037.14758300781 1037.59252929688 1042.15673828125 1041.00732421875 1042.96130371094 1033.53344726562 1036.53442382812 1038.69909667969 1033.11962890625 1035.26806640625 1032.10913085938 1030.53442382812 1027.66845703125 1027.98278808594 1016.44158935547 1024.28430175781 1025.1083984375 1037.91064453125 1036.55798339844 1031.72924804688 1030.16735839844 1027.50415039062 1017.82727050781 1015.69860839844 1012.3544921875 1001.33825683594 1016.31494140625 1010.33245849609 1005.77642822266 992.18212890625 991.120300292969 982.878662109375 981.332275390625 973.108215332031 964.467895507812 965.189453125 954.745788574219 956.317687988281 958.815307617188 967.484619140625
1011.67211914062 1016.20501708984 1019.65545654297 1038.376953125 1041.90161132812 1042.38586425781 1040.93408203125 1038.28442382812 1032.28637695312 1029.36584472656 1035.76110839844 1041.38623046875 1042.56848144531 1040.02026367188 1034.443359375 1032.99719238281 1045.78771972656 1038.19763183594 1030.50378417969 1024.00329589844 1025.59362792969 1015.04699707031 1022.53454589844 1025.78271484375 1024.94812011719 1034.29418945312 1033.47131347656 1018.19989013672 1020.8427734375 1014.01910400391 1014.10852050781 1014.49066162109 1011.40350341797 1011.13763427734 1006.62280273438 996.377685546875 990.578308105469 980.153503417969 981.466857910156 983.961242675781 964.547424316406 957.857238769531 953.464416503906 960.059020996094 958.854370117188 966.898864746094
1016.96081542969 1023.33123779297 1025.46923828125 1040.72900390625 1040.85241699219 1035.90490722656 1034.11059570312 1036.88879394531 1039.29443359375 1041.95495605469 1043.89819335938 1055.84875488281 1048.14916992188 1038.78857421875 1042.71838378906 1037.36437988281 1038.35144042969 1025.89392089844 1025.18139648438 1025.61157226562 1021.21911621094 1023.35461425781 1011.36901855469 1016.48858642578 1020.57159423828 1028.69116210938 1031.05847167969 1022.16082763672 1024.49438476562 1017.69012451172 1015.05950927734 1011.77667236328 1011.17260742188 1014.90740966797 1009.21392822266 999.236083984375 991.87841796875 985.035583496094 987.075256347656 984.023254394531 970.152526855469 964.40576171875 959.959594726562 962.496337890625 961.182373046875 961.994506835938
