data/zlatibor_dem_simulations/DEMsim37.asc
NCOLS 150
NROWS 100
XLLCORNER 7394249
YLLCORNER 4841999
CELLSIZE 30
NODATA_VALUE -9999
[rows 20 to 39 of 100, columns 0 to 45 of 150]
959.453002929688 956.722290039062 959.665344238281 955.45849609375 955.955627441406 951.460693359375 951.113708496094 953.144897460938 958.271423339844 956.487976074219 952.870422363281 962.087097167969 968.392150878906 957.382873535156 960.524291992188 957.726745605469 959.167602539062 961.587219238281 973.158630371094 978.469848632812 970.217224121094 979.6669921875 978.440795898438 976.461242675781 985.7060546875 997.480041503906 1004.72454833984 1010.21820068359 1014.07659912109 1015.00811767578 1016.228515625 1022.89691162109 1021.36395263672 1028.20654296875 1034.48876953125 1032.11218261719 1041.04455566406 1046.58520507812 1033.14624023438 1039.72131347656 1037.28759765625 1038.70178222656 1035.66149902344 1040.89404296875 1038.869140625 1031.78991699219
957.152404785156 956.891967773438 953.348815917969 955.356140136719 948.680114746094 952.834289550781 947.638671875 950.918334960938 950.815307617188 956.145446777344 961.802307128906 960.013610839844 963.016784667969 962.488037109375 962.671936035156 959.928955078125 963.778991699219 970.000366210938 972.161376953125 973.706115722656 972.268493652344 972.7275390625 978.4775390625 975.921752929688 988.256164550781 998.626953125 1014.36163330078 1006.16143798828 1009.04431152344 1015.55523681641 1017.89752197266 1016.81805419922 1022.81036376953 1025.49755859375 1028.76159667969 1030.654296875 1029.86706542969 1025.50170898438 1022.30487060547 1029.80187988281 1027.90551757812 1027.19665527344 1031.07141113281 1026.73071289062 1028.26684570312 1026.05407714844
960.780700683594 956.660583496094 958.439514160156 957.922546386719 951.114501953125 948.017883300781 956.181884765625 957.767395019531 951.485229492188 949.686584472656 955.040588378906 952.181762695312 952.771606445312 961.764526367188 967.199584960938 958.690734863281 962.644897460938 960.43359375 970.857482910156 966.58935546875 966.144348144531 973.471923828125 972.101684570312 976.2802734375 989.961975097656 986.534729003906 1001.70843505859 995.292846679688 1004.46514892578 1005.92718505859 1014.1533203125 1013.77795410156 1013.42602539062 1012.5205078125 1021.67230224609 1022.79949951172 1020.67578125 1019.76208496094 1025.03295898438 1023.54174804688 1012.74340820312 1020.439453125 1034.0361328125 1031.73217773438 1023.55035400391 1018.61853027344
950.259460449219 948.983459472656 954.411682128906 952.409362792969 953.162414550781 956.093872070312 959.786804199219 950.824768066406 945.80712890625 941.105102539062 941.811767578125 951.080810546875 949.973937988281 955.338500976562 959.680908203125 956.204711914062 965.289794921875 971.24951171875 970.898864746094 970.678894042969 972.467102050781 969.810241699219 975.625549316406 982.842102050781 984.436279296875 984.463806152344 983.118469238281 981.872131347656 995.737915039062 1005.82800292969 1012.57147216797 1004.24786376953 1000.96209716797 1007.80377197266 1012.94207763672 1012.35943603516 1020.80255126953 1020.73223876953 1014.69470214844 1024.5263671875 1016.51550292969 1021.03778076172 1022.40545654297 1025.03295898438 1017.61218261719 1011.74169921875
931.93017578125 939.991516113281 940.193237304688 948.655578613281 946.395812988281 957.448669433594 957.983032226562 954.976806640625 953.080261230469 953.855224609375 954.355651855469 947.617919921875 949.190795898438 957.066223144531 958.07275390625 956.479797363281 962.629211425781 976.892211914062 972.817016601562 971.201232910156 973.058044433594 967.781494140625 974.607666015625 984.499145507812 989.941467285156 985.126403808594 988.755554199219 987.928649902344 998.464660644531 1005.06951904297 1004.15997314453 1003.064453125 997.261474609375 1004.89233398438 1010.365234375 1011.95837402344 1018.82165527344 1024.11535644531 1016.92132568359 1013.17840576172 1015.65948486328 1018.88391113281 1026.97973632812 1014.46551513672 1019.53631591797 1016.91973876953
932.358581542969 928.430847167969 936.514892578125 940.990600585938 945.707946777344 954.261413574219 963.731201171875 959.410339355469 958.416076660156 964.7607421875 954.901733398438 950.469177246094 958.5654296875 956.704223632812 967.951782226562 956.878479003906 963.807556152344 962.729431152344 978.156066894531 974.667297363281 976.15283203125 977.027404785156 977.939025878906 979.548522949219 986.392822265625 987.295959472656 984.134826660156 991.677856445312 1001.18188476562 1000.08087158203 990.422058105469 996.092407226562 996.127746582031 1004.16479492188 1015.70782470703 1019.30328369141 1023.40478515625 1021.79211425781 1017.13488769531 1021.33172607422 1021.03979492188 1019.82006835938 1019.12115478516 1016.66693115234 1017.37622070312 1011.42041015625
934.875732421875 935.639526367188 939.323913574219 950.036193847656 950.137512207031 953.2880859375 958.812805175781 966.039123535156 963.692749023438 963.934936523438 958.744995117188 966.582885742188 961.359680175781 966.06201171875 972.361511230469 957.949951171875 970.411926269531 968.908203125 971.031311035156 973.547546386719 976.446960449219 981.647277832031 982.283386230469 981.945617675781 990.6357421875 992.458374023438 992.897338867188 992.158142089844 994.379821777344 980.061340332031 995.945678710938 996.116027832031 1002.005859375 1001.66131591797 1016.93933105469 1018.63238525391 1019.06970214844 1018.57348632812 1012.50482177734 1015.14166259766 1014.31726074219 1008.5810546875 1006.08605957031 1010.37084960938 1016.77728271484 1012.06628417969
942.909362792969 938.910095214844 938.128479003906 950.4091796875 957.538024902344 961.440673828125 969.942321777344 965.880981445312 966.527160644531 971.090515136719 969.671325683594 970.070617675781 970.5654296875 966.011047363281 965.419128417969 965.637878417969 965.07421875 967.317749023438 962.007507324219 973.446228027344 974.190612792969 978.549621582031 977.95166015625 987.734802246094 991.981872558594 992.017028808594 988.996520996094 988.439819335938 982.963989257812 976.113830566406 989.037536621094 987.601379394531 997.127868652344 1004.26525878906 1003.91711425781 1010.634765625 1016.3271484375 1005.55023193359 1000.53759765625 1003.90087890625 1010.30419921875 1007.82287597656 1009.24383544922 1007.80755615234 1001.43518066406 999.873962402344
944.560485839844 942.584045410156 943.738037109375 954.016540527344 959.310974121094 960.935302734375 963.067321777344 962.662841796875 958.153015136719 971.921569824219 965.595703125 974.337463378906 976.831237792969 978.180908203125 970.358764648438 966.910888671875 968.903747558594 967.854675292969 966.873229980469 956.595947265625 970.091003417969 977.106567382812 982.652893066406 992.391845703125 995.095764160156 989.185180664062 987.457641601562 987.941040039062 981.435302734375 976.690246582031 979.210327148438 984.932495117188 991.362243652344 998.894592285156 1000.96405029297 994.009155273438 1004.55322265625 1007.45672607422 1006.97692871094 1002.28564453125 994.73681640625 995.5576171875 998.509826660156 996.21923828125 1003.66918945312 993.221984863281
947.832336425781 943.0048828125 954.080993652344 959.17333984375 956.399780273438 963.756286621094 955.480651855469 962.1494140625 967.520080566406 965.181274414062 973.954711914062 966.940979003906 977.184814453125 978.310791015625 978.56298828125 977.122192382812 980.526428222656 975.148803710938 973.61181640625 970.28955078125 981.791625976562 986.828491210938 990.944396972656 995.098449707031 994.10205078125 996.015197753906 988.52685546875 987.650634765625 983.866149902344 986.590881347656 982.959289550781 978.053833007812 986.470764160156 992.012145996094 998.29931640625 1000.39721679688 1000.48150634766 994.390380859375 998.677001953125 997.379211425781 992.010070800781 994.167785644531 986.562377929688 994.9462890625 995.890258789062 1000.58361816406
936.502319335938 949.193481445312 953.275329589844 966.621154785156 959.881469726562 968.736450195312 975.724487304688 965.630615234375 965.64501953125 969.109191894531 971.944702148438 972.109191894531 980.765747070312 983.027709960938 981.171203613281 971.3154296875 976.11669921875 970.189392089844 977.478759765625 978.68310546875 983.512084960938 991.516662597656 986.850158691406 988.546081542969 984.071350097656 988.543212890625 994.84130859375 986.052368164062 986.632385253906 981.923767089844 983.258361816406 983.487243652344 984.756042480469 986.855163574219 989.001037597656 988.182800292969 993.512023925781 990.694519042969 987.92578125 992.503234863281 989.929931640625 996.17236328125 991.954833984375 983.969543457031 994.673034667969 988.303283691406
946.02880859375 949.992370605469 964.950744628906 968.959594726562 970.79541015625 973.085021972656 976.049926757812 970.041381835938 967.57080078125 973.359069824219 966.969665527344 983.86279296875 983.742065429688 980.607116699219 977.948486328125 971.892150878906 978.846252441406 979.768310546875 983.624694824219 979.725891113281 988.317321777344 987.007873535156 980.802368164062 985.584655761719 985.708923339844 993.357421875 996.610412597656 982.248840332031 976.855041503906 981.629272460938 986.168334960938 988.405090332031 989.787109375 988.484619140625 991.361511230469 983.209045410156 982.085388183594 989.069641113281 995.900146484375 986.692626953125 984.671630859375 981.870849609375 986.835571289062 994.381408691406 993.098999023438 991.011535644531
952.979125976562 957.822204589844 965.437255859375 968.874206542969 974.647827148438 971.190795898438 975.218811035156 973.671875 971.987548828125 976.053833007812 973.406616210938 971.731567382812 974.599243164062 975.690551757812 984.372619628906 975.587097167969 982.038635253906 983.388305664062 986.956848144531 979.73681640625 987.650451660156 988.926513671875 989.637145996094 989.634399414062 995.576232910156 985.727416992188 993.054809570312 991.261413574219 982.811340332031 984.886779785156 980.603576660156 986.481750488281 991.077697753906 989.795471191406 982.620056152344 984.047729492188 991.509826660156 997.786682128906 997.648742675781 980.263916015625 975.746948242188 974.737243652344 990.292175292969 991.149475097656 990.185424804688 985.038024902344
960.847595214844 958.263793945312 957.0087890625 968.216796875 975.021667480469 966.430786132812 971.758544921875 980.121704101562 964.775268554688 977.483947753906 976.470275878906 984.72607421875 984.760437011719 976.551330566406 973.298583984375 970.282897949219 979.76953125 982.556518554688 980.496948242188 977.257629394531 981.122314453125 989.089660644531 984.338989257812 988.375915527344 994.615966796875 987.407592773438 984.786315917969 978.914672851562 982.174621582031 983.517639160156 981.354187011719 984.09521484375 981.151977539062 980.687805175781 980.694458007812 988.078369140625 990.897521972656 983.380798339844 984.505310058594 981.322692871094 980.688598632812 983.753234863281 986.415893554688 995.108703613281 993.034362792969 985.131774902344
961.129150390625 959.903991699219 960.627380371094 967.672668457031 965.611999511719 971.304321289062 972.641479492188 962.863342285156 966.758483886719 973.773010253906 985.414611816406 980.566162109375 976.7255859375 965.267578125 974.838623046875 967.481140136719 978.226867675781 977.354919433594 975.251525878906 972.995910644531 977.447814941406 982.6484375 983.90185546875 981.992065429688 986.861083984375 986.468566894531 980.756225585938 973.75927734375 978.732116699219 981.292541503906 981.802612304688 987.445373535156 980.279663085938 990.337951660156 984.350524902344 982.957763671875 981.681213378906 984.0888671875 979.712646484375 975.473266601562 975.733337402344 980.676086425781 977.936828613281 984.766845703125 990.400085449219 991.373107910156
950.78515625 952.111389160156 955.31640625 961.304321289062 965.15771484375 968.94091796875 967.874633789062 973.794616699219 969.221313476562 979.631042480469 971.796936035156 976.369323730469 975.752563476562 969.542175292969 977.889587402344 974.429138183594 976.215576171875 978.867492675781 977.005249023438 974.394958496094 975.310852050781 982.200561523438 979.720947265625 982.97509765625 977.414306640625 985.603942871094 982.713073730469 978.266540527344 979.141967773438 989.568664550781 988.543579101562 991.665466308594 984.615112304688 985.643493652344 986.759704589844 978.809204101562 978.169250488281 979.510070800781 980.482604980469 983.692321777344 978.369201660156 983.97314453125 983.593627929688 980.806091308594 982.031616210938 991.881408691406
950.048156738281 958.377197265625 962.21484375 957.780944824219 962.179016113281 971.406921386719 973.1083984375 971.677856445312 973.377868652344 977.727233886719 980.691162109375 967.292297363281 982.103759765625 973.666076660156 972.573486328125 977.804321289062 977.044555664062 981.186401367188 980.438049316406 980.950927734375 979.912963867188 979.666381835938 983.630432128906 983.647644042969 978.08837890625 974.783264160156 987.87744140625 976.071716308594 974.957702636719 978.424560546875 978.878356933594 993.089721679688 1000.57476806641 995.09912109375 981.5029296875 974.500122070312 976.418640136719 980.90478515625 979.537841796875 974.647216796875 976.964294433594 982.38134765625 982.716430664062 979.16796875 975.807495117188 976.456176757812
945.481262207031 946.640014648438 959.362548828125 969.632629394531 972.465881347656 973.758056640625 973.899597167969 977.146423339844 964.818176269531 976.893310546875 975.747436523438 976.940368652344 973.770324707031 970.728576660156 973.406555175781 977.589660644531 972.734069824219 974.218811035156 982.60302734375 985.061950683594 984.121398925781 981.883422851562 985.854797363281 985.902893066406 976.189208984375 977.353332519531 982.85498046875 968.574951171875 968.921508789062 975.947326660156 976.372375488281 985.228149414062 994.316284179688 997.548706054688 984.254516601562 981.994750976562 982.68994140625 979.144775390625 975.797058105469 971.34228515625 974.881652832031 976.195678710938 976.606201171875 976.032043457031 966.913146972656 965.716491699219
943.010192871094 941.29541015625 961.481018066406 970.7490234375 975.781127929688 976.225280761719 978.932800292969 976.51171875 972.429626464844 971.547912597656 966.171997070312 978.69189453125 973.661437988281 967.571960449219 974.608337402344 976.386474609375 967.578796386719 969.134094238281 973.208251953125 978.574340820312 981.082092285156 983.672546386719 983.880981445312 976.711853027344 976.170654296875 975.804138183594 976.273864746094 973.613525390625 968.888366699219 970.599365234375 976.164306640625 982.579772949219 985.667541503906 989.17626953125 984.015869140625 988.009582519531 975.431884765625 978.536682128906 975.129333496094 965.710876464844 967.334655761719 974.903991699219 973.135925292969 974.724365234375 963.664001464844 960.180786132812
941.900329589844 940.887268066406 958.582702636719 962.912109375 962.573669433594 967.593872070312 980.880920410156 971.403137207031 966.247192382812 958.273254394531 966.051086425781 971.868835449219 975.071228027344 977.617004394531 976.51025390625 973.730834960938 972.200561523438 975.676025390625 983.858276367188 980.880981445312 977.097717285156 976.825988769531 983.811218261719 979.831298828125 980.060546875 972.922302246094 974.48779296875 972.928283691406 966.428344726562 970.274963378906 974.527648925781 981.819030761719 981.948608398438 989.07275390625 977.155517578125 989.816162109375 979.878784179688 980.802185058594 970.158325195312 963.620239257812 968.799682617188 968.056396484375 962.292663574219 961.803894042969 958.988891601562 954.154968261719
