data/zlatibor_dem_simulations/DEMsim64.asc
NCOLS 150
NROWS 100
XLLCORNER 7394249
YLLCORNER 4841999
CELLSIZE 30
NODATA_VALUE -9999
[rows 20 to 39 of 100, columns 0 to 45 of 150]
969.64306640625 966.776489257812 970.909118652344 959.466979980469 957.107849121094 964.943969726562 965.850708007812 967.528137207031 977.317199707031 977.55029296875 966.33056640625 960.240539550781 959.525939941406 957.67431640625 955.917053222656 958.075317382812 954.975952148438 952.434265136719 958.858642578125 967.031982421875 966.718994140625 973.605041503906 964.757446289062 973.83544921875 977.619567871094 981.520080566406 998.212951660156 1002.79467773438 1002.712890625 1004.61193847656 1007.58294677734 1016.17443847656 1011.69873046875 1013.61163330078 1022.00762939453 1019.314453125 1026.35461425781 1020.10375976562 1022.03527832031 1029.07458496094 1025.72924804688 1031.43884277344 1044.13354492188 1032.3046875 1024.12060546875 1023.98443603516
963.522888183594 966.804077148438 966.45263671875 960.898193359375 952.294860839844 951.97265625 959.913696289062 964.097961425781 967.127868652344 963.726989746094 962.262817382812 965.617370605469 962.76708984375 964.104248046875 962.302673339844 955.58642578125 952.113647460938 951.488464355469 957.741088867188 961.171142578125 966.705871582031 969.870971679688 970.608520507812 967.540405273438 987.537353515625 983.680297851562 992.565063476562 1000.88903808594 1007.40893554688 1005.955078125 997.984497070312 1008.17681884766 1010.25433349609 1011.21307373047 1017.91827392578 1018.81427001953 1014.56115722656 1018.39489746094 1017.34362792969 1022.12127685547 1030.39892578125 1031.6201171875 1034.34631347656 1018.66156005859 1016.93444824219 1021.31158447266
962.465148925781 944.112365722656 951.1181640625 954.522033691406 945.613952636719 944.679870605469 952.6669921875 954.595581054688 961.148803710938 962.030395507812 963.474304199219 962.098937988281 960.138854980469 963.178283691406 962.142517089844 955.583679199219 966.77587890625 958.836242675781 959.438598632812 972.062744140625 969.074096679688 972.397644042969 972.790893554688 972.492858886719 975.054443359375 980.174133300781 986.297302246094 996.579345703125 1007.78106689453 1008.21752929688 1001.06469726562 1003.95104980469 1010.12506103516 1012.64691162109 1011.70037841797 1018.91705322266 1021.67596435547 1022.71026611328 1019.09564208984 1020.40069580078 1022.01165771484 1026.11962890625 1023.81182861328 1015.86218261719 1015.99890136719 1014.55706787109
943.995788574219 943.6455078125 948.382629394531 944.979675292969 942.099853515625 948.957824707031 953.53515625 948.374694824219 961.695983886719 948.206909179688 949.090148925781 957.560241699219 954.445007324219 964.6865234375 963.730529785156 963.048889160156 960.650695800781 966.84326171875 968.519226074219 978.574645996094 977.071105957031 971.638671875 966.539611816406 968.855712890625 971.869384765625 977.594299316406 987.096252441406 991.334777832031 996.063232421875 1013.26379394531 1009.05993652344 1007.51586914062 1004.2431640625 1004.64959716797 1010.96704101562 1020.81219482422 1016.39483642578 1016.45825195312 1030.80554199219 1022.43957519531 1018.88647460938 1020.36651611328 1013.38293457031 1013.28790283203 1013.35009765625 1006.43963623047
950.132446289062 942.523193359375 942.588195800781 940.177124023438 947.997192382812 959.924011230469 964.993408203125 954.146789550781 947.454528808594 947.580261230469 947.783874511719 960.555908203125 965.453979492188 964.0986328125 963.155090332031 964.047180175781 965.968933105469 969.307067871094 966.754089355469 973.296264648438 977.813110351562 974.58837890625 963.708618164062 968.115844726562 969.358459472656 980.830993652344 989.60107421875 1002.46514892578 996.132202148438 1001.455078125 1008.56317138672 1011.91040039062 1008.4248046875 1011.68237304688 1023.13818359375 1018.95239257812 1010.17065429688 1014.19079589844 1024.43798828125 1023.81475830078 1014.60760498047 1005.69903564453 1017.92193603516 1015.76574707031 1014.65576171875 1005.11962890625
940.998901367188 937.236999511719 943.057373046875 946.061706542969 948.594482421875 960.445251464844 954.747192382812 949.2216796875 955.882873535156 947.582336425781 949.829833984375 964.887390136719 974.04150390625 967.947692871094 966.505065917969 963.974182128906 964.4775390625 974.072326660156 969.060180664062 977.953002929688 977.058471679688 971.605041503906 970.533203125 968.122741699219 978.729248046875 977.659973144531 978.511779785156 991.919189453125 991.788513183594 993.790161132812 997.417053222656 1005.39367675781 999.380737304688 1011.58801269531 1016.29669189453 1008.86950683594 1007.78363037109 1002.28839111328 1016.33288574219 1024.91967773438 1015.65521240234 1009.09033203125 1013.32556152344 1016.18530273438 1015.22698974609 1009.70983886719
945.7783203125 941.318603515625 944.372863769531 945.618469238281 953.47607421875 956.430114746094 953.738830566406 955.368835449219 956.751892089844 953.178649902344 957.233703613281 971.619079589844 979.15625 975.453979492188 970.501770019531 966.742614746094 966.429626464844 980.202819824219 966.557678222656 963.468505859375 972.726989746094 974.72900390625 974.746948242188 974.712768554688 984.642150878906 985.532653808594 988.266235351562 988.160766601562 984.50439453125 987.964111328125 995.613464355469 992.304992675781 988.249450683594 1004.28637695312 1002.63952636719 1002.42864990234 992.904052734375 996.130676269531 995.398681640625 1009.54766845703 1004.69671630859 1005.33612060547 1007.39239501953 1012.60675048828 1016.23767089844 1012.64996337891
948.03857421875 949.054809570312 947.558044433594 939.146484375 949.759216308594 958.417419433594 955.203430175781 959.746215820312 967.397827148438 965.535095214844 972.154174804688 965.923461914062 979.094055175781 971.869506835938 965.030395507812 963.593322753906 972.662780761719 975.241577148438 964.827026367188 961.0537109375 977.27734375 977.918579101562 981.943786621094 978.502746582031 990.145751953125 984.523315429688 982.8603515625 988.024597167969 990.092712402344 991.26318359375 996.506958007812 992.975891113281 998.9365234375 997.293273925781 990.103820800781 994.070678710938 992.643005371094 991.407897949219 990.917297363281 993.045715332031 999.527587890625 1002.35632324219 1001.48278808594 1001.56799316406 1011.00836181641 1004.91735839844
944.953063964844 944.762268066406 939.867797851562 943.705139160156 949.552124023438 951.751708984375 960.036499023438 966.494567871094 961.071228027344 967.808532714844 964.104614257812 967.93603515625 976.357299804688 973.479919433594 971.466064453125 958.553894042969 963.074645996094 970.271728515625 973.463745117188 966.510925292969 973.203186035156 984.593688964844 979.314575195312 987.791076660156 985.232482910156 993.447631835938 998.33837890625 996.07080078125 992.383544921875 992.170166015625 998.871704101562 989.019714355469 992.683532714844 997.407531738281 999.584289550781 997.058044433594 995.475646972656 987.564697265625 995.199951171875 998.403930664062 997.113830566406 998.032470703125 1002.13543701172 1003.00689697266 995.355712890625 1003.93341064453
942.288940429688 951.720642089844 948.695617675781 948.39013671875 955.930297851562 964.92236328125 963.400268554688 962.133422851562 963.028503417969 962.227355957031 961.112548828125 967.786804199219 970.955688476562 959.716491699219 964.2216796875 963.312194824219 972.510925292969 974.334411621094 968.478332519531 967.656982421875 976.54833984375 982.352600097656 989.12109375 983.711547851562 982.579040527344 991.288879394531 992.140380859375 999.313781738281 994.235900878906 990.708190917969 995.3720703125 989.970764160156 990.554260253906 992.520385742188 994.163879394531 998.905944824219 991.643615722656 995.84814453125 1007.49304199219 999.643798828125 998.141784667969 999.02197265625 992.826293945312 989.38037109375 998.444396972656 993.903442382812
943.582580566406 943.268432617188 943.669677734375 955.862487792969 966.925659179688 969.555786132812 963.955688476562 972.416198730469 968.809509277344 968.443115234375 959.839782714844 959.965881347656 970.192932128906 964.10400390625 964.850280761719 968.321594238281 977.148315429688 972.410766601562 971.932739257812 977.548461914062 972.879943847656 978.303466796875 990.481689453125 985.5087890625 991.059265136719 987.556213378906 988.805725097656 992.285888671875 988.369873046875 987.21728515625 987.684997558594 991.013305664062 986.011596679688 985.63720703125 989.603332519531 994.912109375 986.988037109375 994.031311035156 993.866821289062 993.635559082031 991.097412109375 992.571533203125 991.861145019531 998.5556640625 999.525634765625 988.936218261719
932.078247070312 938.340209960938 954.073486328125 965.682067871094 968.167053222656 969.733032226562 962.690124511719 967.933044433594 969.117736816406 972.5927734375 969.590942382812 972.989990234375 974.436950683594 971.971252441406 975.474548339844 980.004272460938 981.771911621094 983.270629882812 982.855712890625 980.55029296875 987.209167480469 979.12890625 985.282653808594 983.868591308594 983.63037109375 979.154724121094 987.500732421875 989.283569335938 985.594665527344 983.793151855469 977.915710449219 991.138122558594 987.221130371094 991.507568359375 989.531921386719 997.5185546875 985.721313476562 984.638549804688 992.536437988281 993.984130859375 996.5068359375 994.39208984375 995.743103027344 996.005920410156 991.696594238281 994.21630859375
942.807922363281 949.126892089844 949.314025878906 959.969360351562 961.855651855469 970.582946777344 971.666137695312 965.043579101562 969.685791015625 976.968505859375 976.875305175781 983.134582519531 975.822021484375 978.857421875 980.464599609375 977.314086914062 977.715637207031 981.941162109375 979.925109863281 997.878051757812 992.376831054688 985.927062988281 983.839172363281 986.024719238281 983.146484375 983.569702148438 989.65185546875 988.445556640625 991.734741210938 979.525634765625 982.981811523438 997.130554199219 1004.35339355469 998.528381347656 987.734802246094 987.815307617188 989.628356933594 983.961059570312 989.080322265625 982.602844238281 988.392150878906 992.7021484375 991.968627929688 990.525390625 982.890502929688 985.939819335938
942.150939941406 947.032592773438 955.849670410156 965.093078613281 963.322265625 963.941772460938 971.934326171875 969.736694335938 970.1083984375 970.754577636719 974.333618164062 973.905395507812 968.56494140625 969.686462402344 978.893310546875 979.403625488281 976.691772460938 980.477600097656 978.842102050781 984.338684082031 989.068908691406 987.64794921875 995.045288085938 988.902221679688 989.295043945312 986.853820800781 986.433227539062 989.744750976562 987.838928222656 984.647094726562 982.398620605469 993.548828125 989.417602539062 995.714599609375 995.493774414062 990.581787109375 989.2060546875 982.385131835938 980.8798828125 977.546997070312 986.248779296875 988.524291992188 995.889099121094 984.61181640625 991.97119140625 987.472961425781
943.92041015625 944.302062988281 945.739685058594 951.705810546875 960.523132324219 968.886779785156 977.747009277344 965.94775390625 964.933349609375 976.943481445312 961.661071777344 961.32275390625 965.618286132812 965.539123535156 975.65771484375 975.754089355469 973.176391601562 976.461853027344 976.666137695312 980.950500488281 981.242065429688 983.821838378906 992.091674804688 989.308044433594 989.707092285156 982.174865722656 987.004211425781 979.692626953125 978.642578125 981.447265625 981.425170898438 985.179931640625 989.53759765625 988.401672363281 988.44140625 989.079345703125 988.520263671875 988.040893554688 983.285095214844 978.445434570312 977.091064453125 987.999389648438 992.9580078125 988.583435058594 993.168212890625 982.390869140625
945.940979003906 952.576599121094 952.916259765625 956.700866699219 958.163696289062 964.0224609375 967.383544921875 966.745544433594 964.2734375 973.723327636719 964.100708007812 969.0634765625 970.068115234375 964.812927246094 962.73388671875 965.354919433594 965.962646484375 967.003234863281 980.213500976562 982.213989257812 975.26513671875 980.882873535156 984.274780273438 975.46533203125 979.117004394531 984.896667480469 980.046447753906 981.002624511719 974.925964355469 984.427307128906 983.9658203125 980.777099609375 983.676086425781 989.484680175781 993.021911621094 988.919677734375 984.85546875 983.911926269531 979.530029296875 970.536499023438 973.640747070312 990.431030273438 984.613098144531 983.828247070312 982.74658203125 978.83837890625
950.536682128906 955.314575195312 960.633056640625 962.140930175781 971.233337402344 979.918273925781 973.705688476562 968.979797363281 966.697692871094 969.992309570312 958.365844726562 964.654357910156 964.17529296875 962.908447265625 955.371032714844 960.608703613281 963.418151855469 959.608764648438 976.300537109375 975.426574707031 979.442321777344 977.510009765625 982.375183105469 975.421569824219 978.632934570312 974.362182617188 975.792358398438 982.042053222656 977.520874023438 976.698547363281 983.522399902344 984.556762695312 986.762451171875 981.686645507812 980.425231933594 984.481384277344 975.879821777344 974.265869140625 973.592956542969 969.862487792969 974.794189453125 979.568481445312 987.756652832031 984.892761230469 979.402465820312 977.259521484375
951.769714355469 956.429260253906 966.892883300781 971.314758300781 971.06689453125 975.289123535156 972.216552734375 975.137634277344 973.440612792969 966.892028808594 969.160400390625 969.5859375 962.330322265625 967.743957519531 964.466064453125 961.783325195312 962.459594726562 960.578063964844 971.185974121094 973.744750976562 982.994567871094 985.481506347656 976.713256835938 977.226745605469 976.725463867188 967.137634277344 966.693603515625 964.023498535156 975.993408203125 974.892883300781 984.029968261719 976.253845214844 976.237182617188 978.816589355469 981.036926269531 971.041625976562 972.3330078125 978.106628417969 982.490539550781 974.839111328125 976.836242675781 983.892517089844 977.039794921875 981.63671875 980.898620605469 987.161071777344
947.916931152344 956.750366210938 965.932983398438 972.226928710938 969.589294433594 974.549682617188 962.582702636719 970.944580078125 963.323303222656 966.058166503906 974.46875 974.352661132812 962.699035644531 965.630310058594 965.05322265625 969.088745117188 975.233459472656 961.696533203125 978.709655761719 974.212951660156 973.007019042969 978.684143066406 975.558837890625 978.056823730469 975.479125976562 972.851379394531 973.400268554688 971.861694335938 971.017333984375 977.592529296875 984.707153320312 982.984069824219 973.81591796875 982.56103515625 983.31494140625 972.686767578125 975.131652832031 981.11328125 969.365295410156 975.998657226562 973.980651855469 971.858703613281 969.3125 969.534729003906 977.19970703125 984.08837890625
953.850158691406 951.784484863281 956.95849609375 967.303771972656 971.948120117188 971.684875488281 963.235229492188 973.422729492188 961.671813964844 971.205261230469 969.494750976562 970.92626953125 973.541809082031 971.501586914062 970.128112792969 973.221984863281 970.050048828125 981.910766601562 985.785278320312 986.783935546875 981.617797851562 972.811889648438 975.175537109375 972.908264160156 980.084594726562 973.372802734375 974.683166503906 967.341979980469 975.733032226562 975.546508789062 979.053894042969 975.988098144531 980.938110351562 980.925170898438 982.528747558594 971.236206054688 979.469970703125 979.201782226562 976.288269042969 979.482421875 977.621032714844 971.317443847656 980.088012695312 973.1396484375 973.503967285156 977.955688476562
