data/zlatibor_dem_simulations/DEMsim71.asc
NCOLS 150
NROWS 100
XLLCORNER 7394249
YLLCORNER 4841999
CELLSIZE 30
NODATA_VALUE -9999
[rows 40 to 59 of 100, columns 92 to 137 of 150]
994.037414550781 996.761169433594 996.069946289062 986.479553222656 983.143615722656 981.53173828125 975.761291503906 978.193481445312 980.334838867188 976.334289550781 970.333190917969 987.132080078125 999.661804199219 988.800537109375 980.623596191406 979.729553222656 980.434020996094 994.252624511719 997.475708007812 1003.11102294922 1000.25915527344 996.206481933594 982.647583007812 984.146911621094 995.297607421875 1000.94085693359 1001.48028564453 994.134155273438 988.714416503906 994.03662109375 999.020080566406 1000.10522460938 1009.84936523438 1012.47790527344 1006.42724609375 1013.53637695312 1016.70776367188 1026.56884765625 1032.62377929688 1022.91949462891 1027.52746582031 1028.62829589844 1035.55102539062 1038.88220214844 1042.31213378906 1057.72912597656
986.911804199219 1000.12512207031 991.674926757812 992.843627929688 983.478515625 993.042297363281 984.422485351562 978.389892578125 979.373901367188 973.034790039062 974.890563964844 982.467102050781 993.540222167969 989.338073730469 981.165832519531 976.241149902344 981.777282714844 987.200561523438 982.017150878906 991.378662109375 996.434326171875 988.780334472656 981.954711914062 983.864624023438 993.177612304688 999.565551757812 1000.08209228516 1003.14276123047 997.013732910156 991.609436035156 995.505554199219 996.294982910156 1003.04052734375 1002.73883056641 1013.49035644531 1013.04272460938 1019.73950195312 1030.77905273438 1037.39135742188 1033.27661132812 1028.15075683594 1031.96105957031 1045.2529296875 1046.103515625 1057.38635253906 1057.93090820312
992.233520507812 991.016174316406 989.415771484375 998.585815429688 990.490234375 984.646728515625 983.272827148438 979.610717773438 981.104919433594 976.480041503906 978.113403320312 982.91064453125 984.318298339844 986.427490234375 978.238220214844 977.670104980469 978.538452148438 993.475341796875 989.991271972656 983.470520019531 988.862670898438 990.899475097656 985.424438476562 985.654418945312 988.960021972656 998.474609375 991.165832519531 999.841186523438 1000.63128662109 993.491516113281 999.034729003906 1009.36999511719 1002.62310791016 1003.59979248047 1015.44958496094 1016.73333740234 1024.83764648438 1025.6640625 1027.60217285156 1039.45788574219 1049.33984375 1053.83605957031 1055.22521972656 1052.83264160156 1058.09643554688 1073.26867675781
981.150817871094 982.902770996094 982.068603515625 990.762512207031 982.520874023438 984.470947265625 970.164978027344 970.942077636719 972.567810058594 971.476806640625 979.569030761719 979.545776367188 988.092895507812 985.546569824219 977.071960449219 982.062866210938 982.103332519531 993.80810546875 989.023071289062 987.156311035156 989.333862304688 986.680480957031 982.647094726562 985.443237304688 984.723449707031 983.448608398438 985.29736328125 997.143676757812 999.314819335938 1003.53784179688 1002.98040771484 1006.10260009766 1002.68511962891 1015.44049072266 1018.44738769531 1015.5693359375 1018.16186523438 1026.95080566406 1028.26232910156 1045.134765625 1057.87634277344 1066.44494628906 1061.31372070312 1067.29565429688 1069.27783203125 1076.78356933594
984.114440917969 975.809875488281 976.799133300781 981.851135253906 977.828979492188 975.8427734375 968.679809570312 972.539611816406 972.2958984375 972.757995605469 972.811767578125 977.000183105469 980.567749023438 982.291015625 978.2490234375 984.920166015625 987.1220703125 988.267150878906 992.138549804688 993.226257324219 988.762756347656 990.532470703125 983.710876464844 986.1943359375 979.509582519531 990.091125488281 993.848449707031 996.88330078125 999.4521484375 1005.32177734375 1010.16381835938 1007.96173095703 997.920776367188 1006.45983886719 1017.89013671875 1020.13586425781 1033.31286621094 1043.61865234375 1037.49584960938 1046.208984375 1052.193359375 1061.38610839844 1070.4892578125 1070.1171875 1068.76733398438 1080.08679199219
968.78271484375 976.011108398438 979.412231445312 978.765747070312 976.922668457031 973.8056640625 968.161010742188 977.307006835938 978.355224609375 970.081115722656 969.900939941406 979.205627441406 988.688842773438 986.524841308594 979.150085449219 983.526977539062 979.338806152344 991.655029296875 996.060485839844 1005.09704589844 1000.00677490234 994.955993652344 990.492614746094 987.567260742188 990.119384765625 992.695678710938 991.551025390625 990.775024414062 1000.97448730469 1007.4873046875 1006.703125 1010.62512207031 1002.41558837891 999.389831542969 1010.39581298828 1029.38989257812 1039.60607910156 1055.42907714844 1049.82482910156 1049.35766601562 1053.17346191406 1055.07287597656 1064.65234375 1076.02111816406 1079.88623046875 1087.85815429688
964.968017578125 964.845397949219 973.2177734375 983.452392578125 967.636291503906 968.525268554688 975.46630859375 973.770629882812 979.27197265625 972.849060058594 973.927185058594 976.018493652344 989.557434082031 986.854675292969 991.709594726562 984.590637207031 985.604797363281 989.376159667969 995.777038574219 999.555725097656 997.468505859375 999.51953125 991.342895507812 984.350341796875 999.453063964844 1003.85083007812 988.813354492188 994.497375488281 1001.60113525391 1003.23937988281 1001.54498291016 1009.43859863281 1002.67474365234 1008.68286132812 1014.66882324219 1038.78430175781 1043.2998046875 1058.77819824219 1060.80822753906 1057.68493652344 1064.41882324219 1055.65185546875 1073.8408203125 1072.75061035156 1083.13146972656 1091.34130859375
971.238098144531 968.334289550781 978.477722167969 975.84521484375 976.022216796875 975.24462890625 978.163879394531 969.864196777344 976.842651367188 977.300720214844 977.940551757812 985.76416015625 984.9365234375 997.120239257812 990.945495605469 999.774108886719 988.424926757812 991.928466796875 997.973693847656 1000.86712646484 998.478271484375 1001.578125 989.352416992188 995.080017089844 1005.38775634766 1011.9609375 997.890075683594 993.510375976562 1003.2978515625 1003.94946289062 1002.50494384766 1006.03125 1012.64135742188 1017.892578125 1021.77239990234 1041.98840332031 1043.86193847656 1052.6328125 1070.09875488281 1071.14904785156 1075.79833984375 1069.55859375 1066.93566894531 1088.52355957031 1088.76953125 1102.23425292969
974.04541015625 972.160034179688 982.292175292969 976.848083496094 980.05859375 980.219604492188 983.55517578125 984.0107421875 978.450805664062 973.235107421875 980.172973632812 990.703552246094 983.865905761719 990.343566894531 989.215881347656 995.068969726562 985.959899902344 981.344909667969 986.799133300781 998.689025878906 1003.80047607422 1003.24981689453 1004.35589599609 1007.28350830078 1003.35076904297 1004.81854248047 1003.42388916016 999.498901367188 1006.82348632812 1009.51287841797 1010.26794433594 1017.13775634766 1028.86608886719 1029.22937011719 1043.10375976562 1049.07287597656 1053.76672363281 1069.54309082031 1067.8740234375 1069.25231933594 1080.10388183594 1075.34765625 1081.73217773438 1088.02709960938 1096.57006835938 1102.07470703125
976.835021972656 980.180969238281 981.814331054688 980.295837402344 984.202941894531 981.305480957031 986.504638671875 978.336730957031 984.069396972656 978.640197753906 968.748168945312 972.9921875 988.009582519531 988.452392578125 987.641418457031 987.191223144531 977.548583984375 976.98828125 992.338500976562 988.59814453125 997.042785644531 1003.64001464844 1006.92822265625 1003.62268066406 997.841247558594 999.99560546875 1007.61315917969 1007.48162841797 1007.59020996094 1013.94293212891 1007.47064208984 1025.68981933594 1036.48120117188 1046.44604492188 1046.34362792969 1057.30932617188 1067.22790527344 1067.09790039062 1067.49670410156 1071.14758300781 1076.708984375 1074.177734375 1073.81079101562 1087.2890625 1099.7607421875 1098.11206054688
979.885375976562 975.729064941406 979.572937011719 978.07470703125 983.164611816406 980.430419921875 988.700073242188 981.208923339844 975.702453613281 977.002502441406 969.754821777344 984.392211914062 989.825561523438 987.314270019531 986.37451171875 984.2021484375 976.841613769531 981.001220703125 988.908874511719 994.683288574219 993.768432617188 992.809326171875 996.350036621094 1006.83843994141 1001.58135986328 997.772277832031 1006.25415039062 1011.08990478516 1013.13232421875 1013.53991699219 1013.33843994141 1031.00537109375 1034.43090820312 1044.37475585938 1046.04321289062 1054.21508789062 1072.52551269531 1066.24487304688 1070.41516113281 1073.11999511719 1076.65576171875 1068.21984863281 1058.43432617188 1081.93676757812 1094.75756835938 1101.13708496094
970.924194335938 968.168762207031 968.4697265625 974.968688964844 981.560607910156 977.513916015625 977.949829101562 975.627685546875 977.28857421875 976.125366210938 979.536560058594 986.687255859375 977.967407226562 985.704711914062 979.37109375 975.574096679688 978.934997558594 985.003723144531 984.678894042969 987.070556640625 991.636413574219 990.111694335938 993.136962890625 994.032043457031 1006.85437011719 1001.05541992188 1011.85235595703 1008.24737548828 1015.98327636719 1025.60815429688 1029.36108398438 1026.01867675781 1027.13623046875 1031.43896484375 1042.07861328125 1045.15258789062 1060.84533691406 1070.10729980469 1081.23596191406 1071.96276855469 1074.71655273438 1070.20568847656 1075.43115234375 1085.09826660156 1087.8017578125 1097.68627929688
975.918762207031 970.481018066406 969.349914550781 970.8681640625 970.212341308594 971.751037597656 977.565734863281 979.03955078125 970.800720214844 972.686584472656 981.546752929688 980.879760742188 981.417663574219 976.028991699219 977.433166503906 978.532531738281 981.740905761719 980.499633789062 979.981506347656 986.719848632812 985.964660644531 987.432861328125 994.757873535156 999.171203613281 1000.26214599609 1005.86291503906 1010.08575439453 1006.46228027344 1009.42950439453 1016.10455322266 1022.68530273438 1029.38342285156 1030.05419921875 1029.34838867188 1035.02111816406 1040.25512695312 1051.36889648438 1064.59729003906 1068.72021484375 1066.24682617188 1073.91015625 1080.21496582031 1077.31616210938 1090.42199707031 1103.05895996094 1101.54528808594
977.498413085938 972.017211914062 976.513549804688 978.299011230469 969.007934570312 969.388732910156 969.052551269531 976.4267578125 976.744201660156 965.435852050781 978.471008300781 985.66650390625 983.675048828125 981.75341796875 981.919921875 986.882995605469 980.062377929688 985.686157226562 994.562377929688 989.222229003906 989.539978027344 983.398681640625 988.796203613281 988.115234375 1000.38348388672 998.480773925781 1003.19451904297 1002.98406982422 1005.94714355469 1006.31634521484 1022.07373046875 1018.90393066406 1033.65075683594 1030.09985351562 1042.75598144531 1045.10693359375 1035.27880859375 1058.13781738281 1060.22216796875 1066.77807617188 1068.533203125 1070.54650878906 1081.18786621094 1083.29809570312 1097.34533691406 1094.994140625
978.468811035156 970.560485839844 967.185791015625 971.101623535156 968.085998535156 963.971496582031 973.156311035156 980.548034667969 973.4716796875 964.450439453125 976.915161132812 975.081726074219 975.837951660156 978.594421386719 979.329833984375 974.174743652344 975.532287597656 986.99609375 986.034057617188 989.644348144531 994.440856933594 983.305297851562 983.922485351562 985.174682617188 991.535034179688 990.528015136719 999.292358398438 997.217407226562 1003.49676513672 1016.31512451172 1013.01263427734 1022.95037841797 1028.31518554688 1026.16027832031 1035.83654785156 1031.41101074219 1034.08557128906 1050.11010742188 1059.44921875 1067.01452636719 1064.14892578125 1071.70434570312 1079.11303710938 1072.77026367188 1081.81713867188 1090.056640625
967.298889160156 968.660766601562 975.172729492188 977.837158203125 968.963256835938 958.175476074219 964.740966796875 980.011779785156 969.456909179688 971.618041992188 970.591674804688 979.112548828125 980.049194335938 979.145446777344 985.758544921875 984.254699707031 972.044616699219 979.307434082031 982.730041503906 988.579772949219 990.82861328125 987.041687011719 989.983581542969 993.397277832031 997.181579589844 990.92138671875 993.528198242188 999.665466308594 1002.14526367188 1016.07659912109 1012.34997558594 1014.58361816406 1016.57824707031 1025.77075195312 1027.11987304688 1033.8603515625 1041.92102050781 1047.89135742188 1063.76318359375 1063.95336914062 1073.09362792969 1075.66943359375 1084.43115234375 1075.38793945312 1077.30004882812 1076.55078125
970.555541992188 967.125427246094 969.471252441406 973.325439453125 969.161437988281 973.401733398438 972.953552246094 983.343017578125 964.532836914062 967.95458984375 975.498107910156 976.961730957031 982.478271484375 983.273620605469 987.258056640625 988.549499511719 986.377807617188 986.538146972656 992.451110839844 986.882080078125 987.832580566406 987.418029785156 995.733032226562 990.506713867188 995.170288085938 996.072082519531 992.116333007812 997.049621582031 1007.75701904297 1009.05352783203 1003.98101806641 1012.37377929688 1019.98822021484 1024.45751953125 1028.26586914062 1025.39929199219 1033.59533691406 1043.04663085938 1051.90954589844 1065.2744140625 1069.03820800781 1078.43762207031 1082.14489746094 1080.15515136719 1081.48046875 1078.14440917969
959.803833007812 970.323059082031 973.752990722656 973.689880371094 977.99169921875 976.429809570312 977.834899902344 979.050598144531 972.506286621094 970.412719726562 969.261962890625 974.810241699219 980.599487304688 985.593200683594 986.1044921875 997.982238769531 991.612121582031 998.345703125 987.362365722656 986.751831054688 993.948669433594 990.817932128906 988.729675292969 991.329040527344 996.634033203125 1005.67102050781 995.859008789062 996.668090820312 1000.80126953125 1009.29144287109 1010.14428710938 1010.56048583984 1016.00122070312 1018.40905761719 1023.55212402344 1023.95532226562 1035.19079589844 1034.66479492188 1046.56274414062 1064.76513671875 1064.01513671875 1078.02868652344 1079.80920410156 1089.27038574219 1082.64624023438 1077.77282714844
964.47265625 974.038391113281 975.379211425781 978.105712890625 988.410766601562 982.667419433594 975.576843261719 986.175476074219 977.969421386719 978.678833007812 975.46923828125 982.281433105469 987.823547363281 985.667602539062 985.879699707031 993.041809082031 995.956115722656 1000.19561767578 994.354370117188 994.739562988281 994.401123046875 993.424072265625 999.120239257812 999.465393066406 1000.29284667969 1004.54400634766 1007.78277587891 1004.49206542969 1002.98394775391 1012.92822265625 1015.49133300781 1013.73089599609 1011.57208251953 1021.52484130859 1023.578125 1023.09619140625 1027.64929199219 1039.54357910156 1053.509765625 1053.78674316406 1069.15209960938 1069.43103027344 1076.55017089844 1072.50476074219 1069.33251953125 1071.62512207031
972.737731933594 977.8427734375 971.621032714844 971.140258789062 970.973083496094 971.405639648438 974.486694335938 981.844055175781 983.139343261719 985.162231445312 993.197937011719 978.326782226562 985.272277832031 986.339172363281 986.426879882812 999.106384277344 1006.12359619141 1013.59777832031 1000.88232421875 996.668029785156 999.505676269531 999.495666503906 1008.36486816406 1001.17950439453 1000.66442871094 1001.04931640625 1003.11895751953 1005.8603515625 1004.73986816406 1005.66094970703 1009.66204833984 1015.60876464844 1015.50775146484 1011.65106201172 1014.1416015625 1025.58129882812 1036.36267089844 1033.63977050781 1034.57641601562 1046.07568359375 1055.84399414062 1065.30187988281 1068.28295898438 1066.53564453125 1070.58898925781 1055.11584472656
