data/zlatibor_dem_simulations/DEMsim60.asc
NCOLS 150
NROWS 100
XLLCORNER 7394249
YLLCORNER 4841999
CELLSIZE 30
NODATA_VALUE -9999
[rows 0 to 19 of 100, columns 46 to 91 of 150]
976.106201171875 961.49658203125 966.692810058594 967.3759765625 959.05126953125 952.477844238281 952.002380371094 951.838745117188 954.618591308594 948.775817871094 936.692077636719 921.739624023438 918.171081542969 923.422668457031 925.912231445312 918.222961425781 909.953735351562 910.046142578125 909.043212890625 903.3984375 900.497497558594 899.75537109375 901.884582519531 905.345458984375 909.227844238281 914.631774902344 924.189453125 932.221252441406 925.579162597656 929.050598144531 937.097412109375 946.239562988281 942.354858398438 948.832153320312 957.700317382812 964.289916992188 967.536254882812 967.042724609375 964.401306152344 963.672119140625 973.149963378906 958.833557128906 948.529052734375 950.923278808594 941.525451660156 929.904907226562
973.572570800781 963.412963867188 966.335205078125 967.377502441406 962.517517089844 951.960571289062 955.022338867188 965.65771484375 953.897094726562 938.396057128906 932.733032226562 920.750793457031 923.875915527344 936.944030761719 939.559143066406 933.304992675781 925.019836425781 917.774597167969 920.714111328125 906.67333984375 900.378173828125 909.308532714844 910.270202636719 914.453308105469 917.522277832031 919.828735351562 919.686889648438 940.565002441406 936.408569335938 939.341613769531 943.781799316406 949.430480957031 962.28173828125 964.133178710938 961.258117675781 970.448425292969 977.462524414062 966.429626464844 962.096862792969 964.745483398438 962.0458984375 959.163391113281 953.152038574219 952.266723632812 934.368041992188 931.026611328125
989.136962890625 979.145812988281 971.020263671875 966.704223632812 958.227233886719 946.511535644531 958.103515625 961.699035644531 955.53466796875 951.0927734375 936.935424804688 923.21923828125 921.352172851562 940.20654296875 939.044860839844 938.909423828125 937.291076660156 923.272888183594 915.576904296875 922.6982421875 919.084594726562 926.59130859375 913.429321289062 919.557006835938 927.05908203125 930.000122070312 932.135559082031 939.568725585938 944.795104980469 948.369567871094 957.085327148438 962.349914550781 968.787353515625 976.845397949219 978.492370605469 986.0146484375 985.137634277344 986.922424316406 981.427734375 978.685363769531 970.287170410156 953.953796386719 955.924560546875 944.876220703125 937.217468261719 924.379028320312
996.613586425781 979.530395507812 979.650451660156 970.359924316406 965.148742675781 964.504943847656 956.799621582031 959.508850097656 955.71337890625 954.793823242188 948.67138671875 936.675903320312 932.272766113281 944.705688476562 939.528991699219 948.069458007812 939.530212402344 932.094787597656 934.324035644531 930.358276367188 928.958679199219 930.748229980469 930.770324707031 926.488708496094 932.022338867188 942.374755859375 941.131713867188 947.616088867188 954.741333007812 957.91748046875 957.997436523438 967.941833496094 974.058959960938 988.864685058594 993.872924804688 997.706359863281 997.06689453125 999.531860351562 982.594665527344 970.168395996094 960.33056640625 958.592712402344 954.309936523438 938.921936035156 935.9921875 926.541320800781
990.576171875 984.604919433594 975.03369140625 964.902709960938 961.470764160156 963.975891113281 962.656677246094 967.312316894531 960.272033691406 960.903381347656 944.8447265625 940.612365722656 937.493408203125 942.633972167969 949.741943359375 954.326171875 952.045043945312 947.327514648438 941.739013671875 941.133483886719 940.15869140625 935.563171386719 938.426574707031 937.612976074219 939.786682128906 950.426208496094 954.566528320312 962.694519042969 961.096801757812 976.681274414062 970.699584960938 981.208068847656 988.53125 1001.33636474609 1004.62518310547 1006.11102294922 1005.82843017578 997.250732421875 984.782165527344 974.627868652344 963.726257324219 961.21923828125 955.970947265625 947.448913574219 934.49169921875 932.394165039062
993.536865234375 981.002990722656 983.178344726562 966.391296386719 967.782348632812 963.997680664062 971.027893066406 978.43798828125 970.571411132812 967.275756835938 960.399719238281 968.812927246094 964.622253417969 965.021545410156 966.56201171875 970.492309570312 969.144470214844 966.114685058594 957.996643066406 947.723022460938 945.390686035156 938.335571289062 941.573059082031 946.9404296875 951.668884277344 955.619812011719 967.056274414062 965.903381347656 970.170166015625 981.086059570312 989.070434570312 992.938110351562 1001.21954345703 1002.12567138672 1000.70343017578 1006.34716796875 1003.81353759766 997.644653320312 997.228576660156 974.429077148438 970.02001953125 963.440490722656 954.254760742188 948.909301757812 940.555847167969 932.724914550781
1000.41369628906 989.051513671875 982.875305175781 977.980773925781 982.202758789062 979.72119140625 979.729919433594 987.6669921875 981.928466796875 982.680053710938 974.305419921875 975.890930175781 979.357543945312 976.287353515625 978.765502929688 973.478271484375 975.451171875 972.897277832031 958.922546386719 960.735900878906 959.818908691406 949.662292480469 953.059143066406 964.07177734375 957.80517578125 964.61083984375 970.023254394531 965.607177734375 978.164794921875 983.58935546875 992.489990234375 1004.60284423828 1009.16979980469 1013.59130859375 1002.84716796875 1001.73773193359 1006.42321777344 1000.65582275391 990.985229492188 981.137390136719 964.439880371094 948.779235839844 937.22802734375 937.71728515625 932.952453613281 930.87744140625
993.960205078125 992.125061035156 989.715576171875 990.9482421875 990.870056152344 987.218139648438 987.839782714844 1000.11999511719 1004.24798583984 1000.78582763672 994.562683105469 991.220031738281 989.608947753906 994.677612304688 991.573547363281 988.532897949219 975.246826171875 978.906494140625 984.224243164062 973.246459960938 963.988098144531 960.197265625 966.86279296875 968.880493164062 971.219421386719 968.212219238281 972.583557128906 968.434326171875 973.6279296875 978.583923339844 998.467224121094 1012.84350585938 1017.34881591797 1014.42730712891 1004.03118896484 1005.10327148438 1010.90454101562 1003.97839355469 1002.61926269531 991.829223632812 964.174499511719 950.870971679688 937.2763671875 928.242126464844 924.7578125 923.672973632812
1008.54351806641 1000.89154052734 1002.12249755859 999.74755859375 993.304321289062 992.5078125 994.902526855469 1003.31207275391 1007.89172363281 1012.97448730469 1010.951171875 1006.6416015625 999.835693359375 998.684448242188 993.175598144531 992.567077636719 985.153442382812 991.707397460938 981.901123046875 981.914123535156 973.437622070312 979.135131835938 988.072937011719 981.590270996094 983.588073730469 978.601440429688 986.610046386719 985.796875 984.822937011719 995.371398925781 1001.87524414062 1020.39617919922 1018.4580078125 1017.79583740234 1008.58312988281 1015.27575683594 1011.86761474609 995.970703125 990.859558105469 986.090393066406 971.109313964844 958.79931640625 941.772521972656 926.475280761719 933.162231445312 925.062377929688
1004.55267333984 1003.49005126953 1005.09149169922 1002.85400390625 1001.45501708984 1001.45141601562 998.954284667969 1006.69458007812 1015.43585205078 1011.29821777344 1007.66424560547 1003.28234863281 1010.68719482422 1010.14379882812 1007.41412353516 1006.36804199219 999.618286132812 994.220825195312 985.589050292969 986.543640136719 987.734191894531 986.977111816406 985.694091796875 988.791320800781 995.105224609375 990.37841796875 991.674133300781 996.90087890625 994.175476074219 997.309997558594 1007.07183837891 1021.96185302734 1019.72155761719 1029.78283691406 1025.76623535156 1022.0908203125 1007.24468994141 999.006896972656 995.3623046875 986.211181640625 979.802062988281 952.193603515625 944.69482421875 941.151062011719 932.128479003906 932.572326660156
1014.74719238281 1012.97894287109 1004.18823242188 1004.95617675781 1001.47308349609 1011.55200195312 1011.10400390625 1007.85772705078 1015.51318359375 1007.29956054688 1004.11975097656 998.505249023438 1010.28204345703 1016.17114257812 1002.88763427734 1008.98510742188 1013.77215576172 1000.36822509766 989.108947753906 981.401184082031 990.970947265625 996.879028320312 985.363525390625 999.71826171875 1003.11547851562 999.851867675781 996.370727539062 1002.98211669922 1009.12017822266 1009.70404052734 1009.53179931641 1019.22467041016 1026.349609375 1030 1035.06530761719 1031.17651367188 1011.44360351562 1013.96337890625 1008.18811035156 999.349304199219 976.003540039062 957.378784179688 955.970764160156 950.275207519531 944.04638671875 937.995178222656
1017.50854492188 1015.63342285156 1015.28015136719 1010.71722412109 1008.78674316406 1005.35736083984 1008.81024169922 1006.72723388672 1002.09753417969 1005.10095214844 1008.13177490234 1011.27734375 1012.11547851562 1015.60479736328 1014.53100585938 1014.6318359375 1016.53704833984 1004.27563476562 997.504272460938 990.657348632812 990.283325195312 995.727600097656 998.40771484375 995.304809570312 995.145202636719 1013.93481445312 1011.11358642578 1011.31451416016 1007.60418701172 1014.52166748047 1014.34777832031 1025.45349121094 1030.22448730469 1036.8388671875 1035.23876953125 1032.54614257812 1025.45825195312 1012.55963134766 1004.99096679688 999.81103515625 987.1943359375 971.319946289062 967.258911132812 966.343139648438 964.609436035156 949.988891601562
1017.720703125 1013.34002685547 1016.73303222656 1006.35076904297 1010.62548828125 1005.22082519531 1006.44177246094 1010.22277832031 1007.03900146484 1004.08184814453 1009.35797119141 1014.71997070312 1019.47723388672 1018.42584228516 1015.38818359375 1012.14477539062 1016.90948486328 1013.22937011719 1010.47637939453 1000.91613769531 997.532165527344 995.906494140625 986.941772460938 988.56982421875 996.407348632812 1008.23742675781 1019.35461425781 1018.43981933594 1016.83428955078 1020.09558105469 1019.03240966797 1036.75305175781 1029.66418457031 1034.51770019531 1039.24206542969 1035.59423828125 1037.19018554688 1026.83801269531 1020.61767578125 1006.15826416016 995.047729492188 984.348754882812 975.692810058594 965.021789550781 966.880798339844 947.361877441406
1018.70104980469 1016.49127197266 1012.39141845703 1007.80212402344 1011.7451171875 1010.49890136719 1002.75616455078 1002.63812255859 1002.83471679688 1007.89025878906 1010.81854248047 1011.11010742188 1021.32183837891 1022.44299316406 1021.67901611328 1018.99621582031 1014.24078369141 1021.12860107422 1022.38580322266 1012.09606933594 1004.54248046875 996.283081054688 993.048461914062 992.221130371094 994.697326660156 1006.07360839844 1009.10949707031 1019.99993896484 1021.43298339844 1021.4375 1024.11547851562 1029.76782226562 1032.29150390625 1031.298828125 1031.62268066406 1026.29553222656 1033.21166992188 1029.2138671875 1028.28955078125 1007.67559814453 990.335388183594 977.114379882812 981.686218261719 971.421508789062 962.492736816406 953.233703613281
1020.71270751953 1014.29168701172 1016.92010498047 1015.75500488281 1016.02197265625 1001.21142578125 993.985595703125 996.144287109375 1004.38525390625 1007.99542236328 1012.19036865234 1005.40002441406 1016.69787597656 1022.66265869141 1014.49139404297 1029.41040039062 1035.98352050781 1024.72937011719 1017.30126953125 1005.19348144531 1010.94403076172 1000.73425292969 1005.58245849609 1001.78179931641 985.729614257812 1004.47857666016 1006.61120605469 1022.12994384766 1027.24731445312 1034.8095703125 1035.09033203125 1033.3369140625 1042.31188964844 1027.36865234375 1030.13208007812 1026.9931640625 1028.77392578125 1020.70184326172 1015.88000488281 1004.38336181641 983.654968261719 975.590942382812 974.513732910156 973.952880859375 960.049560546875 951.988891601562
1016.24737548828 1012.32965087891 1017.94299316406 1012.12951660156 1007.33038330078 988.220764160156 987.604370117188 998.265380859375 998.682556152344 1010.58941650391 1008.55578613281 1003.59436035156 1015.08349609375 1022.44970703125 1027.00646972656 1020.74041748047 1025.01196289062 1027.20153808594 1020.83337402344 1022.36889648438 1015.16363525391 1013.71960449219 1006.7470703125 1011.51666259766 1002.98449707031 1005.35882568359 1016.55731201172 1019.16351318359 1022.1357421875 1035.1044921875 1032.33410644531 1024.615234375 1034.67687988281 1027.46374511719 1029.779296875 1029.93518066406 1028.79284667969 1028.06079101562 1015.83666992188 1001.74450683594 986.250427246094 979.642456054688 966.053833007812 966.303833007812 958.26171875 944.741455078125
1021.97229003906 1017.47833251953 1015.25384521484 1002.36993408203 999.993286132812 991.112182617188 992.482604980469 993.223571777344 1001.63244628906 1004.90966796875 1007.30157470703 1014.59887695312 1022.93103027344 1027.04150390625 1030.00012207031 1026.36511230469 1022.31427001953 1016.84564208984 1013.35308837891 1025.88195800781 1022.63806152344 1019.29766845703 1016.85797119141 1022.85162353516 1016.38409423828 1021.00207519531 1016.62841796875 1018.70794677734 1027.28967285156 1026.18786621094 1037.390625 1027.89208984375 1033.83154296875 1035.60986328125 1033.68359375 1029.20007324219 1021.86285400391 1025.88940429688 1012.62622070312 1008.09155273438 987.744995117188 984.621337890625 980.079711914062 978.5224609375 955.208190917969 939.707641601562
1022.00732421875 1016.73083496094 1010.61450195312 1004.34765625 1001.06890869141 998.219787597656 996.108032226562 1001.517578125 1003.57257080078 1004.98309326172 998.577331542969 1008.83422851562 1018.39916992188 1021.404296875 1015.91949462891 1028.03820800781 1029.65197753906 1021.39562988281 1022.03039550781 1020.02355957031 1018.60021972656 1010.67071533203 1025.17932128906 1020.71441650391 1023.90502929688 1031.39868164062 1032.50573730469 1025.20336914062 1020.70288085938 1029.24377441406 1034.34606933594 1039.69006347656 1040.92199707031 1032.24597167969 1038.01806640625 1036.07458496094 1027.36437988281 1024.41955566406 1025.74426269531 1009.16326904297 993.795104980469 991.606750488281 994.943603515625 987.253540039062 974.117431640625 963.520935058594
1015.677734375 1016.361328125 1017.88391113281 1007.79449462891 1000.49334716797 1004.02508544922 997.833862304688 1002.05786132812 996.191528320312 997.281188964844 1007.63647460938 1010.78491210938 1013.81457519531 1022.08111572266 1016.26727294922 1021.11614990234 1029.70886230469 1020.88122558594 1031.21044921875 1025.13732910156 1023.91577148438 1023.58337402344 1019.89190673828 1027.46728515625 1031.14294433594 1023.79248046875 1024.41003417969 1026.68481445312 1024.43811035156 1036.95642089844 1027.48217773438 1036.63549804688 1035.96728515625 1032.15991210938 1034.48278808594 1030.37866210938 1029.10522460938 1031.62646484375 1032.083984375 1015.64434814453 1001.72674560547 1002.51934814453 1001.95245361328 999.612121582031 976.942993164062 976.503234863281
1019.29174804688 1017.19659423828 1017.66528320312 1002.9306640625 995.995483398438 998.829650878906 1003.98199462891 999.163452148438 1001.56317138672 1002.54046630859 1005.43872070312 1007.88720703125 1014.64953613281 1016.26751708984 1015.39251708984 1020.65972900391 1019.73870849609 1025.67651367188 1038.5927734375 1042.16064453125 1032.47692871094 1027.30505371094 1021.18017578125 1024.5478515625 1025.74279785156 1025.03540039062 1013.87371826172 1013.38635253906 1023.24011230469 1027.04309082031 1024.66296386719 1032.51147460938 1027.50390625 1022.74371337891 1031.46484375 1029.08251953125 1027.43627929688 1024.23791503906 1029.82153320312 1021.435546875 1009.20745849609 1006.87176513672 1009.9658203125 1007.99725341797 996.270202636719 985.896545410156
