data/zlatibor_dem_simulations/DEMsim77.asc
NCOLS 150
NROWS 100
XLLCORNER 7394249
YLLCORNER 4841999
CELLSIZE 30
NODATA_VALUE -9999
[rows 40 to 59 of 100, columns 0 to 45 of 150]
945.101013183594 950.992370605469 952.803649902344 951.565307617188 962.888793945312 963.398559570312 966.822631835938 958.103393554688 950.576721191406 961.987609863281 968.54150390625 971.080078125 972.72119140625 972.129455566406 968.541687011719 972.539672851562 977.1103515625 978.501403808594 975.868041992188 974.598205566406 978.386474609375 978.003784179688 981.313781738281 976.257141113281 966.315063476562 976.864685058594 973.406921386719 970.655639648438 974.083618164062 974.786437988281 982.574584960938 968.802490234375 970.666320800781 975.497924804688 980.5087890625 980.753356933594 966.643737792969 982.880126953125 976.163208007812 972.743469238281 974.975708007812 972.333068847656 975.628112792969 978.207702636719 979.955261230469 966.193115234375
945.217834472656 954.403930664062 953.595703125 952.466979980469 955.594055175781 957.088989257812 964.774719238281 955.635314941406 960.102783203125 958.71875 965.001708984375 972.493408203125 973.012084960938 977.940673828125 982.579345703125 981.249938964844 979.693969726562 977.178039550781 964.46044921875 966.260192871094 959.047302246094 971.184814453125 974.34619140625 965.145812988281 965.84423828125 965.108581542969 969.311218261719 976.045654296875 976.605163574219 976.175842285156 982.990356445312 975.570007324219 972.746887207031 975.489685058594 977.0947265625 970.158020019531 969.068359375 978.662780761719 976.998718261719 974.181518554688 972.849426269531 973.525085449219 970.513793945312 971.447143554688 975.412780761719 959.783996582031
940.259948730469 949.126770019531 954.328430175781 954.014404296875 953.104553222656 957.296936035156 963.133728027344 957.830810546875 969.368530273438 956.535949707031 964.88525390625 966.951049804688 978.183654785156 982.323913574219 975.331909179688 972.166381835938 983.34619140625 975.119506835938 972.943054199219 965.990844726562 968.556457519531 968.088134765625 968.399658203125 963.55810546875 965.881652832031 976.797546386719 975.600341796875 984.615356445312 974.525573730469 975.847045898438 973.621215820312 970.647277832031 975.426879882812 969.332580566406 971.401794433594 975.725952148438 974.003173828125 969.696655273438 971.869750976562 978.471557617188 980.8828125 974.734741210938 971.508544921875 962.971557617188 964.389831542969 974.816223144531
945.555053710938 947.818115234375 946.634216308594 945.588317871094 947.412414550781 954.371765136719 956.847106933594 964.350158691406 955.408630371094 945.513977050781 955.946716308594 957.133666992188 972.349243164062 970.368225097656 975.951416015625 975.57568359375 991.688903808594 985.379455566406 980.591491699219 967.962036132812 970.580444335938 961.932250976562 960.445373535156 959.528869628906 968.180908203125 971.216369628906 969.629943847656 978.368469238281 975.26025390625 982.547424316406 975.435607910156 975.809143066406 971.899108886719 974.853332519531 968.222839355469 968.282531738281 968.244506835938 971.00439453125 975.999328613281 977.176208496094 980.580444335938 965.956237792969 968.188110351562 961.81103515625 958.459533691406 977.305297851562
945.133850097656 952.7314453125 954.34375 942.667785644531 950.213806152344 955.447143554688 965.568115234375 969.141845703125 952.5390625 946.022827148438 954.161804199219 962.105102539062 966.794738769531 968.647155761719 979.552612304688 983.943908691406 979.614685058594 978.519836425781 984.200561523438 975.052795410156 975.549682617188 970.510375976562 964.742797851562 968.76220703125 965.121826171875 967.968933105469 969.843688964844 972.821533203125 989.557434082031 983.709289550781 975.975341796875 986.873291015625 980.689147949219 976.670532226562 972.044250488281 963.252014160156 964.189331054688 959.547302246094 971.685119628906 977.617919921875 980.205932617188 970.978698730469 962.813171386719 952.697021484375 952.878112792969 960.862487792969
950.038879394531 949.498596191406 950.347534179688 947.590087890625 954.27001953125 958.900024414062 970.694152832031 962.155944824219 964.718200683594 960.326416015625 958.918212890625 964.168090820312 973.809631347656 983.239074707031 989.317016601562 988.161499023438 977.093627929688 978.855895996094 982.926879882812 984.462707519531 975.131408691406 970.230834960938 970.081481933594 967.086730957031 969.557861328125 969.77734375 964.513916015625 969.059753417969 972.462768554688 977.257751464844 982.245422363281 979.035400390625 976.608337402344 968.899658203125 959.925476074219 967.08056640625 969.221618652344 966.509643554688 957.7373046875 961.506225585938 966.689331054688 960.21240234375 959.26806640625 952.119750976562 952.093322753906 953.959777832031
953.65673828125 955.387878417969 955.361267089844 952.687072753906 957.614807128906 962.909606933594 973.605712890625 973.834838867188 966.640869140625 970.479797363281 970.103576660156 974.888488769531 973.869689941406 972.057250976562 980.914367675781 983.412170410156 976.57763671875 979.73583984375 975.116821289062 973.838012695312 969.764953613281 963.451965332031 970.663391113281 971.406677246094 965.252136230469 966.417175292969 968.800354003906 970.970397949219 980.5166015625 974.892028808594 984.590209960938 988.482177734375 982.249450683594 974.358520507812 968.608764648438 963.598815917969 969.526611328125 965.354614257812 959.293701171875 960.342102050781 961.472839355469 965.909851074219 958.776550292969 958.715393066406 968.582458496094 957.680603027344
956.14794921875 955.062133789062 950.250610351562 959.864074707031 965.510070800781 963.315490722656 974.326538085938 969.980529785156 969.548522949219 973.3544921875 976.642700195312 972.494323730469 971.263366699219 972.187866210938 986.085144042969 981.250305175781 978.216369628906 976.352783203125 967.504577636719 968.912414550781 969.066772460938 958.93359375 963.78271484375 962.382568359375 962.216186523438 966.582214355469 970.953308105469 973.733215332031 980.069091796875 977.496704101562 976.89404296875 991.271423339844 983.143676757812 976.318420410156 969.5712890625 961.720947265625 959.293395996094 959.215759277344 956.283203125 951.093933105469 957.781066894531 967.864379882812 964.904357910156 958.288330078125 965.669067382812 960.439575195312
960.208312988281 955.83984375 954.627136230469 959.652709960938 967.63330078125 973.549011230469 971.602172851562 966.547241210938 964.765869140625 965.859985351562 972.867492675781 969.63671875 978.148742675781 977.868835449219 970.352416992188 982.5361328125 968.716186523438 967.866638183594 973.648620605469 973.079345703125 976.983093261719 963.848327636719 956.28759765625 962.367370605469 958.993347167969 969.491943359375 962.193420410156 973.788696289062 971.743530273438 976.345153808594 983.327453613281 985.549194335938 983.449462890625 972.552429199219 968.487854003906 961.219787597656 957.862548828125 960.31005859375 953.769104003906 953.993408203125 962.556518554688 960.898864746094 954.723999023438 958.479797363281 957.848449707031 958.499694824219
958.798461914062 957.637939453125 960.041870117188 968.6396484375 966.801391601562 964.648071289062 969.916625976562 971.034851074219 966.983764648438 968.945678710938 968.962036132812 969.145202636719 965.310729980469 967.887512207031 965.307006835938 973.988159179688 975.168518066406 967.431701660156 971.242065429688 972.597229003906 972.511962890625 961.53271484375 962.61572265625 962.245910644531 961.704772949219 958.036560058594 956.587158203125 966.301513671875 975.855163574219 984.133361816406 973.578552246094 981.434814453125 977.967834472656 974.96875 970.733825683594 969.002807617188 964.785766601562 963.79931640625 965.680786132812 965.6552734375 961.835327148438 958.692321777344 953.001831054688 951.118408203125 957.734558105469 964.486999511719
950.979309082031 958.176635742188 967.439392089844 959.690856933594 960.237121582031 959.447448730469 963.992370605469 968.852600097656 967.11474609375 965.356079101562 970.427124023438 972.744140625 977.297119140625 979.344421386719 971.638366699219 968.647705078125 975.283996582031 970.827453613281 967.485656738281 975.914428710938 973.223083496094 969.718139648438 968.653259277344 962.039245605469 962.204223632812 957.92919921875 957.364440917969 962.793395996094 975.735107421875 975.335815429688 970.498474121094 981.058471679688 983.889282226562 975.976806640625 976.172607421875 978.132934570312 974.859985351562 967.270080566406 959.839965820312 956.914978027344 952.342529296875 955.426940917969 950.87646484375 961.343200683594 958.431640625 970.062805175781
951.403625488281 962.174560546875 959.419128417969 955.086791992188 959.278381347656 963.321166992188 962.235778808594 972.1337890625 976.652038574219 976.387390136719 980.3828125 977.340087890625 972.374450683594 981.966796875 972.409912109375 979.163208007812 977.910461425781 973.165405273438 971.330993652344 973.155456542969 966.894897460938 967.923522949219 968.3701171875 964.910583496094 959.891296386719 959.633605957031 957.853454589844 968.139587402344 971.567199707031 970.052978515625 972.68359375 972.885864257812 986.173217773438 980.612609863281 982.320190429688 979.057312011719 979.879577636719 964.815246582031 968.7041015625 956.14111328125 958.802795410156 956.091491699219 955.152893066406 958.213806152344 960.553527832031 962.190795898438
963.569091796875 967.889770507812 963.504455566406 962.791625976562 963.159912109375 968.354248046875 968.083862304688 973.858703613281 975.266967773438 973.442321777344 969.491088867188 977.220764160156 973.235900878906 973.836669921875 970.72998046875 977.708251953125 982.985534667969 971.450622558594 966.255249023438 968.748779296875 963.206787109375 961.6650390625 969.882446289062 958.604064941406 960.221984863281 954.398864746094 958.651550292969 966.03369140625 971.0908203125 969.830993652344 970.310424804688 971.135559082031 978.61328125 973.113647460938 976.877014160156 975.594665527344 976.732666015625 969.957458496094 968.694702148438 959.65771484375 965.410949707031 966.589538574219 968.891540527344 969.586547851562 971.095092773438 966.319396972656
962.637939453125 966.197265625 972.254577636719 972.870300292969 978.527099609375 968.057678222656 977.162780761719 976.098327636719 961.697998046875 960.781555175781 959.305114746094 968.317443847656 972.721801757812 970.862548828125 978.096618652344 979.235473632812 976.414978027344 973.700134277344 969.839538574219 967.367309570312 958.267028808594 958.607482910156 965.77587890625 971.892944335938 963.137512207031 956.712524414062 953.418640136719 960.337097167969 964.642944335938 961.822448730469 957.615051269531 964.362915039062 972.335327148438 974.396362304688 970.820861816406 968.314880371094 973.930358886719 972.463012695312 958.236877441406 963.52587890625 965.54345703125 966.200866699219 970.754638671875 970.523559570312 962.61376953125 969.981689453125
965.998962402344 967.561096191406 976.771240234375 976.638366699219 975.9697265625 972.614562988281 976.218933105469 983.498779296875 971.720520019531 966.0751953125 956.128479003906 954.562438964844 967.029846191406 967.207641601562 977.2021484375 978.132263183594 981.90087890625 971.549865722656 973.652038574219 965.895324707031 959.113952636719 964.029663085938 953.719482421875 969.149658203125 966.459716796875 955.65234375 952.650390625 952.57666015625 959.441040039062 968.333679199219 968.113403320312 964.383117675781 960.923156738281 971.955505371094 970.608825683594 966.207641601562 964.558898925781 962.828186035156 963.9853515625 966.287292480469 957.479675292969 965.02587890625 971.426879882812 970.395080566406 963.765441894531 968.76416015625
965.126525878906 976.570922851562 979.560546875 974.312072753906 969.804321289062 975.223571777344 978.468322753906 980.389526367188 979.759887695312 972.55908203125 965.17578125 966.119995117188 967.511657714844 973.126586914062 974.404846191406 965.911743164062 974.981628417969 972.448120117188 962.557312011719 959.893432617188 953.524841308594 961.441162109375 968.036315917969 953.95361328125 961.299072265625 950.633361816406 954.800903320312 946.78759765625 953.937622070312 955.801513671875 953.082702636719 963.618103027344 963.27294921875 958.438110351562 968.613647460938 963.313659667969 961.326416015625 957.637451171875 962.547607421875 958.753784179688 953.693237304688 950.205810546875 963.349670410156 963.183776855469 967.997436523438 966.234252929688
952.856994628906 965.140625 976.343872070312 974.329467773438 976.064025878906 981.031555175781 976.08056640625 974.229431152344 973.530151367188 971.316284179688 966.36767578125 970.11083984375 969.791076660156 972.257934570312 973.346435546875 969.403259277344 977.187927246094 968.489135742188 966.374206542969 963.732727050781 958.703674316406 961.532836914062 960.248718261719 963.037963867188 959.424438476562 953.693298339844 948.137817382812 943.357238769531 942.944946289062 945.893127441406 956.963989257812 965.520874023438 955.222900390625 947.275756835938 961.98828125 965.527526855469 952.272277832031 955.778686523438 960.805541992188 954.598510742188 947.964782714844 952.703125 959.977783203125 962.033386230469 956.723510742188 959.55322265625
953.241455078125 967.719421386719 969.793029785156 976.708740234375 970.929443359375 978.108703613281 970.258850097656 967.626831054688 972.666381835938 973.437255859375 974.758605957031 970.178405761719 972.893249511719 974.133056640625 972.5751953125 971.853820800781 968.494445800781 968.388610839844 969.8974609375 962.017822265625 961.75 956.634826660156 954.050109863281 960.257690429688 953.33154296875 949.737060546875 947.596740722656 952.012634277344 951.28955078125 956.948913574219 962.082092285156 958.832641601562 954.763305664062 949.521240234375 953.541442871094 957.012390136719 955.994262695312 960.946105957031 960.581665039062 956.45654296875 952.550964355469 961.907287597656 958.534057617188 958.563049316406 954.155151367188 947.825317382812
962.934448242188 966.600280761719 973.619567871094 965.298217773438 965.450500488281 978.821594238281 970.294189453125 964.812438964844 968.633544921875 958.366271972656 964.884399414062 961.258117675781 963.1123046875 967.057495117188 955.2841796875 960.089965820312 962.646667480469 963.21142578125 954.248352050781 956.541442871094 957.98193359375 963.842590332031 951.579833984375 946.51513671875 953.573059082031 950.938110351562 956.254699707031 954.615478515625 951.853332519531 950.726928710938 955.895690917969 953.766662597656 954.548767089844 951.23486328125 955.223510742188 956.246887207031 965.400146484375 960.544860839844 952.647766113281 954.062377929688 956.594787597656 958.145141601562 958.554321289062 951.411376953125 953.992248535156 953.136413574219
963.324584960938 967.253601074219 964.785705566406 963.998474121094 968.456726074219 965.996154785156 965.845153808594 963.604858398438 967.494079589844 960.104248046875 950.87158203125 958.681701660156 958.741271972656 965.477478027344 954.515441894531 968.259826660156 964.00439453125 959.73486328125 953.997680664062 949.249145507812 963.586059570312 960.317626953125 955.143005371094 950.533447265625 948.826293945312 949.872680664062 940.413757324219 952.702392578125 952.908508300781 952.012329101562 952.633117675781 945.799865722656 953.89208984375 962.349426269531 958.625732421875 954.533935546875 953.083190917969 960.193481445312 955.330444335938 961.418029785156 949.162231445312 960.412780761719 955.619140625 955.358154296875 952.2919921875 952.579162597656
