data/zlatibor_dem_simulations/DEMsim63 (1).asc
NCOLS 150
NROWS 100
XLLCORNER 7394249
YLLCORNER 4841999
CELLSIZE 30
NODATA_VALUE -9999
[rows 60 to 79 of 100, columns 46 to 91 of 150]
941.156677246094 943.921936035156 945.503540039062 951.1591796875 949.025512695312 955.296325683594 950.260925292969 948.720275878906 958.783508300781 951.562194824219 953.192626953125 959.460876464844 952.643615722656 960.670471191406 956.390197753906 967.036987304688 966.216003417969 961.3232421875 958.071838378906 969.586303710938 966.88525390625 964.152038574219 962.888671875 961.73681640625 965.173583984375 966.146118164062 962.644348144531 962.140258789062 963.836608886719 970.7626953125 961.997375488281 963.582641601562 974.523864746094 980.881530761719 981.52783203125 974.541442871094 971.224060058594 965.850036621094 971.857238769531 969.290466308594 969.959838867188 971.039978027344 973.120544433594 967.392150878906 956.580017089844 954.845886230469
942.773986816406 948.923706054688 953.322509765625 948.094604492188 958.790466308594 962.15869140625 954.514892578125 948.212890625 951.911254882812 954.233154296875 962.462646484375 954.866821289062 956.688842773438 961.312438964844 965.363403320312 969.758239746094 969.005737304688 972.746765136719 966.878356933594 964.217468261719 971.244140625 973.669372558594 970.881103515625 967.333251953125 969.670715332031 966.689636230469 957.651611328125 971.926940917969 961.922790527344 969.046752929688 966.310485839844 973.13818359375 977.661437988281 985.914123535156 983.254333496094 981.753051757812 974.182556152344 968.018615722656 971.077819824219 970.334838867188 975.68115234375 974.662292480469 975.530944824219 972.765808105469 962.076171875 952.543640136719
947.744140625 948.226013183594 951.543701171875 956.803771972656 952.813415527344 965.785400390625 959.78125 956.098083496094 948.679748535156 961.796875 968.583190917969 958.694396972656 958.42724609375 968.989624023438 969.42236328125 969.656005859375 968.962158203125 975.612365722656 970.723327636719 964.8603515625 973.898010253906 970.020812988281 967.476623535156 968.801879882812 964.066345214844 965.83251953125 967.058837890625 968.961853027344 969.335388183594 967.679260253906 973.147155761719 980.625671386719 974.357666015625 977.404968261719 975.29931640625 973.609558105469 977.062316894531 967.39794921875 978.847961425781 974.211364746094 980.677429199219 965.755432128906 976.580505371094 970.969848632812 970.101806640625 960.565551757812
953.445922851562 959.170227050781 953.935546875 954.311462402344 958.8427734375 961.379699707031 965.24462890625 953.287170410156 948.924011230469 947.867248535156 966.293029785156 971.649719238281 967.435546875 969.948547363281 973.707641601562 976.599060058594 974.002563476562 977.847229003906 966.424682617188 963.217834472656 969.547424316406 968.706665039062 957.225769042969 958.484619140625 965.034118652344 967.443359375 962.60009765625 968.3994140625 971.469299316406 967.119384765625 964.043701171875 973.712341308594 969.288940429688 959.616149902344 963.8671875 962.918395996094 971.7978515625 971.705993652344 976.670593261719 981.103332519531 974.419128417969 981.120239257812 980.424621582031 970.814392089844 962.990356445312 961.326049804688
949.736328125 957.265747070312 959.156799316406 973.276428222656 973.742370605469 969.223327636719 963.374572753906 957.765869140625 956.668273925781 957.542236328125 967.816284179688 968.982177734375 964.779663085938 965.228332519531 970.262878417969 968.315673828125 969.021850585938 963.894348144531 959.54833984375 961.833129882812 974.668762207031 968.589538574219 969.57177734375 967.029174804688 973.619873046875 971.0126953125 964.660583496094 965.630798339844 961.396240234375 969.153015136719 971.450744628906 972.293884277344 970.869445800781 964.176940917969 962.266906738281 965.100158691406 976.195922851562 985.462707519531 987.077392578125 987.716674804688 986.084533691406 985.496520996094 979.523254394531 968.994506835938 978.327331542969 966.129333496094
944.744201660156 957.325866699219 962.343505859375 978.659118652344 965.088562011719 970.258728027344 966.452819824219 970.369445800781 975.443115234375 970.5966796875 963.343505859375 968.057250976562 966.994140625 974.975830078125 977.038696289062 970.943725585938 967.651611328125 964.564147949219 960.582336425781 962.659423828125 963.552795410156 970.424926757812 967.366455078125 967.81640625 979.599243164062 973.7578125 967.137939453125 958.421203613281 957.819213867188 959.968505859375 977.716674804688 982.111633300781 970.020324707031 972.578796386719 967.421813964844 969.933349609375 981.230773925781 982.341979980469 985.350036621094 990.370544433594 980.919982910156 981.095458984375 980.44921875 976.274230957031 977.581848144531 977.967651367188
955.312622070312 963.599853515625 971.614135742188 973.616821289062 974.03955078125 969.248107910156 975.212707519531 978.279296875 967.125549316406 970.621765136719 972.855407714844 966.614074707031 970.684143066406 973.209228515625 968.575073242188 961.586608886719 964.815795898438 954.616516113281 969.100708007812 968.1259765625 965.3544921875 968.037353515625 974.439758300781 968.300109863281 977.9453125 982.041748046875 974.835327148438 966.495666503906 966.954956054688 966.402465820312 973.617431640625 977.633239746094 975.651672363281 982.469360351562 973.204528808594 975.854797363281 979.571166992188 980.458190917969 979.486877441406 985.091186523438 979.278930664062 984.677673339844 978.344421386719 977.942810058594 975.220031738281 974.661743164062
965.3603515625 968.575927734375 973.954406738281 973.072814941406 967.867370605469 970.736267089844 973.133605957031 980.089294433594 970.342163085938 971.811462402344 970.292114257812 970.115478515625 973.505798339844 974.065002441406 960.21728515625 962.21435546875 972.130065917969 965.638061523438 967.120178222656 973.567932128906 969.225280761719 970.453308105469 970.319580078125 965.97265625 978.158813476562 986.706481933594 978.599609375 978.187622070312 980.180847167969 977.527526855469 972.800048828125 985.150939941406 977.448913574219 984.715026855469 976.243469238281 970.3759765625 975.912292480469 984.2490234375 985.312194824219 989.846252441406 979.491271972656 975.33154296875 977.783386230469 980.137939453125 980.309387207031 969.609069824219
966.169982910156 972.369323730469 971.313903808594 981.516723632812 984.120422363281 977.244934082031 979.194030761719 987.631408691406 977.981201171875 976.086547851562 977.572448730469 975.300903320312 976.312072753906 972.488159179688 974.769714355469 965.626525878906 973.697998046875 975.66796875 976.321105957031 974.825073242188 967.514770507812 972.187805175781 970.45556640625 964.666198730469 971.32568359375 984.455932617188 983.971862792969 984.974548339844 982.569091796875 979.015991210938 979.402893066406 976.740478515625 975.566467285156 972.380126953125 978.5966796875 986.875122070312 980.663513183594 984.025146484375 976.247375488281 980.992858886719 977.282409667969 978.947204589844 981.124084472656 983.801086425781 980.477233886719 971.453918457031
973.225158691406 977.53662109375 983.163818359375 981.524353027344 982.641052246094 984.23779296875 992.395935058594 994.880859375 981.126159667969 977.542419433594 978.691650390625 975.847595214844 972.124694824219 969.279724121094 967.124328613281 964.946350097656 964.729553222656 970.122314453125 974.163452148438 973.449584960938 972.681640625 968.755554199219 970.926513671875 970.864624023438 980.235534667969 981.454650878906 985.483764648438 983.332824707031 986.467590332031 985.065734863281 979.265991210938 979.143981933594 968.07470703125 970.837219238281 981.086853027344 978.807189941406 982.836608886719 976.006469726562 981.386596679688 984.675415039062 987.497863769531 989.926635742188 980.371765136719 976.990905761719 973.653625488281 979.721374511719
985.451049804688 991.408264160156 1001.39294433594 987.299072265625 991.299011230469 991.341857910156 993.103393554688 996.715026855469 993.692810058594 979.041015625 980.140563964844 981.754699707031 978.845642089844 971.494201660156 974.3583984375 967.660522460938 967.148986816406 967.502502441406 972.658081054688 972.805297851562 977.363403320312 971.7919921875 968.171630859375 966.317199707031 978.229125976562 980.332763671875 988.509582519531 990.565002441406 988.528686523438 988.208435058594 984.926574707031 982.227416992188 984.872985839844 977.261779785156 987.791381835938 981.114990234375 986.153869628906 983.344116210938 979.805053710938 982.102600097656 976.388671875 983.97021484375 980.486145019531 979.813049316406 976.465881347656 982.809875488281
995.361389160156 998.948059082031 1004.70428466797 996.861022949219 1004.43640136719 1002.01519775391 994.511474609375 988.848205566406 986.364990234375 982.689453125 986.653625488281 981.712890625 978.700988769531 974.962646484375 969.066528320312 966.702697753906 967.163391113281 965.603576660156 968.960510253906 978.370666503906 980.760925292969 985.513977050781 981.793884277344 972.363525390625 975.884765625 982.841735839844 987.530700683594 982.095458984375 983.509826660156 989.730285644531 988.222717285156 992.060791015625 986.144470214844 983.664916992188 991.698974609375 985.669616699219 986.097717285156 985.560546875 989.334350585938 978.781372070312 983.193725585938 982.4755859375 983.357849121094 978.488891601562 977.489562988281 979.764465332031
1004.23156738281 1009.60797119141 1014.37249755859 1009.54699707031 1007.77545166016 995.509338378906 995.821411132812 989.839965820312 996.540832519531 994.639099121094 989.183166503906 974.393798828125 982.510314941406 980.693969726562 968.920532226562 967.778564453125 962.580505371094 968.285461425781 964.640075683594 980.915832519531 979.437194824219 984.326477050781 980.678283691406 979.184387207031 983.943298339844 979.22998046875 980.481079101562 984.265869140625 984.55615234375 987.184020996094 985.715270996094 993.71484375 985.928955078125 979.531799316406 985.370361328125 992.187805175781 987.276062011719 984.471252441406 987.862060546875 989.767578125 987.273254394531 989.973083496094 985.661560058594 990.771240234375 977.838073730469 972.127258300781
999.699951171875 1012.67785644531 1014.25183105469 1011.91876220703 1015.32196044922 992.17138671875 994.042297363281 986.301574707031 991.656066894531 991.778564453125 986.064758300781 980.906860351562 972.616882324219 975.607055664062 979.738586425781 970.49609375 980.390380859375 975.490051269531 965.572998046875 967.98876953125 973.172424316406 977.338439941406 984.761962890625 986.319885253906 985.651245117188 980.685119628906 984.144775390625 984.933654785156 985.204772949219 993.955322265625 987.0546875 994.673828125 990.594909667969 989.673461914062 988.492736816406 994.662353515625 994.454162597656 997.058288574219 996.761962890625 995.829467773438 1001.7998046875 987.364868164062 991.921142578125 987.568969726562 980.590148925781 982.2783203125
995.984436035156 1003.30340576172 1016.19482421875 1005.97448730469 1006.78796386719 1000.44049072266 990.862915039062 995.187377929688 989.075622558594 992.705017089844 999.304565429688 989.292724609375 981.674926757812 972.434143066406 978.780822753906 968.207458496094 966.666381835938 977.1767578125 971.973388671875 972.607299804688 975.798706054688 981.3330078125 989.50048828125 982.877624511719 985.990905761719 980.033569335938 990.676452636719 996.719421386719 994.804870605469 992.750610351562 990.160095214844 991.861267089844 993.864074707031 988.870788574219 989.591064453125 989.276977539062 997.935546875 992.521606445312 998.521301269531 1003.49822998047 995.042053222656 991.827209472656 985.645568847656 994.263366699219 983.914245605469 979.558654785156
1007.6123046875 1010.12133789062 1013.99633789062 1013.2041015625 1008.7841796875 999.270202636719 990.041870117188 989.715881347656 994.920654296875 995.430786132812 988.83984375 987.251708984375 976.253112792969 970.311950683594 973.635803222656 978.999938964844 972.554260253906 969.891174316406 979.234375 975.319091796875 972.192504882812 979.654357910156 988.162719726562 987.672912597656 989.898132324219 985.571228027344 992.263366699219 994.309265136719 994.7470703125 997.027526855469 988.99169921875 986.452270507812 988.306335449219 996.5439453125 993.655212402344 991.649963378906 991.656311035156 1004.19506835938 1003.37963867188 1005.92822265625 1004.26007080078 992.670043945312 988.083435058594 982.117919921875 982.395751953125 984.214172363281
1016.18231201172 1014.67510986328 1008.77856445312 1009.88903808594 1008.60882568359 1000.21752929688 997.799865722656 987.797546386719 990.21630859375 995.159606933594 992.934814453125 984.725036621094 980.338684082031 977.242858886719 974.559875488281 971.724060058594 973.773376464844 972.797119140625 973.944885253906 972.2822265625 978.313781738281 979.266174316406 987.137573242188 980.790954589844 984.227294921875 987.927917480469 982.138061523438 989.128662109375 993.559936523438 1000.67224121094 988.5771484375 989.104431152344 989.413452148438 994.967163085938 999.852966308594 1003.71807861328 1003.16998291016 1006.57556152344 1008.22015380859 1008.61602783203 1005.43377685547 989.914123535156 986.319458007812 980.1416015625 977.322326660156 985.954406738281
1021.19342041016 1017.08197021484 1019.32843017578 1006.03045654297 1003.56072998047 995.871398925781 995.711791992188 992.3427734375 997.267883300781 1001.65484619141 990.589660644531 985.426940917969 974.948486328125 975.257934570312 973.461608886719 973.474731445312 968.840393066406 969.797485351562 976.790344238281 974.731994628906 976.024475097656 973.975524902344 974.682739257812 983.664428710938 990.013977050781 993.169860839844 989.938781738281 986.862182617188 984.656616210938 991.024841308594 987.841430664062 990.949584960938 993.522888183594 1002.20465087891 995.650390625 1007.92016601562 1008.68408203125 1006.21539306641 1003.25323486328 1009.29266357422 1011.50848388672 996.88232421875 987.0947265625 983.060974121094 979.785400390625 985.1953125
1022.11804199219 1014.66369628906 1010.87219238281 1000.54608154297 997.109924316406 987.680541992188 989.024658203125 992.774597167969 994.746459960938 995.061889648438 987.577026367188 989.55810546875 978.255004882812 984.698913574219 980.938049316406 972.282165527344 967.265075683594 970.676147460938 974.047302246094 973.334533691406 980.084289550781 974.692810058594 976.499694824219 990.300598144531 994.611572265625 993.005493164062 991.386901855469 988.038208007812 988.304626464844 981.106323242188 986.756591796875 995.062255859375 998.1494140625 1000.90631103516 1002.59539794922 1015.89990234375 1008.60528564453 1007.25286865234 1010.19409179688 1009.70227050781 999.832092285156 993.254699707031 986.382263183594 986.603088378906 991.716003417969 982.915710449219
1017.15600585938 1016.83843994141 1007.333984375 1007.99078369141 999.201965332031 985.436706542969 991.840393066406 995.151123046875 995.371520996094 997.774719238281 998.210998535156 992.775817871094 989.807250976562 976.223754882812 978.085021972656 977.046569824219 970.992492675781 975.267639160156 974.715209960938 968.373840332031 975.599243164062 977.843566894531 973.664794921875 977.717895507812 997.8857421875 992.304260253906 989.716674804688 991.1484375 990.264587402344 991.679931640625 987.353881835938 996.417114257812 997.618896484375 1006.6669921875 1009.57330322266 1006.302734375 1005.75701904297 1011.67590332031 1014.49908447266 1007.01745605469 991.880126953125 993.168090820312 998.961059570312 1005.44677734375 992.637817382812 987.309326171875
