data/zlatibor_dem_simulations/DEMsim63 (1).asc
NCOLS 150
NROWS 100
XLLCORNER 7394249
YLLCORNER 4841999
CELLSIZE 30
NODATA_VALUE -9999
[rows 80 to 99 of 100, columns 92 to 137 of 150]
988.500244140625 993.664611816406 998.149230957031 1001.06274414062 1000.03735351562 997.465881347656 1003.17193603516 1010.13543701172 1009.91265869141 1013.83276367188 1011.02453613281 1004.91284179688 1009.0908203125 1008.4541015625 1011.73779296875 1024.04077148438 1031.86572265625 1030.8056640625 1034.09155273438 1040.48779296875 1041.76184082031 1048.51684570312 1048.47045898438 1045.53137207031 1040.27490234375 1033.05041503906 1024.10217285156 1004.40643310547 997.456115722656 1003.2939453125 1001.87493896484 1008.63739013672 1011.42858886719 1004.98364257812 1008.01385498047 1000.73345947266 1008.27301025391 998.475402832031 1006.13854980469 998.331604003906 996.372802734375 994.828369140625 1000.47692871094 996.523498535156 993.256164550781 991.856750488281
996.300354003906 994.527099609375 1005.61175537109 994.186218261719 998.650512695312 1001.12371826172 1002.07757568359 1008.45367431641 1016.47607421875 1014.89331054688 1022.43273925781 1011.55267333984 1015.70495605469 1014.65930175781 1014.57537841797 1016.45855712891 1029.59020996094 1033.16320800781 1045.82116699219 1041.08325195312 1044.80444335938 1052.5244140625 1056.50183105469 1045.06884765625 1041.56884765625 1028.11999511719 1023.90673828125 1012.03894042969 1017.98370361328 1007.47607421875 1007.32641601562 1001.12927246094 1008.81463623047 1005.07562255859 990.738159179688 998.135498046875 994.643676757812 998.536254882812 1003.25891113281 991.796264648438 993.745788574219 993.38232421875 997.406311035156 998.220764160156 1000.44476318359 990.7587890625
995.012756347656 1000.53619384766 1003.76763916016 995.873596191406 1001.32073974609 1001.66558837891 1007.10302734375 1013.73870849609 1017.78228759766 1014.73309326172 1012.19879150391 1009.87799072266 1017.42749023438 1016.23608398438 1021.73931884766 1031.99816894531 1031.12561035156 1037.24951171875 1037.49584960938 1049.18249511719 1046.74255371094 1048.67517089844 1055.08874511719 1051.08996582031 1042.85229492188 1034.78942871094 1032.97863769531 1030.05200195312 1033.45971679688 1020.09881591797 1010.83837890625 1009.68170166016 1007.08428955078 1007.72387695312 1002.44549560547 994.393920898438 985.055236816406 983.094787597656 996.641418457031 993.379028320312 988.7783203125 991.357788085938 1002.25799560547 1006.29406738281 1008.33453369141 989.638061523438
992.623046875 1001.56018066406 991.7685546875 988.543151855469 994.633728027344 997.166625976562 998.940795898438 1004.32922363281 1004.49084472656 1018.86334228516 1016.212890625 1016.68841552734 1016.39788818359 1022.98333740234 1028.46154785156 1028.59020996094 1036.11608886719 1048.72839355469 1054.02758789062 1057.51220703125 1054.525390625 1062.81213378906 1056.25671386719 1058.11279296875 1050.07861328125 1041.39367675781 1046.67846679688 1047.5361328125 1035.92919921875 1026.76989746094 1017.30657958984 1020.25494384766 1014.95556640625 1009.48193359375 1003.64282226562 999.755493164062 982.513549804688 981.025451660156 989.685974121094 994.495666503906 995.931030273438 993.224426269531 998.3310546875 999.407653808594 996.526550292969 991.620483398438
1003.40893554688 1006.44110107422 993.940368652344 999.121948242188 1002.32629394531 992.737548828125 993.653503417969 995.229614257812 1002.80389404297 1016.07458496094 1017.21685791016 1008.72790527344 1010.13061523438 1029.73889160156 1040.53430175781 1047.44091796875 1043.22485351562 1045.73046875 1054.77954101562 1068.42932128906 1067.46716308594 1072.18493652344 1066.59240722656 1054.73889160156 1049.08276367188 1041.31384277344 1043.3330078125 1045.068359375 1036.72229003906 1031.75793457031 1022.51220703125 1018.40893554688 1018.90466308594 1015.16741943359 1001.10980224609 996.206604003906 988.494506835938 975.6689453125 981.130432128906 982.098510742188 990.882690429688 990.421264648438 994.981872558594 996.77099609375 992.057861328125 994.524963378906
996.579345703125 997.260498046875 1002.10852050781 1007.55249023438 1004.25213623047 1006.88208007812 998.27197265625 997.46337890625 996.378051757812 1000.92785644531 1002.46441650391 1009.18872070312 1009.03033447266 1024.32788085938 1036.82507324219 1034.00207519531 1043.69982910156 1058.95349121094 1058.908203125 1064.09826660156 1071.30151367188 1066.48291015625 1065.65002441406 1050.3125 1055.68591308594 1045.99206542969 1045.14147949219 1039.25817871094 1040.29956054688 1027.4716796875 1016.37646484375 1013.7529296875 1016.19635009766 1004.57720947266 997.447875976562 994.104064941406 991.577697753906 986.303466796875 977.902404785156 992.872009277344 985.964904785156 980.278137207031 985.084167480469 984.418640136719 986.416320800781 985.957397460938
1006.80474853516 1002.19982910156 1002.55279541016 1008.08416748047 1006.71069335938 1002.85760498047 1002.35827636719 1008.69903564453 1001.86267089844 999.535522460938 1013.44232177734 1013.35308837891 1015.46612548828 1019.81793212891 1027.41027832031 1035.77453613281 1046.83276367188 1054.55993652344 1056.26147460938 1059.60400390625 1065.84729003906 1067.271484375 1069.36938476562 1061.48095703125 1054.98547363281 1047.11022949219 1045.84875488281 1053.18615722656 1042.48266601562 1026.91870117188 1012.83624267578 1013.66943359375 1025.08056640625 1010.2890625 998.007141113281 995.303039550781 991.846984863281 990.872314453125 978.552673339844 977.773376464844 978.237365722656 987.1279296875 982.113220214844 982.439147949219 979.101440429688 989.744812011719
1002.28021240234 1007.46350097656 1011.302734375 1004.61529541016 1005.15075683594 1008.91217041016 1010.57012939453 1012.37860107422 1020.07775878906 1016.06396484375 1016.64263916016 1013.8916015625 1020.53533935547 1014.91320800781 1021.78582763672 1030.06005859375 1053.25427246094 1047.9619140625 1050.40222167969 1059.25451660156 1063.19995117188 1060.88891601562 1064.62646484375 1063.83776855469 1069.76538085938 1055.84899902344 1047.89587402344 1049.80981445312 1041.69030761719 1030.72766113281 1021.51995849609 1016.94140625 1015.921875 1006.95361328125 1001.91986083984 996.965576171875 988.305725097656 987.323974609375 986.213439941406 979.998168945312 980.827209472656 985.642517089844 983.332702636719 978.803955078125 982.30810546875 975.462585449219
996.713562011719 999.202941894531 1005.341796875 1000.10302734375 999.899841308594 1012.92657470703 1017.27032470703 1018.26104736328 1018.91381835938 1026.47875976562 1024.70556640625 1018.41552734375 1018.63299560547 1014.45306396484 1015.05920410156 1024.58117675781 1048.18225097656 1042.46630859375 1046.75439453125 1049.68493652344 1042.01428222656 1055.66418457031 1061.6943359375 1064.78283691406 1064.50634765625 1057.51379394531 1058.26184082031 1052.60986328125 1046.66735839844 1032.99780273438 1026.02197265625 1023.38452148438 1018.17114257812 1013.62420654297 1009.13543701172 1002.14190673828 1003.26293945312 991.435241699219 988.32080078125 985.109436035156 981.265747070312 984.98486328125 979.935913085938 978.46484375 979.252014160156 971.276489257812
998.825866699219 1009.78692626953 1003.97497558594 1006.60369873047 1008.02069091797 1014.81280517578 1016.27740478516 1016.08471679688 1021.51654052734 1021.36383056641 1030.25134277344 1026.52355957031 1025.82653808594 1018.20239257812 1021.82189941406 1033.61181640625 1049.29187011719 1047.85510253906 1048.52746582031 1052.09216308594 1048.22802734375 1047.72875976562 1054.76879882812 1064.56506347656 1060.30285644531 1062.58386230469 1064.62084960938 1057.28234863281 1041.02917480469 1032.83190917969 1025.90942382812 1021.43481445312 1018.47369384766 1003.22680664062 992.663269042969 999.185852050781 1003.814453125 993.601806640625 989.91748046875 988.269775390625 980.656921386719 979.897766113281 976.468078613281 970.869323730469 972.912963867188 965.603698730469
1015.97155761719 1011.53485107422 1011.72052001953 1017.50811767578 1009.32061767578 1010.08917236328 1007.83367919922 1019.97192382812 1027.13317871094 1023.04351806641 1032.80212402344 1025.49572753906 1019.8056640625 1018.51470947266 1026.47509765625 1042.59997558594 1045.34130859375 1045.63916015625 1058.94482421875 1054.27465820312 1049.6669921875 1059.40539550781 1054.52795410156 1060.47912597656 1059.94604492188 1061.02258300781 1055.76220703125 1041.3271484375 1040.28283691406 1036.96545410156 1030.87841796875 1021.13189697266 1022.30578613281 1018.71435546875 1002.32659912109 998.033508300781 985.388549804688 989.978515625 994.881591796875 988.838928222656 985.180297851562 979.94140625 974.567199707031 967.936340332031 967.909240722656 964.930541992188
1013.71197509766 1012.47961425781 1015.21313476562 1013.87554931641 1018.00512695312 1008.07550048828 1013.95941162109 1015.87365722656 1009.66528320312 1016.08990478516 1026.34228515625 1033.884765625 1022.35534667969 1025.26098632812 1025.37426757812 1032.35009765625 1042.54797363281 1051.19079589844 1049.13159179688 1054.60986328125 1048.21960449219 1052.47375488281 1050.99438476562 1056.47314453125 1055.68701171875 1049.72802734375 1044.6435546875 1043.4765625 1039.40405273438 1033.3955078125 1035.72790527344 1031.21533203125 1030.69067382812 1018.10083007812 1009.07159423828 997.417724609375 996.256042480469 989.80078125 981.3154296875 976.362487792969 979.682678222656 977.047058105469 973.095764160156 974.629089355469 972.02197265625 971.408630371094
1014.14532470703 1015.79425048828 1017.16278076172 1019.41802978516 1014.70660400391 1017.69879150391 1019.70404052734 1022.08843994141 1028.5859375 1020.11547851562 1023.82434082031 1024.81652832031 1023.22857666016 1034.27978515625 1026.505859375 1028.23620605469 1036.17907714844 1044.41857910156 1044.91687011719 1046.73266601562 1048.6328125 1046.41564941406 1043.52917480469 1049.35498046875 1043.78857421875 1038.46533203125 1038.77172851562 1027.15991210938 1041.50952148438 1033.30285644531 1032.65771484375 1031.63012695312 1025.04431152344 1017.51867675781 1012.19543457031 997.172790527344 993.796752929688 989.329040527344 984.89501953125 980.733459472656 974.489990234375 977.118103027344 979.96142578125 974.067321777344 972.552062988281 970.160461425781
1015.76068115234 1023.33264160156 1028.8154296875 1026.15698242188 1020.06951904297 1027.53137207031 1030.51770019531 1033.70288085938 1028.2216796875 1022.73901367188 1024.9775390625 1019.97351074219 1023.74597167969 1026.21447753906 1032.16418457031 1031.94775390625 1040.17004394531 1043.72021484375 1049.17883300781 1049.09826660156 1047.0458984375 1044.23376464844 1037.29614257812 1042.43310546875 1035.18725585938 1029.67517089844 1025.64819335938 1032.10693359375 1040.17541503906 1038.13269042969 1031.15295410156 1023.98669433594 1018.931640625 1016.50054931641 1006.25378417969 998.103210449219 1001.29803466797 989.487060546875 992.066589355469 976.514526367188 967.557006835938 974.521423339844 983.155456542969 971.467102050781 973.268615722656 966.94970703125
1009.50885009766 1025.72399902344 1027.58715820312 1028.58752441406 1024.79125976562 1023.14038085938 1023.23077392578 1027.08850097656 1022.650390625 1025.45092773438 1027.55053710938 1021.16064453125 1019.38970947266 1032.01501464844 1030.85241699219 1028.05883789062 1034.55236816406 1040.80432128906 1045.60803222656 1046.18493652344 1048.79418945312 1043.26208496094 1047.28820800781 1035.62512207031 1032.20947265625 1024.36669921875 1018.84216308594 1025.333984375 1035.75134277344 1029.55920410156 1029.9873046875 1020.97515869141 1016.12078857422 1019.91979980469 1011.18383789062 997.482177734375 995.109313964844 996.479614257812 998.999816894531 989.375366210938 979.161010742188 976.356750488281 966.704345703125 968.234985351562 971.080688476562 962.645751953125
1009.94506835938 1013.46173095703 1023.87322998047 1026.13647460938 1028.640625 1023.73614501953 1033.51647949219 1028.70104980469 1025.02392578125 1028.33654785156 1023.28265380859 1031.28649902344 1021.498046875 1017.08251953125 1022.68536376953 1018.41009521484 1029.6025390625 1037.81457519531 1036.41613769531 1038.45654296875 1045.81384277344 1053.08850097656 1046.11181640625 1044.26208496094 1039.37951660156 1030.80053710938 1021.23291015625 1025.80187988281 1024.44409179688 1026.61267089844 1025.19458007812 1026.95568847656 1023.470703125 1019.927734375 1013.95251464844 996.925903320312 991.775024414062 993.291809082031 998.467651367188 993.621826171875 982.311767578125 967.1455078125 957.653198242188 963.1826171875 968.936096191406 968.743103027344
1011.38616943359 1015.34814453125 1027.30969238281 1031.341796875 1037.306640625 1030.07922363281 1027.01623535156 1027.34228515625 1029.42199707031 1032.83239746094 1019.82397460938 1035.14111328125 1024.17211914062 1019.6259765625 1027.9033203125 1029.64038085938 1022.48767089844 1030.66101074219 1027.96911621094 1039.48352050781 1041.65966796875 1040.86181640625 1045.7724609375 1047.95178222656 1043.37548828125 1038.8955078125 1028.3583984375 1027.90222167969 1021.97467041016 1021.55035400391 1022.66845703125 1015.38885498047 1014.17504882812 1021.62335205078 1016.26300048828 1001.88604736328 996.070129394531 1000.57794189453 985.3818359375 988.0654296875 977.185852050781 962.749816894531 960.884643554688 968.7880859375 967.255493164062 968.932922363281
1008.60809326172 1019.00408935547 1030.85437011719 1032.43347167969 1032.70190429688 1030.3798828125 1039.62670898438 1037.93688964844 1036.92895507812 1033.95007324219 1037.28686523438 1038.61767578125 1026.611328125 1020.27459716797 1027.07360839844 1024.64501953125 1021.82427978516 1021.39434814453 1028.82629394531 1040.25268554688 1040.73193359375 1032.05480957031 1043.07897949219 1044.71911621094 1040.76086425781 1029.15966796875 1017.55395507812 1027.2119140625 1023.53155517578 1019.04370117188 1017.23547363281 1010.90155029297 1018.34692382812 1019.87567138672 1013.52514648438 1004.35614013672 992.668762207031 992.169860839844 978.338317871094 970.799072265625 972.692443847656 967.145446777344 965.332702636719 968.742248535156 966.546447753906 966.731750488281
1016.4677734375 1023.73468017578 1033.62902832031 1036.59948730469 1037.42077636719 1039.69677734375 1039.84106445312 1050.91760253906 1042.37524414062 1045.02819824219 1049.2041015625 1044.79736328125 1029.95983886719 1030.8876953125 1027.63696289062 1024.38073730469 1020.10681152344 1021.51165771484 1028.17810058594 1026.33764648438 1034.56518554688 1041.78015136719 1045.12878417969 1040.57934570312 1037.27478027344 1028.89624023438 1027.52661132812 1024.58508300781 1026.677734375 1017.58746337891 1013.25091552734 1009.93719482422 1013.56170654297 1019.05438232422 1009.62860107422 999.335083007812 1000.17761230469 989.236999511719 976.986206054688 976.814208984375 975.427429199219 967.757995605469 980.502502441406 977.203369140625 968.191955566406 963.464782714844
1020.46990966797 1023.37811279297 1024.12780761719 1031.0849609375 1041.86193847656 1043.69055175781 1042.03259277344 1045.62084960938 1054.65051269531 1052.19934082031 1047.46752929688 1039.83361816406 1038.830078125 1032.5009765625 1038.259765625 1031.41589355469 1025.52185058594 1031.33996582031 1030.1376953125 1034.146484375 1036.52770996094 1034.78796386719 1045.42712402344 1039.83703613281 1031.53723144531 1032.80432128906 1028.98266601562 1025.78588867188 1026.69836425781 1018.83941650391 1008.78204345703 1015.67401123047 1013.80261230469 1007.27264404297 1001.72186279297 1000.50500488281 989.560302734375 985.617980957031 974.812683105469 977.63671875 975.277160644531 974.417419433594 975.823364257812 978.295776367188 968.389282226562 970.511413574219
