data/zlatibor_dem_simulations/DEMsim88.asc
NCOLS 150
NROWS 100
XLLCORNER 7394249
YLLCORNER 4841999
CELLSIZE 30
NODATA_VALUE -9999
[rows 20 to 39 of 100, columns 0 to 45 of 150]
957.733947753906 963.215942382812 967.493225097656 963.429443359375 955.726196289062 959.07763671875 953.6884765625 955.609313964844 959.061645507812 954.58740234375 953.046875 958.3427734375 953.131469726562 960.324645996094 964.665893554688 960.208068847656 961.074157714844 960.222412109375 960.863403320312 962.853942871094 972.270141601562 966.888488769531 977.561584472656 985.773620605469 987.381164550781 987.962707519531 997.667419433594 1003.17877197266 1008.45367431641 1016.36535644531 1015.13818359375 1008.36694335938 1007.70166015625 1011.37561035156 1007.91802978516 1019.53955078125 1022.75500488281 1022.27130126953 1026.71423339844 1031.28369140625 1036.41552734375 1037.3681640625 1038.31518554688 1030.82153320312 1024.15869140625 1010.13397216797
960.295837402344 960.576904296875 958.50537109375 954.902954101562 948.445678710938 950.733642578125 950.523986816406 953.516174316406 947.96435546875 945.861206054688 949.507995605469 948.725158691406 954.377868652344 957.070922851562 957.262878417969 966.030944824219 959.564514160156 962.199584960938 964.727600097656 965.105102539062 967.059997558594 974.615234375 977.378479003906 981.343139648438 984.414184570312 988.652465820312 990.401550292969 1002.90295410156 1001.51342773438 1004.53167724609 1007.15893554688 1017.73663330078 1015.59283447266 1007.94226074219 1015.43371582031 1017.34875488281 1024.27319335938 1024.6083984375 1025.349609375 1024.36474609375 1025.73815917969 1024.47021484375 1024.37951660156 1007.99810791016 1014.591796875 1003.16778564453
961.670227050781 964.883117675781 962.559631347656 955.458923339844 942.888122558594 952.546203613281 950.743530273438 951.356872558594 948.569763183594 949.650207519531 953.246643066406 952.690673828125 952.851318359375 955.861022949219 954.190124511719 954.308410644531 951.9921875 950.132141113281 967.509826660156 965.2431640625 965.74755859375 968.038757324219 970.691162109375 969.248840332031 976.67578125 976.659484863281 991.944030761719 1000.130859375 997.152526855469 1000.85577392578 1004.63751220703 1008.76416015625 1008.68487548828 1012.02880859375 1016.61517333984 1013.03186035156 1015.24597167969 1023.44635009766 1028.92614746094 1023.45495605469 1021.67498779297 1014.22186279297 1020.87176513672 1016.13311767578 1011.21966552734 1004.39324951172
952.142150878906 953.091430664062 953.460571289062 951.410705566406 942.331237792969 949.094787597656 952.319091796875 949.879638671875 948.3798828125 957.802124023438 958.827453613281 960.345642089844 952.852722167969 955.093139648438 960.393249511719 956.549072265625 963.010620117188 960.36474609375 968.001281738281 968.6474609375 969.879150390625 970.268859863281 966.501647949219 967.983947753906 983.188659667969 986.143981933594 987.083557128906 991.841613769531 988.840576171875 988.392578125 1005.2412109375 1010.18707275391 1008.97717285156 1014.34393310547 1015.22393798828 1013.23822021484 1018.85546875 1017.78106689453 1027.19311523438 1022.07952880859 1010.01147460938 1016.92590332031 1024.3193359375 1018.55114746094 1011.07354736328 1005.16729736328
941.934631347656 945.599060058594 943.095947265625 950.122619628906 957.199829101562 950.013977050781 952.237609863281 959.179260253906 957.519165039062 962.388427734375 961.115661621094 967.913696289062 953.7939453125 952.423522949219 968.541015625 965.160949707031 963.382995605469 968.633972167969 967.955932617188 973.070007324219 968.103332519531 973.568237304688 968.261962890625 976.2041015625 980.947692871094 986.579284667969 988.184265136719 980.804138183594 990.362487792969 998.962463378906 997.580017089844 1004.57385253906 1012.42126464844 1012.98767089844 1015.56109619141 1026.29077148438 1026.03051757812 1021.50830078125 1018.61004638672 1016.51721191406 1004.16333007812 1008.67926025391 1012.3486328125 1017.21368408203 1012.3857421875 1002.51879882812
936.718566894531 933.13232421875 941.1806640625 943.765014648438 944.056213378906 951.49853515625 959.511169433594 969.397155761719 965.905090332031 967.672302246094 969.682067871094 969.044738769531 966.125732421875 966.551330566406 970.617858886719 972.791259765625 967.536682128906 969.555969238281 978.277770996094 986.322448730469 984.178405761719 984.754333496094 978.292053222656 978.412353515625 985.4130859375 992.435180664062 998.251953125 984.479370117188 996.320007324219 997.761047363281 1001.15258789062 1000.82171630859 1007.73791503906 1015.71295166016 1013.70648193359 1019.17987060547 1021.78771972656 1017.76959228516 1009.43859863281 1006.005859375 997.033813476562 1000.45709228516 1007.14709472656 1008.408203125 1010.29901123047 1003.65887451172
936.203857421875 934.447875976562 941.86328125 939.224182128906 949.861389160156 953.5244140625 960.380004882812 968.369689941406 974.45068359375 967.718933105469 980.045532226562 977.055297851562 981.533203125 977.848205566406 971.472045898438 966.121398925781 966.759094238281 977.467163085938 978.595458984375 981.719482421875 982.476501464844 983.805419921875 988.269165039062 987.967346191406 994.045043945312 999.661987304688 992.973937988281 988.585327148438 989.055358886719 992.864562988281 994.204711914062 995.633422851562 1002.47137451172 1006.70684814453 1008.07806396484 1011.94311523438 1008.53466796875 1002.14727783203 1006.10272216797 1000.384765625 994.335144042969 998.220031738281 1001.91729736328 999.93994140625 1009.42944335938 1008.84942626953
940.794006347656 940.225463867188 944.948608398438 941.224426269531 942.533508300781 950.366516113281 961.314636230469 965.163635253906 963.023254394531 969.532653808594 971.177673339844 981.710998535156 977.623352050781 972.864929199219 979.636291503906 978.042541503906 976.4345703125 984.375183105469 979.465942382812 983.516967773438 988.229431152344 985.177734375 989.320434570312 987.275390625 988.565185546875 995.984985351562 996.99658203125 984.424438476562 979.803833007812 987.350952148438 993.823486328125 994.876281738281 995.954345703125 1003.71490478516 1003.70300292969 1011.64685058594 1007.86962890625 1005.02819824219 1000.6474609375 994.731384277344 990.45458984375 989.267944335938 1001.96661376953 1009.408203125 1004.05578613281 997.922668457031
948.794799804688 949.092041015625 950.361633300781 960.108703613281 949.213989257812 964.720520019531 960.616943359375 965.994934082031 965.0859375 970.035766601562 971.460754394531 973.180053710938 969.736999511719 978.521057128906 966.9033203125 974.615356445312 980.067199707031 982.611633300781 988.050415039062 988.473266601562 984.56591796875 990.415466308594 987.799133300781 995.280578613281 992.607177734375 988.1240234375 991.510864257812 988.7490234375 991.382080078125 987.34130859375 998.3408203125 996.102478027344 997.723083496094 1003.04370117188 1003.07366943359 999.309814453125 1000.25067138672 997.848327636719 991.179992675781 992.032836914062 990.865295410156 996.575439453125 998.098388671875 1000.42926025391 994.973083496094 997.929931640625
956.758972167969 957.164306640625 963.367004394531 957.487731933594 960.861450195312 956.395202636719 964.608703613281 953.682922363281 967.215393066406 971.816467285156 973.249877929688 979.661010742188 980.083190917969 974.833923339844 973.093017578125 970.96337890625 976.862365722656 981.362670898438 980.99609375 985.605834960938 983.226196289062 986.026184082031 995.283508300781 985.841918945312 993.564392089844 991.989318847656 987.900451660156 987.509399414062 992.781555175781 996.56494140625 1000.47784423828 990.26171875 989.188781738281 992.733154296875 992.509338378906 990.773071289062 990.947326660156 982.298400878906 987.644714355469 983.7841796875 991.891235351562 987.528564453125 995.169006347656 990.9267578125 990.558898925781 989.158386230469
962.694519042969 961.172668457031 969.665222167969 963.435546875 962.257629394531 961.078002929688 958.173828125 957.724426269531 965.026916503906 969.165893554688 967.562438964844 983.901733398438 980.690979003906 971.708740234375 971.408386230469 974.344543457031 976.655700683594 985.1669921875 980.5615234375 979.219848632812 978.201599121094 980.7802734375 978.650939941406 982.464294433594 988.776550292969 994.04638671875 993.997802734375 984.399108886719 988.736938476562 989.919250488281 988.281005859375 978.850524902344 979.214599609375 986.572631835938 988.142883300781 986.287902832031 991.590026855469 978.169860839844 977.132934570312 982.071411132812 984.366455078125 985.569519042969 994.399169921875 983.861450195312 997.428894042969 991.369445800781
955.815246582031 961.60888671875 960.837646484375 967.454956054688 970.052062988281 957.267639160156 965.414123535156 969.613891601562 966.059692382812 971.439575195312 965.748779296875 974.492797851562 981.374938964844 973.747253417969 977.747131347656 982.06201171875 988.107299804688 987.061828613281 986.215209960938 983.336364746094 981.868225097656 979.03271484375 984.017822265625 982.196533203125 978.556518554688 988.693237304688 986.892883300781 974.244873046875 985.107971191406 990.196350097656 988.252075195312 976.712280273438 986.46533203125 981.242309570312 986.127868652344 984.191772460938 980.993286132812 977.4814453125 973.835205078125 980.23583984375 980.128967285156 981.639465332031 982.717102050781 985.831909179688 986.742858886719 991.014282226562
961.5771484375 958.896789550781 957.968139648438 961.750732421875 958.825012207031 962.662536621094 967.123657226562 965.848022460938 974.824951171875 970.049743652344 971.773986816406 976.263916015625 975.568298339844 971.676574707031 977.565856933594 982.097351074219 994.010620117188 984.028198242188 982.075500488281 980.534240722656 979.401123046875 987.60107421875 984.901733398438 981.307861328125 994.232299804688 988.207336425781 991.268798828125 984.570983886719 986.363037109375 987.754455566406 987.822265625 982.127258300781 987.338500976562 976.175903320312 983.415710449219 982.6640625 973.5322265625 973.707153320312 978.229187011719 974.996948242188 982.430908203125 981.606506347656 985.661926269531 981.738403320312 983.567932128906 990.167419433594
952.937561035156 956.669799804688 960.09228515625 963.69921875 957.518798828125 962.6220703125 975.271179199219 986.595581054688 976.990234375 969.833435058594 972.167419433594 974.971252441406 974.617370605469 971.588562011719 973.729309082031 983.76806640625 982.073791503906 988.063232421875 983.905700683594 981.270080566406 977.261474609375 988.029541015625 984.466491699219 975.442932128906 988.756408691406 990.210632324219 984.296997070312 981.073852539062 981.346496582031 983.637329101562 989.116271972656 987.686767578125 987.355102539062 979.185180664062 979.971313476562 984.188903808594 976.669616699219 972.569030761719 965.639221191406 972.07666015625 981.635009765625 978.355102539062 980.411987304688 978.537231445312 985.998413085938 984.858154296875
956.853088378906 943.646850585938 945.043640136719 955.328002929688 960.911743164062 976.851989746094 977.690612792969 982.647399902344 984.820861816406 978.152404785156 971.754638671875 968.244567871094 973.422485351562 973.640502929688 973.669860839844 975.72119140625 973.229248046875 976.008483886719 984.670349121094 973.228637695312 987.650451660156 980.423400878906 981.549560546875 981.755432128906 987.351440429688 984.404174804688 986.681274414062 976.131225585938 980.476135253906 984.19287109375 990.757690429688 987.809692382812 990.216796875 984.385498046875 986.988830566406 985.008728027344 984.470031738281 973.862670898438 968.743774414062 967.869934082031 977.561401367188 978.682434082031 983.00146484375 984.947814941406 978.582702636719 977.941711425781
953.526306152344 952.788940429688 950.355712890625 958.247192382812 966.718933105469 978.066284179688 969.930969238281 983.001037597656 980.818237304688 975.324951171875 976.390869140625 969.464172363281 973.460021972656 963.789184570312 967.545227050781 970.925598144531 970.113891601562 968.688415527344 974.682861328125 972.690368652344 982.703491210938 976.055847167969 972.405822753906 980.289123535156 990.116577148438 987.939453125 983.53759765625 976.545593261719 983.094848632812 987.579956054688 990.766662597656 990.46875 992.017761230469 992.671691894531 990.481384277344 989.264038085938 987.032043457031 984.911499023438 980.7607421875 978.380126953125 979.473022460938 983.284057617188 985.621032714844 984.062194824219 976.942749023438 967.087646484375
947.822875976562 952.4453125 959.119812011719 962.172790527344 976.137878417969 980.618347167969 974.889099121094 975.265625 976.381774902344 971.077575683594 972.739318847656 968.673522949219 964.197509765625 966.742248535156 977.471618652344 979.411010742188 967.685119628906 970.355346679688 970.260437011719 969.360778808594 970.281433105469 973.60693359375 972.693237304688 978.079528808594 979.983947753906 987.700805664062 989.251708984375 974.496276855469 984.209716796875 988.294921875 982.286376953125 981.939514160156 998.285949707031 990.815246582031 989.779724121094 984.915344238281 980.68017578125 979.666748046875 976.227233886719 976.305480957031 977.382873535156 975.013732910156 985.140747070312 976.385559082031 973.843811035156 963.700378417969
943.313232421875 955.911560058594 961.813781738281 971.099975585938 971.8251953125 976.988891601562 973.817016601562 973.236511230469 974.955322265625 973.978393554688 958.230163574219 955.856140136719 962.020263671875 969.353881835938 976.698852539062 980.989013671875 973.763793945312 976.133850097656 974.959167480469 979.641418457031 971.113586425781 977.908569335938 972.482727050781 977.651916503906 977.76171875 979.796142578125 984.7431640625 975.411010742188 978.520751953125 973.664489746094 977.863647460938 985.752502441406 988.868469238281 981.803771972656 985.06494140625 985.358093261719 978.129638671875 983.276611328125 974.90869140625 973.963745117188 977.859802246094 979.736511230469 978.067749023438 976.539367675781 976.744689941406 972.375183105469
944.365966796875 944.992004394531 957.885131835938 963.539367675781 967.018493652344 967.43017578125 968.667114257812 961.880065917969 967.369201660156 969.127258300781 963.027526855469 967.015502929688 968.806884765625 965.746459960938 970.80078125 975.735046386719 981.60693359375 988.420654296875 972.152160644531 977.065795898438 978.881591796875 978.942687988281 967.304809570312 971.519470214844 977.89306640625 979.569030761719 981.446411132812 975.890197753906 981.891174316406 973.334228515625 976.801818847656 978.16455078125 978.358764648438 983.216674804688 984.246948242188 977.685791015625 978.213073730469 976.353088378906 978.636779785156 986.273559570312 977.843444824219 973.046691894531 974.489868164062 973.646423339844 974.906372070312 981.358642578125
938.636901855469 939.961181640625 951.670166015625 963.850036621094 972.907470703125 970.035461425781 958.461608886719 964.690124511719 966.752319335938 969.6240234375 968.857055664062 973.675109863281 969.763610839844 970.79296875 968.984375 976.072937011719 980.300170898438 989.259216308594 982.279479980469 976.571533203125 970.989501953125 969.917846679688 974.993041992188 974.083068847656 973.153076171875 973.305847167969 978.587219238281 968.537658691406 982.523681640625 981.189636230469 976.827941894531 979.883422851562 975.494445800781 978.195068359375 987.349182128906 966.38818359375 975.039245605469 968.854125976562 974.06787109375 979.66748046875 976.127014160156 977.602294921875 973.788513183594 975.578186035156 980.916809082031 972.949096679688
