data/zlatibor_dem_simulations/DEMsim3.asc
NCOLS 150
NROWS 100
XLLCORNER 7394249
YLLCORNER 4841999
CELLSIZE 30
NODATA_VALUE -9999
[rows 40 to 59 of 100, columns 0 to 45 of 150]
946.254821777344 951.265014648438 954.211791992188 951.300659179688 962.490356445312 967.586791992188 972.432250976562 974.042236328125 970.573425292969 961.554565429688 958.72705078125 967.829345703125 977.346069335938 970.604187011719 974.134521484375 978.233764648438 978.164123535156 980.144958496094 968.672912597656 968.617980957031 976.566223144531 969.941467285156 965.625793457031 961.311950683594 970.078125 968.592407226562 979.64794921875 977.726806640625 981.888549804688 979.750244140625 982.154357910156 983.244384765625 975.656799316406 974.891357421875 973.934631347656 977.047180175781 994.971618652344 987.523010253906 979.636657714844 978.172180175781 982.8486328125 967.586303710938 968.462951660156 973.515258789062 977.465454101562 976.099792480469
943.780212402344 954.490234375 948.630981445312 947.070129394531 961.998413085938 965.09326171875 968.392028808594 965.296020507812 972.372497558594 963.102233886719 971.513916015625 974.565612792969 973.498413085938 975.235900878906 974.036987304688 972.647338867188 982.695190429688 980.12548828125 963.312683105469 969.042297363281 972.28076171875 972.641479492188 971.399169921875 972.191467285156 971.178588867188 972.66357421875 971.227416992188 978.386901855469 977.26123046875 975.33203125 973.060974121094 979.281433105469 972.109802246094 985.038940429688 982.064086914062 982.087585449219 984.686279296875 979.756652832031 978.720764160156 975.813232421875 973.914367675781 970.908386230469 968.276428222656 965.157531738281 972.828796386719 977.406982421875
944.784912109375 944.823608398438 951.682250976562 955.357177734375 953.6982421875 951.677917480469 968.947509765625 960.809265136719 960.097961425781 974.152099609375 978.731201171875 970.023864746094 977.570739746094 974.180847167969 978.828247070312 975.5234375 970.272644042969 979.238098144531 980.984130859375 974.361022949219 966.767700195312 968.070129394531 975.295288085938 972.589050292969 973.527587890625 965.550720214844 965.171875 977.415283203125 977.096801757812 970.179870605469 974.628479003906 976.854553222656 980.213989257812 980.962829589844 978.876892089844 979.42578125 976.60986328125 979.306091308594 976.961791992188 983.235900878906 971.682434082031 976.053527832031 969.705749511719 966.942993164062 959.913208007812 973.956420898438
939.863037109375 945.639099121094 956.3671875 952.0029296875 954.168884277344 953.84814453125 957.036865234375 960.126525878906 960.426818847656 971.259826660156 968.155456542969 976.077026367188 979.034790039062 978.952331542969 971.636779785156 975.127258300781 964.442138671875 969.906433105469 971.713989257812 970.713562011719 973.677978515625 967.806762695312 969.526428222656 969.721801757812 963.565246582031 965.702087402344 972.7216796875 982.530334472656 985.704711914062 983.788818359375 981.432495117188 981.764404296875 981.387268066406 973.861328125 965.316711425781 975.140869140625 978.318786621094 982.792846679688 975.074401855469 980.549438476562 975.096374511719 972.258850097656 963.398559570312 970.613586425781 964.929260253906 970.4677734375
938.765380859375 935.00048828125 950.297546386719 953.115966796875 952.990966796875 958.00830078125 957.618591308594 968.447509765625 962.543334960938 966.214782714844 969.575500488281 966.33056640625 971.884521484375 973.968505859375 966.781616210938 976.020690917969 970.092590332031 972.732604980469 979.62841796875 977.556457519531 980.239868164062 971.398803710938 965.839904785156 965.368835449219 964.185180664062 966.510559082031 971.801025390625 983.335388183594 992.726745605469 996.211364746094 985.229858398438 976.699768066406 978.842895507812 965.127807617188 964.590881347656 975.718444824219 972.012145996094 982.538391113281 988.523498535156 974.301879882812 977.767700195312 965.822692871094 971.409484863281 977.106689453125 969.889343261719 972.651306152344
935.392150878906 940.502197265625 946.634521484375 951.708251953125 945.784484863281 961.652404785156 961.893920898438 966.528625488281 962.923400878906 970.099243164062 961.093505859375 961.203186035156 962.964233398438 964.243103027344 972.924133300781 972.906433105469 974.896240234375 980.126098632812 974.404052734375 972.853698730469 974.851501464844 983.827209472656 970.762512207031 964.640075683594 970.473205566406 966.001037597656 969.768005371094 984.068359375 985.119384765625 992.309204101562 981.747680664062 977.871765136719 977.159057617188 974.763854980469 966.393371582031 968.746032714844 973.708923339844 977.390197753906 972.895385742188 976.769836425781 980.884704589844 969.44677734375 964.624816894531 972.067687988281 974.751281738281 969.497924804688
941.975769042969 946.091735839844 941.895935058594 947.511169433594 953.337097167969 961.634826660156 954.797180175781 963.829040527344 963.795349121094 965.934997558594 958.441650390625 956.87939453125 959.916015625 961.209228515625 973.767761230469 971.449890136719 978.015075683594 977.772033691406 976.658996582031 971.744262695312 966.792297363281 969.362121582031 968.207397460938 966.506103515625 963.199584960938 970.212219238281 964.102172851562 980.974670410156 988.407958984375 988.01220703125 979.232971191406 976.224975585938 974.7939453125 968.547790527344 972.215942382812 966.534851074219 966.891296386719 970.688049316406 965.902526855469 980.356567382812 973.551696777344 967.029724121094 962.196105957031 965.449829101562 960.879211425781 960.058227539062
945.821655273438 945.900573730469 948.683471679688 951.105773925781 952.206298828125 964.166687011719 962.174560546875 962.796875 961.848510742188 963.903503417969 959.812561035156 961.465209960938 964.917785644531 964.824401855469 979.2041015625 970.626281738281 981.307800292969 970.331359863281 976.553161621094 973.53125 971.181884765625 965.739929199219 960.95849609375 965.7294921875 964.138366699219 965.871948242188 972.220458984375 975.007141113281 980.206909179688 978.588684082031 985.299621582031 978.865661621094 975.340881347656 967.418090820312 958.941162109375 965.590270996094 957.3203125 964.897399902344 965.897399902344 970.291809082031 973.204711914062 970.09228515625 960.821105957031 958.093627929688 955.92529296875 958.873718261719
952.892761230469 944.861206054688 953.771362304688 958.703369140625 958.735473632812 961.248596191406 965.3837890625 962.869750976562 962.21630859375 962.73388671875 963.845031738281 966.774658203125 968.628662109375 971.322570800781 975.429260253906 971.885498046875 973.388671875 968.921936035156 970.472778320312 966.032958984375 967.442932128906 962.360717773438 959.458801269531 966.813842773438 970.16064453125 968.733154296875 962.9619140625 968.744140625 979.392822265625 972.518798828125 975.026489257812 984.974182128906 982.323852539062 971.399353027344 961.942138671875 964.908203125 957.41357421875 962.307250976562 964.622436523438 964.69677734375 963.236877441406 970.303039550781 962.627685546875 958.925842285156 951.854309082031 956.043395996094
954.05615234375 958.167663574219 958.337768554688 957.672180175781 959.214111328125 967.537780761719 975.167785644531 970.478942871094 962.495239257812 962.603149414062 966.575439453125 965.291687011719 966.65283203125 979.282104492188 971.072204589844 978.10009765625 969.921264648438 974.848876953125 961.766479492188 965.384216308594 962.211059570312 954.060241699219 961.093811035156 965.0234375 957.751037597656 964.071716308594 966.585327148438 963.251892089844 967.353759765625 973.312927246094 973.46630859375 979.44970703125 978.410400390625 977.175170898438 971.130981445312 971.543029785156 967.843078613281 974.108703613281 970.824584960938 964.911193847656 959.322509765625 954.966369628906 964.136169433594 956.704711914062 957.34765625 963.255676269531
954.021362304688 964.558959960938 957.103088378906 957.225952148438 957.551147460938 964.777160644531 969.559875488281 972.329467773438 973.443420410156 973.179260253906 975.925720214844 977.546081542969 982.500549316406 974.890747070312 977.457458496094 978.907592773438 979.529602050781 964.361572265625 958.881896972656 963.51318359375 955.292907714844 948.701171875 955.740051269531 958.139099121094 961.8076171875 967.826721191406 960.967346191406 959.89208984375 962.145324707031 975.3740234375 969.722717285156 974.149719238281 979.174133300781 966.375061035156 965.443420410156 970.03564453125 968.323852539062 981.541748046875 965.449035644531 966.1591796875 961.548400878906 956.9208984375 958.628173828125 966.492126464844 964.389404296875 964.593383789062
957.463806152344 962.691955566406 959.221557617188 963.539245605469 957.415283203125 961.117309570312 968.901977539062 978.695617675781 979.136474609375 984.184936523438 979.414123535156 974.480163574219 977.320190429688 977.160034179688 975.450622558594 976.984680175781 968.54443359375 975.205810546875 958.228759765625 959.424621582031 951.760009765625 958.849609375 955.086120605469 964.236389160156 960.099060058594 955.869201660156 956.614501953125 962.815490722656 962.938354492188 968.456481933594 974.1318359375 967.536499023438 972.358276367188 967.542358398438 963.665283203125 973.841735839844 975.828979492188 974.580871582031 954.154174804688 954.9140625 957.712463378906 959.095336914062 967.908264160156 966.091064453125 960.340393066406 967.773315429688
958.175231933594 966.342529296875 970.399658203125 971.101196289062 968.485229492188 964.58349609375 976.266418457031 976.536987304688 976.035461425781 977.47119140625 976.468627929688 973.265197753906 977.374145507812 982.560546875 986.845031738281 970.216979980469 970.750610351562 974.619140625 961.169189453125 953.904968261719 955.503845214844 951.384338378906 968.788391113281 963.627258300781 961.691467285156 958.036682128906 955.274658203125 956.927917480469 967.867065429688 965.804077148438 970.876403808594 971.527221679688 964.562194824219 962.359191894531 969.06982421875 973.355529785156 981.846923828125 975.855834960938 957.756774902344 955.846374511719 963.668701171875 966.215209960938 969.577514648438 966.652099609375 966.920959472656 967.969421386719
962.033630371094 967.352905273438 966.976257324219 968.659484863281 970.030029296875 969.73046875 971.099426269531 969.918151855469 975.651123046875 979.746765136719 971.467224121094 974.505859375 980.213195800781 980.374877929688 980.299865722656 964.456604003906 969.654235839844 969.550231933594 967.953125 958.454284667969 958.977355957031 967.993896484375 964.489624023438 969.853759765625 962.494018554688 956.272399902344 959.269653320312 957.038635253906 964.697448730469 962.082946777344 971.533813476562 967.94580078125 959.494873046875 962.317321777344 964.286743164062 970.326354980469 981.704895019531 972.790649414062 965.155700683594 959.399841308594 965.572265625 971.37109375 972.909973144531 975.386962890625 970.548889160156 967.757690429688
967.001647949219 966.494445800781 966.881591796875 968.555969238281 973.503051757812 969.066162109375 968.407287597656 966.439514160156 964.569519042969 977.243530273438 970.179382324219 974.990539550781 974.898193359375 973.457153320312 970.230163574219 972.404052734375 968.570251464844 967.334411621094 975.5517578125 963.239501953125 968.457336425781 969.156127929688 963.851623535156 955.99169921875 961.558959960938 961.651672363281 960.150146484375 957.210632324219 959.772583007812 965.613220214844 965.345092773438 959.670166015625 957.965454101562 956.600402832031 967.001770019531 965.719421386719 971.105285644531 960.253601074219 958.115051269531 958.761657714844 961.743347167969 969.263427734375 973.431884765625 971.759582519531 963.784973144531 958.155883789062
963.153503417969 961.450439453125 956.226745605469 970.848388671875 968.276916503906 966.73779296875 978.068054199219 965.6376953125 966.821228027344 968.811096191406 967.155456542969 965.748229980469 969.470397949219 976.875854492188 972.8359375 971.40869140625 966.509460449219 965.678771972656 966.143615722656 963.92578125 962.269409179688 970.268005371094 964.200073242188 970.774658203125 960.274291992188 958.292663574219 955.048217773438 954.538757324219 957.883483886719 956.837036132812 956.829528808594 965.110473632812 960.439636230469 959.425903320312 962.45654296875 973.701477050781 963.537231445312 955.028503417969 961.169555664062 959.812805175781 964.170166015625 964.66650390625 967.751403808594 967.130920410156 956.840148925781 967.317504882812
970.935302734375 973.922485351562 970.9833984375 973.715087890625 972.664306640625 974.516052246094 974.606567382812 969.689819335938 965.329467773438 973.116760253906 970.81396484375 967.910400390625 967.449829101562 970.849426269531 972.547485351562 964.511779785156 970.010620117188 975.366943359375 959.144226074219 967.533447265625 962.597290039062 967.225952148438 962.939331054688 965.440307617188 971.490844726562 968.911376953125 961.435791015625 953.6083984375 949.846435546875 955.845764160156 960.984008789062 968.778503417969 961.721252441406 964.684020996094 962.636840820312 964.354431152344 952.994750976562 959.106689453125 960.835083007812 953.281005859375 958.309448242188 954.778930664062 958.638366699219 959.861328125 961.126770019531 968.737060546875
974.078369140625 967.88427734375 976.179138183594 976.013610839844 973.602661132812 975.143920898438 968.462524414062 962.071472167969 961.232788085938 960.607971191406 957.568054199219 960.703491210938 967.198974609375 966.250610351562 971.537536621094 969.976440429688 967.906066894531 974.589721679688 967.131958007812 965.435241699219 956.153137207031 956.393371582031 967.537109375 972.941650390625 972.720764160156 965.202758789062 967.614074707031 955.954406738281 952.577209472656 950.769409179688 950.33740234375 960.760620117188 956.114929199219 960.633911132812 956.29443359375 961.193359375 957.780395507812 951.306335449219 965.286804199219 959.717224121094 964.214111328125 955.890686035156 957.261413574219 959.721008300781 957.830322265625 957.621520996094
961.230407714844 955.040893554688 964.171569824219 975.264831542969 974.441040039062 972.150268554688 974.803833007812 958.444641113281 959.070983886719 962.093627929688 951.899597167969 956.483276367188 961.673034667969 976.120300292969 977.208435058594 970.119567871094 964.366394042969 965.728759765625 974.59326171875 958.62939453125 949.205200195312 957.223327636719 962.399169921875 968.479797363281 963.436889648438 967.85400390625 963.658569335938 957.364990234375 954.059265136719 958.214416503906 941.544555664062 956.457458496094 952.392578125 957.270263671875 965.207336425781 951.931579589844 950.005187988281 955.916320800781 959.144165039062 955.827209472656 954.124206542969 959.170532226562 953.326416015625 957.639038085938 961.471862792969 954.063537597656
953.736083984375 957.555786132812 959.651062011719 965.248352050781 967.04736328125 976.939208984375 970.824951171875 967.140441894531 960.873352050781 960.529846191406 957.597534179688 951.514892578125 955.894409179688 967.462097167969 962.240905761719 961.585632324219 962.56005859375 958.741638183594 959.8017578125 958.122680664062 957.243957519531 953.229248046875 958.393798828125 960.539123535156 958.956115722656 958.984985351562 955.769714355469 958.156860351562 957.853881835938 954.844482421875 948.579467773438 947.80419921875 954.955688476562 958.776794433594 959.276550292969 953.423889160156 952.18017578125 954.005493164062 961.422485351562 944.741516113281 949.426086425781 955.844299316406 954.406311035156 948.48095703125 953.981018066406 955.60595703125
