data/zlatibor_dem_simulations/DEMsim73.asc
NCOLS 150
NROWS 100
XLLCORNER 7394249
YLLCORNER 4841999
CELLSIZE 30
NODATA_VALUE -9999
[rows 40 to 59 of 100, columns 0 to 45 of 150]
949.346008300781 947.898559570312 951.580078125 963.360656738281 962.722534179688 976.550415039062 971.807312011719 960.441955566406 959.421142578125 963.049743652344 972.278991699219 979.244445800781 977.113647460938 974.564514160156 981.610229492188 977.594665527344 973.280090332031 981.681823730469 987.556945800781 984.58837890625 985.695983886719 987.140502929688 978.590393066406 968.626220703125 961.757568359375 963.588012695312 964.954467773438 971.832397460938 978.176330566406 995.859436035156 981.151245117188 978.898803710938 977.667907714844 982.967041015625 975.276062011719 975.541748046875 983.052917480469 975.559753417969 973.217407226562 974.823120117188 973.209411621094 967.459899902344 976.869873046875 979.144714355469 975.406494140625 972.699401855469
945.535583496094 947.040161132812 950.69091796875 956.937744140625 970.55810546875 972.209594726562 963.60400390625 960.023681640625 956.941711425781 966.334777832031 973.601379394531 972.230285644531 969.173645019531 974.986022949219 982.880493164062 975.52197265625 975.151245117188 986.794006347656 989.330749511719 989.903930664062 981.149047851562 982.853942871094 979.851135253906 969.440063476562 965.460693359375 951.723693847656 962.961975097656 969.700012207031 980.8095703125 978.997436523438 984.8505859375 975.40673828125 979.557800292969 975.046569824219 975.33544921875 978.631225585938 975.223815917969 979.935424804688 968.183227539062 977.8447265625 967.467712402344 962.990539550781 968.348449707031 972.714050292969 969.340637207031 959.877868652344
944.674621582031 947.07763671875 953.498962402344 953.414733886719 961.341735839844 961.8056640625 958.711975097656 959.665771484375 958.352172851562 964.336975097656 964.898254394531 974.566040039062 971.653381347656 986.19140625 981.330810546875 979.821350097656 975.407592773438 979.917785644531 980.801147460938 983.557495117188 979.952087402344 982.671447753906 977.956726074219 969.727661132812 969.189147949219 965.366088867188 968.033325195312 974.880615234375 979.466369628906 978.0361328125 977.804016113281 977.387451171875 974.934387207031 983.308532714844 985.047912597656 982.734924316406 974.329772949219 978.477478027344 976.100036621094 982.533447265625 978.024841308594 970.22705078125 968.246276855469 965.460876464844 964.649475097656 961.595886230469
942.128234863281 942.943176269531 941.191833496094 961.08203125 955.896301269531 954.752380371094 960.152282714844 963.936950683594 959.708618164062 957.020568847656 964.054992675781 971.392333984375 975.48388671875 974.487243652344 975.051879882812 978.981750488281 980.202758789062 970.687683105469 973.645751953125 979.232421875 971.200134277344 977.594543457031 979.596374511719 974.731323242188 978.633056640625 972.181396484375 969.923706054688 977.552368164062 975.969055175781 979.523254394531 978.182312011719 980.253662109375 978.533325195312 978.098754882812 977.797973632812 973.487060546875 978.837158203125 971.225830078125 974.251342773438 982.328002929688 984.312744140625 969.612548828125 968.072692871094 960.58642578125 965.239868164062 960.933288574219
950.233642578125 941.480407714844 941.961608886719 950.466430664062 953.830871582031 955.536926269531 957.115783691406 953.540405273438 959.884704589844 963.962158203125 962.625793457031 973.515625 969.345886230469 969.523620605469 967.1337890625 966.632507324219 971.79443359375 978.075622558594 979.400695800781 976.903503417969 977.181335449219 980.900512695312 985.042724609375 973.4970703125 969.929504394531 973.06103515625 972.743103027344 970.789916992188 969.684143066406 983.817199707031 978.839172363281 977.531982421875 975.050903320312 973.313598632812 976.86669921875 972.256042480469 974.830871582031 967.852416992188 971.9560546875 977.23974609375 975.242492675781 969.994140625 965.542114257812 965.890502929688 963.599731445312 967.720947265625
941.501647949219 944.905212402344 942.572082519531 955.15771484375 952.366394042969 950.219482421875 949.066955566406 954.57763671875 964.142944335938 970.913391113281 970.316223144531 977.654602050781 966.47119140625 963.27978515625 963.04443359375 970.402709960938 976.963439941406 978.145141601562 973.192443847656 967.876342773438 977.617370605469 987.222473144531 980.18115234375 966.903991699219 965.049377441406 962.658386230469 971.834289550781 972.471069335938 966.704284667969 979.302062988281 977.816467285156 978.771057128906 976.602722167969 972.195129394531 968.825439453125 970.807189941406 971.881530761719 973.856506347656 968.036254882812 967.29345703125 970.670959472656 969.956665039062 969.10888671875 964.801818847656 964.397399902344 965.693664550781
949.96728515625 941.284851074219 941.559204101562 947.567077636719 956.352905273438 950.726623535156 955.634216308594 960.486572265625 967.162780761719 975.001831054688 979.519714355469 973.790954589844 966.591796875 963.716918945312 968.769653320312 966.722106933594 973.977844238281 981.390502929688 974.304321289062 968.617248535156 964.107421875 981.2421875 982.413208007812 972.936828613281 970.353515625 963.782958984375 960.486083984375 964.83837890625 965.911804199219 976.484619140625 979.891906738281 969.93994140625 969.805358886719 973.147583007812 962.806213378906 964.250305175781 964.189208984375 963.543579101562 962.118896484375 968.303955078125 971.302856445312 970.740783691406 975.194519042969 972.911437988281 971.435485839844 967.755493164062
955.129150390625 951.753295898438 953.391479492188 955.899841308594 957.944763183594 960.576904296875 960.819641113281 958.469787597656 972.122436523438 965.676086425781 968.978576660156 969.767700195312 960.261901855469 968.099182128906 966.190979003906 964.719299316406 968.864562988281 975.190185546875 972.155517578125 973.162658691406 968.547790527344 971.950744628906 972.84521484375 974.356567382812 964.844299316406 975.292663574219 969.161010742188 971.068603515625 977.520812988281 979.327514648438 970.770751953125 965.041320800781 968.8740234375 974.021240234375 964.958618164062 978.832824707031 966.935424804688 965.481506347656 969.391052246094 968.226501464844 961.562255859375 963.289489746094 964.437377929688 965.676574707031 966.697631835938 964.454284667969
951.604736328125 957.4609375 963.04931640625 959.48681640625 959.582885742188 966.412353515625 963.327453613281 961.627807617188 970.675537109375 968.017700195312 969.073974609375 964.701904296875 953.905578613281 964.102355957031 959.19677734375 968.64306640625 977.733032226562 980.584716796875 975.601745605469 978.505310058594 976.149658203125 968.961547851562 976.674133300781 971.429504394531 963.8232421875 972.227661132812 969.547973632812 965.835388183594 970.191345214844 967.370788574219 974.944030761719 970.91748046875 968.789489746094 974.397521972656 974.662353515625 972.695861816406 961.583679199219 954.379699707031 970.181640625 971.580139160156 974.149169921875 967.998107910156 964.072204589844 958.089111328125 963.333618164062 968.682250976562
958.822692871094 950.976257324219 961.352416992188 961.84326171875 967.009094238281 970.828674316406 973.766052246094 970.164733886719 968.65087890625 966.340515136719 964.402282714844 970.409912109375 968.208190917969 968.382263183594 963.318298339844 971.315307617188 976.58740234375 976.533508300781 970.642211914062 968.178527832031 976.571472167969 974.765808105469 966.711486816406 969.048950195312 967.950500488281 962.853637695312 962.619140625 961.264038085938 969.271667480469 970.155822753906 973.027770996094 971.793884277344 976.283020019531 978.037536621094 973.401062011719 964.265563964844 959.7158203125 964.630981445312 967.31005859375 968.113891601562 972.521606445312 965.396179199219 964.57275390625 952.4306640625 954.648864746094 971.753662109375
959.874755859375 955.647521972656 962.159790039062 959.781921386719 968.573974609375 972.11767578125 969.979736328125 974.852966308594 973.677673339844 967.459533691406 966.740844726562 969.214538574219 974.652282714844 977.704162597656 981.145812988281 975.455810546875 975.576477050781 974.198486328125 971.441284179688 972.376892089844 971.152282714844 966.540161132812 963.16162109375 966.589050292969 961.611694335938 962.611633300781 961.505249023438 965.929626464844 963.683959960938 970.522583007812 972.386657714844 977.400268554688 981.343139648438 975.158752441406 972.291381835938 957.271240234375 951.459350585938 959.896362304688 961.695922851562 966.974792480469 965.445007324219 967.450988769531 963.968811035156 955.521667480469 955.184631347656 969.776245117188
965.516540527344 962.4990234375 967.7255859375 958.051879882812 959.394226074219 971.078002929688 964.753845214844 968.3544921875 970.876037597656 966.301025390625 969.33544921875 980.506652832031 972.708984375 970.463745117188 980.716735839844 971.905456542969 978.58447265625 975.002746582031 982.066650390625 977.605163574219 974.548767089844 963.402038574219 964.639831542969 959.817749023438 964.738342285156 957.747131347656 951.33740234375 958.639038085938 967.424621582031 969.508483886719 973.353393554688 972.244873046875 972.659851074219 969.79345703125 967.553344726562 956.049377441406 960.273864746094 964.639465332031 958.877502441406 957.335510253906 957.965942382812 967.419982910156 962.253601074219 957.978820800781 963.564636230469 970.625915527344
978.931457519531 972.415771484375 966.286743164062 959.611877441406 964.297729492188 967.614868164062 973.213928222656 975.141845703125 972.782287597656 976.072448730469 974.9365234375 972.277893066406 976.663696289062 970.353271484375 976.945739746094 979.962829589844 981.99365234375 973.221923828125 976.540283203125 970.380981445312 977.6982421875 974.228271484375 968.443481445312 968.036926269531 965.852416992188 963.914428710938 962.1630859375 971.240844726562 968.549560546875 966.379028320312 972.092956542969 968.164733886719 969.233581542969 961.20166015625 958.268981933594 957.502685546875 956.28271484375 966.755432128906 967.197509765625 959.463745117188 961.428894042969 959.372131347656 963.468322753906 960.955627441406 968.920288085938 965.666748046875
970.93603515625 966.712524414062 973.689208984375 968.913513183594 973.631103515625 974.100341796875 973.498840332031 975.495971679688 973.327209472656 970.145141601562 972.153503417969 978.90625 980.642150878906 978.905944824219 979.011108398438 984.248718261719 976.884338378906 973.766906738281 970.333251953125 963.659240722656 973.7509765625 975.204162597656 971.813049316406 968.246887207031 957.697509765625 953.9306640625 954.033630371094 961.272155761719 965.559692382812 967.150207519531 967.474975585938 972.583923339844 965.427001953125 960.288513183594 970.907958984375 966.263732910156 962.40087890625 959.336608886719 959.0498046875 954.493103027344 961.874084472656 962.966979980469 954.992614746094 952.475341796875 960.545471191406 955.098327636719
968.752624511719 973.366149902344 976.192443847656 976.149780273438 975.004699707031 969.968322753906 965.9794921875 981.409301757812 972.06591796875 964.642395019531 963.041442871094 972.878295898438 980.876708984375 981.920837402344 981.755981445312 976.521423339844 965.331420898438 973.27685546875 973.323547363281 967.85107421875 965.805358886719 958.708251953125 963.323059082031 967.292907714844 968.881896972656 965.441955566406 957.950500488281 960.372741699219 959.017822265625 964.517150878906 971.750671386719 971.928771972656 958.664001464844 964.982849121094 971.676086425781 966.293701171875 963.862609863281 963.390014648438 967.439880371094 958.977233886719 953.619323730469 953.612182617188 948.005004882812 948.335021972656 955.411499023438 955.760986328125
969.863952636719 973.920166015625 973.993286132812 976.815002441406 976.826965332031 971.433166503906 977.928649902344 968.754211425781 971.868896484375 966.029663085938 968.929443359375 975.076110839844 979.41552734375 974.655578613281 974.317504882812 977.424133300781 972.702087402344 968.619812011719 970.483947753906 970.314697265625 968.043579101562 959.327697753906 959.776245117188 963.834594726562 961.987976074219 968.345092773438 962.726684570312 965.018859863281 959.264282226562 959.554870605469 960.93115234375 960.050842285156 953.69580078125 962.402160644531 962.099487304688 972.025268554688 967.000671386719 963.548522949219 957.126708984375 951.186889648438 947.938171386719 949.314392089844 949.905334472656 953.105895996094 951.223754882812 958.4462890625
975.393432617188 981.648010253906 971.997863769531 960.618896484375 977.120422363281 976.755981445312 979.628601074219 966.022155761719 961.65869140625 959.151489257812 961.160034179688 965.188781738281 977.834228515625 966.032592773438 971.187438964844 974.383178710938 973.022521972656 973.444152832031 973.6025390625 970.731689453125 964.776550292969 967.336669921875 967.165893554688 960.274536132812 959.285766601562 957.482116699219 958.756958007812 956.757202148438 959.763793945312 962.490539550781 962.088745117188 962.095153808594 954.222717285156 956.990844726562 962.021850585938 966.070129394531 953.951293945312 959.217102050781 965.445373535156 962.1064453125 952.195251464844 955.788208007812 947.146911621094 960.716064453125 961.432189941406 959.726013183594
971.217468261719 967.453430175781 961.215942382812 967.942932128906 973.960876464844 977.19775390625 969.936279296875 964.53515625 964.165649414062 963.848449707031 966.936645507812 962.518310546875 958.140014648438 970.0595703125 975.781555175781 978.246887207031 970.661193847656 968.075012207031 971.694641113281 972.608093261719 966.123291015625 960.528869628906 956.100830078125 951.240051269531 946.790222167969 953.005859375 957.813110351562 951.987365722656 948.7763671875 955.006225585938 959.325439453125 959.753662109375 948.347778320312 949.2802734375 949.019897460938 954.912719726562 958.070983886719 956.25390625 953.025756835938 950.8447265625 953.939819335938 948.985107421875 952.306335449219 952.090454101562 957.517822265625 958.712951660156
956.234191894531 958.937194824219 958.77294921875 963.095764160156 973.881774902344 970.531982421875 969.494140625 965.895324707031 965.714721679688 960.831665039062 958.715698242188 966.666259765625 958.809204101562 971.326110839844 972.265197753906 965.773132324219 967.007995605469 965.860046386719 965.806274414062 961.590087890625 957.621215820312 965.364501953125 960.405395507812 949.842468261719 944.140441894531 948.31982421875 957.228942871094 954.182189941406 954.101989746094 956.772277832031 958.413696289062 959.86279296875 951.106811523438 952.395385742188 953.695983886719 955.7314453125 951.664489746094 951.007690429688 952.674682617188 946.433471679688 945.548034667969 953.320373535156 956.958862304688 954.164184570312 955.817687988281 961.529663085938
957.5849609375 957.442016601562 966.698852539062 963.330810546875 970.627624511719 974.975219726562 971.363464355469 964.210021972656 963.184387207031 972.929565429688 958.979858398438 963.140869140625 964.164733886719 965.426940917969 966.153503417969 958.1572265625 959.753601074219 955.675964355469 956.663635253906 951.338745117188 959.062255859375 957.283447265625 957.645690917969 949.800964355469 946.303588867188 952.514282226562 963.892578125 947.0146484375 943.7724609375 944.696655273438 942.642028808594 951.026123046875 953.977416992188 955.294494628906 957.560852050781 954.570251464844 946.164306640625 940.709045410156 944.205200195312 947.457092285156 946.0048828125 948.2978515625 948.32080078125 959.924743652344 958.994201660156 961.940673828125
