data/zlatibor_dem_simulations/DEMsim8.asc
NCOLS 150
NROWS 100
XLLCORNER 7394249
YLLCORNER 4841999
CELLSIZE 30
NODATA_VALUE -9999
[rows 40 to 59 of 100, columns 46 to 91 of 150]
977.292053222656 973.609497070312 979.368957519531 973.383666992188 969.8466796875 970.373229980469 978.006652832031 972.469848632812 972.458312988281 964.458129882812 975.656555175781 968.181701660156 963.170288085938 971.048278808594 968.267639160156 966.526489257812 968.707214355469 971.510925292969 963.234069824219 962.524291992188 958.742065429688 963.154052734375 967.248779296875 973.992492675781 977.771423339844 983.63671875 966.686950683594 974.864318847656 974.095336914062 973.713623046875 972.467041015625 989.744323730469 988.3046875 985.237609863281 991.581909179688 992.828247070312 982.455261230469 986.829956054688 995.230224609375 998.742370605469 989.801635742188 985.074645996094 992.050659179688 988.044311523438 992.513427734375 992.899475097656
980.078552246094 976.282287597656 982.589965820312 986.674255371094 970.921997070312 971.829528808594 969.441284179688 969.900451660156 966.562438964844 967.363037109375 969.793090820312 973.017150878906 965.132019042969 970.485046386719 972.038452148438 975.352355957031 974.078674316406 969.301025390625 967.643859863281 959.374877929688 961.242004394531 971.489929199219 973.36767578125 975.202514648438 988.170532226562 974.263000488281 973.478820800781 969.393676757812 972.078369140625 972.629760742188 980.137268066406 984.543090820312 981.151672363281 980.711608886719 986.666442871094 989.888366699219 989.123962402344 991.378234863281 987.470275878906 987.188659667969 989.318298339844 990.404418945312 986.422180175781 983.512573242188 987.998962402344 995.90185546875
974.247497558594 971.744140625 981.007385253906 980.316650390625 972.203369140625 972.524475097656 966.763610839844 964.027526855469 967.870788574219 960.967041015625 966.134216308594 964.708435058594 961.111328125 965.998840332031 976.267517089844 979.115417480469 973.444580078125 972.115966796875 974.422607421875 971.5927734375 966.961486816406 969.596801757812 967.134460449219 972.677917480469 970.978088378906 977.663635253906 972.945434570312 966.783996582031 964.46630859375 972.760498046875 979.149291992188 985.572265625 985.017333984375 984.824890136719 982.862731933594 989.551696777344 980.68115234375 976.280456542969 977.870971679688 978.059692382812 988.0517578125 981.268981933594 983.700317382812 982.602172851562 983.984741210938 985.9052734375
973.952270507812 973.2744140625 971.424865722656 965.423950195312 962.408081054688 969.640869140625 966.955810546875 967.583068847656 967.335510253906 964.3857421875 965.363159179688 963.372802734375 975.724426269531 971.824096679688 975.418823242188 971.016235351562 965.621276855469 964.780822753906 969.688171386719 972.126953125 965.831848144531 970.230529785156 971.209106445312 965.961242675781 968.726989746094 973.856689453125 968.875366210938 974.320495605469 967.974914550781 969.692932128906 973.705017089844 977.743286132812 978.576171875 977.010375976562 978.359802246094 981.935119628906 976.935119628906 978.981628417969 972.195983886719 982.0263671875 984.950012207031 977.823364257812 974.857543945312 974.413330078125 971.877624511719 980.388732910156
962.795776367188 973.931091308594 977.260559082031 970.365844726562 964.445556640625 964.979553222656 963.448059082031 962.148864746094 958.420471191406 961.808227539062 970.288513183594 970.223449707031 966.049987792969 966.71435546875 971.360717773438 969.822570800781 973.22119140625 970.176940917969 973.783569335938 973.83642578125 967.453796386719 968.99560546875 966.179565429688 975.120361328125 971.193786621094 979.44677734375 975.893859863281 966.724609375 963.773315429688 972.768249511719 976.409729003906 976.881713867188 969.442932128906 977.232116699219 976.799438476562 983.057739257812 979.465942382812 974.370788574219 973.715454101562 976.490051269531 984.255615234375 980.845825195312 975.048828125 976.219177246094 979.644775390625 977.519226074219
960.294555664062 974.063171386719 969.51513671875 973.058776855469 971.28271484375 961.460327148438 964.883605957031 955.821533203125 961.042419433594 951.83251953125 965.722778320312 970.330749511719 959.570373535156 963.506469726562 968.7041015625 966.303833007812 976.545593261719 973.904357910156 968.77587890625 972.556762695312 972.648376464844 970.388000488281 967.918273925781 965.986022949219 963.63916015625 957.015747070312 964.028747558594 967.341552734375 965.926330566406 960.7861328125 972.810974121094 975.53369140625 972.584167480469 971.374389648438 975.558837890625 971.985534667969 971.592163085938 977.874084472656 976.890625 978.91259765625 976.249694824219 977.590698242188 973.615905761719 972.748107910156 975.78759765625 979.173156738281
954.479797363281 963.423889160156 968.487365722656 963.010314941406 975.096435546875 971.393310546875 970.871032714844 964.681030273438 956.650695800781 954.6533203125 964.167724609375 962.741149902344 966.681335449219 968.571411132812 972.289245605469 965.631530761719 972.143371582031 968.61865234375 969.787780761719 968.796569824219 972.359313964844 967.358825683594 970.552429199219 974.654418945312 964.308410644531 961.854187011719 961.744384765625 965.059143066406 969.906127929688 977.039855957031 971.155334472656 970.246459960938 974.175354003906 971.674621582031 969.270874023438 971.425048828125 974.050842285156 969.9912109375 966.898864746094 966.576293945312 970.477355957031 983.768005371094 973.389709472656 970.924987792969 968.341674804688 985.693298339844
950.368896484375 958.970031738281 966.213806152344 964.192932128906 971.644470214844 962.821044921875 964.572387695312 965.905212402344 973.185546875 976.889221191406 968.863952636719 965.007141113281 976.375 966.15234375 955.525207519531 959.374206542969 964.195983886719 965.47216796875 979.826782226562 970.116333007812 971.058288574219 960.227355957031 955.779907226562 954.753784179688 963.387390136719 961.322875976562 962.224792480469 967.113098144531 966.785400390625 971.7724609375 967.267639160156 963.633239746094 965.092834472656 955.589965820312 969.96142578125 974.292358398438 971.001831054688 970.577453613281 979.579284667969 970.319152832031 970.170104980469 971.98193359375 977.56982421875 962.995971679688 971.638488769531 974.728149414062
947.881042480469 950.687133789062 961.819274902344 966.668395996094 963.197082519531 962.184631347656 967.108154296875 963.224182128906 972.520629882812 974.419738769531 969.005187988281 968.838684082031 964.796630859375 963.084350585938 965.030883789062 966.837768554688 956.946350097656 963.384765625 970.931213378906 965.625915527344 962.345703125 960.054504394531 952.7021484375 958.229858398438 960.836181640625 968.212585449219 961.14453125 962.097229003906 967.539611816406 969.250793457031 973.639587402344 960.755981445312 963.332946777344 965.528076171875 972.673828125 975.837646484375 972.3994140625 969.061157226562 968.715881347656 962.406982421875 971.728698730469 969.523315429688 973.321411132812 970.505065917969 974.051086425781 969.494812011719
951.710998535156 956.127868652344 966.646606445312 964.947631835938 967.3505859375 970.469116210938 960.005615234375 968.705383300781 964.355529785156 966.028259277344 970.657836914062 968.979553222656 964.33154296875 963.683044433594 963.256774902344 970.667663574219 966.779663085938 965.977722167969 961.432189941406 964.681030273438 961.233642578125 964.709716796875 954.890991210938 958.9423828125 959.64404296875 964.754333496094 966.154296875 966.222473144531 972.754760742188 965.742431640625 965.985595703125 960.991455078125 958.213623046875 959.63623046875 971.091735839844 973.371765136719 967.761779785156 965.779663085938 970.408264160156 970.597961425781 974.182067871094 974.005432128906 972.100158691406 976.299438476562 971.7275390625 966.346801757812
959.297302246094 964.151000976562 968.247985839844 963.219665527344 963.099731445312 963.855651855469 971.00244140625 967.638854980469 963.537841796875 960.906555175781 961.879577636719 968.907775878906 969.622680664062 966.901000976562 957.827392578125 966.721374511719 956.929809570312 965.335754394531 965.665832519531 964.436828613281 967.132751464844 964.090026855469 964.468383789062 961.667663574219 963.699401855469 968.246765136719 964.760986328125 964.215881347656 969.373901367188 956.948852539062 962.021850585938 956.874572753906 962.919982910156 967.525146484375 968.603637695312 969.84716796875 970.203125 970.414184570312 974.081298828125 970.332946777344 971.143005371094 969.620666503906 970.942687988281 962.768493652344 971.859802246094 964.373352050781
962.239990234375 956.352233886719 959.463684082031 960.619934082031 951.730712890625 959.983947753906 967.557250976562 960.09228515625 964.697509765625 961.128845214844 972.161437988281 972.919250488281 962.90576171875 962.9736328125 957.059509277344 964.20263671875 963.490112304688 961.134094238281 955.983154296875 960.005004882812 962.055908203125 963.127136230469 961.399597167969 953.577941894531 958.951721191406 964.099426269531 959.353271484375 967.575805664062 968.290405273438 970.606262207031 966.315002441406 956.111206054688 961.798706054688 967.260803222656 963.234924316406 964.65576171875 966.256713867188 966.290344238281 967.243896484375 975.01904296875 979.364929199219 976.751708984375 965.949279785156 964.244934082031 972.022216796875 966.792724609375
951.533813476562 948.519958496094 956.818664550781 947.060791015625 946.202453613281 954.434326171875 962.259216308594 968.376647949219 965.874633789062 967.710388183594 965.24658203125 965.492980957031 964.328979492188 961.355529785156 955.652893066406 954.658874511719 961.910278320312 952.755676269531 962.109191894531 965.475463867188 960.831176757812 964.003356933594 953.692138671875 954.601806640625 959.80859375 960.659362792969 963.826965332031 969.134338378906 963.601501464844 965.157653808594 965.339416503906 958.129272460938 964.878295898438 971.800537109375 970.970397949219 966.039978027344 963.407470703125 951.604553222656 964.768432617188 969.762939453125 975.856750488281 976.352172851562 974.962341308594 969.690612792969 979.461608886719 970.652465820312
958.452941894531 949.999145507812 945.081848144531 951.411865234375 957.326904296875 956.694641113281 958.361755371094 962.1611328125 958.123840332031 963.106140136719 968.228210449219 964.449401855469 964.240600585938 956.914978027344 957.4453125 960.112731933594 964.05517578125 956.743347167969 956.39306640625 956.248840332031 951.815979003906 958.658142089844 954.471984863281 950.369995117188 961.606506347656 964.790222167969 958.357360839844 969.460327148438 964.700012207031 963.567810058594 958.257446289062 959.7626953125 963.950073242188 968.225219726562 970.394409179688 963.300720214844 958.71044921875 956.828674316406 961.802001953125 960.674682617188 962.439270019531 965.159484863281 974.134704589844 975.314758300781 974.506225585938 977.271301269531
959.148132324219 951.276672363281 947.26904296875 946.970886230469 953.466369628906 957.341186523438 957.983581542969 954.661010742188 958.478271484375 955.928466796875 962.365295410156 956.110656738281 966.194458007812 953.1103515625 956.603271484375 962.663513183594 958.05810546875 958.267944335938 955.698669433594 959.031372070312 961.099670410156 953.859741210938 959.898864746094 955.584655761719 961.192138671875 959.563110351562 960.043823242188 962.994506835938 957.390686035156 959.621826171875 957.922424316406 965.826782226562 959.861572265625 960.852966308594 965.770629882812 969.030639648438 951.192749023438 954.873352050781 953.282470703125 956.923645019531 955.94970703125 961.234924316406 964.238830566406 969.865600585938 968.220947265625 979.504760742188
962.32421875 952.522277832031 949.965270996094 952.556091308594 959.66943359375 964.723205566406 958.899475097656 950.180786132812 957.401733398438 959.213134765625 959.899719238281 959.504272460938 961.252075195312 957.327758789062 954.052001953125 955.5087890625 958.509521484375 956.157836914062 952.833740234375 966.037109375 956.874755859375 957.603210449219 952.237731933594 955.636169433594 963.436889648438 960.045776367188 951.177978515625 956.569396972656 956.635803222656 960.728454589844 959.78173828125 957.269287109375 964.667602539062 961.787841796875 961.200805664062 959.952026367188 950.57275390625 954.698364257812 953.474792480469 956.954345703125 951.892639160156 962.782348632812 954.938720703125 964.290588378906 969.453979492188 978.193786621094
954.013793945312 944.902221679688 951.108459472656 952.533386230469 954.262329101562 964.759216308594 966.4072265625 952.207092285156 951.909851074219 958.770812988281 956.225952148438 957.420471191406 966.408020019531 954.659973144531 960.020568847656 964.744323730469 965.7255859375 954.8037109375 961.549377441406 958.488952636719 958.337524414062 952.2919921875 953.511535644531 955.141967773438 955.361022949219 954.676025390625 950.308288574219 960.164794921875 953.609924316406 959.962768554688 954.085327148438 962.087463378906 964.365844726562 962.112365722656 963.603881835938 961.556335449219 961.306884765625 962.127136230469 962.520935058594 962.88330078125 959.298278808594 968.288513183594 961.271301269531 965.294494628906 970.634765625 974.634765625
946.747131347656 950.899230957031 951.624145507812 951.89599609375 955.286010742188 957.469299316406 954.714477539062 961.088195800781 950.623718261719 962.045471191406 953.76318359375 954.988525390625 961.34326171875 957.5888671875 955.869995117188 959.339782714844 949.759704589844 950.125244140625 957.899963378906 960.875305175781 968.069396972656 967.393371582031 960.243041992188 953.585632324219 942.179382324219 955.992614746094 958.775451660156 958.986938476562 955.459411621094 960.668273925781 965.543395996094 967.457092285156 976.16748046875 960.294616699219 963.207214355469 951.563903808594 959.441467285156 964.504699707031 963.193359375 963.791015625 965.469665527344 959.670654296875 957.162963867188 967.233642578125 970.553527832031 967.484985351562
955.724365234375 943.134155273438 953.459350585938 955.246032714844 958.937194824219 950.427612304688 951.446044921875 956.478210449219 958.557739257812 957.470397949219 952.703063964844 953.339599609375 950.878723144531 957.410888671875 959.437255859375 963.647827148438 956.670349121094 953.578369140625 963.431213378906 955.749694824219 966.283447265625 964.386169433594 971.050170898438 956.002380371094 949.444580078125 955.524047851562 959.653686523438 965.737609863281 960.580200195312 958.531982421875 968.460632324219 968.726501464844 972.066162109375 960.523010253906 960.598876953125 951.016723632812 957.60302734375 972.383666992188 965.679443359375 963.216857910156 964.683959960938 959.052124023438 951.602783203125 976.360656738281 972.713073730469 974.451049804688
956.64501953125 955.737121582031 954.759582519531 950.840148925781 952.419860839844 952.452270507812 948.43310546875 950.235229492188 951.59716796875 948.926452636719 958.321838378906 954.2490234375 959.398681640625 958.599182128906 959.584533691406 956.549987792969 952.928161621094 958.815368652344 964.099243164062 965.151062011719 960.644592285156 963.321655273438 957.8115234375 954.864929199219 953.919372558594 950.648315429688 960.034362792969 968.53857421875 961.8759765625 960.337707519531 967.503845214844 968.974975585938 967.53564453125 969.314208984375 971.904907226562 957.577514648438 962.8154296875 966.563232421875 972.421752929688 961.467224121094 962.603881835938 960.85107421875 957.434448242188 968.446533203125 969.084594726562 969.589416503906
