data/zlatibor_dem_simulations/DEMsim24.asc
NCOLS 150
NROWS 100
XLLCORNER 7394249
YLLCORNER 4841999
CELLSIZE 30
NODATA_VALUE -9999
[rows 80 to 99 of 100, columns 46 to 91 of 150]
1011.46435546875 1000.06024169922 997.888793945312 995.178833007812 995.121276855469 998.269653320312 1004.72216796875 1004.75616455078 988.658142089844 986.239807128906 991.847534179688 994.699462890625 986.471435546875 984.643676757812 985.368713378906 979.16650390625 972.104064941406 971.795349121094 971.004943847656 983.572021484375 978.034606933594 978.63232421875 980.277893066406 982.123474121094 990.168090820312 984.338806152344 992.746887207031 998.91064453125 993.404968261719 992.116394042969 997.359191894531 1004.01818847656 998.427429199219 998.8662109375 1006.85345458984 1007.13684082031 1010.841796875 1020.71118164062 1013.91424560547 1005.08959960938 1002.20703125 998.029113769531 999.799682617188 995.5009765625 992.581359863281 991.152160644531
1009.58929443359 1014.11657714844 1007.66186523438 993.232482910156 991.625732421875 993.475341796875 1003.98791503906 997.883361816406 984.749328613281 988.874877929688 990.357360839844 997.682006835938 987.420654296875 984.963745117188 977.46142578125 983.739013671875 983.544616699219 977.629516601562 975.640441894531 980.922302246094 975.649291992188 968.701538085938 971.762451171875 979.4345703125 984.588012695312 989.221374511719 991.787048339844 994.978088378906 998.133422851562 993.228576660156 988.957946777344 997.606567382812 1005.51177978516 999.503845214844 1001.05865478516 1008.53192138672 1006.28527832031 1012.14093017578 1003.12451171875 1003.51458740234 1008.75726318359 1004.28057861328 1005.12200927734 994.258972167969 996.206420898438 1004.39349365234
1011.392578125 1010.87390136719 1002.76055908203 997.210327148438 1000.01696777344 999.812255859375 1000.85198974609 997.006591796875 987.928100585938 987.122192382812 985.207275390625 989.331665039062 990.833374023438 986.140380859375 977.213928222656 977.022888183594 980.334594726562 975.414001464844 971.185546875 975.161010742188 976.469848632812 977.635192871094 984.047912597656 984.631408691406 994.510070800781 990.869812011719 986.652526855469 988.013488769531 988.287963867188 993.935729980469 1000.29577636719 998.346496582031 1005.91467285156 1002.45941162109 1002.66809082031 1008.38659667969 1007.56182861328 1011.14904785156 1007.56378173828 1005.66253662109 997.589660644531 1003.90557861328 1006.18969726562 1006.21179199219 997.410583496094 1001.54187011719
1012.33911132812 1007.47399902344 999.513427734375 1001.9169921875 992.96484375 991.713623046875 986.419006347656 994.995422363281 985.760803222656 984.611022949219 983.980407714844 988.072570800781 979.344421386719 979.097351074219 984.414428710938 985.378784179688 976.856567382812 980.455139160156 975.464538574219 987.404724121094 979.297180175781 980.665588378906 987.615844726562 981.80517578125 983.997436523438 980.729125976562 986.764587402344 986.87060546875 986.358764648438 988.782287597656 991.965454101562 1000.23370361328 1003.71282958984 994.86767578125 997.796875 995.186645507812 994.49169921875 1003.064453125 1002.41284179688 1003.54815673828 1006.44769287109 1000.09387207031 1002.56353759766 999.585693359375 992.196899414062 1003.16339111328
999.633056640625 997.259033203125 998.705322265625 995.761352539062 995.898742675781 998.118957519531 988.305358886719 982.145141601562 988.294616699219 985.002685546875 992.284545898438 985.755615234375 984.186950683594 986.80810546875 985.413269042969 983.56201171875 980.244750976562 988.11376953125 975.777893066406 982.226806640625 976.582824707031 981.261108398438 987.499389648438 988.063049316406 982.284790039062 986.132995605469 992.813842773438 996.828552246094 991.005249023438 992.325073242188 989.612365722656 999.879821777344 1005.11810302734 997.747985839844 996.76318359375 989.052490234375 991.8134765625 996.905700683594 994.369750976562 995.906311035156 1005.38073730469 1008.21948242188 1013.11053466797 1007.98413085938 996.453125 999.452697753906
997.010986328125 1001.55578613281 996.005004882812 991.416687011719 998.7978515625 1001.65991210938 996.744323730469 998.791625976562 1001.35571289062 992.330322265625 986.859375 981.981506347656 992.685607910156 996.573425292969 981.954040527344 983.357360839844 981.511962890625 973.757202148438 979.460693359375 982.237670898438 981.319580078125 987.364135742188 987.809509277344 988.213989257812 988.852416992188 997.393249511719 989.910400390625 989.809020996094 985.077392578125 993.823486328125 988.423706054688 994.058837890625 1001.83795166016 998.190246582031 996.705078125 995.898864746094 988.562805175781 987.923522949219 990.1337890625 999.199523925781 1008.48834228516 1011.89208984375 1018.68579101562 1007.30822753906 1002.36450195312 1005.9453125
992.503845214844 1001.41760253906 993.217407226562 989.760375976562 999.679260253906 997.743591308594 1000.28234863281 995.021301269531 1006.62481689453 998.215881347656 988.283996582031 996.57421875 998.682189941406 996.094604492188 987.914123535156 988.599182128906 985.621032714844 984.313659667969 981.190246582031 989.541870117188 992.958923339844 990.885864257812 991.90234375 989.702575683594 990.182861328125 991.264343261719 996.676879882812 988.238464355469 979.33447265625 991.002990722656 995.841369628906 992.766235351562 995.540832519531 993.115051269531 997.711791992188 993.008666992188 983.835021972656 990.074279785156 997.355895996094 1004.44146728516 998.642272949219 1014.35205078125 1024.87097167969 1012.02770996094 1004.39025878906 998.149597167969
997.505126953125 991.133728027344 996.099365234375 990.492858886719 986.030822753906 1002.06774902344 1002.79223632812 1000.0458984375 1000.26403808594 992.022338867188 999.367858886719 996.97705078125 1000.32250976562 1004.51629638672 1004.65344238281 995.48046875 986.987426757812 986.852111816406 992.928161621094 1002.78930664062 989.52294921875 996.310180664062 990.098999023438 989.013427734375 984.901428222656 988.610656738281 991.252624511719 983.581787109375 992.835388183594 990.749450683594 994.816284179688 992.36279296875 993.719482421875 997.175598144531 992.913940429688 986.976806640625 987.67919921875 993.651062011719 1007.97344970703 1010.4462890625 1011.36389160156 1018.24359130859 1008.43817138672 1002.55853271484 1006.46405029297 1001.04833984375
990.383728027344 996.761291503906 993.38330078125 992.530212402344 989.582885742188 1002.32641601562 998.356018066406 993.321166992188 995.971923828125 995.407775878906 1000.53125 1004.42864990234 1001.67224121094 1002.31286621094 994.465576171875 993.088562011719 1002.76110839844 998.817321777344 992.852111816406 984.857482910156 989.026306152344 988.568115234375 990.264282226562 991.417419433594 989.421142578125 989.884521484375 979.668823242188 981.723022460938 992.285888671875 995.263732910156 1001.81884765625 1003.71801757812 990.4326171875 989.931884765625 992.772521972656 993.742736816406 997.116027832031 1003.5166015625 1004.01342773438 1007.98284912109 1015.64038085938 1007.16827392578 1011.22491455078 1002.73675537109 1011.48968505859 1003.67919921875
983.071105957031 988.751281738281 990.357055664062 995.295654296875 995.471862792969 1000.60595703125 995.664855957031 999.75830078125 1002.18389892578 1002.93676757812 1000.65112304688 1015.13208007812 1005.54113769531 1000.10803222656 990.828735351562 1005.5068359375 1003.47790527344 1002.90533447266 999.705261230469 994.392517089844 992.404052734375 1002.17706298828 1002.69763183594 986.278747558594 987.427551269531 993.941284179688 980.867797851562 984.49462890625 989.791870117188 997.375366210938 1005.44189453125 992.922058105469 981.232482910156 984.739807128906 987.331359863281 989.325744628906 991.643188476562 1005.30169677734 995.55615234375 1003.06585693359 1006.68829345703 1012.75592041016 1012.29229736328 1009.57916259766 1006.96032714844 1002.02838134766
979.173828125 985.043151855469 988.857482910156 988.903930664062 999.57177734375 1004.39001464844 1000.01348876953 1007.76232910156 1016.74609375 1007.83996582031 1010.19049072266 1009.98181152344 1004.77459716797 1004.15570068359 997.967407226562 1006.560546875 1015.75079345703 1008.32012939453 998.825012207031 1006.04614257812 997.192993164062 988.948364257812 990.269836425781 989.599914550781 987.746459960938 993.517517089844 994.223815917969 983.376953125 992.360290527344 996.264404296875 1002.20983886719 993.534301757812 976.773742675781 985.24951171875 991.023071289062 992.964904785156 993.946166992188 994.40283203125 999.165649414062 999.53955078125 1005.89337158203 1006.861328125 1009.94427490234 1012.77270507812 1011.58831787109 1008.36755371094
975.974304199219 980.153930664062 983.868469238281 983.726257324219 993.786010742188 1006.85443115234 1013.44598388672 1015.76544189453 1009.82934570312 1008.97064208984 1008.74340820312 1010.50170898438 1005.45977783203 1012.95892333984 1008.27313232422 1010.57006835938 1011.87957763672 1010.80871582031 1007.49114990234 1003.70690917969 998.950744628906 990.236633300781 997.303405761719 991.722534179688 990.244812011719 984.094055175781 984.173034667969 993.631164550781 997.518981933594 1000.458984375 1006.1171875 999.5068359375 992.103515625 996.825439453125 987.861999511719 990.0185546875 998.914367675781 1006.56805419922 998.775695800781 998.705749511719 1000.36767578125 1013.68182373047 1014.06518554688 1007.78833007812 1018.10662841797 1011.72100830078
969.349426269531 975.078002929688 974.822265625 982.253540039062 987.900085449219 997.927490234375 1001.49359130859 1007.50091552734 1004.07568359375 1003.91876220703 1006.57360839844 1009.03607177734 1014.08459472656 1019.2412109375 1021.98651123047 1014.44689941406 1013.18450927734 1009.28179931641 1011.85760498047 999.369445800781 998.859558105469 1002.80670166016 999.803833007812 996.359313964844 1001.16168212891 995.172546386719 993.83447265625 995.603576660156 1000.84869384766 1001.25665283203 1005.88549804688 1004.69128417969 998.765808105469 1000.13409423828 995.00390625 990.076416015625 990.764587402344 1003.86248779297 1002.57336425781 1008.07611083984 1010.849609375 1009.94818115234 1009.50311279297 1011.63513183594 1015.71185302734 1016.68756103516
976.799560546875 974.50390625 984.068908691406 985.942626953125 982.444213867188 989.606384277344 1001.89587402344 1000.76135253906 999.219116210938 1001.0087890625 1002.35845947266 1005.8994140625 1009.91290283203 1013.17163085938 1025.56896972656 1023.37902832031 1017.47125244141 1018.79022216797 1014.81994628906 1013.15881347656 1008.50024414062 1004.87261962891 1004.49353027344 1005.43475341797 996.904602050781 998.131103515625 998.155395507812 1000.41540527344 1001.93084716797 999.287841796875 1000.90777587891 1001.56915283203 1002.67126464844 997.180419921875 992.7470703125 993.439758300781 992.002807617188 994.031005859375 1009.06243896484 1005.41662597656 1007.70983886719 1012.46954345703 1008.21801757812 1009.92199707031 1008.25372314453 1001.34252929688
968.537414550781 982.166809082031 984.457824707031 985.473876953125 989.188537597656 987.489196777344 998.064392089844 1001.07629394531 998.693359375 994.799926757812 1000.05950927734 1004.67883300781 1008.64404296875 1014.81164550781 1006.86492919922 1013.17004394531 1014.36877441406 1017.82098388672 1023.92309570312 1013.88671875 1014.04376220703 1008.32000732422 1008.59844970703 1006.83062744141 1003.72973632812 1001.91644287109 997.377197265625 999.985168457031 998.859497070312 995.197082519531 995.720825195312 1004.00701904297 1010.44073486328 1001.59191894531 997.463256835938 992.286437988281 993.610656738281 998.721984863281 1006.89477539062 1017.53057861328 1007.19342041016 1008.03314208984 1009.11199951172 1007.63494873047 1000.81683349609 1006.77569580078
974.615173339844 977.846740722656 980.642578125 981.852416992188 988.069213867188 998.525329589844 994.007873535156 992.525817871094 989.570190429688 993.044067382812 996.021606445312 993.23046875 1002.69439697266 1006.02575683594 1005.61395263672 1004.14196777344 1025.42138671875 1022.40533447266 1017.47143554688 1009.27209472656 1010.85357666016 1012.25207519531 1010.83508300781 1017.78527832031 1013.74761962891 1014.76959228516 1001.64129638672 1009.23785400391 997.528503417969 995.717895507812 1001.48608398438 1004.44891357422 1006.62225341797 1000.20965576172 992.178649902344 998.634887695312 998.536071777344 1004.98760986328 1005.01965332031 1001.24041748047 996.382690429688 1000.74694824219 1005.37548828125 999.007385253906 996.300170898438 996.6494140625
974.164978027344 980.970153808594 984.67333984375 985.582336425781 981.115905761719 988.830627441406 991.942504882812 986.735473632812 988.568969726562 995.223571777344 994.761779785156 999.127014160156 1000.03436279297 1004.26574707031 1003.95391845703 1005.73181152344 1015.05328369141 1021.89245605469 1021.27398681641 1019.72430419922 1016.67181396484 1020.17010498047 1024.65344238281 1019.75866699219 1014.99975585938 1017.38952636719 1010.22650146484 1010.96148681641 1003.72216796875 1003.68426513672 1006.09204101562 1005.69085693359 1001.30340576172 990.642028808594 995.939697265625 1009.53387451172 1010.41607666016 1008.15301513672 1003.32751464844 999.938110351562 996.27685546875 1003.85382080078 1002.65625 996.531433105469 998.818908691406 996.800903320312
967.451538085938 974.177734375 980.695983886719 980.310546875 985.144287109375 986.589721679688 989.533081054688 996.106323242188 992.824645996094 990.281555175781 992.582214355469 1003.35217285156 997.534851074219 997.862365722656 997.406677246094 1005.70794677734 1017.06982421875 1027.96545410156 1020.20202636719 1022.59661865234 1021.21014404297 1021.66882324219 1018.66705322266 1022.75152587891 1022.83428955078 1020.94592285156 1013.64855957031 1015.87371826172 1011.02270507812 1006.13934326172 1004.16204833984 1003.02227783203 994.568542480469 993.791259765625 1002.09710693359 1009.96569824219 1002.36962890625 1003.76330566406 1001.60565185547 1003.12408447266 1007.80200195312 1006.43243408203 1000.32562255859 999.560852050781 1004.56555175781 1004.06878662109
972.005554199219 976.865661621094 980.763061523438 976.820739746094 984.904296875 989.910827636719 991.969116210938 991.744506835938 992.115112304688 988.744812011719 989.755676269531 1001.63848876953 1002.13519287109 1002.89916992188 1009.73181152344 1008.35302734375 1017.41906738281 1022.95300292969 1022.49322509766 1027.45629882812 1019.12176513672 1026.45703125 1029.37414550781 1022.24481201172 1019.68463134766 1017.34039306641 1023.21990966797 1013.28186035156 1016.04272460938 1007.81646728516 1010.38934326172 998.314147949219 993.982849121094 1003.14776611328 999.512268066406 1009.37286376953 1008.04632568359 1005.92010498047 1007.33276367188 1000.72198486328 1006.46081542969 1004.37689208984 1001.59527587891 1007.11968994141 1010.56945800781 1013.88977050781
978.620910644531 975.713439941406 983.675720214844 984.409118652344 989.274841308594 998.140808105469 1008.12542724609 1000.74786376953 994.289123535156 991.241027832031 994.578430175781 996.069763183594 1004.65045166016 1006.12542724609 1007.51019287109 1007.26696777344 1008.23480224609 1020.46746826172 1019.83221435547 1025.52758789062 1027.91271972656 1027.85302734375 1029.94067382812 1025.91662597656 1012.37457275391 1027.65942382812 1025.49035644531 1021.75421142578 1011.04608154297 1013.27801513672 1013.90423583984 1006.01055908203 1003.65802001953 1001.17248535156 1003.07635498047 997.652038574219 993.715515136719 993.037841796875 1007.54663085938 1001.9033203125 1000.56768798828 1006.19244384766 1010.45764160156 1014.02508544922 1009.94049072266 1015.29278564453
