data/zlatibor_dem_simulations/DEMsim42.asc
NCOLS 150
NROWS 100
XLLCORNER 7394249
YLLCORNER 4841999
CELLSIZE 30
NODATA_VALUE -9999
[rows 60 to 79 of 100, columns 0 to 45 of 150]
955.767944335938 949.214111328125 962.357116699219 968.15673828125 971.592529296875 968.8349609375 974.804992675781 974.001708984375 970.302978515625 970.901489257812 965.486877441406 957.03515625 962.732421875 964.535278320312 959.936584472656 965.3408203125 968.804504394531 956.243469238281 956.06787109375 959.675659179688 961.03662109375 954.736633300781 947.706848144531 956.485046386719 958.856140136719 955.463317871094 956.870361328125 943.478759765625 947.6025390625 952.2470703125 955.92041015625 951.258544921875 952.408264160156 955.584716796875 951.443054199219 955.342102050781 953.760498046875 954.766052246094 954.04052734375 958.952453613281 964.443603515625 960.689086914062 953.468017578125 954.048706054688 944.047424316406 950.932373046875
954.820434570312 955.908081054688 958.573913574219 956.869201660156 966.236022949219 971.189331054688 972.674682617188 973.442504882812 966.675964355469 963.080627441406 962.892272949219 963.184143066406 951.36767578125 955.775939941406 970.262939453125 961.205078125 960.393310546875 953.693969726562 955.624755859375 957.185974121094 951.53662109375 954.150634765625 951.022155761719 951.089050292969 950.532897949219 951.277404785156 955.534851074219 947.103942871094 943.214782714844 947.58984375 952.242614746094 955.434448242188 953.525390625 954.73828125 957.65234375 949.481079101562 946.798889160156 947.914245605469 951.896179199219 957.978088378906 957.802978515625 954.472717285156 945.902709960938 954.233215332031 952.652221679688 949.1748046875
965.301391601562 962.043090820312 959.897277832031 965.659729003906 970.533813476562 968.40625 958.98291015625 956.943176269531 960.726257324219 961.14501953125 960.256530761719 945.392639160156 940.086059570312 955.039794921875 960.664428710938 958.092895507812 955.657409667969 956.115112304688 949.952575683594 949.592834472656 947.951232910156 957.662719726562 949.806945800781 949.831298828125 950.274597167969 949.342712402344 957.630676269531 949.527282714844 947.487060546875 947.888793945312 950.413879394531 947.114501953125 945.802124023438 955.516235351562 948.057739257812 949.53662109375 944.810974121094 944.079345703125 945.720764160156 953.333923339844 964.585021972656 950.191711425781 948.873474121094 947.89208984375 948.741516113281 956.547485351562
964.800842285156 966.74951171875 962.480102539062 967.508361816406 967.913024902344 962.568664550781 952.486145019531 948.533325195312 964.052429199219 953.851867675781 956.020690917969 950.421142578125 946.012634277344 956.633361816406 954.085144042969 957.759704589844 952.857604980469 948.914794921875 945.599060058594 943.1796875 942.099426269531 945.361511230469 939.724487304688 942.203125 943.097351074219 954.707092285156 950.663208007812 953.943542480469 949.6201171875 941.817443847656 942.398010253906 935.915588378906 943.705627441406 951.088989257812 948.837463378906 946.518859863281 947.890380859375 944.769409179688 940.144287109375 955.868103027344 959.8203125 953.296630859375 951.437927246094 959.817016601562 963.060424804688 953.460388183594
959.231140136719 959.766052246094 956.024047851562 961.211303710938 962.818115234375 964.885803222656 953.342651367188 957.419311523438 955.240295410156 961.24072265625 956.482421875 948.518188476562 954.87060546875 948.032592773438 942.440551757812 947.719848632812 951.082946777344 950.438110351562 947.475280761719 938.995239257812 945.030517578125 944.184143066406 953.35400390625 944.819641113281 944.065734863281 945.345031738281 954.928466796875 951.019714355469 949.073120117188 932.727600097656 932.523620605469 940.569274902344 944.661499023438 954.883728027344 952.687438964844 949.398071289062 952.085998535156 962.452697753906 959.431762695312 965.681091308594 964.325439453125 965.043579101562 960.579895019531 960.331909179688 955.877502441406 958.226989746094
956.043212890625 954.714294433594 952.337707519531 958.890808105469 961.589477539062 956.421325683594 959.228820800781 952.908996582031 957.385192871094 953.652465820312 944.765869140625 946.266784667969 944.258972167969 943.842468261719 939.143615722656 943.696411132812 948.303649902344 943.439086914062 945.454833984375 949.963195800781 951.457824707031 948.642395019531 948.924560546875 942.156127929688 945.1728515625 949.051513671875 945.885620117188 937.102172851562 941.934631347656 935.949584960938 930.674072265625 934.956787109375 941.655212402344 948.039855957031 944.242492675781 951.025512695312 960.981201171875 958.165405273438 964.584350585938 962.198852539062 961.635498046875 960.423034667969 964.385925292969 962.073486328125 959.764709472656 954.225708007812
955.017944335938 944.689270019531 955.413940429688 954.083251953125 959.058715820312 954.376770019531 952.606201171875 945.383911132812 954.511962890625 944.088989257812 941.222778320312 944.134033203125 939.734985351562 944.234741210938 953.892822265625 946.951354980469 950.56640625 946.843017578125 945.462768554688 946.979797363281 947.486511230469 946.354675292969 949.021362304688 948.115600585938 948.669189453125 946.60986328125 943.413940429688 942.230041503906 944.851989746094 937.843566894531 937.412170410156 939.872314453125 944.246765136719 942.790466308594 944.725158691406 954.322082519531 949.857055664062 958.737426757812 967.970031738281 956.081787109375 955.276245117188 957.468566894531 962.119750976562 962.755432128906 952.905517578125 955.328308105469
951.649291992188 950.643737792969 949.653198242188 951.448547363281 943.159362792969 947.004272460938 948.67333984375 945.746032714844 941.802978515625 934.51171875 932.461608886719 940.174560546875 939.132019042969 942.690979003906 954.833557128906 961.377685546875 960.380065917969 958.173767089844 957.026977539062 953.840881347656 942.589294433594 943.451782226562 948.852478027344 952.64990234375 940.654846191406 938.958679199219 951.636901855469 944.272766113281 943.844360351562 938.687072753906 945.4677734375 938.261535644531 940.644348144531 946.833251953125 953.048461914062 954.089111328125 961.156433105469 953.824401855469 960.206970214844 958.602600097656 964.226440429688 961.829040527344 950.901062011719 954.895935058594 961.631652832031 963.537414550781
952.445922851562 950.583190917969 944.393981933594 950.179992675781 944.979125976562 949.716552734375 939.422790527344 944.590515136719 945.291076660156 933.711120605469 933.999328613281 934.729187011719 938.082275390625 940.367309570312 950.081237792969 967.808288574219 968.549194335938 961.564880371094 945.748596191406 956.001403808594 946.52685546875 953.589172363281 957.539855957031 948.039428710938 952.160095214844 942.656372070312 945.542297363281 950.544128417969 950.399169921875 950.629699707031 957.805908203125 953.087951660156 952.874084472656 955.614624023438 952.648986816406 955.16455078125 955.312133789062 961.901428222656 970.720886230469 960.446655273438 965.723876953125 971.967956542969 953.494079589844 960.133117675781 969.785217285156 973.292175292969
954.230590820312 947.446533203125 946.6982421875 950.235778808594 946.541870117188 942.850769042969 947.133728027344 936.828247070312 940.679443359375 934.952880859375 936.691345214844 939.796264648438 953.016967773438 949.739135742188 956.852783203125 968.550537109375 967.7734375 963.041625976562 956.571960449219 958.888977050781 961.412231445312 963.164001464844 955.926391601562 948.884155273438 952.810607910156 954.801574707031 961.909484863281 952.680358886719 947.964416503906 952.764770507812 959.609985351562 957.687377929688 955.38525390625 958.364135742188 956.129760742188 958.007690429688 961.766418457031 959.720092773438 961.269836425781 964.951232910156 965.2041015625 961.851745605469 966.208557128906 968.108459472656 976.268249511719 977.4638671875
951.136047363281 952.737060546875 948.664733886719 950.515747070312 940.759521484375 950.427917480469 945.428100585938 936.826721191406 938.030029296875 938.028259277344 938.676147460938 944.716674804688 959.180297851562 961.168579101562 958.853393554688 958.452819824219 971.3896484375 966.087768554688 965.518859863281 967.244140625 976.058532714844 978.629699707031 975.271667480469 959.725036621094 960.739868164062 968.356689453125 971.101013183594 961.240661621094 950.391357421875 952.084350585938 957.861755371094 963.055236816406 954.322998046875 955.155700683594 968.587585449219 965.977905273438 961.602478027344 962.340576171875 959.498046875 967.126342773438 976.400573730469 974.391418457031 966.651489257812 971.685546875 973.436706542969 983.582458496094
946.771240234375 951.290771484375 944.364318847656 943.360290527344 945.038208007812 953.044799804688 945.13134765625 939.527770996094 946.768615722656 939.293579101562 940.611267089844 944.443420410156 956.549072265625 962.288208007812 961.643188476562 962.041198730469 975.854675292969 981.18212890625 980.497619628906 976.926513671875 985.556762695312 985.074645996094 979.162292480469 968.312316894531 966.866333007812 972.824035644531 983.140380859375 969.790161132812 966.333251953125 961.940246582031 965.035766601562 973.233093261719 969.455261230469 971.7080078125 975.802917480469 974.23974609375 969.6103515625 974.377502441406 965.1455078125 974.773193359375 981.696655273438 983.332763671875 974.515625 973.182983398438 978.7548828125 989.171142578125
950.12890625 941.634216308594 942.642761230469 944.570556640625 946.163757324219 944.927490234375 948.755798339844 938.160339355469 944.426391601562 940.850646972656 952.200134277344 955.225952148438 968.857971191406 970.786804199219 974.949096679688 964.298645019531 974.164916992188 973.438537597656 981.544799804688 980.437927246094 984.468200683594 975.716003417969 979.709655761719 974.796752929688 977.819458007812 982.381164550781 979.393249511719 973.971618652344 969.060363769531 977.402709960938 975.367370605469 975.679809570312 971.929809570312 976.95947265625 978.2890625 982.400634765625 978.554565429688 974.058654785156 973.219665527344 975.029052734375 976.90234375 981.159484863281 982.247009277344 981.561157226562 984.131958007812 991.285949707031
938.083801269531 932.843200683594 934.30712890625 936.702697753906 930.194763183594 940.250061035156 933.495239257812 938.033020019531 947.103332519531 952.097473144531 954.035278320312 962.356506347656 971.931945800781 976.003295898438 979.9853515625 980.348327636719 981.671813964844 981.227722167969 984.083679199219 981.338256835938 983.827880859375 983.431457519531 976.324951171875 988.29248046875 987.130432128906 986.276184082031 979.237487792969 971.751953125 973.823791503906 975.097106933594 981.459533691406 977.59912109375 967.824951171875 978.441589355469 982.176635742188 981.148193359375 980.083740234375 977.008544921875 976.771057128906 980.948852539062 983.278076171875 981.652770996094 980.6689453125 980.805114746094 989.69580078125 999.249389648438
929.228759765625 919.706237792969 927.674621582031 935.193237304688 930.695373535156 934.989013671875 938.185852050781 938.140808105469 948.119079589844 953.620178222656 954.907043457031 962.515502929688 971.989013671875 977.212646484375 978.813415527344 977.139343261719 992.665588378906 988.49462890625 986.321960449219 984.114990234375 977.569274902344 981.5478515625 982.293823242188 987.638732910156 984.784912109375 993.48583984375 985.936706542969 972.930725097656 974.535888671875 970.932678222656 969.030578613281 973.798767089844 969.270263671875 971.972595214844 980.073852539062 975.345642089844 979.845153808594 973.456787109375 980.689758300781 987.083618164062 996.661987304688 994.712524414062 989.699279785156 995.485229492188 1002.900390625 1001.66394042969
920.325378417969 925.876708984375 931.423461914062 931.442077636719 932.79541015625 939.492492675781 938.158386230469 935.097351074219 941.930541992188 956.426208496094 973.247253417969 966.646484375 971.963012695312 973.616455078125 978.765319824219 977.682250976562 989.499572753906 988.308654785156 992.350708007812 987.648193359375 984.881652832031 987.712036132812 991.216003417969 978.09375 980.857849121094 987.561340332031 984.766174316406 974.471252441406 966.868896484375 964.364196777344 978.266296386719 974.451354980469 972.204223632812 978.305053710938 977.43359375 987.211730957031 987.000366210938 983.638427734375 995.790771484375 1000.65814208984 1008.84051513672 1002.52490234375 999.763244628906 999.032104492188 1009.70379638672 1006.89801025391
925.360473632812 927.4990234375 934.893371582031 937.950561523438 937.2509765625 941.534484863281 942.793823242188 937.230712890625 947.754821777344 951.968566894531 962.847045898438 959.545043945312 963.314819335938 971.96826171875 981.614196777344 977.741333007812 988.418090820312 996.837280273438 998.99169921875 995.522888183594 988.830017089844 988.693176269531 989.594421386719 978.434936523438 982.527404785156 981.3818359375 980.253356933594 978.08740234375 976.031372070312 972.481750488281 974.810241699219 976.136535644531 984.491271972656 983.486755371094 980.842956542969 974.978637695312 988.545166015625 1003.19616699219 1001.52142333984 1006.21795654297 1011.32562255859 1016.53588867188 1010.43481445312 1008.73626708984 1008.01196289062 1007.28668212891
933.169799804688 937.444152832031 936.369445800781 936.593505859375 939.391174316406 943.529846191406 946.329833984375 946.07861328125 937.624938964844 942.674499511719 958.459411621094 963.135986328125 968.251403808594 977.571533203125 987.9697265625 979.584655761719 989.070373535156 1003.33941650391 1000.97998046875 998.339660644531 991.2470703125 991.339294433594 993.3505859375 995.866821289062 981.01806640625 984.802551269531 982.811096191406 977.981689453125 988.956115722656 989.819213867188 979.198608398438 980.021911621094 975.7841796875 986.55224609375 981.883911132812 980.988586425781 992.509887695312 1007.63507080078 1005.51611328125 1011.41326904297 1009.71154785156 1014.78131103516 1010.78479003906 1009.18695068359 1012.36712646484 1006.56463623047
938.938903808594 935.7626953125 932.712646484375 940.164001464844 941.2822265625 941.448913574219 946.977416992188 938.674865722656 951.114501953125 950.925354003906 961.14990234375 967.376403808594 971.041137695312 974.966369628906 979.168762207031 981.046569824219 983.513122558594 993.318542480469 996.047668457031 990.918212890625 989.382446289062 991.36474609375 992.798889160156 997.554077148438 986.213745117188 986.823547363281 988.393310546875 976.883239746094 984.611938476562 993.43798828125 984.532775878906 980.294799804688 977.245239257812 983.027770996094 987.117492675781 989.310241699219 994.703369140625 1003.89489746094 1007.50250244141 1002.79876708984 1002.80267333984 1004.24633789062 1005.41802978516 1015.26037597656 1010.69732666016 1013.61004638672
939.404113769531 945.369995117188 938.18798828125 949.55126953125 945.177001953125 942.219970703125 939.248291015625 943.223022460938 945.085754394531 961.831115722656 964.530090332031 976.18798828125 974.941955566406 978.018432617188 978.359680175781 978.238708496094 981.771362304688 986.982421875 996.757385253906 983.362731933594 983.660827636719 986.281799316406 990.052368164062 998.111694335938 994.88037109375 994.278381347656 988.771911621094 983.469604492188 983.411682128906 986.591796875 985.526672363281 979.916809082031 974.171264648438 981.770202636719 989.066772460938 993.182800292969 996.85546875 1000.52325439453 1002.185546875 997.143798828125 998.995300292969 1002.90515136719 1010.26123046875 1006.0302734375 1016.82604980469 1018.22198486328
