data/zlatibor_dem_simulations/DEMsim51.asc
NCOLS 150
NROWS 100
XLLCORNER 7394249
YLLCORNER 4841999
CELLSIZE 30
NODATA_VALUE -9999
[rows 40 to 59 of 100, columns 92 to 137 of 150]
1007.94866943359 1003.51684570312 998.194030761719 994.529296875 984.81884765625 990.360473632812 988.41162109375 988.567687988281 977.538024902344 983.289916992188 989.404602050781 997.420776367188 1000.71734619141 1001.59399414062 1000.89892578125 1001.76092529297 993.846313476562 998.225158691406 995.220764160156 996.121154785156 999.231140136719 997.666442871094 990.368469238281 993.284973144531 994.216064453125 998.141845703125 999.471923828125 992.970153808594 990.624267578125 1000.47540283203 1004.16638183594 997.671569824219 999.160034179688 1012.77258300781 1013.98529052734 1013.68597412109 1025.93139648438 1025.267578125 1031.041015625 1036.8623046875 1041.96435546875 1050.95849609375 1051.35314941406 1053.79736328125 1046.97448730469 1051.82739257812
1000.58087158203 998.014343261719 999.314086914062 995.285949707031 985.265686035156 980.938232421875 981.073059082031 976.812927246094 979.68505859375 989.427917480469 989.574035644531 995.6171875 992.979675292969 987.135681152344 989.884826660156 995.119079589844 997.152099609375 995.474853515625 994.076049804688 999.67626953125 993.627990722656 993.827758789062 993.91259765625 996.973815917969 990.453796386719 996.53125 994.857116699219 989.287170410156 990.3701171875 999.370239257812 1003.28167724609 997.728881835938 1001.48870849609 1018.98150634766 1022.56311035156 1020.26959228516 1022.30645751953 1022.63946533203 1026.30993652344 1035.60925292969 1048.26538085938 1053.69775390625 1051.08947753906 1046.41040039062 1059.74584960938 1061.51879882812
996.515686035156 1002.11090087891 989.089904785156 995.227355957031 979.112121582031 972.75146484375 981.411804199219 975.203491210938 979.421325683594 982.589172363281 986.123352050781 983.365295410156 987.187683105469 981.50048828125 996.50439453125 992.137756347656 995.272399902344 996.887084960938 993.103393554688 994.95751953125 986.772583007812 989.310913085938 989.164306640625 984.334167480469 991.845336914062 982.86767578125 989.148315429688 993.152404785156 998.866027832031 999.310302734375 1001.30615234375 1010.41613769531 1017.17852783203 1021.57531738281 1021.37341308594 1027.19873046875 1028.00048828125 1032.82958984375 1032.45751953125 1038.31555175781 1050.55639648438 1063.22985839844 1049.93139648438 1057.5078125 1060.9521484375 1073.94677734375
995.513610839844 993.736083984375 990.459045410156 990.69091796875 982.407592773438 984.606994628906 974.9580078125 977.379821777344 979.541564941406 979.258239746094 979.411071777344 977.02490234375 976.859191894531 978.728393554688 983.435607910156 984.170471191406 983.517578125 986.846557617188 990.388488769531 989.116577148438 991.741394042969 982.307189941406 982.106323242188 989.187072753906 997.064453125 1003.76379394531 992.707885742188 992.467712402344 990.855895996094 995.387573242188 1002.72564697266 1003.47143554688 1008.76672363281 1020.916015625 1028.81726074219 1027.32678222656 1033.77453613281 1038.14282226562 1037.91870117188 1043.91943359375 1048.78967285156 1059.07751464844 1061.11987304688 1063.72912597656 1066.00842285156 1072.04968261719
992.293090820312 990.671752929688 993.96875 982.857116699219 982.347412109375 982.763610839844 974.47314453125 979.953979492188 976.755310058594 972.382995605469 971.551025390625 978.479553222656 974.525939941406 981.935668945312 981.220336914062 979.601806640625 985.991821289062 994.460388183594 996.141845703125 999.085388183594 994.317321777344 987.881225585938 993.341003417969 995.934265136719 1001.87170410156 1001.05694580078 1000.73614501953 996.399536132812 990.714111328125 996.625061035156 992.640686035156 1001.28839111328 1004.37023925781 1016.30706787109 1022.03576660156 1038.951171875 1042.54907226562 1049.36572265625 1040.62963867188 1043.138671875 1061.41967773438 1060.08923339844 1070.06115722656 1072.76110839844 1071.0576171875 1082.79040527344
984.681396484375 987.914428710938 985.945678710938 986.525634765625 984.196594238281 982.452087402344 979.703186035156 978.735534667969 971.004089355469 966.109130859375 965.166870117188 978.5908203125 985.86572265625 989.332153320312 980.497497558594 983.661254882812 991.064697265625 993.703491210938 999.543518066406 1000.68359375 1004.00524902344 995.029846191406 993.692321777344 1004.47515869141 1008.64819335938 1004.77874755859 995.17822265625 998.262878417969 993.224487304688 998.394104003906 997.453552246094 1001.70635986328 1007.67547607422 1021.97662353516 1034.5576171875 1043.26770019531 1046.61242675781 1042.73059082031 1040.45935058594 1057.96398925781 1066.44677734375 1070.2841796875 1072.00378417969 1073.58972167969 1079.33508300781 1083.46472167969
975.641235351562 984.641845703125 978.570068359375 979.93408203125 977.994812011719 980.3603515625 985.989074707031 983.702758789062 971.650573730469 965.435607910156 968.761108398438 981.07861328125 995.853088378906 986.774841308594 985.638000488281 987.423522949219 992.706420898438 993.487731933594 999.090515136719 1005.58093261719 1006.97857666016 1003.00982666016 1001.01995849609 1003.82507324219 1006.61578369141 1011.74468994141 1003.34313964844 1003.34881591797 995.500427246094 1004.17510986328 1002.48077392578 1007.41906738281 1009.25024414062 1019.62530517578 1036.85046386719 1038.83996582031 1034.87365722656 1040.31604003906 1049.2607421875 1062.23522949219 1070.28820800781 1080.04650878906 1079.59558105469 1077.51208496094 1098.08203125 1091.54064941406
977.967529296875 978.853088378906 977.955383300781 981.893920898438 980.617858886719 980.142395019531 977.932556152344 974.109985351562 970.34912109375 971.873046875 968.99072265625 983.614501953125 987.853942871094 988.678466796875 989.849975585938 994.606567382812 992.532592773438 1002.33776855469 1001.0400390625 1003.5439453125 1011.40795898438 1009.62640380859 1009.68487548828 1010.33648681641 1002.00616455078 1008.91583251953 1002.05908203125 1005.25189208984 998.882690429688 999.990417480469 1005.34899902344 1005.53289794922 1016.55065917969 1026.75854492188 1038.39379882812 1039.98229980469 1040.6435546875 1044.97509765625 1057.216796875 1069.72509765625 1085.65380859375 1084.35168457031 1085.72387695312 1084.75256347656 1099.54443359375 1095.60815429688
974.822143554688 980.05078125 986.65380859375 984.077392578125 980.154968261719 975.578735351562 975.694580078125 980.734741210938 975.942016601562 978.523559570312 983.351135253906 982.966552734375 979.723083496094 998.9345703125 994.361328125 990.536193847656 987.350036621094 1001.81262207031 1006.51300048828 1014.38336181641 1010.55676269531 1002.9228515625 1004.72698974609 1011.25189208984 1004.21612548828 1006.72570800781 1006.783203125 1006.96075439453 999.037048339844 1003.45764160156 1013.49499511719 1015.02838134766 1014.17938232422 1026.85070800781 1040.07299804688 1041.85729980469 1052.06909179688 1055.42687988281 1071.61901855469 1088.22326660156 1095.32104492188 1093.69396972656 1095.67492675781 1098.28881835938 1112.15234375 1101.94140625
969.693115234375 976.705505371094 975.163452148438 976.29248046875 980.566040039062 981.957946777344 973.24755859375 980.620666503906 975.181030273438 978.347839355469 988.565612792969 985.166931152344 987.04541015625 991.837524414062 994.314331054688 989.820983886719 991.161193847656 992.896057128906 1012.94116210938 1006.7236328125 1001.31616210938 994.122924804688 1004.36511230469 1005.15350341797 1002.17077636719 1008.29125976562 1008.58703613281 1004.47064208984 1002.73950195312 1002.33020019531 1008.47021484375 1020.59320068359 1017.74957275391 1033.322265625 1043.06628417969 1038.54699707031 1047.103515625 1056.51672363281 1080.45568847656 1101.15368652344 1094.71166992188 1093.90051269531 1090.68920898438 1105.72863769531 1103.99719238281 1099.17785644531
971.916198730469 976.84814453125 973.3447265625 981.00244140625 973.919921875 973.049377441406 975.932434082031 975.131103515625 980.457458496094 979.680297851562 983.991760253906 977.988464355469 979.99169921875 983.502502441406 989.482238769531 988.554321289062 989.336303710938 983.923217773438 991.164794921875 996.178527832031 1002.5595703125 998.712890625 999.382202148438 1010.94158935547 1017.23565673828 1012.55487060547 1013.05676269531 1012.05725097656 1007.66760253906 1008.61096191406 1015.85363769531 1018.38653564453 1031.68981933594 1033.71716308594 1043.21813964844 1047.05749511719 1046.73046875 1056.41174316406 1069.07434082031 1080.28637695312 1088.93371582031 1092.787109375 1094.76220703125 1098.92456054688 1102.82006835938 1094.29516601562
976.554382324219 979.627319335938 987.268005371094 978.8515625 971.332458496094 974.76513671875 974.07080078125 976.336364746094 975.466552734375 977.778869628906 975.16259765625 978.176635742188 974.036499023438 977.616821289062 986.108154296875 986.32080078125 991.992797851562 986.239074707031 994.96484375 995.26708984375 1003.97595214844 1002.54327392578 1003.53588867188 1004.09368896484 1004.96197509766 1008.53344726562 1018.76605224609 1017.77136230469 1017.9501953125 1014.17791748047 1013.578125 1024.42248535156 1031.53930664062 1042.26245117188 1047.537109375 1042.70971679688 1042.74670410156 1049.73706054688 1056.86706542969 1066.38549804688 1071.16149902344 1084.1484375 1091.77294921875 1098.64709472656 1106.29272460938 1099.46545410156
972.171936035156 971.140808105469 978.616577148438 972.55224609375 973.765380859375 970.253723144531 973.070373535156 976.154602050781 975.439392089844 974.601501464844 974.743835449219 979.349853515625 977.526184082031 980.449157714844 988.776123046875 987.693115234375 989.037170410156 982.315002441406 993.365844726562 1001.06872558594 995.537292480469 1007.01788330078 1001.00482177734 998.693237304688 1007.99169921875 1002.35571289062 1009.24884033203 1016.45910644531 1015.03900146484 1009.32861328125 1006.84246826172 1016.26611328125 1026.64880371094 1038.26379394531 1044.22595214844 1044.74926757812 1050.70202636719 1052.80688476562 1054.77722167969 1080.16455078125 1080.63525390625 1081.716796875 1084.38818359375 1091.13159179688 1098.41052246094 1095.03125
970.445617675781 972.770751953125 970.3271484375 971.189758300781 971.68408203125 968.513061523438 954.625427246094 970.481689453125 972.173400878906 970.633850097656 971.552917480469 977.931030273438 984.395324707031 974.583984375 977.554748535156 984.894714355469 985.198669433594 986.363220214844 995.293151855469 998.511535644531 1001.95037841797 1011.61462402344 1006.82000732422 1012.13812255859 1006.08001708984 1001.322265625 1006.42321777344 1008.98663330078 1014.11773681641 1008.02716064453 1001.88861083984 1018.357421875 1026.47778320312 1041.79809570312 1041.60620117188 1036.22937011719 1038.24584960938 1053.95837402344 1056.43469238281 1067.82800292969 1077.14318847656 1070.23937988281 1081.14758300781 1090.66320800781 1090.08654785156 1089.13854980469
968.617858886719 975.894958496094 969.259399414062 973.596313476562 968.257385253906 965.255493164062 968.480895996094 963.593078613281 969.42919921875 976.212219238281 970.760437011719 974.567199707031 975.814636230469 973.683715820312 975.628845214844 982.538696289062 983.180786132812 979.063049316406 987.919677734375 1001.09027099609 1004.46002197266 1002.28540039062 1003.22918701172 1005.03900146484 998.174499511719 1000.38861083984 1014.27557373047 1008.51806640625 1008.76251220703 1011.60943603516 1018.17413330078 1021.64068603516 1028.86010742188 1033.60375976562 1033.70007324219 1032.1435546875 1035.54272460938 1050.08483886719 1059.03918457031 1067.3310546875 1062.68872070312 1068.67126464844 1075.13720703125 1082.85693359375 1091.00524902344 1090.15051269531
965.421630859375 964.095703125 968.1123046875 961.018310546875 960.916320800781 967.890930175781 965.6201171875 970.24169921875 978.084228515625 978.860778808594 977.839111328125 976.016906738281 977.460327148438 979.041076660156 980.940612792969 975.297668457031 980.635314941406 984.499572753906 985.042175292969 999.744079589844 996.341796875 999.2919921875 997.917297363281 1001.54058837891 1002.94421386719 1001.39050292969 1008.63732910156 1008.23187255859 1002.84808349609 1010.7021484375 1024.24011230469 1023.1298828125 1024.14611816406 1024.06750488281 1030.83288574219 1021.76702880859 1026.78039550781 1050.23400878906 1052.98510742188 1059.72570800781 1051.94921875 1066.74304199219 1074.24768066406 1073.9970703125 1086.87426757812 1083.54077148438
963.187194824219 957.7626953125 961.927551269531 962.177490234375 961.020874023438 973.464538574219 970.390625 969.7080078125 978.128356933594 984.89892578125 979.915588378906 981.875915527344 983.12548828125 983.675903320312 977.774597167969 967.039611816406 980.588684082031 988.336303710938 990.680786132812 991.059387207031 997.261962890625 990.734130859375 981.022644042969 990.240173339844 999.91552734375 1008.396484375 1003.97241210938 1002.21881103516 1009.44134521484 1010.80725097656 1007.44110107422 1022.62725830078 1019.32348632812 1024.17272949219 1020.73120117188 1029.50610351562 1034.20874023438 1045.77917480469 1052.73303222656 1056.05151367188 1060.29296875 1061.69873046875 1071.01293945312 1083.66979980469 1089.4462890625 1080.70715332031
958.635009765625 957.800659179688 957.241943359375 972.01806640625 965.613525390625 980.888671875 983.003051757812 982.055358886719 982.430786132812 987.644836425781 987.30810546875 987.707702636719 993.986083984375 990.293029785156 985.587646484375 977.630554199219 976.392333984375 985.131896972656 981.964721679688 994.618469238281 997.422729492188 988.62939453125 988.743286132812 991.870788574219 992.674987792969 995.984313964844 1016.75439453125 1007.33508300781 999.086669921875 1012.72259521484 1004.30883789062 1014.42407226562 1024.10290527344 1022.28765869141 1016.28564453125 1022.24572753906 1029.5693359375 1049.61535644531 1054.04650878906 1051.00744628906 1050.24584960938 1056.01953125 1060.12707519531 1082.76538085938 1082.12292480469 1078.88891601562
969.685302734375 969.033996582031 966.929016113281 980.2666015625 972.363830566406 966.499084472656 974.899353027344 984.22900390625 979.998596191406 985.310607910156 985.353454589844 982.728515625 995.663635253906 993.662658691406 989.754760742188 989.557312011719 992.600158691406 996.11767578125 995.721008300781 997.13916015625 996.666259765625 991.379821777344 990.59423828125 996.837707519531 993.171142578125 1000.99780273438 1003.22302246094 1010.42651367188 998.169860839844 999.629699707031 1003.83093261719 1018.94598388672 1024.57543945312 1028.96765136719 1027.74829101562 1033.66625976562 1036.67578125 1051.11303710938 1052.28979492188 1044.07800292969 1047.07751464844 1053.88830566406 1070.60095214844 1078.94274902344 1082.69372558594 1074.91320800781
967.21337890625 974.107543945312 969.924255371094 972.126647949219 973.71923828125 970.879943847656 972.845825195312 970.64013671875 980.184997558594 988.057189941406 981.878601074219 991.098205566406 995.657409667969 1001.38305664062 994.803955078125 993.812744140625 999.08642578125 1001.82525634766 994.953491210938 994.726318359375 988.710205078125 995.403747558594 1001.00103759766 1013.50854492188 1005.95941162109 1001.58813476562 1001.84185791016 1005.88262939453 1002.1103515625 1002.81610107422 1004.84405517578 1012.11248779297 1022.30419921875 1018.96551513672 1020.01623535156 1028.61608886719 1040.08020019531 1049.94812011719 1044.30725097656 1047.05993652344 1043.89819335938 1056.49462890625 1062.13342285156 1065.44006347656 1064.80615234375 1061.54370117188
