data/zlatibor_dem_simulations/DEMsim89.asc
NCOLS 150
NROWS 100
XLLCORNER 7394249
YLLCORNER 4841999
CELLSIZE 30
NODATA_VALUE -9999
[rows 60 to 79 of 100, columns 0 to 45 of 150]
970.329467773438 959.71435546875 965.989685058594 978.334411621094 974.575561523438 970.585266113281 969.439697265625 982.778747558594 976.372619628906 959.888000488281 954.908752441406 954.628356933594 958.243225097656 969.747436523438 964.4267578125 958.865539550781 966.041931152344 952.208129882812 956.647216796875 960.43994140625 956.088256835938 963.625366210938 963.614196777344 961.321960449219 958.952941894531 959.637939453125 960.990905761719 951.651428222656 955.983276367188 957.682861328125 957.061706542969 948.403625488281 953.567199707031 952.081665039062 949.685546875 959.048278808594 958.101501464844 943.682983398438 950.034423828125 958.25537109375 951.883239746094 950.7236328125 955.295288085938 954.141174316406 947.218078613281 957.180786132812
956.52880859375 964.226440429688 972.388427734375 968.394592285156 974.882202148438 970.921447753906 968.914306640625 969.07958984375 966.977355957031 966.413757324219 955.552429199219 954.713623046875 954.422302246094 960.743774414062 954.458312988281 960.109191894531 957.064514160156 954.455139160156 958.287170410156 954.101135253906 952.423950195312 958.991333007812 961.749145507812 959.294006347656 953.725830078125 955.219665527344 954.7041015625 950.171813964844 948.86328125 953.160583496094 954.336242675781 951.268920898438 954.818542480469 953.778015136719 954.659973144531 954.618774414062 948.219177246094 944.316467285156 951.914428710938 948.068908691406 942.644897460938 950.005187988281 953.118408203125 953.100952148438 954.871154785156 958.529724121094
957.307739257812 953.888610839844 963.918273925781 964.998046875 970.975524902344 961.591186523438 951.881652832031 958.954711914062 958.085327148438 956.953247070312 967.426452636719 956.71630859375 952.362731933594 944.222473144531 950.976318359375 953.100891113281 949.538269042969 940.401306152344 948.062438964844 951.666625976562 949.0546875 957.045532226562 956.15625 956.110168457031 951.217224121094 953.018188476562 952.568603515625 952.79150390625 946.754028320312 948.192932128906 946.324096679688 950.712158203125 952.438354492188 950.370056152344 954.298645019531 946.556030273438 949.798095703125 957.376342773438 945.256652832031 948.817810058594 944.578002929688 949.261413574219 952.707153320312 958.546875 962.010986328125 962.901916503906
958.124694824219 957.18505859375 956.921203613281 962.867919921875 963.992309570312 957.652038574219 958.614868164062 959.0927734375 960.585205078125 957.124877929688 959.64306640625 948.097717285156 948.257995605469 948.575012207031 945.921203613281 949.768005371094 945.857116699219 938.150329589844 940.237976074219 945.884155273438 944.464782714844 946.869750976562 945.730712890625 953.057861328125 954.709228515625 952.308410644531 954.291931152344 950.840942382812 944.646484375 944.166137695312 948.557678222656 946.266906738281 941.4755859375 954.712829589844 952.306457519531 944.849914550781 942.357666015625 955.217407226562 955.198852539062 950.486999511719 952.357421875 952.036376953125 956.102966308594 957.138427734375 957.447326660156 960.387268066406
959.588195800781 947.385864257812 956.552429199219 963.771667480469 957.61962890625 961.375732421875 956.867858886719 957.057983398438 956.109252929688 958.5234375 946.624816894531 948.50927734375 952.274963378906 949.511657714844 950.504577636719 946.744812011719 941.350524902344 935.91943359375 935.7802734375 938.760498046875 947.39697265625 946.583557128906 947.243530273438 949.598388671875 954.268249511719 951.889343261719 957.337585449219 943.711364746094 947.505187988281 948.189025878906 951.222900390625 949.164184570312 943.674926757812 941.828491210938 943.950866699219 943.705383300781 947.46875 955.853210449219 948.838928222656 945.997985839844 951.538940429688 953.008911132812 962.937133789062 967.881896972656 957.843994140625 963.516174316406
952.616638183594 947.913269042969 946.293090820312 948.572814941406 960.582214355469 960.747497558594 955.335144042969 949.921936035156 943.939819335938 952.605651855469 950.566833496094 943.382995605469 936.27685546875 948.201904296875 944.375854492188 950.380187988281 935.959899902344 935.806335449219 938.400024414062 939.479614257812 943.41162109375 940.965270996094 944.441101074219 951.974060058594 945.891418457031 951.7490234375 942.412780761719 953.389709472656 948.754272460938 947.3359375 946.449096679688 960.606140136719 954.174987792969 944.510192871094 943.228393554688 944.947021484375 945.593566894531 947.639526367188 953.310668945312 950.785827636719 947.938049316406 958.686096191406 966.380981445312 964.785034179688 958.281860351562 960.93310546875
955.325317382812 947.859252929688 949.5126953125 956.285583496094 949.952758789062 955.65380859375 943.372985839844 944.290161132812 942.001892089844 941.181701660156 939.883605957031 941.763488769531 945.517944335938 943.869445800781 941.334655761719 950.769165039062 941.6708984375 935.664245605469 934.879089355469 945.331176757812 952.467590332031 941.285278320312 949.93017578125 946.458984375 951.951110839844 945.199279785156 941.794372558594 951.440002441406 954.274169921875 950.010009765625 954.686157226562 951.293395996094 950.93701171875 948.011596679688 948.471801757812 951.845825195312 950.535522460938 951.820007324219 952.859252929688 959.494079589844 953.096130371094 958.997253417969 959.9501953125 956.193603515625 957.5869140625 964.699951171875
950.759704589844 952.737548828125 950.10693359375 951.69384765625 958.729064941406 954.536926269531 942.641784667969 942.054504394531 949.18310546875 937.824829101562 937.536254882812 942.397033691406 936.581909179688 942.440246582031 941.357116699219 945.409851074219 945.087280273438 943.079162597656 945.519409179688 944.826721191406 949.585266113281 948.521118164062 947.433959960938 954.992736816406 953.960754394531 946.857788085938 948.246887207031 950.92431640625 950.637878417969 947.771911621094 955.118896484375 964.154602050781 953.259216308594 948.253295898438 945.470397949219 951.043762207031 959.389282226562 961.208618164062 951.607360839844 957.579711914062 953.537536621094 958.297485351562 959.27587890625 960.855285644531 960.525451660156 958.722473144531
948.574401855469 949.196716308594 952.333557128906 948.851867675781 956.209777832031 953.194763183594 943.607788085938 946.264282226562 952.869567871094 947.861694335938 953.496398925781 948.284790039062 943.302917480469 935.5478515625 942.945556640625 949.154541015625 954.457458496094 953.653198242188 958.925903320312 949.168579101562 945.168579101562 955.657348632812 951.317932128906 946.059936523438 946.627563476562 944.774291992188 944.615905761719 948.932861328125 949.293029785156 953.017272949219 951.495544433594 954.669555664062 953.078002929688 940.4775390625 943.761169433594 955.815002441406 960.824523925781 957.422607421875 962.412231445312 952.863830566406 953.527587890625 954.945983886719 959.601135253906 961.308410644531 967.899353027344 969.462219238281
949.454040527344 945.38232421875 949.154296875 946.060546875 946.965209960938 951.099975585938 938.773376464844 943.359191894531 949.830871582031 950.081665039062 951.633239746094 950.447143554688 938.576904296875 947.254699707031 952.729125976562 955.771789550781 949.728759765625 963.673034667969 962.786926269531 961.710327148438 946.90966796875 946.964111328125 945.502807617188 950.388793945312 950.031005859375 954.031494140625 952.3935546875 949.992248535156 949.250549316406 948.318542480469 955.618347167969 950.778991699219 953.373840332031 949.593383789062 958.157043457031 960.959533691406 955.391418457031 953.971923828125 964.156677246094 955.658264160156 954.797241210938 961.52392578125 971.002502441406 981.410339355469 973.699279785156 972.138000488281
949.1845703125 951.978332519531 951.712829589844 948.569213867188 943.973327636719 943.665832519531 932.186767578125 936.742004394531 940.686401367188 940.091064453125 946.130310058594 944.012939453125 952.734008789062 959.090454101562 957.657592773438 963.695739746094 964.241149902344 959.322143554688 971.75537109375 966.582397460938 952.40283203125 947.360046386719 953.792907714844 955.698791503906 956.508544921875 958.954528808594 962.25927734375 951.901245117188 953.048095703125 961.270568847656 950.675048828125 950.76904296875 958.066528320312 958.45068359375 959.910827636719 962.370666503906 957.478515625 956.371154785156 956.444763183594 959.097839355469 958.764343261719 966.787353515625 974.943481445312 983.259216308594 980.724487304688 990.0244140625
953.256469726562 949.013427734375 950.570739746094 941.139770507812 941.985778808594 929.626708984375 931.441772460938 929.644470214844 930.42041015625 932.158630371094 947.154602050781 957.158203125 969.380310058594 967.153869628906 968.873718261719 972.863037109375 976.9541015625 972.952209472656 970.03662109375 962.555114746094 965.086975097656 961.487976074219 953.407592773438 955.031860351562 952.642456054688 960.996398925781 963.297973632812 957.768859863281 955.656799316406 961.211669921875 956.767883300781 965.078308105469 967.423400878906 968.764465332031 973.998046875 978.654113769531 971.920349121094 965.162231445312 962.229187011719 963.270812988281 961.8515625 964.013061523438 964.664245605469 992.2412109375 991.832275390625 985.933776855469
940.20751953125 938.121398925781 947.316711425781 936.440979003906 932.182434082031 923.924072265625 938.263671875 937.460144042969 945.313903808594 940.842712402344 949.05810546875 957.963989257812 964.216674804688 963.961853027344 978.216247558594 982.761962890625 976.042358398438 971.431396484375 973.725158691406 972.204528808594 970.254516601562 963.774230957031 962.28271484375 960.657653808594 950.677978515625 957.94970703125 965.123657226562 963.210876464844 959.019409179688 963.379760742188 968.368835449219 970.385986328125 973.532104492188 978.387451171875 986.198669433594 984.713012695312 985.774536132812 984.862060546875 975.426635742188 977.175598144531 976.234985351562 967.760498046875 969.552124023438 986.106323242188 990.779235839844 986.48095703125
935.125671386719 931.528747558594 937.014709472656 936.948425292969 940.801635742188 929.319763183594 934.65673828125 937.3203125 942.046752929688 948.94873046875 952.255126953125 954.665466308594 967.522094726562 977.705627441406 981.30224609375 977.956604003906 973.380981445312 974.9482421875 966.548095703125 976.041931152344 969.742248535156 962.761047363281 957.571166992188 959.757385253906 961.165832519531 962.655700683594 966.913513183594 967.210693359375 961.278259277344 964.042236328125 978.312072753906 987.207763671875 978.853820800781 979.414245605469 988.748352050781 986.292846679688 990.755493164062 991.657592773438 997.750305175781 979.79638671875 978.231323242188 977.05712890625 986.025573730469 997.882141113281 985.743957519531 995.511962890625
934.493286132812 928.96435546875 926.377258300781 935.905151367188 940.307067871094 941.433288574219 935.226440429688 952.289978027344 954.070922851562 951.121459960938 953.350708007812 956.689514160156 966.917175292969 982.978393554688 982.376098632812 981.469177246094 976.249328613281 977.838073730469 969.200927734375 968.597839355469 976.050170898438 970.242553710938 970.164245605469 964.434204101562 973.002563476562 969.68359375 960.024353027344 960.38623046875 963.400939941406 967.138488769531 977.178283691406 988.132263183594 990.509033203125 987.779724121094 985.14208984375 994.760925292969 991.577880859375 1001.22509765625 993.161193847656 985.275207519531 974.2978515625 976.408630371094 987.854370117188 996.903503417969 1000.76647949219 1002.70770263672
939.877624511719 940.492614746094 935.588439941406 936.304809570312 939.184143066406 940.248962402344 934.917907714844 956.607299804688 960.829345703125 955.731018066406 944.169372558594 958.693054199219 968.204040527344 979.914733886719 967.216857910156 975.013488769531 982.234069824219 975.0361328125 975.387145996094 976.983520507812 980.8603515625 974.845581054688 977.438781738281 978.510559082031 980.938842773438 966.848449707031 966.782592773438 959.952331542969 965.058959960938 973.478698730469 976.278198242188 984.021911621094 989.335998535156 985.334655761719 986.511047363281 995.217163085938 1000.37261962891 995.588500976562 996.489135742188 990.405029296875 981.040283203125 986.873779296875 989.842651367188 996.049499511719 1015.07403564453 1017.06958007812
939.595947265625 942.985229492188 937.937255859375 936.726806640625 940.369140625 938.00341796875 942.387390136719 955.828491210938 957.144958496094 953.054870605469 954.605102539062 958.563171386719 970.856994628906 972.697814941406 974.893798828125 973.325439453125 982.266906738281 974.683715820312 975.679931640625 990.115051269531 986.755065917969 985.0888671875 995.515686035156 982.064270019531 984.112609863281 970.785522460938 965.859497070312 972.74755859375 982.286804199219 977.993347167969 973.567687988281 983.897888183594 987.838989257812 981.608032226562 984.264892578125 992.467102050781 996.070068359375 1000.56433105469 994.426086425781 987.473937988281 989.408996582031 992.977355957031 1000.56518554688 1008.11682128906 1014.35559082031 1016.82525634766
942.851684570312 948.635620117188 948.530334472656 930.575988769531 928.778686523438 938.142883300781 944.87744140625 953.687866210938 961.062683105469 963.422119140625 958.699951171875 964.333923339844 959.502502441406 970.045837402344 966.029541015625 971.713134765625 982.231567382812 985.000305175781 986.325012207031 991.13916015625 995.483337402344 991.109985351562 992.211242675781 992.659729003906 986.067687988281 981.534484863281 969.509826660156 978.498107910156 976.974975585938 974.516723632812 971.582885742188 982.549865722656 982.298278808594 986.11376953125 983.501770019531 985.1142578125 989.786376953125 996.133361816406 982.958068847656 993.463928222656 994.492797851562 1005.46942138672 1010.78234863281 1010.58251953125 1011.26373291016 1010.30694580078
941.614379882812 950.67529296875 949.5546875 945.442077636719 934.319580078125 934.851806640625 944.216613769531 955.584777832031 969.258483886719 968.044616699219 961.328979492188 974.936828613281 974.203796386719 975.123657226562 976.478698730469 985.843566894531 985.794006347656 983.199890136719 987.859313964844 990.965026855469 994.155090332031 990.432861328125 990.490051269531 992.627868652344 986.299865722656 982.615234375 976.498962402344 965.740295410156 968.750854492188 977.707153320312 968.666931152344 976.778930664062 984.326843261719 988.364196777344 976.28564453125 976.482543945312 986.297424316406 991.3056640625 996.175109863281 999.492980957031 1004.3115234375 1003.97015380859 1009.41961669922 1002.76068115234 1016.66290283203 1013.48638916016
955.222839355469 963.227844238281 949.237976074219 940.997314453125 934.379516601562 936.103759765625 936.105651855469 959.1044921875 962.337951660156 965.442077636719 966.986877441406 982.351623535156 979.370544433594 972.922241210938 975.589660644531 985.685302734375 979.859252929688 980.539855957031 992.66650390625 991.162414550781 994.858581542969 994.28076171875 992.833374023438 978.973022460938 985.501098632812 982.667297363281 974.221008300781 970.911437988281 975.203369140625 977.500427246094 977.73583984375 984.817138671875 988.647888183594 983.182922363281 987.407165527344 983.071838378906 979.723999023438 983.12060546875 982.981018066406 989.577941894531 1001.39215087891 1000.87054443359 1000.12237548828 1004.73803710938 1014.59704589844 1013.171875
