data/zlatibor_dem_simulations/DEMsim78 (1).asc
NCOLS 150
NROWS 100
XLLCORNER 7394249
YLLCORNER 4841999
CELLSIZE 30
NODATA_VALUE -9999
[rows 60 to 79 of 100, columns 46 to 91 of 150]
951.960021972656 958.211975097656 950.903991699219 948.760925292969 950.91162109375 953.691162109375 953.742980957031 950.524169921875 958.59521484375 951.911560058594 959.889404296875 968.094909667969 965.582702636719 961.08056640625 961.695922851562 952.423278808594 960.472351074219 958.521362304688 966.812194824219 960.651916503906 964.069152832031 962.475830078125 961.91845703125 956.469421386719 967.121520996094 958.240844726562 954.046936035156 962.027282714844 971.412170410156 963.536376953125 966.069763183594 963.912414550781 961.681823730469 965.370178222656 967.244201660156 977.790710449219 980.290710449219 981.321228027344 977.273803710938 977.121276855469 968.672241210938 964.999755859375 960.056945800781 955.63671875 968.833679199219 963.858825683594
951.806762695312 952.960510253906 954.406494140625 942.659301757812 953.979858398438 963.850219726562 948.972534179688 954.338195800781 953.244445800781 951.133666992188 960.805053710938 964.899780273438 969.240905761719 969.477722167969 957.906127929688 955.668029785156 957.045654296875 965.13330078125 969.77099609375 964.246154785156 958.588256835938 959.404418945312 957.815063476562 959.725036621094 969.140502929688 969.503234863281 966.810546875 968.44287109375 972.684814453125 970.78173828125 972.555114746094 973.350158691406 964.0830078125 964.920959472656 966.64013671875 980.695434570312 983.6552734375 978.023193359375 970.118041992188 968.640197753906 973.407409667969 971.371276855469 966.591552734375 969.572082519531 980.367736816406 970.78955078125
957.426879882812 953.353759765625 953.444763183594 954.378356933594 952.485229492188 952.949768066406 949.554077148438 955.205993652344 956.681701660156 961.785278320312 965.398071289062 975.331787109375 967.229675292969 965.889709472656 966.032592773438 961.355712890625 966.101257324219 968.770874023438 967.83740234375 960.619201660156 957.095581054688 960.746520996094 968.678405761719 964.068786621094 970.053100585938 968.784484863281 969.487670898438 967.287048339844 970.098754882812 974.498901367188 972.118286132812 971.652282714844 968.320068359375 970.829406738281 969.051391601562 979.196960449219 976.29638671875 982.129760742188 971.306762695312 977.016479492188 983.956787109375 970.860595703125 967.338439941406 975.402282714844 973.341674804688 970.448974609375
963.714172363281 973.579711914062 969.178649902344 968.123962402344 958.468627929688 957.59716796875 961.305297851562 960.80517578125 957.648864746094 961.128356933594 961.839599609375 965.550903320312 969.024658203125 971.450378417969 965.617492675781 966.958435058594 963.387756347656 967.996643066406 965.340270996094 962.802490234375 961.544799804688 962.398620605469 970.893310546875 969.431762695312 974.646423339844 969.235534667969 967.962707519531 968.552062988281 967.015625 968.119567871094 972.813293457031 967.14697265625 968.08349609375 958.475463867188 971.565002441406 970.678833007812 981.146728515625 976.667602539062 980.432556152344 983.0576171875 980.706115722656 977.18408203125 975.862915039062 982.53564453125 970.9560546875 967.989318847656
971.774169921875 970.143615722656 975.837219238281 977.277465820312 970.986267089844 975.834655761719 967.973266601562 964.797729492188 957.353332519531 965.061218261719 967.430969238281 966.730285644531 970.846496582031 969.055053710938 975.980834960938 971.555541992188 971.525329589844 969.720092773438 962.431030273438 966.693115234375 966.756652832031 967.126831054688 971.912536621094 974.188171386719 980.427856445312 964.748718261719 977.837097167969 974.065002441406 968.753540039062 970.083557128906 971.391235351562 970.589599609375 965.532043457031 971.527465820312 971.202758789062 976.026550292969 977.521667480469 980.405151367188 974.059692382812 975.23046875 975.753112792969 972.650207519531 976.3759765625 971.792053222656 979.271545410156 968.680969238281
976.692321777344 971.547973632812 973.9677734375 974.440795898438 978.820373535156 978.450134277344 973.032165527344 970.15966796875 966.494934082031 972.184204101562 965.722351074219 963.309936523438 968.341369628906 967.202331542969 973.207946777344 970.0234375 966.136413574219 969.636352539062 966.340637207031 967.344543457031 970.206970214844 965.515197753906 978.241455078125 976.511535644531 975.837219238281 971.326538085938 982.855895996094 980.023376464844 979.376342773438 985.678405761719 973.116821289062 969.897094726562 973.441101074219 973.330932617188 976.221252441406 975.494140625 976.395446777344 977.815307617188 977.263549804688 974.067565917969 976.61328125 975.855285644531 969.634033203125 975.895629882812 981.300048828125 974.872985839844
979.106262207031 977.922668457031 977.640075683594 972.745666503906 970.552001953125 979.661743164062 980.865356445312 976.607421875 972.195434570312 961.334106445312 967.508361816406 960.69775390625 974.007568359375 978.757751464844 972.372253417969 975.185424804688 971.63037109375 966.877380371094 973.058288574219 967.885498046875 969.874633789062 966.776611328125 978.71875 978.211791992188 980.734191894531 978.206481933594 979.948608398438 983.293151855469 980.621337890625 976.3154296875 976.016296386719 972.029602050781 969.642578125 973.849975585938 979.021911621094 974.709167480469 980.324523925781 974.308654785156 982.767395019531 980.664428710938 971.813659667969 973.265625 969.947265625 973.15771484375 974.623229980469 969.099365234375
979.876831054688 989.976196289062 981.110961914062 972.666931152344 979.083618164062 975.361022949219 974.863647460938 980.100769042969 977.207275390625 969.23583984375 967.335083007812 971.673461914062 967.27392578125 980.994567871094 978.176818847656 970.3671875 972.936096191406 977.014892578125 971.68701171875 968.373291015625 964.629028320312 967.68994140625 971.752807617188 983.684509277344 978.413757324219 978.404602050781 978.422790527344 978.176208496094 980.496520996094 978.870788574219 977.815002441406 981.142944335938 976.973754882812 975.872009277344 968.958251953125 978.219787597656 975.996459960938 986.436584472656 983.373779296875 991.135681152344 982.38525390625 987.479187011719 974.812072753906 975.520629882812 973.426940917969 966.097778320312
977.183349609375 988.206970214844 987.652282714844 981.62451171875 977.501953125 979.015502929688 975.553405761719 981.235107421875 977.878967285156 985.794006347656 973.796875 974.466125488281 978.982055664062 984.191528320312 975.948974609375 967.533996582031 983.774536132812 977.627868652344 975.329650878906 964.378784179688 964.332641601562 966.552429199219 970.817260742188 975.401123046875 980.903930664062 985.969055175781 983.093322753906 982.192565917969 975.610168457031 979.694519042969 978.744995117188 977.520202636719 979.236877441406 979.507934570312 979.324951171875 979.252563476562 994.772216796875 989.541259765625 987.987365722656 986.495666503906 985.648010253906 975.871215820312 977.901428222656 978.6142578125 973.763244628906 965.842102050781
979.962036132812 983.573547363281 994.279479980469 988.947570800781 989.703552246094 986.472106933594 993.274108886719 986.771728515625 978.161743164062 987.31689453125 973.943664550781 977.297058105469 979.872863769531 978.123901367188 971.291076660156 971.471801757812 972.828308105469 975.225830078125 969.696960449219 970.176818847656 969.221313476562 969.390747070312 966.28955078125 968.894226074219 978.436889648438 990.088195800781 980.77490234375 984.410217285156 987.771362304688 986.830200195312 982.487243652344 990.665710449219 979.527587890625 984.720764160156 985.258911132812 987.168090820312 990.560913085938 996.957092285156 989.378234863281 985.760498046875 990.421508789062 979.017211914062 972.694763183594 968.874084472656 972.539306640625 973.844970703125
980.310913085938 989.123229980469 992.830383300781 988.578186035156 991.528259277344 992.538635253906 994.792358398438 986.754333496094 979.529174804688 979.400939941406 971.400634765625 973.838806152344 975.090393066406 972.924377441406 968.486267089844 956.8603515625 961.652587890625 962.184509277344 970.317810058594 966.710388183594 969.195007324219 961.833984375 968.517944335938 971.658020019531 971.200988769531 976.453857421875 980.280029296875 983.585266113281 989.910095214844 994.994567871094 985.388122558594 989.684326171875 984.447265625 979.909240722656 983.901672363281 983.794555664062 991.305786132812 987.911926269531 995.549621582031 990.829040527344 992.390991210938 991.272644042969 977.686218261719 975.294860839844 978.581848144531 977.751708984375
986.958190917969 990.91357421875 988.884155273438 992.457214355469 996.072814941406 1002.51214599609 1007.38824462891 990.306518554688 990.757385253906 970.901062011719 976.362487792969 978.651489257812 970.624572753906 971.716186523438 967.792419433594 958.968811035156 959.946960449219 968.189147949219 964.416198730469 978.905090332031 971.749572753906 968.9267578125 972.379699707031 970.968322753906 973.373291015625 982.626586914062 976.780944824219 987.427551269531 993.643920898438 989.181213378906 980.745178222656 981.602844238281 981.238403320312 980.65966796875 983.088989257812 983.384582519531 988.700561523438 995.638366699219 991.573059082031 987.948974609375 989.210021972656 990.023376464844 974.119812011719 972.386657714844 984.2197265625 982.214904785156
984.526550292969 986.947875976562 994.730041503906 987.207946777344 987.533325195312 995.618957519531 993.559326171875 994.183715820312 996.74365234375 982.535827636719 982.724792480469 981.586853027344 979.9013671875 970.852844238281 974.069458007812 976.869201660156 970.807678222656 961.945007324219 968.166381835938 972.528442382812 983.014221191406 968.503723144531 969.538818359375 977.946594238281 978.609619140625 988.10009765625 986.75830078125 986.765258789062 979.890441894531 987.486938476562 991.799072265625 997.712951660156 987.797302246094 987.405700683594 984.977294921875 984.143127441406 997.240173339844 1001.44714355469 995.362854003906 993.635925292969 989.281982421875 982.782470703125 975.870544433594 980.433471679688 982.5673828125 981.086486816406
992.642150878906 992.97216796875 983.888122558594 978.103271484375 988.516052246094 985.706909179688 985.540344238281 989.432250976562 998.798706054688 988.144348144531 988.325378417969 976.478332519531 981.674499511719 967.740295410156 973.928100585938 974.052734375 968.617309570312 965.037109375 967.110168457031 984.390258789062 982.898254394531 981.712524414062 980.1572265625 970.857788085938 976.83251953125 983.704406738281 978.029663085938 974.502624511719 978.337829589844 994.787963867188 999.930053710938 1003.10760498047 986.731384277344 985.888366699219 990.33203125 997.790954589844 1004.81658935547 1007.06072998047 1002.70758056641 988.82275390625 985.485229492188 981.689819335938 983.934387207031 983.049499511719 980.118225097656 984.803344726562
1004.74359130859 996.920471191406 989.46728515625 993.203430175781 987.494750976562 981.940307617188 983.500549316406 990.223449707031 999.462585449219 989.482849121094 986.750793457031 979.015014648438 984.194519042969 968.244079589844 973.471862792969 972.029174804688 972.233703613281 972.393920898438 976.468811035156 988.549560546875 982.418334960938 981.146118164062 983.484497070312 986.227722167969 984.036560058594 978.111755371094 974.676818847656 977.205078125 984.336120605469 986.928955078125 994.213317871094 1001.60498046875 988.647277832031 976.409423828125 982.781860351562 1000.0068359375 1006.38629150391 994.171142578125 997.801696777344 998.239929199219 987.431640625 992.129211425781 981.5830078125 986.646484375 984.100524902344 983.328002929688
1004.58941650391 1003.06915283203 1006.79644775391 1001.27185058594 985.395263671875 989.574829101562 985.418029785156 980.767700195312 989.316345214844 986.1640625 977.480102539062 986.509033203125 986.923767089844 975.817565917969 961.858581542969 967.491943359375 969.524108886719 971.1611328125 979.916320800781 985.002258300781 981.7255859375 985.730041503906 983.458679199219 986.599792480469 988.599182128906 977.66357421875 983.374694824219 986.553649902344 984.434692382812 992.454040527344 991.727966308594 999.097595214844 999.734313964844 988.412292480469 987.7890625 994.66796875 1003.52655029297 998.512268066406 1003.2451171875 991.5537109375 991.044128417969 988.681884765625 983.880432128906 985.085815429688 989.466186523438 982.5205078125
1007.66430664062 1011.81951904297 1007.92309570312 1005.85302734375 993.847534179688 991.29833984375 992.8955078125 989.668518066406 992.492065429688 982.805541992188 984.095336914062 986.776062011719 987.683898925781 978.408203125 966.6669921875 962.527099609375 969.815307617188 970.902587890625 980.685485839844 982.29443359375 978.454772949219 983.069641113281 977.062255859375 980.223327636719 983.946533203125 989.021423339844 994.496337890625 991.149047851562 994.565368652344 986.200073242188 996.839904785156 996.794616699219 997.30322265625 996.143432617188 998.496276855469 990.512878417969 1000.25646972656 1000.12866210938 995.467834472656 995.669311523438 990.191101074219 996.972106933594 988.028625488281 987.41796875 985.760864257812 990.6923828125
1014.58209228516 1017.00219726562 1016.55535888672 1002.78497314453 998.598754882812 995.703247070312 993.693420410156 994.294372558594 990.669555664062 985.7646484375 981.41064453125 986.989929199219 980.601440429688 980.299560546875 969.734375 975.554809570312 982.079711914062 972.653503417969 981.690856933594 976.17529296875 978.800842285156 975.535217285156 979.246215820312 984.084411621094 981.00439453125 984.628112792969 992.022338867188 990.874877929688 989.290100097656 991.1083984375 993.626342773438 993.066040039062 992.566223144531 1003.51470947266 1004.45910644531 1000.09918212891 1006.3291015625 995.454650878906 993.105712890625 993.645446777344 994.115051269531 996.974914550781 982.719482421875 982.2880859375 987.534362792969 982.979553222656
1004.39831542969 1021.73675537109 1010.33422851562 1005.48193359375 1004.39337158203 998.241760253906 998.661376953125 998.8095703125 989.950256347656 991.247802734375 981.90087890625 980.447509765625 977.53955078125 973.708740234375 968.647155761719 963.998352050781 972.431213378906 982.88916015625 975.273315429688 975.97265625 971.557861328125 968.218078613281 978.114440917969 974.226501464844 972.483520507812 984.0244140625 986.043151855469 993.700622558594 991.565551757812 988.476501464844 988.092834472656 990.595886230469 1003.08172607422 1010.56298828125 1011.15911865234 1012.54296875 1012.09405517578 995.429565429688 991.60107421875 996.170104980469 999.873962402344 1000.04614257812 990.632934570312 988.721130371094 991.217468261719 984.169555664062
1005.61090087891 1015.64575195312 1016.05352783203 999.191040039062 998.021301269531 1003.82708740234 993.611022949219 996.324157714844 984.908752441406 986.807678222656 986.31005859375 980.588500976562 978.102844238281 982.710266113281 978.162841796875 977.777587890625 976.3251953125 972.328735351562 975.628112792969 976.538208007812 973.356567382812 968.755615234375 972.036499023438 982.636901855469 977.686950683594 984.855346679688 987.834594726562 981.98388671875 983.770874023438 1000.99389648438 991.118896484375 996.172241210938 1001.68994140625 1011.14318847656 1012.68713378906 1009.14135742188 1011.31408691406 1008.04998779297 998.017700195312 996.345458984375 1003.23657226562 996.045654296875 1001.34307861328 1000.60552978516 1001.89331054688 997.278869628906
