data/zlatibor_dem_simulations/DEMsim99.asc
NCOLS 150
NROWS 100
XLLCORNER 7394249
YLLCORNER 4841999
CELLSIZE 30
NODATA_VALUE -9999
[rows 60 to 79 of 100, columns 46 to 91 of 150]
945.581848144531 947.301330566406 942.582275390625 948.341796875 953.569885253906 954.854675292969 947.352661132812 948.948059082031 947.677551269531 947.728149414062 955.259643554688 955.603637695312 947.637878417969 955.940368652344 960.341003417969 965.705627441406 960.272216796875 957.869506835938 953.288940429688 959.482788085938 966.9697265625 952.138854980469 955.407592773438 955.769775390625 965.641540527344 964.077819824219 967.62353515625 965.905517578125 968.90966796875 963.714965820312 969.969177246094 967.362182617188 964.027099609375 963.958862304688 970.896850585938 962.399108886719 963.62353515625 959.627014160156 965.242309570312 975.655822753906 973.536010742188 971.901245117188 973.535400390625 975.951110839844 966.403503417969 963.859924316406
941.467224121094 950.482238769531 948.906616210938 953.227416992188 954.304809570312 950.365417480469 949.100036621094 957.121643066406 959.85791015625 959.878662109375 958.538208007812 959.848999023438 962.11083984375 961.6748046875 957.95654296875 965.201354980469 964.394348144531 963.501770019531 961.238830566406 961.650329589844 963.809692382812 959.180236816406 960.122741699219 958.716552734375 961.576049804688 957.657043457031 969.143188476562 970.397583007812 969.798645019531 968.480651855469 972.011108398438 965.524963378906 963.498168945312 962.372863769531 972.536743164062 969.189392089844 970.086242675781 969.073425292969 966.196350097656 970.93896484375 976.098388671875 981.595642089844 972.269775390625 969.139465332031 962.842895507812 964.605224609375
948.698547363281 955.104858398438 956.991149902344 954.184020996094 960.372985839844 952.254333496094 952.059631347656 966.069396972656 976.9384765625 968.342468261719 961.437377929688 960.619201660156 963.239562988281 966.197692871094 961.9140625 959.952880859375 963.203186035156 974.059204101562 966.3984375 964.980224609375 965.633544921875 954.010437011719 953.625366210938 962.642761230469 964.5029296875 967.16748046875 964.395751953125 972.309143066406 968.612487792969 966.251525878906 976.885375976562 962.116577148438 965.907897949219 968.283874511719 960.594360351562 966.320434570312 973.220764160156 973.226928710938 974.13525390625 972.0185546875 971.870666503906 981.292785644531 972.275512695312 972.068176269531 973.918151855469 976.619201660156
953.120910644531 952.972778320312 957.691284179688 961.371643066406 969.848327636719 956.535461425781 955.333618164062 962.537841796875 971.255004882812 973.22705078125 971.200439453125 970.433044433594 969.161682128906 965.384033203125 964.836242675781 968.132019042969 971.1689453125 967.164184570312 969.749145507812 965.709045410156 966.513488769531 965.269409179688 965.029846191406 968.702697753906 967.14208984375 971.353942871094 967.539978027344 970.525695800781 966.819030761719 966.060546875 968.712829589844 969.830627441406 967.125854492188 970.347106933594 970.744140625 977.582641601562 978.387939453125 973.894958496094 981.447265625 981.921875 979.30322265625 984.321166992188 981.384704589844 982.400268554688 985.208618164062 978.815307617188
949.247985839844 959.884948730469 960.421325683594 955.067199707031 963.105041503906 963.451049804688 962.43798828125 969.610778808594 965.041564941406 960.829467773438 962.010803222656 960.859741210938 966.893432617188 975.258239746094 973.861511230469 961.828308105469 960.753662109375 961.203002929688 973.639343261719 968.563842773438 962.658935546875 963.703186035156 965.962890625 968.310852050781 968.824401855469 976.426452636719 975.224243164062 974.8076171875 968.774475097656 972.128295898438 970.836608886719 969.864318847656 966.754150390625 973.302368164062 977.985168457031 974.889404296875 982.205200195312 976.209838867188 985.065673828125 979.406372070312 974.55810546875 976.372497558594 974.3603515625 984.618530273438 975.796691894531 976.955810546875
956.14990234375 960.044616699219 961.770568847656 962.729858398438 969.892761230469 967.865661621094 968.223266601562 974.985534667969 965.539428710938 961.077270507812 960.433776855469 964.518005371094 971.672180175781 974.881286621094 974.768371582031 962.334411621094 955.321228027344 973.027648925781 965.857360839844 960.559631347656 969.345092773438 963.225280761719 965.945983886719 974.02099609375 974.84423828125 979.965576171875 981.827270507812 974.66943359375 973.322387695312 980.540344238281 979.393615722656 975.938110351562 973.2470703125 975.790649414062 976.772216796875 988.573364257812 988.996154785156 982.868957519531 984.234313964844 977.362548828125 970.710510253906 975.234497070312 970.874633789062 974.509033203125 966.416137695312 976.060424804688
966.655944824219 965.617919921875 972.097961425781 976.138854980469 976.992309570312 969.9091796875 975.309387207031 965.704772949219 961.647094726562 964.540588378906 969.809143066406 967.856689453125 971.705444335938 979.428161621094 970.154602050781 963.124633789062 968.305419921875 962.062622070312 965.431396484375 959.661560058594 962.377624511719 962.977905273438 965.335205078125 965.44873046875 975.171142578125 978.208740234375 976.635864257812 977.327880859375 979.732421875 974.236267089844 980.985229492188 984.614624023438 973.244567871094 974.998596191406 972.947998046875 981.815795898438 992.558471679688 993.01611328125 990.117492675781 980.674926757812 973.457275390625 980.697692871094 970.969116210938 965.810363769531 966.522644042969 973.020385742188
965.266662597656 969.106201171875 970.815795898438 975.223083496094 979.847045898438 975.554138183594 976.237548828125 970.747619628906 974.596130371094 964.785583496094 970.285827636719 974.483947753906 970.359558105469 973.263854980469 970.757446289062 968.555236816406 968.113586425781 959.995971679688 958.448059082031 959.796020507812 959.920776367188 956.656921386719 962.886169433594 963.340087890625 975.322509765625 973.514526367188 979.176513671875 976.863586425781 977.813232421875 968.072204589844 976.499816894531 983.833923339844 973.589111328125 978.011291503906 976.273864746094 978.721008300781 988.958679199219 990.839050292969 982.822021484375 976.94140625 978.184814453125 980.499084472656 978.165893554688 971.446594238281 966.238403320312 969.942321777344
961.915588378906 969.164367675781 975.124572753906 983.750427246094 970.078430175781 975.789611816406 974.578918457031 967.523620605469 968.090026855469 962.044494628906 975.6318359375 974.1181640625 968.022521972656 970.6650390625 975.296325683594 970.923706054688 964.953857421875 961.326232910156 960.233276367188 967.121826171875 966.319702148438 963.369506835938 963.649841308594 960.294799804688 973.295349121094 979.091735839844 978.695739746094 979.8359375 975.531982421875 982.731811523438 974.911926269531 974.469482421875 982.248352050781 986.758972167969 986.241149902344 981.778991699219 991.666198730469 995.392517089844 987.599853515625 988.961975097656 984.095520019531 987.561340332031 976.818603515625 975.478576660156 969.487365722656 966.383239746094
973.062683105469 982.232360839844 991.372802734375 979.632934570312 976.801391601562 978.419067382812 977.889343261719 976.739379882812 976.517028808594 973.208374023438 975.563598632812 975.369262695312 982.372619628906 977.874694824219 971.935791015625 965.94384765625 970.708435058594 963.574035644531 962.746826171875 958.467346191406 970.164123535156 960.308776855469 961.229431152344 966.334655761719 959.928894042969 985.443115234375 983.103149414062 986.49267578125 984.175903320312 985.112854003906 978.593444824219 975.333068847656 980.082275390625 987.275146484375 989.016296386719 993.8212890625 986.919372558594 994.319641113281 996.137878417969 991.293579101562 980.980529785156 981.718505859375 979.805786132812 974.953186035156 974.089965820312 974.844421386719
982.418334960938 989.919677734375 996.247375488281 994.706909179688 987.768737792969 983.450439453125 987.03564453125 983.398742675781 976.845336914062 979.646118164062 970.34423828125 980.183837890625 976.630798339844 983.637634277344 978.595947265625 972.975830078125 952.545654296875 958.256896972656 955.459289550781 968.621215820312 968.519714355469 963.153747558594 958.779663085938 962.153015136719 963.933288574219 978.213012695312 988.698669433594 985.747009277344 986.752380371094 989.544250488281 983.0556640625 979.86767578125 980.308349609375 980.041198730469 980.797302246094 995.435729980469 977.368713378906 995.157592773438 991.4189453125 982.162292480469 990.87109375 983.941040039062 977.376037597656 978.990173339844 977.945678710938 978.128723144531
991.357238769531 991.607421875 997.272888183594 990.577758789062 990.758117675781 988.615234375 990.90185546875 983.556640625 977.798828125 975.216125488281 979.640319824219 983.471923828125 972.618347167969 974.728515625 977.775634765625 971.441467285156 966.722290039062 966.850158691406 967.066467285156 967.338684082031 969.552062988281 973.786071777344 961.891479492188 966.60791015625 968.939819335938 983.7431640625 983.180236816406 984.566223144531 984.783508300781 979.414794921875 977.406982421875 975.289855957031 987.273132324219 991.549865722656 987.873962402344 983.011108398438 982.278869628906 990.755737304688 987.000732421875 975.289123535156 984.334899902344 990.195068359375 981.210205078125 977.156799316406 971.350524902344 975.659423828125
999.135864257812 1003.20239257812 1002.12915039062 998.161437988281 996.132019042969 987.548156738281 984.621276855469 984.285888671875 980.956481933594 981.064514160156 981.356994628906 981.332641601562 982.610717773438 975.322448730469 976.406066894531 973.874877929688 971.969055175781 970.757019042969 972.015319824219 970.971130371094 973.566345214844 969.722473144531 975.768920898438 971.671569824219 984.76611328125 979.606750488281 976.96337890625 985.260803222656 982.456726074219 982.907958984375 982.124816894531 982.453125 985.956604003906 995.865234375 983.733764648438 987.78076171875 982.686584472656 979.593566894531 982.7265625 983.794311523438 981.855346679688 991.493591308594 991.347351074219 972.594482421875 965.31640625 963.159912109375
1000.61712646484 1004.54272460938 997.485595703125 992.8251953125 986.081970214844 992.89208984375 984.817138671875 977.40087890625 980.310363769531 972.862548828125 984.269287109375 980.149536132812 980.833618164062 979.338928222656 969.737487792969 969.937133789062 974.243774414062 973.812316894531 973.105407714844 973.072448730469 974.521667480469 979.401611328125 980.033630371094 981.870056152344 986.975646972656 983.769287109375 977.123901367188 975.870239257812 983.5673828125 982.921936035156 978.650085449219 983.329711914062 986.787109375 989.801391601562 985.075500488281 985.299011230469 980.100341796875 975.704772949219 983.388793945312 977.662048339844 976.660522460938 982.541381835938 998.8740234375 977.630187988281 973.2041015625 967.970336914062
1014.04412841797 1003.30786132812 999.25634765625 1002.26965332031 995.659240722656 1000.23773193359 992.867614746094 984.366943359375 976.206115722656 971.34423828125 975.502868652344 972.202392578125 979.267578125 974.797973632812 968.615600585938 974.282409667969 978.812622070312 987.443359375 974.284118652344 981.286315917969 980.834350585938 984.933959960938 985.577087402344 989.462524414062 992.797607421875 984.464477539062 983.862976074219 977.113342285156 981.7890625 978.989990234375 976.451416015625 990.661193847656 993.776611328125 984.984680175781 988.400451660156 991.994873046875 986.702270507812 977.2822265625 984.538757324219 989.763000488281 988.393859863281 983.830627441406 995.202026367188 988.313598632812 977.363525390625 966.971008300781
1009.52172851562 1012.02813720703 1017.59973144531 1004.68768310547 1012.49560546875 1011.91101074219 985.792419433594 988.121276855469 974.370422363281 966.820739746094 962.903442382812 970.413757324219 978.017822265625 980.142272949219 972.218811035156 983.271118164062 988.015319824219 980.800170898438 982.11474609375 978.408935546875 984.931457519531 982.003967285156 980.061706542969 992.449462890625 988.229736328125 986.273864746094 987.89501953125 984.894775390625 980.085632324219 971.288879394531 980.580017089844 987.167663574219 984.380859375 987.354431152344 990.498229980469 998.590759277344 993.141296386719 989.213562011719 989.0751953125 981.635375976562 984.93017578125 987.568420410156 990.812133789062 988.467834472656 988.442016601562 988.495727539062
1011.39068603516 1010.89367675781 1018.10546875 1010.31707763672 1012.55487060547 1000.72882080078 988.466064453125 980.951843261719 975.245971679688 967.840087890625 969.400329589844 972.56005859375 979.885803222656 986.481384277344 979.09130859375 979.037902832031 978.95166015625 972.813171386719 975.489807128906 978.025695800781 979.620361328125 984.966430664062 979.365173339844 984.723449707031 989.354553222656 990.680603027344 985.912292480469 977.809387207031 978.128662109375 980.236083984375 983.919067382812 990.141052246094 990.160827636719 999.363342285156 1002.35626220703 1003.29125976562 996.310607910156 994.289367675781 982.518493652344 982.541687011719 981.372680664062 987.708190917969 990.718383789062 990.016235351562 1000.62231445312 990.924926757812
1021.125 1020.56518554688 1016.33239746094 1012.18359375 1010.70550537109 999.782348632812 994.594299316406 984.068481445312 983.376342773438 978.356689453125 981.14794921875 986.162658691406 983.442504882812 992.238952636719 980.463256835938 984.955871582031 978.870727539062 977.3427734375 969.465637207031 971.84423828125 980.332702636719 974.513366699219 978.845642089844 977.198120117188 987.857360839844 987.62646484375 989.837585449219 982.782409667969 979.549865722656 986.710571289062 990.964965820312 992.575927734375 996.94873046875 996.823852539062 1000.96423339844 997.656066894531 989.658203125 990.204650878906 987.516235351562 993.849365234375 997.948425292969 1000.37322998047 985.64892578125 988.297424316406 991.157409667969 1000.78491210938
1018.10461425781 1019.73834228516 1017.86096191406 1022.93737792969 1012.82574462891 1007.18859863281 993.576171875 987.280944824219 985.103698730469 980.102905273438 982.452941894531 992.585266113281 983.368103027344 990.35009765625 993.093566894531 988.818786621094 982.890319824219 970.299865722656 967.65283203125 972.148071289062 969.531005859375 969.806396484375 979.92333984375 988.673217773438 995.614440917969 993.952575683594 988.551391601562 982.208435058594 982.768920898438 988.250305175781 1001.34167480469 993.085266113281 996.21923828125 1005.86688232422 1010.72155761719 998.585205078125 1002.71514892578 997.612060546875 1002.04302978516 1006.48187255859 991.471862792969 1001.16821289062 996.607482910156 991.616149902344 992.794494628906 992.902954101562
1019.64996337891 1025.64624023438 1017.14245605469 1024.69921875 1024.52905273438 1009.28631591797 1003.38323974609 994.062438964844 992.756469726562 995.810180664062 989.153015136719 985.3837890625 982.892272949219 978.783508300781 989.070922851562 993.170471191406 984.41845703125 983.129516601562 976.977661132812 976.25244140625 979.120971679688 974.044189453125 982.3486328125 989.2890625 991.847106933594 994.399230957031 997.520874023438 988.897216796875 979.973693847656 996.484802246094 997.113220214844 995.257568359375 1009.78601074219 1017.28540039062 1007.77062988281 1009.32513427734 1000.71026611328 1003.16015625 1005.18518066406 1004.29370117188 997.735656738281 998.6796875 1003.33959960938 1003.63568115234 998.524047851562 992.754760742188
