data/zlatibor_dem_simulations/DEMsim32.asc
NCOLS 150
NROWS 100
XLLCORNER 7394249
YLLCORNER 4841999
CELLSIZE 30
NODATA_VALUE -9999
[rows 20 to 39 of 100, columns 92 to 137 of 150]
979.472229003906 990.392700195312 998.687377929688 999.974731445312 999.860656738281 985.863525390625 979.344177246094 975.307250976562 970.537902832031 982.719421386719 972.905029296875 971.513488769531 970.892272949219 982.900207519531 989.810913085938 991.932556152344 984.524169921875 971.847717285156 965.159606933594 949.201721191406 941.283142089844 940.559265136719 936.195129394531 932.319885253906 939.932922363281 934.711242675781 938.527893066406 955.884155273438 969.757690429688 993.007873535156 991.408020019531 999.304138183594 1005.98626708984 1028.85339355469 1034.89526367188 1041.8271484375 1038.39184570312 1034.55493164062 1049.82482910156 1046.19482421875 1043.12658691406 1045.89050292969 1045.96606445312 1054.95593261719 1054.34680175781 1061.93151855469
995.413940429688 1005.03045654297 1004.59545898438 1002.90643310547 1008.19616699219 992.034362792969 979.939636230469 979.347351074219 980.403991699219 982.886657714844 980.182067871094 979.829406738281 989.266296386719 990.877746582031 992.776000976562 986.280883789062 984.312622070312 978.659484863281 959.443115234375 954.118408203125 940.960998535156 943.153564453125 934.332885742188 935.044799804688 936.938720703125 942.955749511719 942.490539550781 959.319396972656 972.368408203125 984.451965332031 994.737060546875 1007.32971191406 1025.27478027344 1026.70373535156 1026.25598144531 1031.15356445312 1030.57641601562 1026.32348632812 1037.91735839844 1036.66333007812 1044.09228515625 1058.13293457031 1048.60241699219 1052.74047851562 1056.2265625 1061.32690429688
999.311645507812 1013.41851806641 1019.673828125 1021.25805664062 1009.21496582031 1010.28265380859 992.376708984375 987.505432128906 984.174255371094 989.553405761719 989.726013183594 991.508422851562 996.607543945312 996.086608886719 997.107482910156 995.999267578125 983.26708984375 977.306823730469 963.163879394531 956.246520996094 949.359191894531 945.671020507812 930.121826171875 931.122314453125 935.115600585938 948.000915527344 954.120788574219 974.830261230469 987.147521972656 1006.970703125 1018.57781982422 1027.49548339844 1030.52966308594 1031.14233398438 1032.75317382812 1032.94738769531 1019.400390625 1031.08093261719 1036.94616699219 1036.90600585938 1038.86010742188 1050.27551269531 1053.57897949219 1050.74035644531 1051.84741210938 1058.29760742188
1008.25244140625 1014.24865722656 1023.00085449219 1030.4541015625 1023.95739746094 1006.93273925781 995.3974609375 986.15185546875 990.602294921875 986.320068359375 1005.45239257812 998.762817382812 1006.69366455078 1006.01641845703 1009.11370849609 997.854309082031 979.937561035156 968.780212402344 958.156433105469 956.513671875 948.10546875 939.106201171875 931.275939941406 934.710266113281 945.496154785156 950.604736328125 964.602905273438 983.687805175781 994.912719726562 1009.3291015625 1018.75671386719 1027.87487792969 1031.4013671875 1025.68762207031 1039.26501464844 1037.01257324219 1035.07678222656 1036.67321777344 1040.62292480469 1044.11840820312 1047.46801757812 1057.76550292969 1054.14672851562 1051.15478515625 1059.27465820312 1054.30639648438
1029.69604492188 1021.94750976562 1025.05822753906 1018.78900146484 1024.73510742188 1008.37707519531 1005.14654541016 1007.47296142578 987.8818359375 993.117797851562 1002.96862792969 1004.05511474609 1008.46203613281 1013.02612304688 1013.10668945312 994.72607421875 983.654968261719 973.906188964844 956.485717773438 952.432006835938 945.608276367188 930.836120605469 937.355773925781 948.530395507812 954.13671875 966.177062988281 976.054443359375 988.230712890625 1002.49908447266 1012.13928222656 1019.82482910156 1022.83117675781 1024.10314941406 1031.29833984375 1043.7607421875 1043.01867675781 1037.93591308594 1036.98657226562 1044.123046875 1049.5546875 1054.01379394531 1056.23266601562 1054.62829589844 1054.39074707031 1055.15856933594 1053.58032226562
1036.27514648438 1027.37805175781 1017.16912841797 1021.44360351562 1018.06341552734 1004.42498779297 1004.52319335938 1009.59106445312 998.182312011719 995.220947265625 1007.12347412109 1003.62353515625 1007.94329833984 1013.22320556641 1003.05932617188 998.564697265625 989.584594726562 974.018615722656 960.792846679688 955.619934082031 943.943725585938 935.64453125 942.596618652344 952.243103027344 959.850280761719 969.783630371094 983.967102050781 985.927673339844 1002.16668701172 1006.65936279297 1016.55450439453 1018.9892578125 1024.10131835938 1037.83056640625 1038.630859375 1046.81665039062 1032.61877441406 1034.57397460938 1039.287109375 1042.60607910156 1055.54431152344 1058.82934570312 1058.76281738281 1062.31518554688 1053.95336914062 1060.17248535156
1038.97314453125 1026.37377929688 1026.08752441406 1033.28820800781 1025.41027832031 1007.85290527344 1006.81005859375 1016.17138671875 1002.37847900391 994.866027832031 999.622985839844 1002.45928955078 1000.13397216797 1005.67114257812 998.947509765625 990.54736328125 983.246520996094 971.637878417969 957.581115722656 949.810302734375 950.421264648438 941.364501953125 934.206115722656 941.513488769531 954.481689453125 972.961303710938 977.5390625 983.372619628906 999.403686523438 1006.66986083984 1012.94775390625 1015.50036621094 1026.18762207031 1034.21923828125 1041.556640625 1043.18920898438 1031.32336425781 1039.69909667969 1042.43188476562 1046.732421875 1053.82641601562 1048.31616210938 1051.50415039062 1056.37109375 1063.51000976562 1062.71911621094
1035.748046875 1027.45092773438 1024.69689941406 1021.02551269531 1015.56213378906 1015.47808837891 1018.01837158203 1030.78784179688 1023.20111083984 1015.462890625 998.138244628906 995.213500976562 995.714721679688 994.791687011719 995.611572265625 987.921569824219 967.123474121094 969.717102050781 954.858032226562 956.977844238281 947.153381347656 949.370178222656 937.868225097656 945.564758300781 961.595153808594 968.176696777344 974.070068359375 979.011596679688 1001.05151367188 1007.19573974609 1017.12689208984 1017.76251220703 1032.6630859375 1030.31689453125 1031.73596191406 1041.23046875 1043.84497070312 1042.03454589844 1045.21118164062 1048.505859375 1050.11999511719 1050.66027832031 1053.5517578125 1052.80603027344 1053.41625976562 1056.537109375
1034.55822753906 1030.2431640625 1026.49072265625 1023.85974121094 1021.81616210938 1019.76312255859 1019.42895507812 1029.49951171875 1030.3125 1015.50445556641 1004.35461425781 1006.17993164062 1008.65069580078 1010.57952880859 1004.88415527344 987.14013671875 974.779235839844 970.321105957031 955.864868164062 952.053039550781 948.162780761719 951.416198730469 945.197509765625 940.609436035156 953.717407226562 967.1416015625 969.631408691406 983.81591796875 994.185241699219 1009.73699951172 1015.75628662109 1018.09405517578 1026.49340820312 1026.7333984375 1039.93310546875 1050.28552246094 1048.00866699219 1040.90209960938 1043.82543945312 1046.1669921875 1042.45727539062 1038.720703125 1050.03515625 1052.82055664062 1058.25280761719 1054.16479492188
1018.22845458984 1023.12432861328 1032.56591796875 1018.70867919922 1027.34057617188 1020.83880615234 1025.42932128906 1027.32421875 1028.41796875 1024.29174804688 1012.12841796875 1008.61657714844 1016.58142089844 1004.34631347656 1005.03210449219 986.265930175781 989.073120117188 973.602661132812 967.720825195312 957.270202636719 945.550231933594 941.135131835938 938.183227539062 948.550415039062 954.659423828125 959.63671875 969.373901367188 983.163391113281 996.273498535156 1002.70520019531 1009.26751708984 1011.18426513672 1020.24694824219 1027.76635742188 1034.34716796875 1045.26794433594 1044.67016601562 1045.32080078125 1039.55261230469 1046.43676757812 1029.67248535156 1034.79809570312 1028.61877441406 1043.44274902344 1048.00939941406 1046.76599121094
1023.24609375 1019.73364257812 1017.63623046875 1021.61077880859 1011.58563232422 1016.37512207031 1013.21002197266 1020.69415283203 1016.64678955078 1018.57647705078 1014.37860107422 1007.66156005859 1005.81781005859 998.447509765625 997.235473632812 989.738952636719 985.999877929688 983.372131347656 973.621887207031 968.411193847656 954.210510253906 942.457458496094 944.680419921875 946.438598632812 956.110473632812 963.857116699219 965.237487792969 980.017639160156 995.403198242188 999.536865234375 1008.92596435547 1009.595703125 1012.50299072266 1026.73071289062 1036.73254394531 1039.392578125 1036.90478515625 1039.1083984375 1033.70947265625 1029.55517578125 1024.4716796875 1024.02954101562 1025.12023925781 1031.78723144531 1033.53393554688 1037.99243164062
1024.57067871094 1028.24267578125 1017.12878417969 1014.048828125 1015.01251220703 1009.71331787109 1010.396484375 1006.61749267578 1008.47503662109 1013.61889648438 1016.27874755859 1001.21069335938 994.825988769531 998.861083984375 991.201721191406 993.681579589844 991.180114746094 981.647399902344 971.302490234375 961.756896972656 969.552307128906 961.248352050781 955.631164550781 955.211059570312 959.047973632812 963.122802734375 963.294555664062 985.778503417969 992.911254882812 993.581420898438 997.587097167969 1010.09051513672 1015.70751953125 1026.044921875 1025.8017578125 1031.15441894531 1033.89721679688 1035.24475097656 1025.06616210938 1035.02758789062 1021.9853515625 1011.78448486328 1018.82623291016 1015.91577148438 1019.49127197266 1038.96325683594
1025.46960449219 1014.23883056641 1013.43664550781 1009.88793945312 1007.46533203125 1010.57696533203 1012.15533447266 1005.69854736328 1002.98498535156 1000.63452148438 1004.3134765625 1001.79650878906 999.845275878906 990.676452636719 985.932434082031 992.419860839844 982.90771484375 977.921325683594 978.096557617188 969.631958007812 964.655395507812 959.945373535156 952.003967285156 951.589538574219 963.453369140625 970.611267089844 976.365234375 978.509155273438 991.289916992188 999.2685546875 994.756652832031 1009.42993164062 1018.36950683594 1019.92053222656 1023.02880859375 1026.09045410156 1027.03039550781 1018.29632568359 1010.33093261719 1020.06988525391 1028.36242675781 1022.29052734375 1021.29962158203 1012.69445800781 1014.96838378906 1019.61499023438
1016.74438476562 1010.35955810547 1008.34289550781 1008.24865722656 1010.07397460938 1014.61303710938 1005.47009277344 1006.48400878906 1002.91619873047 993.797607421875 1002.54760742188 1001.05078125 996.602600097656 996.990356445312 991.522766113281 998.046264648438 997.233520507812 991.409362792969 990.289123535156 969.486999511719 965.466979980469 965.816223144531 962.149963378906 959.351318359375 966.303527832031 982.334411621094 982.444885253906 988.510925292969 1003.49346923828 1001.56689453125 1002.25329589844 1006.90252685547 1015.84967041016 1018.68023681641 1010.60095214844 1020.65582275391 1022.77099609375 1023.81365966797 1012.73449707031 1015.30194091797 1024.57385253906 1022.20941162109 1025.04077148438 1017.96734619141 1020.33276367188 1025.22644042969
1011.20709228516 1010.66253662109 1008.45074462891 1005.35784912109 1008.50323486328 1004.64215087891 1009.14709472656 1000.90502929688 998.299011230469 1000.69421386719 992.812255859375 989.103759765625 990.045104980469 991.117248535156 988.862121582031 995.233703613281 993.589538574219 997.730712890625 988.412414550781 986.337585449219 981.143493652344 974.524536132812 976.094848632812 982.710998535156 980.025085449219 987.633911132812 982.132568359375 997.52001953125 1005.54077148438 996.044860839844 1000.93640136719 1002.66101074219 1014.734375 1016.07885742188 1022.80749511719 1020.61645507812 1018.40747070312 1017.814453125 1007.29223632812 1008.55139160156 1004.78155517578 1010.60290527344 1017.54412841797 1023.93395996094 1034.39990234375 1032.09692382812
1015.10363769531 1008.35845947266 1008.62957763672 1005.04138183594 1001.71276855469 1006.08990478516 997.575561523438 1000.60974121094 998.33544921875 995.364685058594 998.896484375 990.389343261719 984.468811035156 993.798645019531 995.26708984375 998.895874023438 992.314086914062 997.967224121094 1001.59094238281 997.281921386719 992.934631347656 990.86181640625 986.884765625 982.617614746094 980.707641601562 988.636291503906 987.746337890625 1003.25726318359 1009.33673095703 1011.14263916016 1006.3056640625 999.277160644531 1004.25598144531 1017.74035644531 1020.11779785156 1018.62451171875 1017.92742919922 1021.79376220703 1010.02056884766 1008.68811035156 1010.07604980469 1019.48162841797 1018.50079345703 1028.64172363281 1039.18725585938 1050.63879394531
1012.37310791016 1002.73962402344 1008.27679443359 1007.49627685547 1000.93103027344 995.22998046875 991.490661621094 995.196594238281 994.488586425781 991.066955566406 991.221313476562 990.6015625 991.805480957031 997.966735839844 1000.53198242188 993.148071289062 993.052551269531 995.92529296875 999.745971679688 1001.09942626953 1000.38000488281 999.762084960938 999.012023925781 992.941955566406 994.242248535156 996.173217773438 994.386352539062 1001.90979003906 1009.73541259766 1002.17028808594 1003.44317626953 1004.21636962891 1006.3662109375 1005.63415527344 1012.10070800781 1014.80603027344 1020.23968505859 1020.16870117188 1010.73321533203 1010.3330078125 1011.59265136719 1014.40087890625 1017.36169433594 1026.83251953125 1033.87512207031 1053.27819824219
1014.3837890625 1002.30413818359 1010.08734130859 1004.15270996094 1001.67791748047 999.200317382812 995.302124023438 991.040954589844 982.928161621094 983.154663085938 986.752624511719 993.185729980469 999.241333007812 999.474426269531 997.240905761719 994.337646484375 985.752746582031 990.554626464844 998.064514160156 1004.8662109375 1006.85540771484 996.920776367188 1002.91967773438 1004.38555908203 997.371887207031 994.050476074219 996.003295898438 999.018981933594 1000.48718261719 1007.58947753906 1000.54034423828 1010.34796142578 1012.32635498047 1003.94769287109 999.585021972656 1012.35363769531 1014.80810546875 1016.26977539062 1023.03253173828 1015.67022705078 1013.12280273438 1014.72485351562 1016.00708007812 1034.24645996094 1040.31530761719 1053.03161621094
1003.91925048828 1002.47625732422 1003.90850830078 1007.94573974609 1002.54278564453 1003.34429931641 995.498657226562 998.540893554688 999.236511230469 994.052551269531 986.883056640625 997.78466796875 996.60888671875 1001.14086914062 991.872009277344 983.551208496094 996.089538574219 990.964233398438 991.400573730469 992.203430175781 995.1494140625 1000.16680908203 1007.75646972656 1003.822265625 994.993957519531 1001.62457275391 1000.43237304688 1004.33563232422 1002.32623291016 999.460021972656 999.273742675781 1003.64678955078 1013.42614746094 1004.35736083984 1000.892578125 1007.12994384766 1010.16638183594 1019.35510253906 1018.02307128906 1011.67517089844 1019.00103759766 1029.45495605469 1022.14086914062 1031.89196777344 1043.70678710938 1046.48168945312
999.261291503906 990.785705566406 994.698974609375 1001.77447509766 1002.70764160156 1003.80499267578 996.664794921875 997.469421386719 988.501342773438 993.863525390625 995.513549804688 997.2470703125 990.290649414062 994.262756347656 981.422607421875 973.555480957031 976.932922363281 980.660827636719 983.927978515625 993.928894042969 1002.43231201172 996.309936523438 1001.60577392578 1003.45599365234 996.327453613281 997.570373535156 997.428344726562 1003.72766113281 998.27685546875 1000.78491210938 1008.44018554688 1014.80194091797 1011.42419433594 1009.99938964844 1010.80487060547 1018.15216064453 1012.84484863281 1013.95129394531 1018.11193847656 1018.49798583984 1029.70495605469 1034.99060058594 1033.787109375 1038.07885742188 1043.65380859375 1049.17236328125
