data/zlatibor_dem_simulations/DEMsim40.asc
NCOLS 150
NROWS 100
XLLCORNER 7394249
YLLCORNER 4841999
CELLSIZE 30
NODATA_VALUE -9999
[rows 40 to 59 of 100, columns 0 to 45 of 150]
947.151550292969 947.350769042969 957.0771484375 961.961364746094 959.480834960938 961.186279296875 963.17822265625 962.814147949219 959.10986328125 964.526184082031 968.920715332031 971.130004882812 973.384033203125 963.499267578125 970.143615722656 969.952392578125 977.986938476562 982.94091796875 978.94970703125 975.921936035156 973.601928710938 976.770751953125 969.410217285156 974.657043457031 967.875366210938 960.996520996094 960.970581054688 973.655029296875 965.534851074219 968.464965820312 974.120971679688 986.114807128906 975.230773925781 983.350402832031 978.833312988281 985.031677246094 978.193969726562 980.496643066406 979.03515625 973.552185058594 971.1806640625 978.140014648438 975.443664550781 972.786071777344 968.892822265625 974.812194824219
940.530578613281 945.510620117188 954.375549316406 960.621887207031 956.867492675781 957.613830566406 957.87841796875 956.513061523438 956.248168945312 965.503784179688 966.067138671875 968.426391601562 975.896362304688 966.827087402344 968.360412597656 978.560241699219 978.803771972656 976.263244628906 973.195251464844 970.069885253906 975.268005371094 976.877685546875 982.129516601562 982.9794921875 974.27197265625 964.444274902344 961.958435058594 962.666015625 960.218017578125 967.039428710938 979.187316894531 979.588928222656 982.146728515625 973.05810546875 979.346069335938 975.991027832031 975.936584472656 972.539855957031 973.174072265625 977.037475585938 971.915832519531 967.3349609375 969.067626953125 970.160095214844 964.479919433594 972.033081054688
941.300231933594 951.187072753906 946.334655761719 960.170776367188 953.817443847656 957.226928710938 959.448608398438 955.088134765625 959.086364746094 964.275390625 968.729736328125 965.460205078125 972.426696777344 967.852783203125 965.4970703125 978.119934082031 979.286376953125 976.047485351562 974.73388671875 964.839477539062 962.72509765625 971.614868164062 979.748596191406 979.3369140625 967.654541015625 966.453308105469 966.6142578125 963.234558105469 966.582214355469 976.634704589844 982.995239257812 983.72119140625 975.569030761719 972.81298828125 969.278381347656 973.866516113281 970.839660644531 975.865234375 974.354187011719 971.001220703125 969.959106445312 960.922302246094 962.085510253906 966.921875 966.002014160156 974.966186523438
947.329650878906 945.074340820312 943.613830566406 952.838500976562 956.350280761719 949.966491699219 955.908264160156 955.572265625 956.282592773438 963.320251464844 963.62158203125 963.862182617188 972.337951660156 964.80517578125 967.320861816406 976.39599609375 984.128845214844 981.313293457031 971.222229003906 973.712219238281 965.692810058594 966.753845214844 979.010009765625 982.258972167969 971.6884765625 975.479125976562 977.853332519531 969.841613769531 973.011291503906 980.939147949219 979.927124023438 980.610290527344 984.332824707031 973.889953613281 970.724487304688 972.231506347656 975.968444824219 972.900268554688 975.626953125 967.204162597656 973.463317871094 967.600463867188 972.071960449219 969.782836914062 963.451965332031 977.337280273438
954.436584472656 953.797485351562 943.524658203125 945.120483398438 948.001953125 950.585327148438 952.190368652344 956.1904296875 957.374450683594 963.762329101562 976.888000488281 974.267395019531 973.263366699219 974.282775878906 977.623107910156 978.507629394531 984.312133789062 977.899169921875 972.722351074219 976.360107421875 972.858703613281 967.277770996094 982.907592773438 990.936157226562 991.986267089844 976.453308105469 979.072937011719 978.215759277344 975.778869628906 979.306091308594 981.415649414062 977.116149902344 975.125183105469 976.250366210938 968.567260742188 970.270446777344 972.456237792969 972.056762695312 967.18017578125 969.649108886719 963.935424804688 965.063659667969 962.456237792969 965.747680664062 961.9814453125 961.518615722656
956.979736328125 956.324951171875 950.521484375 949.986022949219 949.098388671875 951.935363769531 955.215209960938 962.940002441406 962.950866699219 963.245971679688 974.044738769531 970.977722167969 972.828308105469 973.495666503906 975.799255371094 979.416076660156 974.996154785156 969.253723144531 973.451599121094 974.034973144531 973.068786621094 967.327697753906 975.851013183594 986.432312011719 977.323120117188 976.969055175781 979.206115722656 973.507751464844 975.291015625 982.930969238281 970.700317382812 972.305908203125 975.246765136719 971.527465820312 968.649108886719 969.562133789062 970.036926269531 963.273681640625 971.433227539062 964.473327636719 966.589538574219 970.217163085938 962.67919921875 966.966003417969 963.000732421875 964.578125
952.657043457031 969.017517089844 963.764709472656 959.099060058594 954.163391113281 955.199401855469 952.243469238281 957.19140625 966.095336914062 971.474670410156 972.238220214844 974.154907226562 963.629760742188 969.155334472656 976.08447265625 982.903991699219 984.039733886719 972.340393066406 969.253112792969 970.449035644531 973.15576171875 964.031005859375 978.263122558594 973.680908203125 968.343688964844 979.068603515625 986.128662109375 980.698364257812 975.898986816406 978.99755859375 974.525390625 968.749084472656 980.430053710938 974.64453125 975.977661132812 973.289245605469 967.857055664062 966.828491210938 968.327575683594 965.581604003906 965.892028808594 960.989074707031 964.503784179688 957.17578125 962.3408203125 964.924621582031
949.38818359375 955.4951171875 964.164367675781 958.069213867188 953.425537109375 956.628234863281 954.054260253906 958.651062011719 965.582153320312 964.749084472656 977.068237304688 963.524475097656 972.593017578125 976.533142089844 968.731628417969 975.849060058594 977.028686523438 973.241088867188 970.293395996094 983.239624023438 968.758605957031 966.382202148438 974.719970703125 969.568115234375 969.351867675781 973.897583007812 978.522399902344 982.464965820312 968.005676269531 978.242980957031 975.64892578125 969.501037597656 973.73046875 967.251892089844 969.379089355469 975.298522949219 967.624816894531 962.742919921875 963.709411621094 966.900451660156 961.595397949219 961.356689453125 956.350402832031 957.005126953125 962.810852050781 957.515319824219
952.64892578125 954.931640625 957.015808105469 956.669738769531 956.98095703125 967.540283203125 967.858703613281 965.960388183594 966.262084960938 960.231811523438 964.94873046875 958.721557617188 961.574523925781 965.449645996094 975.894958496094 976.404724121094 973.445068359375 977.114624023438 980.836181640625 978.193298339844 972.691711425781 971.311096191406 972.164733886719 964.934936523438 965.821960449219 963.456970214844 966.840759277344 973.407836914062 979.083618164062 969.395935058594 976.574096679688 970.3232421875 966.140380859375 967.701171875 970.308227539062 968.217895507812 969.195068359375 961.704406738281 967.984375 967.251586914062 960.40234375 967.172973632812 958.349975585938 964.107238769531 961.89013671875 957.989440917969
949.187744140625 957.094970703125 960.174438476562 966.160583496094 965.207946777344 961.031616210938 960.341796875 961.553588867188 965.70263671875 961.071472167969 969.841979980469 968.3662109375 964.755126953125 967.4423828125 973.232360839844 980.087951660156 975.345397949219 979.352416992188 971.682250976562 974.052795410156 982.819030761719 973.750183105469 967.510803222656 965.492126464844 960.429748535156 964.411254882812 970.587097167969 975.341186523438 973.695068359375 970.156127929688 973.645446777344 971.143188476562 964.674499511719 960.09912109375 967.707336425781 964.755249023438 963.218017578125 962.424987792969 964.900939941406 965.150329589844 950.28369140625 958.016357421875 953.26220703125 961.592651367188 971.286682128906 970.280822753906
961.2607421875 957.324035644531 958.784545898438 962.727416992188 961.421447753906 958.653686523438 966.747741699219 966.309509277344 967.772216796875 977.59130859375 976.138671875 966.901428222656 965.199829101562 978.726928710938 972.194580078125 974.459777832031 982.8583984375 985.946228027344 985.328979492188 974.178405761719 970.137756347656 961.143371582031 958.347229003906 962.821838378906 967.498229980469 956.123657226562 958.585510253906 967.90234375 970.562927246094 970.352600097656 971.964599609375 972.335998535156 971.624877929688 964.5244140625 963.823364257812 963.663879394531 957.322204589844 968.936340332031 967.338562011719 962.653137207031 958.800537109375 955.183715820312 958.359436035156 964.311706542969 973.234069824219 966.440979003906
961.860534667969 952.070678710938 954.447875976562 961.0048828125 960.322692871094 966.704650878906 967.255310058594 970.398010253906 976.936950683594 975.230163574219 973.740112304688 975.06201171875 970.22314453125 974.968078613281 983.271850585938 980.33984375 982.715087890625 989.572875976562 998.885864257812 984.466979980469 969.691162109375 961.7763671875 954.921936035156 962.702575683594 965.583435058594 962.848388671875 960.307250976562 963.521606445312 970.297241210938 974.374755859375 974.287963867188 977.625244140625 974.070922851562 970.281921386719 963.411071777344 962.042663574219 957.778625488281 962.12939453125 969.94775390625 958.501525878906 952.993347167969 953.708435058594 951.326171875 964.46728515625 970.473022460938 966.505920410156
963.099914550781 967.628723144531 964.452758789062 965.814758300781 970.934020996094 970.895935058594 967.713562011719 968.417663574219 972.679016113281 972.948913574219 967.8662109375 966.413269042969 975.056945800781 986.344604492188 979.050476074219 984.192993164062 981.504577636719 991.090515136719 991.238342285156 984.697692871094 963.960693359375 963.493225097656 961.807006835938 957.112487792969 961.218078613281 959.38232421875 958.963500976562 965.146850585938 967.355041503906 970.338317871094 967.549560546875 970.478210449219 961.546142578125 957.690795898438 961.110656738281 959.894226074219 957.649108886719 961.167419433594 961.480041503906 963.26806640625 957.951416015625 954.105529785156 957.413208007812 963.87646484375 966.192138671875 970.238159179688
966.567260742188 964.057189941406 970.365844726562 964.852416992188 971.915405273438 971.194580078125 972.693969726562 975.792785644531 969.904357910156 971.865051269531 957.819702148438 957.799560546875 972.333068847656 967.746520996094 965.138610839844 979.41259765625 974.495849609375 978.405517578125 978.357299804688 984.023803710938 978.186950683594 964.484191894531 967.309265136719 956.906494140625 961.334106445312 967.21044921875 958.717529296875 966.011047363281 970.6875 960.224853515625 960.084716796875 967.384887695312 959.529907226562 962.730407714844 963.673156738281 963.776123046875 970.739807128906 965.736267089844 954.711486816406 964.470825195312 970.796813964844 956.601806640625 953.266296386719 961.141357421875 966.6376953125 962.736572265625
962.726379394531 966.244140625 962.088134765625 954.214294433594 967.036926269531 974.006896972656 970.24072265625 965.962341308594 969.952270507812 963.799133300781 964.323608398438 970.583740234375 970.506164550781 970.101867675781 976.812133789062 963.780029296875 974.483276367188 971.840087890625 972.322021484375 974.486083984375 969.499145507812 966.640808105469 967.925720214844 959.136047363281 957.143188476562 961.315612792969 962.765686035156 964.359191894531 971.653015136719 958.163818359375 961.108337402344 966.555725097656 955.145141601562 960.314636230469 967.219360351562 955.857727050781 970.439453125 965.219543457031 959.356567382812 959.258178710938 969.374206542969 960.46142578125 951.764770507812 953.072021484375 963.316955566406 960.480773925781
967.573059082031 964.500915527344 968.948120117188 968.002807617188 965.156433105469 970.767578125 969.652221679688 966.0400390625 968.590026855469 965.757934570312 971.414184570312 975.105529785156 979.258728027344 973.746215820312 968.960388183594 976.040161132812 966.115051269531 966.098022460938 966.467041015625 970.293640136719 966.557006835938 966.614379882812 954.155944824219 960.563232421875 959.638000488281 961.816345214844 963.955993652344 968.253356933594 972.742370605469 964.883728027344 962.57373046875 960.075439453125 960.068054199219 965.326293945312 961.001831054688 960.213073730469 955.376892089844 953.47705078125 946.540100097656 953.855712890625 969.183776855469 965.237670898438 966.652404785156 960.001708984375 958.843566894531 950.867492675781
962.671936035156 970.28466796875 977.009643554688 976.948486328125 972.00439453125 966.197692871094 965.270263671875 971.270568847656 972.104919433594 966.745239257812 971.710327148438 974.871887207031 977.048095703125 970.999145507812 975.672790527344 978.046875 974.475830078125 970.257751464844 968.881042480469 966.296447753906 963.867553710938 961.899719238281 966.703125 962.859313964844 967.602905273438 971.310546875 965.256530761719 958.2255859375 958.534057617188 955.571594238281 964.451721191406 960.1923828125 963.896606445312 961.219116210938 964.452270507812 952.524108886719 958.275085449219 952.213439941406 950.030578613281 956.906860351562 961.117919921875 977.702270507812 960.302490234375 954.409057617188 950.407165527344 957.286193847656
968.959533691406 969.546081542969 969.513061523438 966.728820800781 976.092102050781 976.041687011719 976.131469726562 962.608215332031 975.056640625 969.264831542969 970.851379394531 980.004638671875 975.268493652344 973.714782714844 972.511840820312 967.742492675781 965.826904296875 963.364562988281 966.992919921875 968.444274902344 961.050842285156 961.938903808594 953.998840332031 954.522399902344 950.694030761719 953.634338378906 952.174499511719 951.800415039062 951.44921875 955.316162109375 960.531616210938 955.013305664062 952.672424316406 955.525512695312 954.33935546875 954.594177246094 954.666870117188 957.944946289062 953.167358398438 952.521789550781 956.260498046875 962.566467285156 959.619873046875 955.395690917969 954.019653320312 957.828979492188
968.019165039062 959.069091796875 963.851440429688 969.345031738281 975.623596191406 976.279541015625 977.323120117188 978.525024414062 970.145446777344 965.413391113281 968.291320800781 970.751892089844 965.503112792969 964.25732421875 965.938842773438 971.638427734375 970.040649414062 965.554321289062 957.998046875 962.9326171875 955.988464355469 962.311706542969 956.755004882812 950.271423339844 950.4755859375 948.176330566406 943.474731445312 945.102111816406 949.844360351562 951.057495117188 955.910522460938 959.302307128906 950.957214355469 950.890014648438 958.26806640625 953.243896484375 955.025573730469 953.2783203125 957.272827148438 955.671264648438 957.126525878906 954.302368164062 952.873413085938 945.432373046875 941.883972167969 949.773376464844
960.596923828125 957.234191894531 957.429077148438 972.543518066406 975.842041015625 980.294189453125 976.821655273438 973.585266113281 965.339416503906 968.94970703125 965.111877441406 959.701477050781 961.451538085938 964.85205078125 961.6904296875 965.822570800781 961.887451171875 964.700439453125 956.10400390625 955.059204101562 955.103759765625 952.577087402344 954.884582519531 953.265319824219 944.770812988281 947.86767578125 947.355041503906 951.040771484375 944.644165039062 947.760131835938 945.787292480469 953.846252441406 941.128051757812 944.802917480469 947.269287109375 951.160766601562 957.159240722656 956.963500976562 955.908386230469 953.684509277344 950.109802246094 950.957885742188 940.573974609375 947.061401367188 946.170715332031 943.716064453125
