data/zlatibor_dem_simulations/DEMsim75.asc
NCOLS 150
NROWS 100
XLLCORNER 7394249
YLLCORNER 4841999
CELLSIZE 30
NODATA_VALUE -9999
[rows 0 to 19 of 100, columns 0 to 45 of 150]
1002.65783691406 1005.91674804688 1011.98199462891 1013.3271484375 1008.22729492188 1002.48651123047 1005.66394042969 1000.92218017578 1010.3193359375 1001.69464111328 1006.96881103516 1009.86346435547 1015.41271972656 1003.10235595703 1007.85247802734 1004.53637695312 1003.32800292969 1007.66418457031 1013.06622314453 1021.67651367188 1035.29479980469 1035.7177734375 1027.47900390625 1038.47082519531 1042.36926269531 1033.26782226562 1028.98034667969 1028.81213378906 1031.39904785156 1029.41442871094 1039.81042480469 1039.33264160156 1032.85717773438 1032.05419921875 1022.86334228516 1018.13671875 1006.82501220703 1004.03979492188 991.283386230469 981.450378417969 980.979064941406 975.492431640625 965.270080566406 966.366638183594 962.825866699219 973.820495605469
1000.97143554688 1000.79187011719 1013.90344238281 1008.68371582031 1004.60168457031 1004.93548583984 1003.13482666016 1003.44195556641 1012.57489013672 1011.58862304688 1004.19116210938 1015.134765625 1012.80145263672 1014.12664794922 1012.26348876953 1007.44812011719 1013.97119140625 1006.72882080078 1007.05859375 1023.45886230469 1034.15295410156 1035.77404785156 1031.3466796875 1032.71691894531 1034.32922363281 1033.58178710938 1031.72143554688 1025.08093261719 1027.00329589844 1029.93469238281 1045.486328125 1041.8955078125 1028.38525390625 1019.18041992188 1022.22918701172 1011.15948486328 1005.21765136719 1003.89117431641 996.583984375 990.197082519531 980.860107421875 974.892700195312 966.737731933594 960.129699707031 967.508850097656 972.466064453125
1006.97839355469 1013.05700683594 1017.62982177734 1005.98138427734 1005.81494140625 1005.31457519531 1002.89245605469 1013.39141845703 1017.27526855469 1019.49029541016 1013.13757324219 1012.42272949219 1010.70269775391 1011.79180908203 1002.63690185547 1007.51373291016 1008.65258789062 1007.8779296875 1017.70501708984 1020.53924560547 1031.33654785156 1038.64367675781 1037.12841796875 1038.62475585938 1031.14526367188 1026.05139160156 1023.51391601562 1023.23016357422 1026.29345703125 1027.04235839844 1028.34582519531 1027.43359375 1036.78247070312 1030.7890625 1026.90173339844 1021.45855712891 1012.08575439453 1003.07873535156 994.996459960938 989.490600585938 983.924560546875 983.754760742188 976.46533203125 973.263488769531 972.317565917969 976.525024414062
1002.41369628906 1006.357421875 1013.62707519531 1003.55267333984 1000.29315185547 1002.23986816406 1007.77697753906 1018.66046142578 1017.89764404297 1012.38854980469 1008.66998291016 1018.74609375 1008.98382568359 1001.22650146484 994.170959472656 1005.51635742188 1010.51098632812 1013.70367431641 1018.99084472656 1028.7958984375 1030.46606445312 1039.01281738281 1041.24597167969 1039.11608886719 1043.79248046875 1033.08666992188 1019.86627197266 1023.54650878906 1021.77770996094 1027.91528320312 1025.87976074219 1027.79418945312 1032.1552734375 1021.94970703125 1024.66845703125 1022.76104736328 1017.07318115234 1001.64862060547 1000.10510253906 992.504943847656 982.337585449219 981.653259277344 978.623107910156 980.253967285156 973.805847167969 981.167297363281
1003.89721679688 1006.64855957031 1002.79797363281 1004.39288330078 996.415100097656 1005.30902099609 1011.15545654297 1011.38488769531 1015.05157470703 1011.71539306641 1012.23675537109 1013.71893310547 1006.66357421875 1001.94458007812 1003.87176513672 1009.86895751953 1011.38690185547 1020.57238769531 1025.33630371094 1033.78552246094 1032.42150878906 1040.62719726562 1037.22314453125 1034.47509765625 1046.24328613281 1038.77136230469 1025.416015625 1015.48919677734 1029.93896484375 1028.34167480469 1028.71264648438 1023.4443359375 1029.64672851562 1023.21520996094 1012.70251464844 1016.39587402344 1013.14996337891 1007.25982666016 1001.23309326172 992.21044921875 986.3828125 989.788146972656 992.852783203125 986.316528320312 981.205139160156 986.376037597656
998.113891601562 1000.66552734375 996.167419433594 1001.56530761719 1011.49981689453 1012.58514404297 1001.02197265625 1010.14514160156 1018.14587402344 1011.1806640625 1000.22882080078 1002.76544189453 1002.34313964844 999.5712890625 992.065795898438 1009.63006591797 1011.25268554688 1020.18798828125 1031.06335449219 1029.91625976562 1032.34289550781 1040.64306640625 1028.9423828125 1029.40612792969 1034.70678710938 1033.61950683594 1023.92523193359 1015.64166259766 1014.41552734375 1014.44995117188 1015.27508544922 1015.62841796875 1017.91906738281 1018.09985351562 1020.11309814453 1013.50006103516 1011.1328125 1009.97045898438 1000.96716308594 991.448913574219 993.818725585938 995.394958496094 999.811950683594 1007.67529296875 1000.53039550781 993.310119628906
979.705810546875 988.282897949219 984.266845703125 995.753784179688 1001.56488037109 1010.72869873047 1008.92108154297 1010.50067138672 1010.39611816406 1006.85015869141 1004.51062011719 1005.77612304688 1000.29449462891 1002.77416992188 995.592346191406 1007.21173095703 1012.70831298828 1014.14599609375 1022.87786865234 1026.62463378906 1036.56286621094 1030.37268066406 1022.79919433594 1017.38970947266 1017.4716796875 1013.27294921875 1017.39123535156 1002.07757568359 1007.60534667969 1011.28393554688 1003.59106445312 1009.93688964844 1009.98602294922 1023.52661132812 1020.94744873047 1016.00933837891 1013.24755859375 1003.9794921875 998.60791015625 996.770751953125 1000.50225830078 1000.69366455078 1000.3427734375 1004.77709960938 999.3662109375 997.760131835938
978.052001953125 985.38818359375 991.160034179688 998.196594238281 1005.2880859375 1008.29541015625 1008.29498291016 1010.3251953125 1008.66229248047 998.567321777344 995.741943359375 1000.36224365234 1002.65496826172 996.813171386719 997.556945800781 1004.99713134766 1009.52734375 1014.63323974609 1022.29278564453 1029.49768066406 1026.19641113281 1026.11328125 1015.19775390625 1015.41949462891 1007.23236083984 1002.22583007812 1007.49114990234 999.844909667969 1006.53045654297 1012.72955322266 1011.90795898438 1007.15673828125 1004.37591552734 1013.29620361328 1020.27825927734 1022.37768554688 1024.080078125 1008.88714599609 997.105834960938 1001.25329589844 997.117614746094 999.527709960938 989.852783203125 992.882141113281 1001.85717773438 997.791442871094
978.868225097656 985.657287597656 997.671020507812 1007.38708496094 1000.73291015625 1008.24694824219 1001.20477294922 1012.60913085938 1008.66168212891 1006.14526367188 992.705261230469 995.140258789062 1000.71032714844 994.894958496094 1003.4111328125 1004.62469482422 1008.15289306641 1011.78503417969 1023.05230712891 1022.87554931641 1019.33099365234 1025.19409179688 1019.16577148438 1012.07550048828 1003.478515625 1002.19262695312 1002.65112304688 1004.28424072266 997.8544921875 1008.67474365234 1009.88854980469 1013.16040039062 1009.41857910156 1019.18432617188 1020.13671875 1026.921875 1022.41510009766 1010.90631103516 1008.73864746094 1000.31042480469 995.898803710938 991.404663085938 1001.84869384766 1007.46179199219 1009.09020996094 1005.15051269531
971.449340820312 983.445251464844 993.927307128906 998.488342285156 999.414794921875 998.910766601562 1002.54522705078 1004.55841064453 1008.26397705078 1006.45532226562 997.9873046875 988.625366210938 990.25439453125 988.302185058594 997.675415039062 1002.95001220703 1006.10711669922 1015.0888671875 1009.30718994141 1011.50610351562 1017.38208007812 1013.74957275391 1010.47894287109 1010.52709960938 1008.408203125 1004.80706787109 999.757629394531 1001.21862792969 1012.12945556641 1007.74700927734 1008.83599853516 1015.58868408203 1021.60260009766 1015.11901855469 1018.25970458984 1017.66156005859 1021.64660644531 1010.48858642578 1004.88684082031 997.909729003906 1001.78295898438 1005.09722900391 1013.67419433594 1014.60656738281 1014.88311767578 1014.92077636719
976.068908691406 984.236938476562 996.939758300781 993.008605957031 990.151306152344 997.606262207031 1001.56201171875 1003.82513427734 1001.74053955078 1002.57678222656 999.746826171875 997.690734863281 990.243530273438 991.578674316406 993.897888183594 994.522277832031 993.419311523438 1006.14794921875 1010.23541259766 1009.58666992188 1012.30548095703 1006.31750488281 1007.05181884766 998.435607910156 1004.08557128906 997.137878417969 994.262084960938 993.869750976562 996.7060546875 1005.22326660156 1017.99725341797 1015.73156738281 1018.34741210938 1014.81610107422 1012.66296386719 1019.96990966797 1024.30358886719 1004.05084228516 1000.13818359375 1001.34185791016 1005.20349121094 1006.25476074219 1015.26507568359 1013.60168457031 1017.66674804688 1013.43426513672
987.216613769531 986.455932617188 988.351867675781 978.09375 985.170166015625 986.554504394531 999.102172851562 994.226928710938 997.168884277344 988.682434082031 992.467956542969 987.37451171875 990.329895019531 994.450256347656 995.237609863281 992.735656738281 997.916198730469 996.741516113281 992.663696289062 1002.96136474609 1004.87921142578 999.560546875 996.126220703125 996.283569335938 999.286193847656 993.928100585938 993.837280273438 991.813720703125 993.470947265625 997.53662109375 1005.54541015625 1018.42645263672 1015.91998291016 1019.61853027344 1020.07611083984 1019.56890869141 1019.29357910156 1012.06719970703 1013.05859375 1009.49841308594 1008.19610595703 1004.41027832031 1013.31439208984 1019.99420166016 1017.45471191406 1019.70520019531
979.45849609375 991.666198730469 993.736450195312 981.064697265625 980.749572753906 980.927124023438 983.726745605469 987.717163085938 989.755310058594 984.497131347656 981.158813476562 985.055541992188 989.676208496094 988.209594726562 994.159545898438 986.968811035156 998.364868164062 991.142700195312 994.686584472656 999.398681640625 990.720092773438 990.596374511719 989.418151855469 989.616027832031 991.288513183594 992.511596679688 983.947326660156 991.540466308594 998.051025390625 1002.53155517578 1008.76770019531 1021.82141113281 1017.66943359375 1024.52368164062 1018.86077880859 1009.11181640625 1016.099609375 1020.06420898438 1022.31719970703 1021.45471191406 1014.55364990234 1011.59246826172 1010.20489501953 1020.79833984375 1022.98742675781 1021.14227294922
981.166137695312 989.133850097656 984.997131347656 987.182800292969 984.790344238281 985.288024902344 990.513000488281 983.783996582031 986.905090332031 988.80712890625 985.769714355469 978.095031738281 982.156188964844 985.583618164062 992.473754882812 987.369262695312 998.359191894531 996.006225585938 999.355895996094 991.490173339844 994.105285644531 990.518432617188 987.154113769531 982.795837402344 984.586181640625 985.893188476562 985.544677734375 985.581420898438 1001.36108398438 1018.52313232422 1013.44635009766 1025.54370117188 1022.20886230469 1025.48974609375 1018.69152832031 1019.2236328125 1020.53558349609 1030.21606445312 1025.12463378906 1032.34411621094 1029.37292480469 1014.24114990234 1016.82476806641 1013.66296386719 1017.42376708984 1017.42712402344
989.71533203125 991.686828613281 983.423889160156 983.853515625 986.940307617188 991.17626953125 994.603515625 990.972717285156 990.497680664062 986.281799316406 981.692077636719 981.194702148438 979.912902832031 972.627075195312 980.837097167969 982.997131347656 990.63232421875 986.863708496094 988.528625488281 992.925415039062 999.840881347656 990.986145019531 979.041137695312 979.614196777344 984.494140625 980.717712402344 988.794189453125 998.330322265625 1013.23840332031 1017.13397216797 1025.74682617188 1027.2802734375 1024.08276367188 1027.74279785156 1016.44885253906 1024.59240722656 1029.69750976562 1036.17114257812 1032.23095703125 1045.15258789062 1031.48571777344 1019.64398193359 1016.87744140625 1025.72253417969 1022.26611328125 1021.02905273438
989.427368164062 985.490112304688 986.044250488281 984.932250976562 987.723693847656 988.238159179688 988.112365722656 988.566467285156 986.842712402344 984.026306152344 976.889587402344 976.041809082031 967.113708496094 961.372497558594 968.676391601562 981.266723632812 982.973083496094 986.477966308594 990.737915039062 992.0302734375 995.519775390625 985.286010742188 980.479553222656 978.941589355469 982.862731933594 987.621337890625 1004.06219482422 1007.47961425781 1014.81762695312 1016.68334960938 1024.72888183594 1027.97265625 1020.42468261719 1015.06329345703 1026.05895996094 1029.20129394531 1036.08483886719 1044.81262207031 1041.10559082031 1043.99060058594 1033.38232421875 1028.27258300781 1019.80480957031 1018.38500976562 1025.06701660156 1024.24621582031
981.469787597656 985.497741699219 982.474609375 986.113464355469 990.476989746094 985.766662597656 987.323913574219 977.328063964844 981.345031738281 980.107177734375 978.491516113281 973.5078125 966.963623046875 971.038330078125 974.197631835938 977.144714355469 979.811584472656 974.051818847656 983.205993652344 983.8583984375 988.108520507812 990.294494628906 986.940185546875 985.944885253906 990.689147949219 999.719543457031 1000.80108642578 1019.49670410156 1013.64044189453 1017.89184570312 1030.59753417969 1031.34814453125 1021.53631591797 1019.05932617188 1025.06970214844 1029.09973144531 1033.62585449219 1034.98950195312 1039.29699707031 1039.33068847656 1037.20141601562 1041.81616210938 1029.07409667969 1028.46936035156 1022.68695068359 1012.38110351562
981.2978515625 977.941162109375 980.390075683594 984.058715820312 983.251403808594 987.910522460938 978.811401367188 992.362548828125 989.014404296875 977.624877929688 974.426696777344 967.787353515625 963.232238769531 968.197265625 958.077453613281 968.95166015625 976.559387207031 982.037231445312 983.439025878906 979.313720703125 979.511474609375 986.113586425781 974.624572753906 988.144470214844 993.717346191406 1004.63348388672 1011.78521728516 1019.03991699219 1022.86492919922 1030.69396972656 1030.66845703125 1029.38684082031 1024.51721191406 1022.39672851562 1019.86456298828 1030.77270507812 1020.31292724609 1029.27770996094 1040.14636230469 1040.44787597656 1042.78662109375 1044.20422363281 1033.83630371094 1023.93267822266 1023.64758300781 1016.92791748047
980.407470703125 974.252197265625 981.144226074219 979.814575195312 974.175903320312 972.261535644531 977.750915527344 982.858581542969 983.42822265625 978.756164550781 977.404174804688 974.559875488281 965.8486328125 969.296752929688 963.316345214844 971.6533203125 973.045288085938 980.0615234375 977.934692382812 974.782592773438 974.384094238281 982.591613769531 985.797058105469 985.827392578125 1000.62884521484 1006.60363769531 1007.24475097656 1012.12408447266 1025.07458496094 1026.64489746094 1030.37573242188 1025.12670898438 1018.79132080078 1010.47039794922 1025.38732910156 1023.54431152344 1021.91870117188 1030.33862304688 1036.71118164062 1035.21105957031 1033.00805664062 1038.65502929688 1044.65075683594 1034.61584472656 1029.60913085938 1021.57470703125
968.437133789062 972.817260742188 970.888854980469 969.048522949219 959.242614746094 965.677917480469 968.342651367188 969.935302734375 961.858459472656 967.2939453125 978.566040039062 971.029968261719 970.837524414062 965.905578613281 956.091979980469 960.468994140625 959.25146484375 966.268005371094 974.633728027344 983.847351074219 980.991943359375 982.174865722656 980.882385253906 989.652526855469 993.09228515625 1005.52917480469 1010.26141357422 1012.39038085938 1011.48980712891 1022.76379394531 1022.90869140625 1013.65155029297 1016.04406738281 1022.37512207031 1028.47570800781 1026.87084960938 1030.57666015625 1031.97778320312 1027.82495117188 1029.23217773438 1031.64392089844 1037.07666015625 1048.24877929688 1032.78552246094 1024.85192871094 1011.88482666016
