data/zlatibor_dem_simulations/DEMsim19.asc
NCOLS 150
NROWS 100
XLLCORNER 7394249
YLLCORNER 4841999
CELLSIZE 30
NODATA_VALUE -9999
[rows 80 to 99 of 100, columns 0 to 45 of 150]
933.194763183594 932.210632324219 930.024536132812 936.257263183594 936.955322265625 941.425720214844 940.905090332031 943.982238769531 954.34912109375 959.506652832031 960.862060546875 969.031005859375 976.152160644531 979.937255859375 980.42138671875 969.634887695312 978.777587890625 978.536987304688 979.335327148438 988.674377441406 986.974914550781 986.679748535156 988.277038574219 989.451538085938 996.775512695312 998.355041503906 986.9931640625 999.856384277344 996.245361328125 986.104248046875 987.23681640625 977.428955078125 983.074462890625 982.945983886719 986.954711914062 981.399169921875 993.087585449219 989.126342773438 981.817138671875 989.439697265625 975.955505371094 981.877258300781 992.758850097656 1003.46948242188 1009.03442382812 1020.03405761719
929.30615234375 922.758544921875 936.360534667969 943.746887207031 931.125305175781 935.1357421875 934.034484863281 944.301025390625 958.331787109375 964.868713378906 974.408508300781 976.863037109375 975.145263671875 981.89599609375 977.311767578125 969.852355957031 965.485717773438 974.527038574219 974.985534667969 976.185363769531 976.294616699219 980.500854492188 990.274047851562 989.255310058594 991.475280761719 986.839965820312 987.496276855469 988.680053710938 988.721252441406 978.007019042969 981.691589355469 974.2392578125 978.255676269531 987.278015136719 985.47412109375 978.907775878906 993.588623046875 985.595031738281 979.807434082031 983.374572753906 982.386413574219 994.936828613281 997.699096679688 1000.78125 1005.72308349609 1014.64923095703
940.273315429688 935.553161621094 940.35498046875 940.395690917969 935.666259765625 945.232788085938 932.721984863281 940.856994628906 962.561950683594 968.602844238281 975.374877929688 972.181701660156 968.462646484375 972.455139160156 968.239624023438 958.859436035156 961.695129394531 966.298400878906 970.220886230469 966.145446777344 969.505249023438 970.340087890625 983.355346679688 981.805847167969 983.365417480469 980.760009765625 983.252014160156 988.140869140625 987.224426269531 970.376892089844 978.463073730469 975.727233886719 980.225708007812 982.514709472656 979.055969238281 988.177429199219 990.95361328125 987.121154785156 978.191833496094 978.107116699219 981.704040527344 992.860229492188 997.905151367188 995.337341308594 1003.76678466797 1007.49890136719
931.676818847656 935.54833984375 947.069519042969 943.940307617188 942.808044433594 947.749267578125 946.120727539062 946.942626953125 954.767883300781 956.328674316406 967.245422363281 967.809875488281 966.871948242188 975.229064941406 970.731140136719 964.136047363281 955.275024414062 959.452758789062 961.39013671875 954.759094238281 964.443664550781 977.600830078125 978.6591796875 978.236022949219 973.346435546875 979.437133789062 981.041809082031 981.15234375 973.522277832031 966.720031738281 974.230163574219 971.87548828125 975.876647949219 986.153259277344 981.75439453125 989.482360839844 986.031433105469 976.021362304688 977.147888183594 987.29833984375 988.502136230469 1001.2900390625 1003.79711914062 990.553588867188 1000.13592529297 997.674743652344
939.984558105469 946.111572265625 952.382995605469 948.0302734375 946.511901855469 948.478637695312 946.813720703125 947.887023925781 950.274291992188 952.106262207031 961.772766113281 963.097412109375 959.272216796875 966.621337890625 965.187744140625 958.989196777344 958.298156738281 960.420959472656 957.348876953125 954.677368164062 960.722900390625 961.11865234375 967.464111328125 974.466674804688 971.909545898438 976.1904296875 976.443481445312 975.145446777344 961.263061523438 956.150024414062 961.274230957031 966.028076171875 976.209899902344 980.040405273438 979.968994140625 974.744201660156 974.762573242188 974.583557128906 985.660400390625 994.647888183594 997.808166503906 1002.53143310547 993.732116699219 988.213134765625 991.559143066406 996.244873046875
940.348266601562 940.966430664062 955.333740234375 948.926513671875 946.587585449219 949.8408203125 948.323364257812 950.454345703125 948.302185058594 949.893127441406 951.732421875 955.882446289062 954.343566894531 957.791381835938 953.473083496094 956.191040039062 959.533081054688 959.797668457031 957.4599609375 954.585998535156 956.108947753906 947.715454101562 962.671203613281 953.622985839844 952.6240234375 963.330261230469 960.697998046875 967.610900878906 956.388610839844 955.651489257812 960.506286621094 964.813598632812 963.86572265625 970.138000488281 970.331237792969 976.559936523438 970.249877929688 970.694580078125 983.153686523438 982.146789550781 987.891723632812 987.8623046875 989.068725585938 981.811645507812 991.024963378906 999.415161132812
945.1005859375 944.815551757812 941.271728515625 945.271484375 949.925476074219 948.530822753906 950.179565429688 948.088989257812 947.067932128906 945.956420898438 947.998779296875 954.645690917969 947.901794433594 948.4599609375 955.727111816406 949.904602050781 953.988586425781 964.398193359375 967.085815429688 966.001525878906 955.357666015625 950.085510253906 955.572937011719 947.53564453125 956.474975585938 955.2392578125 955.850280761719 962.481811523438 960.858947753906 961.002136230469 958.4677734375 961.974182128906 956.072143554688 956.025695800781 960.455688476562 973.717163085938 965.919189453125 965.213806152344 973.315002441406 968.67236328125 975.821899414062 971.886413574219 981.206298828125 979.94482421875 997.010681152344 993.049682617188
946.351928710938 939.273193359375 945.440734863281 949.984130859375 947.368774414062 950.736145019531 945.399536132812 948.169555664062 943.411743164062 940.969543457031 944.118835449219 949.222778320312 947.889343261719 948.76123046875 956.586669921875 949.755310058594 948.600158691406 957.653259277344 962.068176269531 958.969848632812 950.423645019531 951.244995117188 958.443237304688 960.805053710938 951.790405273438 958.903503417969 957.238159179688 967.441223144531 958.873657226562 957.630004882812 962.011291503906 957.18212890625 966.016845703125 956.055603027344 956.673278808594 962.203186035156 963.920349121094 963.893371582031 968.033081054688 970.380493164062 973.603637695312 972.855773925781 971.747985839844 981.440612792969 992.869689941406 990.922912597656
954.338134765625 954.070495605469 944.914428710938 946.585205078125 952.449096679688 940.671203613281 950.521240234375 945.805847167969 951.154724121094 949.303955078125 952.557800292969 944.208190917969 944.1181640625 944.719543457031 950.9306640625 952.581115722656 948.385375976562 951.654052734375 959.501770019531 961.59912109375 954.561401367188 953.549133300781 958.234985351562 960.024719238281 957.0712890625 964.4970703125 971.107849121094 970.3994140625 961.381286621094 961.159057617188 962.687744140625 962.070861816406 964.177551269531 959.133850097656 954.714477539062 959.968200683594 963.085998535156 961.054504394531 961.799987792969 962.647094726562 959.360229492188 968.98291015625 972.288391113281 977.482360839844 982.752014160156 981.337219238281
964.232299804688 962.623718261719 961.2890625 954.015930175781 948.320373535156 953.895385742188 958.0654296875 947.839660644531 949.690063476562 945.509643554688 947.902709960938 943.49560546875 945.731750488281 946.136901855469 946.269592285156 955.44580078125 960.493408203125 958.025390625 958.850830078125 964.038391113281 953.5009765625 954.763610839844 955.159484863281 962.820129394531 964.656677246094 966.363830566406 962.147338867188 962.86865234375 961.959045410156 962.070129394531 959.342041015625 963.953430175781 957.949462890625 961.99560546875 968.613830566406 960.715026855469 966.603515625 957.067077636719 954.697937011719 957.980285644531 954.306762695312 961.07763671875 967.671020507812 979.703491210938 976.543579101562 984.331420898438
958.624206542969 967.478332519531 966.704772949219 949.478881835938 951.242858886719 944.286437988281 951.687194824219 949.156799316406 953.592224121094 949.701110839844 952.710388183594 945.200500488281 951.616577148438 963.673278808594 966.821716308594 967.275207519531 966.838073730469 978.023193359375 971.449157714844 968.475830078125 952.479553222656 957.765075683594 965.237854003906 965.703796386719 966.189636230469 964.295288085938 958.876770019531 965.166442871094 972.018615722656 959.19482421875 962.233154296875 960.905151367188 963.862854003906 973.838745117188 973.2412109375 960.574035644531 963.177368164062 964.967041015625 964.650695800781 956.525146484375 967.402648925781 966.569519042969 970.190612792969 973.214904785156 976.457092285156 975.948974609375
958.0791015625 962.518676757812 964.37841796875 951.494750976562 952.335510253906 948.5302734375 947.042724609375 944.759704589844 952.763793945312 956.71240234375 961.383239746094 957.856872558594 962.046752929688 963.372009277344 970.627990722656 986.88330078125 985.941284179688 985.051391601562 975.255981445312 976.389526367188 968.973693847656 966.642761230469 971.933288574219 977.416809082031 960.288513183594 960.797485351562 952.649169921875 957.237487792969 968.281982421875 969.639709472656 965.620788574219 971.6796875 965.880981445312 978.701110839844 975.265930175781 976.354797363281 976.602111816406 970.596313476562 972.056396484375 962.222595214844 962.772644042969 973.357299804688 961.071228027344 970.714965820312 972.535217285156 970.698852539062
956.25634765625 955.721008300781 954.242736816406 960.808227539062 961.129455566406 952.091430664062 946.721618652344 950.501342773438 955.748291015625 961.626525878906 960.901123046875 962.104370117188 965.192199707031 968.607177734375 978.811096191406 983.619750976562 974.276977539062 969.735168457031 973.588500976562 969.775573730469 963.242309570312 959.674865722656 966.970825195312 968.040649414062 969.846984863281 961.118774414062 953.971069335938 959.802124023438 954.794372558594 965.481140136719 967.362670898438 960.987548828125 963.761779785156 975.521728515625 975.228698730469 975.688415527344 975.018920898438 976.830444335938 967.579223632812 967.644104003906 968.752502441406 968.872680664062 976.51708984375 984.77978515625 984.634643554688 971.251525878906
949.988037109375 961.312194824219 957.824401855469 966.217468261719 959.563720703125 949.610290527344 942.774719238281 942.469482421875 958.228149414062 960.239868164062 971.166198730469 961.448913574219 962.314331054688 967.064208984375 976.648681640625 982.890380859375 974.029968261719 966.023193359375 971.587341308594 971.613586425781 964.697448730469 962.249633789062 960.631896972656 961.642944335938 954.741821289062 972.446472167969 964.585571289062 963.449096679688 955.381103515625 952.799438476562 957.805541992188 967.752746582031 961.081359863281 972.641784667969 976.445678710938 972.709777832031 969.819030761719 969.065734863281 967.490112304688 971.450134277344 968.86083984375 972.041687011719 977.427734375 977.597839355469 972.387817382812 969.747436523438
952.556396484375 952.435791015625 959.345397949219 963.967956542969 959.543884277344 953.231628417969 947.236938476562 945.366516113281 954.852416992188 952.565979003906 964.631164550781 958.373901367188 956.226196289062 960.747253417969 967.482788085938 982.807739257812 975.677185058594 970.148742675781 962.834655761719 968.850219726562 968.522277832031 962.166320800781 951.051635742188 956.986022949219 967.444580078125 969.39208984375 968.381225585938 958.723693847656 971.225769042969 962.080627441406 960.835021972656 966.215576171875 962.417053222656 963.90869140625 968.026245117188 967.7978515625 969.960266113281 974.320373535156 973.302612304688 965.885681152344 972.01806640625 969.366271972656 983.761169433594 980.225708007812 973.334777832031 969.260375976562
950.045166015625 947.871337890625 952.109375 957.099426269531 955.55126953125 955.501586914062 946.542602539062 941.437194824219 950.641662597656 952.889038085938 949.479309082031 961.976928710938 966.3291015625 962.898071289062 965.975524902344 971.606994628906 982.408264160156 970.659729003906 965.387390136719 970.950988769531 972.657470703125 961.855834960938 961.391174316406 967.072875976562 971.841979980469 976.885009765625 972.10009765625 961.327758789062 965.271606445312 960.817565917969 964.576171875 968.977233886719 969.721374511719 967.744323730469 967.362670898438 967.991638183594 973.326232910156 974.950927734375 979.061706542969 972.113403320312 979.881286621094 977.549682617188 986.632080078125 980.402099609375 977.565185546875 973.690979003906
944.338256835938 943.234252929688 942.752075195312 950.253479003906 954.169250488281 954.652404785156 948.816223144531 947.190246582031 948.191528320312 947.335571289062 965.246215820312 968.981811523438 970.540222167969 971.355224609375 974.682739257812 982.9462890625 984.804809570312 977.600280761719 972.817199707031 976.908813476562 978.117614746094 975.279846191406 973.3291015625 975.993408203125 977.098510742188 975.358703613281 970.433532714844 966.654357910156 968.378540039062 966.036865234375 963.118713378906 970.538940429688 970.9287109375 968.065612792969 967.924621582031 964.513427734375 971.348571777344 973.965209960938 974.432189941406 974.619445800781 976.142822265625 978.567443847656 978.957946777344 983.050598144531 968.714965820312 976.272216796875
934.041015625 932.3017578125 940.053649902344 952.265625 953.439208984375 952.130432128906 948.443664550781 947.912414550781 945.273376464844 951.165405273438 959.945922851562 969.968994140625 974.769165039062 977.290161132812 977.664306640625 984.183898925781 985.596435546875 978.39013671875 969.704162597656 980.720092773438 982.724365234375 967.074645996094 974.2001953125 972.242553710938 977.148803710938 976.39208984375 969.302307128906 970.3369140625 964.608520507812 967.582580566406 973.1357421875 973.209228515625 970.519165039062 966.455871582031 973.815734863281 971.324035644531 974.274841308594 971.492309570312 963.113891601562 975.467712402344 981.665771484375 985.884399414062 982.44140625 989.052917480469 983.325561523438 971.818420410156
925.863525390625 933.275207519531 929.285461425781 938.155151367188 942.24169921875 950.781555175781 950.884765625 948.909912109375 955.862976074219 959.957702636719 964.49365234375 969.345825195312 974.461059570312 974.225036621094 969.267150878906 983.870239257812 982.914489746094 979.28662109375 973.588256835938 981.084411621094 970.906982421875 972.895080566406 972.581909179688 976.945861816406 982.295837402344 975.480285644531 976.903930664062 971.659240722656 972.059936523438 970.056640625 969.834838867188 960.403259277344 961.148742675781 964.626586914062 966.394409179688 977.453552246094 981.553649902344 972.648132324219 966.868713378906 964.57861328125 977.783325195312 982.67626953125 981.834289550781 982.126586914062 977.455993652344 980.368896484375
927.186584472656 932.340637207031 926.175659179688 928.268981933594 937.510375976562 939.906433105469 945.239135742188 945.13720703125 951.780822753906 963.733154296875 979.607666015625 974.539978027344 971.975952148438 973.208190917969 975.976989746094 979.868530273438 977.146423339844 983.26708984375 976.022216796875 978.598754882812 973.366271972656 971.77392578125 966.749389648438 972.355895996094 971.035827636719 978.522216796875 977.323059082031 972.526062011719 969.896362304688 972.306823730469 965.39111328125 967.410461425781 962.468811035156 970.294860839844 968.601257324219 979.703796386719 978.932250976562 973.455139160156 969.317993164062 962.442810058594 979.7900390625 981.369262695312 979.739868164062 974.775024414062 975.583251953125 981.873046875
