data/zlatibor_dem_simulations/DEMsim75.asc
NCOLS 150
NROWS 100
XLLCORNER 7394249
YLLCORNER 4841999
CELLSIZE 30
NODATA_VALUE -9999
[rows 60 to 79 of 100, columns 92 to 137 of 150]
963.955627441406 960.632080078125 961.877502441406 959.988525390625 968.987915039062 971.8193359375 977.069946289062 978.342651367188 977.6953125 989.611938476562 988.650817871094 997.909973144531 989.59716796875 991.574401855469 985.902526855469 992.355102539062 994.042358398438 993.668029785156 994.90966796875 994.796813964844 1004.58758544922 1009.00329589844 1011.52392578125 1014.85064697266 1013.36926269531 1012.07037353516 1001.89538574219 1002.31787109375 1000.68035888672 995.8896484375 1005.70977783203 1008.06115722656 1009.52917480469 1021.98254394531 1022.67730712891 1029.11694335938 1030.89184570312 1030.33044433594 1038.76574707031 1051.22668457031 1052.20007324219 1057.26733398438 1056.88452148438 1055.52514648438 1057.4228515625 1050.26318359375
967.197265625 970.869995117188 964.086608886719 965.730163574219 969.406066894531 979.678405761719 979.425903320312 986.874633789062 979.631286621094 986.9677734375 987.322021484375 995.183288574219 1002.94329833984 995.978576660156 996.166137695312 998.616149902344 1002.02032470703 1002.50805664062 1001.46704101562 1004.74438476562 1018.41253662109 1014.53057861328 1008.90954589844 1015.94409179688 1014.16815185547 1005.85394287109 1013.25024414062 1007.41723632812 1009.59124755859 1007.77709960938 1013.91918945312 1010.77227783203 1017.17645263672 1022.07989501953 1026.04626464844 1022.87524414062 1024.99621582031 1032.16088867188 1035.4951171875 1045.19470214844 1049.0517578125 1045.80041503906 1050.4365234375 1056.52429199219 1056.34606933594 1049.60021972656
968.010559082031 966.711975097656 974.817016601562 974.439208984375 972.417175292969 975.054870605469 979.059509277344 985.569519042969 979.872314453125 986.312255859375 979.248962402344 989.551025390625 991.737609863281 994.019409179688 997.875366210938 1000.64831542969 999.001281738281 1007.29296875 1010.00769042969 1015.24981689453 1019.99853515625 1017.09216308594 1010.94561767578 1012.20013427734 1009.734375 1008.24066162109 1016.90789794922 1014.35296630859 1010.37377929688 1002.66009521484 1011.06280517578 1013.95629882812 1015.84350585938 1024.57678222656 1021.37237548828 1019.04638671875 1023.09698486328 1024.01293945312 1029.4248046875 1037.67395019531 1040.81140136719 1044.3798828125 1046.5986328125 1041.39135742188 1047.13610839844 1044.19787597656
960.500061035156 964.439453125 971.277160644531 980.570190429688 977.333435058594 982.922790527344 977.914489746094 973.114440917969 977.009094238281 976.962951660156 978.555908203125 986.313598632812 995.288330078125 997.493286132812 996.100219726562 1010.23077392578 1006.33117675781 1006.60638427734 1009.40557861328 1013.60986328125 1025.27648925781 1021.48028564453 1016.43225097656 1012.48388671875 1010.60534667969 1010.84710693359 1011.88061523438 1009.61608886719 1007.26812744141 1013.69116210938 1009.65606689453 1015.81335449219 1019.43737792969 1022.72772216797 1017.33685302734 1023.18103027344 1027.69104003906 1025.45812988281 1022.38562011719 1028.76965332031 1037.90515136719 1042.86499023438 1041.08410644531 1039.50732421875 1043.46276855469 1037.654296875
965.082336425781 966.539611816406 972.023132324219 972.31396484375 983.494567871094 988.128479003906 987.416687011719 986.230163574219 984.020385742188 978.538146972656 980.585388183594 984.218994140625 989.84814453125 998.89404296875 1006.33825683594 1015.85003662109 1014.41290283203 1015.37158203125 1019.07843017578 1014.83361816406 1023.06341552734 1023.79949951172 1018.40869140625 1019.78234863281 1017.90313720703 1014.23455810547 1018.71472167969 1019.78894042969 1018.15563964844 1023.0732421875 1018.22210693359 1026.43811035156 1021.31170654297 1017.10620117188 1026.63610839844 1021.8623046875 1033.81872558594 1023.67486572266 1034.92663574219 1039.11499023438 1047.19689941406 1036.75402832031 1037.0771484375 1033.03015136719 1030.18029785156 1032.92614746094
973.623901367188 965.96826171875 973.733642578125 977.490234375 984.835632324219 991.888549804688 996.3544921875 992.906127929688 987.184753417969 984.193603515625 977.210815429688 977.3828125 987.489135742188 987.663696289062 1002.36590576172 1012.44476318359 1022.82330322266 1019.10308837891 1024.06787109375 1014.70568847656 1016.17303466797 1028.9326171875 1026.37414550781 1019.22161865234 1025.39013671875 1021.07482910156 1028.24633789062 1025.96032714844 1024.23815917969 1030.78051757812 1035.74548339844 1035.31811523438 1029.85656738281 1029.56701660156 1034.82287597656 1031.16882324219 1024.87145996094 1027.48107910156 1041.08190917969 1040.8740234375 1035.71252441406 1035.07202148438 1035.43688964844 1027.64990234375 1023.56781005859 1024.32055664062
977.82470703125 971.295043945312 980.072082519531 982.29345703125 988.683837890625 990.790283203125 991.199035644531 993.565612792969 992.250305175781 990.107055664062 976.337158203125 975.499084472656 981.782775878906 993.907958984375 995.6142578125 1017.34979248047 1012.61199951172 1023.88092041016 1026.32348632812 1025.30456542969 1027.65356445312 1026.47314453125 1028.85754394531 1028.83203125 1027.79724121094 1025.27001953125 1033.94311523438 1036.31591796875 1035.60827636719 1036.95886230469 1041.52465820312 1038.36108398438 1035.16662597656 1029.49291992188 1025.54455566406 1031.08776855469 1022.30633544922 1028.9736328125 1040.9541015625 1045.05419921875 1035.52001953125 1024.66027832031 1036.48400878906 1031.51892089844 1021.42120361328 1021.19293212891
980.156066894531 977.155151367188 980.957153320312 983.989501953125 996.545349121094 990.809936523438 1004.15484619141 994.161376953125 997.402404785156 985.352783203125 978.279174804688 977.311584472656 981.141174316406 992.150024414062 1010.27197265625 1018.3330078125 1017.26647949219 1028.91357421875 1032.51184082031 1033.20153808594 1032.9482421875 1032.64086914062 1023.95520019531 1029.53649902344 1029.68212890625 1038.25720214844 1039.99816894531 1041.32983398438 1042.95166015625 1038.673828125 1033.69116210938 1034.29028320312 1033.533203125 1023.73797607422 1031.16149902344 1030.67150878906 1028.78723144531 1038.009765625 1034.02917480469 1035.35705566406 1029.36572265625 1028.20971679688 1039.0126953125 1037.02563476562 1029.3369140625 1022.03100585938
977.177795410156 974.730895996094 979.146667480469 977.701477050781 998.5400390625 991.334411621094 991.678771972656 993.095825195312 992.072875976562 986.116088867188 989.786499023438 985.479736328125 994.664855957031 1000.60327148438 1010.92456054688 1021.30987548828 1024.2431640625 1027.578125 1033.32727050781 1028.72265625 1028.24658203125 1026.7392578125 1027.00866699219 1032.50061035156 1041.19665527344 1049.17407226562 1040.27270507812 1047.02587890625 1047.23864746094 1048.00244140625 1040.47216796875 1033.5478515625 1022.02746582031 1020.65698242188 1026.63049316406 1020.12811279297 1029.59729003906 1030.3046875 1024.88305664062 1028.61401367188 1026.90344238281 1032.43835449219 1028.43334960938 1027.24377441406 1030.19543457031 1022.22198486328
979.203125 974.798034667969 976.429443359375 982.945495605469 988.036682128906 996.026794433594 997.386962890625 998.084045410156 989.787780761719 992.764831542969 994.409606933594 992.973022460938 998.488037109375 1007.24041748047 1008.61639404297 1012.51483154297 1015.04998779297 1022.61413574219 1022.158203125 1031.5498046875 1028.51635742188 1030.46594238281 1034.48278808594 1036.19592285156 1039.82946777344 1041.02734375 1049.43640136719 1050.39099121094 1056.6142578125 1048.53759765625 1042.03283691406 1026.97583007812 1034.384765625 1022.29718017578 1027.30798339844 1022.82586669922 1032.95007324219 1021.30236816406 1018.30932617188 1017.080078125 1023.86553955078 1018.98608398438 1018.62390136719 1023.67077636719 1023.08288574219 1033.64587402344
975.24853515625 985.172302246094 984.839233398438 981.767700195312 990.623046875 990.117004394531 998.855102539062 990.306091308594 982.577453613281 987.600036621094 994.862670898438 1002.14404296875 1005.58544921875 1005.77038574219 1003.69915771484 1013.80950927734 1008.59185791016 1015.95086669922 1015.99114990234 1020.84234619141 1032.14721679688 1033.02551269531 1034.79296875 1032.06811523438 1032.19653320312 1023.525390625 1034.73010253906 1045.19787597656 1054.28125 1040.34167480469 1039.91528320312 1039.33361816406 1028.22961425781 1030.7001953125 1019.46130371094 1020.01629638672 1024.10046386719 1021.56134033203 1017.95202636719 1024.25634765625 1012.73565673828 1016.33288574219 1009.44842529297 1011.13110351562 1017.83819580078 1026.15393066406
983.494018554688 985.508728027344 980.105895996094 980.139953613281 992.914611816406 993.185180664062 998.6083984375 988.595520019531 991.530944824219 985.87646484375 992.312744140625 995.832214355469 1002.79968261719 1004.46087646484 1010.19946289062 1012.88208007812 1021.70660400391 1026.29870605469 1019.21752929688 1027.61694335938 1029.06689453125 1022.20129394531 1029.02819824219 1033.11547851562 1028.55419921875 1025.51904296875 1031.83605957031 1039.10827636719 1048.76135253906 1040.92175292969 1043.09973144531 1038.85571289062 1030.44482421875 1029.15930175781 1021.78771972656 1023.88641357422 1016.76818847656 1018.41619873047 1025.38513183594 1017.47467041016 1014.32958984375 1012.24371337891 1014.40325927734 1011.80279541016 1014.17834472656 1013.93762207031
993.345275878906 987.92578125 978.425354003906 975.576538085938 991.0234375 992.831176757812 992.322143554688 991.903564453125 982.015991210938 991.069519042969 990.491943359375 998.416748046875 1003.71142578125 1009.71923828125 1016.22155761719 1020.52770996094 1022.04278564453 1032.36096191406 1023.716796875 1030.86767578125 1029.66687011719 1018.634765625 1021.47814941406 1024.10437011719 1031.27624511719 1031.9638671875 1033.90270996094 1032.47094726562 1037.7275390625 1042.81494140625 1036.30322265625 1033.81079101562 1037.46728515625 1033.392578125 1029.98388671875 1026.6396484375 1025.56604003906 1027.58227539062 1025.90734863281 1021.34075927734 1012.60620117188 1012.36297607422 1014.12518310547 1017.77313232422 1014.95703125 1010.99493408203
991.124572753906 984.625183105469 977.821655273438 978.43994140625 991.560302734375 995.896850585938 989.874755859375 983.227661132812 988.156799316406 994.07080078125 994.709838867188 1000.46801757812 1016.77172851562 1009.51330566406 1017.46234130859 1026.76306152344 1032.30249023438 1030.29699707031 1034.42846679688 1033.54931640625 1028.23327636719 1011.49212646484 1017.64910888672 1022.18109130859 1029.62219238281 1028.74255371094 1031.41345214844 1023.77923583984 1032.66186523438 1034.90124511719 1030.68054199219 1027.86511230469 1026.72534179688 1026.03479003906 1022.28216552734 1024.14697265625 1021.73443603516 1025.24841308594 1025.30639648438 1011.91693115234 1010.50573730469 1005.71276855469 1005.93426513672 1014.70635986328 1020.01098632812 1023.92163085938
980.329772949219 989.819152832031 975.904418945312 989.845520019531 993.681457519531 998.513549804688 996.534423828125 989.462280273438 998.432678222656 1003.97888183594 1006.93395996094 1014.17852783203 1014.248046875 1015.18975830078 1016.63787841797 1032.46130371094 1037.29296875 1042.125 1043.15478515625 1033.64538574219 1025.11157226562 1018.48565673828 1016.06909179688 1010.29534912109 1015.40112304688 1018.87506103516 1021.22625732422 1022.80548095703 1015.24487304688 1021.03491210938 1021.28411865234 1024.83215332031 1019.23913574219 1018.36480712891 1016.86090087891 1024.17797851562 1017.18139648438 1012.74157714844 1011.18438720703 1013.25396728516 1002.74725341797 1001.09454345703 1004.29125976562 1009.48779296875 1015.82452392578 1013.39471435547
991.335510253906 983.551086425781 986.793701171875 993.120849609375 999.578247070312 1001.94464111328 998.290649414062 992.842590332031 994.57666015625 993.244750976562 1002.93701171875 1005.26159667969 1018.47473144531 1011.95355224609 1027.85034179688 1035.53674316406 1043.08581542969 1041.16442871094 1042.96240234375 1032.01733398438 1023.01110839844 1019.66552734375 1013.59759521484 1022.21832275391 1021.67883300781 1015.74792480469 1017.65783691406 1016.87432861328 1014.90441894531 1008.34985351562 1014.56939697266 1016.3427734375 1019.20989990234 1016.65216064453 1015.96685791016 1004.72735595703 1008.75775146484 1005.12243652344 1009.41632080078 1005.79357910156 1004.47802734375 994.393127441406 1003.740234375 1011.99005126953 1013.45916748047 1010.07342529297
984.379272460938 991.933654785156 990.585510253906 997.862915039062 992.931823730469 1003.33563232422 1001.66253662109 1004.40826416016 996.741333007812 995.102233886719 1000.91021728516 1001.35583496094 1005.08483886719 1014.47583007812 1027.22229003906 1038.97998046875 1056.23876953125 1045.07336425781 1042.05395507812 1037.4423828125 1028.57934570312 1024.73193359375 1021.814453125 1020.08483886719 1022.38830566406 1024.92431640625 1023.76208496094 1024.8310546875 1022.92303466797 1023.64312744141 1015.67523193359 1016.75543212891 1020.48968505859 1015.01513671875 1012.40972900391 1010.11938476562 1005.58453369141 1005.48651123047 1003.5712890625 994.352600097656 995.820007324219 985.506530761719 1008.61492919922 1012.43762207031 1019.73657226562 1014.18225097656
987.156982421875 987.775024414062 992.9130859375 995.7724609375 993.08251953125 1000.45074462891 1000.10168457031 1007.18383789062 1004.61279296875 1002.66607666016 1008.30084228516 1010.70831298828 1011.93914794922 1019.33917236328 1023.92730712891 1035.92663574219 1044.61083984375 1051.00158691406 1044.3681640625 1040.91540527344 1039.77978515625 1021.90026855469 1027.05224609375 1026.48864746094 1023.90930175781 1031.67626953125 1037.37744140625 1031.39855957031 1027.97143554688 1019.7197265625 1023.22320556641 1015.94525146484 1008.75109863281 1009.74920654297 1011.07147216797 1008.31695556641 1010.51263427734 1006.39434814453 1005.37377929688 1000.64837646484 990.018493652344 991.453308105469 1007.42443847656 1015.56622314453 1014.86303710938 1012.9609375
989.4130859375 986.789916992188 995.601684570312 994.162231445312 998.877807617188 1001.22863769531 996.627563476562 1005.50183105469 1002.7490234375 1004.96966552734 1010.94946289062 1014.66436767578 1014.62377929688 1025.60571289062 1028.74841308594 1039.41015625 1046.93334960938 1046.20031738281 1044.00708007812 1046.29638671875 1044.71520996094 1028.46740722656 1031.48132324219 1036.31298828125 1032.39428710938 1030.30749511719 1036.18920898438 1032.84497070312 1032.72314453125 1022.55328369141 1018.50671386719 1005.46752929688 1010.02496337891 1015.31866455078 1006.76226806641 1008.21411132812 1007.49243164062 1006.68103027344 1006.10778808594 991.908996582031 984.47705078125 989.892517089844 998.320861816406 1004.51800537109 1006.13800048828 1010.00811767578
997.207336425781 994.809204101562 987.847900390625 988.840515136719 996.856262207031 1005.23468017578 1000.61791992188 1007.05926513672 1007.82080078125 1004.81134033203 1005.61273193359 1011.83801269531 1019.94268798828 1018.69128417969 1029.76843261719 1036.53344726562 1036.35205078125 1043.47497558594 1038.7470703125 1042.59631347656 1034.38659667969 1038.69775390625 1037.328125 1040.69799804688 1033.38830566406 1033.29260253906 1031.84216308594 1027.27026367188 1023.14465332031 1011.67602539062 1012.70068359375 1009.25219726562 1011.11639404297 1011.6591796875 1006.96685791016 1010.18377685547 1012.42877197266 1005.46868896484 989.486145019531 979.391845703125 987.03515625 981.786010742188 995.098266601562 997.998718261719 997.766540527344 997.120361328125
