data/zlatibor_dem_simulations/DEMsim82.asc
NCOLS 150
NROWS 100
XLLCORNER 7394249
YLLCORNER 4841999
CELLSIZE 30
NODATA_VALUE -9999
[rows 40 to 59 of 100, columns 92 to 137 of 150]
993.29931640625 992.713684082031 990.577453613281 985.447082519531 992.855224609375 996.0009765625 992.403259277344 990.255920410156 992.341918945312 991.4609375 998.708618164062 997.606323242188 989.96435546875 988.633605957031 990.888122558594 989.957702636719 991.426513671875 985.641845703125 984.667053222656 994.239685058594 989.589599609375 994.045837402344 992.727844238281 988.950500488281 995.53515625 999.835021972656 1002.13311767578 995.973388671875 992.497436523438 998.712036132812 991.283996582031 991.418762207031 1001.02349853516 1006.65826416016 1014.25305175781 1019.20819091797 1022.24633789062 1023.42840576172 1022.52514648438 1022.96478271484 1028.92456054688 1033.03100585938 1036.96423339844 1034.24072265625 1043.78234863281 1054.857421875
990.250366210938 993.187316894531 999.362548828125 994.057189941406 988.543762207031 997.80908203125 994.719421386719 991.963989257812 991.407348632812 988.160766601562 988.447204589844 994.296325683594 992.762390136719 984.186218261719 987.992797851562 994.767028808594 991.231262207031 981.822692871094 987.35009765625 989.530517578125 990.359313964844 989.6748046875 984.004455566406 988.106872558594 985.344665527344 992.025146484375 990.92236328125 997.713684082031 991.812866210938 996.347961425781 997.941589355469 997.743774414062 1004.63861083984 1014.83642578125 1016.71630859375 1021.26232910156 1028.71667480469 1032.65270996094 1032.455078125 1030.8935546875 1036.47680664062 1039.09020996094 1039.34387207031 1047.28552246094 1053.5576171875 1062.537109375
991.622131347656 997.950866699219 994.559875488281 993.339660644531 990.478271484375 992.014892578125 991.191955566406 988.72412109375 986.047119140625 973.779235839844 986.868896484375 983.051330566406 981.947570800781 985.175170898438 986.636962890625 992.178771972656 986.731994628906 986.431091308594 987.315246582031 985.81591796875 988.639099121094 987.602478027344 986.355346679688 988.79443359375 992.69873046875 990.46337890625 987.037109375 998.418395996094 1000.26953125 998.856628417969 992.332397460938 997.457824707031 1004.86993408203 1011.51043701172 1016.55834960938 1021.05078125 1026.12084960938 1033.50256347656 1036.02941894531 1033.10424804688 1042.17529296875 1049.72680664062 1056.23449707031 1054.81713867188 1063.86511230469 1065.37524414062
985.975341796875 991.821472167969 985.521606445312 987.995666503906 983.568237304688 989.041442871094 982.352172851562 990.860107421875 977.9091796875 982.801147460938 986.980285644531 982.210693359375 985.8349609375 981.474487304688 986.756774902344 987.840637207031 982.38671875 987.218994140625 982.526733398438 984.58935546875 986.428649902344 982.003112792969 983.3828125 997.608764648438 1005.00061035156 1001.87420654297 1002.00201416016 994.602111816406 997.840026855469 995.748352050781 997.447143554688 997.153564453125 1010.78698730469 1019.98748779297 1017.58715820312 1024.87854003906 1026.998046875 1037.10864257812 1046.16516113281 1051.56896972656 1057.5439453125 1062.10217285156 1064.5927734375 1077.06994628906 1077.38500976562 1072.22839355469
987.487548828125 985.371887207031 987.7333984375 984.251892089844 984.324951171875 982.966979980469 978.169921875 983.065612792969 977.345397949219 985.946166992188 983.098083496094 985.768981933594 980.623474121094 981.8671875 990.711853027344 983.87744140625 983.68896484375 991.851928710938 990.757873535156 991.57958984375 988.920471191406 993.855590820312 992.898376464844 1005.61419677734 1004.09545898438 1012.93121337891 1002.96655273438 991.190673828125 992.402404785156 996.637634277344 998.938415527344 1003.37774658203 1011.55682373047 1026.98754882812 1027.92651367188 1033.88037109375 1035.39428710938 1045.15502929688 1057.09399414062 1066.39636230469 1068.42517089844 1077.61938476562 1075.177734375 1080.09851074219 1089.04699707031 1086.42749023438
982.761840820312 981.874755859375 988.147399902344 980.842102050781 975.637878417969 973.403747558594 973.908630371094 976.03955078125 972.567932128906 985.775573730469 984.05126953125 985.658081054688 977.774719238281 982.634582519531 986.978637695312 985.84765625 984.949584960938 988.828369140625 989.778625488281 998.141174316406 995.589416503906 998.492248535156 1000.11114501953 1003.40625 1006.21075439453 1010.74133300781 1000.46179199219 996.883239746094 999.5859375 997.422485351562 1003.95690917969 1015.0029296875 1026.50756835938 1026.66723632812 1038.23962402344 1041.75854492188 1049.24548339844 1060.7734375 1067.18322753906 1073.86755371094 1078.60656738281 1075.83020019531 1075.46411132812 1076.66772460938 1080.16613769531 1088.07348632812
978.197082519531 984.745849609375 986.026489257812 984.083557128906 976.92333984375 973.332702636719 974.234497070312 974.296813964844 978.498596191406 981.571655273438 985.977478027344 989.880432128906 990.235900878906 986.162414550781 979.39990234375 984.010314941406 994.104614257812 988.579895019531 998.805969238281 999.302673339844 1004.84234619141 1004.46759033203 1002.87854003906 1007.77600097656 1006.17846679688 1009.53686523438 1007.53985595703 1001.84942626953 992.152404785156 999.34912109375 1008.65600585938 1018.12670898438 1029.66442871094 1040.74108886719 1043.81701660156 1047.7333984375 1056.49865722656 1067.81567382812 1077.31188964844 1073.45007324219 1079.59729003906 1076.357421875 1071.68640136719 1065.0537109375 1076.806640625 1082.333984375
976.94921875 977.747802734375 986.882507324219 977.61962890625 979.1689453125 973.64306640625 974.437622070312 976.965087890625 975.2197265625 980.736450195312 985.568725585938 991.580749511719 994.227416992188 985.572509765625 987.138427734375 995.744079589844 990.052307128906 992.899047851562 997.540954589844 989.3916015625 991.484069824219 994.622863769531 1002.10479736328 1000.63623046875 997.751953125 1001.84973144531 1000.22698974609 998.075439453125 1001.74035644531 1003.36157226562 1010.21997070312 1018.20812988281 1025.15490722656 1038.36645507812 1045.20593261719 1054.4150390625 1061.16638183594 1064.50134277344 1072.3173828125 1079.51403808594 1082.97448730469 1092.34143066406 1080.77111816406 1073.6708984375 1078.59899902344 1077.61999511719
972.308044433594 975.341674804688 979.697387695312 983.586853027344 978.444458007812 974.111022949219 968.423522949219 966.240905761719 975.506774902344 988.081481933594 996.236022949219 989.571838378906 990.609680175781 994.33203125 989.081665039062 990.116394042969 983.499816894531 988.907531738281 992.117553710938 996.398071289062 999.230895996094 987.864929199219 996.227416992188 996.976989746094 995.711975097656 1003.2958984375 1005.44299316406 1005.76049804688 1004.02581787109 1011.05474853516 1008.35931396484 1020.23382568359 1031.8017578125 1048.82043457031 1044.66259765625 1047.08264160156 1050.00219726562 1058.216796875 1065.69213867188 1073.91687011719 1084.78491210938 1087.83715820312 1083.41162109375 1083.05297851562 1081.7490234375 1092.19409179688
967.115539550781 972.744934082031 983.463989257812 980.861083984375 980.987548828125 975.27783203125 967.426391601562 972.22119140625 984.962951660156 985.584594726562 997.537170410156 991.964538574219 988.266479492188 993.288024902344 987.485778808594 990.716491699219 981.2666015625 990.4267578125 994.229187011719 989.629760742188 990.260375976562 991.22119140625 988.995849609375 996.6728515625 996.296752929688 995.230285644531 1004.30480957031 1012.22222900391 1008.53405761719 1008.08752441406 1019.54400634766 1031.17614746094 1034.48352050781 1043.38244628906 1030.72192382812 1036.78454589844 1042.38745117188 1046.63146972656 1058.41662597656 1068.8212890625 1080.2490234375 1081.50048828125 1088.65698242188 1088.673828125 1090.59521484375 1096.8466796875
964.646484375 970.45947265625 976.379760742188 975.165466308594 980.165832519531 978.361267089844 980.35986328125 983.508422851562 986.859680175781 991.109069824219 986.015563964844 985.324768066406 987.213562011719 983.213745117188 983.606079101562 986.563598632812 985.767395019531 990.485229492188 992.643798828125 988.89208984375 982.283630371094 987.536499023438 995.7705078125 994.993347167969 997.342529296875 1004.92407226562 1013.60729980469 1004.76489257812 1015.41430664062 1020.20550537109 1026.48449707031 1034.25012207031 1036.36254882812 1039.37890625 1024.36120605469 1027.34594726562 1035.93981933594 1051.76538085938 1053.98791503906 1066.29309082031 1080.5302734375 1093.13903808594 1092.82373046875 1086.89489746094 1094.40551757812 1090.05505371094
976.146728515625 972.936645507812 979.795288085938 979.705627441406 975.086181640625 974.394348144531 975.973327636719 983.366760253906 990.149719238281 995.318176269531 991.278869628906 980.974731445312 975.62890625 981.495483398438 986.495483398438 978.952514648438 987.021545410156 991.045288085938 993.639526367188 985.486694335938 978.283386230469 976.352905273438 984.625610351562 995.571716308594 1001.6484375 1014.38903808594 1006.19781494141 1007.90875244141 1012.03063964844 1015.25347900391 1020.25799560547 1025.9931640625 1033.37060546875 1035.98449707031 1034.88220214844 1030.43530273438 1038.79467773438 1045.46630859375 1058.6201171875 1067.10363769531 1076.77099609375 1092.75280761719 1095.64233398438 1096.59619140625 1094.38305664062 1086.15710449219
975.083251953125 974.002258300781 977.592651367188 972.568908691406 974.314086914062 972.941772460938 971.879028320312 986.529846191406 989.924621582031 982.945678710938 979.601013183594 980.727722167969 979.265991210938 979.668029785156 981.122131347656 980.284057617188 985.378295898438 987.865661621094 988.324890136719 986.239440917969 982.354614257812 987.247314453125 990.124450683594 993.718139648438 1003.58935546875 1002.27551269531 1008.33032226562 1008.09490966797 1010.76519775391 1016.02789306641 1015.98449707031 1023.50897216797 1036.02917480469 1043.78247070312 1031.27478027344 1030.95483398438 1036.16943359375 1043.892578125 1058.54870605469 1067.00061035156 1076.84362792969 1091.61633300781 1090.95056152344 1092.47119140625 1095.35754394531 1088.35705566406
969.712158203125 973.315673828125 970.541015625 972.5244140625 973.570678710938 964.225158691406 960.911987304688 966.287719726562 976.497619628906 968.9404296875 973.872619628906 975.761352539062 977.256469726562 973.21875 983.884155273438 977.240173339844 977.094421386719 985.759094238281 983.757751464844 989.265075683594 982.560913085938 987.09033203125 989.637451171875 990.416381835938 1006.4375 1000.26062011719 1006.94567871094 1012.47760009766 1019.79974365234 1016.60375976562 1024.45385742188 1022.96368408203 1025.66882324219 1035.52685546875 1030.61303710938 1030.82580566406 1039.23559570312 1041.34631347656 1052.9521484375 1061.91662597656 1065.30139160156 1085.224609375 1089.46472167969 1084.31799316406 1091.89025878906 1086.6513671875
978.259765625 964.694763183594 972.001708984375 965.380737304688 973.482360839844 964.464538574219 968.936828613281 966.673706054688 971.857238769531 970.684143066406 979.920776367188 980.2685546875 979.364562988281 987.915100097656 978.668579101562 984.679016113281 974.979187011719 977.357788085938 985.624877929688 989.22021484375 985.461242675781 984.266784667969 989.536010742188 993.452392578125 996.511291503906 1004.40148925781 1002.60882568359 1015.62640380859 1007.58685302734 1020.76580810547 1025.04943847656 1022.47711181641 1023.08880615234 1022.23712158203 1021.62084960938 1027.88134765625 1036.94018554688 1048.71215820312 1054.39147949219 1061.3525390625 1066.68994140625 1078.12878417969 1082.08483886719 1085.10119628906 1094.61511230469 1087.01684570312
969.786987304688 965.048706054688 967.892700195312 969.672485351562 976.299438476562 972.905151367188 965.193725585938 973.9453125 969.65771484375 979.678283691406 984.843017578125 978.914794921875 981.248657226562 987.124816894531 982.560546875 987.649963378906 984.818237304688 986.5595703125 988.663269042969 981.530090332031 984.863891601562 985.748962402344 997.288208007812 992.824340820312 1010.26892089844 1001.29730224609 1002.2734375 1011.57537841797 1019.83520507812 1019.56115722656 1012.12506103516 1011.92327880859 1019.56170654297 1018.61151123047 1024.84790039062 1033.20068359375 1033.92358398438 1046.91455078125 1051.17578125 1059.60314941406 1059.18078613281 1071.77062988281 1082.74658203125 1086.16882324219 1094.02221679688 1098.71166992188
972.5283203125 972.589538574219 970.092529296875 975.859130859375 972.831176757812 971.583435058594 971.065246582031 973.608459472656 980.097473144531 983.197937011719 977.3720703125 980.153442382812 978.249328613281 984.660095214844 982.631103515625 984.379455566406 986.245483398438 994.222351074219 993.858703613281 992.365966796875 985.009155273438 985.88720703125 992.002014160156 989.998596191406 1000.61712646484 998.802429199219 1009.82543945312 1007.84631347656 1010.54260253906 1014.66809082031 1007.61041259766 1002.78656005859 1015.63812255859 1013.552734375 1026.60900878906 1032.76062011719 1031.80065917969 1036.13830566406 1047.37145996094 1052.32568359375 1052.69128417969 1077.8056640625 1082.71411132812 1085.14172363281 1097.45227050781 1095.1796875
968.541870117188 973.02392578125 974.679382324219 984.035766601562 968.573852539062 972.272277832031 975.071533203125 978.1806640625 982.235168457031 977.354858398438 974.33203125 970.100524902344 973.154602050781 986.618103027344 984.538208007812 978.954162597656 989.729797363281 994.480529785156 993.150207519531 990.532165527344 999.755737304688 999.817260742188 993.5615234375 988.476379394531 998.097778320312 1003.71710205078 1006.81768798828 1008.98217773438 1002.93988037109 1012.6474609375 1011.45721435547 1005.91009521484 1010.52667236328 1018.83477783203 1023.15045166016 1032.03173828125 1028.64514160156 1041.10424804688 1044.69982910156 1050.22985839844 1056.68762207031 1070.50366210938 1084.28356933594 1097.947265625 1096.15734863281 1091.23815917969
976.524353027344 971.234252929688 980.171630859375 982.595031738281 973.237670898438 969.344421386719 978.8134765625 978.850708007812 979.335021972656 974.312622070312 978.698547363281 978.158203125 974.58447265625 980.926513671875 983.190612792969 990.97509765625 995.236389160156 989.505065917969 993.027587890625 989.421325683594 990.749877929688 997.536804199219 997.255065917969 996.852905273438 997.874206542969 1000.67150878906 1004.45056152344 992.292907714844 991.750183105469 998.279296875 1007.78656005859 1007.03881835938 1013.78363037109 1014.56457519531 1024.75659179688 1032.37854003906 1034.84399414062 1034.91650390625 1045.12145996094 1055.88159179688 1063.22253417969 1076.55822753906 1087.55651855469 1101.97412109375 1103.25500488281 1088.00415039062
973.509460449219 969.211181640625 966.576049804688 982.599365234375 976.660339355469 968.48193359375 978.039611816406 974.973876953125 967.019470214844 975.041748046875 987.030090332031 985.789184570312 980.948181152344 985.178344726562 984.855712890625 992.065551757812 991.894775390625 987.156066894531 991.243225097656 985.332397460938 992.500305175781 1002.23175048828 997.864501953125 999.658630371094 998.958557128906 1005.26977539062 1000.12878417969 993.314147949219 995.744812011719 997.636474609375 1014.89086914062 1016.89135742188 1016.36584472656 1020.67248535156 1024.56713867188 1035.74731445312 1034.6875 1041.72058105469 1053.41223144531 1058.501953125 1072.59240722656 1078.70068359375 1083.06494140625 1096.65600585938 1090.11962890625 1073.16284179688
