data/zlatibor_dem_simulations/DEMsim31.asc
NCOLS 150
NROWS 100
XLLCORNER 7394249
YLLCORNER 4841999
CELLSIZE 30
NODATA_VALUE -9999
[rows 40 to 59 of 100, columns 0 to 45 of 150]
952.26708984375 948.483947753906 959.544677734375 966.385437011719 971.573425292969 973.776611328125 972.259216308594 967.700561523438 961.310363769531 963.740173339844 964.272705078125 976.581665039062 975.968078613281 971.318542480469 971.223510742188 976.072082519531 976.406005859375 974.252258300781 978.7783203125 972.037536621094 980.384643554688 973.958251953125 970.676696777344 979.401550292969 983.580139160156 981.734924316406 979.303405761719 969.3935546875 974.699401855469 981.201416015625 967.381042480469 975.309387207031 976.582702636719 978.491516113281 981.553283691406 982.456298828125 979.003051757812 972.314270019531 976.31298828125 973.253784179688 978.150390625 974.914611816406 970.081176757812 978.398559570312 971.572509765625 966.095581054688
950.139587402344 955.423034667969 950.401428222656 965.403259277344 963.760864257812 963.094360351562 957.775817871094 964.035217285156 961.132629394531 966.018920898438 963.705261230469 969.797485351562 973.063171386719 977.86669921875 969.553955078125 971.144104003906 979.08642578125 977.763671875 970.427734375 973.966003417969 975.284240722656 977.564880371094 979.334899902344 973.983825683594 978.824951171875 977.771057128906 973.096984863281 971.724548339844 974.518371582031 976.252258300781 976.886840820312 975.639892578125 975.27685546875 970.521057128906 973.766235351562 981.451293945312 980.570190429688 975.80078125 979.655700683594 968.052001953125 982.88427734375 973.216735839844 967.460021972656 974.166137695312 963.717529296875 966.92724609375
953.508911132812 951.769104003906 957.53125 961.329040527344 956.394165039062 958.471069335938 956.426147460938 964.640808105469 965.287658691406 972.130981445312 972.08642578125 970.775085449219 975.954467773438 968.546508789062 964.115051269531 965.744934082031 970.878601074219 975.839416503906 977.086486816406 981.16796875 975.24365234375 975.367431640625 969.950256347656 961.946411132812 965.266052246094 973.126708984375 972.584777832031 969.847961425781 975.784729003906 977.739501953125 976.106140136719 983.729370117188 972.195129394531 970.811340332031 974.093872070312 978.251220703125 981.109985351562 981.093994140625 980.108520507812 973.628662109375 968.74853515625 967.692260742188 967.930297851562 972.044982910156 971.047729492188 968.676513671875
946.798767089844 945.955810546875 957.871887207031 960.475463867188 953.961608886719 955.860046386719 962.3828125 962.79833984375 967.809692382812 968.109436035156 963.880920410156 971.105712890625 965.698425292969 959.590759277344 963.271606445312 966.193969726562 976.566650390625 980.587036132812 986.128784179688 977.354736328125 970.757629394531 966.685791015625 961.082885742188 956.094360351562 959.751892089844 965.339233398438 965.345092773438 966.3662109375 975.431213378906 985.081298828125 981.075927734375 972.009399414062 975.533996582031 977.403198242188 973.509033203125 970.698791503906 974.04833984375 977.709228515625 976.346252441406 972.0556640625 971.914916992188 963.021301269531 968.40380859375 973.840454101562 967.815246582031 968.789001464844
949.374572753906 948.303955078125 948.439147949219 955.091186523438 949.003967285156 957.997375488281 959.113525390625 953.934692382812 959.79541015625 960.426879882812 966.326171875 967.925415039062 965.027954101562 963.1220703125 965.138305664062 970.372619628906 971.613708496094 977.86328125 973.602844238281 970.389831542969 970.864685058594 964.497985839844 965.009948730469 956.050720214844 957.542541503906 960.354858398438 956.421752929688 961.694580078125 983.847961425781 976.107360839844 984.713500976562 980.680603027344 979.269104003906 970.949523925781 973.949584960938 977.255737304688 978.227172851562 971.787841796875 970.934631347656 977.601318359375 971.088134765625 970.770080566406 971.219787597656 972.580871582031 970.460510253906 963.986938476562
949.825439453125 952.427490234375 953.089782714844 957.328125 960.799011230469 956.109375 965.466674804688 967.272827148438 961.387451171875 968.617614746094 965.169311523438 971.749328613281 968.237426757812 972.575439453125 967.046325683594 981.010864257812 976.294128417969 970.839172363281 978.647705078125 971.634216308594 967.993896484375 967.955932617188 964.355834960938 966.428405761719 960.077209472656 960.715454101562 955.668151855469 959.620300292969 978.192565917969 976.971618652344 976.690246582031 980.211547851562 974.529602050781 974.189208984375 974.3427734375 978.154663085938 976.857604980469 975.248779296875 971.751281738281 974.428771972656 968.627136230469 979.195739746094 964.299621582031 969.592102050781 967.5771484375 967.148986816406
949.481628417969 951.389221191406 956.680847167969 962.402893066406 958.443176269531 959.394836425781 962.614135742188 967.040222167969 963.196350097656 964.554077148438 964.723388671875 964.238403320312 969.559692382812 976.947937011719 973.697082519531 970.307861328125 978.566711425781 982.909729003906 968.036560058594 966.935668945312 965.974365234375 971.932373046875 963.471740722656 962.031677246094 962.960021972656 965.004821777344 967.066101074219 971.150634765625 979.51953125 970.090393066406 977.502380371094 977.157043457031 976.546752929688 979.617614746094 981.700012207031 973.337890625 968.788818359375 972.351623535156 965.400817871094 965.597778320312 964.4716796875 963.85888671875 960.524047851562 957.245727539062 962.013916015625 962.48193359375
959.527526855469 956.955932617188 956.139892578125 959.939025878906 960.817810058594 958.367797851562 964.069702148438 968.913269042969 974.528503417969 963.226806640625 959.705139160156 964.170654296875 979.547607421875 981.754516601562 970.280822753906 972.94921875 971.774719238281 975.187927246094 972.571594238281 966.000671386719 964.619567871094 977.289184570312 969.512634277344 964.952819824219 965.990661621094 961.514099121094 964.057006835938 969.155883789062 971.255249023438 971.463562011719 971.02587890625 966.037841796875 971.624389648438 982.700988769531 976.059020996094 971.351318359375 963.830139160156 968.772521972656 969.20458984375 967.312072753906 963.858093261719 959.747436523438 965.825866699219 964.166748046875 962.922790527344 962.738708496094
950.052124023438 955.640319824219 953.509155273438 952.369873046875 959.921081542969 963.339599609375 967.691955566406 962.254455566406 965.653259277344 962.422790527344 967.1259765625 976.149597167969 982.79345703125 974.791076660156 981.889343261719 974.120971679688 970.6396484375 972.459716796875 972.962890625 967.747375488281 961.759582519531 969.352600097656 967.58349609375 966.305114746094 961.177734375 956.754089355469 958.071533203125 965.142150878906 970.425964355469 970.505554199219 968.068969726562 969.937438964844 970.140441894531 979.581604003906 976.23828125 958.076721191406 963.800659179688 963.420349121094 963.76416015625 967.594848632812 960.234497070312 956.730041503906 961.977233886719 956.91943359375 958.819458007812 963.894165039062
953.410583496094 948.588256835938 950.328125 954.587036132812 955.484375 958.436828613281 959.297729492188 952.557495117188 959.990478515625 964.151184082031 964.003723144531 972.314453125 973.122314453125 972.655456542969 982.968688964844 980.680236816406 979.030700683594 975.579895019531 968.836303710938 968.059509277344 964.740539550781 961.094848632812 965.308349609375 966.684692382812 960.904418945312 964.494995117188 956.21435546875 967.249755859375 967.605773925781 966.385620117188 968.525695800781 972.511901855469 970.156860351562 968.609558105469 971.333068847656 970.627380371094 972.825439453125 962.890869140625 961.669555664062 964.621643066406 960.540466308594 958.308044433594 952.751831054688 956.7021484375 960.764709472656 964.48388671875
957.525329589844 955.132934570312 961.124755859375 956.630737304688 954.091491699219 951.644592285156 956.197387695312 961.56103515625 970.005310058594 971.634216308594 970.939758300781 973.315551757812 973.050476074219 979.265258789062 977.380554199219 977.021423339844 976.34423828125 978.382080078125 977.854125976562 978.676574707031 969.763305664062 961.007995605469 965.2001953125 966.405944824219 961.974060058594 963.057373046875 963.80224609375 960.940246582031 970.549926757812 973.850036621094 969.737365722656 962.299377441406 971.447692871094 966.00537109375 970.288513183594 965.107299804688 963.356262207031 960.034790039062 956.806579589844 954.558898925781 955.311645507812 961.803955078125 963.338562011719 962.95654296875 962.232177734375 967.768493652344
958.280578613281 956.70458984375 962.10302734375 965.447570800781 963.423645019531 964.730346679688 957.600708007812 969.005737304688 976.430969238281 976.970153808594 983.242431640625 976.58056640625 983.912902832031 987.27734375 973.61669921875 966.636413574219 969.191162109375 970.513916015625 964.291870117188 969.239929199219 965.920288085938 965.939025878906 967.880310058594 961.723510742188 961.974548339844 959.676208496094 964.267883300781 962.413452148438 968.604431152344 970.425231933594 966.891540527344 973.775756835938 973.333557128906 973.108642578125 967.473754882812 972.313903808594 960.915344238281 962.515441894531 958.297607421875 956.660461425781 956.903747558594 954.071716308594 954.159118652344 953.399475097656 964.922912597656 968.790161132812
963.142456054688 973.847595214844 968.242858886719 973.400512695312 972.942626953125 972.246398925781 968.285461425781 964.259460449219 969.533996582031 978.312561035156 981.518432617188 977.479125976562 982.42333984375 978.529174804688 975.399169921875 973.976318359375 976.694763183594 964.916748046875 968.328979492188 970.559509277344 969.101501464844 969.490905761719 967.942626953125 962.423767089844 962.119812011719 960.690063476562 957.3505859375 957.950500488281 966.273559570312 970.452697753906 972.128601074219 962.814514160156 965.444030761719 970.658813476562 964.8564453125 969.482116699219 963.151733398438 952.210144042969 954.365112304688 959.566284179688 961.3623046875 960.824829101562 951.180419921875 951.861083984375 962.649780273438 972.705383300781
961.877868652344 968.779113769531 971.002685546875 969.544555664062 973.922546386719 970.151123046875 982.62255859375 971.496398925781 963.779174804688 969.568603515625 975.047912597656 973.03662109375 983.247192382812 968.55810546875 974.6162109375 980.513244628906 973.857543945312 967.366394042969 970.628234863281 971.879333496094 975.779052734375 973.882507324219 973.680236816406 963.096862792969 963.683166503906 960.666625976562 950.495788574219 966.225463867188 969.582885742188 972.901428222656 970.985290527344 968.672119140625 961.127685546875 963.36572265625 965.571594238281 959.427429199219 956.908630371094 945.936157226562 952.643432617188 953.497314453125 959.500793457031 958.643371582031 963.915100097656 956.428955078125 976.917724609375 960.581665039062
969.524780273438 965.864990234375 961.737426757812 972.510498046875 972.066833496094 971.362915039062 972.802490234375 971.413452148438 964.410339355469 962.08251953125 972.904052734375 980.961975097656 972.196472167969 974.552368164062 982.195373535156 984.216857910156 975.135986328125 971.414794921875 966.303466796875 978.722778320312 974.071105957031 965.843139648438 970.062072753906 964.189208984375 959.444274902344 962.207824707031 950.097290039062 955.312622070312 967.839721679688 965.452209472656 966.206359863281 965.611450195312 964.185729980469 967.118896484375 973.149108886719 975.235046386719 959.059326171875 955.006896972656 953.732177734375 958.609497070312 956.03564453125 954.000854492188 960.527954101562 961.861389160156 969.357116699219 964.286499023438
962.458618164062 969.914245605469 968.840209960938 971.525695800781 975.62060546875 976.585571289062 976.380676269531 972.705383300781 962.916442871094 970.655029296875 970.512939453125 971.406494140625 973.532287597656 973.823059082031 977.625122070312 976.257507324219 972.603515625 974.14208984375 969.363830566406 968.966735839844 966.97607421875 966.178588867188 960.912170410156 963.008361816406 961.632568359375 957.313232421875 953.08349609375 959.542114257812 965.970642089844 963.410705566406 956.4716796875 962.403991699219 966.136047363281 966.049499511719 959.073120117188 965.632690429688 964.123840332031 962.100708007812 948.188171386719 948.996948242188 954.016418457031 957.223327636719 961.732727050781 959.844116210938 966.294555664062 958.13623046875
956.302185058594 962.162902832031 962.710388183594 963.890441894531 965.2265625 972.068908691406 973.892822265625 977.872375488281 966.548400878906 971.191467285156 965.517028808594 960.875610351562 969.378051757812 970.520324707031 969.241760253906 970.980224609375 979.238891601562 975.273864746094 964.486938476562 967.309631347656 961.794128417969 960.475708007812 961.842163085938 963.422058105469 955.363586425781 948.633361816406 959.599060058594 953.832397460938 959.016418457031 961.290283203125 963.959228515625 956.294067382812 957.908325195312 963.263793945312 959.983459472656 964.931030273438 953.880310058594 961.313659667969 948.904907226562 948.417663574219 957.684814453125 957.790344238281 964.721496582031 960.23583984375 962.713073730469 958.307983398438
963.033447265625 963.386962890625 963.329406738281 971.836181640625 971.048828125 969.740783691406 972.406494140625 971.100158691406 971.706604003906 970.125610351562 970.135986328125 959.5048828125 957.717956542969 957.327575683594 959.696472167969 973.455261230469 974.112182617188 971.538635253906 967.4169921875 965.014343261719 968.994750976562 964.813171386719 964.807556152344 965.977172851562 956.422241210938 947.010375976562 955.591613769531 956.873779296875 959.292053222656 960.900634765625 957.242431640625 963.218383789062 963.452453613281 956.811645507812 956.906005859375 960.009948730469 956.770751953125 957.963073730469 949.463745117188 957.16064453125 956.880920410156 954.245849609375 953.591369628906 958.624389648438 966.208618164062 946.8212890625
961.245910644531 961.203002929688 958.823364257812 962.057373046875 963.075561523438 961.550537109375 969.765686035156 978.532043457031 972.03173828125 961.341857910156 961.103515625 950.245422363281 945.550598144531 941.13623046875 950.32568359375 965.339599609375 967.181640625 962.926086425781 953.677978515625 963.960266113281 970.320007324219 976.757019042969 967.746765136719 964.513916015625 961.496459960938 959.11474609375 959.507141113281 952.974670410156 951.517395019531 957.487365722656 949.214599609375 950.760437011719 954.031066894531 954.938415527344 956.816833496094 950.337707519531 948.496215820312 952.712158203125 951.839294433594 958.645385742188 955.496276855469 950.393676757812 951.58740234375 960.893859863281 951.770446777344 951.332885742188
957.287292480469 953.719848632812 956.42041015625 957.429504394531 971.293334960938 959.111511230469 977.399658203125 974.494934082031 967.099304199219 967.897094726562 964.304870605469 954.934875488281 946.444396972656 939.299072265625 949.044006347656 957.34912109375 961.450988769531 963.109558105469 965.345642089844 960.006469726562 967.019836425781 973.296752929688 967.073913574219 962.954223632812 959.378967285156 958.270935058594 947.854553222656 949.894653320312 944.588806152344 950.781188964844 944.6787109375 945.943298339844 946.317932128906 948.721862792969 952.666748046875 951.406127929688 948.866882324219 945.775756835938 953.139465332031 946.972778320312 948.092224121094 953.4541015625 954.98291015625 948.290222167969 948.2919921875 954.458190917969
