data/zlatibor_dem_simulations/DEMsim92 (1).asc
NCOLS 150
NROWS 100
XLLCORNER 7394249
YLLCORNER 4841999
CELLSIZE 30
NODATA_VALUE -9999
[rows 40 to 59 of 100, columns 0 to 45 of 150]
955.762145996094 959.766296386719 962.454040527344 960.186645507812 955.782043457031 953.865844726562 955.931518554688 965.646179199219 959.50244140625 964.690979003906 967.52490234375 970.525451660156 971.603149414062 975.721862792969 977.630310058594 975.164001464844 971.67041015625 970.464233398438 971.775390625 975.607971191406 981.78515625 973.788513183594 970.152893066406 965.612487792969 960.886962890625 962.051330566406 972.009216308594 972.767333984375 986.557373046875 974.502380371094 978.753845214844 971.320434570312 965.297485351562 967.262878417969 977.086975097656 975.364440917969 979.995483398438 970.274658203125 969.332275390625 972.335754394531 973.804931640625 979.626647949219 976.582336425781 967.645935058594 962.900756835938 972.077941894531
949.948974609375 949.403747558594 960.773132324219 957.388854980469 959.914428710938 955.428527832031 961.611267089844 955.465515136719 960.708435058594 959.637573242188 968.382202148438 968.130249023438 975.576599121094 972.257446289062 983.014770507812 977.031005859375 980.822204589844 977.203796386719 967.95751953125 969.206909179688 980.063537597656 971.115783691406 974.89501953125 970.824096679688 971.425598144531 969.60107421875 975.001647949219 975.300537109375 974.865844726562 980.905395507812 980.668640136719 978.908081054688 976.415771484375 969.528503417969 972.776672363281 981.171020507812 985.261962890625 975.411315917969 978.030700683594 974.146728515625 973.932312011719 973.53857421875 974.879699707031 967.789794921875 964.1708984375 965.268981933594
944.953735351562 942.401977539062 953.3359375 958.57177734375 959.94287109375 953.668579101562 961.10888671875 959.251770019531 960.776184082031 960.401000976562 963.499755859375 966.368591308594 977.392028808594 975.123229980469 977.764770507812 982.15283203125 975.870300292969 973.175537109375 974.342224121094 981.272033691406 970.357543945312 977.720092773438 974.455688476562 973.005004882812 970.234985351562 974.386047363281 970.572937011719 966.441772460938 960.45751953125 967.390808105469 976.570251464844 977.263793945312 984.453063964844 986.82470703125 978.093322753906 978.239440917969 983.445617675781 980.59375 979.992126464844 977.136352539062 973.539916992188 971.143920898438 966.301391601562 968.125366210938 969.218627929688 968.617309570312
943.803771972656 943.412170410156 949.215393066406 955.424072265625 950.07861328125 959.251586914062 954.079772949219 957.881774902344 961.093444824219 962.862548828125 963.009643554688 974.990661621094 976.462219238281 973.084594726562 975.55517578125 984.732055664062 984.281433105469 976.935363769531 975.22705078125 974.683959960938 971.71923828125 968.921752929688 969.097473144531 965.3876953125 964.77783203125 964.302551269531 957.103271484375 963.105102539062 960.246704101562 973.469299316406 977.097961425781 972.6396484375 985.984497070312 980.665283203125 981.841552734375 980.830261230469 987.80078125 981.437194824219 978.052490234375 970.707153320312 981.148193359375 976.757934570312 964.123352050781 968.197143554688 969.402893066406 970.482482910156
937.505920410156 950.063049316406 948.638549804688 949.48876953125 954.050537109375 957.91943359375 960.674072265625 960.686584472656 965.535400390625 957.111022949219 966.991088867188 964.979553222656 965.612365722656 967.935119628906 976.833618164062 986.094360351562 980.423889160156 980.811950683594 977.478881835938 986.171020507812 974.690063476562 975.003723144531 973.015258789062 967.721740722656 969.148803710938 967.954528808594 961.728759765625 962.843078613281 956.121459960938 971.753540039062 984.780395507812 977.18798828125 973.886840820312 976.679138183594 984.215881347656 985.755004882812 985.678894042969 977.55615234375 966.068359375 976.187927246094 970.424011230469 969.721374511719 965.482421875 970.042724609375 959.813659667969 965.526184082031
937.183837890625 945.513977050781 948.378479003906 945.949584960938 952.574096679688 958.674072265625 960.380676269531 964.363159179688 968.240478515625 960.488037109375 958.397705078125 957.00927734375 966.313415527344 974.902221679688 977.252075195312 978.35888671875 977.841003417969 985.475524902344 984.357421875 979.040771484375 974.140686035156 966.827697753906 975.018127441406 968.213073730469 963.44921875 961.706481933594 960.5517578125 966.356994628906 962.735656738281 970.851806640625 981.961486816406 977.969421386719 977.676452636719 977.716979980469 975.649475097656 977.320922851562 970.264526367188 970.236755371094 972.352600097656 982.498718261719 968.090698242188 965.5166015625 962.516296386719 971.683776855469 964.680297851562 969.332763671875
941.932922363281 943.641906738281 954.751037597656 955.3828125 955.204528808594 952.408325195312 963.049560546875 965.543029785156 964.192932128906 957.162170410156 951.18603515625 965.42919921875 966.696716308594 968.177551269531 988.464965820312 982.902954101562 985.45361328125 989.724975585938 980.058471679688 976.68212890625 973.86279296875 967.258666992188 965.6025390625 961.679382324219 960.416076660156 964.334106445312 970.7578125 968.654907226562 969.192687988281 970.089599609375 977.642456054688 970.927062988281 970.818420410156 971.422973632812 963.721252441406 972.785461425781 967.191223144531 971.481079101562 972.480712890625 970.85791015625 970.885864257812 965.493408203125 965.486999511719 967.973266601562 970.775268554688 959.390991210938
948.027648925781 949.553955078125 953.725463867188 950.661071777344 954.814453125 965.766906738281 969.896423339844 967.396728515625 961.55615234375 961.321350097656 951.828063964844 968.44140625 980.494689941406 978.765563964844 978.450622558594 977.9423828125 985.105041503906 981.977294921875 977.233215332031 978.564208984375 973.073120117188 965.384216308594 960.920166015625 950.510925292969 967.053100585938 973.052001953125 974.43701171875 971.970458984375 973.460815429688 970.493713378906 971.628295898438 968.572692871094 971.665344238281 973.376037597656 968.799255371094 972.055114746094 973.349792480469 975.56396484375 980.878723144531 972.854370117188 961.812744140625 968.922241210938 958.2998046875 969.174072265625 967.728393554688 962.293762207031
955.278503417969 957.201965332031 964.746459960938 961.217895507812 959.727294921875 962.793212890625 966.701354980469 964.341857910156 960.420043945312 966.662170410156 967.719360351562 970.926818847656 974.715270996094 980.344055175781 975.839111328125 972.997497558594 977.16943359375 980.76171875 984.230895996094 982.756103515625 972.820556640625 959.273010253906 956.342712402344 955.948486328125 969.369689941406 969.556640625 972.890258789062 965.103820800781 974.656860351562 964.794677734375 962.779846191406 966.1640625 973.369812011719 972.957580566406 979.044677734375 969.367126464844 970.766357421875 970.837890625 969.182495117188 972.519775390625 965.924072265625 966.830200195312 962.480285644531 959.174560546875 965.036437988281 953.759704589844
959.36083984375 953.874145507812 962.136596679688 966.377685546875 964.132141113281 974.255615234375 966.165405273438 971.195495605469 967.523864746094 966.459228515625 967.725952148438 978.455688476562 980.613464355469 982.109130859375 978.376220703125 980.239440917969 979.180969238281 976.626831054688 974.912719726562 978.888916015625 978.695373535156 959.116455078125 963.974060058594 965.976013183594 967.945983886719 969.233947753906 966.854309082031 965.48193359375 963.498901367188 970.994506835938 968.848815917969 969.16015625 956.586669921875 959.83984375 970.282653808594 977.634643554688 967.89501953125 963.648681640625 959.332458496094 965.741821289062 961.863403320312 971.119018554688 967.126953125 961.333374023438 963.143981933594 959.380615234375
949.390686035156 957.5986328125 959.917602539062 966.986022949219 960.010009765625 971.517700195312 975.262084960938 971.180908203125 973.854248046875 974.598388671875 973.964294433594 986.316345214844 982.934814453125 979.325622558594 976.125732421875 980.158020019531 983.224060058594 977.753540039062 970.450378417969 969.500915527344 969.433837890625 975.820190429688 970.672546386719 970.700073242188 961.064208984375 967.911743164062 959.038269042969 961.413330078125 963.164916992188 967.152099609375 972.032104492188 968.445007324219 961.989013671875 967.558776855469 968.6328125 977.304626464844 966.350952148438 955.229675292969 955.563293457031 962.730224609375 964.508483886719 962.028625488281 963.651489257812 966.064453125 959.389282226562 962.725830078125
952.354858398438 959.639038085938 962.956298828125 964.486694335938 964.146484375 975.865051269531 975.520751953125 972.981506347656 975.507385253906 968.22998046875 974.899291992188 981.428527832031 975.759643554688 976.309753417969 975.499877929688 972.252685546875 973.940856933594 974.705261230469 973.390502929688 973.501342773438 976.563232421875 978.113220214844 964.830871582031 964.952453613281 967.248657226562 965.123718261719 967.496398925781 959.309997558594 958.650573730469 962.690002441406 965.477905273438 966.904724121094 964.588073730469 969.854125976562 969.740661621094 971.660217285156 964.063537597656 957.804748535156 958.867370605469 958.082214355469 959.821899414062 959.881591796875 964.368957519531 964.939392089844 963.651000976562 969.6435546875
952.658630371094 965.087585449219 967.573486328125 973.408813476562 971.128845214844 965.006896972656 970.599182128906 972.191589355469 979.307434082031 972.828247070312 970.6513671875 975.870788574219 981.328796386719 972.903442382812 980.106994628906 976.090515136719 970.633178710938 979.501525878906 981.050720214844 967.061218261719 971.916625976562 970.946838378906 964.781127929688 958.003723144531 955.293823242188 967.585571289062 959.247375488281 962.63720703125 959.762268066406 971.982421875 968.637573242188 969.02880859375 967.030700683594 970.270080566406 966.543518066406 977.145690917969 971.603088378906 958.111267089844 958.873046875 960.447082519531 955.667602539062 963.456115722656 970.243041992188 959.378784179688 960.1767578125 959.777709960938
960.931091308594 964.682495117188 971.756286621094 970.115783691406 974.665710449219 972.668395996094 970.3623046875 972.311828613281 970.448059082031 968.904113769531 976.585510253906 973.449645996094 978.3076171875 977.176391601562 978.53759765625 977.091613769531 973.431091308594 971.262878417969 974.956604003906 975.012939453125 971.441101074219 966.334838867188 963.812438964844 956.025451660156 968.118347167969 965.65576171875 967.378112792969 967.972290039062 964.368347167969 976.715454101562 972.809997558594 966.591125488281 962.471313476562 964.253601074219 968.116088867188 969.47705078125 969.167846679688 961.208435058594 961.992126464844 961.431945800781 964.698608398438 969.516357421875 973.667602539062 960.978454589844 958.181579589844 957.300048828125
964.65478515625 970.365478515625 978.651428222656 975.978332519531 976.376892089844 969.910461425781 973.536865234375 971.487609863281 974.902526855469 970.792785644531 974.356079101562 977.181030273438 975.20751953125 986.850036621094 975.772338867188 975.00732421875 970.488098144531 970.770385742188 981.909057617188 973.331115722656 967.648132324219 968.449951171875 965.940734863281 962.956665039062 956.84521484375 962.011596679688 963.233520507812 962.943542480469 971.185607910156 968.6904296875 961.534729003906 962.035278320312 962.979187011719 968.514953613281 969.9287109375 971.798278808594 966.534973144531 959.560607910156 956.752258300781 956.255554199219 960.385620117188 963.374389648438 964.433898925781 969.960632324219 954.917846679688 956.4306640625
963.904235839844 970.949890136719 974.373779296875 971.264465332031 970.047180175781 973.452026367188 981.44677734375 973.186889648438 976.753173828125 974.286071777344 973.598693847656 968.485290527344 980.337280273438 979.07275390625 973.84326171875 972.225219726562 968.563842773438 974.602905273438 981.124206542969 968.40087890625 976.724182128906 962.216186523438 956.858520507812 966.05419921875 958.794006347656 965.273315429688 959.818359375 961.174011230469 973.349548339844 968.228088378906 963.030334472656 959.282104492188 964.374267578125 967.368103027344 959.559509277344 958.584289550781 961.179992675781 952.082885742188 961.325439453125 961.408386230469 955.531555175781 966.76171875 971.652526855469 970.500915527344 967.248596191406 948.475830078125
963.694458007812 969.983825683594 971.434631347656 966.228210449219 970.294860839844 975.664367675781 970.113708496094 974.251037597656 970.987426757812 969.499328613281 969.589965820312 974.056396484375 976.432983398438 977.880432128906 969.507263183594 971.662841796875 964.694396972656 966.037170410156 968.469177246094 963.826782226562 965.047058105469 951.045776367188 948.69140625 958.400512695312 960.377380371094 961.694885253906 955.806274414062 955.884521484375 960.220886230469 958.132629394531 953.120239257812 963.063903808594 962.576782226562 960.155700683594 960.381958007812 965.835571289062 961.607299804688 956.291442871094 956.079650878906 961.416320800781 962.364440917969 967.11767578125 963.204223632812 959.370178222656 964.353637695312 952.110046386719
956.050231933594 967.586120605469 969.925659179688 970.386535644531 972.671630859375 974.955139160156 974.423522949219 964.454162597656 966.711608886719 970.251525878906 967.231506347656 969.396728515625 977.440124511719 974.525939941406 970.187316894531 972.602233886719 970.672180175781 965.94287109375 969.458190917969 964.4873046875 951.292602539062 948.990173339844 950.79296875 960.562744140625 956.861267089844 953.47607421875 954.850891113281 953.397766113281 956.834655761719 956.642456054688 954.550476074219 956.609313964844 961.736755371094 957.001403808594 953.289489746094 952.2080078125 950.1689453125 950.164978027344 949.53271484375 951.398803710938 954.704528808594 955.341247558594 954.36376953125 960.960815429688 956.355285644531 950.955383300781
948.9287109375 959.711791992188 976.730285644531 967.627685546875 973.312622070312 975.666809082031 973.838134765625 966.302551269531 961.6689453125 963.880981445312 960.473449707031 972.795166015625 970.523376464844 973.719665527344 969.140991210938 965.251831054688 968.492065429688 966.51171875 963.930053710938 957.028503417969 942.273376464844 945.572814941406 941.444396972656 956.727600097656 956.179260253906 952.596435546875 951.987731933594 954.5517578125 958.579833984375 955.028137207031 963.204284667969 960.9677734375 957.596984863281 946.384155273438 951.784545898438 950.394104003906 952.484558105469 957.001220703125 956.334899902344 953.184692382812 948.683654785156 949.122192382812 946.856567382812 961.862365722656 951.34912109375 953.953857421875
951.340454101562 960.073059082031 969.2109375 968.412963867188 971.5341796875 974.529541015625 965.402404785156 969.100646972656 961.177124023438 960.228942871094 958.118957519531 966.105529785156 963.035522460938 959.470336914062 964.314575195312 961.851684570312 970.865783691406 959.396667480469 952.627380371094 946.94287109375 944.167663574219 949.755126953125 941.81103515625 942.302612304688 944.233276367188 956.389831542969 956.502685546875 949.197875976562 951.837463378906 955.527465820312 958.998046875 957.163940429688 952.653747558594 951.54541015625 955.434814453125 945.82421875 952.855346679688 944.289428710938 949.051330566406 955.285827636719 949.878601074219 953.80078125 957.505249023438 950.753723144531 960.833557128906 959.683654785156
