data/zlatibor_dem_simulations/DEMsim55.asc
NCOLS 150
NROWS 100
XLLCORNER 7394249
YLLCORNER 4841999
CELLSIZE 30
NODATA_VALUE -9999
[rows 60 to 79 of 100, columns 0 to 45 of 150]
969.0244140625 967.595581054688 971.088623046875 976.436706542969 983.586608886719 981.18798828125 979.766784667969 970.920654296875 963.949890136719 962.594299316406 962.993713378906 959.4033203125 957.636535644531 962.693359375 964.82373046875 964.95166015625 965.179870605469 963.533020019531 962.236633300781 969.314819335938 969.402648925781 972.385925292969 965.369934082031 955.065246582031 953.750061035156 955.1025390625 948.912780761719 946.028076171875 942.310729980469 953.8232421875 948.648986816406 945.444213867188 945.455993652344 952.220520019531 953.705627441406 949.295349121094 948.893249511719 947.059814453125 950.939514160156 945.72314453125 946.094055175781 945.735046386719 942.68994140625 955.708618164062 950.035278320312 947.4150390625
958.986877441406 966.368041992188 972.176879882812 984.603515625 985.321228027344 973.913024902344 969.739807128906 970.211975097656 964.479064941406 961.227783203125 959.928649902344 957.632873535156 951.377197265625 955.867065429688 960.178955078125 963.460205078125 963.648193359375 964.927124023438 953.370849609375 955.206665039062 960.952087402344 968.586242675781 971.470458984375 964.004089355469 953.036437988281 946.735595703125 952.907592773438 955.022888183594 948.255187988281 950.213806152344 945.680358886719 950.744018554688 954.344421386719 956.439025878906 952.900695800781 951.769226074219 947.109802246094 954.566650390625 949.697326660156 947.428771972656 952.013305664062 948.562622070312 949.845764160156 953.454040527344 950.166076660156 955.695556640625
956.569396972656 966.069030761719 974.82421875 976.754028320312 978.138305664062 969.476501464844 961.8984375 960.479614257812 956.391418457031 960.042236328125 961.844482421875 955.719421386719 954.649841308594 951.592651367188 952.65234375 952.990905761719 961.013793945312 961.079528808594 961.201416015625 955.203857421875 955.044189453125 968.845947265625 966.614807128906 955.605407714844 950.260986328125 957.065979003906 959.859252929688 956.763000488281 948.914672851562 942.906433105469 956.05810546875 952.186706542969 951.4794921875 952.351257324219 946.556701660156 953.749145507812 950.465209960938 951.084411621094 953.756530761719 951.385803222656 951.0029296875 952.902526855469 950.598022460938 948.701171875 949.877685546875 961.700073242188
958.302917480469 967.29443359375 965.787475585938 962.503295898438 960.296569824219 964.871398925781 962.909484863281 957.263610839844 950.210693359375 958.106018066406 957.44091796875 955.599609375 954.707702636719 949.037475585938 951.1298828125 954.184936523438 959.964538574219 962.339111328125 957.999267578125 950.251953125 950.810852050781 961.642944335938 953.780822753906 946.891418457031 942.504089355469 946.501647949219 949.124145507812 957.265319824219 951.242248535156 937.070922851562 943.436462402344 945.2314453125 946.089904785156 944.121032714844 944.798889160156 942.317504882812 950.800231933594 960.914916992188 951.138122558594 956.5908203125 952.938354492188 951.694763183594 951.225280761719 953.398254394531 947.265075683594 965.097534179688
950.343139648438 959.621948242188 964.066101074219 948.67919921875 949.131896972656 951.519470214844 950.785766601562 947.867797851562 949.460327148438 946.744689941406 947.65869140625 949.630676269531 943.5302734375 948.251159667969 944.159729003906 949.841918945312 960.756042480469 956.340576171875 953.076049804688 953.082214355469 953.988891601562 957.584899902344 954.275939941406 945.923522949219 943.5810546875 939.906311035156 939.916625976562 945.990783691406 952.927062988281 948.2041015625 945.899841308594 940.287170410156 951.919799804688 948.467102050781 945.861389160156 958.247985839844 957.215270996094 951.307006835938 949.098876953125 957.730285644531 959.812377929688 954.757202148438 956.839111328125 955.257446289062 950.505249023438 960.405456542969
956.9794921875 963.430786132812 960.055236816406 954.334716796875 956.883544921875 952.36572265625 959.337341308594 944.527038574219 948.616577148438 946.803833007812 943.297180175781 940.577453613281 933.182067871094 944.358581542969 951.077331542969 947.335571289062 945.287414550781 941.596618652344 951.72216796875 952.438781738281 942.654296875 955.666442871094 942.686706542969 942.140197753906 946.182495117188 949.774047851562 942.383850097656 943.954956054688 952.938781738281 952.611877441406 950.667114257812 939.184753417969 947.897888183594 941.739562988281 951.439270019531 954.297119140625 962.015808105469 959.971252441406 952.0986328125 953.761657714844 957.871826171875 953.636840820312 951.733703613281 958.187866210938 963.238891601562 966.170043945312
957.045715332031 968.218811035156 956.819213867188 951.443298339844 949.947448730469 948.370910644531 947.294067382812 946.022705078125 943.238464355469 944.447937011719 933.887268066406 935.029296875 933.47802734375 938.656433105469 941.507080078125 946.765991210938 940.115173339844 943.480285644531 948.017028808594 951.656982421875 952.549011230469 951.588806152344 949.842834472656 943.62890625 943.625671386719 944.111999511719 951.29296875 947.59521484375 951.953308105469 948.429016113281 944.681640625 947.570251464844 949.314025878906 955.697937011719 958.77392578125 962.247131347656 966.42236328125 962.353271484375 959.146240234375 968.062805175781 963.250183105469 960.088562011719 958.397155761719 956.716125488281 963.031188964844 964.407836914062
961.041137695312 966.176086425781 962.488891601562 950.958679199219 953.972412109375 951.606811523438 944.709716796875 945.524169921875 944.30712890625 937.146667480469 933.41259765625 936.671142578125 936.054016113281 941.457824707031 940.52587890625 934.369750976562 948.760986328125 945.834594726562 948.430297851562 952.801330566406 953.697875976562 948.195495605469 949.231994628906 945.681518554688 943.563354492188 946.432800292969 949.864990234375 942.062133789062 948.178283691406 945.157104492188 943.408996582031 941.249328613281 950.500915527344 950.405944824219 943.380676269531 953.181335449219 958.769897460938 965.939453125 965.69140625 971.598205566406 971.885864257812 963.406555175781 954.618225097656 958.076782226562 965.39990234375 962.527770996094
966.823791503906 965.876220703125 958.39306640625 951.426452636719 947.465454101562 948.391357421875 941.06005859375 927.35546875 935.107238769531 932.244812011719 932.361755371094 933.85888671875 944.167358398438 940.649780273438 936.110168457031 938.544006347656 945.857299804688 954.893310546875 952.219787597656 955.699829101562 961.051147460938 956.409729003906 946.089172363281 948.893920898438 945.199401855469 946.056579589844 951.309814453125 949.2099609375 950.481384277344 951.216552734375 947.242248535156 957.379150390625 955.862731933594 960.768676757812 949.551696777344 953.273864746094 958.439392089844 962.657958984375 961.718078613281 971.8515625 974.498168945312 970.708068847656 969.009155273438 968.476440429688 962.857421875 976.589721679688
955.015319824219 957.282287597656 951.117126464844 952.163024902344 949.7578125 941.046752929688 937.879638671875 933.858581542969 936.69287109375 933.021911621094 929.879333496094 939.926025390625 940.188110351562 937.656799316406 935.184509277344 945.530883789062 952.93359375 968.340148925781 965.429138183594 961.611511230469 965.679138183594 963.068115234375 954.615783691406 951.081726074219 953.025939941406 959.657775878906 947.648132324219 957.622619628906 948.944213867188 955.531982421875 957.69287109375 956.9228515625 953.373901367188 950.526672363281 952.150451660156 954.0361328125 959.483459472656 960.952270507812 965.219848632812 968.796752929688 972.875549316406 966.395385742188 959.695434570312 963.156921386719 971.983947753906 972.712524414062
950.946533203125 948.028503417969 956.579345703125 951.477478027344 945.0517578125 953.310974121094 947.693054199219 946.440368652344 942.060302734375 943.960083007812 939.888732910156 941.459533691406 943.300354003906 941.988464355469 944.572387695312 941.580871582031 957.757080078125 963.394836425781 962.903564453125 968.049926757812 972.485046386719 971.921447753906 962.1494140625 961.464599609375 963.141662597656 959.736694335938 962.687866210938 960.289794921875 961.644958496094 963.984680175781 959.619018554688 966.339172363281 963.263061523438 956.692504882812 953.839233398438 957.370971679688 957.603149414062 961.885925292969 970.247375488281 968.213745117188 974.768920898438 965.744201660156 974.249145507812 961.4873046875 970.764343261719 978.173156738281
949.477661132812 943.657287597656 949.222106933594 946.540649414062 940.595275878906 945.733703613281 951.913452148438 947.310668945312 944.178955078125 944.644836425781 949.390197753906 952.130676269531 950.0947265625 953.774475097656 955.077087402344 951.005554199219 960.26220703125 960.980895996094 969.269836425781 969.388305664062 973.457702636719 978.967529296875 970.728881835938 967.799255371094 970.3330078125 973.735961914062 972.72802734375 974.737426757812 965.802185058594 968.693176269531 963.428283691406 959.483154296875 954.19287109375 952.094970703125 950.63720703125 954.414855957031 952.381652832031 961.699523925781 972.598266601562 980.746887207031 971.884765625 974.074523925781 981.996520996094 972.205139160156 981.351684570312 989.762329101562
949.969543457031 948.141906738281 947.476135253906 943.081848144531 939.35107421875 941.894409179688 942.294555664062 945.51904296875 946.962951660156 943.790649414062 947.541076660156 952.8720703125 961.376525878906 967.549987792969 956.361999511719 959.669555664062 954.521057128906 966.683471679688 977.031982421875 978.148010253906 976.21337890625 978.575500488281 981.246398925781 979.579467773438 978.796020507812 976.15234375 969.6962890625 971.189819335938 969.510986328125 972.117431640625 963.372436523438 947.449890136719 951.037719726562 950.4912109375 952.603332519531 960.05908203125 959.181945800781 969.88671875 974.581665039062 984.73095703125 979.223083496094 974.819580078125 983.406066894531 983.967834472656 983.326843261719 987.720520019531
945.004821777344 942.0390625 936.455871582031 937.718505859375 928.964721679688 935.015686035156 932.206481933594 942.812133789062 947.719299316406 941.139892578125 943.455200195312 962.256652832031 957.749450683594 965.208435058594 964.560241699219 964.817199707031 965.766540527344 975.495788574219 984.946228027344 985.412414550781 986.835205078125 986.580932617188 991.520568847656 987.500549316406 981.639709472656 980.328186035156 976.546936035156 973.110900878906 967.817321777344 965.378234863281 963.96044921875 953.130432128906 958.326721191406 962.719482421875 962.595336914062 967.719116210938 977.143493652344 976.573547363281 980.329162597656 975.363708496094 976.24951171875 980.111206054688 985.672729492188 990.181335449219 991.645935058594 991.527099609375
937.799743652344 945.436157226562 940.656616210938 932.982360839844 927.399841308594 935.531433105469 935.356262207031 940.986328125 946.091857910156 945.521118164062 944.473754882812 957.757690429688 965.806518554688 969.159423828125 976.476013183594 972.646118164062 973.857849121094 978.677368164062 987.322631835938 993.890930175781 993.709045410156 994.874267578125 1001.68566894531 992.639038085938 1000.01702880859 988.777893066406 969.920654296875 969.126525878906 975.256164550781 969.966186523438 963.28271484375 966.619018554688 968.334228515625 971.635070800781 972.771118164062 973.070068359375 984.480041503906 984.506591796875 974.760559082031 978.022155761719 981.027038574219 986.164916992188 995.295104980469 1004.1142578125 998.752502441406 998.669311523438
942.91943359375 946.020935058594 942.981079101562 932.938659667969 937.555114746094 940.955017089844 933.155090332031 937.849792480469 944.398376464844 952.650817871094 949.292114257812 953.649475097656 964.236999511719 975.14794921875 986.369445800781 979.885803222656 978.889892578125 976.062438964844 988.767578125 993.192504882812 987.133728027344 985.284362792969 993.064392089844 986.814331054688 989.482177734375 989.119567871094 980.893493652344 985.239196777344 972.014465332031 974.039978027344 965.190490722656 970.360107421875 969.348937988281 972.185913085938 978.575256347656 991.851806640625 991.478271484375 994.542724609375 980.6591796875 976.56494140625 979.043518066406 993.429016113281 991.3203125 1002.81988525391 1012.05017089844 1005.94848632812
945.218444824219 934.330810546875 930.800170898438 926.3984375 929.793762207031 931.916748046875 940.895690917969 943.277893066406 945.836303710938 962.525573730469 958.537414550781 957.017028808594 964.259155273438 974.945678710938 984.171020507812 987.984558105469 980.157287597656 982.83447265625 992.787048339844 991.556091308594 987.293762207031 986.740112304688 986.991882324219 986.565551757812 991.09912109375 983.075378417969 990.898193359375 976.033752441406 979.38671875 972.608825683594 973.162231445312 978.324035644531 978.446838378906 977.39306640625 977.361328125 987.873291015625 991.867248535156 995.036315917969 994.679992675781 981.055847167969 987.262634277344 985.941589355469 994.640625 1001.16674804688 1008.38800048828 1011.23492431641
942.720092773438 944.184448242188 933.884399414062 935.834167480469 942.651306152344 938.723571777344 940.645935058594 947.070556640625 951.993835449219 957.921752929688 963.351806640625 962.916931152344 968.338684082031 973.239685058594 985.325073242188 989.841796875 975.41552734375 983.90869140625 987.104614257812 992.347290039062 986.410766601562 986.856140136719 996.568603515625 991.329284667969 994.465026855469 996.194641113281 993.159851074219 984.111877441406 972.069274902344 979.705871582031 982.103759765625 974.921569824219 978.292541503906 980.001525878906 974.634399414062 985.864379882812 995.422424316406 999.7265625 994.190124511719 990.99560546875 994.220275878906 1001.67718505859 995.46337890625 1003.43115234375 1004.83343505859 1012.00750732422
940.050109863281 943.67626953125 933.690612792969 937.932495117188 939.209167480469 934.790954589844 941.451904296875 940.615783691406 952.738220214844 962.663208007812 964.6005859375 957.932006835938 964.923889160156 969.467651367188 969.033203125 979.566284179688 979.432983398438 974.797546386719 994.209411621094 992.663452148438 998.561706542969 988.463806152344 986.60986328125 989.517456054688 991.28173828125 993.105590820312 988.292785644531 977.462829589844 973.256042480469 985.200500488281 988.140197753906 978.886413574219 979.053588867188 982.532531738281 985.245727539062 988.037353515625 989.537658691406 997.653869628906 994.519775390625 996.403137207031 994.685668945312 994.091857910156 1003.25903320312 1003.95831298828 1016.04425048828 1007.64624023438
945.907409667969 936.414184570312 934.451538085938 944.989013671875 943.07177734375 943.712158203125 936.277282714844 937.725830078125 946.8935546875 945.074462890625 961.53857421875 962.195373535156 965.708435058594 977.59716796875 974.536499023438 979.797180175781 976.793762207031 977.19091796875 986.502624511719 995.275695800781 994.268432617188 1000.44372558594 990.646667480469 992.311096191406 984.764404296875 995.388671875 990.006042480469 981.633666992188 979.198181152344 985.158630371094 981.465637207031 984.215698242188 990.127685546875 988.550415039062 991.456298828125 988.9072265625 979.587646484375 993.10888671875 991.084533691406 994.710144042969 1000.19891357422 999.028137207031 1003.89410400391 1007.54467773438 1012.27703857422 1009.47320556641
