data/zlatibor_dem_simulations/DEMsim43.asc
NCOLS 150
NROWS 100
XLLCORNER 7394249
YLLCORNER 4841999
CELLSIZE 30
NODATA_VALUE -9999
[rows 80 to 99 of 100, columns 92 to 137 of 150]
992.107482910156 995.737365722656 992.944274902344 992.26513671875 993.948547363281 994.360107421875 996.75048828125 999.880859375 1005.06518554688 1009.97344970703 1009.37414550781 1016.09375 1009.62683105469 1009.90942382812 1013.59997558594 1021.58343505859 1023.39147949219 1031.21325683594 1032.30895996094 1033.64074707031 1031.03100585938 1036.09802246094 1039.67541503906 1034.68383789062 1036.25256347656 1033.39990234375 1026.27648925781 1024.3974609375 1026.25378417969 1024.71643066406 1015.74664306641 1015.01776123047 1004.96661376953 1010.86950683594 1005.04553222656 1005.97674560547 1001.49603271484 995.661560058594 991.900207519531 996.084533691406 998.735595703125 997.895690917969 996.473205566406 990.954772949219 996.875854492188 994.845703125
994.575805664062 990.000305175781 987.007263183594 994.106994628906 996.784240722656 995.123413085938 994.120849609375 1003.38903808594 1005.97174072266 1007.61602783203 1013.81561279297 1004.99468994141 1012.40545654297 1018.23583984375 1022.27319335938 1023.88519287109 1025.01171875 1031.89685058594 1035.830078125 1040.48266601562 1039.41528320312 1035.28173828125 1036.34558105469 1034.06848144531 1044.05444335938 1036.05053710938 1034.89611816406 1028.06396484375 1024.75085449219 1023.22113037109 1016.97924804688 1004.38342285156 1000.32550048828 1002.60015869141 1000.75445556641 999.197143554688 997.394287109375 1005.2041015625 1000.98504638672 997.8837890625 990.359924316406 990.955078125 988.129089355469 991.494323730469 1005.88879394531 993.163330078125
988.272766113281 992.496337890625 987.695556640625 997.799926757812 1003.51055908203 997.480041503906 994.143859863281 1005.85577392578 1010.05908203125 1006.34161376953 1008.87280273438 1004.52496337891 1008.79998779297 1007.62188720703 1018.93518066406 1030.47912597656 1027.76171875 1036.498046875 1038.30700683594 1042.1875 1041.91271972656 1037.19116210938 1046.01831054688 1043.83178710938 1048.18786621094 1040.47961425781 1036.51025390625 1036.01538085938 1032.3037109375 1022.31634521484 1003.61627197266 997.395690917969 997.955993652344 992.077880859375 993.801208496094 992.120849609375 997.415405273438 992.512634277344 989.268249511719 986.546813964844 987.597839355469 987.448303222656 986.174072265625 996.550720214844 997.731872558594 993.317626953125
998.616638183594 995.264831542969 994.132873535156 999.064086914062 1001.30316162109 995.138793945312 996.315368652344 997.827697753906 1003.88507080078 1005.18255615234 1006.54315185547 1003.24249267578 1009.33258056641 1008.66802978516 1015.38873291016 1027.73425292969 1026.06335449219 1035.75915527344 1037.38464355469 1042.85998535156 1048.82739257812 1051.40490722656 1050.93774414062 1049.150390625 1040.78930664062 1044.31799316406 1038.00720214844 1039.14001464844 1026.93347167969 1015.15997314453 1003.04272460938 1000.33825683594 988.027954101562 986.152526855469 983.740356445312 987.291381835938 979.589477539062 984.594665527344 980.754577636719 987.992553710938 985.52001953125 984.5400390625 984.680541992188 994.376770019531 1000.69342041016 983.495666503906
998.440063476562 1001.79620361328 1005.51654052734 998.33251953125 1004.18298339844 1009.05480957031 1000.82165527344 995.303588867188 1001.19598388672 1005.11114501953 1013.88018798828 1009.28875732422 1009.0029296875 1015.44543457031 1013.13641357422 1023.70947265625 1027.55053710938 1036.783203125 1047.50463867188 1043.82141113281 1058.19421386719 1060.18444824219 1057.28601074219 1049.82006835938 1049.4443359375 1054.56945800781 1040.88061523438 1029.69372558594 1023.84576416016 1009.63885498047 1001.68725585938 998.699829101562 984.675109863281 982.466674804688 979.082153320312 976.727722167969 981.247619628906 981.186218261719 983.790954589844 979.535461425781 977.735412597656 979.256286621094 980.365417480469 987.023376464844 987.794860839844 976.577270507812
996.054443359375 1009.87884521484 1010.06970214844 1006.15783691406 1006.26898193359 1006.17065429688 1000.80639648438 993.90087890625 1000.18322753906 999.151184082031 1011.50622558594 1008.37707519531 1016.28442382812 1019.77954101562 1022.16162109375 1022.82745361328 1031.61267089844 1046.85583496094 1046.58947753906 1050.9111328125 1054.1650390625 1065.67980957031 1062.06811523438 1061.89538574219 1061.58850097656 1044.91796875 1042.08093261719 1036.64770507812 1040.92749023438 1012.23565673828 1009.076171875 998.240600585938 992.011657714844 988.837585449219 984.01171875 987.417663574219 978.715637207031 985.301025390625 980.104370117188 973.67431640625 974.362976074219 975.686706542969 985.964233398438 992.812194824219 989.005126953125 986.604309082031
999.859130859375 1006.25469970703 1003.69055175781 1013.01177978516 1008.07464599609 1010.76501464844 1012.84362792969 1001.80102539062 998.448181152344 1003.46813964844 1006.06976318359 1005.41162109375 1019.61212158203 1025.16320800781 1021.60388183594 1029.77368164062 1038.24743652344 1044.69384765625 1041.26647949219 1057.62353515625 1057.70336914062 1063.52502441406 1063.48059082031 1067.00158691406 1059.40625 1050.80041503906 1042.07836914062 1040.71032714844 1033.61157226562 1017.84857177734 1010.42553710938 1004.91656494141 991.140991210938 996.040344238281 993.12109375 993.609375 991.190246582031 982.546325683594 981.027160644531 965.223449707031 970.68603515625 976.716003417969 987.161376953125 994.897155761719 993.695739746094 981.318298339844
1009.8349609375 997.706237792969 1003.47381591797 1008.94189453125 1009.60186767578 1006.66973876953 1009.4873046875 1005.55035400391 1007.57458496094 1010.75189208984 1008.8095703125 1007.24639892578 1017.69256591797 1024.71337890625 1025.17761230469 1040.11743164062 1040.8427734375 1056.36706542969 1055.41687011719 1059.21984863281 1063.12316894531 1060.75891113281 1061.16479492188 1061.25158691406 1060.138671875 1058.62634277344 1049.43334960938 1042.73999023438 1038.67614746094 1033.25378417969 1014.15423583984 1005.35144042969 998.205444335938 994.273132324219 993.698974609375 994.177307128906 988.732238769531 982.194946289062 979.704162597656 974.840637207031 977.548889160156 975.977600097656 988.423156738281 984.924438476562 984.054565429688 984.457458496094
1011.12017822266 1000.60559082031 1002.68524169922 1005.05877685547 1015.50079345703 1017.46215820312 1020.77899169922 1021.5224609375 1014.66583251953 1022.52075195312 1017.97235107422 1028.57946777344 1027.26135253906 1020.71929931641 1033.74499511719 1044.07580566406 1040.7666015625 1049.54809570312 1051.7578125 1057.17663574219 1057.47326660156 1050.79943847656 1055.21301269531 1056.05590820312 1049.07080078125 1049.91772460938 1053.2265625 1054.04870605469 1044.38952636719 1025.95129394531 1017.92767333984 1011.78466796875 1000.28875732422 996.632507324219 995.780212402344 998.55615234375 983.628295898438 983.902282714844 979.02490234375 978.559020996094 982.926452636719 984.7138671875 987.991821289062 981.475280761719 982.319091796875 985.477783203125
1007.58447265625 1003.55242919922 1003.99938964844 1011.49066162109 1020.57763671875 1019.83087158203 1018.72491455078 1019.13934326172 1014.92846679688 1019.10015869141 1024.47058105469 1026.509765625 1025.88403320312 1027.86633300781 1038.44995117188 1049.16467285156 1047.42358398438 1047.49084472656 1056.20947265625 1060.59338378906 1056.18310546875 1054.15124511719 1057.47277832031 1058.01086425781 1053.51257324219 1046.56420898438 1052.02270507812 1053.84191894531 1048.10717773438 1031.97863769531 1026.12377929688 1018.43902587891 1010.4091796875 1006.22924804688 1002.31811523438 993.841003417969 986.59765625 984.56298828125 977.812561035156 982.092895507812 986.955505371094 980.365112304688 974.869262695312 975.769348144531 977.579833984375 973.385192871094
1003.05401611328 1002.93176269531 1012.41729736328 1013.98498535156 1022.28533935547 1017.65020751953 1016.72277832031 1011.74444580078 1012.47296142578 1011.19464111328 1019.85845947266 1016.40606689453 1014.23754882812 1028.47863769531 1031.82434082031 1045.85217285156 1052.6455078125 1048.34558105469 1054.76989746094 1060.60083007812 1064.63232421875 1056.89855957031 1064.76708984375 1063.20739746094 1055.68139648438 1047.74450683594 1044.82788085938 1042.41076660156 1039.55773925781 1037.78637695312 1035.27526855469 1029.81237792969 1023.54235839844 1005.52056884766 1004.32965087891 994.814453125 978.341186523438 982.485412597656 974.398376464844 976.234436035156 979.919677734375 974.98095703125 973.841003417969 974.177368164062 966.33935546875 967.206481933594
1001.45074462891 1000.23626708984 1008.53680419922 1014.88635253906 1019.83050537109 1025.76599121094 1018.23132324219 1019.30316162109 1017.83270263672 1013.97192382812 1008.88043212891 1012.37145996094 1025.91967773438 1028.35888671875 1027.61657714844 1044.44470214844 1049.51867675781 1054.27368164062 1050.42736816406 1058.40478515625 1054.49169921875 1055.22546386719 1061.22497558594 1055.27661132812 1055.54187011719 1048.46154785156 1045.44396972656 1039.89770507812 1031.06762695312 1032.04809570312 1037.71008300781 1031.79614257812 1024.68676757812 1029.67700195312 1012.26000976562 995.879455566406 985.302001953125 985.712829589844 981.756042480469 971.846801757812 970.10205078125 963.107666015625 964.811889648438 967.5859375 971.219360351562 968.678039550781
1013.36291503906 1015.85540771484 1012.53021240234 1020.15667724609 1018.8974609375 1022.51641845703 1019.33813476562 1016.05480957031 1017.09637451172 1020.72698974609 1019.66821289062 1015.21374511719 1026.46643066406 1022.93115234375 1031.15319824219 1035.28308105469 1042.36071777344 1046.52038574219 1048.60729980469 1049.80139160156 1045.0537109375 1053.060546875 1059.25622558594 1053.36828613281 1051.96997070312 1053.01513671875 1044.77563476562 1042.53503417969 1032.35363769531 1027.36730957031 1032.31298828125 1034.63488769531 1030.92431640625 1027.88342285156 1024.9892578125 1009.2919921875 997.780883789062 986.031372070312 985.889953613281 977.39794921875 973.984375 969.361022949219 963.438659667969 970.48388671875 967.13720703125 974.453308105469
1013.74621582031 1021.97863769531 1021.052734375 1029.54711914062 1029.51831054688 1024.43310546875 1025.48364257812 1033.71850585938 1030.17346191406 1034.08850097656 1027.68188476562 1035.25830078125 1033.68688964844 1034.90783691406 1031.00036621094 1031.67077636719 1037.869140625 1037.98791503906 1040.84362792969 1044.4365234375 1048.43310546875 1050.34375 1052.48181152344 1044.283203125 1049.70593261719 1054.27783203125 1054.35705566406 1035.22509765625 1029.09497070312 1034.37927246094 1028.24304199219 1030.32580566406 1030.80102539062 1028.56640625 1019.9833984375 1011.10247802734 992.601440429688 993.598754882812 984.682739257812 981.94482421875 966.667663574219 976.242065429688 971.892700195312 966.544006347656 961.909301757812 958.864074707031
1015.47821044922 1027.08679199219 1029.55395507812 1031.52294921875 1031.52575683594 1029.21105957031 1031.08227539062 1029.58605957031 1040.05187988281 1035.64392089844 1033.45788574219 1040.25659179688 1032.44409179688 1022.32556152344 1018.65032958984 1028.72290039062 1026.64514160156 1036.41320800781 1036.28503417969 1036.345703125 1045.98852539062 1045.21374511719 1040.9765625 1041.53833007812 1049.61083984375 1047.59521484375 1045.66674804688 1038.18041992188 1034.95263671875 1027.787109375 1025.41687011719 1026.53503417969 1022.94219970703 1021.9326171875 1016.42749023438 1012.70886230469 1004.87048339844 995.629943847656 981.854187011719 977.129333496094 969.417053222656 972.195190429688 969.399597167969 965.055908203125 962.547119140625 960.266296386719
1018.10589599609 1018.26196289062 1024.04345703125 1035.98400878906 1041.44519042969 1036.08215332031 1036.8271484375 1043.30102539062 1038.81579589844 1032.564453125 1032.1884765625 1036.63122558594 1032.40270996094 1025.501953125 1023.06683349609 1023.85546875 1036.73937988281 1039.3818359375 1033.48669433594 1032.23522949219 1039.03112792969 1039.75256347656 1043.833984375 1045.9365234375 1044.73852539062 1043.33068847656 1048.57556152344 1035.88232421875 1034.26745605469 1035.85473632812 1026.65856933594 1016.82598876953 1022.24407958984 1016.81909179688 1005.19885253906 1008.20495605469 1002.03814697266 992.942749023438 987.961486816406 980.928649902344 972.211608886719 968.072692871094 974.190490722656 967.796447753906 962.238708496094 960.310180664062
1012.43676757812 1023.65252685547 1027.92272949219 1033.10144042969 1039.57470703125 1044.08178710938 1045.0859375 1039.38146972656 1039.30505371094 1030.01000976562 1025.78198242188 1027.17883300781 1028.87036132812 1019.52227783203 1017.0205078125 1011.07373046875 1027.53662109375 1030.88635253906 1030.48352050781 1037.41821289062 1039.4697265625 1046.06274414062 1042.08129882812 1044.41125488281 1038.59155273438 1042.08276367188 1053.8447265625 1037.06262207031 1025.18811035156 1033.04858398438 1020.16461181641 1020.39117431641 1024.96936035156 1020.84747314453 1010.01953125 1010.42938232422 996.748352050781 988.2939453125 988.638549804688 980.957763671875 977.36474609375 973.396606445312 967.939575195312 967.415283203125 967.226623535156 970.923034667969
1015.14538574219 1023.98223876953 1032.1279296875 1030.98181152344 1038.38598632812 1045.80004882812 1041.14147949219 1039.00427246094 1036.90625 1026.85180664062 1029.41809082031 1021.13726806641 1025.76208496094 1018.20831298828 1019.47436523438 1030.62756347656 1036.04357910156 1029.28588867188 1031.70080566406 1041.61804199219 1047.67175292969 1048.07458496094 1046.56665039062 1040.97412109375 1034.60131835938 1045.80981445312 1045.10876464844 1025.69763183594 1017.13842773438 1012.46508789062 1012.01770019531 1014.66607666016 1012.66870117188 1011.56683349609 1003.54528808594 1003.38714599609 993.52490234375 996.067016601562 989.992492675781 978.254089355469 980.387145996094 972.049377441406 966.717041015625 963.494750976562 964.856567382812 974.311706542969
1013.80700683594 1024.14501953125 1031.93920898438 1034.01879882812 1038.57751464844 1039.65283203125 1041.56457519531 1039.91784667969 1036.93493652344 1030.431640625 1031.63330078125 1028.43615722656 1032.41198730469 1021.88879394531 1018.02105712891 1027.44030761719 1035.30163574219 1032.57556152344 1038.24328613281 1041.51806640625 1041.23693847656 1045.11938476562 1047.26928710938 1036.60791015625 1034.86511230469 1034.40795898438 1027.94445800781 1017.72869873047 1014.25549316406 1013.11834716797 1011.48498535156 1008.14068603516 1003.38098144531 1002.34405517578 1005.31195068359 997.188354492188 996.133666992188 990.966613769531 990.118530273438 980.954711914062 978.263305664062 969.984191894531 967.289001464844 963.056457519531 969.105224609375 976.163330078125
1016.22509765625 1027.09326171875 1031.62524414062 1033.60192871094 1033.7548828125 1038.05017089844 1042.04113769531 1034.74084472656 1036.39038085938 1027.28540039062 1033.88317871094 1029.5751953125 1044.04333496094 1027.74841308594 1028.01635742188 1036.88903808594 1041.44555664062 1028.90515136719 1032.58044433594 1033.02746582031 1031.244140625 1037.29870605469 1041.62316894531 1034.69653320312 1023.99761962891 1022.46887207031 1018.78381347656 1012.57330322266 1015.66119384766 1015.71569824219 1010.87609863281 1012.95251464844 1011.82843017578 1005.19244384766 1006.34753417969 996.581604003906 997.446472167969 994.494323730469 989.483703613281 982.414001464844 976.223815917969 978.629211425781 974.986694335938 966.391174316406 962.7529296875 961.735534667969
