data/zlatibor_dem_simulations/DEMsim82.asc
NCOLS 150
NROWS 100
XLLCORNER 7394249
YLLCORNER 4841999
CELLSIZE 30
NODATA_VALUE -9999
[rows 80 to 99 of 100, columns 92 to 137 of 150]
997.920104980469 999.376647949219 992.603332519531 991.615417480469 1000.08605957031 998.93017578125 1001.90942382812 1001.57037353516 1003.98858642578 997.132873535156 1011.36901855469 1019.27044677734 1028.56616210938 1030.3115234375 1031.63305664062 1033.27819824219 1033.90258789062 1041.95178222656 1045.23815917969 1047.77136230469 1032.82482910156 1034.86291503906 1029.28100585938 1023.81005859375 1032.03979492188 1035.54382324219 1038.76379394531 1035.41687011719 1034.18212890625 1034.00537109375 1028.71203613281 1016.78271484375 1011.51000976562 1014.04156494141 995.62158203125 999.826782226562 1002.36859130859 1001.25653076172 1005.92956542969 1002.92175292969 994.466003417969 996.724975585938 994.631408691406 992.703979492188 997.858703613281 992.654846191406
1002.29187011719 996.272338867188 991.715393066406 997.330688476562 996.771362304688 994.031005859375 995.352722167969 996.93212890625 1003.88214111328 1009.24816894531 1012.78448486328 1019.05230712891 1018.35577392578 1024.62805175781 1029.32373046875 1028.17126464844 1022.05065917969 1033.02331542969 1040.39990234375 1042.51184082031 1032.63500976562 1037.78125 1031.43884277344 1039.8115234375 1040.6259765625 1038.32568359375 1044.02966308594 1039.72509765625 1027.74609375 1029.56079101562 1024.71215820312 1022.06597900391 1015.47528076172 1001.94970703125 999.401245117188 992.165222167969 997.562194824219 1002.39117431641 1001.96746826172 992.626770019531 992.081359863281 996.846557617188 991.771118164062 989.994018554688 994.44140625 998.808532714844
988.026062011719 994.069030761719 990.861389160156 987.915283203125 997.481994628906 1004.4228515625 997.52490234375 995.358459472656 997.156860351562 1005.66796875 1014.3740234375 1010.85260009766 1016.3232421875 1015.54583740234 1023.83489990234 1019.54010009766 1025.55725097656 1032.87084960938 1043.65612792969 1044.24731445312 1043.2841796875 1041.763671875 1041.9345703125 1047.13220214844 1045.0927734375 1041.09606933594 1046.53625488281 1038.42358398438 1033.91174316406 1027.53833007812 1017.87811279297 1010.66125488281 1007.28625488281 1003.94403076172 996.365661621094 988.684509277344 985.127319335938 998.008239746094 1002.84088134766 1002.27795410156 995.90869140625 992.283142089844 987.59130859375 993.127990722656 996.089172363281 996.353149414062
999.478515625 1001.06848144531 997.425109863281 993.045349121094 996.260131835938 1004.05133056641 1000.65557861328 999.601013183594 999.252380371094 1009.4169921875 1007.33587646484 1004.7109375 1005.88470458984 1013.51428222656 1019.57067871094 1025.7548828125 1034.58984375 1035.98449707031 1054.27160644531 1049.99499511719 1059.38317871094 1052.07568359375 1047.76147460938 1049.64770507812 1052.56286621094 1043.34436035156 1040.58361816406 1034.38415527344 1025.78088378906 1022.65637207031 1016.59216308594 1007.27874755859 1006.44354248047 1001.99359130859 998.783447265625 988.322082519531 988.495544433594 994.309448242188 992.1005859375 986.933349609375 986.248413085938 990.1416015625 991.375793457031 995.143493652344 1003.38568115234 993.472473144531
1004.22082519531 1003.68756103516 1002.296875 993.2294921875 999.706176757812 1005.37194824219 1001.36029052734 1004.56115722656 1007.47705078125 1010.234375 1015.31597900391 1015.19915771484 1013.64831542969 1018.20324707031 1020.66052246094 1030.63269042969 1037.07751464844 1037.11694335938 1048.12548828125 1061.01647949219 1065.70971679688 1053.82849121094 1047.75512695312 1053.04809570312 1059.89270019531 1046.18444824219 1040.93664550781 1027.92077636719 1034.13757324219 1021.56646728516 1007.89721679688 1011.07202148438 1011.27093505859 997.461975097656 996.339965820312 989.422668457031 983.4931640625 980.583618164062 985.1220703125 974.188415527344 979.024291992188 983.8349609375 988.014831542969 994.912902832031 998.370666503906 1002.04504394531
1000.79028320312 994.419982910156 1000.83215332031 1007.10473632812 996.12255859375 998.260498046875 1007.54797363281 1007.60046386719 1010.24877929688 1007.98107910156 1013.478515625 1020.77856445312 1013.95812988281 1025.33557128906 1026.13623046875 1027.74768066406 1030.00048828125 1040.56225585938 1051.44348144531 1057.54016113281 1065.45812988281 1060.73010253906 1054.65539550781 1049.51794433594 1055.19409179688 1045.71960449219 1043.89782714844 1036.12121582031 1037.92858886719 1029.02856445312 1010.88549804688 1007.30444335938 1008.08612060547 1006.89862060547 1001.68829345703 989.113586425781 983.088500976562 987.950012207031 985.189514160156 975.855346679688 981.401550292969 983.631713867188 989.483032226562 989.297668457031 992.578125 994.069152832031
996.999572753906 1000.07098388672 1008.88293457031 1011.92193603516 1011.41729736328 1004.30462646484 1012.37158203125 1006.24407958984 1016.18157958984 1018.98565673828 1010.70660400391 1020.68121337891 1016.63745117188 1019.82299804688 1027.18676757812 1031.41455078125 1035.11645507812 1051.189453125 1050.6669921875 1064.40686035156 1061.97741699219 1064.03771972656 1059.02124023438 1062.18420410156 1053.82189941406 1046.04748535156 1044.78503417969 1044.56384277344 1041.46887207031 1024.46997070312 1016.10638427734 1020.44207763672 1015.00347900391 1006.75274658203 997.512329101562 991.235473632812 985.820556640625 985.866821289062 977.43310546875 970.400024414062 970.412780761719 981.958435058594 981.651428222656 988.192993164062 993.461975097656 994.514465332031
998.048828125 1003.67163085938 1009.30731201172 1013.72662353516 1013.07006835938 1022.68603515625 1017.76025390625 1017.05261230469 1024.57666015625 1024.00256347656 1021.87518310547 1029.95336914062 1026.27661132812 1020.84454345703 1028.95959472656 1036.01245117188 1044.98510742188 1049.23327636719 1055.8046875 1059.07653808594 1054.73229980469 1055.84606933594 1062.77502441406 1069.82592773438 1056.69946289062 1045.49255371094 1045.22631835938 1048.52746582031 1046.33093261719 1032.55969238281 1019.35876464844 1019.03784179688 1018.34716796875 1012.14270019531 1002.47888183594 1004.44647216797 980.388610839844 977.518676757812 974.345458984375 974.423461914062 975.396545410156 984.968078613281 978.208740234375 976.167114257812 990.837585449219 988.068481445312
1010.35278320312 1007.07678222656 1003.27630615234 1007.38208007812 1021.33447265625 1020.82958984375 1018.51818847656 1030.81298828125 1031.56311035156 1029.58190917969 1032.4736328125 1026.51770019531 1022.91381835938 1026.40832519531 1033.49609375 1039.10437011719 1041.26867675781 1054.92224121094 1055.27783203125 1050.19995117188 1053.20007324219 1055.99829101562 1059.19995117188 1061.40515136719 1054.00598144531 1043.33020019531 1045.88049316406 1052.22961425781 1051.66540527344 1033.87194824219 1026.14343261719 1017.99572753906 1017.38854980469 1006.82739257812 999.51904296875 992.425415039062 984.993530273438 983.279724121094 981.635925292969 976.364562988281 982.505126953125 986.983642578125 980.945556640625 988.876892089844 975.634887695312 966.219116210938
1015.92041015625 1004.45867919922 999.223388671875 1002.57763671875 1013.91412353516 1017.98767089844 1027.63903808594 1023.37298583984 1023.28839111328 1022.49530029297 1025.9775390625 1020.50531005859 1026.30126953125 1027.47546386719 1034.26354980469 1044.3388671875 1041.30480957031 1043.73840332031 1052.8876953125 1052.57336425781 1044.6640625 1042.06030273438 1049.63305664062 1055.7919921875 1060.12780761719 1047.38488769531 1046.46911621094 1055.82604980469 1042.57275390625 1032.05810546875 1027.13879394531 1015.16015625 1010.83911132812 1003.56793212891 1005.55963134766 990.179748535156 984.645080566406 981.221069335938 977.643493652344 979.266235351562 984.305725097656 984.731079101562 981.819946289062 980.131652832031 973.002258300781 966.966003417969
1013.71783447266 1005.78778076172 1005.41870117188 1007.197265625 1008.57598876953 1022.66595458984 1022.63812255859 1017.125 1015.51898193359 1017.33251953125 1018.45007324219 1028.09765625 1029.84936523438 1034.91137695312 1034.22912597656 1038.87072753906 1035.49072265625 1049.95092773438 1052.8828125 1045.16235351562 1032.61413574219 1037.974609375 1042.32885742188 1044.88122558594 1057.82214355469 1052.4248046875 1047.33898925781 1050.2451171875 1040.830078125 1040.39453125 1026.56127929688 1026.73522949219 1023.76977539062 1011.82696533203 1003.02270507812 995.987548828125 986.524230957031 990.518920898438 985.684204101562 983.003173828125 980.787414550781 979.782775878906 990.103454589844 987.06787109375 974.325866699219 964.932922363281
1010.18493652344 1016.28131103516 1009.59820556641 1015.93682861328 1020.59375 1027.69274902344 1032.03723144531 1026.04931640625 1014.38763427734 1019.45709228516 1022.19470214844 1020.88854980469 1024.56066894531 1030.29077148438 1039.6630859375 1036.94226074219 1043.33666992188 1043.90283203125 1039.33276367188 1041.60144042969 1039.10864257812 1038.00939941406 1040.07543945312 1035.28735351562 1055.07250976562 1047.04699707031 1045.24658203125 1043.93176269531 1042.076171875 1041.48364257812 1032.80859375 1026.40795898438 1028.76257324219 1019.68017578125 1014.29705810547 1003.22869873047 997.055541992188 994.182189941406 986.857116699219 983.687438964844 989.851379394531 984.810119628906 991.172729492188 987.027404785156 975.498107910156 970.473327636719
1016.09991455078 1020.67767333984 1021.68273925781 1023.35284423828 1017.86444091797 1025.44506835938 1031.17639160156 1030.37573242188 1023.24731445312 1017.72454833984 1022.9033203125 1021.15521240234 1015.41284179688 1025.265625 1044.77062988281 1044.07958984375 1049.09240722656 1045.45007324219 1037.75439453125 1035.53332519531 1040.10083007812 1042.65771484375 1037.77111816406 1040.36364746094 1049.498046875 1046.79357910156 1047.15673828125 1046.50988769531 1039.99719238281 1042.9423828125 1032.57873535156 1030.91015625 1030.39562988281 1015.02404785156 1014.53515625 1000.81903076172 993.240417480469 995.8193359375 989.624694824219 989.29150390625 980.2353515625 987.609191894531 988.507019042969 978.345825195312 965.367492675781 958.505310058594
1019.24926757812 1015.51147460938 1023.35455322266 1034.97998046875 1026.42468261719 1030.13403320312 1027.71960449219 1026.25964355469 1030.794921875 1027.14733886719 1023.12451171875 1017.43890380859 1019.8154296875 1030.75451660156 1036.13159179688 1034.53015136719 1037.31469726562 1036.92700195312 1032.27038574219 1035.70080566406 1046.56616210938 1049.14074707031 1040.52368164062 1049.76196289062 1056.44787597656 1050.75073242188 1054.07556152344 1046.52526855469 1043.97924804688 1046.21459960938 1042.75732421875 1034.58959960938 1023.81036376953 1016.42687988281 1014.60339355469 1006.54205322266 999.003967285156 991.513427734375 985.962341308594 984.882751464844 982.975769042969 982.499206542969 977.099975585938 960.379211425781 953.451171875 946.107421875
1018.41033935547 1019.23333740234 1023.32836914062 1033.61108398438 1027.92150878906 1028.51232910156 1035.58630371094 1026.11474609375 1028.52941894531 1036.51452636719 1031.80029296875 1020.83367919922 1026.86267089844 1030.67578125 1044.70190429688 1035.74584960938 1032.90942382812 1046.14038085938 1040.80004882812 1042.0576171875 1044.216796875 1043.80651855469 1047.74719238281 1046.58923339844 1053.67663574219 1057.09680175781 1057.72082519531 1050.86511230469 1042.87841796875 1035.39514160156 1038.66479492188 1024.08215332031 1018.53765869141 1013.74609375 1001.50500488281 1002.19549560547 995.04736328125 985.145080566406 979.891052246094 985.552001953125 981.590881347656 976.051635742188 971.107971191406 961.203918457031 953.398559570312 953.830627441406
1016.05267333984 1020.9853515625 1020.94061279297 1032.05615234375 1033.19519042969 1025.24182128906 1026.2734375 1028.06591796875 1026.65344238281 1033.64453125 1032.66223144531 1028.77673339844 1032.19714355469 1033.974609375 1038.60314941406 1040.66125488281 1037.29443359375 1030.69921875 1030.57775878906 1037.83093261719 1038.08349609375 1038.96264648438 1049.64575195312 1051.00708007812 1063.4140625 1058.75378417969 1052.04992675781 1055.19995117188 1043.52282714844 1036.18334960938 1027.02966308594 1017.61767578125 1023.4267578125 1014.78125 1009.64538574219 1006.50109863281 994.939453125 978.777893066406 983.525207519531 975.6826171875 972.15625 964.055908203125 956.816955566406 963.26318359375 963.467346191406 955.781127929688
1020.26123046875 1015.83465576172 1027.75256347656 1021.49731445312 1027.50927734375 1032.31457519531 1038.63806152344 1037.06079101562 1039.16430664062 1034.91491699219 1043.82092285156 1031.35900878906 1035.1455078125 1043.97375488281 1038.55676269531 1035.71923828125 1029.31433105469 1032.32580566406 1033.52062988281 1030.78271484375 1026.26672363281 1037.04125976562 1043.65942382812 1053.09802246094 1052.21264648438 1046.41479492188 1039.27734375 1045.86291503906 1032.544921875 1020.03161621094 1017.52319335938 1023.9384765625 1020.05151367188 1013.63653564453 1010.57989501953 1005.47662353516 989.849243164062 990.400451660156 987.049560546875 978.825561523438 967.473022460938 970.424255371094 968.706604003906 965.575012207031 966.460571289062 959.932067871094
1018.36926269531 1016.11151123047 1021.80914306641 1020.26019287109 1031.16101074219 1035.80151367188 1047.33642578125 1041.1484375 1037.20288085938 1030.748046875 1037.13818359375 1029.85144042969 1036.66418457031 1038.26330566406 1042.80493164062 1038.00024414062 1033.91333007812 1021.78863525391 1027.4951171875 1023.06872558594 1022.05023193359 1024.87670898438 1029.73376464844 1035.40490722656 1040.01574707031 1043.00451660156 1036.57775878906 1025.1435546875 1018.68176269531 1008.64874267578 1014.19891357422 1021.7294921875 1011.24157714844 1012.68115234375 1020.28741455078 1003.22833251953 992.635009765625 987.622985839844 982.308776855469 980.867797851562 967.493286132812 974.221252441406 971.352844238281 968.689208984375 965.689575195312 963.815490722656
1018.36083984375 1023.60955810547 1023.54479980469 1026.28881835938 1040.59899902344 1040.76611328125 1038.5576171875 1039.64172363281 1038.70373535156 1030.95654296875 1035.60693359375 1035.06811523438 1039.59545898438 1038.47204589844 1044.26721191406 1033.10827636719 1030.587890625 1026.36669921875 1026.73522949219 1012.37713623047 1023.33367919922 1024.28015136719 1020.02124023438 1019.45440673828 1025.88073730469 1026.3564453125 1021.3076171875 1011.56176757812 1012.98370361328 999.501342773438 1005.02453613281 1012.7353515625 1011.32250976562 1009.71044921875 1015.89465332031 1009.78149414062 1000.84460449219 987.258239746094 982.505859375 977.788635253906 973.839111328125 981.280639648438 974.80712890625 966.899658203125 962.757690429688 962.146118164062
1026.43774414062 1030.83471679688 1025.35046386719 1029.82214355469 1045.04772949219 1042.26306152344 1037.90710449219 1043.392578125 1036.65942382812 1034.26220703125 1031.79040527344 1036.88549804688 1041.37915039062 1036.38720703125 1041.25109863281 1033.82983398438 1026.1630859375 1031.43286132812 1024.72827148438 1026.4326171875 1020.78485107422 1019.39959716797 1016.72918701172 1014.21942138672 1020.32373046875 1017.74359130859 1019.85760498047 1008.43054199219 1013.35998535156 1008.44207763672 1004.66931152344 998.745239257812 998.187561035156 1009.89654541016 1013.61303710938 1007.79864501953 1001.28454589844 989.792175292969 987.084533691406 973.023864746094 968.794189453125 972.119995117188 967.244567871094 964.530700683594 962.63427734375 963.610778808594
