data/zlatibor_dem_simulations/DEMsim23.asc
NCOLS 150
NROWS 100
XLLCORNER 7394249
YLLCORNER 4841999
CELLSIZE 30
NODATA_VALUE -9999
[rows 60 to 79 of 100, columns 46 to 91 of 150]
939.879638671875 948.314880371094 955.833435058594 948.996398925781 947.1142578125 953.741638183594 953.772521972656 952.046875 956.900695800781 953.4033203125 958.571716308594 958.506713867188 955.917724609375 963.828247070312 956.180236816406 952.9228515625 954.9052734375 952.077880859375 954.150268554688 953.464294433594 970.126647949219 964.884887695312 958.133666992188 963.546691894531 967.539367675781 969.117004394531 962.562866210938 967.082824707031 964.518310546875 970.842102050781 967.239196777344 966.382751464844 965.952941894531 969.803833007812 964.235534667969 959.503723144531 961.944641113281 969.739196777344 971.708190917969 968.763366699219 972.078247070312 967.497436523438 971.808959960938 967.539123535156 967.662048339844 967.325561523438
938.208862304688 952.632690429688 958.150695800781 948.677124023438 955.054626464844 955.049865722656 950.095153808594 953.561645507812 952.773864746094 958.318359375 957.943969726562 956.117736816406 957.048522949219 958.801086425781 957.817626953125 957.52392578125 966.671264648438 954.423400878906 965.736511230469 962.476318359375 960.941345214844 958.758117675781 958.085815429688 963.587829589844 966.81884765625 958.917785644531 968.4521484375 969.551391601562 982.549133300781 977.058288574219 974.975769042969 963.900939941406 959.279541015625 957.720092773438 963.84765625 968.938598632812 966.228149414062 975.343811035156 976.360168457031 970.340515136719 972.506286621094 974.778198242188 977.7490234375 974.704223632812 967.911376953125 964.901611328125
952.94580078125 949.274780273438 944.50830078125 950.370910644531 952.7685546875 952.105895996094 947.402770996094 953.520446777344 953.994201660156 968.76318359375 976.8056640625 973.740295410156 963.240295410156 965.237731933594 968.869445800781 963.623291015625 966.503723144531 962.007385253906 967.383728027344 961.732055664062 960.293395996094 964.251220703125 963.671325683594 972.474670410156 964.111389160156 962.847717285156 976.284484863281 974.041381835938 973.156311035156 978.661804199219 971.462585449219 960.358154296875 962.025146484375 963.466491699219 968.720092773438 973.033569335938 972.831787109375 984.090454101562 981.165954589844 973.303161621094 975.579956054688 972.823852539062 971.980285644531 976.128051757812 971.229187011719 970.006164550781
959.441772460938 950.796325683594 951.126281738281 952.50537109375 957.303466796875 951.3056640625 957.584899902344 963.258117675781 970.789367675781 975.209411621094 984.579040527344 975.706665039062 975.683227539062 968.231506347656 971.169128417969 965.133483886719 968.134826660156 972.365905761719 971.203125 962.320251464844 957.265502929688 961.726745605469 970.64501953125 968.6513671875 962.832214355469 963.366333007812 969.643249511719 968.120727539062 971.451904296875 969.122985839844 975.486267089844 970.721557617188 961.948974609375 963.406372070312 970.63427734375 970.468505859375 969.575317382812 985.190307617188 981.714050292969 977.094055175781 986.904357910156 977.870422363281 977.584350585938 981.231750488281 973.365295410156 966.558898925781
966.9052734375 955.748413085938 951.977844238281 954.017578125 962.775085449219 961.779052734375 961.133178710938 959.867004394531 972.206604003906 981.596313476562 974.267456054688 972.999694824219 968.535766601562 975.411499023438 974.721984863281 967.410095214844 964.730102539062 972.123474121094 971.691528320312 967.18896484375 960.167175292969 966.820739746094 970.805236816406 970.930725097656 975.491760253906 977.736511230469 983.614868164062 971.028930664062 973.296142578125 974.979125976562 977.103088378906 971.047119140625 964.357666015625 963.419616699219 969.6962890625 969.484252929688 980.648803710938 982.550720214844 982.274719238281 981.28857421875 981.592407226562 984.762634277344 982.159423828125 972.135437011719 972.861328125 960.642578125
968.099731445312 960.496704101562 970.094421386719 970.491333007812 967.560791015625 969.172973632812 966.45654296875 954.244567871094 962.257446289062 971.724243164062 983.596862792969 978.131469726562 974.3310546875 970.283203125 972.022644042969 969.330261230469 961.632141113281 965.807556152344 966.462890625 963.07763671875 969.655334472656 973.284790039062 966.614929199219 969.570617675781 978.2060546875 979.84912109375 975.22119140625 969.269592285156 973.191650390625 972.967407226562 971.507141113281 963.901489257812 972.577026367188 972.748779296875 975.627807617188 976.182495117188 982.296447753906 988.858459472656 986.031616210938 980.234313964844 980.742370605469 979.451904296875 978.058227539062 975.615539550781 973.847351074219 973.061950683594
966.836730957031 968.628356933594 968.776000976562 972.451599121094 960.429138183594 964.6962890625 964.824523925781 965.590087890625 961.561889648438 974.080688476562 986.780578613281 975.705749511719 976.321350097656 971.12744140625 974.744995117188 962.665649414062 958.55712890625 964.573486328125 969.681762695312 982.621826171875 974.551147460938 975.627319335938 968.549926757812 975.606323242188 979.609985351562 976.51318359375 983.232971191406 977.505615234375 980.369018554688 975.698486328125 975.805541992188 967.891784667969 976.377075195312 971.017028808594 975.509643554688 977.493835449219 981.647521972656 986.885437011719 978.416198730469 977.167114257812 972.912963867188 965.537414550781 978.099365234375 979.912719726562 966.718811035156 973.185180664062
963.562683105469 967.588073730469 974.565673828125 977.787902832031 964.743835449219 962.276794433594 961.410949707031 966.306457519531 971.338745117188 970.382141113281 974.252563476562 977.519714355469 976.030334472656 967.803161621094 973.042358398438 966.703186035156 957.837768554688 963.825256347656 964.905578613281 970.505676269531 971.564758300781 959.421020507812 960.513549804688 969.808227539062 973.772644042969 979.411560058594 971.483520507812 977.87890625 978.225341796875 983.796997070312 973.866516113281 969.526245117188 975.597045898438 970.469909667969 973.958923339844 972.109008789062 986.316833496094 983.073913574219 983.450378417969 983.395141601562 984.200500488281 974.134704589844 977.490600585938 976.979858398438 971.398803710938 974.188354492188
966.068298339844 967.114990234375 978.484741210938 981.585205078125 964.80126953125 967.170043945312 968.063110351562 966.772705078125 979.06201171875 974.91357421875 979.53955078125 968.235229492188 974.788330078125 981.942199707031 968.464599609375 967.981506347656 962.016052246094 955.20703125 958.959716796875 964.262634277344 968.197021484375 967.888427734375 961.407409667969 964.101623535156 969.594848632812 974.241516113281 969.597595214844 974.683837890625 975.486572265625 980.337890625 983.550537109375 969.593505859375 969.636413574219 969.277160644531 975.162231445312 977.67724609375 982.454650878906 982.563598632812 984.4384765625 982.670227050781 981.329406738281 979.513305664062 978.154602050781 976.983032226562 967.823181152344 972.818298339844
978.059936523438 980.145812988281 984.356323242188 979.942321777344 973.211791992188 970.0224609375 967.470092773438 975.274963378906 975.030944824219 976.602355957031 979.255981445312 969.11328125 974.846923828125 975.365905761719 975.117980957031 972.721496582031 968.623840332031 964.91357421875 960.922546386719 966.073120117188 971.994506835938 969.292663574219 958.484741210938 962.574157714844 972.844970703125 978.736145019531 979.20654296875 979.18701171875 985.09716796875 983.258972167969 988.826171875 980.167846679688 974.738342285156 974.139770507812 976.521728515625 980.158874511719 981.653625488281 986.145202636719 989.476745605469 987.361145019531 986.045593261719 988.048156738281 985.571228027344 979.103942871094 975.536682128906 973.726379394531
984.860961914062 989.844543457031 990.075622558594 992.518920898438 984.954895019531 983.453002929688 987.388366699219 983.485168457031 983.044982910156 985.239379882812 980.72802734375 974.923156738281 972.726501464844 974.374877929688 969.602722167969 973.175048828125 964.009338378906 967.669616699219 969.428588867188 965.124633789062 968.900634765625 969.457092285156 962.94189453125 967.650756835938 972.825988769531 977.618286132812 989.066467285156 980.580993652344 981.754150390625 975.452941894531 981.945251464844 972.89013671875 976.28564453125 974.359680175781 975.637268066406 985.296691894531 984.014099121094 993.810729980469 994.619750976562 991.305419921875 993.480651855469 983.217041015625 988.031494140625 980.199340820312 982.258056640625 973.054504394531
992.315124511719 999.450317382812 988.852111816406 993.167419433594 996.634643554688 990.207885742188 985.030151367188 989.534423828125 987.310180664062 979.050720214844 977.375061035156 975.104248046875 978.130859375 976.326416015625 969.738647460938 962.483825683594 961.264831542969 970.741088867188 970.328369140625 975.901611328125 982.82275390625 984.368347167969 977.44091796875 973.462097167969 973.244384765625 981.981628417969 986.232116699219 990.960144042969 982.133666992188 978.638488769531 983.313659667969 979.171203613281 993.650817871094 975.310791015625 978.708190917969 985.007019042969 987.790283203125 992.985656738281 996.422546386719 995.345642089844 990.096435546875 980.548767089844 980.590637207031 981.105102539062 984.266296386719 977.329162597656
994.034973144531 1005.14190673828 998.343383789062 1004.58459472656 1010.12823486328 1001.34252929688 993.3037109375 987.830200195312 980.08447265625 975.521179199219 977.17041015625 973.623229980469 980.08935546875 972.050598144531 978.237548828125 973.894958496094 965.061889648438 973.288696289062 975.979553222656 982.242614746094 978.722778320312 981.142150878906 976.062866210938 975.163452148438 978.034790039062 980.6728515625 990.625 993.779541015625 1000.60974121094 986.224487304688 983.785583496094 984.128356933594 987.2197265625 976.5908203125 984.942993164062 984.994506835938 984.763061523438 988.058776855469 989.179992675781 992.317749023438 982.542724609375 980.317810058594 975.3896484375 976.795593261719 977.843811035156 987.663146972656
1003.984375 1002.81573486328 1002.39483642578 1014.94512939453 1009.18939208984 994.166687011719 993.553283691406 989.050415039062 981.515441894531 975.90576171875 973.146240234375 981.461181640625 981.384948730469 973.619750976562 981.1123046875 975.494995117188 973.732177734375 983.258056640625 974.518188476562 984.739929199219 987.821472167969 990.556335449219 985.013916015625 983.609558105469 978.567138671875 982.64013671875 988.151611328125 996.328552246094 1000.95233154297 988.832885742188 985.719055175781 982.140258789062 992.035339355469 992.60791015625 985.735168457031 978.889343261719 978.960083007812 983.206237792969 993.301391601562 996.953735351562 987.260009765625 983.580200195312 986.198608398438 979.119567871094 983.445129394531 989.757019042969
999.064147949219 999.116149902344 1002.14501953125 1006.70593261719 1009.21038818359 994.1142578125 997.298522949219 991.358825683594 980.778137207031 982.670532226562 982.463073730469 982.49365234375 979.263732910156 967.662475585938 972.761352539062 972.910400390625 978.954284667969 977.180480957031 981.794555664062 986.843811035156 982.520202636719 992.845031738281 993.607849121094 992.361145019531 985.266967773438 990.061279296875 995.656555175781 998.224548339844 997.532531738281 987.412170410156 986.951843261719 977.776000976562 993.702575683594 989.656799316406 980.074645996094 980.136901855469 980.156127929688 985.943176269531 989.590637207031 991.826904296875 982.424926757812 986.762268066406 982.189758300781 989.196655273438 981.908813476562 989.390502929688
1000.77520751953 1008.47442626953 1003.75946044922 1005.40777587891 1005.49420166016 998.322814941406 1000.75653076172 993.337646484375 988.548095703125 985.616577148438 984.320495605469 980.455749511719 977.977966308594 971.809265136719 968.895690917969 980.754516601562 982.349792480469 978.007873535156 981.486511230469 986.581420898438 982.863952636719 993.561950683594 993.220153808594 989.273559570312 988.731201171875 987.073974609375 994.92919921875 1001.84228515625 993.478820800781 993.775146484375 996.376953125 987.27490234375 987.946594238281 995.106384277344 989.3427734375 989.406372070312 998.860290527344 998.544311523438 994.119323730469 990.874206542969 991.26611328125 988.327819824219 988.820739746094 985.426086425781 988.242858886719 977.486389160156
1014.38342285156 1014.91284179688 1012.35809326172 998.238037109375 994.234008789062 998.483825683594 996.089416503906 990.237182617188 990.684692382812 992.167053222656 982.766296386719 979.49609375 973.76171875 973.209533691406 973.846801757812 978.317687988281 981.002136230469 977.163024902344 976.444458007812 982.280883789062 984.675598144531 986.147644042969 978.482360839844 978.521240234375 983.195007324219 988.349487304688 992.025024414062 992.321838378906 987.98681640625 979.228942871094 990.567138671875 1001.70135498047 984.973266601562 994.066223144531 993.736755371094 992.627258300781 995.246276855469 1007.44897460938 1004.02673339844 997.654418945312 1000.52850341797 993.203002929688 990.7158203125 984.716918945312 987.027160644531 976.144775390625
1009.38586425781 1018.00823974609 1007.15234375 996.944091796875 1001.19421386719 999.376037597656 993.044921875 991.92431640625 989.76806640625 983.548889160156 985.042907714844 980.481079101562 980.853759765625 972.4423828125 969.519165039062 982.350708007812 981.136474609375 977.876281738281 978.2275390625 978.705810546875 982.8603515625 991.07958984375 983.762573242188 984.133056640625 986.459167480469 989.786010742188 998.280944824219 990.171447753906 979.68115234375 977.291687011719 978.863647460938 991.077758789062 991.379760742188 996.981384277344 997.492065429688 999.459899902344 1003.76940917969 1008.45373535156 1013.68292236328 999.289245605469 989.478881835938 992.141540527344 985.978454589844 985.996765136719 978.672119140625 977.266967773438
1016.09265136719 1002.08489990234 1002.537109375 993.458923339844 1000.43621826172 992.645324707031 981.680969238281 987.420471191406 985.646118164062 976.84326171875 976.651000976562 981.460510253906 983.090087890625 974.653686523438 975.85986328125 973.898864746094 980.010681152344 978.950561523438 975.290222167969 976.974487304688 977.868347167969 987.093627929688 980.07275390625 988.720764160156 987.285766601562 985.344665527344 986.865112304688 980.989013671875 981.870300292969 982.095520019531 988.408386230469 990.133422851562 998.9775390625 1004.41571044922 1011.14544677734 1006.16711425781 1008.13586425781 1014.41455078125 1004.26739501953 996.969970703125 985.990966796875 988.385314941406 991.79052734375 991.694213867188 981.860107421875 985.304382324219
1011.76800537109 1002.20391845703 989.755554199219 998.625915527344 996.906372070312 996.250305175781 991.568115234375 995.936462402344 998.102233886719 991.222778320312 981.613952636719 978.8232421875 978.986267089844 980.078063964844 975.527404785156 971.500549316406 971.550659179688 973.590698242188 976.983581542969 978.370361328125 975.038940429688 977.228759765625 981.88330078125 983.797973632812 984.677368164062 983.709777832031 991.266723632812 983.892211914062 979.269653320312 995.604187011719 990.889709472656 994.34912109375 1005.08135986328 1007.96905517578 1011.39874267578 1004.43353271484 1007.74584960938 1004.0869140625 1005.6943359375 997.989013671875 989.418823242188 989.065002441406 997.442993164062 993.887634277344 991.284301757812 991.884948730469
