data/zlatibor_dem_simulations/DEMsim29.asc
NCOLS 150
NROWS 100
XLLCORNER 7394249
YLLCORNER 4841999
CELLSIZE 30
NODATA_VALUE -9999
[rows 20 to 39 of 100, columns 92 to 137 of 150]
1005.40777587891 1005.56781005859 1008.43896484375 1002.77154541016 1009.32446289062 1009.53344726562 1012.8037109375 1011.33666992188 1011.11267089844 1010.18408203125 1003.53082275391 1000.24847412109 998.613891601562 1006.03900146484 1003.55841064453 995.9677734375 999.069702148438 985.126647949219 981.517272949219 975.88134765625 958.879638671875 947.708862304688 938.330322265625 928.000244140625 922.560485839844 933.718444824219 943.948486328125 948.578674316406 956.366760253906 967.844177246094 981.158447265625 992.192443847656 990.655029296875 1001.1201171875 1005.47454833984 1023.40899658203 1026.20581054688 1035.97106933594 1040.79724121094 1045.71740722656 1055.74523925781 1056.26025390625 1056.61938476562 1057.02075195312 1053.2587890625 1046.71569824219
1021.45690917969 1017.29248046875 1020.57696533203 1021.34887695312 1016.87622070312 1021.90686035156 1020.94720458984 1023.15594482422 1022.99310302734 1012.75 1009.61547851562 993.587463378906 996.049255371094 999.060485839844 995.808959960938 1000.17279052734 994.548034667969 982.642639160156 969.264892578125 969.26318359375 956.152160644531 955.944274902344 936.259399414062 942.517150878906 934.429077148438 950.721740722656 955.247436523438 959.741882324219 971.493469238281 972.757934570312 987.8427734375 1002.54577636719 1003.28662109375 1002.57507324219 1017.52807617188 1022.52789306641 1024.91870117188 1029.80029296875 1045.32434082031 1047.03210449219 1056.5869140625 1062.27819824219 1059.20959472656 1052.76684570312 1049.60168457031 1050.00244140625
1027.14782714844 1014.02172851562 1028.90087890625 1030.54187011719 1026.69787597656 1025.20361328125 1021.84301757812 1026.14978027344 1021.42095947266 1002.13732910156 998.442199707031 1001.81665039062 1000.36993408203 998.703430175781 997.391967773438 996.87841796875 986.757080078125 978.848388671875 966.276306152344 956.5458984375 953.796752929688 955.295227050781 944.947021484375 948.766174316406 948.055908203125 952.943298339844 966.662475585938 971.924194335938 970.072509765625 984.429382324219 992.917236328125 1000.85394287109 1008.10687255859 1008.36639404297 1026.82922363281 1034.39868164062 1031.60510253906 1032.82434082031 1045.99487304688 1049.2060546875 1047.78430175781 1054.05822753906 1053.16003417969 1050.19738769531 1053.06799316406 1044.38415527344
1025.22094726562 1020.05255126953 1028.2421875 1030.88818359375 1024.47082519531 1026.35510253906 1013.17028808594 1018.14416503906 1014.99743652344 1003.96350097656 1002.92816162109 1008.07562255859 1006.11590576172 1012.82293701172 1006.10461425781 993.504699707031 987.003845214844 981.533874511719 980.953552246094 953.1171875 945.959716796875 955.319641113281 948.755310058594 953.935302734375 959.39892578125 967.491333007812 971.61962890625 972.773986816406 976.175170898438 988.672607421875 1000.07830810547 1012.09936523438 1014.01477050781 1016.74676513672 1033.23852539062 1038.94897460938 1038.73413085938 1043.47863769531 1042.55895996094 1051.00842285156 1054.42956542969 1053.41418457031 1041.97863769531 1044.779296875 1053.39807128906 1058.21044921875
1019.61578369141 1018.18627929688 1028.87841796875 1037.60778808594 1028.13671875 1028.48962402344 1021.16937255859 1012.17401123047 1011.82287597656 1007.3564453125 996.092163085938 1008.74157714844 1012.77813720703 1013.92767333984 1009.11163330078 1000.0751953125 992.318969726562 989.274108886719 980.616577148438 958.949462890625 950.741821289062 950.496826171875 952.369445800781 953.856018066406 960.368530273438 973.396362304688 978.170593261719 984.713928222656 989.576721191406 995.592468261719 1012.94122314453 1024.41442871094 1010.84338378906 1027.52197265625 1032.94592285156 1046.37072753906 1044.927734375 1048.01794433594 1051.22937011719 1045.91870117188 1046.7900390625 1042.81921386719 1050.26452636719 1050.79357910156 1062.2373046875 1062.48779296875
1033.84997558594 1031.775390625 1033.61962890625 1041.96154785156 1034.59704589844 1029.23486328125 1018.17370605469 1004.92681884766 1006.43884277344 1009.79162597656 1003.60009765625 1010.21697998047 1008.24615478516 1006.73767089844 1008.37976074219 1001.65887451172 988.774719238281 986.371398925781 978.963012695312 961.794189453125 953.491577148438 947.647521972656 944.174194335938 957.64208984375 959.600769042969 969.090515136719 984.014709472656 996.63037109375 1000.99426269531 1011.19470214844 1011.42346191406 1015.99139404297 1020.69586181641 1017.98846435547 1031.1220703125 1044.45166015625 1039.96130371094 1033.57751464844 1038.70263671875 1049.3486328125 1045.40771484375 1045.98376464844 1049.77490234375 1051.08825683594 1054.72302246094 1056.80102539062
1032.49133300781 1031.95141601562 1021.74041748047 1035.17504882812 1038.58093261719 1031.744140625 1017.61413574219 1014.81280517578 1011.14923095703 1005.71899414062 1005.3154296875 1003.85729980469 1010.02252197266 1005.36505126953 1011.98016357422 994.717590332031 977.07958984375 975.1962890625 966.180297851562 961.533081054688 956.760131835938 952.157653808594 948.540832519531 955.538024902344 952.671447753906 973.808959960938 986.033447265625 994.2021484375 1000.02728271484 1000.26336669922 1010.69000244141 1017.16943359375 1032.71472167969 1025.4384765625 1022.87249755859 1034.19311523438 1040.33874511719 1049.1787109375 1043.57360839844 1053.03564453125 1047.43798828125 1051.85900878906 1047.49621582031 1054.05505371094 1054.39001464844 1053.99926757812
1027.69519042969 1033.50805664062 1029.67248535156 1032.8486328125 1034.03356933594 1023.99017333984 1018.74755859375 1015.20880126953 1008.55718994141 1007.01770019531 1000.33325195312 1004.84332275391 1006.68676757812 1010.88592529297 1001.91351318359 989.612365722656 973.134399414062 969.973999023438 957.450988769531 948.584350585938 955.129211425781 949.593566894531 945.078979492188 944.5908203125 951.676086425781 962.128967285156 978.879211425781 999.441772460938 1002.38983154297 1010.24243164062 1011.13287353516 1027.216796875 1025.48620605469 1027.90844726562 1021.99401855469 1035.17956542969 1043.31079101562 1043.89636230469 1057.62963867188 1047.85559082031 1044.31811523438 1047.59680175781 1053.49975585938 1044.45288085938 1041.24450683594 1048.078125
1028.70947265625 1032.87097167969 1026.38256835938 1031.12951660156 1031.60571289062 1026.783203125 1021.84094238281 1014.30871582031 1006.89721679688 1005.56182861328 1005.54943847656 1004.28338623047 997.006896972656 998.131591796875 998.761840820312 985.892944335938 962.649780273438 958.364807128906 953.142517089844 936.029357910156 942.188720703125 940.824951171875 946.858215332031 950.306945800781 953.584716796875 968.836486816406 983.696350097656 989.681274414062 999.908142089844 1009.80694580078 1013.09356689453 1024.00671386719 1024.85510253906 1026.57727050781 1029.57202148438 1035.89416503906 1044.97827148438 1051.82153320312 1056.16674804688 1056.03369140625 1056.35729980469 1056.66125488281 1053.86181640625 1043.01965332031 1040.21423339844 1045.44311523438
1028.42492675781 1028.28479003906 1031.65002441406 1026.85571289062 1023.01770019531 1017.77270507812 1016.60192871094 1019.12622070312 1009.84759521484 1009.11169433594 1010.8974609375 1008.11267089844 1003.83563232422 1005.88000488281 994.151123046875 981.121520996094 964.72265625 960.746765136719 952.985229492188 945.969848632812 930.6865234375 940.143005371094 948.898132324219 952.63232421875 958.562866210938 970.068115234375 978.519653320312 993.258911132812 990.255737304688 1003.15673828125 999.799682617188 1009.19818115234 1020.88848876953 1019.95129394531 1035.75341796875 1036.11633300781 1041.40124511719 1043.05981445312 1044.69152832031 1049.26379394531 1056.13903808594 1045.66687011719 1038.64672851562 1038.21643066406 1035.35583496094 1037.9931640625
1023.15380859375 1023.07727050781 1025.6044921875 1027.8798828125 1028.744140625 1020.9423828125 1023.04125976562 1020.17620849609 1013.04406738281 1015.89294433594 1016.64208984375 1003.04583740234 1009.33905029297 1003.50073242188 999.539123535156 984.09716796875 973.487182617188 967.392333984375 955.044250488281 945.282165527344 937.442016601562 946.056884765625 947.130920410156 952.383361816406 956.245971679688 968.192626953125 985.303405761719 988.420593261719 986.545715332031 1001.97613525391 997.870666503906 1006.71551513672 1017.43579101562 1028.4619140625 1037.140625 1033.45056152344 1038.00439453125 1037.19873046875 1039.28332519531 1041.50366210938 1038.53576660156 1041.18371582031 1032.42541503906 1025.1669921875 1037.68310546875 1037.21801757812
1013.26336669922 1019.45709228516 1018.54022216797 1024.29797363281 1018.26702880859 1019.62335205078 1023.03753662109 1015.32189941406 1009.49084472656 1014.0078125 1009.27886962891 1017.13775634766 999.763244628906 1004.12249755859 999.456909179688 984.707763671875 974.916381835938 974.136352539062 963.656188964844 953.874694824219 946.950561523438 948.01416015625 950.686950683594 951.612121582031 952.886047363281 967.851135253906 972.594360351562 981.502990722656 990.343078613281 993.025756835938 996.185363769531 1012.25817871094 1012.04437255859 1029.93090820312 1032.33581542969 1033.25695800781 1027.42663574219 1028.80456542969 1033.63171386719 1036.76611328125 1030.25390625 1034.31555175781 1029.67346191406 1030.572265625 1037.67309570312 1041.93920898438
1010.40283203125 1015.88311767578 1017.87243652344 1012.73107910156 1009.31286621094 1009.15002441406 1010.61987304688 1016.32989501953 1005.14434814453 1002.04376220703 1001.77978515625 1007.73980712891 1007.26898193359 996.97021484375 994.618591308594 996.959838867188 988.694091796875 978.961608886719 969.889526367188 969.453979492188 966.681274414062 958.904235839844 955.305847167969 957.792297363281 959.481689453125 967.282653808594 973.564514160156 985.463195800781 986.846008300781 994.486022949219 1003.20739746094 1004.638671875 1006.30969238281 1016.31634521484 1018.99896240234 1024.90393066406 1019.21960449219 1016.56585693359 1018.97857666016 1024.29577636719 1028.08581542969 1031.2431640625 1025.74560546875 1022.78399658203 1030.19384765625 1033.28515625
1004.10009765625 1008.83264160156 1006.36297607422 1010.10729980469 1003.83312988281 1011.63592529297 1019.23968505859 1006.990234375 1005.42224121094 1002.1025390625 1003.953125 1002.94940185547 1003.13568115234 995.699035644531 999.428100585938 996.0283203125 986.170288085938 985.348083496094 983.853210449219 974.041625976562 968.773559570312 964.023254394531 965.827331542969 967.207885742188 959.913208007812 965.254272460938 972.96923828125 985.049926757812 985.881896972656 989.580139160156 998.63671875 1004.55548095703 1022.01702880859 1013.1083984375 1015.48309326172 1014.67529296875 1009.21398925781 1013.72955322266 1015.03881835938 1008.654296875 1026.37548828125 1023.04656982422 1022.68762207031 1022.80694580078 1022.22497558594 1022.7021484375
1010.34448242188 1010.29779052734 1008.00177001953 998.729370117188 1009.67822265625 1007.33660888672 1013.34893798828 1004.38134765625 996.950439453125 993.781311035156 1004.10241699219 1002.25451660156 1005.31512451172 999.359436035156 1007.03747558594 1000.32403564453 994.396850585938 989.722290039062 989.786071777344 982.285827636719 977.746398925781 981.481140136719 975.249206542969 968.737915039062 967.7890625 972.158264160156 979.992248535156 978.672485351562 983.040710449219 989.724670410156 994.918029785156 1000.69958496094 1004.75549316406 1017.80535888672 1009.87103271484 1012.10382080078 1006.47802734375 1013.03186035156 1014.38525390625 1012.99450683594 1018.95330810547 1021.25231933594 1018.81750488281 1017.79400634766 1022.17272949219 1016.33752441406
1007.66131591797 1008.71508789062 1010.45825195312 1003.49719238281 1010.16680908203 1003.52587890625 997.839050292969 1002.02911376953 997.282043457031 994.714721679688 996.397583007812 1000.82366943359 1003.58032226562 1009.40185546875 1003.49810791016 998.84716796875 995.392700195312 990.965026855469 986.175903320312 978.672119140625 980.122680664062 984.065307617188 985.360168457031 978.5517578125 975.547485351562 987.224914550781 991.046569824219 992.677368164062 992.222534179688 988.060363769531 978.583923339844 990.752502441406 1005.68835449219 1007.80688476562 1011.65582275391 1012.25329589844 1008.11907958984 1015.20324707031 1012.16955566406 1005.99230957031 1002.05187988281 1015.71594238281 1021.11688232422 1017.25048828125 1015.50360107422 1016.51843261719
1001.41223144531 1010.56585693359 1005.95666503906 1007.80316162109 1008.76483154297 1003.30426025391 997.69921875 992.20751953125 997.842163085938 1005.75671386719 1000.53448486328 996.3447265625 994.0732421875 1005.11688232422 1002.74920654297 995.879516601562 989.852844238281 987.291564941406 989.435607910156 983.022521972656 994.637390136719 996.807006835938 996.80078125 988.863586425781 987.966247558594 997.0361328125 994.8408203125 995.484252929688 993.037292480469 984.619506835938 984.410461425781 986.416015625 1001.37884521484 1007.07000732422 1000.4716796875 993.458312988281 1002.4609375 1011.3154296875 1010.56127929688 1009.08880615234 1012.71765136719 1023.69305419922 1023.26617431641 1020.01837158203 1024.18017578125 1028.47485351562
996.732482910156 1005.37872314453 1003.46984863281 1004.92858886719 1003.88299560547 1001.67926025391 1003.86297607422 996.909729003906 994.150756835938 996.602661132812 997.228149414062 996.225402832031 993.303344726562 997.599304199219 993.03857421875 992.707641601562 993.454528808594 985.277282714844 989.152282714844 987.179260253906 990.15478515625 1000.48706054688 996.510986328125 997.84228515625 995.63818359375 1005.68737792969 1001.15771484375 1005.51184082031 995.3505859375 993.594482421875 993.716369628906 984.610717773438 991.775756835938 997.468200683594 1005.33581542969 1001.25903320312 993.983520507812 1001.26965332031 1009.60577392578 1016.22869873047 1023.72119140625 1025.35534667969 1024.92370605469 1022.21276855469 1026.57080078125 1031.9765625
994.1748046875 1010.75250244141 1003.90649414062 1001.36212158203 998.727844238281 999.616638183594 1006.03009033203 1002.640625 999.80712890625 995.766540527344 984.887939453125 988.697509765625 989.330017089844 982.32666015625 990.661499023438 993.624633789062 994.628295898438 993.597473144531 988.223754882812 985.0029296875 989.618347167969 1003.05657958984 1000.8330078125 994.767639160156 1002.34649658203 1006.04119873047 1002.52459716797 996.927124023438 997.768310546875 985.636779785156 993.379516601562 985.648986816406 999.214233398438 1001.24090576172 1002.34753417969 1003.11669921875 1004.35278320312 1003.78259277344 1011.40991210938 1012.3681640625 1016.04986572266 1022.86334228516 1028.96264648438 1031.26452636719 1039.43627929688 1037.85754394531
990.460571289062 1000.45501708984 994.549987792969 993.723937988281 1002.89038085938 996.787841796875 999.029235839844 1003.46044921875 1007.84295654297 999.596008300781 980.91552734375 983.8740234375 980.255859375 987.576232910156 990.943298339844 1001.17620849609 988.457336425781 996.22998046875 986.561584472656 992.111389160156 995.8720703125 1006.71545410156 999.319458007812 985.231384277344 995.815795898438 999.678771972656 998.941528320312 994.753051757812 993.4560546875 982.406188964844 988.843872070312 993.697998046875 1001.70690917969 997.347351074219 1005.36022949219 1010.50970458984 1018.53369140625 1023.40979003906 1016.78845214844 1017.35485839844 1017.80535888672 1024.73217773438 1024.02551269531 1036.12158203125 1044.9111328125 1056.33361816406
