data/zlatibor_dem_simulations/DEMsim49.asc
NCOLS 150
NROWS 100
XLLCORNER 7394249
YLLCORNER 4841999
CELLSIZE 30
NODATA_VALUE -9999
[rows 80 to 99 of 100, columns 46 to 91 of 150]
1002.18243408203 1004.09228515625 1001.42596435547 1003.72186279297 1010.22937011719 1009.90716552734 998.646728515625 1004.35815429688 990.18603515625 988.30615234375 985.300598144531 999.253356933594 992.600646972656 986.817077636719 984.497253417969 991.382263183594 974.46240234375 977.483093261719 974.399719238281 973.073608398438 977.177673339844 975.400024414062 979.864440917969 976.000610351562 979.3681640625 985.838134765625 993.115356445312 994.641723632812 997.05615234375 988.598388671875 987.136108398438 990.741882324219 1000.19476318359 1000.41650390625 997.884704589844 995.662353515625 1010.13427734375 1006.24829101562 1011.69641113281 1006.66094970703 1001.56915283203 998.355590820312 991.187072753906 996.805236816406 993.418395996094 984.126586914062
989.766845703125 997.703063964844 996.891723632812 997.048461914062 1007.30047607422 1001.83996582031 1003.005859375 994.939086914062 989.988159179688 985.02587890625 992.865600585938 996.888977050781 989.088684082031 982.7177734375 986.963623046875 984.687927246094 978.841552734375 974.993530273438 972.999145507812 969.546569824219 978.975524902344 977.269409179688 978.654968261719 976.005126953125 979.476440429688 994.515075683594 993.586303710938 992.03955078125 984.008666992188 984.916381835938 982.940551757812 994.159118652344 999.441711425781 997.210693359375 999.864318847656 1009.37438964844 1009.61431884766 1004.81561279297 1010.23107910156 1004.27740478516 1003.52923583984 1002.22210693359 993.471923828125 991.533386230469 997.783569335938 984.448669433594
997.904235839844 990.333312988281 992.6376953125 993.530395507812 1003.82330322266 997.184875488281 994.530578613281 990.3193359375 990.089050292969 985.792724609375 992.6826171875 989.488464355469 988.564208984375 979.314819335938 980.984130859375 982.949462890625 981.244689941406 973.531616210938 977.390563964844 971.269592285156 977.232666015625 976.891296386719 988.662780761719 982.73681640625 992.24853515625 989.446655273438 987.061950683594 984.390625 981.154174804688 992.342834472656 989.335754394531 998.375793457031 1000.7587890625 1005.21496582031 1008.56402587891 1008.89373779297 1009.92047119141 1006.41815185547 1007.40869140625 1010.46374511719 1000.82623291016 995.022094726562 987.662719726562 993.507019042969 993.983764648438 991.457824707031
991.341674804688 986.656982421875 985.65576171875 993.171813964844 1000.84729003906 998.841613769531 994.323364257812 986.028564453125 981.583923339844 977.79345703125 985.732116699219 990.21240234375 991.418151855469 978.925109863281 984.000854492188 978.605346679688 980.881652832031 982.004821777344 977.41796875 983.129821777344 981.962463378906 973.401794433594 978.6943359375 984.159423828125 995.207092285156 994.593017578125 987.152099609375 984.732604980469 974.353454589844 984.194885253906 989.763244628906 999.578125 1009.75939941406 1001.46539306641 1006.56915283203 1004.17517089844 1006.82690429688 1005.36962890625 997.360229492188 989.672607421875 989.970947265625 994.917602539062 994.705200195312 988.834777832031 993.817565917969 991.3720703125
989.317016601562 985.195678710938 983.690307617188 985.852294921875 1002.83843994141 998.797546386719 991.480285644531 978.46923828125 980.342468261719 978.940979003906 983.06787109375 984.850830078125 989.281982421875 994.747680664062 996.644897460938 995.947204589844 984.704162597656 986.555969238281 977.985961914062 977.904602050781 987.455139160156 981.39599609375 983.49951171875 985.941650390625 993.686584472656 998.005920410156 990.112243652344 991.189758300781 982.124450683594 982.605712890625 986.351623535156 1001.49792480469 1007.45782470703 1008.43786621094 1005.93988037109 1000.45935058594 993.49951171875 998.161254882812 1004.638671875 998.52392578125 991.873901367188 997.34423828125 994.924438476562 996.69970703125 1002.31420898438 1000.09167480469
984.189758300781 976.521850585938 983.825988769531 982.374633789062 1000.20056152344 1001.62371826172 991.616882324219 986.654724121094 989.503479003906 975.996459960938 987.640319824219 987.02197265625 993.613159179688 989.481262207031 996.421264648438 989.726623535156 999.135009765625 987.621276855469 983.155639648438 983.195129394531 989.595642089844 987.103393554688 989.396301269531 986.483581542969 985.571594238281 989.684143066406 987.84814453125 995.457092285156 986.916748046875 985.587646484375 992.826721191406 1000.17846679688 1000.28179931641 1004.81488037109 1005.01336669922 1001.26489257812 1005.90893554688 1003.22241210938 1006.13677978516 1006.57482910156 998.252807617188 998.285278320312 995.91162109375 1002.61578369141 999.831420898438 1005.94885253906
986.964172363281 984.068664550781 990.240600585938 991.236938476562 997.908447265625 999.736389160156 992.735778808594 989.466735839844 987.031555175781 989.915588378906 998.411010742188 982.783630371094 990.053100585938 989.575256347656 987.9970703125 999.617858886719 998.185546875 996.515319824219 987.170104980469 991.525329589844 988.406860351562 992.870788574219 985.900634765625 983.890808105469 990.566223144531 985.009765625 987.765258789062 993.888610839844 993.910034179688 995.115966796875 987.680908203125 989.673889160156 993.657531738281 1004.39324951172 1006.22906494141 1000.60119628906 1003.76287841797 1000.62481689453 1004.16101074219 1005.94122314453 1001.61700439453 1002.16595458984 998.455993652344 1000.31787109375 998.457397460938 995.809875488281
993.940368652344 990.766357421875 987.357971191406 990.357788085938 994.393249511719 999.514221191406 996.847961425781 990.590026855469 993.131408691406 996.728881835938 999.016723632812 986.86962890625 987.142761230469 983.387084960938 983.479614257812 993.042724609375 997.478576660156 997.330017089844 996.557800292969 1002.76605224609 994.626342773438 991.379760742188 990.104248046875 989.349548339844 993.826782226562 991.458801269531 992.395751953125 997.438537597656 990.382019042969 1002.75958251953 994.499267578125 986.906433105469 988.190002441406 997.74853515625 995.08837890625 990.274108886719 993.209350585938 995.115417480469 1008.53259277344 1004.97790527344 1010.38165283203 1007.20855712891 1005.10778808594 1008.10485839844 1011.89361572266 1008.04974365234
987.356872558594 986.103576660156 985.897888183594 991.534057617188 996.699401855469 1003.08325195312 1002.22998046875 1001.11187744141 994.687866210938 1000.02331542969 994.549072265625 998.1103515625 986.394897460938 991.15576171875 988.062377929688 990.413696289062 991.94482421875 999.450866699219 996.477722167969 998.222351074219 992.638671875 987.435974121094 991.171081542969 990.523681640625 992.421691894531 995.458679199219 993.824401855469 994.89208984375 997.867980957031 1002.724609375 998.888671875 994.156799316406 989.661010742188 988.8564453125 992.317565917969 989.436279296875 985.369445800781 989.915893554688 998.257934570312 1011.11755371094 1012.25549316406 1011.61999511719 1011.72131347656 1015.39849853516 1009.84252929688 1008.6142578125
990.846008300781 968.523742675781 975.868835449219 985.341796875 991.888549804688 1002.40686035156 1007.65216064453 1007.76385498047 994.411193847656 993.365661621094 1004.00518798828 1002.89099121094 1008.05627441406 997.008544921875 994.894348144531 997.665344238281 992.954833984375 1002.53100585938 997.062622070312 992.836975097656 995.446533203125 988.965881347656 995.152465820312 998.732177734375 997.868041992188 994.437866210938 997.146484375 992.898315429688 998.408386230469 999.032104492188 1000.93023681641 1001.93756103516 991.872680664062 988.454284667969 991.816223144531 995.062133789062 987.295837402344 992.059204101562 998.813171386719 999.759826660156 1008.30847167969 1008.92810058594 1012.83581542969 1016.62408447266 1010.24725341797 1015.95404052734
983.893493652344 970.8125 971.983032226562 987.016967773438 989.447631835938 1004.33361816406 998.954711914062 1007.00250244141 1004.65032958984 1005.47918701172 1007.37615966797 1006.07464599609 1017.845703125 1009.7001953125 1004.13586425781 1001.75311279297 1001.79638671875 998.614013671875 1002.29870605469 999.631896972656 995.837768554688 997.18505859375 1003.81359863281 992.007202148438 993.891662597656 996.318725585938 996.7578125 995.988647460938 991.373779296875 996.809509277344 1004.71490478516 999.188842773438 998.922302246094 995.611328125 992.802124023438 994.880065917969 990.223449707031 993.523071289062 990.568359375 993.650756835938 998.157653808594 1015.07537841797 1015.09851074219 1015.8203125 1012.46868896484 1014.33544921875
978.348083496094 976.88134765625 973.980529785156 980.051147460938 992.935791015625 1001.10894775391 1007.48284912109 1012.91912841797 1014.70092773438 1018.61248779297 1011.15887451172 1005.65789794922 1007.22314453125 1008.06237792969 1010.3701171875 1010.33703613281 1004.22735595703 1004.81439208984 1001.25213623047 998.10791015625 1004.83081054688 1003.84130859375 1001.19122314453 997.649108886719 996.295837402344 994.792053222656 998.783935546875 994.784851074219 998.000061035156 993.145446777344 1006.23907470703 999.748840332031 998.778381347656 1000.31658935547 996.649658203125 996.407531738281 998.374877929688 1004.34033203125 1003.15289306641 995.758422851562 1008.82543945312 1009.01940917969 1014.02252197266 1009.31848144531 1010.27728271484 1009.4658203125
976.287475585938 978.015075683594 988.429992675781 988.174255371094 990.245361328125 995.259643554688 1004.93682861328 1009.32153320312 1008.24310302734 1013.99743652344 1014.72589111328 1006.00286865234 1013.89300537109 1013.0439453125 1014.06744384766 1018.64141845703 1004.85693359375 1011.47406005859 1005.87152099609 1013.46173095703 1011.25457763672 1005.73681640625 1000.34948730469 994.9765625 1000.99365234375 998.316345214844 998.686584472656 995.601257324219 999.643432617188 992.096069335938 1000.03472900391 1001.95642089844 995.905700683594 994.713317871094 999.583068847656 999.675903320312 999.466796875 1005.81195068359 1005.24444580078 1011.03112792969 1013.85412597656 1005.21856689453 1006.83190917969 1006.82739257812 1012.25653076172 1006.39898681641
982.676696777344 982.231872558594 986.543884277344 985.74072265625 990.638366699219 983.047180175781 998.852966308594 1007.62835693359 1005 1008.28833007812 1016.97027587891 1007.50207519531 1014.38775634766 1019.05047607422 1019.43859863281 1015.24987792969 1018.88360595703 1006.1240234375 1010.29083251953 1010.69812011719 1008.32104492188 1000.99114990234 997.561950683594 998.577087402344 1002.01745605469 1003.15594482422 1005.73803710938 1008.96984863281 1004.59893798828 1003.89227294922 999.248168945312 994.096374511719 995.294738769531 1002.83703613281 999.958801269531 1003.77935791016 1000.16674804688 1007.06262207031 1004.14978027344 1003.10498046875 1014.07458496094 1001.90032958984 1002.97143554688 1003.96002197266 1004.708984375 1003.93682861328
975.271423339844 977.796508789062 981.96435546875 990.784912109375 983.198059082031 991.728820800781 1004.38208007812 1004.16668701172 1005.16986083984 1016.27081298828 1017.21441650391 1016.64337158203 1013.07501220703 1011.48187255859 1023.92791748047 1017.77282714844 1016.74761962891 1016.30303955078 1015.03302001953 1015.92065429688 1007.16467285156 1004.41857910156 1007.99438476562 1001.15325927734 1003.28448486328 1000.90301513672 1000.40008544922 1016.57220458984 1015.44885253906 1002.05267333984 997.265258789062 1001.39764404297 1007.60852050781 1002.17694091797 999.712707519531 997.023986816406 1003.38226318359 999.859619140625 1001.63507080078 1002.43463134766 1002.89404296875 998.88232421875 1005.46240234375 1010.31286621094 1009.52746582031 1008.73406982422
968.329162597656 967.773376464844 971.397521972656 972.540588378906 974.296203613281 990.072448730469 989.720947265625 1002.16558837891 1006.30932617188 1018.18243408203 1021.14001464844 1020.16674804688 1021.61572265625 1020.74273681641 1029.62646484375 1021.17864990234 1017.39392089844 1018.07397460938 1010.92132568359 1017.70928955078 1014.25024414062 1011.77752685547 1017.74401855469 1014.48199462891 1009.2265625 1001.24462890625 999.816162109375 1009.27746582031 1012.18676757812 1005.73120117188 999.132995605469 1008.52642822266 1001.72399902344 993.491088867188 997.816650390625 1000.37683105469 1009.00811767578 1004.83337402344 998.557006835938 1000.32073974609 996.520568847656 1000.36456298828 1011.48779296875 1011.4482421875 1018.15014648438 1022.08190917969
969.828552246094 971.359741210938 958.202453613281 965.94482421875 969.357177734375 985.714599609375 991.291564941406 996.980895996094 995.942199707031 1008.05688476562 1010.373046875 1018.14599609375 1021.69299316406 1021.86376953125 1024.94128417969 1024.12646484375 1018.47100830078 1011.13891601562 1016.44549560547 1023.49273681641 1012.36480712891 1024.07373046875 1017.9521484375 1015.66253662109 1018.34197998047 1008.70642089844 1009.80230712891 1014.53063964844 1016.10571289062 1006.45623779297 1013.36431884766 995.71728515625 991.523620605469 996.248229980469 1002.30480957031 1008.53424072266 1013.79626464844 1007.66424560547 1001.97955322266 998.570373535156 998.521728515625 1009.69403076172 1003.29644775391 1011.61700439453 1014.23553466797 1020.72052001953
978.380004882812 976.204956054688 977.942260742188 968.75341796875 980.01904296875 987.953979492188 999.633605957031 993.288635253906 987.500610351562 995.35986328125 1011.06256103516 1010.41955566406 1026.19604492188 1027.53369140625 1029.822265625 1024.95166015625 1021.13403320312 1021.66809082031 1022.27423095703 1021.56494140625 1024.26342773438 1026.10473632812 1022.03753662109 1029.44970703125 1024.86389160156 1015.55194091797 1014.62438964844 1012.94207763672 1010.06610107422 1009.36541748047 1003.81579589844 990.608520507812 992.074951171875 993.087707519531 999.741516113281 999.505920410156 1004.56280517578 1004.53942871094 1011.71002197266 1006.18664550781 1001.95172119141 1002.90539550781 1013.75421142578 1017.24243164062 1023.68536376953 1012.51300048828
980.358215332031 988.752197265625 984.469299316406 984.556762695312 981.624328613281 979.482299804688 993.869018554688 992.326782226562 991.967163085938 1000.18218994141 1006.57244873047 1015.05822753906 1028.5556640625 1032.39978027344 1031.64721679688 1036.18249511719 1023.27423095703 1023.33624267578 1017.76727294922 1023.04669189453 1032.73962402344 1029.74719238281 1026.62805175781 1029.04223632812 1023.38385009766 1024.07775878906 1016.08502197266 1015.53363037109 1006.49114990234 1000.75738525391 997.708129882812 993.853881835938 1004.73919677734 998.886474609375 1000.01348876953 996.461975097656 997.5283203125 1007.60040283203 1003.37927246094 998.421630859375 1006.68969726562 1013.05645751953 1012.65747070312 1016.3203125 1021.73791503906 1010.57391357422
988.508056640625 985.166320800781 988.722717285156 990.759460449219 988.861145019531 985.823364257812 987.584167480469 987.998229980469 999.2197265625 1006.3203125 1011.73565673828 1013.53186035156 1022.89831542969 1022.65155029297 1030.57312011719 1032.66357421875 1031.58850097656 1017.84747314453 1013.19757080078 1019.85882568359 1020.58117675781 1021.13568115234 1027.55554199219 1032.025390625 1021.20513916016 1023.59716796875 1011.32202148438 1005.91510009766 1005.40740966797 1005.00415039062 1009.38677978516 1001.49877929688 996.559509277344 994.692138671875 994.721618652344 1002.14263916016 1007.92681884766 1006.22351074219 1007.21154785156 1000.4287109375 1010.61669921875 1007.92401123047 1011.197265625 1016.72491455078 1010.14306640625 1016.90710449219
