data/zlatibor_dem_simulations/DEMsim63 (1).asc
NCOLS 150
NROWS 100
XLLCORNER 7394249
YLLCORNER 4841999
CELLSIZE 30
NODATA_VALUE -9999
[rows 40 to 59 of 100, columns 92 to 137 of 150]
990.933410644531 980.961853027344 985.893676757812 995.682495117188 990.204772949219 988.45068359375 992.255920410156 988.658386230469 989.534484863281 1001.98004150391 995.201843261719 986.979919433594 983.738586425781 994.094177246094 999.074096679688 998.456298828125 1000.52740478516 1003.62371826172 999.578002929688 993.979736328125 992.529418945312 990.091552734375 1002.42749023438 1004.61193847656 994.544860839844 997.206909179688 990.237243652344 992.517639160156 989.216369628906 996.003723144531 996.833557128906 994.229858398438 1004.87286376953 1007.74926757812 1005.31164550781 1014.94519042969 1020.72772216797 1022.25756835938 1026.36389160156 1037.64929199219 1039.77453613281 1039.84826660156 1042.91943359375 1038.51721191406 1055.88647460938 1068.70812988281
980.782836914062 987.298095703125 987.808837890625 985.410400390625 986.296081542969 992.376342773438 994.669738769531 987.332214355469 991.121826171875 995.81298828125 992.690795898438 984.870300292969 985.074401855469 987.888061523438 997.155883789062 997.950744628906 995.703186035156 996.634582519531 995.302185058594 993.867736816406 990.975036621094 1001.0244140625 1007.42669677734 1005.16754150391 986.626159667969 989.471984863281 989.35986328125 995.540161132812 990.653930664062 990.894470214844 997.243041992188 1000.45281982422 1000.22045898438 1007.74444580078 1011.65447998047 1015.96832275391 1033.38989257812 1037.71691894531 1033.97131347656 1043.91040039062 1049.65808105469 1050.5234375 1042.88366699219 1047.22473144531 1052.8779296875 1070.38940429688
984.396057128906 981.142700195312 982.212951660156 985.043334960938 984.894226074219 984.978576660156 989.845275878906 991.374816894531 989.878784179688 994.359313964844 991.74560546875 984.150756835938 979.425903320312 976.418762207031 987.651428222656 989.461364746094 986.772888183594 987.817749023438 988.730834960938 992.271423339844 997.969421386719 994.563720703125 996.699829101562 1007.23901367188 993.498107910156 989.212341308594 995.317626953125 998.081237792969 997.340087890625 992.749389648438 1000.80767822266 1000.06939697266 991.971130371094 995.898132324219 1017.93762207031 1025.16760253906 1021.4677734375 1028.95324707031 1036.25 1032.81604003906 1042.38696289062 1052.81945800781 1058.09655761719 1051.12524414062 1060.51123046875 1074.0634765625
982.369018554688 984.714782714844 988.038818359375 981.796508789062 989.624145507812 986.6025390625 991.926086425781 991.838073730469 991.558837890625 988.157958984375 987.391357421875 980.3037109375 976.330871582031 971.041015625 984.049926757812 986.201721191406 984.352722167969 979.074462890625 990.538879394531 989.592346191406 997.099487304688 994.342651367188 996.110168457031 999.682556152344 997.322631835938 992.179077148438 993.364501953125 995.9736328125 994.433044433594 996.536315917969 1002.94683837891 1003.732421875 999.96337890625 1000.529296875 1020.16607666016 1015.2373046875 1023.5654296875 1025.38879394531 1039.583984375 1041.90026855469 1041.80249023438 1048.89831542969 1062.80895996094 1065.00146484375 1075.77551269531 1088.22412109375
975.44580078125 976.025634765625 976.294555664062 986.984436035156 986.580444335938 992.035095214844 993.330505371094 991.40673828125 995.224487304688 987.9150390625 985.844970703125 977.426574707031 983.572631835938 980.905151367188 979.693908691406 982.028442382812 985.353515625 985.846801757812 983.148498535156 979.257202148438 994.54052734375 989.744384765625 994.837707519531 990.354370117188 999.555053710938 998.570556640625 994.24365234375 986.146240234375 989.456481933594 1002.59765625 1008.75701904297 1012.56048583984 1015.61260986328 1012.20135498047 1007.671875 1017.14190673828 1020.18096923828 1029.822265625 1042.74169921875 1040.99755859375 1047.26196289062 1060.38659667969 1060.01147460938 1067.85437011719 1072.71423339844 1094.23461914062
972.202575683594 971.973937988281 981.330383300781 981.896240234375 981.951843261719 981.6728515625 992.434814453125 997.541076660156 995.909973144531 981.596130371094 985.889892578125 986.694396972656 990.136779785156 982.04296875 986.349304199219 980.709838867188 988.542236328125 989.410827636719 989.237243652344 993.496765136719 989.279113769531 1001.45562744141 994.149475097656 1001.86614990234 1004.85571289062 1011.65759277344 1006.78192138672 996.052307128906 1001.73168945312 1000.31359863281 1014.91339111328 1007.9873046875 1018.07965087891 1015.64703369141 1017.59088134766 1014.83728027344 1021.41143798828 1030.82312011719 1040.91516113281 1040.92248535156 1042.89416503906 1053.60620117188 1059.33728027344 1065.72937011719 1076.49865722656 1084.74768066406
973.511108398438 977.488525390625 977.075927734375 981.203552246094 987.633850097656 992.112731933594 998.099060058594 992.362854003906 989.649658203125 989.267944335938 990.450134277344 996.013732910156 998.187377929688 986.983337402344 987.976196289062 996.981262207031 992.345581054688 995.372680664062 998.153259277344 999.086242675781 1005.36206054688 1004.39184570312 1005.25421142578 1000.82330322266 999.906311035156 1017.5126953125 1009.91412353516 1000.67663574219 1005.83508300781 1003.3896484375 1007.63787841797 1021.04528808594 1022.87359619141 1018.24017333984 1023.26031494141 1019.63311767578 1027.94116210938 1036.61791992188 1037.18505859375 1045.87573242188 1055.83325195312 1059.14953613281 1071.34191894531 1071.69030761719 1087.5703125 1092.65026855469
975.761596679688 979.034729003906 979.7216796875 973.572082519531 973.907531738281 988.270263671875 982.370056152344 989.969299316406 985.483032226562 991.141967773438 991.041564941406 996.56787109375 991.802856445312 992.517211914062 990.335998535156 988.672485351562 1000.50921630859 1005.36657714844 998.872741699219 1001.09643554688 1007.8603515625 1011.39953613281 1000.13262939453 999.598449707031 1005.20288085938 1015.74816894531 1009.68658447266 1007.07269287109 1005.37493896484 1012.06048583984 1009.41412353516 1015.97686767578 1022.61505126953 1028.96044921875 1031.859375 1033.18969726562 1032.13037109375 1039.09155273438 1049.24694824219 1057.57922363281 1062.5908203125 1067.0068359375 1072.88745117188 1081.03442382812 1088.81762695312 1094.03161621094
972.547912597656 980.514953613281 981.1875 975.955200195312 970.944519042969 976.708251953125 978.550903320312 985.1904296875 984.129943847656 975.226318359375 986.739929199219 987.278076171875 986.631958007812 989.010375976562 987.159362792969 983.544311523438 989.737670898438 991.262878417969 995.62744140625 996.571472167969 1002.99450683594 996.920715332031 1002.93341064453 1005.00152587891 1006.19366455078 1015.27349853516 1005.49719238281 1003.31481933594 1003.50329589844 1006.34674072266 1016.12884521484 1027.85961914062 1018.65209960938 1035.33984375 1039.82885742188 1039.73864746094 1041.1435546875 1035.09826660156 1045.37036132812 1057.31323242188 1063.53137207031 1077.54162597656 1080.52062988281 1086.39099121094 1089.98962402344 1097.87756347656
983.356994628906 978.649475097656 977.443542480469 972.298400878906 969.427856445312 975.133605957031 975.123107910156 979.175659179688 980.783081054688 979.518676757812 977.642333984375 983.552062988281 986.543395996094 988.727661132812 983.201782226562 976.021484375 979.592590332031 981.429077148438 989.705749511719 999.010498046875 995.908996582031 994.543395996094 998.522583007812 1004.41522216797 1007.74249267578 1003.28723144531 1003.43670654297 999.587951660156 1011.34429931641 1014.82019042969 1019.1357421875 1029.22985839844 1034.58325195312 1034.27575683594 1037.05090332031 1037.34997558594 1037.48046875 1030.23657226562 1041.03210449219 1053.57629394531 1062.81750488281 1078.47436523438 1086.57055664062 1089.74377441406 1102.66186523438 1107.74206542969
985.866394042969 972.88427734375 970.055847167969 961.386169433594 972.500732421875 976.484497070312 978.723205566406 980.915954589844 974.39111328125 965.240112304688 984.447998046875 974.84814453125 979.83203125 981.296997070312 976.323669433594 970.366455078125 972.004150390625 976.587646484375 980.647766113281 990.546569824219 995.132507324219 994.576049804688 995.313903808594 1006.34515380859 1010.91900634766 1001.44879150391 1000.93572998047 998.971130371094 1002.10986328125 1009.51275634766 1026.03112792969 1028.28649902344 1037.26293945312 1037.92749023438 1039.56970214844 1048.21411132812 1035.66064453125 1029.81555175781 1038.24291992188 1054.03271484375 1068.95617675781 1073.32421875 1080.58276367188 1088.38012695312 1089.87121582031 1089.45642089844
975.190551757812 976.18359375 964.038513183594 963.383666992188 979.799377441406 981.960388183594 970.322631835938 972.515075683594 971.64990234375 976.335998535156 974.114440917969 972.853576660156 975.964111328125 981.876098632812 976.290710449219 967.677673339844 972.410400390625 970.105407714844 976.029052734375 987.936767578125 993.244506835938 998.199951171875 991.585571289062 1003.44476318359 1010.64324951172 1004.08551025391 1004.14599609375 1002.78961181641 1006.14459228516 1013.05377197266 1025.72839355469 1031.6845703125 1028.22351074219 1033.36108398438 1032.90234375 1046.98474121094 1044.39025878906 1042.07739257812 1046.48461914062 1053.08386230469 1066.5791015625 1079.81970214844 1088.98889160156 1086.8017578125 1085.5625 1083.1494140625
978.132446289062 976.699890136719 972.974304199219 968.821899414062 970.926025390625 978.932312011719 974.608764648438 976.333129882812 972.154541015625 971.345703125 972.066711425781 967.621887207031 975.731201171875 978.0185546875 972.431518554688 969.722473144531 970.412170410156 977.130737304688 972.962768554688 977.873474121094 990.075439453125 995.708251953125 1000.64367675781 1009.47277832031 1012.03991699219 1001.94036865234 1006.58209228516 1007.57495117188 1002.39880371094 1003.19885253906 1024.12512207031 1027.60375976562 1028.18518066406 1033.25451660156 1039.32885742188 1046.58276367188 1045.3916015625 1041.96508789062 1042.09924316406 1052.65649414062 1065.04931640625 1085.556640625 1089.45739746094 1087.66589355469 1088.28295898438 1090.41625976562
990.481506347656 980.643981933594 967.211242675781 969.111328125 969.83154296875 979.507873535156 974.50732421875 978.424377441406 979.801452636719 976.754272460938 973.347595214844 978.953674316406 979.641540527344 975.749694824219 974.937622070312 972.29345703125 975.846923828125 973.853149414062 995.678527832031 994.388610839844 998.740295410156 994.058288574219 998.472229003906 999.88427734375 998.686950683594 997.369140625 998.083251953125 1007.04803466797 1002.81817626953 999.860412597656 1020.55480957031 1016.03894042969 1021.43249511719 1025.2119140625 1037.76489257812 1039.9677734375 1036.27026367188 1041.26977539062 1041.3935546875 1050.26306152344 1071.052734375 1076.25695800781 1080.39672851562 1096.24816894531 1094.68518066406 1089.91723632812
979.579772949219 982.220153808594 974.064575195312 975.05908203125 974.685180664062 977.287780761719 979.139099121094 980.896301269531 979.001831054688 982.269287109375 974.047302246094 972.358337402344 982.24365234375 976.930603027344 969.045654296875 978.355346679688 983.63818359375 980.668151855469 993.726867675781 990.61865234375 997.068054199219 993.485900878906 991.591186523438 992.019409179688 985.691345214844 990.279235839844 997.376220703125 993.054382324219 992.013977050781 994.510925292969 1006.52062988281 1017.91674804688 1029.30590820312 1028.49865722656 1029.96020507812 1029.77258300781 1030.18054199219 1040.51831054688 1047.60144042969 1053.44580078125 1061.46484375 1077.0634765625 1081.77868652344 1087.99011230469 1087.974609375 1084.63391113281
971.391723632812 976.3974609375 970.731750488281 975.613708496094 977.982360839844 971.596496582031 974.302368164062 976.226135253906 973.445922851562 977.704956054688 977.822814941406 983.213806152344 978.759521484375 976.211181640625 978.814147949219 980.121337890625 988.594177246094 993.792663574219 992.555603027344 989.646667480469 995.202697753906 991.947387695312 997.604614257812 993.922180175781 990.142028808594 987.324890136719 987.075927734375 986.177368164062 991.176452636719 1004.67816162109 999.188537597656 1007.95172119141 1017.814453125 1024.99560546875 1031.1455078125 1034.81591796875 1038.42272949219 1039.42919921875 1046.3935546875 1041.45288085938 1055.36474609375 1067.33520507812 1074.13452148438 1084.35339355469 1087.48193359375 1089.80859375
976.206787109375 976.918823242188 962.33154296875 970.514099121094 978.745727539062 972.794311523438 975.337707519531 982.281127929688 984.441284179688 978.012329101562 974.067260742188 980.911254882812 982.907897949219 979.126770019531 974.951171875 976.603393554688 986.811645507812 991.271667480469 993.538513183594 989.133239746094 995.177551269531 992.123352050781 995.013000488281 986.989379882812 986.705871582031 978.453002929688 982.700561523438 980.331237792969 993.218139648438 998.750732421875 996.731079101562 1004.00286865234 1013.53283691406 1015.95404052734 1016.74383544922 1030.00268554688 1031.23229980469 1035.26977539062 1039.69287109375 1044.33776855469 1045.46350097656 1068.29223632812 1072.07958984375 1087.53540039062 1080.076171875 1083.93127441406
972.041198730469 966.516418457031 966.542175292969 970.894104003906 984.097961425781 973.164672851562 979.744506835938 980.560729980469 979.443420410156 976.472351074219 978.83251953125 975.919311523438 970.363952636719 981.47021484375 976.755249023438 975.804260253906 985.696105957031 989.754150390625 999.900085449219 995.273193359375 994.2099609375 988.186157226562 989.18017578125 989.408935546875 989.690612792969 986.854309082031 985.548645019531 980.27197265625 994.2177734375 990.245361328125 1003.30438232422 1008.50238037109 1022.80310058594 1017.84118652344 1017.05145263672 1026.26159667969 1022.12866210938 1031.74975585938 1031.60412597656 1037.51391601562 1043.15002441406 1055.65393066406 1075.66259765625 1079.96887207031 1081.27893066406 1078.28735351562
964.154357910156 970.868225097656 975.100891113281 977.875183105469 983.865905761719 976.656860351562 983.123046875 975.748168945312 972.363891601562 970.260498046875 976.394714355469 971.271179199219 978.882202148438 978.116516113281 988.449157714844 979.097839355469 989.091247558594 991.14208984375 1001.19140625 1000.46527099609 992.048828125 994.762512207031 990.157897949219 996.653259277344 990.365356445312 977.685974121094 986.927551269531 991.828002929688 1002.15374755859 999.515075683594 995.343505859375 1012.18762207031 1020.72399902344 1020.86743164062 1020.25079345703 1018.58312988281 1020.64001464844 1025.25817871094 1036.96337890625 1036.45092773438 1035.24914550781 1045.27197265625 1060.34399414062 1062.36364746094 1059.59606933594 1063.72375488281
965.805786132812 967.508850097656 963.410705566406 982.009521484375 984.093994140625 978.898132324219 982.358337402344 984.156433105469 980.264953613281 975.484313964844 978.423400878906 973.345092773438 979.860046386719 980.2421875 987.947204589844 988.944702148438 998.956970214844 1012.12322998047 1005.55651855469 996.508178710938 992.221862792969 989.953674316406 983.216430664062 991.003051757812 989.279846191406 986.682556152344 987.608337402344 993.822448730469 998.691040039062 1002.68426513672 996.058959960938 1000.25732421875 1014.35491943359 1024.109375 1011.9384765625 1016.20306396484 1018.82934570312 1015.5205078125 1024.27026367188 1044.10314941406 1040.11022949219 1047.0517578125 1047.60327148438 1054.33972167969 1055.70251464844 1053.60754394531
