data/zlatibor_dem_simulations/DEMsim24.asc
NCOLS 150
NROWS 100
XLLCORNER 7394249
YLLCORNER 4841999
CELLSIZE 30
NODATA_VALUE -9999
[rows 80 to 99 of 100, columns 92 to 137 of 150]
998.748046875 992.898376464844 989.18701171875 986.647216796875 992.067810058594 1003.43780517578 1002.62469482422 1005.38830566406 1007.52398681641 999.841674804688 1018.08312988281 1013.76422119141 1020.75305175781 1028.056640625 1029.87219238281 1037.54699707031 1032.91650390625 1042.53369140625 1044.74353027344 1045.92456054688 1047.57495117188 1049.51037597656 1043.119140625 1037.11157226562 1028.97497558594 1024.96887207031 1028.85754394531 1022.81903076172 1019.486328125 1015.96014404297 1016.20178222656 1013.70953369141 1006.22369384766 1004.74945068359 991.192565917969 1000.80157470703 1001.77648925781 999.632873535156 999.974060058594 1003.05505371094 1003.02545166016 1000.10522460938 1001.95324707031 1004.42248535156 998.125183105469 997.392211914062
995.598815917969 992.437194824219 997.237487792969 997.633361816406 992.973999023438 999.403747558594 1008.84484863281 1010.23675537109 1013.84027099609 1017.51934814453 1017.76342773438 1016.02044677734 1014.96435546875 1025.09533691406 1037.6455078125 1044.5595703125 1039.88427734375 1038.97912597656 1046.24670410156 1052.16577148438 1057.21118164062 1056.38549804688 1048.7744140625 1041.80786132812 1038.80920410156 1036.0419921875 1026.66955566406 1028.83581542969 1023.27032470703 1026.68566894531 1016.63006591797 1006.24890136719 992.519592285156 999.42626953125 989.435241699219 997.291259765625 996.8408203125 995.794067382812 999.650085449219 998.79345703125 998.969360351562 995.233703613281 1002.57873535156 1003.71112060547 1004.09655761719 992.401550292969
993.680297851562 1000.71539306641 1014.78173828125 999.528259277344 993.991149902344 995.6767578125 998.723449707031 1008.81140136719 1014.15551757812 1018.60711669922 1020.16424560547 1018.09844970703 1017.86602783203 1030.26916503906 1040.68957519531 1043.95349121094 1044.03698730469 1044.74914550781 1039.84118652344 1049.88146972656 1062.06982421875 1064.54064941406 1061.3544921875 1049.9833984375 1041.43395996094 1039.26184082031 1034.95629882812 1038.279296875 1025.40588378906 1020.91918945312 1014.5693359375 1006.06927490234 1002.56646728516 989.888366699219 986.478393554688 996.205505371094 992.960815429688 978.908996582031 980.292297363281 983.134521484375 995.294006347656 999.988220214844 1001.00170898438 1002.48419189453 1001.75433349609 987.255249023438
997.227111816406 1006.72546386719 1010.59759521484 999.449768066406 1004.90240478516 998.039123535156 993.23779296875 1004.26330566406 1009.08038330078 1015.60528564453 1012.11407470703 1012.42590332031 1022.51654052734 1022.99371337891 1035.67956542969 1040.94787597656 1049.30822753906 1053.58581542969 1048.81701660156 1051.34582519531 1064.92370605469 1070.06127929688 1053.81286621094 1050.15576171875 1048.37573242188 1041.79333496094 1039.73217773438 1031.58276367188 1025.02966308594 1013.98870849609 1012.62475585938 1004.52838134766 997.869140625 994.804565429688 986.199401855469 985.13427734375 988.041015625 981.873779296875 980.611694335938 990.611389160156 989.770080566406 991.954284667969 991.025146484375 995.336364746094 990.852844238281 989.063110351562
1003.78460693359 1010.06658935547 1005.03021240234 1005.30767822266 1003.65447998047 995.447448730469 993.2421875 1004.00103759766 1019.40808105469 1017.43664550781 1008.31512451172 1007.74731445312 1006.84442138672 1017.14978027344 1040.31616210938 1042.64453125 1044.86987304688 1053.67041015625 1053.82727050781 1053.40100097656 1062.087890625 1062.24072265625 1059.67016601562 1056.23828125 1053.3251953125 1046.05920410156 1039.73046875 1035.33422851562 1024.79638671875 1013.60522460938 1002.57092285156 991.543273925781 989.661315917969 991.713317871094 981.564270019531 984.459350585938 979.905883789062 981.533874511719 973.091796875 975.403625488281 979.890747070312 984.8525390625 980.884887695312 984.352722167969 987.755493164062 979.641784667969
1001.21392822266 999.7001953125 1008.96533203125 1005.61022949219 1003.70446777344 995.583435058594 1006.64672851562 1018.53106689453 1023.23254394531 1023.63958740234 1013.93548583984 1010.66229248047 1008.42761230469 1014.90960693359 1038.82434082031 1041.73498535156 1048.3330078125 1050.60424804688 1047.79968261719 1057.78979492188 1061.29284667969 1062.40051269531 1065.34399414062 1053.9345703125 1057.88415527344 1052.84973144531 1040.84716796875 1030.92175292969 1029.14782714844 1013.77581787109 1008.17663574219 1003.75665283203 1007.10040283203 1000.93804931641 996.489318847656 989.354370117188 987.105407714844 980.256530761719 977.34423828125 976.524291992188 987.775146484375 987.039489746094 987.616882324219 988.298767089844 988.580932617188 975.542846679688
996.0234375 992.499267578125 1006.41662597656 1007.71905517578 1009.81341552734 1007.84381103516 1014.13702392578 1024.21887207031 1020.69146728516 1022.86108398438 1021.4326171875 1019.48492431641 1014.78454589844 1018.98120117188 1031.87097167969 1038.55822753906 1045.73645019531 1048.23840332031 1046.69177246094 1053.62658691406 1067.28796386719 1068.17700195312 1065.49584960938 1056.19885253906 1054.8017578125 1050.80822753906 1039.81286621094 1040.51123046875 1035.95642089844 1024.13732910156 1006.33312988281 1014.46392822266 1013.23132324219 1013.46502685547 1003.77270507812 992.648498535156 996.217651367188 986.896057128906 980.077087402344 978.843322753906 988.508422851562 987.401794433594 979.065734863281 986.3134765625 983.579528808594 971.033569335938
1003.12329101562 995.331726074219 1005.53900146484 1004.35717773438 1008.17181396484 1016.34027099609 1021.80267333984 1023.67352294922 1024.65844726562 1015.65313720703 1021.51129150391 1025.68041992188 1019.43151855469 1020.54278564453 1024.05908203125 1034.79467773438 1041.96350097656 1044.18371582031 1055.93139648438 1054.52868652344 1062.72497558594 1063.66259765625 1069.09509277344 1059.35009765625 1054.75561523438 1051.84619140625 1056.34375 1034.08984375 1041.19299316406 1031.0576171875 1025.76025390625 1020.29907226562 1025.23913574219 1016.41491699219 1004.28460693359 993.597229003906 991.565856933594 984.496887207031 982.305847167969 981.776000976562 981.973449707031 976.495788574219 978.521362304688 978.981628417969 976.501098632812 974.356628417969
998.219848632812 999.486511230469 999.776916503906 1009.67205810547 1012.39080810547 1016.48156738281 1021.07806396484 1023.39721679688 1023.46905517578 1018.37457275391 1025.75415039062 1026.84936523438 1017.88061523438 1016.00762939453 1021.36431884766 1030.79187011719 1032.60815429688 1049.46997070312 1062.28295898438 1063.87097167969 1060.95593261719 1062.77465820312 1050.73754882812 1052.61193847656 1054.2646484375 1055.97082519531 1061.36560058594 1050.033203125 1041.96447753906 1029.9375 1028.98059082031 1027.48828125 1021.28430175781 1015.01873779297 1002.60485839844 990.83447265625 994.801513671875 989.781433105469 990.138366699219 980.300231933594 976.089721679688 981.441528320312 977.533386230469 974.217468261719 974.217956542969 970.465209960938
1006.87719726562 1007.88580322266 1012.47302246094 1007.86560058594 1011.43670654297 1015.79724121094 1011.40979003906 1018.42742919922 1014.97601318359 1014.54309082031 1025.79699707031 1025.62292480469 1022.41845703125 1016.42950439453 1023.39013671875 1037.9921875 1034.24377441406 1048.1806640625 1052.3095703125 1059.76135253906 1060.40270996094 1056.15661621094 1053.69189453125 1056.78210449219 1053.7158203125 1061.70751953125 1065.71350097656 1049.50927734375 1034.73815917969 1039.93444824219 1035.48913574219 1030.99194335938 1031.01599121094 1019.57287597656 1009.52795410156 1002.22137451172 1007.00567626953 991.063842773438 990.929260253906 977.074340820312 977.288635253906 986.63330078125 970.021545410156 970.243896484375 967.396301269531 967.251281738281
1005.74536132812 1017.10223388672 1017.48754882812 1014.40191650391 1012.92535400391 1010.05987548828 1016.92492675781 1019.70385742188 1016.63635253906 1023.11944580078 1019.76397705078 1028.28454589844 1027.66528320312 1025.83483886719 1030.67810058594 1037.14331054688 1050.45751953125 1049.48034667969 1048.53735351562 1052.01477050781 1057.60510253906 1058.91772460938 1054.28796386719 1059.09912109375 1043.81042480469 1050.81323242188 1047.03430175781 1046.54968261719 1039.79553222656 1036.09753417969 1036.4365234375 1029.73583984375 1032.33874511719 1019.20520019531 1009.15557861328 1000.54119873047 1003.04620361328 992.264953613281 987.506530761719 977.466918945312 978.214294433594 980.641174316406 978.288024902344 975.642517089844 972.291198730469 966.385681152344
1013.21508789062 1021.46795654297 1020.42016601562 1015.1640625 1008.30218505859 1014.65167236328 1020.41778564453 1023.13275146484 1020.40295410156 1021.02697753906 1017.53405761719 1019.21868896484 1029.23840332031 1032.24597167969 1030.90563964844 1045.09240722656 1045.06115722656 1052.85961914062 1046.02624511719 1048.18286132812 1048.9384765625 1054.01831054688 1054.796875 1054.73400878906 1040.52673339844 1043.84289550781 1049.35229492188 1048.10180664062 1044.45178222656 1049.2041015625 1045.34399414062 1035.75646972656 1024.11962890625 1020.88403320312 1012.85980224609 1005.81555175781 992.986511230469 994.647644042969 992.48486328125 984.842407226562 973.680480957031 982.51904296875 980.811706542969 977.309875488281 967.67822265625 968.931091308594
1017.43505859375 1017.20330810547 1017.11480712891 1013.27386474609 1019.23010253906 1021.96099853516 1021.67211914062 1027.32153320312 1027.93835449219 1026.12170410156 1021.60516357422 1020.85400390625 1024.19921875 1032.09692382812 1041.51818847656 1050.47253417969 1050.1337890625 1048.142578125 1048.72155761719 1041.46411132812 1042.63159179688 1045.80859375 1047.93359375 1044.2255859375 1046.26440429688 1043.36120605469 1042.3427734375 1046.06652832031 1044.78137207031 1043.49670410156 1041.255859375 1034.97509765625 1022.77972412109 1025.73120117188 1017.80572509766 1002.56018066406 998.127014160156 989.371459960938 988.386657714844 975.95947265625 969.895141601562 980.258117675781 970.1064453125 972.978637695312 973.127990722656 972.002685546875
1011.78796386719 1022.47119140625 1019.85040283203 1022.56060791016 1022.41674804688 1022.74792480469 1021.58471679688 1022.9267578125 1030.62719726562 1032.12451171875 1028.07580566406 1023.70501708984 1023.07019042969 1028.95471191406 1031.82873535156 1038.05078125 1047.27490234375 1039.86206054688 1043.15832519531 1041.42749023438 1036.99462890625 1037.02429199219 1042.71105957031 1045.26953125 1039.42590332031 1040.87683105469 1039.55676269531 1040.82800292969 1032.64184570312 1037.41394042969 1036.11511230469 1035.75463867188 1022.61791992188 1019.51867675781 1014.68048095703 1009.27746582031 992.400207519531 989.656311035156 981.340087890625 967.952026367188 969.962768554688 973.622192382812 974.763366699219 972.904296875 972.098571777344 979.785766601562
1015.5087890625 1016.91717529297 1023.22399902344 1029.34033203125 1024.66125488281 1027.84326171875 1036.34399414062 1039.07971191406 1038.65161132812 1034.70043945312 1026.75769042969 1025.50256347656 1032.89782714844 1030.09643554688 1028.12365722656 1023.08062744141 1034.73352050781 1027.81042480469 1037.34521484375 1039.80944824219 1038.1845703125 1039.79113769531 1044.40173339844 1043.31140136719 1034.85900878906 1031.74597167969 1035.27844238281 1032.47412109375 1041.03955078125 1042.15759277344 1040.51965332031 1032.24743652344 1026.60327148438 1023.37780761719 1023.60260009766 1002.92529296875 1003.69567871094 984.7890625 970.821166992188 961.642272949219 967.612487792969 972.042724609375 966.683471679688 963.907592773438 965.411254882812 966.471923828125
1008.79168701172 1015.09509277344 1015.43139648438 1023.21405029297 1020.56744384766 1034.43225097656 1041.47058105469 1044.62561035156 1043.23547363281 1038.24475097656 1035.60046386719 1020.77087402344 1025.11352539062 1022.81878662109 1030.72204589844 1019.98638916016 1031.9140625 1033.46875 1036.50659179688 1036.96508789062 1029.44982910156 1030.84875488281 1032.76843261719 1035.48937988281 1034.13879394531 1026.64465332031 1032.83288574219 1038.71618652344 1039.24743652344 1035.46655273438 1035.95495605469 1028.32421875 1015.40863037109 1012.43756103516 1013.14886474609 1004.54559326172 992.189880371094 976.979309082031 967.364990234375 960.481323242188 964.566284179688 971.721984863281 962.529541015625 959.792541503906 963.763000488281 959.002380371094
1013.41839599609 1017.66137695312 1012.85516357422 1020.41857910156 1035.14050292969 1038.05358886719 1041.79541015625 1043.38146972656 1042.23583984375 1047.6015625 1041.01440429688 1031.50939941406 1030.25036621094 1015.27288818359 1021.48187255859 1015.658203125 1022.59942626953 1025.80480957031 1022.76934814453 1036.61242675781 1039.43933105469 1036.14050292969 1035.24462890625 1038.41333007812 1029.49182128906 1031.40673828125 1033.02844238281 1035.4677734375 1034.32763671875 1036.68762207031 1029.62182617188 1020.43402099609 1008.99969482422 1012.67974853516 1010.41778564453 1002.01513671875 991.018981933594 974.9560546875 974.142211914062 963.752807617188 961.933959960938 964.050048828125 974.63916015625 970.376708984375 964.830261230469 954.084838867188
1020.80908203125 1018.36999511719 1031.62768554688 1033.33337402344 1042.98364257812 1038.421875 1044.51550292969 1050.20422363281 1041.81579589844 1037.10278320312 1032.18835449219 1021.21765136719 1017.34564208984 1012.29406738281 1015.65441894531 1013.05889892578 1021.74652099609 1018.54431152344 1028.20764160156 1026.43395996094 1028.35278320312 1035.81091308594 1032.36157226562 1033.45263671875 1027.81298828125 1033.72058105469 1033.42370605469 1034.7880859375 1027.78588867188 1025.08642578125 1023.03527832031 1009.72192382812 1009.03192138672 998.539428710938 1001.15972900391 993.938781738281 989.119018554688 983.414672851562 979.754272460938 977.336120605469 968.383422851562 964.58935546875 975.696166992188 971.013000488281 967.959594726562 965.440612792969
1024.43078613281 1023.63342285156 1044.68725585938 1041.20544433594 1033.13073730469 1044.01452636719 1040.55810546875 1038.97448730469 1038.21984863281 1027.70495605469 1028.47302246094 1030.50134277344 1014.31970214844 1009.12341308594 1014.1494140625 1007.87481689453 1014.48260498047 1017.14685058594 1025.451171875 1027.59582519531 1035.21301269531 1039.55737304688 1033.30480957031 1027.99499511719 1030.42626953125 1034.98474121094 1033.19470214844 1023.49584960938 1018.646484375 1017.5419921875 1013.11041259766 1012.23443603516 1004.37915039062 1000.53112792969 987.0634765625 990.248291015625 990.752807617188 984.123291015625 981.115844726562 973.255310058594 977.702758789062 972.81982421875 968.366760253906 973.845581054688 971.252746582031 968.164611816406
1021.60931396484 1023.69171142578 1040.52331542969 1047.1015625 1046.27966308594 1044.63842773438 1047.70544433594 1043.72509765625 1036.13952636719 1015.0966796875 1013.63928222656 1018.10748291016 1011.33258056641 1014.63702392578 1011.20654296875 1008.28448486328 1010.03509521484 1007.00927734375 1018.90460205078 1023.92498779297 1022.1240234375 1031.27575683594 1022.72631835938 1027.49853515625 1030.99816894531 1033.53454589844 1025.77722167969 1030.861328125 1017.55120849609 1017.30261230469 1014.21813964844 1003.95831298828 998.394165039062 1001.48278808594 994.588134765625 989.12841796875 987.762573242188 987.914428710938 975.132446289062 978.21435546875 978.448974609375 974.748291015625 970.251708984375 964.679992675781 966.901550292969 964.741516113281
