data/zlatibor_dem_simulations/DEMsim93.asc
NCOLS 150
NROWS 100
XLLCORNER 7394249
YLLCORNER 4841999
CELLSIZE 30
NODATA_VALUE -9999
[rows 60 to 79 of 100, columns 46 to 91 of 150]
953.209411621094 955.058532714844 959.528076171875 954.415588378906 952.767883300781 946.306396484375 950.745849609375 949.904052734375 957.247192382812 955.892700195312 950.838500976562 954.791015625 961.504211425781 955.265441894531 948.978454589844 950.543334960938 954.304870605469 951.525695800781 957.670776367188 951.329406738281 961.763671875 967.352966308594 968.325317382812 970.948486328125 958.235534667969 954.734313964844 964.696655273438 966.697082519531 959.51904296875 962.35400390625 969.313842773438 966.257202148438 970.709533691406 958.523864746094 960.239379882812 973.634155273438 963.325561523438 963.560668945312 966.673095703125 963.2275390625 971.731079101562 971.761352539062 967.020080566406 976.499267578125 970.118957519531 969.854919433594
949.118896484375 955.947875976562 957.97412109375 957.063049316406 955.956787109375 954.089782714844 946.413208007812 955.614807128906 952.85595703125 958.861511230469 956.274353027344 959.743408203125 960.961486816406 959.333312988281 952.940795898438 958.651916503906 960.292724609375 960.236633300781 957.688842773438 958.50439453125 967.619384765625 965.279602050781 969.600952148438 963.863891601562 957.356506347656 964.150268554688 968.543334960938 968.327819824219 968.345703125 970.201538085938 973.769714355469 963.5 973.314025878906 968.191467285156 970.1669921875 970.965209960938 961.404296875 968.417358398438 973.367370605469 969.796630859375 967.831604003906 973.373229980469 973.32861328125 969.962158203125 972.618530273438 967.504272460938
952.641418457031 959.215881347656 956.25927734375 955.934875488281 958.369201660156 947.631774902344 940.570861816406 952.790161132812 959.424743652344 957.233581542969 963.851257324219 963.65869140625 966.816345214844 968.552978515625 975.674072265625 970.674499511719 967.799255371094 958.696716308594 962.378967285156 965.176574707031 971.200927734375 966.00634765625 967.474975585938 967.919372558594 963.198303222656 965.770874023438 976.399780273438 970.906921386719 966.626342773438 974.806518554688 971.343811035156 967.295532226562 973.04248046875 969.041137695312 972.275634765625 962.352355957031 962.375732421875 957.639282226562 964.5107421875 976.230590820312 982.575988769531 973.693115234375 977.2958984375 973.414794921875 974.520935058594 971.047912597656
959.669250488281 961.838806152344 956.384765625 956.217590332031 946.6376953125 944.919189453125 941.749450683594 951.617248535156 960.962280273438 967.512329101562 964.365783691406 970.327758789062 963.7900390625 970.797729492188 977.242370605469 977.063842773438 974.249267578125 968.251281738281 961.83251953125 958.097229003906 959.964050292969 965.239501953125 963.206481933594 965.047058105469 959.091552734375 962.133972167969 970.747680664062 972.470886230469 968.911071777344 971.899353027344 972.604553222656 971.092834472656 967.95458984375 975.15478515625 972.104614257812 963.429321289062 962.977172851562 965.728820800781 974.238464355469 980.015563964844 977.595947265625 979.086791992188 977.030029296875 978.197875976562 978.388305664062 975.018371582031
956.976196289062 961.616577148438 969.480651855469 957.787963867188 947.731079101562 952.712646484375 959.097351074219 958.347351074219 964.09912109375 969.684387207031 967.28271484375 967.624145507812 971.80419921875 970.261169433594 968.486267089844 963.250549316406 968.701293945312 962.271850585938 957.963134765625 958.638061523438 959.139343261719 961.972961425781 964.504638671875 964.926696777344 966.400085449219 962.447082519531 967.914367675781 965.952819824219 962.16015625 968.84521484375 967.219787597656 971.319519042969 970.872863769531 968.966735839844 968.198913574219 966.7998046875 978.166198730469 971.627502441406 974.881225585938 978.648742675781 973.089904785156 974.107971191406 982.340881347656 985.485412597656 983.153747558594 965.580993652344
950.708068847656 950.95166015625 963.453125 960.833190917969 954.917907714844 957.712829589844 962.182250976562 964.755615234375 968.591735839844 968.365417480469 968.210510253906 966.454711914062 975.878845214844 972.664672851562 969.037353515625 965.92041015625 957.776062011719 963.380981445312 962.1611328125 963.044799804688 963.40966796875 969.983032226562 974.701110839844 984.986022949219 975.661560058594 976.157165527344 972.142883300781 965.778381347656 964.352661132812 970.190307617188 976.948608398438 980.0205078125 978.252136230469 971.912841796875 971.671691894531 973.919799804688 968.528137207031 975.419494628906 975.91650390625 973.248840332031 970.690612792969 972.649108886719 984.506591796875 993.983520507812 980.869689941406 978.544677734375
954.701232910156 955.3251953125 972.239013671875 979.264892578125 971.382080078125 962.438110351562 967.826782226562 963.775695800781 968.027770996094 965.32666015625 961.00927734375 958.428527832031 976.865783691406 969.296508789062 968.596801757812 966.072937011719 967.141723632812 968.636352539062 968.675109863281 972.02978515625 977.559265136719 975.850402832031 973.094055175781 979.168090820312 978.181701660156 978.546813964844 983.463500976562 973.474182128906 972.782104492188 972.452941894531 982.888671875 984.923522949219 985.946899414062 975.943359375 970.962890625 972.279418945312 978.578491210938 985.441711425781 984.983215332031 977.938110351562 970.5888671875 973.220825195312 979.17919921875 984.714172363281 980.492126464844 972.46875
959.878356933594 961.606811523438 971.513244628906 979.965881347656 974.266235351562 968.780944824219 976.554077148438 976.53125 976.258117675781 965.022399902344 961.15380859375 968.105773925781 971.075317382812 963.122314453125 968.567199707031 967.268737792969 972.917663574219 975.93701171875 974.398071289062 974.046936035156 974.634765625 967.981811523438 970.276306152344 978.42138671875 986.095153808594 983.636047363281 986.267578125 984.577331542969 968.117980957031 973.288940429688 987.896545410156 989.443481445312 979.855529785156 970.438903808594 976.76708984375 979.425170898438 986.895874023438 984.594543457031 986.65576171875 981.512268066406 968.150695800781 972.401672363281 978.677978515625 982.28662109375 975.686645507812 972.668273925781
965.674621582031 968.064208984375 976.151611328125 981.518249511719 979.5068359375 976.430358886719 971.782958984375 968.086975097656 968.299987792969 969.88427734375 958.974243164062 953.598083496094 962.402221679688 964.704772949219 969.674560546875 971.63037109375 971.274291992188 974.471313476562 970.052368164062 968.673278808594 965.28173828125 973.138916015625 974.18115234375 981.004455566406 986.234252929688 991.347717285156 983.779846191406 978.274230957031 983.439514160156 977.827331542969 983.475219726562 988.769287109375 980.54443359375 969.617980957031 970.624877929688 981.589416503906 984.336791992188 986.470764160156 985.230102539062 987.053100585938 972.011962890625 976.623962402344 978.816711425781 974.045349121094 966.904602050781 981.763427734375
981.956420898438 975.804565429688 985.363952636719 985.425231933594 984.092590332031 972.997619628906 972.60791015625 970.666931152344 972.000793457031 972.435546875 960.125732421875 964.770263671875 967.684631347656 964.446533203125 971.950988769531 977.712646484375 977.07275390625 973.264831542969 962.886352539062 964.971862792969 967.895141601562 977.713012695312 972.392700195312 976.517761230469 981.683898925781 980.835388183594 983.518615722656 985.684692382812 990.483154296875 986.217346191406 989.774780273438 978.265869140625 986.93408203125 972.774536132812 977.252563476562 985.027770996094 984.671630859375 987.741394042969 989.174987792969 985.662658691406 982.065063476562 979.33154296875 976.149169921875 979.635986328125 976.667236328125 980.550109863281
986.596801757812 992.160217285156 998.228149414062 994.838134765625 987.795104980469 981.978454589844 983.616271972656 975.878295898438 975.9873046875 967.89453125 962.150756835938 968.682739257812 966.865783691406 960.763916015625 966.746643066406 978.754577636719 976.615478515625 969.340515136719 968.596069335938 963.975524902344 972.728210449219 974.906005859375 968.470458984375 965.922607421875 979.829223632812 977.1767578125 975.328308105469 982.685729980469 989.286315917969 996.54931640625 990.654174804688 993.282104492188 993.662475585938 978.274963378906 976.19970703125 978.203735351562 987.636047363281 990.320556640625 984.6708984375 991.099670410156 987.548400878906 978.557189941406 973.167053222656 983.305419921875 976.804748535156 980.448669433594
984.06689453125 989.928894042969 1002.51953125 1002.17425537109 998.673156738281 990.890991210938 985.857482910156 973.063842773438 982.315673828125 976.197692871094 973.917846679688 974.713256835938 971.296630859375 973.792602539062 971.385681152344 969.455505371094 976.546508789062 968.17333984375 968.945190429688 973.79345703125 978.48681640625 973.144592285156 967.570861816406 972.047058105469 975.546813964844 970.735046386719 977.253356933594 981.841125488281 985.770751953125 993.903869628906 991.395812988281 998.100158691406 988.664306640625 987.066650390625 979.375061035156 983.794189453125 986.444091796875 992.141235351562 991.435302734375 982.179260253906 985.758605957031 983.123779296875 973.254943847656 973.907958984375 975.099243164062 983.507690429688
996.768981933594 997.241882324219 1003.91082763672 1003.00903320312 1003.79821777344 995.745788574219 992.822937011719 985.02685546875 982.984619140625 983.984497070312 982.78466796875 981.972900390625 968.405944824219 975.732543945312 967.486022949219 971.674865722656 977.095520019531 969.851867675781 969.250915527344 970.984558105469 973.628540039062 978.167114257812 977.773742675781 977.032348632812 975.565612792969 981.332702636719 980.017028808594 976.463806152344 981.635131835938 989.098999023438 990.591796875 1000.76019287109 992.003112792969 985.783264160156 980.262023925781 988.267883300781 985.217590332031 987.521423339844 987.0693359375 978.63671875 976.949584960938 976.095458984375 971.292358398438 976.031311035156 978.814514160156 982.177490234375
1006.50598144531 1010.84887695312 1005.99932861328 1007.51171875 1011.96911621094 1006.75311279297 1000.14398193359 992.683715820312 990.486938476562 983.67138671875 990.211730957031 979.867248535156 971.063903808594 968.177612304688 972.667419433594 966.940185546875 973.135375976562 979.312072753906 973.374816894531 984.676147460938 976.568664550781 982.758361816406 981.902465820312 976.640930175781 985.45166015625 986.822265625 982.097534179688 981.677551269531 977.145080566406 993.959838867188 992.678833007812 986.103088378906 993.053894042969 986.060241699219 985.813171386719 990.948669433594 993.206359863281 992.09375 986.502624511719 980.343139648438 981.197998046875 973.716613769531 970.783508300781 968.199768066406 985.003234863281 988.643737792969
1014.78814697266 1012.13134765625 1003.07098388672 1005.703125 1005.21966552734 998.835083007812 996.755615234375 984.204223632812 988.2578125 991.139770507812 985.223266601562 985.936706542969 982.765502929688 981.249267578125 975.825500488281 973.8291015625 972.696838378906 971.817077636719 977.177978515625 980.592895507812 982.406311035156 987.697631835938 989.078735351562 983.703735351562 985.639587402344 982.978210449219 985.56396484375 980.001586914062 976.181030273438 987.196228027344 992.196472167969 989.075378417969 983.833374023438 989.004455566406 986.90625 988.454040527344 989.822875976562 995.318603515625 996.903076171875 991.289733886719 991.606994628906 975.964294433594 981.019958496094 978.68505859375 991.479919433594 983.114685058594
1012.78643798828 1016.02392578125 1004.80975341797 1010.81695556641 997.643371582031 994.729919433594 993.017456054688 989.40673828125 984.490173339844 984.672302246094 988.529174804688 988.715881347656 981.98291015625 977.601928710938 987.934753417969 988.106872558594 965.925170898438 962.042297363281 970.354736328125 980.735961914062 984.309387207031 979.489074707031 993.554992675781 987.17626953125 990.44287109375 991.6845703125 993.834533691406 984.838684082031 984.358764648438 993.994995117188 996.944946289062 994.04345703125 995.207336425781 989.916931152344 985.088562011719 986.302124023438 988.278564453125 993.258056640625 993.945007324219 994.668579101562 989.360046386719 988.127136230469 983.729919433594 987.886535644531 986.94873046875 984.25927734375
1014.22790527344 1017.52172851562 1012.54571533203 1009.90069580078 1007.90472412109 1000.54443359375 994.421203613281 985.23583984375 984.202819824219 976.780944824219 989.864135742188 981.15869140625 984.230895996094 986.975891113281 986.663391113281 983.155517578125 973.493591308594 968.394775390625 978.199768066406 976.458190917969 984.030212402344 985.870849609375 995.652893066406 998.580932617188 998.560241699219 995.983276367188 997.835388183594 994.371704101562 993.218200683594 990.447937011719 996.828491210938 998.897644042969 997.638488769531 987.933654785156 988.930297851562 986.953247070312 993.629150390625 988.663024902344 990.364379882812 995.0048828125 994.76904296875 996.960632324219 990.179504394531 989.127807617188 996.126586914062 992.45849609375
1012.17486572266 1015.90118408203 1022.90795898438 1018.29229736328 1006.5634765625 1010.51226806641 1000.94183349609 992.33251953125 989.184387207031 981.981201171875 976.389038085938 979.310424804688 982.037780761719 976.720458984375 967.779418945312 980.59619140625 978.675231933594 978.496948242188 983.065124511719 979.810363769531 984.735046386719 997.826293945312 1006.49951171875 1004.98913574219 1003.49597167969 1002.75964355469 996.858947753906 1003.78271484375 1000.80108642578 989.45068359375 983.612060546875 994.428833007812 992.741333007812 1003.76123046875 993.519653320312 996.73291015625 995.129577636719 998.875610351562 992.158386230469 989.036804199219 993.319946289062 993.683654785156 993.67236328125 995.851623535156 991.720275878906 993.400634765625
1019.21502685547 1022.5185546875 1012.73748779297 1024.21142578125 1014.70379638672 1014.45513916016 1002.72015380859 996.862548828125 987.608032226562 980.217407226562 978.143432617188 979.759643554688 978.998962402344 975.095031738281 969.852661132812 976.138610839844 980.239929199219 979.703735351562 975.702331542969 976.527709960938 980.485168457031 994.670288085938 998.711730957031 992.451354980469 999.57763671875 1001.04632568359 1000.79907226562 1008.90948486328 1003.85052490234 998.497680664062 988.706237792969 990.348510742188 998.515441894531 1004.44781494141 1009.86090087891 1004.26409912109 996.726989746094 993.921264648438 993.226989746094 997.270751953125 993.252136230469 999.323791503906 999.417419433594 990.129211425781 994.721008300781 982.128723144531
1014.57000732422 1013.71795654297 1017.18664550781 1024.42761230469 1023.33941650391 1015.70220947266 994.275939941406 998.228088378906 995.185791015625 989.833312988281 987.716369628906 983.746276855469 981.220275878906 982.937744140625 981.756896972656 974.63427734375 971.290832519531 974.885681152344 976.602478027344 973.76123046875 976.459045410156 982.884521484375 985.928771972656 995.5478515625 994.871887207031 997.669921875 996.452270507812 1000.88818359375 1002.01458740234 993.465209960938 1000.37097167969 995.750854492188 999.060119628906 1008.60955810547 1008.3779296875 1004.86029052734 998.167724609375 998.79931640625 994.913879394531 1001.31970214844 995.910278320312 998.207641601562 999.626037597656 994.013305664062 1003.23834228516 991.328308105469
