data/zlatibor_dem_simulations/DEMsim2.asc
NCOLS 150
NROWS 100
XLLCORNER 7394249
YLLCORNER 4841999
CELLSIZE 30
NODATA_VALUE -9999
[rows 40 to 59 of 100, columns 92 to 137 of 150]
983.1171875 989.368835449219 990.437561035156 989.795776367188 991.30908203125 992.627807617188 992.231262207031 996.927612304688 992.317199707031 993.832397460938 991.861999511719 975.767272949219 979.127014160156 993.936584472656 995.390075683594 992.352722167969 996.408081054688 997.147155761719 992.701721191406 990.065551757812 1001.68896484375 996.206420898438 996.835388183594 989.272094726562 1000.01678466797 993.669067382812 989.52978515625 997.280700683594 1004.51434326172 998.8876953125 1009.14141845703 1001.02685546875 1006.94519042969 995.647338867188 1002.55285644531 1000.97552490234 1014.28253173828 1019.68273925781 1025.21826171875 1027.75402832031 1035.63598632812 1037.63952636719 1041.86755371094 1044.63525390625 1043.22436523438 1051.54504394531
985.401672363281 976.392395019531 977.622680664062 985.291809082031 991.278991699219 983.305541992188 978.353942871094 975.565368652344 991.40771484375 991.65185546875 991.991333007812 984.565490722656 985.528442382812 981.612365722656 992.257995605469 997.235595703125 996.004638671875 986.983032226562 992.524658203125 989.212219238281 991.20556640625 990.070983886719 980.386169433594 988.814758300781 993.392944335938 988.613159179688 988.20703125 999.43896484375 1001.24853515625 1003.68096923828 1002.34429931641 999.937927246094 998.944396972656 996.578186035156 1002.84747314453 1012.50219726562 1016.43774414062 1032.56604003906 1028.82006835938 1035.88464355469 1038.25170898438 1037.12377929688 1043.78430175781 1047.73071289062 1053.20141601562 1048.74963378906
985.166442871094 975.433471679688 972.375 992.578063964844 989.595397949219 984.309143066406 977.450927734375 977.526977539062 975.653259277344 984.242309570312 991.853515625 994.025573730469 968.874938964844 978.555297851562 990.535034179688 990.851501464844 992.263549804688 982.63134765625 980.103149414062 981.301879882812 980.204772949219 981.165283203125 983.3779296875 994.677307128906 996.822570800781 988.368408203125 994.024047851562 1004.30139160156 998.770080566406 993.803344726562 990.726135253906 993.651794433594 1003.48455810547 1003.69183349609 1005.74865722656 1022.86083984375 1026.13903808594 1031.81994628906 1041.849609375 1046.21923828125 1044.54174804688 1053.85314941406 1050.44689941406 1056.31469726562 1059.80261230469 1061.17834472656
979.8701171875 972.92138671875 978.334289550781 988.087890625 987.001892089844 983.996643066406 976.626647949219 975.205688476562 978.609985351562 990.341186523438 987.265441894531 986.417297363281 977.025756835938 982.622802734375 986.668334960938 989.110656738281 984.254760742188 987.071044921875 984.05126953125 982.628723144531 978.51416015625 990.560913085938 993.150207519531 997.688415527344 1003.6103515625 999.496948242188 996.887023925781 1001.77624511719 1002.39178466797 995.790100097656 1002.84991455078 1004.26159667969 1008.18615722656 1012.0849609375 1006.44384765625 1023.66351318359 1026.72204589844 1037.8720703125 1040.78381347656 1047.64953613281 1052.19458007812 1058.41748046875 1058.33752441406 1053.57202148438 1058.86437988281 1063.41589355469
986.7314453125 980.602416992188 983.624206542969 986.241638183594 986.042175292969 982.11474609375 984.858032226562 976.198852539062 982.457275390625 982.93115234375 986.054809570312 982.769775390625 982.985656738281 983.410705566406 985.555786132812 989.84521484375 986.49560546875 987.854858398438 977.266540527344 985.634582519531 982.010559082031 991.629028320312 999.9208984375 1000.78436279297 1002.22540283203 997.500610351562 998.230651855469 991.4599609375 995.555236816406 997.600524902344 1005.56396484375 1010.68127441406 1013.22253417969 1016.29235839844 1025.88342285156 1027.18432617188 1043.20837402344 1040.77294921875 1044.93579101562 1052.12963867188 1051.94519042969 1055.83959960938 1055.75842285156 1060.50903320312 1062.14172363281 1069.44018554688
985.485717773438 980.257507324219 981.127746582031 976.897216796875 980.352661132812 988.803649902344 981.944946289062 976.666687011719 982.236145019531 984.618103027344 978.687866210938 985.192138671875 991.306701660156 989.617797851562 1000.31066894531 995.557556152344 982.846984863281 983.910888671875 981.315185546875 987.269958496094 996.189392089844 997.04296875 999.887084960938 1003.03082275391 1008.29235839844 997.678283691406 1002.56304931641 1001.27972412109 992.09521484375 1006.08349609375 1013.06616210938 1020.87182617188 1021.46929931641 1024.994140625 1032.5888671875 1032.78930664062 1038.228515625 1039.41015625 1045.77880859375 1049.15026855469 1054.47766113281 1059.04638671875 1064.3349609375 1064.07373046875 1073.26062011719 1078.61877441406
988.715148925781 981.801208496094 979.865600585938 979.649597167969 987.727661132812 983.463928222656 981.549255371094 982.3740234375 982.197937011719 983.868041992188 982.197875976562 994.508911132812 997.939147949219 1004.76934814453 997.390197753906 993.512512207031 985.435729980469 989.143981933594 998.177734375 994.017395019531 1006.46160888672 1003.90863037109 1004.60174560547 1010.82904052734 1006.24792480469 1013.49987792969 1012.02941894531 1007.48168945312 1004.45977783203 1008.87524414062 1021.90362548828 1023.74670410156 1027.69946289062 1030.41491699219 1042.15209960938 1032.90844726562 1037.06286621094 1037.89660644531 1049.45178222656 1055.2021484375 1054.83837890625 1064.6181640625 1078.97119140625 1069.39135742188 1075.52392578125 1082.60339355469
976.153259277344 977.58056640625 975.510986328125 972.350891113281 974.280883789062 978.582702636719 986.04345703125 979.550598144531 975.207458496094 983.370544433594 986.959350585938 989.740417480469 1001.45544433594 1003.31976318359 1002.30657958984 993.132141113281 988.245056152344 992.039916992188 996.624389648438 998.965209960938 999.691772460938 1002.92352294922 1009.93591308594 1015.36322021484 1006.96087646484 1012.65710449219 1012.76934814453 1008.22796630859 1016.17553710938 1027.740234375 1023.15771484375 1029.57434082031 1036.21447753906 1034.83703613281 1029.20336914062 1045.58752441406 1041.32800292969 1050.85302734375 1055.50854492188 1054.20324707031 1059.87036132812 1067.15515136719 1075.64099121094 1072.54907226562 1070.56970214844 1077.38842773438
973.596435546875 977.241638183594 979.624145507812 973.083251953125 975.735961914062 976.111572265625 981.570190429688 979.874389648438 987.676940917969 982.397338867188 985.914245605469 990.979064941406 987.882080078125 984.498901367188 993.919128417969 994.169128417969 995.419616699219 988.991455078125 994.123657226562 994.464904785156 1000.78198242188 1007.74652099609 1006.94097900391 1014.43829345703 1010.93023681641 1010.53186035156 1013.46307373047 1018.93298339844 1019.841796875 1023.15893554688 1030.46838378906 1025.10620117188 1026.34814453125 1031.56567382812 1032.55053710938 1041.92907714844 1036.94714355469 1055.66271972656 1061.66003417969 1058.44689941406 1069.71740722656 1075.39440917969 1074.41369628906 1083.51696777344 1083.01330566406 1081.6298828125
975.185119628906 975.499755859375 976.788208007812 976.919982910156 989.336791992188 982.208740234375 980.935424804688 976.927978515625 979.077209472656 993.265441894531 982.110290527344 979.311706542969 984.055358886719 987.960815429688 991.123474121094 987.521484375 1003.64660644531 993.641052246094 984.652770996094 979.5185546875 998.41015625 1012.87493896484 1001.93078613281 1008.93157958984 1012.82580566406 1012.40386962891 1010.40130615234 1015.32244873047 1026.26123046875 1040.68615722656 1033.8798828125 1029.5517578125 1032.44677734375 1031.58825683594 1032.03259277344 1036.34020996094 1040.36413574219 1047.95959472656 1057.98315429688 1053.19995117188 1073.86706542969 1069.26818847656 1059.51342773438 1078.93408203125 1079.61572265625 1092.50646972656
969.3603515625 978.763427734375 972.785461425781 974.624572753906 980.19873046875 983.374877929688 978.934204101562 976.414001464844 983.518432617188 988.680541992188 981.991577148438 982.74365234375 983.355712890625 992.350891113281 989.954467773438 990.456237792969 993.937438964844 984.486083984375 983.115051269531 991.162963867188 996.816467285156 997.4970703125 996.767456054688 1000.98522949219 1005.41479492188 1005.38549804688 1006.56555175781 1012.87255859375 1027.14221191406 1034.64428710938 1040.30126953125 1036.25036621094 1028.50073242188 1035.44189453125 1025.91711425781 1027.19299316406 1029.67028808594 1041.90466308594 1059.51586914062 1066.25012207031 1077.83203125 1071.35400390625 1069.40222167969 1074.35876464844 1086.34838867188 1094.33178710938
971.248718261719 976.218627929688 976.964965820312 966.0205078125 975.565368652344 977.461853027344 978.113586425781 981.2744140625 982.176696777344 979.586181640625 975.741638183594 983.969421386719 981.870727539062 981.159118652344 986.878662109375 982.888549804688 981.746765136719 986.42138671875 980.649536132812 988.893981933594 995.577087402344 998.462646484375 999.668640136719 997.071228027344 998.714233398438 1007.58435058594 1008.93475341797 1018.013671875 1021.79382324219 1030.0087890625 1035.50183105469 1032.96740722656 1029.54284667969 1028.36328125 1025.29614257812 1022.25964355469 1032.802734375 1044.44958496094 1043.06359863281 1061.27734375 1070.36181640625 1080.38720703125 1078.181640625 1083.38427734375 1085.69787597656 1092.89501953125
977.482849121094 973.044799804688 973.134460449219 972.624450683594 965.847045898438 971.177124023438 971.431884765625 975.449645996094 981.554992675781 976.901428222656 972.023193359375 971.403930664062 978.560791015625 976.200317382812 980.154602050781 977.083862304688 982.895080566406 986.173828125 978.138977050781 985.087341308594 987.793151855469 997.847412109375 1002.423828125 1002.5517578125 1007.05328369141 1013.103515625 1010.10498046875 1019.10662841797 1022.12640380859 1032.89685058594 1038.31787109375 1034.98608398438 1028.18737792969 1024.00988769531 1016.56298828125 1022.43078613281 1021.74639892578 1039.15393066406 1045.07507324219 1059.04638671875 1059.79919433594 1071.50073242188 1084.96166992188 1084.98803710938 1089.44396972656 1101.43408203125
979.853271484375 975.684265136719 967.839172363281 970.047912597656 970.435119628906 963.460510253906 980.029235839844 979.142639160156 979.124816894531 975.678833007812 974.281555175781 974.266418457031 972.819213867188 976.351623535156 986.668762207031 983.404541015625 977.522705078125 981.446960449219 987.148376464844 989.727722167969 995.545227050781 1001.71936035156 1001.88079833984 1000.79888916016 1005.99188232422 1009.02081298828 1022.73394775391 1022.25933837891 1026.32312011719 1028.79833984375 1036.22570800781 1036.37463378906 1029.986328125 1021.82568359375 1021.82208251953 1021.03002929688 1018.51617431641 1034.87719726562 1042.39868164062 1058.8544921875 1066.00817871094 1071.95373535156 1077.27917480469 1090.98022460938 1091.75415039062 1091.25634765625
967.390930175781 975.812194824219 965.017944335938 976.899047851562 978.6640625 978.266296386719 976.121459960938 980.772399902344 977.884338378906 974.893737792969 965.286865234375 974.200805664062 971.36083984375 970.803283691406 978.782592773438 984.292541503906 981.90771484375 986.317932128906 986.943237304688 992.791931152344 996.981079101562 998.991943359375 997.944885253906 1002.736328125 1001.94226074219 1005.61254882812 1012.47912597656 1024.88037109375 1016.64282226562 1026.88549804688 1028.29333496094 1027.15942382812 1019.98559570312 1020.70318603516 1017.60516357422 1026.16540527344 1021.69256591797 1030.74182128906 1050.03247070312 1049.72607421875 1056.26489257812 1073.57971191406 1077.18579101562 1081.2763671875 1090.45812988281 1097.96179199219
969.028564453125 965.72900390625 967.393127441406 971.433410644531 989.218933105469 989.8544921875 980.397705078125 985.227478027344 983.140869140625 980.429138183594 977.275817871094 970.900512695312 973.188903808594 981.035949707031 973.17236328125 980.005737304688 978.802612304688 974.895690917969 984.722900390625 990.839172363281 987.114501953125 992.354797363281 988.34765625 982.236755371094 994.350952148438 995.882995605469 1003.34497070312 1005.43511962891 1006.05639648438 1018.31011962891 1012.56463623047 1009.31817626953 1014.41802978516 1020.40130615234 1013.72216796875 1018.78729248047 1027.06066894531 1034.60766601562 1048.77197265625 1051.19152832031 1052.66455078125 1069.20373535156 1078.50073242188 1085.82202148438 1088.93859863281 1092.9912109375
966.381408691406 968.902526855469 973.766723632812 974.091369628906 986.341552734375 987.266662597656 985.973449707031 987.020202636719 985.306945800781 976.224853515625 975.99951171875 975.735961914062 980.820251464844 983.348999023438 995.72509765625 993.368408203125 993.155395507812 988.850036621094 980.604064941406 981.520202636719 988.276672363281 986.55224609375 982.490600585938 986.976623535156 992.568969726562 990.844116210938 997.482604980469 999.038452148438 997.37841796875 998.782104492188 995.390930175781 999.7998046875 1007.85943603516 1013.58557128906 1008.25677490234 1023.53216552734 1030.28955078125 1035.12841796875 1032.65112304688 1050.25170898438 1058.51879882812 1073.86511230469 1080.23681640625 1089.68664550781 1089.40197753906 1084.12585449219
973.610290527344 972.679565429688 972.724792480469 975.255126953125 984.770080566406 989.24560546875 982.026916503906 977.365478515625 980.227661132812 978.109191894531 982.170349121094 979.145751953125 984.766784667969 983.181274414062 995.904235839844 996.520690917969 993.669006347656 989.017211914062 997.111083984375 986.879638671875 988.787353515625 995.765747070312 994.06201171875 995.769287109375 997.261352539062 991.186706542969 995.104431152344 994.660217285156 996.572326660156 991.36767578125 987.926147460938 992.904052734375 1002.99987792969 1010.5419921875 1019.71069335938 1023.29211425781 1035.81396484375 1031.96752929688 1047.20593261719 1053.55871582031 1062.88854980469 1080.57360839844 1087.84143066406 1087.07568359375 1084.55517578125 1071.8232421875
970.744201660156 977.639526367188 976.016906738281 973.643920898438 975.550598144531 988.275756835938 978.821960449219 979.532531738281 975.414245605469 974.591064453125 981.211669921875 982.543518066406 984.436889648438 989.268371582031 990.651794433594 994.051513671875 998.900573730469 988.99072265625 989.367309570312 991.310180664062 987.334899902344 995.24560546875 1001.92388916016 1000.84606933594 999.630859375 995.375122070312 998.414611816406 992.905700683594 995.003662109375 997.085266113281 988.717468261719 994.451965332031 998.271850585938 1012.18060302734 1032.96667480469 1026.11352539062 1037.72143554688 1043.91857910156 1048.6201171875 1060.7763671875 1070.16174316406 1071.03308105469 1078.42248535156 1069.84411621094 1066.16333007812 1056.25573730469
977.248596191406 971.767639160156 972.652709960938 973.8935546875 978.463195800781 978.404418945312 974.636779785156 979.403686523438 982.395690917969 976.164428710938 986.605163574219 989.962341308594 984.518493652344 981.5810546875 994.026306152344 1000.03173828125 998.978576660156 1000.81311035156 990.591613769531 985.678039550781 982.498291015625 988.255493164062 996.701477050781 1007.27130126953 1006.79052734375 1002.25573730469 991.116821289062 992.75146484375 1001.86016845703 989.643188476562 988.641052246094 998.193786621094 1004.28509521484 1012.70806884766 1031.05993652344 1031.21838378906 1038.48352050781 1044.00024414062 1054.02770996094 1059.13110351562 1059.77661132812 1064.81420898438 1058.55700683594 1054.85339355469 1050.93432617188 1047.82556152344
