data/zlatibor_dem_simulations/DEMsim13.asc
NCOLS 150
NROWS 100
XLLCORNER 7394249
YLLCORNER 4841999
CELLSIZE 30
NODATA_VALUE -9999
[rows 60 to 79 of 100, columns 0 to 45 of 150]
952.398864746094 962.716430664062 960.557312011719 959.544006347656 963.846008300781 961.511535644531 958.217407226562 963.045349121094 960.343933105469 972.315612792969 960.362487792969 959.731811523438 963.142639160156 971.164611816406 968.258972167969 967.367858886719 963.815307617188 954.449951171875 960.138427734375 961.125244140625 954.691589355469 955.254150390625 951.840881347656 962.71826171875 958.939147949219 956.751953125 949.907592773438 945.516174316406 939.557739257812 940.445739746094 943.117126464844 951.3203125 947.833068847656 951.546691894531 951.0380859375 954.851989746094 955.409606933594 951.475646972656 953.195983886719 954.552551269531 954.781005859375 950.985595703125 953.5615234375 952.112548828125 948.486083984375 956.56201171875
952.422302246094 956.458923339844 965.127319335938 967.39990234375 964.988464355469 970.546630859375 963.158508300781 965.561950683594 975.991455078125 967.618957519531 961.914428710938 961.997009277344 962.414978027344 975.068420410156 971.411804199219 964.685302734375 951.3740234375 954.925842285156 961.22265625 955.522827148438 956.203979492188 955.017944335938 952.665954589844 969.954711914062 966.905700683594 965.079223632812 951.493103027344 949.744750976562 944.405212402344 950.512451171875 953.040344238281 955.885375976562 950.37158203125 951.25732421875 958.475402832031 955.603515625 941.187805175781 951.35400390625 962.522827148438 960.606201171875 950.848327636719 941.92578125 953.051147460938 953.445861816406 956.842529296875 945.825744628906
950.483581542969 957.658630371094 958.54833984375 957.825073242188 968.603515625 966.012573242188 966.712036132812 965.387817382812 965.488586425781 965.096618652344 959.146789550781 958.971618652344 960.394470214844 968.916137695312 959.956115722656 958.25048828125 961.759582519531 948.518615722656 953.182800292969 960.241088867188 957.994140625 950.986328125 958.866760253906 958.211853027344 964.1552734375 954.957214355469 948.879516601562 945.749633789062 947.183776855469 948.471740722656 944.574829101562 959.753051757812 954.2900390625 958.632934570312 954.615600585938 951.065673828125 952.3681640625 955.710510253906 957.163757324219 954.228149414062 947.669555664062 954.48095703125 950.235473632812 944.812866210938 947.194213867188 950.371704101562
948.598693847656 962.771484375 958.820068359375 952.804321289062 955.401428222656 951.408142089844 957.576049804688 969.450805664062 964.015502929688 963.307373046875 960.697204589844 960.159912109375 955.878112792969 956.077453613281 951.958312988281 952.722412109375 944.711791992188 949.127990722656 956.865417480469 957.254699707031 953.248962402344 946.324584960938 950.626159667969 950.672485351562 956.687255859375 953.128051757812 951.568420410156 942.401245117188 944.017211914062 949.508666992188 946.369323730469 949.710266113281 949.950988769531 948.428588867188 958.113220214844 952.11572265625 952.829772949219 943.164184570312 950.089477539062 947.426086425781 961.72021484375 953.64306640625 954.692138671875 949.337463378906 959.304077148438 951.198852539062
944.581787109375 952.446716308594 951.165405273438 951.332336425781 951.6669921875 944.648315429688 957.531616210938 964.126892089844 960.985595703125 950.875183105469 953.000610351562 952.707763671875 953.137756347656 951.006896972656 951.832153320312 942.344055175781 948.570007324219 941.269165039062 952.706787109375 939.977355957031 943.637268066406 947.272583007812 950.797180175781 949.892150878906 955.003784179688 945.885925292969 952.271606445312 948.556213378906 945.210510253906 944.56591796875 942.9521484375 947.179138183594 946.939270019531 950.800842285156 951.888671875 956.263549804688 948.441223144531 945.80859375 952.736389160156 951.350402832031 952.052917480469 962.635925292969 957.015747070312 951.056091308594 962.137512207031 954.984558105469
950.551208496094 954.656555175781 951.073852539062 956.163696289062 955.663940429688 955.014099121094 957.467346191406 963.712097167969 955.320922851562 955.548583984375 952.62109375 956.787109375 954.093811035156 943.403869628906 950.980712890625 943.418212890625 951.3779296875 944.742004394531 946.464538574219 942.678588867188 943.517578125 944.807861328125 952.564819335938 942.760375976562 948.548828125 942.754821777344 946.93603515625 953.748718261719 949.148193359375 942.3515625 946.459228515625 941.6982421875 943.765869140625 948.784423828125 948.523986816406 954.158813476562 956.18115234375 954.939208984375 956.720886230469 956.481018066406 962.024169921875 959.505920410156 958.690002441406 956.009338378906 948.5478515625 951.523559570312
963.115112304688 953.828186035156 946.538452148438 949.334899902344 951.584533691406 958.487426757812 956.374938964844 953.674377441406 943.658813476562 949.336120605469 955.67578125 954.350708007812 956.631103515625 950.312255859375 957.698486328125 950.946166992188 952.015991210938 938.658447265625 941.993713378906 944.767700195312 955.366455078125 952.769104003906 957.752197265625 954.191467285156 948.730529785156 945.255737304688 943.868713378906 952.045288085938 949.699951171875 941.161560058594 949.623168945312 939.503356933594 944.820678710938 948.1474609375 951.216003417969 961.153503417969 962.44384765625 956.662658691406 960.043029785156 958.641662597656 959.480285644531 952.339050292969 957.110778808594 956.733947753906 952.600830078125 965.735717773438
950.486755371094 952.300720214844 952.406005859375 946.515197753906 958.461975097656 954.045043945312 946.632263183594 949.803649902344 944.154663085938 944.808410644531 950.1220703125 962.2822265625 957.322692871094 964.195373535156 955.105163574219 953.130187988281 953.688110351562 943.69580078125 953.462341308594 953.448547363281 950.530029296875 959.008911132812 952.78466796875 947.67529296875 946.300598144531 945.062622070312 942.023498535156 951.649047851562 953.743225097656 946.171508789062 941.802185058594 943.738037109375 950.096496582031 957.384094238281 954.140869140625 953.49365234375 958.272155761719 964.664489746094 965.035949707031 965.943969726562 963.291381835938 956.54638671875 957.148681640625 959.489196777344 962.57470703125 972.044494628906
949.837158203125 943.294555664062 946.4306640625 956.10595703125 952.457763671875 947.997253417969 950.356018066406 945.919982910156 939.325622558594 934.209838867188 951.327880859375 961.996337890625 968.465881347656 963.6591796875 972.328857421875 974.66015625 953.677795410156 949.330017089844 955.9228515625 951.619567871094 958.357666015625 958.424865722656 957.014892578125 948.534423828125 943.1943359375 944.2783203125 945.0615234375 950.569274902344 956.948425292969 954.150024414062 948.958251953125 952.791320800781 954.387329101562 960.199768066406 954.212585449219 958.974975585938 960.834167480469 965.343139648438 966.636901855469 971.256042480469 971.4384765625 963.014831542969 962.613830566406 970.59619140625 973.457458496094 973.71728515625
945.720336914062 945.614440917969 946.893676757812 950.760131835938 946.5400390625 942.793029785156 941.342834472656 943.286560058594 936.196105957031 941.908874511719 948.3232421875 955.462219238281 965.838745117188 970.079895019531 970.305725097656 966.241577148438 956.550476074219 958.088195800781 962.602844238281 958.486267089844 955.981079101562 958.89404296875 967.507690429688 955.285034179688 953.721069335938 953.94287109375 956.783142089844 953.6376953125 950.216796875 952.880615234375 947.754821777344 945.861450195312 949.259887695312 953.522521972656 953.464233398438 956.615417480469 959.2939453125 970.89794921875 972.142639160156 976.004943847656 968.479125976562 963.173034667969 966.824157714844 983.497497558594 985.146118164062 984.558166503906
951.351806640625 948.971557617188 951.762939453125 948.583068847656 951.719177246094 946.491943359375 940.30029296875 947.453735351562 939.546203613281 939.758972167969 946.830444335938 962.752990722656 963.674682617188 969.028442382812 971.997436523438 962.604736328125 963.825927734375 962.985900878906 970.250244140625 964.770874023438 967.926452636719 959.863464355469 961.592224121094 967.786865234375 971.957702636719 962.048889160156 958.002807617188 955.621276855469 952.57958984375 948.094299316406 953.153686523438 961.448791503906 951.391235351562 958.428405761719 959.496459960938 965.759033203125 966.933654785156 974.185607910156 976.499816894531 982.215759277344 974.855407714844 968.106750488281 974.333618164062 979.839904785156 984.156677246094 992.74072265625
940.286376953125 950.644653320312 949.228332519531 951.052001953125 948.422058105469 941.199951171875 935.126037597656 940.903930664062 941.59375 947.072204589844 956.701477050781 956.311340332031 964.692321777344 973.713989257812 973.258911132812 965.959167480469 971.837585449219 970.434265136719 973.345397949219 975.936279296875 979.449523925781 968.15478515625 961.278381347656 966.114624023438 971.025512695312 957.965148925781 959.746948242188 947.984741210938 956.705932617188 951.898132324219 962.409423828125 957.166931152344 961.029113769531 955.192565917969 963.909912109375 961.583801269531 963.987426757812 966.472229003906 976.041809082031 980.800476074219 974.9423828125 969.173278808594 971.67724609375 980.567016601562 989.181335449219 986.27392578125
934.319702148438 940.593994140625 948.129211425781 949.138305664062 940.68408203125 927.410217285156 924.42333984375 937.813415527344 946.162780761719 950.300354003906 956.498901367188 963.031005859375 963.758850097656 968.256958007812 965.080627441406 966.806213378906 976.313598632812 972.558349609375 980.852783203125 981.083190917969 980.064392089844 972.815979003906 969.004089355469 965.705932617188 957.512023925781 959.105041503906 955.640747070312 953.815368652344 954.425048828125 952.994567871094 961.0478515625 965.491271972656 969.005065917969 961.974243164062 966.517150878906 965.747985839844 967.712524414062 965.368286132812 973.134582519531 977.602478027344 975.8486328125 977.099548339844 973.028076171875 984.464294433594 983.986389160156 995.589477539062
922.262634277344 940.696105957031 939.329467773438 941.282470703125 935.516906738281 924.100708007812 924.84228515625 938.34521484375 942.773803710938 947.125854492188 950.84423828125 957.381164550781 954.614318847656 967.803344726562 967.6708984375 972.393737792969 971.424072265625 980.65771484375 978.386352539062 987.347534179688 985.668518066406 974.152404785156 979.96484375 965.335815429688 955.819702148438 956.383361816406 956.243347167969 951.801025390625 951.396606445312 950.364929199219 966.644775390625 971.112854003906 966.746643066406 965.493957519531 973.229553222656 960.496826171875 969.511169433594 968.782287597656 973.136474609375 978.585876464844 976.31103515625 978.850280761719 982.266174316406 993.626708984375 995.39013671875 1002.11743164062
934.70068359375 933.040100097656 937.334594726562 931.841979980469 932.499633789062 938.367919921875 931.579650878906 932.431579589844 933.819702148438 937.8525390625 947.886413574219 952.011352539062 969.729675292969 976.514465332031 979.248107910156 977.324645996094 974.000122070312 978.593933105469 984.062622070312 986.024291992188 984.698303222656 981.309020996094 971.075073242188 968.146179199219 967.943298339844 960.531127929688 963.060119628906 959.737976074219 957.685974121094 955.533935546875 967.274169921875 969.606567382812 972.706481933594 977.817626953125 977.718078613281 973.449523925781 977.651916503906 978.2978515625 978.948059082031 984.737487792969 979.871826171875 982.126953125 995.084228515625 996.753051757812 1000.59692382812 1011.00830078125
933.208312988281 921.970825195312 936.635986328125 935.081848144531 929.805480957031 928.188781738281 933.146179199219 933.964599609375 934.840515136719 941.072875976562 935.672607421875 950.376159667969 962.168212890625 974.480712890625 982.932189941406 986.344543457031 977.736755371094 985.110961914062 985.994445800781 994.896362304688 989.604919433594 985.189697265625 978.940368652344 983.795776367188 978.222290039062 971.187805175781 966.793395996094 961.734802246094 970.446716308594 973.038818359375 968.631896972656 968.89990234375 982.022277832031 986.085021972656 981.940856933594 993.11767578125 990.065612792969 993.237915039062 985.557067871094 985.873168945312 993.852966308594 983.202270507812 993.596252441406 988.879638671875 1003.451171875 1013.10693359375
932.656372070312 926.550598144531 923.479125976562 934.746459960938 936.605712890625 931.599914550781 931.609069824219 934.523742675781 941.828674316406 946.212768554688 944.502563476562 953.69140625 960.689636230469 969.506103515625 983.227478027344 981.002807617188 980.051818847656 980.143188476562 986.426574707031 995.98681640625 997.116455078125 991.304321289062 986.392272949219 995.299438476562 985.967468261719 981.136474609375 977.89697265625 971.919128417969 985.044494628906 984.422302246094 982.127685546875 984.220458984375 976.459777832031 984.295288085938 991.419250488281 991.094970703125 985.308349609375 989.989868164062 988.951599121094 992.428039550781 995.875915527344 1003.11853027344 1000.35437011719 1004.98059082031 998.869262695312 1005.57696533203
921.516479492188 923.417846679688 923.415832519531 936.868225097656 943.815795898438 930.624755859375 931.985473632812 932.377197265625 940.784240722656 950.399658203125 949.949645996094 955.356994628906 960.790283203125 969.813049316406 976.460571289062 979.530090332031 987.938110351562 986.11572265625 983.749877929688 995.181396484375 996.892211914062 995.787109375 994.531005859375 994.348876953125 997.932556152344 987.630554199219 980.816284179688 988.705993652344 985.47265625 986.606201171875 980.799011230469 987.400146484375 984.966125488281 979.654052734375 987.432800292969 989.58740234375 985.626708984375 990.885437011719 987.784973144531 993.528991699219 997.507019042969 1004.04522705078 1002.65905761719 1009.33117675781 1013.42706298828 1011.28204345703
930.253723144531 931.745178222656 934.588806152344 942.795654296875 936.198547363281 933.488586425781 939.081115722656 933.085876464844 944.860168457031 959.478820800781 958.214599609375 969.856872558594 971.743408203125 979.738647460938 971.697509765625 978.23583984375 979.760620117188 977.97021484375 985.324279785156 977.602111816406 978.595458984375 985.971862792969 989.072937011719 988.965270996094 986.475769042969 991.544738769531 993.888671875 992.305847167969 986.8984375 985.876281738281 983.033142089844 984.347534179688 989.042236328125 985.161926269531 986.399658203125 987.832458496094 979.052185058594 982.999145507812 982.491638183594 985.368347167969 998.217590332031 1005.02044677734 1000.44500732422 1011.29486083984 1016.18048095703 1008.92327880859
939.994262695312 935.8642578125 937.402221679688 944.263122558594 937.718627929688 936.636840820312 938.569885253906 941.294311523438 953.227478027344 961.234680175781 965.483215332031 962.381652832031 968.91796875 974.167419433594 976.836547851562 977.674133300781 983.297729492188 979.915100097656 980.909729003906 978.458374023438 975.171752929688 976.609497070312 986.399108886719 982.419494628906 986.289978027344 990.619140625 996.365234375 983.627807617188 991.310241699219 984.779235839844 981.82177734375 985.970458984375 984.251403808594 986.367431640625 984.675048828125 980.82421875 983.18798828125 981.762756347656 992.044860839844 986.661743164062 993.550415039062 996.707946777344 1009.66619873047 1002.84539794922 1003.83734130859 1013.40643310547
