data/zlatibor_dem_simulations/DEMsim69 (1).asc
NCOLS 150
NROWS 100
XLLCORNER 7394249
YLLCORNER 4841999
CELLSIZE 30
NODATA_VALUE -9999
[rows 0 to 19 of 100, columns 46 to 91 of 150]
988.410522460938 993.052856445312 988.181213378906 983.763305664062 971.305725097656 967.607543945312 948.944519042969 952.408142089844 959.889587402344 946.946838378906 943.067565917969 941.264526367188 944.712097167969 927.997253417969 926.780212402344 917.815979003906 919.611694335938 921.937866210938 915.811340332031 908.591979980469 902.974609375 910.088317871094 902.590454101562 900.407531738281 918.428588867188 930.981811523438 932.479187011719 922.517944335938 929.69873046875 936.926208496094 958.976989746094 967.420776367188 967.091491699219 961.034057617188 957.318420410156 955.975036621094 948.286010742188 947.488708496094 944.598327636719 931.260498046875 927.634826660156 921.25732421875 925.699096679688 917.957702636719 916.441833496094 921.379516601562
983.774047851562 998.74072265625 992.969909667969 980.833801269531 978.554931640625 968.600402832031 958.488098144531 969.996826171875 964.768005371094 960.134582519531 955.381225585938 946.737976074219 936.256042480469 930.496948242188 926.911865234375 919.223754882812 916.310791015625 918.451843261719 911.497741699219 901.491882324219 902.808288574219 909.271545410156 909.272277832031 917.136901855469 924.916076660156 934.489074707031 937.113952636719 934.323669433594 931.134521484375 945.296264648438 946.95849609375 951.050659179688 961.894653320312 959.109252929688 970.471069335938 962.7890625 959.432006835938 962.107177734375 952.205627441406 943.747131347656 938.287475585938 933.835571289062 936.873962402344 928.209594726562 919.666198730469 926.760314941406
992.526672363281 996.826171875 990.833190917969 985.946411132812 976.313415527344 975.244079589844 970.572448730469 963.168884277344 964.891418457031 960.924377441406 956.695678710938 952.495483398438 948.026062011719 944.660522460938 928.385192871094 927.039489746094 922.722961425781 917.0625 917.191955566406 911.052673339844 906.813232421875 913.792175292969 924.099731445312 924.351806640625 935.219360351562 934.312377929688 936.076843261719 953.268859863281 942.99267578125 946.089111328125 955.70263671875 963.893859863281 960.271301269531 976.164916992188 974.912536621094 975.613952636719 979.573974609375 962.991943359375 964.795593261719 956.1533203125 954.832580566406 948.888916015625 940.303588867188 935.042602539062 934.244445800781 921.124938964844
996.609252929688 994.031677246094 987.010986328125 981.21240234375 989.914672851562 983.633178710938 976.705505371094 982.064147949219 972.807067871094 970.764099121094 961.028137207031 953.429321289062 951.417297363281 952.186645507812 934.026000976562 941.804992675781 930.658386230469 922.721740722656 920.665222167969 923.221862792969 925.423461914062 920.785034179688 925.579528808594 923.432373046875 930.46533203125 938.31982421875 948.072998046875 949.751708984375 954.910034179688 960.67041015625 967.727905273438 979.747314453125 981.481323242188 991.04931640625 987.065124511719 994.271240234375 986.809265136719 973.773132324219 970.117492675781 969.607116699219 962.304626464844 953.96826171875 953.22412109375 949.489440917969 937.623657226562 932.43603515625
997.739135742188 997.10498046875 991.92138671875 984.360107421875 996.631896972656 991.467834472656 992.884704589844 989.998779296875 990.366333007812 977.742431640625 965.262268066406 965.703674316406 963.849365234375 962.241821289062 957.727416992188 940.532653808594 933.5615234375 932.545776367188 934.1123046875 941.329406738281 939.724670410156 935.398742675781 925.190673828125 925.674621582031 926.639831542969 936.198181152344 948.308654785156 956.946166992188 965.444641113281 963.698425292969 977.331909179688 988.604919433594 996.409790039062 1009.55944824219 1008.84558105469 1003.19256591797 996.448120117188 982.7353515625 979.648010253906 966.995788574219 962.604736328125 956.268981933594 951.175170898438 946.526000976562 939.18310546875 934.06591796875
996.595336914062 995.792053222656 991.703857421875 996.661376953125 993.867492675781 995.18603515625 993.218627929688 992.625305175781 982.093872070312 979.855041503906 966.562683105469 962.020263671875 966.064514160156 973.524536132812 967.923461914062 955.924682617188 947.380920410156 937.433349609375 935.962280273438 935.34716796875 939.263122558594 935.742492675781 936.36962890625 931.816833496094 939.943237304688 938.547485351562 946.491027832031 952.816101074219 968.55712890625 970.588928222656 978.785827636719 991.717712402344 1004.89831542969 1015.35974121094 1017.33386230469 1013.14825439453 1006.48907470703 993.152893066406 993.598266601562 979.377807617188 966.029602050781 951.790832519531 955.928100585938 948.172119140625 941.587890625 937.1025390625
1005.75006103516 991.487976074219 994.421875 985.8740234375 997.500183105469 996.657592773438 989.981140136719 994.934020996094 988.242065429688 974.406799316406 971.154602050781 974.988830566406 968.511047363281 978.603454589844 983.894348144531 970.806579589844 957.678283691406 952.574279785156 934.1943359375 944.981872558594 945.040283203125 942.767944335938 951.305603027344 946.416015625 948.874328613281 947.931335449219 952.739196777344 959.498107910156 975.715942382812 983.730834960938 993.344177246094 1000.79357910156 1010.07641601562 1008.94219970703 1018.21563720703 1013.44219970703 1011.95281982422 1002.72381591797 996.293640136719 979.390197753906 969.239196777344 962.369934082031 951.002319335938 937.908752441406 949.354431152344 939.612670898438
1003.72790527344 990.543273925781 986.280151367188 991.802551269531 1002.98480224609 994.052490234375 1005.94781494141 1001.11901855469 994.001831054688 992.366882324219 985.781860351562 989.090209960938 984.650024414062 982.404052734375 991.164306640625 978.827087402344 969.836181640625 957.445861816406 952.6201171875 955.924011230469 948.966674804688 955.710998535156 967.078735351562 962.259155273438 958.7080078125 956.334167480469 962.422607421875 968.948181152344 972.746643066406 990.349243164062 1003.37066650391 1013.62371826172 1022.74859619141 1022.92510986328 1021.82550048828 1018.88488769531 1011.49536132812 1003.33483886719 995.472412109375 984.083923339844 963.122741699219 950.935485839844 941.944274902344 939.574096679688 944.152770996094 936.298217773438
997.116638183594 992.124816894531 989.537048339844 993.816284179688 1003.28179931641 1008.71862792969 1003.76098632812 1002.35931396484 1007.76385498047 1002.96160888672 998.160827636719 1001.87628173828 994.635009765625 994.29638671875 984.329650878906 985.829833984375 981.604370117188 964.073364257812 960.608337402344 958.12158203125 968.459167480469 963.695678710938 964.94873046875 964.36328125 959.8740234375 966.980773925781 966.723449707031 970.507202148438 978.355895996094 990.845336914062 1013.64196777344 1016.42718505859 1028.10729980469 1027.29626464844 1024.53332519531 1020.89123535156 1012.1611328125 1006.54779052734 1001.25512695312 983.974670410156 973.234008789062 951.175048828125 938.688049316406 937.948303222656 941.210266113281 930.836608886719
1009.81903076172 1001.61401367188 1003.66912841797 1006.4091796875 1013.58264160156 1002.46850585938 1009.4326171875 1009.04235839844 1015.18920898438 1010.2724609375 1010.06964111328 1005.93133544922 1013.28967285156 1002.82653808594 999.565612792969 992.198059082031 976.485229492188 980.329345703125 969.735412597656 965.285217285156 965.952026367188 969.693603515625 970.929931640625 971.17529296875 970.506530761719 972.83349609375 973.528686523438 972.695556640625 978.431823730469 997.954895019531 1001.67425537109 1019.34045410156 1025.58801269531 1037.56176757812 1034.54895019531 1025.36511230469 1002.25842285156 1000.80865478516 996.217895507812 981.10986328125 967.383728027344 951.649047851562 940.869689941406 931.419799804688 931.961059570312 935.724792480469
1005.0791015625 1005.337890625 1013.8095703125 1008.67956542969 1016.68426513672 1014.46606445312 1009.78570556641 1016.78851318359 1020.37457275391 1017.0087890625 1012.45935058594 1015.87286376953 1012.54852294922 1008.05456542969 1005.52105712891 995.401062011719 987.524108886719 982.141235351562 984.236755371094 979.440612792969 970.623901367188 968.8662109375 972.202331542969 964.356079101562 967.21826171875 979.02880859375 973.725708007812 971.20068359375 989.490051269531 1000.06927490234 1006.34814453125 1014.14678955078 1027.20849609375 1037.21520996094 1046.80859375 1023.73449707031 1012.33520507812 1000.58538818359 990.517944335938 978.575134277344 972.145690917969 956.012512207031 941.228149414062 940.699279785156 941.970764160156 943.760681152344
1008.19641113281 1004.83355712891 1015.65600585938 1009.46502685547 1013.88647460938 1013.05767822266 1008.36834716797 1015.67498779297 1021.53741455078 1013.83099365234 1019.59790039062 1020.97711181641 1013.89733886719 1009.39685058594 1003.69854736328 1000.51727294922 993.661376953125 985.564758300781 984.668701171875 977.309143066406 973.8876953125 968.3203125 962.440307617188 955.985656738281 972.257141113281 975.389343261719 982.243408203125 980.278198242188 991.425842285156 1004.12182617188 1011.69549560547 1019.07116699219 1030.91918945312 1039.98937988281 1039.96008300781 1031.06604003906 1014.60571289062 996.504943847656 986.650085449219 975.030944824219 972.73974609375 956.564147949219 946.223693847656 945.178527832031 939.238647460938 937.901123046875
1020.02093505859 1014.54376220703 1011.40930175781 1013.28643798828 1011.75659179688 1020.60327148438 1011.453125 1010.99810791016 1018.478515625 1009.14654541016 1010.19970703125 1015.8310546875 1017.9755859375 1016.82781982422 1004.63696289062 1002.18572998047 999.738525390625 999.192504882812 985.556213378906 997.015380859375 986.564453125 969.172424316406 967.084045410156 963.74072265625 975.715087890625 981.229553222656 988.278198242188 997.427978515625 1010.26550292969 1016.08660888672 1021.24450683594 1025.54736328125 1032.86938476562 1037.43688964844 1036.94140625 1029.97705078125 1010.78198242188 1006.50921630859 987.744079589844 977.0087890625 958.96484375 949.727905273438 949.732177734375 945.728271484375 939.167053222656 940.593200683594
1022.18017578125 1018.87524414062 1009.73449707031 1004.69744873047 1009.68103027344 1011.20104980469 998.920532226562 1000.40289306641 1010.71435546875 1019.48449707031 1013.27111816406 1015.74188232422 1014.57147216797 1017.14593505859 1008.62866210938 1011.31500244141 1003.39569091797 1001.76690673828 997.04150390625 1012.1357421875 997.475402832031 989.753967285156 971.614929199219 970.170043945312 987.301330566406 985.976745605469 994.294128417969 1009.24548339844 1015.30389404297 1023.71527099609 1028.29724121094 1025.599609375 1035.86926269531 1042.85668945312 1034.31872558594 1026.2548828125 1009.63482666016 1001.93621826172 997.771667480469 977.789794921875 958.33837890625 955.617309570312 956.221374511719 953.7880859375 932.202758789062 939.071960449219
1026.45544433594 1024.31982421875 1012.10772705078 1003.21142578125 997.675842285156 999.164672851562 999.183776855469 1000.75909423828 1008.39910888672 1016.63208007812 1021.72082519531 1017.21173095703 1013.22625732422 1018.07989501953 1012.24182128906 1012.59326171875 1009.27056884766 1008.81860351562 1007.30017089844 1011.56512451172 1020.02746582031 1014.51556396484 1001.41290283203 991.941223144531 990.675354003906 990.942321777344 1005.73010253906 1009.01446533203 1022.93914794922 1027.21850585938 1035.28552246094 1032.78588867188 1029.04077148438 1026.48803710938 1034.0634765625 1030.57312011719 1022.54553222656 1012.77404785156 991.478210449219 981.1845703125 960.821655273438 955.091491699219 954.257568359375 944.0400390625 934.613708496094 942.183349609375
1025.80871582031 1017.96887207031 1014.11889648438 999.418884277344 1002.13806152344 998.096496582031 996.644104003906 997.294921875 1005.55041503906 1014.95568847656 1017.18273925781 1018.5986328125 1008.16467285156 1016.94866943359 1012.02703857422 1016.73913574219 1025.07666015625 1025.47668457031 1015.80102539062 1028.23083496094 1031.66076660156 1024.19946289062 1013.27569580078 1006.00860595703 1002.15173339844 998.604736328125 1007.94317626953 1008.04760742188 1011.88641357422 1022.87451171875 1028.70178222656 1024.81652832031 1027.83947753906 1026.90515136719 1034.36450195312 1036.57568359375 1029.35034179688 1020.51672363281 1000.55700683594 980.902954101562 968.452331542969 962.844177246094 963.646179199219 952.824890136719 941.05419921875 949.300109863281
1018.39392089844 1014.27807617188 1008.57763671875 1005.46783447266 992.975830078125 988.501281738281 1002.18627929688 1015.71435546875 1014.66918945312 1017.42913818359 1014.59436035156 1015.48583984375 1023.41778564453 1017.92858886719 1017.98828125 1019.36608886719 1023.67224121094 1031.68090820312 1024.72924804688 1026.85778808594 1029.81774902344 1036.80969238281 1020.81896972656 1012.84649658203 1008.68994140625 1008.29302978516 1009.72692871094 1001.63110351562 1008.94067382812 1017.04901123047 1030.76940917969 1025.92395019531 1030.70568847656 1036.11535644531 1035.04895019531 1039.75329589844 1037.12341308594 1023.55151367188 1006.19616699219 991.746765136719 978.635192871094 960.525024414062 966.218017578125 959.554565429688 964.678466796875 959.488464355469
1017.72540283203 1007.05694580078 1007.48199462891 1005.15209960938 999.285705566406 1003.37091064453 997.6611328125 1014.71472167969 1020.02423095703 1019.57012939453 1019.13745117188 1012.71105957031 1021.44299316406 1020.65661621094 1017.69787597656 1024.69165039062 1025.78686523438 1026.66247558594 1034.10803222656 1023.56030273438 1030.09387207031 1027.27880859375 1017.26403808594 1021.45434570312 1021.82012939453 1013.66998291016 1012.28112792969 1011.34344482422 1019.02886962891 1023.24322509766 1028.40283203125 1034.90637207031 1032.77844238281 1031.76940917969 1040.63732910156 1034.04577636719 1026.64233398438 1017.36340332031 1008.96368408203 1002.82904052734 979.761901855469 968.526123046875 967.812866210938 970.694396972656 969.412231445312 973.58935546875
1013.05676269531 1007.82989501953 1005.02325439453 1001.20678710938 1002.92211914062 1003.29803466797 999.105041503906 1010.20135498047 1013.64196777344 1021.34729003906 1011.18951416016 1012.849609375 1009.6630859375 1009.84442138672 1017.44604492188 1021.36248779297 1020.95916748047 1026.65258789062 1030.28771972656 1027.62060546875 1016.88415527344 1021.22625732422 1026.95068359375 1028.15295410156 1027.98364257812 1021.67864990234 1024.80432128906 1020.97399902344 1012.24945068359 1023.03100585938 1028.85852050781 1041.63061523438 1032.39025878906 1038.72229003906 1040.73803710938 1031.56518554688 1022.87426757812 1016.45336914062 1010.01824951172 998.267456054688 993.572387695312 980.906188964844 974.462707519531 971.333251953125 974.3818359375 986.793701171875
1009.14007568359 1013.02374267578 994.546630859375 997.744140625 1005.14813232422 1001.05603027344 1005.72796630859 1002.30133056641 1010.93939208984 1019.75463867188 1004.89733886719 1002.69604492188 1008.68298339844 1007.05535888672 1021.52166748047 1018.29772949219 1014.40869140625 1019.49243164062 1032.23413085938 1027.587890625 1028.54272460938 1026.45153808594 1034.23327636719 1035.31469726562 1031.90258789062 1026.23547363281 1024.97680664062 1020.91925048828 1017.10485839844 1025.90100097656 1038.85729980469 1041.83618164062 1036.9765625 1033.64245605469 1034.97387695312 1025.814453125 1025.13134765625 1018.26629638672 1008.31530761719 1007.04840087891 1004.61102294922 993.31298828125 990.906433105469 981.500061035156 983.679382324219 985.231567382812
