data/zlatibor_dem_simulations/DEMsim76 (1).asc
NCOLS 150
NROWS 100
XLLCORNER 7394249
YLLCORNER 4841999
CELLSIZE 30
NODATA_VALUE -9999
[rows 0 to 19 of 100, columns 46 to 91 of 150]
962.877258300781 962.121398925781 968.03857421875 970.718322753906 955.06884765625 949.709228515625 944.205200195312 937.399475097656 942.235961914062 939.043579101562 926.311828613281 920.49560546875 921.226501464844 920.726257324219 915.197937011719 907.62890625 909.092651367188 901.657409667969 891.520874023438 893.043212890625 884.621032714844 892.054809570312 890.350952148438 899.345458984375 907.406188964844 909.289123535156 930.392700195312 948.521423339844 956.1142578125 947.86572265625 954.168762207031 949.048217773438 966.501892089844 960.427917480469 968.1455078125 971.236755371094 960.421264648438 969.562316894531 973.690612792969 959.595031738281 956.265197753906 952.44580078125 951.082092285156 946.2080078125 939.381652832031 927.547668457031
963.157958984375 968.63232421875 958.497131347656 965.342407226562 964.790771484375 957.114318847656 951.887512207031 950.79833984375 948.662841796875 940.9775390625 931.078430175781 933.17333984375 935.29443359375 925.326599121094 919.845947265625 916.440795898438 910.494567871094 907.242919921875 901.811340332031 894.249084472656 901.587585449219 907.455505371094 910.564514160156 910.468811035156 919.298767089844 926.435180664062 934.855285644531 940.698120117188 950.844360351562 964.025085449219 958.563720703125 956.448791503906 961.552124023438 973.942565917969 976.534851074219 978.259887695312 975.362426757812 971.98583984375 968.046325683594 964.056823730469 951.068481445312 941.457763671875 936.680480957031 946.715515136719 941.152893066406 931.045776367188
977.185485839844 978.502136230469 964.316101074219 964.969177246094 959.611450195312 953.710571289062 952.241821289062 947.554748535156 938.226623535156 944.708618164062 936.701416015625 943.346069335938 942.521728515625 934.679931640625 932.921752929688 927.631469726562 921.875610351562 918.810424804688 903.626159667969 908.871032714844 907.125427246094 921.29345703125 920.689575195312 925.4482421875 925.679748535156 927.812927246094 933.9833984375 943.148193359375 953.204040527344 962.054260253906 963.163452148438 965.779357910156 966.341674804688 977.491638183594 972.868286132812 990.85986328125 991.273132324219 990.048828125 982.232177734375 965.418640136719 955.540161132812 944.050659179688 945.724060058594 939.259216308594 942.132629394531 925.455688476562
979.20458984375 979.479187011719 973.597106933594 969.448303222656 967.107849121094 958.011596679688 958.961181640625 953.026611328125 947.014770507812 950.457275390625 947.689208984375 952.581665039062 947.532531738281 944.159729003906 947.002868652344 948.654418945312 937.608947753906 932.350830078125 928.144104003906 925.497741699219 928.747741699219 938.015686035156 934.880859375 943.862365722656 937.608093261719 940.766052246094 944.75244140625 953.490783691406 962.36865234375 970.513916015625 965.812072753906 975.6015625 981.951538085938 987.801940917969 986.338745117188 995.052856445312 1002.00329589844 997.601257324219 986.012939453125 974.764892578125 958.146118164062 949.396301269531 948.008178710938 945.026184082031 935.656127929688 920.302734375
986.966735839844 1001.85638427734 986.094177246094 975.773559570312 965.543029785156 968.096313476562 968.593505859375 963.919250488281 956.014953613281 947.150817871094 954.886352539062 952.819213867188 962.004821777344 956.53125 960.593322753906 961.551635742188 951.615539550781 946.597778320312 943.566711425781 951.973754882812 948.990051269531 946.267944335938 940.337707519531 948.460388183594 950.851257324219 948.631652832031 954.423889160156 961.169128417969 972.006774902344 975.179809570312 976.827270507812 987.664672851562 1003.09869384766 999.922912597656 998.564880371094 1013.08087158203 1008.69482421875 990.837463378906 988.459167480469 976.280639648438 963.587097167969 952.705627441406 943.873168945312 931.678955078125 923.888793945312 909.854797363281
984.220764160156 988.086547851562 991.643493652344 982.789733886719 965.865295410156 974.222534179688 964.995849609375 963.437133789062 962.668151855469 958.722045898438 955.138000488281 964.819213867188 964.278991699219 969.979309082031 978.2333984375 976.449340820312 973.304809570312 960.383178710938 959.388122558594 962.728515625 960.276550292969 952.005676269531 952.038879394531 961.490356445312 957.923828125 966.278625488281 958.616943359375 965.545776367188 969.987426757812 982.349487304688 989.48681640625 1003.86846923828 1014.55529785156 1005.28161621094 1016.57073974609 1016.44482421875 1009.57977294922 1004.20227050781 989.567626953125 977.418823242188 964.658203125 946.581604003906 942.094787597656 924.357666015625 911.316162109375 901.70458984375
990.2578125 994.638305664062 992.595153808594 990.536743164062 976.344482421875 977.467956542969 968.658630371094 968.847412109375 973.411437988281 974.101684570312 978.033569335938 979.20458984375 975.723510742188 979.719116210938 983.591796875 979.876647949219 984.664306640625 976.424194335938 975.539855957031 966.2138671875 970.431945800781 962.30615234375 961.406555175781 966.631652832031 976.171325683594 976.198974609375 972.834106445312 968.3671875 974.389038085938 986.416748046875 1006.42529296875 1012.98773193359 1020.13482666016 1019.85778808594 1025.56970214844 1019.03009033203 1012.03387451172 999.988525390625 993.474243164062 983.808959960938 965.463134765625 953.375549316406 945.241271972656 932.358947753906 917.919616699219 907.572937011719
996.061767578125 995.63623046875 999.842529296875 1001.67370605469 991.48583984375 990.057983398438 987.969116210938 989.172973632812 984.053100585938 993.325927734375 997.181579589844 992.227111816406 988.1953125 992.971923828125 991.286071777344 991.738647460938 998.14453125 995.230224609375 977.720703125 974.114685058594 976.113891601562 972.321350097656 968.2744140625 968.572326660156 972.493835449219 981.567687988281 983.005798339844 974.981689453125 975.580749511719 990.312622070312 1007.29858398438 1013.02917480469 1015.58062744141 1032.51611328125 1024.85266113281 1022.71447753906 1021.03900146484 1005.32263183594 990.651733398438 984.069702148438 967.133178710938 946.814758300781 944.440124511719 934.006896972656 916.201843261719 916.453552246094
997.833251953125 993.971313476562 997.454956054688 1002.60198974609 1009.02844238281 1001.17883300781 1003.60717773438 1002.33361816406 992.430786132812 1001.64624023438 1005.068359375 998.995056152344 996.164184570312 996.009765625 1000.06530761719 1005.04699707031 1008.84869384766 1000.68310546875 992.4169921875 982.536437988281 986.385314941406 979.328796386719 980.151672363281 981.946594238281 976.812744140625 981.657104492188 981.540344238281 973.583801269531 978.971618652344 989.138122558594 1004.55609130859 1022.08502197266 1023.11541748047 1034.65380859375 1025.93176269531 1019.28643798828 1012.23895263672 1009.30072021484 999.920837402344 981.353759765625 966.616271972656 954.852355957031 941.974365234375 938.884643554688 924.541015625 921.771057128906
1003.30810546875 1003.7919921875 1003.43695068359 1010.48236083984 1004.06530761719 1007.51135253906 1011.26702880859 1011.27038574219 1001.9609375 1006.93542480469 1007.86065673828 1004.66278076172 1001.40185546875 992.020812988281 1002.43884277344 998.026184082031 1009.46154785156 999.739013671875 1003.15307617188 984.985534667969 976.731567382812 978.369018554688 982.600891113281 976.886840820312 980.941650390625 987.238525390625 988.350524902344 984.039611816406 995.465942382812 1004.38970947266 1009.83374023438 1013.31427001953 1024.34484863281 1034.82775878906 1033.15478515625 1031.83154296875 1020.42260742188 1006.12493896484 996.072387695312 980.857299804688 971.643981933594 953.406311035156 951.253051757812 935.10546875 932.599731445312 928.679504394531
1010.42230224609 1009.58630371094 1004.6201171875 1013.69036865234 1000.83905029297 1006.84051513672 1001.30114746094 1010.04479980469 1020.83020019531 1021.0537109375 1007.61273193359 1007.87255859375 1001.06640625 997.162353515625 996.930236816406 1002.39868164062 1001.83679199219 1000.14172363281 999.205383300781 989.7529296875 982.578308105469 991.694030761719 991.129760742188 991.661682128906 996.200317382812 993.617980957031 995.506164550781 1000.69519042969 1011.71563720703 1002.35217285156 1009.91790771484 1017.91046142578 1036.00549316406 1038.37854003906 1032.67529296875 1027.83874511719 1015.79339599609 999.419677734375 998.021301269531 990.071594238281 978.238098144531 973.561340332031 960.932556152344 947.889892578125 937.445495605469 933.971069335938
1021.65521240234 1019.30987548828 1008.55932617188 1013.41076660156 998.529296875 1002.43365478516 1003.79211425781 1014.01702880859 1021.93194580078 1024.00109863281 1013.40118408203 1016.61206054688 1008.02307128906 997.567687988281 993.92236328125 1005.39862060547 1002.36145019531 998.985717773438 999.37744140625 993.687805175781 987.361511230469 986.284729003906 992.37451171875 989.331848144531 996.201965332031 1010.30963134766 1008.06762695312 1009.21392822266 1009.58636474609 1016.62622070312 1006.56109619141 1019.78228759766 1039.720703125 1042.21997070312 1034.49145507812 1033.70153808594 1012.15374755859 1004.26849365234 992.492919921875 981.425964355469 974.396850585938 969.506652832031 968.314697265625 956.642944335938 938.473815917969 938.114501953125
1020.68402099609 1014.87231445312 1017.00860595703 1011.16522216797 1008.900390625 1013.216796875 1012.35205078125 1008.05517578125 1015.58239746094 1015.71740722656 1016.57458496094 1014.70294189453 1014.83093261719 1005.18591308594 1000.12994384766 1008.18975830078 1015.06127929688 1009.14788818359 1004.23669433594 988.859375 987.041259765625 993.296020507812 994.481872558594 998.363098144531 1000.42633056641 1011.26354980469 1019.86138916016 1020.84436035156 1018.6630859375 1017.8876953125 1027.31372070312 1031.64074707031 1040.28918457031 1039.36950683594 1037.58862304688 1032.90673828125 1019.21441650391 1012.49847412109 995.361633300781 985.19970703125 974.378784179688 970.467895507812 962.872619628906 952.172058105469 937.827026367188 928.178100585938
1022.06988525391 1021.45166015625 1017.91510009766 1013.05554199219 1010.96337890625 1007.92938232422 1018.70599365234 1012.32171630859 1016.20465087891 1014.10699462891 1018.36859130859 1015.66510009766 1019.15002441406 1010.884765625 1012.73773193359 1019.02178955078 1012.42309570312 1007.82702636719 1001.33062744141 994.930480957031 1002.87249755859 1000.13488769531 993.262023925781 988.693115234375 998.184692382812 1001.09185791016 1005.61163330078 1021.5400390625 1027.23303222656 1024.26477050781 1027.76416015625 1023.51025390625 1026.03002929688 1024.87341308594 1032.69445800781 1028.24731445312 1016.7890625 1008.89892578125 1006.78210449219 997.407287597656 984.200073242188 973.276550292969 968.088134765625 948.468383789062 934.906982421875 934.635986328125
1022.8515625 1021.36975097656 1015.69470214844 1021.46002197266 1016.56365966797 1013.93011474609 1025.50915527344 1021.52233886719 1022.09313964844 1025.73779296875 1022.49597167969 1014.92651367188 1025.67687988281 1019.53033447266 1024.80944824219 1023.4580078125 1014.09759521484 1007.79901123047 1018.21826171875 1009.30352783203 1010.45874023438 998.723510742188 993.28271484375 987.315551757812 990.340087890625 998.588134765625 1004.34893798828 1007.65277099609 1022.95690917969 1028.06677246094 1030.60424804688 1033.62145996094 1028.13659667969 1031.45227050781 1035.39331054688 1022.39196777344 1014.56695556641 1008.50482177734 1007.71130371094 995.885925292969 988.72998046875 974.761413574219 965.789306640625 951.820434570312 932.114196777344 930.052978515625
1022.10729980469 1015.55944824219 1017.17706298828 1018.22485351562 1016.09118652344 1019.42047119141 1021.71484375 1019.48870849609 1012.94122314453 1015.30004882812 1019.03399658203 1013.08306884766 1023.42901611328 1027.55541992188 1026.8193359375 1025.31225585938 1018.65771484375 1023.90509033203 1020.95098876953 1016.27337646484 1009.48724365234 992.919982910156 984.544189453125 987.703735351562 993.627136230469 1001.18365478516 1005.97497558594 1009.66052246094 1019.50054931641 1025.86791992188 1024.47021484375 1029.04907226562 1031.14465332031 1033.44616699219 1032.66394042969 1031.30798339844 1032.56994628906 1017.39398193359 1005.18664550781 994.101257324219 991.709838867188 978.391723632812 970.204162597656 951.185852050781 947.490417480469 938.256591796875
1024.67053222656 1019.13262939453 1022.63293457031 1025.81408691406 1018.97613525391 1007.1142578125 1014.92626953125 1015.30505371094 1018.58038330078 1018.53198242188 1012.03082275391 1019.73773193359 1026.91613769531 1021.76049804688 1021.28387451172 1020.0966796875 1024.04577636719 1029.03186035156 1024.36730957031 1022.02624511719 1010.01336669922 1000.89508056641 1005.04052734375 995.871887207031 997.372802734375 1000.46606445312 1014.91168212891 1016.91986083984 1029.10705566406 1022.32299804688 1019.63745117188 1029.06201171875 1030.83068847656 1029.27355957031 1032.36450195312 1031.93957519531 1034.48010253906 1025.32006835938 1013.95562744141 995.102233886719 989.086730957031 982.588989257812 974.444702148438 967.419738769531 955.886474609375 943.780700683594
1019.89630126953 1014.75744628906 1019.435546875 1018.79296875 1014.19781494141 1006.15759277344 1008.5888671875 1012.88122558594 1016.08905029297 1015.44769287109 1016.25567626953 1008.38256835938 1017.79998779297 1020.11102294922 1022.72906494141 1026.22497558594 1026.53063964844 1020.20953369141 1018.15216064453 1027.83435058594 1013.11157226562 1004.97015380859 1009.91149902344 1004.24310302734 1019.5185546875 1014.54400634766 1019.20324707031 1020.83770751953 1020.09918212891 1019.83892822266 1026.43334960938 1030.26770019531 1036.91235351562 1038.43237304688 1038.94665527344 1044.91821289062 1033.39294433594 1030.15844726562 1020.142578125 1010.24829101562 1000.07940673828 988.538208007812 986.586975097656 973.971313476562 956.066040039062 968.250610351562
1017.40521240234 1011.59124755859 1015.87042236328 1007.31353759766 1002.84881591797 1014.36578369141 1010.04638671875 1007.47015380859 1012.34997558594 1012.15075683594 1009.83319091797 1004.34722900391 1010.05505371094 1014.79504394531 1017.30444335938 1027.0244140625 1028.50219726562 1024.49816894531 1024.7080078125 1028.47180175781 1019.04290771484 1012.91357421875 1018.05047607422 1019.45404052734 1023.83483886719 1013.36096191406 1027.27685546875 1021.66693115234 1025.23681640625 1028.29309082031 1025.46252441406 1029.71545410156 1034.51599121094 1039.20581054688 1037.63195800781 1040.85717773438 1031.23876953125 1021.20257568359 1009.52746582031 1001.404296875 1002.78265380859 998.589416503906 998.202941894531 975.826965332031 970.67431640625 972.503723144531
1013.69177246094 1013.4541015625 1014.22747802734 1001.04168701172 1005.25640869141 1015.63586425781 1012.23254394531 1008.8642578125 1014.28063964844 1014.97003173828 1008.11553955078 1001.23510742188 1006.18493652344 1002.20825195312 1012.26397705078 1017.01354980469 1016.8212890625 1022.58172607422 1018.29583740234 1024.22497558594 1025.52124023438 1022.65222167969 1026.58654785156 1032.60217285156 1020.09313964844 1023.19787597656 1029.99682617188 1018.90905761719 1016.34399414062 1016.12670898438 1022.37750244141 1035.18701171875 1032.66760253906 1028.72399902344 1025.61767578125 1022.76599121094 1016.30450439453 1010.74566650391 1006.80596923828 1004.68151855469 998.702941894531 1003.61700439453 1002.87054443359 985.71435546875 991.569396972656 985.665100097656
