data/zlatibor_dem_simulations/DEMsim46.asc
NCOLS 150
NROWS 100
XLLCORNER 7394249
YLLCORNER 4841999
CELLSIZE 30
NODATA_VALUE -9999
[rows 0 to 19 of 100, columns 46 to 91 of 150]
983.761108398438 980.913879394531 976.047912597656 965.318664550781 957.53515625 956.2861328125 948.879577636719 950.848876953125 943.595275878906 948.463928222656 935.784729003906 929.831604003906 936.3232421875 931.103393554688 928.470947265625 925.437438964844 916.486267089844 917.190307617188 912.955322265625 907.667663574219 903.431823730469 905.433166503906 916.524230957031 922.010131835938 916.89892578125 927.3125 929.935119628906 935.325927734375 939.944396972656 948.654602050781 954.316345214844 966.978881835938 967.656677246094 974.993896484375 977.350891113281 963.27197265625 958.948486328125 960.247009277344 962.154418945312 957.816833496094 951.505981445312 957.115112304688 950.237609863281 941.758911132812 935.150634765625 931.083740234375
979.439880371094 978.2255859375 974.937927246094 975.448303222656 966.856140136719 963.840148925781 947.752380371094 947.988220214844 952.053588867188 948.943359375 950.823974609375 948.680541992188 948.42041015625 936.615478515625 939.4658203125 928.338745117188 925.964416503906 925.619384765625 914.235534667969 904.598022460938 900.712890625 911.024108886719 915.1826171875 917.435607910156 914.764587402344 922.818542480469 929.920532226562 933.044982910156 944.102783203125 948.471313476562 956.18603515625 969.687072753906 976.261169433594 976.853576660156 983.012756347656 969.78857421875 975.333251953125 975.598937988281 964.44140625 957.051879882812 958.474548339844 964.221069335938 952.84326171875 945.665771484375 935.411804199219 928.071044921875
991.293151855469 987.414855957031 978.6640625 971.443420410156 973.37060546875 969.505310058594 960.444396972656 956.777954101562 955.747619628906 957.937927246094 958.455444335938 950.705993652344 959.172485351562 958.610961914062 949.059448242188 943.664672851562 934.421142578125 925.076843261719 926.261901855469 911.2548828125 918.8798828125 912.042114257812 915.663391113281 925.712280273438 930.291198730469 922.301025390625 936.878845214844 940.183959960938 958.935241699219 955.945556640625 968.322937011719 969.399597167969 977.190002441406 975.375244140625 972.9833984375 975.342834472656 981.41357421875 981.664367675781 974.213989257812 965.298034667969 961.069763183594 962.445434570312 948.332580566406 941.107849121094 936.196655273438 925.112365722656
994.031616210938 989.013244628906 974.58251953125 974.964599609375 979.405700683594 967.7216796875 962.599914550781 963.456359863281 956.648803710938 958.382019042969 960.8125 956.636169433594 958.425354003906 962.483276367188 955.028869628906 946.650085449219 942.783142089844 938.7236328125 928.046325683594 923.478637695312 929.262084960938 926.99658203125 938.021606445312 937.14794921875 936.662719726562 932.957458496094 943.44580078125 954.412109375 966.745422363281 975.611328125 975.463562011719 983.269836425781 975.541076660156 985.588195800781 989.77734375 997.8876953125 999.773681640625 987.856323242188 975.254333496094 966.994689941406 966.062133789062 960.438720703125 956.667907714844 950.238708496094 936.303344726562 927.784118652344
989.255859375 987.973022460938 985.10009765625 976.122619628906 971.417724609375 964.712280273438 967.997741699219 963.701599121094 960.093444824219 964.082275390625 961.319519042969 961.955688476562 965.437255859375 960.250854492188 957.23291015625 954.076538085938 949.017517089844 942.585876464844 927.761413574219 935.296997070312 935.312866210938 945.203979492188 947.978637695312 945.705505371094 943.393615722656 946.050231933594 946.851928710938 960.948974609375 974.084533691406 985.2734375 992.953063964844 995.826599121094 984.950256347656 994.298461914062 998.866027832031 1012.13671875 1007.04309082031 994.722351074219 984.354309082031 971.582763671875 967.685363769531 963.9228515625 951.132629394531 945.924560546875 938.296325683594 928.725280761719
987.536804199219 987.813171386719 984.702575683594 979.091003417969 981.901611328125 978.733581542969 976.3857421875 971.258239746094 976.043884277344 974.617004394531 964.188598632812 965.485961914062 975.428771972656 969.038940429688 961.585205078125 953.892822265625 948.350158691406 944.796508789062 954.359313964844 946.579772949219 946.9130859375 954.018188476562 951.989990234375 959.867004394531 956.871032714844 952.287292480469 954.845153808594 976.253479003906 977.202453613281 989.303588867188 989.682556152344 993.120422363281 995.662536621094 1004.01086425781 1017.58465576172 1019.64721679688 1014.3154296875 1004.84051513672 996.942932128906 985.255004882812 966.790832519531 959.728149414062 947.75048828125 929.822937011719 930.869384765625 925.309020996094
991.338195800781 981.695251464844 978.853454589844 978.998046875 983.724853515625 977.328857421875 975.265075683594 981.026000976562 984.984497070312 984.5927734375 982.835876464844 972.110473632812 978.593566894531 976.734497070312 971.845458984375 961.882751464844 956.211242675781 962.249938964844 959.950927734375 959.30810546875 951.336608886719 963.092956542969 966.6474609375 964.220153808594 961.602416992188 971.48974609375 971.8896484375 975.16162109375 983.67431640625 995.764343261719 1003.17340087891 1003.93316650391 1014.81481933594 1020.86761474609 1022.87530517578 1032.12878417969 1021.4326171875 1020.78283691406 1004.88366699219 982.669799804688 969.226440429688 955.163513183594 947.636108398438 934.689453125 929.526611328125 921.993530273438
996.138549804688 991.118591308594 994.416259765625 985.545532226562 982.975646972656 993.638366699219 993.987609863281 990.50146484375 999.166076660156 996.899963378906 997.959350585938 989.507629394531 985.25390625 984.760009765625 982.102416992188 977.669067382812 976.028564453125 968.860595703125 969.612854003906 954.624694824219 957.805358886719 962.177062988281 954.706420898438 959.333618164062 963.078186035156 967.146240234375 975.666076660156 979.389221191406 981.26611328125 998.306030273438 1009.17822265625 1021.94696044922 1020.04663085938 1021.82574462891 1019.34564208984 1038.22302246094 1024.92492675781 1020.787109375 998.505249023438 990.554931640625 969.020141601562 958.273620605469 946.614868164062 932.261169433594 928.097961425781 928.553527832031
990.349426269531 992.935974121094 999.576110839844 993.499084472656 991.403930664062 995.792907714844 997.002319335938 1000.13739013672 994.482849121094 1002.23193359375 1005.47833251953 1000.76971435547 996.981811523438 994.685729980469 988.817810058594 990.956665039062 986.420959472656 981.115905761719 978.355224609375 969.169311523438 964.373168945312 958.203491210938 962.680541992188 963.431823730469 963.357055664062 967.411499023438 978.132080078125 987.68603515625 987.583129882812 998.515441894531 1006.91650390625 1023.35577392578 1030.49169921875 1035.65563964844 1035.04443359375 1032.22302246094 1022.04925537109 1017.27410888672 1012.71337890625 994.259643554688 973.597106933594 966.142700195312 945.923034667969 933.551025390625 931.002746582031 923.524963378906
1008.14477539062 1001.11352539062 1004.13256835938 1006.44445800781 1010.53228759766 1011.62164306641 1001.64611816406 992.687866210938 1002.10278320312 1001.03863525391 1016.25054931641 1010.19921875 1009.64526367188 996.564514160156 988.237548828125 990.022888183594 995.401733398438 989.398193359375 985.220092773438 973.367614746094 973.81982421875 962.7529296875 961.862243652344 972.159423828125 968.134033203125 973.005310058594 986.156799316406 993.748107910156 996.62158203125 1005.50787353516 1020.51824951172 1022.60833740234 1027.00537109375 1032.67529296875 1040.65173339844 1032.87121582031 1029.63842773438 1017.42907714844 1001.71954345703 978.665161132812 970.369384765625 967.101440429688 947.567321777344 940.466552734375 933.839477539062 928.903747558594
1010.26818847656 1012.94348144531 1007.47430419922 1006.45642089844 1014.66357421875 1012.79571533203 1001.80413818359 998.564697265625 1009.13751220703 1009.10784912109 1014.72747802734 1015.55908203125 1003.43676757812 1002.13482666016 993.916442871094 994.384399414062 987.845825195312 984.482116699219 984.412292480469 980.927978515625 977.713317871094 974.790954589844 972.227966308594 967.372314453125 977.038391113281 982.444213867188 995.157104492188 998.408935546875 1009.47412109375 1011.88305664062 1017.10565185547 1024.31396484375 1023.67395019531 1038.1259765625 1040.48413085938 1031.26220703125 1020.54791259766 1009.16772460938 998.208557128906 983.252319335938 979.75537109375 966.049133300781 951.0205078125 937.812133789062 937.58203125 941.346374511719
1011.37231445312 1012.72125244141 1013.40478515625 1015.04614257812 1018.15191650391 1019.00347900391 1006.57299804688 1010.74609375 1008.40875244141 1018.17236328125 1018.2724609375 1013.39074707031 1008.40368652344 1002.74291992188 994.716735839844 998.624694824219 998.958129882812 985.405334472656 988.307189941406 985.624694824219 991.465637207031 989.446105957031 987.697143554688 979.617980957031 985.904479980469 991.071594238281 997.106323242188 1009.6484375 1013.75134277344 1007.75866699219 1015.29150390625 1022.15270996094 1029.16918945312 1033.83801269531 1033.31518554688 1027.146484375 1011.11791992188 1001.31469726562 993.099914550781 975.972595214844 975.135070800781 973.591979980469 962.784790039062 942.828369140625 940.822448730469 944.599975585938
1013.52807617188 1007.26208496094 1007.19049072266 1014.13250732422 1014.88793945312 1010.318359375 1014.26794433594 1008.90087890625 1001.01373291016 1012.78088378906 1011.05395507812 1018.64288330078 1004.09521484375 1001.83129882812 1007.00158691406 1003.07867431641 996.871948242188 998.577209472656 1001.04406738281 994.884643554688 995.015563964844 1002.74572753906 1004.60803222656 982.276000976562 997.239135742188 999.228637695312 998.579711914062 1008.69702148438 1019.28240966797 1020.27801513672 1027.79663085938 1024.7392578125 1029.00183105469 1035.25964355469 1031.31774902344 1023.64459228516 1012.99005126953 1002.91632080078 999.227966308594 987.748229980469 987.509338378906 976.555114746094 961.543640136719 952.0791015625 941.992309570312 941.396240234375
1017.65551757812 1008.33752441406 1017.58941650391 1014.24798583984 1015.69244384766 1007.29907226562 1012.40832519531 1017.15100097656 1009.16442871094 1013.24298095703 1020.80853271484 1018.64514160156 1011.59716796875 1010.2880859375 1008.86322021484 1007.35687255859 1008.57958984375 1002.05560302734 1003.03759765625 1002.75476074219 999.799560546875 998.551940917969 1004.93005371094 997.469970703125 993.21630859375 998.75537109375 1002.70385742188 1013.39105224609 1026.51293945312 1025.421875 1033.90759277344 1027.83752441406 1036.41027832031 1035.04321289062 1032.65185546875 1029.3876953125 1017.5712890625 1006.54028320312 1002.84301757812 993.462097167969 983.979248046875 968.8828125 959.4267578125 946.660339355469 939.419677734375 940.358093261719
1019.80798339844 1016.91973876953 1012.56231689453 1007.06695556641 1014.74749755859 1000.79443359375 1006.95220947266 1014.3271484375 1007.78448486328 1007.86553955078 1012.63055419922 1025.02624511719 1016.23156738281 1016.89099121094 1018.61462402344 1009.25311279297 1010.64465332031 1003.95196533203 1012.41345214844 1020.27612304688 1013.42779541016 1001.41802978516 997.268005371094 997.988403320312 991.015563964844 998.833984375 1007.55493164062 1020.53540039062 1030.82922363281 1036.09484863281 1038.74304199219 1036.7578125 1035.71423339844 1037.509765625 1026.81140136719 1031.91748046875 1028.47717285156 1013.21221923828 1009.66076660156 994.722778320312 981.3759765625 968.369873046875 944.231018066406 947.565185546875 939.902770996094 943.319702148438
1014.65631103516 1020.67504882812 1006.8564453125 1011.75128173828 1007.92059326172 1003.25549316406 1005.29296875 1007.70587158203 996.78369140625 1004.58587646484 1006.37237548828 1014.32977294922 1015.89739990234 1018.09063720703 1020.013671875 1023.17346191406 1024.44189453125 1020.23748779297 1024.1357421875 1022.783203125 1013.54473876953 1006.75573730469 997.950988769531 1004.22637939453 999.272583007812 1003.85717773438 1000.03790283203 1013.39862060547 1023.26873779297 1033.259765625 1037.40856933594 1044.38879394531 1043.89770507812 1042.54895019531 1036.47607421875 1026.984375 1026.52026367188 1018.20880126953 1009.42468261719 992.6328125 983.51953125 980.894897460938 967.301635742188 960.220153808594 946.402526855469 940.56689453125
1023.8349609375 1026.06530761719 1016.65832519531 1019.03460693359 1006.12231445312 1010.23071289062 1017.33837890625 1014.4921875 1005.98327636719 1013.98858642578 1010.78131103516 1021.5966796875 1012.85382080078 1017.52203369141 1019.59234619141 1027.09533691406 1034.81567382812 1025.61657714844 1031.34143066406 1027.20727539062 1017.06365966797 1014.64733886719 1010.67260742188 998.984008789062 1001.45520019531 1011.80828857422 1010.53857421875 1013.43151855469 1024.02746582031 1029.09240722656 1035.6826171875 1040.47570800781 1039.04772949219 1042.79150390625 1032.79724121094 1027.59729003906 1017.91918945312 1015.70794677734 1009.93408203125 994.879150390625 990.230407714844 983.048889160156 973.749694824219 972.388366699219 949.407592773438 959.339233398438
1019.95288085938 1015.85711669922 1010.0810546875 1014.74407958984 1002.26599121094 1019.21954345703 1014.77423095703 1015.58941650391 1016.60894775391 1025.61328125 1013.58728027344 1019.03137207031 1015.51965332031 1014.83819580078 1011.52685546875 1020.37005615234 1033.95922851562 1026.03247070312 1019.82067871094 1021.98596191406 1021.41149902344 1023.76654052734 1019.443359375 1012.53442382812 1011.58746337891 1014.87054443359 1022.02288818359 1026.76147460938 1027.17810058594 1027.54333496094 1029.49426269531 1038.34460449219 1032.65637207031 1025.76501464844 1028.78100585938 1036.46789550781 1023.92980957031 1022.20080566406 1015.95074462891 1001.48791503906 989.428833007812 976.575134277344 972.102600097656 966.404174804688 966.356323242188 964.726013183594
1006.81024169922 1014.22430419922 1012.56909179688 1003.18298339844 998.8232421875 1017.09545898438 1002.86022949219 1010.95428466797 1019.32458496094 1022.25476074219 1021.37719726562 1024.22814941406 1016.29846191406 1016.86456298828 1018.95092773438 1014.63238525391 1023.82855224609 1033.17797851562 1027.68359375 1028.46948242188 1034.62060546875 1033.140625 1025.01171875 1022.99633789062 1027.81921386719 1024.76684570312 1027.49450683594 1029.19360351562 1037.07446289062 1026.71081542969 1025.54711914062 1027.74389648438 1027.97998046875 1016.91107177734 1027.43786621094 1027.08410644531 1026.13232421875 1018.96429443359 1017.24755859375 1010.52111816406 993.364135742188 988.953491210938 986.797668457031 977.375122070312 980.4716796875 972.370361328125
1015.40753173828 1011.39782714844 1005.33111572266 1002.8291015625 1002.03582763672 1002.42004394531 1003.88073730469 1013.55316162109 1024.10192871094 1023.22387695312 1026.984375 1021.06097412109 1017.28649902344 1021.67535400391 1016.82281494141 1017.12097167969 1025.93835449219 1032.06433105469 1033.11401367188 1030.74560546875 1022.75958251953 1026.53686523438 1024.28723144531 1022.50451660156 1026.33801269531 1024.83032226562 1021.98132324219 1022.78588867188 1025.51989746094 1024.24865722656 1022.15759277344 1027.02502441406 1027.82751464844 1024.05590820312 1028.29077148438 1029.80712890625 1024.73254394531 1017.49328613281 1019.82330322266 1015.44647216797 1004.87023925781 994.332214355469 994.389404296875 996.568115234375 986.521667480469 984.6181640625
