data/zlatibor_dem_simulations/DEMsim30.asc
NCOLS 150
NROWS 100
XLLCORNER 7394249
YLLCORNER 4841999
CELLSIZE 30
NODATA_VALUE -9999
[rows 0 to 19 of 100, columns 46 to 91 of 150]
995.363220214844 984.746337890625 985.121337890625 988.709533691406 983.349365234375 973.793395996094 966.226745605469 965.923400878906 962.935852050781 958.90234375 950.115234375 937.208312988281 937.299682617188 938.0966796875 938.817016601562 925.511108398438 928.27392578125 922.099670410156 906.337036132812 901.599609375 895.131591796875 893.756958007812 886.549682617188 901.207153320312 912.608337402344 924.170288085938 932.927429199219 936.440734863281 942.081176757812 939.291259765625 940.947448730469 944.056762695312 946.417358398438 947.474853515625 942.340393066406 945.595703125 951.8046875 959.807800292969 952.403137207031 951.247314453125 945.055908203125 951.354248046875 944.600830078125 933.97998046875 936.690856933594 930.75830078125
992.690185546875 987.704528808594 995.472229003906 988.406921386719 983.344482421875 969.983703613281 969.61669921875 974.164367675781 962.092102050781 958.696105957031 946.454467773438 946.802062988281 950.418579101562 942.653686523438 946.248718261719 935.602966308594 932.906311035156 930.026245117188 918.928344726562 908.732971191406 901.701477050781 896.073181152344 903.274719238281 908.056518554688 910.323425292969 916.415649414062 930.064086914062 944.271789550781 947.709228515625 948.22119140625 948.555541992188 952.108642578125 947.676879882812 952.936767578125 954.546081542969 955.851867675781 958.174133300781 954.293334960938 947.561340332031 950.640991210938 945.435729980469 951.189147949219 952.675048828125 940.928344726562 940.356384277344 935.302734375
996.95947265625 988.166564941406 984.805297851562 988.019165039062 975.925842285156 968.01513671875 964.087280273438 963.8876953125 960.831420898438 960.070922851562 945.15478515625 952.802490234375 952.987731933594 948.293640136719 949.588500976562 951.462341308594 941.549438476562 932.659362792969 924.327758789062 912.42626953125 909.098388671875 909.995666503906 901.477722167969 910.261291503906 913.6943359375 924.334655761719 935.807678222656 946.740295410156 950.295349121094 954.383422851562 950.064819335938 962.64794921875 970.519409179688 974.459411621094 976.41015625 980.038208007812 966.165893554688 965.395874023438 962.338684082031 965.091613769531 964.66748046875 954.376647949219 957.665710449219 941.541137695312 936.161804199219 937.439514160156
992.620544433594 985.323303222656 992.998107910156 985.642761230469 984.381164550781 974.14111328125 964.315979003906 963.443725585938 959.498901367188 960.671569824219 949.387817382812 962.493530273438 968.61376953125 961.666748046875 956.482971191406 953.062072753906 951.413269042969 943.449096679688 935.2607421875 921.813720703125 918.089172363281 910.06201171875 912.453369140625 914.83544921875 921.660339355469 922.335266113281 935.758850097656 949.67919921875 954.76220703125 957.760070800781 975.364196777344 980.779296875 996.057922363281 996.592529296875 997.212219238281 998.349670410156 988.216735839844 974.188659667969 976.066955566406 965.692260742188 964.323364257812 954.248657226562 948.691101074219 943.347290039062 945.220703125 930.398803710938
992.657897949219 987.209228515625 994.805969238281 995.458740234375 984.499450683594 986.071716308594 977.482849121094 975.845031738281 970.34375 957.173400878906 954.267333984375 959.497497558594 963.86083984375 964.493408203125 965.9228515625 959.339111328125 954.171081542969 950.004821777344 949.940795898438 937.724853515625 930.379699707031 919.744506835938 917.81396484375 921.742614746094 922.60595703125 925.695129394531 947.503845214844 961.7041015625 966.001403808594 972.472717285156 984.206176757812 993.500427246094 1005.263671875 1009.82159423828 1015.73333740234 1008.78918457031 1000.2626953125 991.450561523438 974.050231933594 972.143127441406 966.48681640625 960.680969238281 948.662902832031 938.740112304688 933.213989257812 924.687805175781
1002.35772705078 997.184997558594 1001.24981689453 995.852416992188 990.562561035156 977.608764648438 981.846801757812 980.260131835938 976.600830078125 957.839050292969 954.381958007812 967.19482421875 967.298217773438 972.216064453125 968.633422851562 965.002502441406 960.399108886719 954.814270019531 953.147888183594 941.9580078125 941.290466308594 934.279541015625 929.169616699219 932.704223632812 939.766906738281 943.436584472656 951.781555175781 966.977844238281 978.103271484375 976.622497558594 989.521484375 996.089782714844 1009.74938964844 1015.98699951172 1010.26428222656 1012.84252929688 1010.13916015625 996.721008300781 976.665893554688 965.966613769531 970.968505859375 962.2646484375 950.602661132812 940.990661621094 928.021850585938 924.341186523438
1008.40197753906 1006.17840576172 1002.93060302734 991.975402832031 990.212219238281 987.291748046875 982.913452148438 978.491088867188 975.290771484375 972.183898925781 972.668273925781 979.459838867188 979.077453613281 976.590087890625 973.945739746094 973.60546875 965.263732910156 959.459167480469 953.815307617188 953.11767578125 956.827758789062 956.891784667969 946.698974609375 941.077819824219 944.082275390625 947.473999023438 958.533508300781 968.397033691406 974.788879394531 981.764099121094 981.422546386719 994.018310546875 1013.13641357422 1009.85589599609 1006.5224609375 1010.27062988281 996.107299804688 985.818725585938 976.151672363281 975.621704101562 966.142578125 954.410461425781 952.202758789062 944.968627929688 930.851989746094 919.970947265625
1012.25994873047 1010.08459472656 1000.75146484375 1004.62701416016 1008.74536132812 999.144836425781 994.331665039062 989.019104003906 989.176635742188 992.417602539062 984.292053222656 993.286926269531 993.284973144531 992.083923339844 979.368103027344 980.795654296875 980.7919921875 976.8359375 969.455932617188 969.994323730469 968.316040039062 968.300537109375 958.077087402344 951.730163574219 949.042175292969 949.514892578125 964.11962890625 969.973266601562 974.524475097656 984.901245117188 988.065612792969 1009.67272949219 1025.44982910156 1015.53637695312 1015.42236328125 1014.11242675781 1003.92431640625 978.523376464844 975.388488769531 967.834045410156 962.072692871094 955.347229003906 948.034118652344 936.458068847656 935.29736328125 936.603393554688
1005.25866699219 1002.22473144531 997.388427734375 1008.38354492188 1011.26257324219 1004.61669921875 997.721130371094 1001.08905029297 1005.03002929688 1001.55505371094 1005.11895751953 1002.56170654297 994.935729980469 997.20458984375 986.131103515625 986.55419921875 982.19921875 978.093078613281 982.125244140625 973.560852050781 974.939270019531 981.0966796875 970.166931152344 955.125244140625 956.021057128906 958.958190917969 969.341247558594 974.258544921875 978.208923339844 985.736267089844 1003.62512207031 1020.11981201172 1039.09619140625 1031.87585449219 1016.14965820312 1016.17156982422 1004.17700195312 985.850769042969 969.910705566406 963.600036621094 956.496704101562 960.300964355469 940.9814453125 931.7080078125 938.238037109375 928.628662109375
1007.51483154297 1007.6552734375 1001.8828125 1013.96099853516 1007.39611816406 1006.85180664062 1014.65606689453 1011.33386230469 1009.89666748047 1006.95684814453 1011.48004150391 1011.64001464844 1003.51428222656 998.514770507812 985.105407714844 986.347351074219 982.116638183594 990.251220703125 992.093811035156 982.776000976562 981.713745117188 978.693603515625 974.359680175781 966.056335449219 970.582275390625 972.642700195312 985.33984375 988.430908203125 996.847290039062 999.562561035156 1007.64233398438 1014.63055419922 1028.28588867188 1027.5703125 1025.7900390625 1019.95385742188 1005.77752685547 988.010314941406 978.358764648438 964.6796875 956.508911132812 946.979553222656 938.456359863281 930.928833007812 933.50537109375 931.586975097656
1015.2021484375 1008.82678222656 1013.73693847656 1005.35357666016 1019.22692871094 1011.84027099609 1011.50170898438 1008.83184814453 1010.75775146484 1007.06695556641 1004.34606933594 1006.64849853516 1001.96978759766 991.947937011719 992.03564453125 994.650756835938 988.36962890625 999.204956054688 990.62109375 986.248962402344 983.307678222656 977.385498046875 979.920471191406 971.023742675781 975.542297363281 982.619262695312 992.178405761719 1003.4794921875 1004.13110351562 1007.70263671875 1017.13806152344 1015.35070800781 1026.32592773438 1029.17883300781 1023.09381103516 1027.33190917969 1005.32855224609 988.704833984375 984.345336914062 974.414855957031 959.100280761719 950.882202148438 942.442565917969 938.0224609375 941.712829589844 936.137390136719
1015.02587890625 1018.05712890625 1015.25634765625 1014.99682617188 1011.33264160156 1007.32556152344 1008.74554443359 1004.36175537109 1007.462890625 1014.54718017578 1014.49993896484 1012.16973876953 1002.701171875 999.343872070312 997.570739746094 992.866577148438 998.415405273438 996.607055664062 989.889770507812 987.568420410156 992.381652832031 982.970031738281 975.624877929688 975.887756347656 980.779663085938 983.73681640625 995.220825195312 1009.32116699219 1014.041015625 1021.29278564453 1025.54711914062 1027.40295410156 1034.17468261719 1029.51818847656 1023.93157958984 1032.09411621094 1013.484375 1003.42541503906 989.173095703125 974.944458007812 966.947692871094 952.809936523438 949.143310546875 944.505798339844 948.140319824219 936.918273925781
1007.81085205078 1005.18170166016 1011.12585449219 1011.72265625 1013.45794677734 1015.14154052734 1014.73101806641 1007.58422851562 1016.52984619141 1018.35278320312 1008.98260498047 1008.42431640625 1011.42834472656 1008.0673828125 1008.65551757812 1009.61193847656 1007.57623291016 1004.53918457031 1004.07244873047 998.143371582031 995.195007324219 996.886413574219 980.883666992188 989.843444824219 985.236877441406 990.803771972656 996.763732910156 1013.32550048828 1021.75695800781 1033.33337402344 1027.75329589844 1032.1474609375 1035.81628417969 1033.66577148438 1026.94995117188 1023.10968017578 1019.12915039062 1005.31433105469 991.302673339844 976.149291992188 970.135803222656 957.549255371094 957.237487792969 957.766662597656 945.89013671875 944.647583007812
1016.52508544922 1008.97137451172 1013.02886962891 1013.58648681641 1020.62939453125 1026.39453125 1020.98059082031 1011.63824462891 1010.84747314453 1023.59777832031 1021.09936523438 1026.49035644531 1021.33197021484 1011.21801757812 1018.21813964844 1019.72003173828 1013.94158935547 1016.27197265625 1015.54534912109 1001.7099609375 999.1494140625 997.821899414062 989.27392578125 987.395324707031 994.973510742188 991.431213378906 995.630310058594 1004.23223876953 1013.58514404297 1031.88061523438 1035.130859375 1035.62475585938 1046.58056640625 1033.51208496094 1025.26525878906 1032.69848632812 1020.40173339844 1019.74389648438 996.358093261719 989.463989257812 982.941528320312 968.354858398438 961.019226074219 954.049560546875 943.752807617188 945.721374511719
1020.02612304688 1016.42553710938 1019.48229980469 1024.75720214844 1024.85070800781 1028.63659667969 1021.30181884766 1018.46636962891 1017.14715576172 1021.05969238281 1019.73724365234 1021.79608154297 1018.35687255859 1021.56390380859 1015.63354492188 1020.72778320312 1024.39123535156 1020.75451660156 1021.611328125 1016.16589355469 1005.27764892578 1000.16143798828 994.12255859375 993.5830078125 991.348083496094 1001.53454589844 1006.27886962891 1005.77203369141 1023.29211425781 1027.92248535156 1031.74084472656 1038.11560058594 1040.5966796875 1036.24206542969 1029.78784179688 1027.78039550781 1026.25415039062 1017.95080566406 1005.04699707031 994.782287597656 987.198303222656 977.722778320312 962.980407714844 958.923034667969 951.305053710938 950.974670410156
1027.54846191406 1016.29595947266 1023.20391845703 1021.43182373047 1020.92523193359 1019.60803222656 1021.88800048828 1010.46569824219 1011.392578125 1019.78826904297 1013.84771728516 1017.72552490234 1015.56536865234 1025.83337402344 1021.96496582031 1023.44049072266 1024.91491699219 1025.65197753906 1029.53845214844 1029.68347167969 1014.63549804688 1014.009765625 1011.32318115234 1001.21588134766 995.343627929688 995.216796875 1007.03387451172 1007.12158203125 1022.08386230469 1023.20544433594 1031.9853515625 1031.00305175781 1033.19372558594 1031.69348144531 1021.38690185547 1030.89685058594 1037.28735351562 1029.95642089844 1014.57421875 1002.63012695312 991.548156738281 977.065795898438 965.89453125 959.656921386719 950.756042480469 954.889465332031
1018.74536132812 1016.814453125 1014.55859375 1021.16821289062 1015.82092285156 1011.98803710938 1020.43548583984 1010.78570556641 1006.48956298828 1012.67388916016 1020.34674072266 1019.40148925781 1016.70684814453 1022.87420654297 1028.20849609375 1018.87121582031 1026.75439453125 1023.39276123047 1018.10675048828 1027.84167480469 1021.44158935547 1019.92108154297 1013.81298828125 1007.67694091797 1006.66766357422 994.742858886719 1005.91284179688 1010.52014160156 1019.06964111328 1021.90795898438 1026.85424804688 1029.07678222656 1031.15795898438 1026.138671875 1021.17248535156 1023.04754638672 1030.07958984375 1023.30145263672 1016.40216064453 1000.78649902344 997.801147460938 987.451538085938 979.485046386719 964.190063476562 957.857116699219 953.926208496094
1013.50219726562 1012.13726806641 1014.54302978516 1019.88928222656 1012.96850585938 1013.32366943359 1020.38146972656 1016.53576660156 1012.28948974609 1009.66021728516 1014.68017578125 1010.02105712891 1010.80963134766 1019.83074951172 1017.13922119141 1032.75329589844 1025.1318359375 1018.19573974609 1031.15795898438 1025.08642578125 1014.72827148438 1018.52728271484 1018.15026855469 1014.05474853516 1018.78723144531 1009.69659423828 1018.84228515625 1019.65551757812 1018.22869873047 1027.14611816406 1026.30322265625 1017.42419433594 1030.21984863281 1021.25592041016 1026.76403808594 1028.38891601562 1018.62994384766 1018.12298583984 1009.51849365234 1003.69293212891 1001.81030273438 988.10693359375 984.201049804688 970.909484863281 961.772155761719 973.673522949219
1020.75897216797 1019.16058349609 1021.10260009766 1005.54467773438 1008.04296875 1013.20544433594 1014.86126708984 1011.10894775391 1006.29565429688 1018.96508789062 1011.82403564453 1007.08166503906 1007.18597412109 1014.81292724609 1017.18267822266 1035.56945800781 1024.60144042969 1023.65802001953 1022.669921875 1031.24206542969 1020.89276123047 1013.25494384766 1014.84252929688 1022.01739501953 1021.69207763672 1017.9072265625 1022.09606933594 1026.50207519531 1021.77197265625 1031.38354492188 1030.37841796875 1017.46136474609 1023.22247314453 1026.53173828125 1030.54748535156 1029.60876464844 1017.98004150391 1008.71295166016 1011.09594726562 1008.67663574219 1002.87902832031 997.345031738281 989.014526367188 973.35986328125 984.264221191406 986.049255371094
1030.31701660156 1025.123046875 1022.03546142578 1000.35198974609 1005.57250976562 998.999084472656 1000.85205078125 1007.62017822266 998.834289550781 1006.0478515625 1010.86053466797 1003.42437744141 1013.74371337891 1019.21166992188 1020.6962890625 1024.77978515625 1021.3359375 1013.75939941406 1014.80151367188 1020.68548583984 1021.59985351562 1026.67431640625 1022.89801025391 1019.279296875 1031.25463867188 1025.41625976562 1023.46350097656 1020.32373046875 1021.63739013672 1017.76489257812 1014.02349853516 1013.53143310547 1009.78881835938 1014.14434814453 1022.35626220703 1012.33453369141 1011.93249511719 1007.05816650391 1000.79376220703 1001.91564941406 1008.18719482422 1001.54193115234 993.112731933594 995.114318847656 992.066345214844 991.798095703125
