data/zlatibor_dem_simulations/DEMsim1.asc
NCOLS 150
NROWS 100
XLLCORNER 7394249
YLLCORNER 4841999
CELLSIZE 30
NODATA_VALUE -9999
[rows 80 to 99 of 100, columns 0 to 45 of 150]
953.214477539062 949.12109375 935.519775390625 944.343139648438 942.665832519531 935.664184570312 937.793884277344 955.223693847656 950.268371582031 945.169860839844 970.688171386719 963.760009765625 965.037963867188 975.197570800781 976.443298339844 982.31005859375 985.318969726562 978.002319335938 981.728637695312 977.214904785156 977.946411132812 979.960205078125 987.611328125 996.145935058594 985.990173339844 985.78125 988.016174316406 988.195556640625 989.197692871094 983.510498046875 984.773742675781 977.740783691406 976.765441894531 985.706604003906 990.701843261719 991.164428710938 995.319091796875 993.215393066406 986.491455078125 986.06103515625 990.857971191406 997.724060058594 996.234985351562 1009.51599121094 1010.03631591797 1019.66235351562
956.362426757812 956.46435546875 949.263916015625 941.325439453125 938.1796875 935.561462402344 934.903503417969 948.3349609375 949.000549316406 954.293029785156 961.265747070312 963.892456054688 963.405883789062 973.488220214844 970.215698242188 975.730102539062 972.641418457031 974.743713378906 974.625427246094 965.971252441406 963.940551757812 975.759216308594 984.9677734375 981.802490234375 986.719055175781 986.974304199219 986.582763671875 994.452941894531 985.695434570312 975.638061523438 979.559204101562 983.924072265625 984.100280761719 988.369018554688 989.294860839844 1002.16003417969 998.459594726562 997.366455078125 989.582275390625 985.507202148438 991.514587402344 997.294616699219 995.471496582031 1012.08587646484 1008.63385009766 1013.74078369141
962.640686035156 952.304077148438 952.406066894531 942.321899414062 947.708190917969 935.585998535156 938.935607910156 950.1787109375 958.007934570312 954.398193359375 957.2001953125 970.947448730469 972.547302246094 970.744689941406 962.729797363281 965.045532226562 968.040100097656 972.607727050781 969.382263183594 967.134643554688 959.342651367188 965.2412109375 976.650085449219 983.313293457031 986.394592285156 986.755737304688 977.441833496094 982.81982421875 987.151794433594 977.07080078125 979.437072753906 986.234924316406 987.026733398438 993.005798339844 990.679931640625 994.175415039062 996.088806152344 992.891540527344 986.617309570312 985.6796875 991.196044921875 989.180786132812 998.454467773438 998.320373535156 1004.49450683594 1006.09362792969
963.952209472656 960.485229492188 947.952514648438 942.910583496094 941.742919921875 944.016174316406 940.8486328125 943.729187011719 948.962219238281 942.493774414062 955.576232910156 967.01953125 965.578369140625 973.742065429688 968.826538085938 964.4833984375 971.932861328125 970.029418945312 969.047058105469 959.710266113281 967.493774414062 964.464721679688 964.196655273438 972.975952148438 970.976745605469 975.760131835938 973.447814941406 972.05859375 974.427185058594 964.696166992188 977.1845703125 986.703552246094 982.908874511719 989.107177734375 989.636291503906 986.125061035156 986.560363769531 991.127014160156 993.017456054688 991.648986816406 992.186584472656 983.159240722656 1001.61199951172 997.45166015625 997.42626953125 996.605407714844
963.390808105469 954.05712890625 946.873474121094 942.078186035156 941.416809082031 936.823608398438 941.633422851562 949.290100097656 946.091552734375 948.014099121094 952.022644042969 956.269348144531 962.023986816406 962.482788085938 962.312744140625 959.492980957031 964.593566894531 963.831298828125 964.514831542969 958.638244628906 961.554138183594 954.893981933594 955.624572753906 962.163146972656 967.880859375 969.646423339844 970.868591308594 966.031677246094 970.133239746094 971.309204101562 967.417419433594 976.177856445312 973.644958496094 983.269287109375 990.753601074219 973.606262207031 983.937805175781 974.860717773438 984.469299316406 986.324279785156 991.700805664062 991.920104980469 995.248107910156 1000.86334228516 1005.05639648438 1000.02801513672
964.64697265625 959.936462402344 956.164001464844 946.175720214844 948.481079101562 942.928405761719 943.901916503906 942.676208496094 943.02783203125 941.004089355469 947.102600097656 945.355285644531 949.81005859375 943.617492675781 955.248474121094 960.2216796875 960.761047363281 957.647888183594 971.348022460938 964.727844238281 963.354125976562 949.2021484375 956.954711914062 960.90380859375 960.101684570312 965.452514648438 954.895935058594 959.343505859375 962.987182617188 962.642028808594 968.753051757812 963.240356445312 971.612548828125 971.194274902344 974.745239257812 970.215881347656 963.380126953125 968.98876953125 974.994079589844 985.654541015625 987.004150390625 981.88427734375 984.106689453125 996.217468261719 999.130554199219 997.496276855469
969.74853515625 960.692565917969 955.190856933594 950.488098144531 942.921264648438 939.734680175781 942.956481933594 947.513916015625 938.548950195312 944.795959472656 948.401550292969 943.869995117188 949.730224609375 945.8388671875 951.140625 954.586853027344 957.526733398438 962.049255371094 967.241638183594 968.665344238281 960.704467773438 958.781677246094 963.630798339844 955.571350097656 955.703857421875 958.147155761719 964.11669921875 960.487976074219 964.643249511719 959.148620605469 961.757141113281 965.374938964844 963.679748535156 966.517395019531 965.345642089844 967.480529785156 965.607238769531 972.789611816406 977.598205566406 980.379150390625 976.216857910156 972.460083007812 988.381896972656 990.255065917969 1000.76391601562 996.58447265625
964.246887207031 967.114135742188 969.473083496094 960.328918457031 951.038269042969 949.957580566406 945.574096679688 941.086181640625 941.383850097656 931.777099609375 947.662048339844 941.532592773438 951.607055664062 952.953491210938 939.459167480469 943.701782226562 953.872802734375 958.55615234375 965.577331542969 965.280456542969 964.214599609375 960.521545410156 958.99609375 947.452209472656 955.637268066406 958.6123046875 965.80712890625 962.237915039062 955.453918457031 964.603637695312 965.713745117188 973.677001953125 967.576782226562 967.089782714844 971.248107910156 970.22705078125 963.232177734375 967.312072753906 971.419494628906 969.520141601562 975.227478027344 978.367614746094 978.018127441406 982.931274414062 988.212463378906 992.340148925781
966.155395507812 964.905578613281 966.991271972656 960.652221679688 956.683532714844 947.956787109375 945.892578125 938.282836914062 942.692077636719 942.158081054688 941.252807617188 945.362182617188 952.6240234375 954.536193847656 946.831970214844 948.493347167969 961.207153320312 960.736450195312 961.084289550781 962.592346191406 957.228942871094 958.550964355469 957.051879882812 957.250732421875 948.828002929688 965.183715820312 962.436767578125 964.248596191406 965.026733398438 965.056396484375 962.944641113281 973.804870605469 974.548095703125 972.58837890625 975.874389648438 968.766174316406 968.141418457031 960.872436523438 966.893188476562 966.646911621094 974.849182128906 976.100036621094 964.496337890625 966.180297851562 986.412902832031 992.585021972656
973.9296875 966.114685058594 969.983703613281 955.444152832031 959.383850097656 954.527404785156 949.447509765625 943.345397949219 949.874328613281 946.825866699219 949.190368652344 949.369079589844 950.169921875 970.517944335938 960.554931640625 956.922973632812 961.75732421875 966.297180175781 960.563903808594 968.571838378906 963.219421386719 960.364990234375 968.794372558594 965.597900390625 968.31884765625 959.600952148438 958.538146972656 964.934997558594 970.273071289062 959.409912109375 966.600219726562 970.489196777344 972.510314941406 972.334228515625 970.106567382812 978.86376953125 967.251098632812 963.742248535156 968.83056640625 967.176818847656 964.778869628906 973.507385253906 976.461486816406 976.672790527344 978.196594238281 987.432434082031
970.673522949219 968.160095214844 965.697631835938 963.376831054688 973.120239257812 965.833984375 956.605346679688 940.311157226562 940.304443359375 947.22607421875 956.199584960938 961.847229003906 960.6083984375 968.836242675781 963.969116210938 956.051940917969 964.574829101562 969.316528320312 964.6181640625 965.056457519531 959.888427734375 960.5 960.242858886719 961.779724121094 963.243835449219 964.912658691406 968.616088867188 966.250549316406 967.183349609375 957.534912109375 964.582214355469 970.347961425781 967.249816894531 970.93017578125 972.097290039062 977.845031738281 972.29150390625 951.76953125 959.076293945312 968.565490722656 970.686889648438 965.698547363281 965.078552246094 973.695068359375 968.844055175781 975.420349121094
966.0361328125 972.487060546875 973.540344238281 969.706726074219 979.15234375 972.019836425781 955.282287597656 948.731872558594 938.162780761719 950.316955566406 948.668029785156 955.836059570312 966.097351074219 961.717590332031 963.867553710938 969.40625 969.599243164062 965.082214355469 961.263610839844 969.997863769531 959.982299804688 953.508178710938 963.588562011719 972.45654296875 968.338989257812 972.470642089844 969.726257324219 966.975463867188 965.548583984375 960.572143554688 962.566467285156 961.803894042969 958.979125976562 971.882385253906 980.47509765625 981.462890625 983.328002929688 961.034484863281 966.23291015625 967.473022460938 963.382202148438 966.178649902344 970.720947265625 968.984191894531 972.689025878906 975.735778808594
969.018615722656 966.45751953125 970.486145019531 976.409240722656 983.647277832031 967.116333007812 956.047546386719 950.541259765625 947.75537109375 948.377136230469 945.595397949219 956.290405273438 962.353149414062 969.474365234375 974.339965820312 973.495910644531 976.809753417969 964.866943359375 966.288452148438 965.024353027344 964.602661132812 967.703369140625 968.224609375 968.639953613281 972.703002929688 973.835998535156 964.32568359375 961.023010253906 962.629821777344 970.223449707031 964.127868652344 963.419799804688 967.564880371094 966.942932128906 970.075805664062 975.547180175781 979.103149414062 975.095825195312 970.36572265625 969.363159179688 959.531372070312 960.260498046875 966.218078613281 963.32763671875 971.142883300781 979.597778320312
953.273559570312 970.085754394531 968.380187988281 973.377502441406 971.135498046875 966.504333496094 962.269653320312 952.641540527344 947.951721191406 956.313110351562 951.646728515625 963.498596191406 969.615356445312 971.379760742188 972.245727539062 973.922119140625 978.723205566406 974.171691894531 968.948974609375 964.269226074219 975.68701171875 968.759338378906 972.853271484375 967.6552734375 967.922119140625 965.630493164062 964.520141601562 961.392517089844 962.121459960938 963.057922363281 963.600769042969 966.379089355469 967.421752929688 961.373168945312 971.3486328125 979.660583496094 982.930114746094 979.585083007812 981.144226074219 978.442260742188 967.683959960938 967.903930664062 964.524291992188 966.364196777344 972.83447265625 973.104370117188
941.768005371094 965.101013183594 977.189208984375 966.486999511719 958.499328613281 964.865844726562 961.565124511719 957.221313476562 964.869873046875 962.568359375 957.35107421875 966.6015625 967.027160644531 974.346801757812 971.683471679688 974.427795410156 976.548461914062 976.890563964844 971.603698730469 967.740173339844 968.892944335938 970.741088867188 977.861267089844 972.42578125 970.706970214844 957.150939941406 964.098205566406 963.5712890625 974.993225097656 957.435241699219 956.411499023438 963.342102050781 976.795349121094 964.989196777344 967.544982910156 976.802856445312 979.929504394531 984.665161132812 978.414184570312 979.220520019531 979.737182617188 973.676574707031 966.38623046875 978.406921386719 977.547668457031 974.9462890625
945.159240722656 951.221008300781 965.716125488281 958.286682128906 954.691833496094 958.243957519531 955.40478515625 959.012573242188 963.759460449219 956.306823730469 955.885437011719 957.362731933594 969.637817382812 972.975158691406 973.161010742188 965.65576171875 971.978881835938 975.869567871094 977.3642578125 970.708068847656 968.633178710938 970.881408691406 979.76953125 975.041259765625 972.712219238281 963.75830078125 970.038391113281 967.148498535156 971.203308105469 963.327087402344 964.874877929688 961.885192871094 967.819213867188 967.951782226562 961.47900390625 975.733337402344 981.1357421875 972.916748046875 971.238586425781 976.868896484375 983.262573242188 981.088256835938 972.949951171875 972.297729492188 976.015991210938 970.917358398438
933.621643066406 948.50341796875 945.351257324219 949.178527832031 955.531372070312 956.0078125 957.641357421875 953.976013183594 953.464965820312 957.128112792969 965.886962890625 966.05810546875 974.324951171875 980.231140136719 980.993286132812 980.320251464844 976.924255371094 977.089233398438 986.016357421875 975.391479492188 980.515869140625 975.882934570312 978.057922363281 975.666076660156 974.316101074219 970.648315429688 971.699523925781 969.506286621094 961.508911132812 963.689697265625 962.715637207031 963.362609863281 961.543029785156 962.961669921875 957.029357910156 964.537475585938 975.624206542969 973.458618164062 971.825622558594 975.842224121094 981.678771972656 985.49267578125 984.688354492188 977.252319335938 981.26123046875 973.764404296875
939.463806152344 943.834289550781 942.827575683594 946.352600097656 953.367370605469 950.17041015625 963.244079589844 954.251708984375 949.948120117188 954.722351074219 962.644714355469 967.884216308594 980.007568359375 990.710510253906 994.275268554688 981.585632324219 982.035278320312 986.363830566406 982.387023925781 973.961853027344 972.679016113281 973.076477050781 966.444580078125 974.490051269531 980.720397949219 975.446533203125 964.465576171875 971.350708007812 969.503295898438 959.390075683594 955.642333984375 953.299255371094 962.105590820312 951.201232910156 955.025634765625 961.429504394531 967.069091796875 975.440063476562 976.125549316406 980.337951660156 979.501037597656 976.515808105469 980.587768554688 976.515991210938 981.756774902344 977.235656738281
933.060363769531 935.863098144531 941.509460449219 936.991394042969 945.057250976562 949.7734375 957.194946289062 956.045715332031 952.839538574219 957.19140625 957.231628417969 968.589050292969 974.179809570312 988.107177734375 994.075439453125 988.830871582031 982.256713867188 983.503540039062 982.487243652344 977.557373046875 974.666137695312 973.552001953125 966.270874023438 974.348205566406 983.675109863281 980.483581542969 968.073547363281 968.9658203125 963.43359375 949.410766601562 950.575012207031 945.789245605469 954.614318847656 953.440002441406 955.405334472656 963.111022949219 972.792846679688 984.848388671875 978.432434082031 975.598754882812 979.814147949219 981.716674804688 979.806945800781 981.722106933594 991.410949707031 985.280578613281
932.693603515625 935.261108398438 941.563842773438 941.354125976562 948.072875976562 949.654663085938 946.296813964844 950.296081542969 949.061767578125 959.934875488281 957.725769042969 969.8017578125 973.305053710938 977.941467285156 991.439697265625 988.0361328125 998.188903808594 991.939025878906 976.681030273438 975.670166015625 984.404052734375 976.468078613281 972.519897460938 969.481994628906 974.552734375 975.817504882812 964.965759277344 964.806823730469 964.747924804688 963.420837402344 959.219055175781 961.253051757812 958.109924316406 951.294982910156 958.5 967.299377441406 976.189270019531 979.760925292969 982.444519042969 975.15185546875 980.275207519531 973.11279296875 975.821594238281 989.78662109375 990.049499511719 987.811401367188
