data/zlatibor_dem_simulations/DEMsim74 (1).asc
NCOLS 150
NROWS 100
XLLCORNER 7394249
YLLCORNER 4841999
CELLSIZE 30
NODATA_VALUE -9999
[rows 40 to 59 of 100, columns 46 to 91 of 150]
971.92236328125 965.818542480469 973.615417480469 982.212768554688 981.250549316406 980.300903320312 977.456176757812 974.611328125 965.748901367188 969.223937988281 959.459411621094 967.397705078125 970.461853027344 970.957214355469 971.515563964844 972.689331054688 979.026916503906 974.589050292969 976.441345214844 980.614379882812 987.964477539062 975.015808105469 981.187927246094 985.2421875 981.280944824219 975.966491699219 979.961059570312 984.634216308594 977.372802734375 975.787902832031 968.981811523438 972.360046386719 973.554260253906 976.455261230469 995.264099121094 994.262878417969 993.322570800781 989.177001953125 990.0537109375 989.674438476562 986.127502441406 997.44677734375 1001.58233642578 986.509033203125 987.983093261719 980.463073730469
970.541748046875 968.745971679688 973.901977539062 975.025939941406 979.375549316406 977.740661621094 974.377319335938 977.601928710938 961.809814453125 966.043212890625 964.286682128906 960.439636230469 962.9716796875 978.928283691406 968.876770019531 969.0625 972.688110351562 975.258483886719 976.705993652344 973.5556640625 970.393981933594 971.362915039062 981.33984375 975.874633789062 964.688293457031 979.657836914062 984.931396484375 974.7353515625 972.589477539062 974.867065429688 973.509826660156 971.481628417969 975.653015136719 978.880187988281 993.159484863281 989.510864257812 989.94091796875 988.115356445312 994.857177734375 988.741516113281 984.483154296875 992.223754882812 994.635314941406 989.423461914062 975.281372070312 986.377685546875
976.589538574219 970.093017578125 970.465576171875 970.974548339844 976.517333984375 976.096984863281 970.059631347656 970.493225097656 965.3466796875 964.333618164062 965.450805664062 955.263488769531 964.375854492188 971.154724121094 974.691589355469 971.047973632812 980.976440429688 976.0263671875 982.579345703125 969.722351074219 972.664916992188 976.22216796875 976.081848144531 974.588745117188 968.333374023438 971.830139160156 974.647827148438 967.759643554688 970.620056152344 964.06298828125 971.072265625 975.139831542969 978.649169921875 974.916076660156 985.236633300781 987.6005859375 981.978942871094 981.022094726562 988.172912597656 986.040161132812 984.080688476562 980.620849609375 990.480407714844 987.811340332031 979.275329589844 986.834899902344
971.776611328125 976.326904296875 971.164672851562 967.811584472656 974.35009765625 973.298400878906 974.853271484375 968.133850097656 963.548400878906 963.753112792969 968.591979980469 972.493408203125 976.997680664062 975.362060546875 977.142761230469 973.823913574219 981.57373046875 981.369323730469 971.430541992188 978.384582519531 973.1748046875 978.5732421875 974.451599121094 965.845031738281 969.927856445312 962.106811523438 972.867919921875 968.821472167969 974.292114257812 969.100769042969 974.0771484375 976.586730957031 977.398803710938 976.386901855469 976.659057617188 972.649536132812 977.63427734375 976.936157226562 983.824462890625 986.074890136719 980.057189941406 980.705444335938 982.769714355469 985.95263671875 985.750915527344 993.208557128906
974.995788574219 965.901489257812 960.026672363281 965.772827148438 973.203247070312 982.299133300781 968.236877441406 968.38916015625 967.007873535156 972.009521484375 967.764465332031 973.943908691406 972.890441894531 982.943603515625 983.403930664062 980.998779296875 979.446533203125 981.1689453125 967.004455566406 979.523315429688 979.057006835938 972.619506835938 977.448486328125 968.897827148438 969.111633300781 972.540405273438 965.048034667969 970.643127441406 971.391784667969 972.225830078125 967.953247070312 975.304382324219 979.378051757812 976.039794921875 973.304260253906 984.064270019531 983.416381835938 979.165344238281 980 984.556213378906 981.379516601562 979.1875 985.701538085938 993.729553222656 993.133666992188 980.849182128906
967.527709960938 975.907409667969 975.736511230469 973.972595214844 972.422302246094 980.58642578125 963.724548339844 969.487426757812 970.81494140625 973.3125 977.2841796875 972.45751953125 977.860229492188 981.698120117188 981.742431640625 981.618896484375 978.712524414062 976.514770507812 968.641784667969 971.278442382812 971.274780273438 968.064086914062 966.5224609375 970.478149414062 969.664184570312 969.561950683594 971.80029296875 976.520690917969 972.764221191406 972.673645019531 969.309326171875 973.617858886719 970.909973144531 971.956726074219 974.534362792969 975.208679199219 972.475036621094 978.07275390625 977.216552734375 975.833862304688 975.55517578125 972.833984375 975.977844238281 976.187683105469 983.715087890625 981.761596679688
968.249267578125 977.135864257812 972.761596679688 968.041015625 964.610595703125 966.467712402344 964.930603027344 968.279541015625 974.418823242188 981.278137207031 982.334594726562 981.121826171875 979.888610839844 974.064392089844 978.421936035156 974.265380859375 969.244079589844 969.134155273438 971.779663085938 958.145324707031 959.903747558594 967.410522460938 971.046081542969 965.611389160156 959.678100585938 965.287963867188 963.196472167969 966.441528320312 979.17041015625 975.04150390625 972.532592773438 973.249816894531 969.301025390625 964.508422851562 975.113952636719 971.041687011719 967.478576660156 976.968200683594 978.500122070312 974.170776367188 962.089660644531 967.655029296875 972.187866210938 977.858703613281 983.7705078125 979.486450195312
965.406799316406 975.914916992188 971.188049316406 967.247436523438 965.001220703125 968.978637695312 962.945129394531 961.876892089844 968.626525878906 982.617126464844 983.357299804688 978.373840332031 978.37158203125 970.091064453125 972.56982421875 974.230529785156 966.958068847656 965.640563964844 970.404357910156 966.407592773438 967.351135253906 967.937805175781 969.086059570312 957.747314453125 957.604797363281 963.25732421875 955.585388183594 961.128173828125 978.495666503906 972.736572265625 976.056457519531 970.850646972656 966.64453125 969.618713378906 969.404357910156 967.632995605469 967.557373046875 969.677673339844 972.856872558594 970.555419921875 964.9267578125 965.2568359375 964.537109375 975.498229980469 978.921203613281 971.232360839844
969.975891113281 971.031677246094 974.871643066406 967.929260253906 970.376159667969 976.595825195312 976.530395507812 965.413879394531 962.517333984375 963.700012207031 975.477844238281 968.224731445312 972.265686035156 970.187316894531 973.271484375 964.668090820312 955.904296875 966.894104003906 969.47021484375 962.759887695312 965.593505859375 966.269470214844 961.201477050781 962.271728515625 959.703369140625 957.233276367188 963.5947265625 963.378234863281 968.365234375 969.235778808594 973.811218261719 978.728088378906 974.711242675781 969.880187988281 966.393432617188 964.453796386719 969.623291015625 968.114318847656 966.917053222656 964.586791992188 972.026550292969 963.024169921875 964.743347167969 974.140930175781 975.96728515625 977.387634277344
970.177368164062 972.862976074219 973.507751464844 968.330993652344 976.357971191406 972.442016601562 976.948425292969 968.148315429688 962.556274414062 961.503723144531 967.735046386719 962.018310546875 973.621337890625 967.412231445312 967.092407226562 957.937744140625 963.794677734375 967.460327148438 970.22802734375 965.266723632812 967.914184570312 958.25146484375 960.133056640625 952.976257324219 963.658935546875 956.308776855469 960.682250976562 967.455322265625 961.672790527344 966.205139160156 968.258544921875 973.540588378906 968.253173828125 968.953979492188 970.107055664062 970.198059082031 971.105895996094 969.888122558594 969.036926269531 964.093688964844 962.671630859375 972.646423339844 964.624450683594 970.332336425781 972.404418945312 976.390869140625
967.673706054688 968.817749023438 971.603454589844 974.940185546875 963.566345214844 963.163757324219 954.640319824219 963.294860839844 963.162658691406 965.877380371094 965.891967773438 960.715026855469 967.422912597656 961.997131347656 969.53173828125 968.635925292969 964.464782714844 967.162292480469 973.778991699219 972.333862304688 961.455383300781 959.850708007812 950.009887695312 958.242309570312 964.700317382812 972.142944335938 973.931762695312 972.348388671875 965.235717773438 958.994506835938 960.794128417969 969.722900390625 969.615844726562 965.653564453125 976.532165527344 976.192993164062 973.450927734375 973.8251953125 980.694641113281 977.929016113281 975.454833984375 967.666687011719 967.770080566406 973.127990722656 970.542175292969 980.709289550781
972.894775390625 964.559020996094 968.168151855469 977.122741699219 969.679565429688 962.315490722656 960.220703125 960.501159667969 954.420166015625 961.848815917969 961.45849609375 960.675720214844 965.277587890625 957.246276855469 959.763671875 972.133178710938 966.216491699219 958.843688964844 970.044006347656 975.153198242188 961.986389160156 957.162536621094 953.254943847656 954.3349609375 960.437866210938 967.423278808594 964.564331054688 968.086181640625 966.9990234375 953.951782226562 960.880920410156 966.195556640625 972.578735351562 970.269348144531 975.201721191406 975.970275878906 974.700378417969 972.6357421875 974.367492675781 974.809509277344 975.856262207031 977.7958984375 969.034484863281 972.667114257812 973.759094238281 978.650512695312
972.979858398438 981.304321289062 977.030517578125 978.151733398438 967.614135742188 961.041687011719 955.752258300781 953.739562988281 953.372741699219 955.744995117188 963.171203613281 975.007080078125 964.443054199219 966.113586425781 959.98876953125 958.118530273438 955.374206542969 956.318237304688 965.244201660156 972.006103515625 959.643676757812 956.452514648438 956.657287597656 954.549194335938 955.279479980469 965.653076171875 962.234558105469 963.417358398438 968.547912597656 962.380920410156 968.114990234375 968.408142089844 968.871704101562 973.27001953125 967.405700683594 965.826354980469 970.869506835938 968.35107421875 968.228149414062 974.094909667969 974.638000488281 974.687316894531 973.705688476562 971.149719238281 977.299987792969 976.371704101562
969.559631347656 977.983032226562 978.339599609375 977.759216308594 979.505554199219 967.767333984375 960.448669433594 958.77685546875 958.909912109375 960.867919921875 970.949096679688 969.11279296875 963.772216796875 957.170837402344 960.258728027344 957.478210449219 951.471740722656 954.101806640625 966.806030273438 962.249755859375 955.073913574219 957.90771484375 956.0390625 954.335876464844 964.995239257812 963.944885253906 961.400817871094 961.491088867188 964.475830078125 965.640625 964.023498535156 958.752807617188 962.64794921875 962.168823242188 967.479431152344 959.782775878906 958.743225097656 962.639831542969 971.77880859375 973.420288085938 975.837951660156 968.254455566406 965.116882324219 968.794128417969 977.877807617188 972.903564453125
966.592895507812 966.111083984375 975.314392089844 969.830871582031 974.993591308594 967.935974121094 960.817321777344 961.224365234375 968.787231445312 967.756896972656 965.146728515625 972.093322753906 965.409851074219 960.360778808594 959.344421386719 952.002075195312 949.449462890625 954.44189453125 960.110778808594 962.537963867188 952.418579101562 956.971618652344 958.445251464844 964.310485839844 964.995239257812 957.651062011719 958.029296875 958.065368652344 967.180236816406 967.136047363281 965.37060546875 960.186340332031 957.275085449219 961.048095703125 953.811767578125 956.647216796875 970.518798828125 968.133178710938 971.8662109375 972.865783691406 979.49169921875 964.6669921875 969.309753417969 966.726257324219 970.80078125 982.005859375
960.595825195312 960.616638183594 973.715515136719 973.08935546875 965.196533203125 963.391235351562 955.877746582031 958.382263183594 955.645751953125 966.834045410156 967.694763183594 973.619262695312 975.456665039062 964.709289550781 952.671875 953.089050292969 962.095764160156 956.180114746094 950.854858398438 963.283569335938 955.231262207031 963.939514160156 958.251586914062 956.352844238281 960.35302734375 956.424377441406 954.218811035156 960.038696289062 956.952575683594 958.945129394531 962.565856933594 956.508483886719 957.373107910156 951.939331054688 953.23046875 954.191955566406 964.766540527344 975.447326660156 966.498962402344 966.115356445312 962.564819335938 962.268249511719 965.353210449219 962.399658203125 969.148254394531 975.185546875
953.451904296875 960.254272460938 960.617858886719 966.536499023438 965.153503417969 961.608520507812 948.182434082031 950.869323730469 952.153564453125 956.867309570312 961.150756835938 970.112121582031 958.833618164062 959.665100097656 956.359680175781 957.460144042969 951.112182617188 955.224914550781 950.749694824219 950.336303710938 962.432922363281 964.94970703125 966.011840820312 974.967712402344 960.293090820312 955.331481933594 951.083801269531 953.103759765625 962.422790527344 961.039245605469 963.278381347656 957.060913085938 958.670654296875 958.447509765625 962.421569824219 961.294738769531 972.154235839844 969.406616210938 968.126403808594 965.328063964844 966.465515136719 972.382568359375 970.558044433594 962.747802734375 969.493957519531 963.77783203125
944.298034667969 952.732971191406 951.365173339844 956.738525390625 964.712524414062 953.611999511719 949.870910644531 944.470275878906 948.269165039062 960.131164550781 954.415649414062 960.435729980469 961.411315917969 961.843688964844 958.313415527344 959.150268554688 960.194213867188 960.387145996094 959.620300292969 958.979125976562 970.715759277344 964.19873046875 957.50390625 960.974914550781 957.021423339844 950.409912109375 946.994995117188 961.640747070312 956.449157714844 954.449768066406 957.215209960938 961.400146484375 955.117858886719 960.12255859375 974.119140625 976.868774414062 972.956115722656 967.920349121094 967.556030273438 963.078247070312 969.13525390625 972.556823730469 976.610534667969 970.166748046875 969.18212890625 966.462768554688
945.047790527344 945.079162597656 950.281188964844 960.101989746094 952.936096191406 952.296813964844 940.54736328125 938.242370605469 947.400817871094 953.315979003906 956.132446289062 953.146118164062 970.408752441406 965.091918945312 958.087951660156 957.854797363281 962.731506347656 961.99755859375 963.245056152344 963.30517578125 967.258422851562 965.344848632812 961.637817382812 949.436767578125 959.152587890625 955.870178222656 964.489318847656 963.162658691406 958.115966796875 961.854431152344 965.311767578125 968.570556640625 960.561889648438 964.771667480469 969.882873535156 986.76318359375 972.23583984375 971.713623046875 958.207275390625 966.527648925781 964.34130859375 974.405456542969 973.627807617188 978.279724121094 969.649536132812 965.826416015625
943.488403320312 948.34814453125 949.615539550781 963.100952148438 961.726440429688 949.654541015625 942.993347167969 947.052062988281 946.711853027344 946.157043457031 952.340209960938 958.4228515625 964.544006347656 969.628845214844 962.844665527344 965.01220703125 957.621643066406 966.731689453125 962.220581054688 959.300170898438 966.621337890625 961.445007324219 959.247680664062 952.836547851562 955.789367675781 958.511474609375 964.980224609375 968.142333984375 963.006958007812 966.099792480469 969.9267578125 964.41552734375 964.408264160156 966.741516113281 972.057861328125 978.369262695312 975.58447265625 966.457641601562 965.432250976562 965.056335449219 970.906127929688 965.259765625 964.469665527344 968.786193847656 969.09130859375 965.662658691406
