data/zlatibor_dem_simulations/DEMsim13.asc
NCOLS 150
NROWS 100
XLLCORNER 7394249
YLLCORNER 4841999
CELLSIZE 30
NODATA_VALUE -9999
[rows 60 to 79 of 100, columns 46 to 91 of 150]
955.988220214844 954.500732421875 951.516784667969 952.142272949219 947.330810546875 949.964233398438 956.780578613281 955.862182617188 959.351013183594 954.006652832031 952.837768554688 957.943359375 969.944213867188 966.220397949219 955.714477539062 972.911865234375 976.71826171875 965.142761230469 959.300415039062 961.796325683594 960.102600097656 966.08740234375 968.049743652344 963.834594726562 962.853637695312 964.476379394531 962.781616210938 966.791870117188 958.044616699219 962.277038574219 962.657409667969 963.97607421875 963.482482910156 965.496704101562 965.849731445312 961.743408203125 964.993041992188 967.708190917969 968.367248535156 971.391723632812 968.760620117188 968.364318847656 957.6865234375 957.575622558594 960.680969238281 967.452758789062
957.438354492188 955.654479980469 955.208801269531 947.130737304688 954.875854492188 945.593139648438 958.326354980469 950.314758300781 948.223571777344 955.963806152344 960.449035644531 959.340087890625 962.341247558594 964.057861328125 963.903076171875 964.559997558594 967.814270019531 966.668823242188 963.736633300781 961.1025390625 953.75732421875 960.737548828125 966.702026367188 965.435668945312 972.542236328125 955.576232910156 968.126708984375 967.176208496094 964.869995117188 967.478393554688 963.061157226562 958.189819335938 964.073486328125 971.0400390625 974.417602539062 965.477294921875 962.815246582031 970.799438476562 975.703674316406 971.30126953125 973.534851074219 973.859191894531 978.000915527344 967.451049804688 967.335510253906 973.06884765625
951.517272949219 954.771728515625 955.240112304688 953.356506347656 958.903930664062 958.073120117188 955.292846679688 946.114990234375 952.132568359375 952.521362304688 954.94482421875 959.34765625 971.226257324219 969.2841796875 960.695007324219 963.277282714844 958.940795898438 955.446166992188 959.922241210938 962.186706542969 971.147766113281 964.632873535156 972.047607421875 970.131225585938 966.975646972656 972.811706542969 980.008239746094 973.160522460938 971.499389648438 960.683227539062 962.913513183594 965.170593261719 963.688171386719 970.014587402344 965.745300292969 978.934692382812 975.62353515625 972.044006347656 985.073303222656 978.400573730469 981.306274414062 984.043029785156 980.861206054688 972.236389160156 968.387390136719 973.590026855469
950.663513183594 959.318054199219 954.268005371094 958.314147949219 961.566528320312 960.445861816406 955.687927246094 952.860534667969 949.661926269531 960.713684082031 961.567077636719 963.758605957031 971.10498046875 968.257019042969 967.127685546875 950.527465820312 947.214782714844 958.737182617188 958.912292480469 967.213562011719 976.289794921875 973.952392578125 974.6435546875 976.420532226562 974.500183105469 975.70947265625 979.48095703125 968.678649902344 964.942749023438 968.915893554688 963.635864257812 963.288757324219 970.321350097656 971.782836914062 970.479125976562 974.888061523438 972.123962402344 975.395874023438 982.657165527344 979.599304199219 979.922424316406 979.09326171875 974.2802734375 970.300537109375 958.593933105469 968.607971191406
952.919067382812 961.729309082031 966.544128417969 961.28662109375 966.319458007812 960.14697265625 960.998596191406 964.509826660156 956.307312011719 952.461242675781 974.002502441406 974.404663085938 979.726257324219 971.207275390625 968.825988769531 965.800354003906 951.394104003906 962.094970703125 966.884094238281 969.3427734375 976.767333984375 971.625366210938 972.945190429688 974.521728515625 978.521911621094 977.34619140625 971.3056640625 971.236999511719 967.603759765625 963.350219726562 955.47998046875 961.503173828125 969.946228027344 973.092102050781 971.798767089844 977.754516601562 978.170227050781 973.550903320312 975.953002929688 967.325744628906 974.043395996094 982.489013671875 975.049926757812 984.738525390625 973.126403808594 971.556762695312
964.556518554688 973.982604980469 969.883911132812 970.017944335938 977.643127441406 973.754821777344 972.542358398438 968.797058105469 966.609252929688 967.856018066406 969.637634277344 972.936462402344 973.836547851562 971.828369140625 963.744079589844 966.665649414062 960.133972167969 954.534057617188 965.704772949219 973.360778808594 980.974609375 974.960754394531 978.154052734375 975.474487304688 980.304931640625 975.508911132812 973.768493652344 968.739074707031 973.307250976562 970.214111328125 970.063354492188 965.773559570312 969.256103515625 971.437561035156 980.238891601562 982.93505859375 983.136047363281 976.933837890625 979.792114257812 984.623107910156 982.015014648438 977.549743652344 987.159301757812 979.998718261719 960.533264160156 963.392883300781
974.604736328125 975.664001464844 976.544189453125 977.662475585938 985.098754882812 977.088317871094 971.539184570312 966.944519042969 964.441589355469 960.533874511719 971.108581542969 979.81298828125 973.598449707031 968.495239257812 965.788757324219 976.531860351562 971.3740234375 971.616516113281 970.447998046875 972.93359375 968.936706542969 974.843627929688 978.69921875 977.45947265625 978.3271484375 979.626525878906 978.171447753906 974.915466308594 977.988464355469 980.14306640625 974.002563476562 966.254150390625 971.962036132812 973.040405273438 980.150939941406 989.066711425781 991.171691894531 986.96484375 990.067993164062 983.548583984375 985.058715820312 980.823425292969 988.933227539062 979.705261230469 963.200988769531 966.483520507812
979.003295898438 980.284057617188 977.20166015625 980.641296386719 983.611572265625 986.179626464844 980.941162109375 975.112243652344 969.822326660156 963.782592773438 971.573791503906 972.153259277344 975.486511230469 972.041870117188 968.394409179688 967.958251953125 976.984313964844 974.646118164062 976.057312011719 964.923034667969 962.037536621094 964.682556152344 976.912048339844 979.63525390625 985.517028808594 986.591003417969 981.791137695312 985.536071777344 974.307067871094 977.967712402344 975.179382324219 977.280578613281 974.060485839844 981.772766113281 980.653869628906 985.899169921875 983.615966796875 988.356750488281 981.650756835938 984.547485351562 977.85498046875 981.851318359375 979.03076171875 972.79052734375 969.678894042969 975.12255859375
982.827697753906 986.919189453125 985.393005371094 984.411804199219 991.0986328125 980.507507324219 976.730102539062 970.365661621094 966.982482910156 972.94677734375 971.19970703125 982.864501953125 977.470886230469 975.41015625 967.522338867188 976.695068359375 981.4609375 980.425170898438 975.752746582031 973.733764648438 969.39306640625 969.062438964844 973.633361816406 977.717956542969 984.365966796875 980.130981445312 985.904663085938 979.267272949219 974.522399902344 975.448425292969 973.303283691406 981.627380371094 982.857788085938 980.061828613281 983.441589355469 989.321350097656 988.4814453125 989.7939453125 986.759521484375 980.966552734375 978.629760742188 984.638610839844 977.346496582031 973.884399414062 968.822875976562 972.983276367188
989.364074707031 992.115966796875 990.693176269531 990.668518066406 986.055358886719 979.629150390625 974.923034667969 976.186218261719 976.437377929688 975.788940429688 985.605346679688 975.296020507812 975.506958007812 973.128234863281 966.208923339844 973.430725097656 975.592956542969 973.393737792969 968.796630859375 967.9287109375 969.408264160156 968.796081542969 972.681396484375 978.241027832031 980.728698730469 985.567749023438 979.964294433594 981.978576660156 982.056884765625 977.996459960938 977.604858398438 986.893981933594 985.185913085938 982.891540527344 983.236083984375 991.719177246094 991.268737792969 994.187622070312 992.61572265625 990.779296875 991.856506347656 988.270080566406 982.96923828125 976.985900878906 976.69287109375 976.900939941406
987.414489746094 990.402465820312 986.401245117188 997.237548828125 989.05908203125 985.720153808594 982.295593261719 986.176452636719 983.12841796875 978.917053222656 979.143615722656 967.318420410156 974.647827148438 972.465393066406 969.410461425781 982.630187988281 983.417785644531 974.914978027344 969.503540039062 966.794860839844 971.496643066406 978.319274902344 979.373474121094 979.106201171875 978.17919921875 978.561889648438 977.232849121094 984.213928222656 978.971008300781 976.964233398438 982.414123535156 979.046997070312 982.871765136719 982.258056640625 979.286254882812 993.015258789062 982.273864746094 990.913635253906 987.829528808594 987.699340820312 995.002319335938 994.781005859375 989.759399414062 978.274230957031 979.0888671875 981.761047363281
990.008911132812 987.277221679688 993.306579589844 998.569030761719 994.3408203125 985.88916015625 982.167236328125 980.685180664062 979.674194335938 974.166442871094 977.041564941406 974.512573242188 973.735229492188 971.369140625 971.026794433594 980.101867675781 974.565063476562 972.777770996094 968.262023925781 974.810180664062 969.194763183594 976.6875 979.100158691406 976.29541015625 978.815246582031 980.361999511719 976.209838867188 975.277282714844 976.193542480469 977.664672851562 988.830810546875 983.337951660156 983.973815917969 983.268188476562 979.363342285156 981.731872558594 983.116027832031 988.119873046875 983.405334472656 989.657775878906 993.642211914062 987.712158203125 986.845092773438 978.566040039062 977.7119140625 978.800537109375
994.465087890625 997.712158203125 998.379333496094 1005.46221923828 992.700561523438 987.247924804688 973.208190917969 982.366638183594 981.174011230469 979.1865234375 972.866455078125 984.904357910156 980.438842773438 974.377807617188 966.360107421875 965.408569335938 966.97216796875 969.437377929688 967.55224609375 971.236938476562 977.902587890625 976.348388671875 980.572631835938 982.273498535156 978.577941894531 983.663818359375 985.289916992188 985.375305175781 988.7490234375 984.161315917969 986.238342285156 987.892883300781 983.523559570312 981.220336914062 984.046203613281 975.000793457031 977.687194824219 971.870666503906 972.515930175781 990.336547851562 985.633056640625 985.099487304688 988.123229980469 984.747314453125 985.055236816406 971.776123046875
998.235900878906 1009.16900634766 1006.82165527344 997.898193359375 990.207885742188 982.058044433594 977.425354003906 982.806579589844 982.166564941406 981.048583984375 986.411437988281 984.552551269531 981.220520019531 967.234008789062 968.400024414062 969.163452148438 971.797424316406 971.900329589844 971.971313476562 974.409118652344 978.514221191406 983.096618652344 978.718444824219 978.825500488281 981.36865234375 986.527648925781 989.156005859375 987.360290527344 989.344177246094 987.639221191406 994.863708496094 985.955444335938 986.898742675781 978.7939453125 973.524963378906 979.322021484375 978.769836425781 968.812805175781 988.438110351562 985.784851074219 986.476013183594 983.621887207031 995.933715820312 985.073913574219 981.18408203125 974.936828613281
1005.61431884766 1004.39239501953 1003.69390869141 1001.78088378906 989.383178710938 975.434814453125 971.009765625 979.051330566406 984.892395019531 975.60888671875 981.963806152344 984.549438476562 981.760375976562 977.283020019531 979.771850585938 972.890319824219 977.411865234375 971.133178710938 969.814880371094 973.179138183594 986.391357421875 982.430541992188 982.910217285156 979.806579589844 981.627319335938 989.024597167969 983.378540039062 984.654357910156 987.348571777344 992.427978515625 992.855834960938 995.306823730469 992.579162597656 988.921997070312 988.916748046875 981.538269042969 978.783142089844 979.474670410156 991.525329589844 991.495239257812 986.631408691406 988.526306152344 995.845458984375 992.491943359375 982.242858886719 979.033752441406
1007.943359375 1009.27819824219 1013.984375 997.658813476562 983.651733398438 982.676940917969 984.528137207031 992.597961425781 983.756164550781 977.915893554688 979.549438476562 978.984130859375 986.168884277344 981.406860351562 978.503845214844 981.941650390625 975.029296875 984.319641113281 975.591857910156 978.914489746094 974.291198730469 978.645751953125 979.67578125 985.246704101562 991.409545898438 988.683227539062 988.784790039062 995.034912109375 994.791015625 998.2275390625 995.38427734375 993.83935546875 1000.92730712891 990.74951171875 989.1005859375 984.311340332031 985.232604980469 985.797973632812 991.836853027344 995.058288574219 985.870910644531 984.869323730469 989.792358398438 993.832153320312 983.455993652344 981.844421386719
1006.78216552734 1010.77844238281 1012.08685302734 1002.06829833984 984.424499511719 996.065673828125 995.557312011719 991.954650878906 989.331420898438 979.166198730469 979.997009277344 986.196899414062 979.133850097656 981.555480957031 976.591003417969 980.955688476562 974.927551269531 977.869812011719 979.098937988281 973.071838378906 970.295288085938 970.819641113281 989.989807128906 980.068603515625 987.352600097656 993.99560546875 986.552185058594 992.726806640625 990.495727539062 999.922729492188 995.449035644531 994.79345703125 995.872131347656 995.949340820312 1000.33770751953 997.685363769531 995.590209960938 998.544982910156 1000.94464111328 998.990661621094 992.2822265625 989.597473144531 985.722045898438 986.150451660156 986.592712402344 985.400573730469
1013.78533935547 1017.47131347656 1008.51184082031 1005.70233154297 994.114318847656 991.201904296875 993.568481445312 980.409057617188 985.126037597656 981.848388671875 979.152282714844 979.28564453125 978.095825195312 979.9091796875 973.111328125 977.069458007812 984.499755859375 977.435791015625 979.458129882812 970.331970214844 966.063598632812 977.413635253906 986.500061035156 976.482238769531 986.992065429688 983.625427246094 989.09033203125 994.782104492188 996.031066894531 1000.18481445312 995.296142578125 996.618408203125 996.256774902344 997.789306640625 1004.64086914062 1006.61108398438 1004.15472412109 1008.67889404297 996.305236816406 999.813781738281 998.364379882812 985.873962402344 987.881591796875 980.928161621094 984.957458496094 990.301452636719
1007.06225585938 1008.07293701172 1014.51989746094 998.722412109375 998.456726074219 1003.08990478516 1000.23181152344 983.75146484375 982.078552246094 980.916870117188 977.112609863281 982.548522949219 981.171020507812 971.534362792969 973.4716796875 975.456115722656 971.139892578125 976.266906738281 978.423461914062 978.305053710938 967.486328125 975.629760742188 975.307678222656 979.153930664062 979.523071289062 985.891784667969 986.751953125 990.598571777344 991.591186523438 989.54052734375 997.820739746094 997.490844726562 1006.03631591797 1002.19592285156 1007.58642578125 1008.36798095703 1016.57061767578 1015.36004638672 1005.07513427734 998.161926269531 998.893371582031 998.760070800781 992.265075683594 991.166015625 991.293212890625 988.664611816406
1009.43853759766 1011.81036376953 1009.30859375 1008.19641113281 1001.39361572266 1003.22869873047 1006.20300292969 994.967163085938 984.3935546875 982.409973144531 978.914123535156 986.481750488281 983.866638183594 983.011779785156 972.621887207031 975.071350097656 983.302673339844 982.187561035156 981.942687988281 973.298706054688 978.239074707031 977.709899902344 971.943176269531 982.266052246094 976.703552246094 990.060668945312 989.999633789062 990.736328125 987.570678710938 996.43896484375 996.284240722656 1006.02398681641 1008.05859375 1018.44152832031 1012.79522705078 1008.08270263672 1016.20056152344 1017.06793212891 1006.15283203125 1001.69580078125 1007.1044921875 1005.47875976562 999.026489257812 988.806274414062 996.200744628906 977.949951171875
