data/zlatibor_dem_simulations/DEMsim6.asc
NCOLS 150
NROWS 100
XLLCORNER 7394249
YLLCORNER 4841999
CELLSIZE 30
NODATA_VALUE -9999
[rows 20 to 39 of 100, columns 0 to 45 of 150]
971.518188476562 970.788452148438 966.006042480469 958.407592773438 957.140380859375 964.939025878906 964.349182128906 967.122375488281 965.434143066406 958.355834960938 962.634033203125 953.845764160156 951.634704589844 958.185546875 960.921875 957.838195800781 963.745788574219 962.499267578125 962.845031738281 967.605651855469 976.122009277344 981.544311523438 976.919921875 990.000366210938 994.114624023438 1000.80151367188 1007.38220214844 1012.10681152344 1014.94262695312 1015.71130371094 1007.44281005859 1002.85443115234 1010.78887939453 1008.72052001953 1010.58551025391 1015.29864501953 1024.21887207031 1032.66394042969 1033.27783203125 1036.92114257812 1027.18530273438 1035.98388671875 1030.61975097656 1035.29467773438 1032.3955078125 1028.64965820312
964.649719238281 959.842407226562 963.548034667969 957.512817382812 957.044860839844 959.284057617188 963.439147949219 960.291381835938 964.967163085938 962.45263671875 957.099670410156 949.357727050781 946.868103027344 960.70947265625 962.083801269531 945.873657226562 961.602783203125 966.170043945312 970.632568359375 974.6123046875 972.27099609375 976.536010742188 979.584777832031 989.651062011719 994.202575683594 994.960205078125 1005.26300048828 1012.43902587891 1009.59930419922 1008.68798828125 993.236694335938 1009.77319335938 1008.09918212891 1007.35461425781 1008.36572265625 1013.16278076172 1029.56274414062 1028.48693847656 1030.15942382812 1030.13110351562 1021.87805175781 1025.07971191406 1017.37872314453 1018.79693603516 1024.94067382812 1022.09704589844
959.413024902344 953.304138183594 955.848205566406 954.356323242188 957.956420898438 968.472412109375 954.648315429688 955.129699707031 952.997680664062 957.423461914062 962.12744140625 957.19873046875 955.33349609375 953.431457519531 957.228210449219 954.380126953125 961.330932617188 966.08740234375 961.835998535156 975.057312011719 979.607666015625 979.170471191406 986.011413574219 987.580017089844 990.06689453125 991.325805664062 996.602355957031 998.382446289062 1004.07580566406 998.027587890625 1001.69128417969 1013.05328369141 1013.26617431641 1015.87884521484 1012.59857177734 1014.05236816406 1021.09436035156 1030.64892578125 1032.85290527344 1026.20239257812 1023.01696777344 1014.73089599609 1025.80053710938 1018.53991699219 1020.73773193359 1015.37390136719
965.067687988281 958.3974609375 949.151550292969 948.667602539062 962.694763183594 957.781982421875 957.495666503906 951.588256835938 947.591003417969 952.435974121094 959.885498046875 958.179748535156 957.328247070312 948.513488769531 956.780151367188 952.836791992188 957.03076171875 959.791931152344 957.905395507812 963.061401367188 982.982788085938 988.764343261719 984.627624511719 989.3203125 985.385681152344 990.066833496094 988.247497558594 990.02294921875 998.078247070312 997.430297851562 1001.00787353516 1012.42639160156 1002.63928222656 1011.00952148438 1010.01763916016 1009.48797607422 1018.25280761719 1027.14379882812 1028.51867675781 1016.52624511719 1022.11749267578 1015.83319091797 1020.56939697266 1008.86145019531 1013.46105957031 1012.60424804688
951.775085449219 947.863342285156 942.27783203125 946.585571289062 956.871337890625 964.027282714844 957.421325683594 952.415161132812 953.416259765625 958.950500488281 962.0576171875 962.294006347656 960.101013183594 954.817077636719 951.440063476562 953.273193359375 960.080749511719 957.39111328125 956.362182617188 970.880432128906 975.530212402344 984.392395019531 980.873962402344 985.49365234375 980.522094726562 982.52197265625 984.117980957031 994.075439453125 995.781005859375 990.209594726562 1004.05126953125 1003.18347167969 1007.09222412109 1007.48596191406 1005.56018066406 1009.64074707031 1008.21282958984 1009.49560546875 1009.84991455078 1015.09338378906 1018.37847900391 1010.78332519531 1007.20196533203 1006.34173583984 1002.44543457031 1003.04846191406
948.962158203125 945.683288574219 949.231323242188 956.446533203125 963.522888183594 966.375183105469 970.839294433594 963.977294921875 964.711486816406 964.589660644531 961.218383789062 966.921752929688 964.44677734375 965.998352050781 955.934509277344 961.019470214844 965.217346191406 959.900817871094 960.403503417969 964.887817382812 970.365051269531 978.867919921875 980.242858886719 984.376953125 982.630554199219 982.914916992188 982.177856445312 989.79296875 998.218933105469 993.479797363281 998.012145996094 1000.62829589844 999.681579589844 1013.01458740234 1008.28570556641 1004.43243408203 996.654052734375 1002.49682617188 995.944274902344 1008.50390625 1002.39343261719 1007.9140625 1006.43499755859 1001.89721679688 1006.04992675781 996.311218261719
941.163696289062 945.991149902344 947.95458984375 956.70849609375 958.884521484375 962.999572753906 961.774291992188 966.013671875 963.833923339844 967.914245605469 969.766052246094 976.073669433594 968.748291015625 959.925903320312 960.624084472656 961.459106445312 961.070922851562 961.2412109375 960.988586425781 971.783752441406 975.351989746094 980.204467773438 984.271301269531 988.918640136719 983.598815917969 987.559875488281 981.899780273438 988.335144042969 999.49658203125 997.541015625 997.17724609375 996.876220703125 991.94677734375 999.696655273438 998.494873046875 1001.38421630859 993.802856445312 998.523498535156 999.628784179688 1004.40545654297 999.508911132812 1005.99774169922 1001.30920410156 1003.04467773438 1003.11657714844 1006.75524902344
946.352722167969 948.329467773438 959.026916503906 961.960876464844 960.75341796875 960.6572265625 958.504333496094 966.061828613281 970.249206542969 969.878662109375 965.307678222656 971.39013671875 978.279541015625 974.72265625 970.950866699219 968.150329589844 971.090087890625 965.870788574219 971.647216796875 972.824462890625 981.2998046875 977.507629394531 983.898559570312 981.485534667969 983.013488769531 993.190612792969 992.982421875 986.8115234375 987.602111816406 992.625671386719 992.529052734375 990.230285644531 993.647888183594 994.824462890625 995.831848144531 1000.03601074219 993.306762695312 993.077880859375 999.603393554688 997.568420410156 991.03564453125 990.208435058594 994.174133300781 992.306213378906 993.1455078125 992.190673828125
952.659240722656 957.315795898438 956.761474609375 953.838256835938 961.771667480469 961.317687988281 953.39111328125 954.708190917969 961.931518554688 967.251281738281 970.321411132812 973.581359863281 980.086791992188 976.863342285156 972.834716796875 977.425231933594 972.153076171875 968.157409667969 973.042297363281 968.220458984375 976.651733398438 969.814147949219 980.219787597656 977.091735839844 985.494750976562 988.451721191406 985.581359863281 986.791259765625 990.171997070312 989.351013183594 987.115295410156 990.58837890625 992.419067382812 995.035766601562 1001.64202880859 997.771118164062 994.71484375 988.113037109375 991.519958496094 985.780639648438 987.785461425781 991.769836425781 983.703308105469 985.252624511719 989.239929199219 993.07080078125
953.062194824219 954.877380371094 950.188842773438 961.806213378906 972.380554199219 963.381958007812 953.161376953125 954.855773925781 963.767028808594 967.502075195312 972.535034179688 975.191040039062 980.421508789062 984.574523925781 978.533142089844 981.66357421875 983.6416015625 968.928955078125 972.025390625 972.335693359375 978.246765136719 971.096130371094 980.691345214844 975.590026855469 977.443481445312 989.283447265625 991.873779296875 983.297119140625 992.048583984375 990.02685546875 994.249816894531 992.564270019531 986.486572265625 996.772583007812 1000.29376220703 1003.81463623047 989.224304199219 987.976440429688 985.804077148438 979.617797851562 981.208801269531 981.94189453125 988.658447265625 994.887939453125 993.224731445312 989.37548828125
955.261779785156 958.417358398438 955.423034667969 963.229675292969 970.70703125 969.128173828125 962.829650878906 955.880981445312 963.923950195312 968.937561035156 975.981079101562 976.411743164062 980.328247070312 983.226440429688 984.596923828125 979.410522460938 974.74169921875 966.758239746094 967.420227050781 967.305297851562 980.205932617188 983.78759765625 980.005798339844 974.3935546875 978.412536621094 988.420227050781 981.640991210938 984.716613769531 998.157836914062 992.495178222656 986.591064453125 989.561157226562 990.997924804688 997.891418457031 996.254577636719 1001.84741210938 992.542663574219 988.619689941406 977.634460449219 978.895690917969 980.791015625 985.42138671875 990.070007324219 991.127136230469 993.490905761719 984.239196777344
957.039306640625 961.088684082031 960.854064941406 968.528442382812 966.736389160156 967.732421875 966.484069824219 969.507934570312 972.073547363281 976.190979003906 976.198486328125 977.003356933594 984.545227050781 985.978698730469 981.079040527344 971.298706054688 967.793029785156 967.990112304688 975.644592285156 981.221801757812 987.357055664062 987.840209960938 984.848999023438 977.365051269531 980.401184082031 985.347412109375 977.533508300781 986.944030761719 994.796081542969 987.841491699219 984.253234863281 984.048706054688 985.112915039062 982.651733398438 990.267272949219 1003.67358398438 991.854309082031 988.148864746094 977.208862304688 978.320373535156 980.913452148438 983.072021484375 999.657531738281 990.721252441406 994.121765136719 982.93701171875
964.365295410156 963.601196289062 962.771606445312 967.656066894531 978.565551757812 975.484924316406 967.283752441406 971.419738769531 969.666320800781 972.856628417969 984.386962890625 977.340942382812 977.308776855469 983.324157714844 974.45947265625 967.081604003906 969.035339355469 968.374755859375 969.506408691406 976.452880859375 974.066772460938 987.662841796875 983.749206542969 982.275207519531 983.309692382812 983.193237304688 986.300598144531 984.099426269531 982.003479003906 979.061096191406 982.107299804688 986.368469238281 986.537414550781 985.799743652344 996.199584960938 997.778442382812 988.360595703125 980.975402832031 978.560852050781 985.673522949219 981.084167480469 980.948669433594 991.943420410156 998.21435546875 983.492492675781 987.540649414062
962.427612304688 966.0986328125 963.120483398438 969.69091796875 975.403747558594 975.000610351562 973.093444824219 970.400451660156 969.2939453125 974.689392089844 980.666442871094 980.388061523438 976.0390625 970.012451171875 965.43701171875 966.512084960938 972.325500488281 974.218933105469 973.920104980469 984.560302734375 974.2958984375 983.267761230469 984.262512207031 982.805480957031 979.28857421875 978.859008789062 983.170104980469 983.942626953125 972.7255859375 974.616088867188 979.190002441406 988.905822753906 988.782348632812 990.997314453125 985.308532714844 989.061340332031 990.705505371094 991.86474609375 983.306091308594 982.762451171875 980.251037597656 981.781433105469 995.334106445312 999.061767578125 996.073059082031 990.259643554688
950.337280273438 958.304992675781 964.092102050781 963.734008789062 971.1328125 972.646667480469 966.835144042969 972.974914550781 973.720031738281 975.563049316406 983.233215332031 972.551208496094 968.977600097656 969.654113769531 958.97265625 968.953247070312 973.51416015625 980.073120117188 976.920288085938 981.319946289062 980.295593261719 983.896606445312 983.682373046875 980.454345703125 974.116760253906 986.892944335938 990.723388671875 978.640869140625 973.700988769531 969.039733886719 977.588073730469 991.402099609375 987.25146484375 985.270629882812 980.57470703125 984.072265625 981.932006835938 975.208190917969 972.502563476562 973.012145996094 981.620422363281 981.137573242188 992.240966796875 993.453430175781 988.376586914062 988.778503417969
950.228759765625 954.258422851562 959.7607421875 963.810913085938 973.546020507812 978.057312011719 970.814331054688 971.028686523438 971.69189453125 975.556945800781 972.663818359375 964.915893554688 966.058898925781 967.383850097656 962.460266113281 964.363464355469 960.179626464844 965.619567871094 966.31201171875 969.772521972656 975.894470214844 978.7509765625 976.4052734375 975.058044433594 976.559326171875 983.382385253906 984.965454101562 977.6806640625 975.635437011719 971.803955078125 971.009155273438 974.362548828125 978.09033203125 980.081237792969 988.112609863281 983.61669921875 985.541687011719 980.521057128906 974.090209960938 976.5703125 981.449401855469 973.180053710938 985.935729980469 985.721008300781 983.068969726562 983.688598632812
955.0087890625 956.805541992188 958.241882324219 966.351135253906 960.282470703125 971.135437011719 975.43603515625 977.216857910156 969.636352539062 977.283325195312 967.867919921875 964.492919921875 971.48779296875 968.340454101562 966.08544921875 967.3330078125 964.797119140625 972.023681640625 971.629272460938 974.894653320312 967.695678710938 963.883178710938 969.838012695312 969.522888183594 972.62158203125 971.154235839844 972.803161621094 969.98974609375 969.534606933594 970.531311035156 970.146606445312 967.9033203125 969.132629394531 982.036560058594 987.359497070312 987.100830078125 985.774047851562 981.761657714844 978.582824707031 983.591979980469 976.163879394531 974.657958984375 983.225219726562 978.887329101562 981.643432617188 975.6875
956.999572753906 963.382690429688 959.553588867188 971.151428222656 978.773254394531 975.008850097656 970.907165527344 964.251281738281 967.651794433594 964.443725585938 972.720947265625 972.235595703125 966.379333496094 968.446838378906 965.0859375 967.551696777344 964.007934570312 979.08251953125 975.552917480469 971.58837890625 968.685180664062 977.781066894531 975.315551757812 971.397033691406 968.715637207031 965.804870605469 963.292053222656 972.914306640625 961.982666015625 962.010803222656 966.440673828125 973.245544433594 975.914978027344 976.089477539062 983.666137695312 983.6845703125 985.503601074219 978.469543457031 972.546508789062 980.124328613281 974.759460449219 981.846923828125 974.302001953125 977.9697265625 977.824096679688 975.059265136719
951.737243652344 958.73388671875 965.005126953125 969.705383300781 977.095031738281 978.388916015625 968.293212890625 975.67041015625 967.235412597656 968.182800292969 962.85009765625 965.720153808594 964.762512207031 971.429321289062 967.614624023438 968.829406738281 971.687377929688 970.713317871094 972.553344726562 973.7177734375 976.041198730469 977.620239257812 978.025207519531 967.952575683594 976.362426757812 968.176086425781 973.346862792969 965.409606933594 964.632141113281 956.7646484375 972.639587402344 975.895446777344 973.389953613281 974.121215820312 981.124206542969 977.845275878906 972.3408203125 971.072448730469 971.323974609375 972.289184570312 984.799499511719 985.196411132812 983.014587402344 987.969055175781 980.750671386719 970.773620605469
951.720703125 975.476135253906 966.995727539062 972.703979492188 968.030212402344 970.057250976562 965.843933105469 975.088623046875 968.277465820312 958.477966308594 961.653137207031 968.379333496094 955.392700195312 963.171691894531 971.909362792969 974.940063476562 968.520935058594 972.420654296875 976.291442871094 985.043395996094 984.449096679688 988.090637207031 973.073913574219 968.512329101562 971.287292480469 973.324401855469 968.254516601562 968.224365234375 960.619201660156 971.883850097656 979.034484863281 979.820007324219 976.377624511719 975.985961914062 984.777954101562 981.382446289062 973.214660644531 981.078674316406 973.946533203125 974.482177734375 969.057067871094 975.362121582031 974.639892578125 971.707153320312 975.617736816406 962.400390625
