data/zlatibor_dem_simulations/DEMsim58.asc
NCOLS 150
NROWS 100
XLLCORNER 7394249
YLLCORNER 4841999
CELLSIZE 30
NODATA_VALUE -9999
[rows 20 to 39 of 100, columns 46 to 91 of 150]
1023.13916015625 1020.95928955078 1011.11572265625 1008.00274658203 1003.59826660156 1004.56304931641 997.010314941406 1001.43218994141 1005.27886962891 1000.22991943359 998.772705078125 1001.44287109375 1008.70141601562 1013.88897705078 1018.31243896484 1011.60296630859 1016.21697998047 1016.57629394531 1017.59130859375 1027.33093261719 1026.57666015625 1021.15515136719 1020.93688964844 1023.31060791016 1020.70300292969 1018.28851318359 1014.53149414062 998.759643554688 1007.22979736328 1004.74438476562 1010.67681884766 1011.41729736328 1005.52166748047 1008.58728027344 1008.81848144531 1000.79553222656 1004.06689453125 996.105590820312 987.961242675781 996.240478515625 1006.93353271484 1003.89770507812 989.570373535156 981.865356445312 982.479919433594 994.32861328125
1015.13647460938 1006.95202636719 1002.39666748047 1003.75115966797 998.24169921875 996.745971679688 997.493408203125 997.037963867188 1008.87927246094 1003.96307373047 1002.11853027344 997.842163085938 1007.60717773438 1010.63970947266 1011.03796386719 1005.24383544922 1013.18676757812 1015.71527099609 1018.13079833984 1025.43395996094 1030.63549804688 1020.32733154297 1021.00085449219 1018.61328125 1017.67150878906 1009.96734619141 1003.93798828125 1006.86730957031 1006.26800537109 1005.08966064453 1010.54235839844 1004.1953125 1007.35943603516 1004.76733398438 999.939575195312 991.2041015625 994.890319824219 991.750427246094 998.229248046875 1007.62060546875 1003.30548095703 1002.95782470703 989.937744140625 984.896484375 988.661010742188 1002.31958007812
1011.318359375 1004.33160400391 997.04541015625 993.900390625 993.483337402344 993.178161621094 996.456970214844 1001.70343017578 1001.30114746094 1005.02453613281 995.400268554688 996.390686035156 1002.29522705078 999.210754394531 1009.04125976562 1010.87335205078 1014.08599853516 1014.91174316406 1018.95007324219 1027.9755859375 1026.15759277344 1020.50238037109 1019.67944335938 1017.79846191406 1020.15612792969 998.314453125 999.079528808594 1001.16735839844 1006.85546875 1006.97760009766 1015.03149414062 1002.20867919922 1010.60833740234 1001.59332275391 993.747253417969 992.599365234375 999.950866699219 1003.55029296875 1011.34069824219 1011.31884765625 1013.47106933594 997.082885742188 994.76318359375 997.685424804688 1004.67388916016 1009.70141601562
1002.72082519531 996.963439941406 993.466186523438 996.063903808594 994.247009277344 990.32958984375 992.4697265625 996.230529785156 1003.01550292969 1001.93682861328 1002.03491210938 1000.11572265625 1009.11834716797 1013.17004394531 1006.76538085938 1008.37170410156 1011.18432617188 1011.16497802734 1018.04565429688 1021.14526367188 1015.56079101562 1016.43658447266 1014.208984375 1007.75244140625 1013.36444091797 1008.23107910156 1001.23199462891 1004.40692138672 997.910339355469 1005.85656738281 1008.83862304688 1003.77716064453 1003.90014648438 996.20458984375 997.322631835938 1000.35552978516 1004.21917724609 1008.66839599609 1015.46496582031 1010.779296875 1014.19512939453 1009.13671875 1009.18200683594 1005.20074462891 1013.53564453125 1029.79809570312
1005.23999023438 997.524841308594 992.268432617188 991.181579589844 987.970458984375 985.06591796875 990.759460449219 994.643798828125 999.751831054688 998.894287109375 1005.89715576172 1009.54248046875 1007.28698730469 1008.45306396484 1006.48370361328 1006.80529785156 1010.55859375 1007.54016113281 1004.70361328125 1016.75134277344 1019.88262939453 1020.66516113281 1004.21160888672 1003.75695800781 1007.98315429688 1010.44470214844 1002.05053710938 1003.15826416016 1013.19415283203 1016.82257080078 1014.52941894531 1008.53588867188 1003.15393066406 995.277954101562 995.573852539062 997.295349121094 998.014099121094 998.311584472656 1005.45739746094 1008.98992919922 1006.80810546875 1012.01898193359 1013.38452148438 1015.68481445312 1019.20581054688 1029.64135742188
1005.61602783203 994.066650390625 994.091979980469 990.122131347656 995.055969238281 988.481506347656 991.860107421875 985.698181152344 979.787353515625 991.792541503906 999.581115722656 1004.48455810547 1002.60217285156 1008.69207763672 1008.13385009766 1016.65515136719 1014.17065429688 1011.09155273438 1001.55999755859 1014.20104980469 1017.42407226562 1015.14379882812 1010.84606933594 1011.05963134766 1005.38305664062 1001.57458496094 1007.19281005859 1008.36602783203 1010.09326171875 1013.1240234375 1008.15667724609 1003.25512695312 1005.55419921875 993.969055175781 985.901977539062 994.412109375 1000.64422607422 1003.83795166016 1015.91619873047 999.183776855469 1000.35748291016 1012.42504882812 1009.05926513672 1010.10339355469 1012.58386230469 1016.92523193359
1002.15124511719 1002.15118408203 1000.86456298828 998.092224121094 993.849426269531 986.204467773438 984.055419921875 988.665283203125 983.127014160156 992.479858398438 1000.24523925781 997.186340332031 995.414916992188 1002.33020019531 1006.13061523438 1006.40509033203 1001.94427490234 1002.9140625 1003.10858154297 1009.78723144531 1009.79864501953 1011.22882080078 1003.75183105469 1010.96954345703 1005.83099365234 1005.94354248047 1006.88208007812 1016.75811767578 1014.28143310547 1017.28149414062 1008.34161376953 1003.4140625 1000.62261962891 995.624389648438 991.315551757812 990.149780273438 998.6748046875 1010.96710205078 1014.27301025391 1006.90264892578 1009.22241210938 1007.02758789062 1011.97680664062 1012.19494628906 1011.60015869141 1015.81591796875
997.325378417969 996.427734375 996.400268554688 998.767456054688 999.819763183594 989.059326171875 986.437683105469 991.765258789062 989.053039550781 995.731689453125 999.486450195312 994.991882324219 994.047790527344 990.5087890625 991.065185546875 993.575988769531 991.65283203125 997.781433105469 1002.20153808594 1001.39715576172 1009.39172363281 1008.02954101562 1009.65087890625 1012.17199707031 1025.42272949219 1014.90661621094 1010.49230957031 1006.70391845703 1004.86346435547 999.562683105469 1004.70190429688 1002.85192871094 1002.06011962891 989.862243652344 989.402099609375 993.263122558594 996.337707519531 1003.38482666016 995.805725097656 1003.18591308594 1013.06744384766 1019.34887695312 1017.72796630859 1008.76940917969 1009.32287597656 1013.43438720703
1001.9716796875 993.874877929688 989.230773925781 996.455932617188 999.35205078125 999.97607421875 986.459594726562 992.934020996094 988.784057617188 994.44677734375 999.302612304688 997.488159179688 994.841613769531 988.634582519531 986.647766113281 993.899536132812 999.3076171875 995.755554199219 999.229797363281 1002.09899902344 1004.47863769531 1010.74572753906 1009.39831542969 1018.06109619141 1023.00122070312 1015.04089355469 998.950256347656 987.056579589844 989.422729492188 989.40625 998.344299316406 993.618896484375 994.838439941406 993.558227539062 985.080261230469 989.174743652344 992.662780761719 1003.07574462891 1004.63415527344 1005.27056884766 1009.96551513672 1018.25946044922 1011.18231201172 1012.96960449219 1018.58898925781 1027.95959472656
1001.06610107422 987.10107421875 985.320129394531 987.753784179688 989.182067871094 981.708374023438 985.869262695312 984.478454589844 978.2216796875 993.834716796875 990.394165039062 991.010070800781 988.427612304688 984.906982421875 982.283386230469 992.711853027344 1001.21649169922 1005.48931884766 999.645629882812 1002.24829101562 1006.86791992188 1004.28845214844 1008.97760009766 1007.38842773438 1003.22583007812 1000.34112548828 994.882934570312 979.807312011719 987.65380859375 987.796813964844 986.997253417969 985.324523925781 986.00244140625 996.951232910156 998.148742675781 1002.25042724609 996.640563964844 1003.72265625 1002.267578125 997.874267578125 1006.98852539062 1015.62182617188 1017.41796875 1017.78674316406 1011.66625976562 1016.92797851562
989.926391601562 987.6064453125 982.252807617188 972.917236328125 978.230590820312 984.138854980469 985.121520996094 975.654663085938 978.718383789062 983.72119140625 985.343811035156 993.733581542969 991.349792480469 985.96337890625 983.421142578125 992.54541015625 1000.24359130859 1009.59558105469 1001.18841552734 1001.43316650391 994.117248535156 996.690246582031 1002.86480712891 1006.79162597656 1000.49096679688 986.547302246094 983.810424804688 982.464538574219 981.647521972656 984.523803710938 990.755554199219 983.389282226562 988.898803710938 992.9306640625 1005.55780029297 1006.91583251953 1001.90594482422 1007.0126953125 1011.05657958984 1002.32080078125 1001.86267089844 1009.84918212891 1011.44616699219 1011.50421142578 1016.15155029297 1008.41217041016
993.536315917969 984.271850585938 977.247375488281 971.6376953125 980.547424316406 982.735778808594 984.520874023438 983.694702148438 980.650634765625 984.175109863281 982.428527832031 981.4345703125 992.311157226562 990.604187011719 990.311645507812 988.439758300781 992.239440917969 1005.65124511719 1003.69812011719 1002.45678710938 1002.625 994.327575683594 994.669067382812 993.460510253906 990.675170898438 988.082946777344 984.97900390625 974.603454589844 976.030395507812 985.906494140625 994.974792480469 993.060913085938 1000.72290039062 994.895568847656 1005.09448242188 1008.28131103516 1010.74108886719 1010.92761230469 1009.05096435547 1001.52294921875 1009.71350097656 1004.85076904297 1012.84344482422 1010.72766113281 1012.71112060547 1014.48651123047
980.92138671875 977.097290039062 971.542236328125 972.77880859375 973.623046875 979.892944335938 985.373901367188 980.242858886719 979.934875488281 980.146423339844 992.127563476562 985.243347167969 984.801025390625 987.217346191406 1000.30291748047 996.890625 990.952392578125 999.539184570312 995.083557128906 997.308959960938 989.603515625 986.873962402344 985.446899414062 978.94580078125 991.569458007812 984.58056640625 984.212524414062 978.923400878906 986.447204589844 993.884582519531 996.067810058594 991.86962890625 994.299743652344 1001.86901855469 1012.04400634766 1009.22058105469 1011.83013916016 1016.13250732422 1010.16278076172 1003.51916503906 1010.17517089844 1002.48126220703 1001.66381835938 1010.34515380859 1012.96478271484 1017.27349853516
980.90673828125 977.437194824219 973.059204101562 974.427856445312 980.899108886719 992.800354003906 984.719116210938 979.309143066406 981.858215332031 981.913269042969 991.102233886719 989.135131835938 987.638671875 989.423950195312 995.357849121094 999.826538085938 1001.73254394531 990.577880859375 988.810424804688 988.039916992188 977.783264160156 980.464965820312 974.49658203125 979.239685058594 983.585144042969 979.084533691406 978.520324707031 981.393310546875 984.692993164062 993.423034667969 995.211181640625 993.165832519531 996.384704589844 1003.65765380859 1008.42486572266 1006.90911865234 994.581970214844 1003.24835205078 1003.98321533203 1005.68054199219 1014.40386962891 1011.04235839844 1004.12255859375 1003.80718994141 1008.53527832031 1017.50360107422
975.916381835938 969.435180664062 977.441650390625 976.738708496094 982.452209472656 985.750183105469 976.366149902344 981.69921875 979.061096191406 979.711120605469 986.276062011719 985.440002441406 984.049133300781 988.503601074219 990.43798828125 990.827087402344 992.070007324219 993.10986328125 986.104309082031 982.360717773438 973.96435546875 974.838256835938 974.816284179688 982.347290039062 977.987854003906 973.423400878906 980.294555664062 986.532897949219 992.343566894531 990.695129394531 992.699951171875 989.534912109375 993.963928222656 997.971069335938 1007.31781005859 1000.02374267578 991.79833984375 996.710754394531 995.903991699219 1005.38562011719 1015.69439697266 1008.55358886719 1013.48309326172 1016.41564941406 1012.89654541016 1014.27911376953
976.241760253906 978.857971191406 976.484375 985.994445800781 985.565551757812 984.88671875 981.207275390625 977.535766601562 973.642211914062 980.800598144531 978.827697753906 980.481079101562 974.553588867188 983.205871582031 990.004943847656 981.760375976562 983.721923828125 979.256958007812 973.233093261719 969.729614257812 970.126586914062 981.783752441406 978.28662109375 976.767456054688 975.474853515625 977.828002929688 971.765502929688 990.26611328125 994.210693359375 990.407287597656 985.207092285156 986.858093261719 994.783508300781 1001.52392578125 994.953063964844 992.760192871094 988.70654296875 996.508361816406 996.58154296875 996.0849609375 1012.15686035156 1018.01013183594 1014.25769042969 1016.86608886719 1007.00286865234 1012.02362060547
981.140197753906 992.531982421875 989.572021484375 982.46044921875 977.121276855469 980.034790039062 977.288757324219 968.838073730469 977.9296875 979.614685058594 976.840270996094 971.327697753906 976.267211914062 983.657104492188 971.223022460938 976.150268554688 975.391845703125 973.667602539062 967.666076660156 964.151550292969 973.667663574219 973.220031738281 969.130676269531 967.653564453125 968.491271972656 971.870910644531 975.789672851562 985.214904785156 981.794006347656 974.792785644531 983.445068359375 981.865783691406 997.139953613281 998.981506347656 997.607116699219 992.730285644531 999.764892578125 996.2626953125 995.97802734375 1000.24853515625 1009.94122314453 1015.11846923828 1013.25653076172 1014.67529296875 1008.23303222656 1013.65716552734
979.290771484375 985.426208496094 978.560180664062 976.962158203125 977.392395019531 979.398559570312 971.795837402344 977.713928222656 969.853271484375 986.63916015625 982.350708007812 975.684387207031 974.329040527344 980.628356933594 973.600036621094 972.686157226562 968.803833007812 975.467346191406 971.75634765625 973.005737304688 979.463806152344 984.319091796875 978.501586914062 975.200866699219 971.441528320312 977.644226074219 973.8564453125 978.676452636719 983.034973144531 983.997375488281 975.739685058594 995.047790527344 997.712280273438 1004.61297607422 993.294372558594 990.187438964844 999.909484863281 995.069763183594 996.023864746094 999.78369140625 1010.72705078125 1010.55346679688 1008.28582763672 1007.34991455078 1006.8896484375 1011.29193115234
974.27978515625 972.934509277344 979.243896484375 982.292907714844 975.357666015625 971.275329589844 970.558715820312 979.4189453125 976.569396972656 979.479431152344 980.440002441406 972.791625976562 981.757263183594 973.059692382812 978.122375488281 966.951110839844 962.6494140625 971.299438476562 967.619018554688 978.090393066406 983.896240234375 987.082275390625 983.672729492188 980.269409179688 980.659362792969 975.295471191406 971.372314453125 971.942932128906 968.322082519531 972.580810546875 976.173095703125 982.304443359375 990.366027832031 991.764099121094 993.439453125 989.528015136719 1002.24890136719 997.321166992188 987.167907714844 999.4599609375 1010.96319580078 1008.62915039062 1009.08471679688 1016.23071289062 1002.55737304688 1003.81610107422
974.776000976562 970.370239257812 978.35302734375 970.785461425781 971.506469726562 969.345886230469 965.624938964844 976.589904785156 978.680053710938 977.544189453125 970.2236328125 973.620971679688 974.622375488281 969.844482421875 968.581848144531 965.908996582031 971.098999023438 972.841186523438 974.140258789062 981.71484375 987.30126953125 977.723449707031 979.676635742188 978.829467773438 978.643432617188 973.416809082031 975.736083984375 967.448059082031 964.198059082031 966.443176269531 975.708435058594 976.840209960938 982.953674316406 979.993103027344 987.945617675781 991.350158691406 995.841857910156 999.689208984375 987.981384277344 998.877380371094 995.006286621094 1003.31744384766 1005.88751220703 1010.43328857422 1011.10119628906 997.200805664062
