data/zlatibor_dem_simulations/DEMsim78 (1).asc
NCOLS 150
NROWS 100
XLLCORNER 7394249
YLLCORNER 4841999
CELLSIZE 30
NODATA_VALUE -9999
[rows 80 to 99 of 100, columns 0 to 45 of 150]
945.815734863281 952.935668945312 951.404235839844 946.369201660156 945.018859863281 937.746826171875 940.871520996094 941.761657714844 947.117126464844 948.312622070312 967.493713378906 971.389709472656 980.025695800781 974.091735839844 977.665832519531 981.987854003906 982.978942871094 968.622802734375 971.088134765625 974.5537109375 969.085632324219 963.872802734375 969.853942871094 982.371887207031 999.859497070312 990.973083496094 990.955688476562 992.695495605469 991.844543457031 981.83251953125 976.130065917969 974.016357421875 981.171020507812 987.550048828125 982.295227050781 993.911987304688 995.230712890625 993.790100097656 998.391235351562 1004.58831787109 1001.56042480469 989.713012695312 999.539489746094 994.625244140625 999.511047363281 1005.53167724609
961.2802734375 954.0126953125 949.738464355469 942.651977539062 942.32373046875 933.489074707031 937.07763671875 940.945190429688 937.623779296875 960.77587890625 962.762573242188 967.390319824219 979.190246582031 971.320251464844 973.752197265625 969.736267089844 976.5107421875 973.179260253906 967.732849121094 966.3115234375 971.312561035156 968.382141113281 977.090759277344 984.41650390625 1001.59539794922 1001.45892333984 998.212036132812 992.825317382812 981.555419921875 980.267272949219 975.09423828125 985.771728515625 989.13037109375 988.244812011719 985.993225097656 983.098449707031 985.157409667969 989.027893066406 996.546020507812 1001.60607910156 992.352478027344 992.960083007812 998.109252929688 996.455261230469 992.4501953125 997.400573730469
955.804931640625 953.433166503906 946.584106445312 945.019592285156 937.458251953125 940.653991699219 940.4326171875 938.249450683594 952.919006347656 960.243530273438 963.033630371094 962.695678710938 969.495544433594 967.92919921875 965.678771972656 972.627807617188 969.166564941406 969.755798339844 964.336547851562 957.201721191406 957.272277832031 963.934326171875 972.1337890625 978.612548828125 983.610107421875 987.271545410156 989.845886230469 983.163940429688 973.731140136719 974.16748046875 980.943542480469 987.698425292969 985.244140625 985.186340332031 989.708557128906 978.656799316406 987.601745605469 990.502685546875 989.324279785156 994.641052246094 986.53271484375 995.246459960938 997.374694824219 1002.55603027344 996.94775390625 1000.61676025391
955.690734863281 956.371520996094 952.799621582031 943.34521484375 944.223815917969 939.496215820312 940.315979003906 938.158874511719 949.128234863281 958.384765625 965.407653808594 966.963928222656 966.332397460938 959.596984863281 954.445068359375 961.10791015625 963.576354980469 962.076599121094 955.901000976562 952.630493164062 950.301574707031 953.593444824219 960.293518066406 972.793823242188 975.429809570312 977.822937011719 979.296142578125 977.782165527344 977.468994140625 969.013549804688 974.054382324219 975.872741699219 986.631103515625 991.902709960938 984.692565917969 976.463928222656 980.719177246094 994.268615722656 997.907104492188 995.065185546875 991.463195800781 986.142333984375 988.679992675781 1001.30450439453 1002.62182617188 993.205383300781
956.80810546875 966.679992675781 950.485412597656 938.567565917969 939.900268554688 941.4091796875 938.173828125 944.5966796875 946.014343261719 952.547546386719 959.776062011719 966.014404296875 961.048034667969 960.110534667969 965.718688964844 958.427001953125 955.685974121094 957.942443847656 952.025573730469 949.365661621094 950.046447753906 955.05126953125 957.245483398438 960.941711425781 963.228088378906 968.04443359375 969.337158203125 962.217956542969 964.97509765625 967.161254882812 959.747680664062 969.552062988281 981.044677734375 976.795471191406 976.996643066406 972.928100585938 979.3916015625 986.019409179688 990.902587890625 989.598876953125 985.7607421875 988.665893554688 987.990661621094 994.19873046875 996.674621582031 995.782897949219
961.780944824219 947.828735351562 939.247436523438 946.098327636719 940.854675292969 939.826538085938 943.166015625 945.887878417969 946.588134765625 944.08837890625 950.796813964844 957.820739746094 948.11865234375 960.593200683594 960.976318359375 951.428527832031 957.744812011719 954.468017578125 957.012878417969 954.820434570312 954.088989257812 954.064880371094 954.105712890625 958.002197265625 962.712097167969 965.353393554688 964.521240234375 965.185913085938 963.453552246094 969.380493164062 964.560913085938 967.615966796875 971.286010742188 977.263610839844 977.3359375 977.870971679688 978.384338378906 975.743957519531 982.6826171875 982.44775390625 984.727661132812 994.989135742188 990.340515136719 990.196533203125 995.014770507812 999.08056640625
955.678283691406 942.748107910156 940.839660644531 945.754821777344 939.337951660156 940.618713378906 944.268981933594 947.967529296875 937.989929199219 945.014221191406 943.329895019531 949.592529296875 947.733276367188 951.036315917969 949.636901855469 954.620544433594 951.662231445312 958.163635253906 952.105163574219 957.303588867188 955.03173828125 967.509460449219 958.954406738281 950.301574707031 954.613342285156 956.072387695312 956.267639160156 954.675903320312 958.599365234375 967.474243164062 968.2353515625 966.369384765625 970.914855957031 973.276123046875 973.167907714844 963.935791015625 966.879821777344 975.878967285156 974.627868652344 975.865295410156 982.995300292969 977.063171386719 983.06005859375 989.650512695312 990.802062988281 1001.83587646484
963.087036132812 954.258605957031 949.940307617188 952.528137207031 946.823852539062 945.706970214844 947.019409179688 944.311706542969 938.861877441406 935.9462890625 942.573364257812 940.217041015625 952.042236328125 942.087707519531 946.875305175781 943.419921875 957.607360839844 958.114562988281 951.593933105469 949.397338867188 960.196411132812 965.435302734375 958.209228515625 955.832458496094 970.437194824219 966.355590820312 955.821228027344 960.197814941406 955.736267089844 962.6787109375 962.5654296875 968.485717773438 969.815490722656 969.476196289062 964.94287109375 963.683776855469 961.598449707031 960.082641601562 966.329406738281 970.35009765625 972.88720703125 978.08837890625 971.340881347656 979.660400390625 981.878845214844 989.193908691406
965.560424804688 968.412048339844 953.127868652344 955.104614257812 962.197021484375 957.307189941406 945.669616699219 952.133361816406 938.476013183594 946.10693359375 946.159240722656 946.401733398438 950.846984863281 950.298583984375 947.937194824219 952.214233398438 951.723266601562 948.495727539062 948.649780273438 960.3642578125 956.031127929688 955.452392578125 958.261901855469 962.821350097656 969.995056152344 965.668518066406 965.348083496094 962.639892578125 960.432495117188 959.121032714844 950.783569335938 969.623046875 969.527099609375 969.382934570312 966.831665039062 961.214965820312 961.363159179688 959.375427246094 957.734130859375 966.111755371094 968.404541015625 975.442687988281 977.7275390625 982.09619140625 979.552856445312 987.972717285156
959.160583496094 964.879455566406 958.8359375 955.29736328125 969.207885742188 957.275268554688 946.257995605469 951.867553710938 948.377624511719 948.595520019531 945.254028320312 942.83447265625 947.742980957031 951.6728515625 952.008728027344 947.775268554688 947.782348632812 951.604919433594 946.138061523438 950.11083984375 945.842956542969 945.633056640625 946.661804199219 952.86328125 965.379150390625 969.680969238281 964.301635742188 969.711730957031 962.719970703125 965.170532226562 955.536010742188 965.861755371094 963.459777832031 967.415344238281 967.620727539062 965.697204589844 956.997924804688 949.312561035156 955.301452636719 964.720886230469 973.537719726562 968.882934570312 972.962097167969 977.454528808594 976.866760253906 984.594604492188
968.480163574219 970.702026367188 967.530944824219 949.257080078125 950.548522949219 954.792236328125 945.757690429688 948.786315917969 943.555358886719 942.604064941406 940.047119140625 948.911743164062 953.966430664062 957.933532714844 955.352172851562 954.811889648438 954.186279296875 954.76708984375 939.186767578125 943.257873535156 947.504516601562 943.954162597656 945.200256347656 952.614624023438 961.235229492188 972.1328125 969.303100585938 970.624450683594 960.209167480469 957.577209472656 959.9140625 972.550842285156 965.505981445312 967.334411621094 965.066467285156 964.578552246094 960.564208984375 961.970397949219 958.223876953125 964.883056640625 966.782836914062 968.563659667969 970.431884765625 968.619506835938 973.58154296875 982.589111328125
960.276977539062 967.459533691406 955.932373046875 945.169921875 949.022155761719 949.043518066406 945.282348632812 945.260925292969 942.548889160156 938.921630859375 945.893005371094 957.3720703125 960.825500488281 965.108032226562 958.112670898438 960.541870117188 957.796630859375 955.187377929688 950.020080566406 947.870971679688 948.669372558594 955.109375 954.174133300781 963.190795898438 959.271911621094 968.291931152344 969.480224609375 968.726501464844 959.711120605469 959.43212890625 953.788513183594 965.566162109375 963.975219726562 971.599426269531 965.403259277344 963.308715820312 967.96240234375 960.885925292969 966.195556640625 972.041320800781 967.02099609375 967.079956054688 965.482360839844 966.296936035156 969.095886230469 973.297302246094
966.22314453125 968.591125488281 963.215209960938 950.950134277344 949.934326171875 947.205383300781 937.976806640625 938.299438476562 943.370422363281 940.201232910156 950.869445800781 950.842895507812 960.899597167969 966.302307128906 966.824462890625 970.985595703125 964.576721191406 961.066162109375 958.513366699219 952.501953125 958.118713378906 957.588623046875 958.515930175781 962.180541992188 961.27685546875 970.873901367188 971.582824707031 964.170715332031 958.191040039062 954.123962402344 958.960021972656 962.718383789062 963.258728027344 970.604553222656 977.056396484375 978.499694824219 980.008239746094 979.751159667969 976.164916992188 974.264038085938 975.559936523438 966.6982421875 971.015686035156 976.868103027344 968.674438476562 969.721923828125
964.198303222656 976.426025390625 961.716186523438 951.274658203125 954.498168945312 949.293090820312 945.901306152344 939.564758300781 941.428588867188 943.040222167969 958.373168945312 956.0400390625 968.402099609375 969.549987792969 971.465759277344 976.482177734375 973.7939453125 960.361267089844 961.660583496094 951.383483886719 957.992126464844 965.000061035156 964.528625488281 957.868041992188 968.4248046875 966.420471191406 965.088684082031 962.043212890625 954.107543945312 952.791625976562 960.892272949219 961.408996582031 970.799987792969 969.290588378906 969.981201171875 985.667663574219 984.568481445312 979.63916015625 983.984436035156 984.150329589844 980.06640625 976.001770019531 971.964538574219 969.62890625 967.681884765625 975.320068359375
973.490234375 976.564025878906 957.662231445312 950.934204101562 951.449279785156 945.818115234375 952.90087890625 944.344787597656 932.9287109375 946.557189941406 953.938232421875 963.220825195312 979.2880859375 978.085021972656 975.567138671875 978.851684570312 971.75048828125 963.477600097656 960.434143066406 963.385559082031 957.289855957031 962.4384765625 963.698425292969 969.554626464844 973.655456542969 966.736267089844 967.364135742188 959.758666992188 957.048645019531 949.389526367188 961.140747070312 969.556762695312 966.763671875 974.568237304688 977.348876953125 974.973205566406 985.438537597656 984.276794433594 983.737609863281 981.192626953125 981.372680664062 979.6328125 972.646728515625 965.649230957031 967.281005859375 974.339782714844
983.199157714844 977.833068847656 963.712951660156 960.578247070312 949.451477050781 952.775817871094 954.094848632812 947.922302246094 947.187377929688 949.313049316406 957.389343261719 967.544799804688 980.916931152344 985.786499023438 984.712280273438 987.413513183594 984.991455078125 974.246459960938 963.067016601562 970.087951660156 971.570007324219 974.101806640625 976.605407714844 972.541381835938 977.722106933594 969.925537109375 958.671630859375 958.928283691406 963.520385742188 953.831115722656 958.570983886719 959.709533691406 975.701538085938 978.675048828125 986.669738769531 982.454956054688 980.114929199219 978.612548828125 981.452270507812 985.053283691406 981.041198730469 985.921264648438 981.057739257812 977.288513183594 976.804870605469 969.60595703125
978.45556640625 972.492919921875 962.719970703125 953.561218261719 949.737487792969 960.968505859375 950.015441894531 958.57080078125 947.226745605469 956.030090332031 958.981018066406 970.799926757812 975.2587890625 979.393615722656 988.078918457031 989.016540527344 986.444152832031 983.302490234375 984.293273925781 979.447570800781 977.569396972656 975.833740234375 981.589233398438 972.630126953125 979.658630371094 971.684509277344 960.874450683594 956.148803710938 966.269165039062 956.455383300781 948.928649902344 955.858093261719 978.1923828125 978.492797851562 984.483642578125 985.814758300781 979.0068359375 978.760070800781 978.17041015625 979.645324707031 979.780639648438 981.188842773438 975.3916015625 978.156005859375 969.4638671875 971.642944335938
980.365661621094 974.212280273438 959.527770996094 957.346923828125 951.19921875 964.069396972656 953.373046875 950.191467285156 953.24951171875 962.898620605469 966.076538085938 963.24169921875 969.650085449219 982.141662597656 983.642517089844 987.192687988281 985.148315429688 985.177062988281 983.833374023438 989.64794921875 987.652893066406 979.526000976562 980.537536621094 982.127258300781 979.662536621094 965.694519042969 965.581909179688 961.538818359375 963.636474609375 958.220764160156 955.880493164062 954.923278808594 981.184997558594 981.941223144531 982.363952636719 985.055419921875 977.249145507812 975.817443847656 969.389831542969 974.333923339844 979.455261230469 969.856018066406 983.08984375 977.946228027344 978.705749511719 978.665161132812
968.132019042969 966.806030273438 967.630859375 956.504455566406 959.128295898438 956.565063476562 949.419616699219 948.801879882812 957.08984375 967.60693359375 961.1201171875 969.947998046875 970.551147460938 982.802185058594 981.174072265625 980.516845703125 984.757385253906 974.116760253906 977.858337402344 983.250305175781 985.145202636719 980.221252441406 982.611328125 984.179931640625 980.631225585938 971.20458984375 966.052185058594 967.077758789062 968.436340332031 964.180114746094 958.444396972656 967.386535644531 971.264892578125 973.107299804688 974.748718261719 981.407104492188 972.589599609375 975.216186523438 973.947998046875 977.332275390625 977.285766601562 970.726684570312 980.214233398438 971.926147460938 979.717651367188 977.855041503906
972.113220214844 966.706604003906 961.642639160156 964.889038085938 963.088439941406 949.171813964844 949.062255859375 955.924987792969 953.691528320312 956.063659667969 968.572814941406 970.056884765625 974.235900878906 978.054870605469 979.538879394531 974.987365722656 981.34423828125 984.401733398438 978.406494140625 982.968688964844 985.891418457031 977.160278320312 989.219970703125 988.405822753906 973.289978027344 967.666564941406 973.873840332031 977.407470703125 971.448303222656 973.592895507812 966.578186035156 972.534851074219 973.471069335938 968.303588867188 966.76708984375 969.114868164062 974.298645019531 974.939331054688 968.398254394531 972.829406738281 972.4619140625 970.732543945312 981.030883789062 972.119873046875 980.845825195312 968.953247070312
