data/zlatibor_dem_simulations/DEMsim93.asc
NCOLS 150
NROWS 100
XLLCORNER 7394249
YLLCORNER 4841999
CELLSIZE 30
NODATA_VALUE -9999
[rows 80 to 99 of 100, columns 46 to 91 of 150]
1020.88293457031 1017.90838623047 1017.36145019531 1016.16955566406 1020.46508789062 1013.09545898438 996.061584472656 997.421081542969 992.604309082031 996.151123046875 985.634033203125 979.903442382812 989.80224609375 984.47998046875 978.808288574219 974.774108886719 970.474304199219 975.979125976562 977.538818359375 973.787170410156 978.668212890625 974.681396484375 973.948608398438 992.825988769531 997.794128417969 990.611511230469 994.522583007812 994.762512207031 996.303100585938 997.031799316406 1001.97570800781 994.713439941406 996.539245605469 1007.30279541016 1013.7734375 1009.666015625 1002.49499511719 995.723876953125 996.9072265625 1003.43139648438 996.171691894531 994.6611328125 995.731262207031 986.166076660156 1000.48388671875 994.317626953125
1010.19689941406 1012.39758300781 1015.49420166016 1011.44592285156 1015.01171875 1008.34777832031 1004.80053710938 997.582702636719 996.419494628906 988.540771484375 994.711303710938 989.188415527344 982.39990234375 983.842163085938 981.207275390625 985.360961914062 978.438354492188 972.091796875 972.083557128906 979.202514648438 979.304382324219 973.619140625 978.631469726562 991.368896484375 989.122741699219 986.844848632812 983.949462890625 992.380798339844 998.852661132812 991.234313964844 996.00048828125 990.40673828125 990.896118164062 1008.92767333984 1011.09771728516 1010.40020751953 1013.98785400391 999.890319824219 997.309387207031 1004.5927734375 1007.48718261719 991.430297851562 996.731323242188 999.790466308594 1000.13592529297 1000.73968505859
1005.47119140625 1008.29095458984 1005.33917236328 1002.85015869141 1011.0869140625 1003.25506591797 1003.01330566406 997.182189941406 988.461730957031 992.348999023438 987.179565429688 998.22265625 982.95751953125 986.979248046875 979.379333496094 982.237609863281 983.34814453125 986.679931640625 971.141235351562 975.68212890625 976.230712890625 978.651489257812 979.5830078125 987.264953613281 992.689208984375 982.587463378906 984.865478515625 981.997253417969 989.849548339844 989.159057617188 985.923828125 993.0966796875 998.915649414062 1012.38513183594 1008.99462890625 1005.11950683594 1001.81939697266 1001.13208007812 1007.97027587891 1001.02178955078 999.655578613281 999.749267578125 991.696899414062 994.224975585938 997.23486328125 998.054321289062
995.86279296875 1000.25524902344 995.021057128906 1003.60314941406 999.054748535156 997.360534667969 996.559814453125 987.3857421875 990.508911132812 985.072509765625 990.370361328125 984.72021484375 989.942138671875 987.553039550781 981.703369140625 985.880615234375 976.917175292969 984.723266601562 982.777770996094 981.693786621094 982.418090820312 977.891723632812 987.816040039062 987.017761230469 994.575988769531 989.932006835938 982.5576171875 974.10302734375 977.934936523438 983.760986328125 992.306701660156 1000.05993652344 1013.01751708984 1009.67395019531 1003.48620605469 1008.41265869141 1006.76171875 1015.64678955078 1001.39086914062 1007.38647460938 1009.33087158203 1006.09765625 1004.01489257812 989.97998046875 994.620422363281 1001.30969238281
999.931518554688 995.100708007812 995.597839355469 996.074157714844 993.142211914062 996.22412109375 998.263366699219 994.361083984375 988.389709472656 983.961669921875 991.440063476562 988.493408203125 991.873046875 999.712951660156 990.339660644531 984.664428710938 977.015441894531 985.875732421875 979.255432128906 978.679809570312 979.731994628906 984.083068847656 985.278381347656 986.76806640625 987.578308105469 991.446411132812 988.6103515625 987.685119628906 977.0361328125 989.517333984375 987.796508789062 1004.34613037109 1007.14178466797 1010.86743164062 1010.46282958984 1005.6220703125 1007.29479980469 1007.61340332031 1003.93676757812 1001.83245849609 1007.40997314453 1005.67785644531 1006.65802001953 1001.00555419922 1000.46337890625 1003.95343017578
990.376708984375 995.173522949219 993.10546875 994.188049316406 999.999633789062 1003.26751708984 999.484436035156 994.30419921875 983.502807617188 991.400512695312 989.527954101562 988.980590820312 993.242614746094 996.239379882812 990.769409179688 983.512756347656 985.266967773438 985.265319824219 982.502136230469 981.9228515625 981.089172363281 978.691162109375 983.882019042969 984.108947753906 985.692749023438 990.005187988281 989.907165527344 989.531127929688 994.650634765625 987.05126953125 990.877380371094 994.076293945312 991.768127441406 994.542297363281 1005.21813964844 1008.32800292969 1008.05004882812 1009.70269775391 1009.095703125 1007.47613525391 1006.81481933594 1002.45617675781 1002.46643066406 1007.72479248047 1003.05590820312 1002.78881835938
982.267944335938 989.300170898438 989.412536621094 990.698974609375 992.251647949219 1004.66876220703 1003.67077636719 999.14990234375 990.741333007812 995.834228515625 997.787109375 996.836669921875 997.740234375 996.62841796875 999.306030273438 985.042053222656 986.055114746094 985.330871582031 987.081665039062 986.0009765625 988.297973632812 980.509765625 985.067443847656 985.791687011719 985.986999511719 981.497375488281 987.801452636719 987.474304199219 989.545043945312 999.290283203125 993.429138183594 995.679931640625 990.812072753906 996.403076171875 999.364013671875 1005.76385498047 1016.48693847656 1013.56597900391 1016.86541748047 1005.07873535156 1000.28204345703 998.337219238281 1007.52471923828 1000.388671875 1006.39544677734 998.34716796875
991.603454589844 989.626037597656 990.037719726562 987.383666992188 992.941345214844 996.111694335938 994.685546875 1001.14520263672 999.836730957031 1001.60534667969 1002.58135986328 996.823303222656 995.047668457031 991.988525390625 992.417724609375 991.640563964844 988.382080078125 992.363647460938 993.213928222656 995.385681152344 1000.56372070312 981.919555664062 984.933898925781 986.204650878906 986.223571777344 988.47216796875 996.294738769531 999.494079589844 997.166809082031 993.307495117188 990.893432617188 991.702453613281 996.637268066406 998.464721679688 996.839782714844 996.137939453125 1010.10791015625 1009.62969970703 1003.11779785156 1000.66613769531 1002.23016357422 997.080383300781 1003.62908935547 1003.07373046875 1006.19213867188 1000.27587890625
984.145690917969 981.586975097656 988.097106933594 990.515502929688 986.545043945312 993.639831542969 996.519653320312 998.472106933594 1002.60961914062 1004.21942138672 996.755493164062 1000.64404296875 996.749938964844 994.982543945312 991.802062988281 991.915771484375 1000.61975097656 991.272644042969 996.250061035156 1001.04150390625 999.259704589844 990.559448242188 987.905944824219 984.006530761719 987.208435058594 987.747009277344 995.77685546875 1001.20367431641 997.739074707031 988.234313964844 990.784240722656 990.120178222656 996.413391113281 994.478210449219 999.944580078125 1000.60345458984 1001.5224609375 1007.076171875 1002.23742675781 1007.37176513672 1006.61553955078 1009.91162109375 1013.63684082031 1011.61431884766 995.426208496094 992.435607910156
975.876403808594 986.151000976562 984.713073730469 989.1298828125 993.02001953125 987.365905761719 992.920227050781 1002.18896484375 997.904235839844 998.281127929688 1001.44934082031 1004.93804931641 1003.72009277344 1003.30377197266 996.072875976562 989.630676269531 990.796691894531 1000.70758056641 990.991821289062 991.825256347656 998.908203125 987.873107910156 994.519165039062 991.058837890625 995.998657226562 989.080688476562 994.875671386719 995.902587890625 995.678527832031 991.561706542969 995.108520507812 997.788818359375 998.106201171875 1001.91510009766 1004.81750488281 1000.08044433594 1008.69982910156 1003.29699707031 1002.50299072266 1004.74377441406 1001.8525390625 1004.12066650391 1012.40307617188 1007.21020507812 1002.05578613281 994.677429199219
979.168273925781 989.40283203125 992.901794433594 990.505676269531 990.192260742188 987.607727050781 988.962768554688 999.183166503906 1003.078125 1011.23822021484 1002.4365234375 1005.43078613281 1012.83941650391 1004.77410888672 994.380737304688 994.722839355469 990.857238769531 989.374389648438 984.485778808594 983.498291015625 989.790893554688 996.265686035156 998.365173339844 992.143127441406 994.734741210938 1000.38140869141 1002.35211181641 1000.62487792969 1003.55718994141 999.164306640625 987.813415527344 987.090148925781 996.287475585938 1000.06256103516 1004.42547607422 997.241333007812 1001.33850097656 1002.58819580078 1007.02703857422 1008.98138427734 1016.55932617188 1008.08709716797 1013.75354003906 1011.14910888672 1006.48992919922 1006.12103271484
982.893981933594 989.170776367188 991.054992675781 991.6943359375 996.017028808594 985.950988769531 988.310729980469 1000.42913818359 1007.48504638672 1000.72900390625 996.99169921875 999.466552734375 1015.26281738281 1006.46057128906 999.82421875 1008.33685302734 1008.29278564453 996.794799804688 989.733215332031 989.978454589844 995.771179199219 1003.23193359375 998.217346191406 994.28662109375 992.068359375 996.924499511719 1000.48614501953 996.411254882812 992.743530273438 997.709838867188 995.081665039062 992.680114746094 992.985473632812 998.405700683594 995.66748046875 1001.65924072266 996.066772460938 995.874572753906 998.310729980469 997.404296875 1011.23907470703 1006.06268310547 1004.04376220703 1010.09161376953 1009.3408203125 1013.15045166016
985.017883300781 979.609069824219 984.181762695312 984.60888671875 988.70166015625 983.888916015625 992.905639648438 1003.27038574219 994.610473632812 998.535217285156 1005.03759765625 1007.04864501953 1016.78625488281 1009.71893310547 1005.58172607422 1011.22583007812 1005.91595458984 996.81982421875 997.680297851562 995.079833984375 998.175659179688 997.317810058594 988.484741210938 984.74365234375 1002.00177001953 998.362548828125 1000.83111572266 996.120666503906 999.424743652344 992.839477539062 992.216979980469 990.278930664062 992.566345214844 995.892822265625 1000.96276855469 994.488403320312 995.941101074219 998.1435546875 997.468200683594 1004.00152587891 1009.06951904297 1004.82635498047 1008.23431396484 1011.27056884766 1007.95739746094 1008.76940917969
979.872009277344 981.910278320312 986.314208984375 988.184326171875 984.732299804688 986.239013671875 993.46435546875 1008.3671875 1004.18524169922 1000.22570800781 1000.88220214844 1005.67071533203 1015.63916015625 1018.05072021484 1021.51959228516 1020.09838867188 1010.41375732422 1013.68664550781 1012.20843505859 1000.90576171875 1006.33428955078 998.507263183594 993.737426757812 992.596862792969 998.67529296875 1004.45379638672 1009.84338378906 1003.93664550781 1001.08734130859 989.586547851562 990.447570800781 994.336486816406 999.232177734375 1000.24017333984 998.311706542969 997.183715820312 991.617553710938 997.376342773438 1000.23779296875 1009.12725830078 1010.48950195312 1006.74578857422 1006.73889160156 1010.17730712891 1008.18017578125 1005.66229248047
978.167297363281 981.8662109375 980.312255859375 984.880126953125 983.673950195312 987.607666015625 994.726257324219 1004.37249755859 1003.89001464844 994.629028320312 1002.95141601562 1004.84094238281 1010.85705566406 1014.15612792969 1017.41296386719 1013.35260009766 1011.75390625 1011.74273681641 1010.94097900391 1009.76336669922 1005.91302490234 1004.1572265625 1009.91351318359 1000.84301757812 1004.65142822266 998.546020507812 1004.43096923828 1006.56225585938 999.50341796875 1000.10412597656 998.700134277344 1005.29455566406 1000.83837890625 993.379089355469 1000.32110595703 1003.69934082031 998.077941894531 997.123229980469 1000.37243652344 1003.73913574219 1006.68017578125 1012.33776855469 1013.05584716797 1006.20349121094 1009.30334472656 1008.74652099609
985.741638183594 975.398132324219 979.638244628906 989.441162109375 985.665893554688 987.890869140625 994.4599609375 998.310485839844 1004.9599609375 1000.06384277344 1009.37884521484 1009.64862060547 1014.55401611328 1014.50915527344 1015.78942871094 1017.79034423828 1027.62365722656 1020.0029296875 1027.4990234375 1015.44390869141 1020.30126953125 1011.10736083984 1006.01141357422 999.048767089844 1005.70977783203 1005.53015136719 1004.65362548828 998.248352050781 998.35107421875 1004.35119628906 1004.92138671875 1007.33441162109 1001.08392333984 998.957763671875 1004.30194091797 1000.63214111328 998.001708984375 1001.35711669922 1010.76751708984 1002.42230224609 1002.89733886719 1006.35736083984 1006.41479492188 1011.330078125 1011.52038574219 1015.85296630859
979.905639648438 980.703247070312 982.602294921875 994.786010742188 985.723449707031 984.599182128906 995.819885253906 1006.78692626953 1012.10705566406 1016.12219238281 1021.32879638672 1018.53094482422 1025.96447753906 1018.30218505859 1013.11218261719 1014.56896972656 1026.06750488281 1020.82287597656 1026.04333496094 1025.20263671875 1021.91748046875 1018.27172851562 1001.83715820312 998.147033691406 1008.31921386719 998.1083984375 1002.10876464844 999.309265136719 1003.76232910156 1006.98498535156 1007.80303955078 997.063110351562 1005.49627685547 997.971618652344 1009.96807861328 1008.41186523438 1004.37310791016 1002.23541259766 999.169860839844 1003.94604492188 1010.63189697266 1000.07995605469 1012.61102294922 1015.05242919922 1016.27917480469 1011.73541259766
972.929321289062 982.765930175781 986.63623046875 987.992553710938 985.337097167969 979.165893554688 985.731262207031 1003.62445068359 1017.22351074219 1014.27130126953 1016.33367919922 1021.17535400391 1022.69787597656 1019.39422607422 1014.666015625 1012.86297607422 1012.47009277344 1016.19940185547 1022.29425048828 1019.59332275391 1020.71710205078 1011.13586425781 996.217651367188 998.938903808594 1002.84381103516 1008.39813232422 1007.80737304688 1003.41217041016 1014.28173828125 1004.45922851562 1007.28967285156 1005.99926757812 1006.56762695312 1005.40850830078 1007.65405273438 1004.08123779297 1002.94848632812 1002.4609375 1002.99847412109 1005.06848144531 1007.75927734375 1005.69378662109 1009.91729736328 1015.6416015625 1015.97698974609 1011.27355957031
968.860229492188 980.739135742188 980.518676757812 980.545593261719 980.876708984375 986.409606933594 992.556884765625 999.490112304688 1013.75592041016 1018.01293945312 1005.65710449219 1012.73968505859 1015.15948486328 1021.16345214844 1013.97906494141 1011.84924316406 1012.48590087891 1013.31512451172 1017.50854492188 1027.38232421875 1015.14892578125 1010.50079345703 1008.37615966797 1006.00830078125 1009.49975585938 1016.00701904297 1013.49267578125 1014.31036376953 1017.26818847656 1008.73547363281 1007.73968505859 1003.291015625 1002.52325439453 1014.75012207031 999.240478515625 1000.44763183594 1005.89196777344 1006.66687011719 1006.12316894531 1006.30334472656 1002.00439453125 1003.73162841797 1003.34777832031 1001.55389404297 1007.26470947266 1016.81994628906
976.005126953125 979.665161132812 984.709777832031 978.55712890625 981.371948242188 990.1904296875 986.595581054688 989.508850097656 1012.04516601562 1007.91656494141 1006.46649169922 1009.91271972656 1020.29302978516 1009.94458007812 1010.93377685547 1012.76904296875 1006.43774414062 1000.97467041016 1003.27587890625 1008.12384033203 1008.17797851562 997.372802734375 1010.02484130859 1010.09216308594 1015.95727539062 1019.55932617188 1014.27764892578 1019.44744873047 1026.94848632812 1018.38537597656 1012.63464355469 1009.76458740234 1006.63262939453 1015.33905029297 1006.43200683594 995.669311523438 1002.98120117188 1004.54974365234 1001.57305908203 1003.43426513672 993.868103027344 1005.58697509766 1004.33801269531 1003.76721191406 1001.408203125 1012.83068847656
