data/zlatibor_dem_simulations/DEMsim82.asc
NCOLS 150
NROWS 100
XLLCORNER 7394249
YLLCORNER 4841999
CELLSIZE 30
NODATA_VALUE -9999
[rows 60 to 79 of 100, columns 46 to 91 of 150]
940.965759277344 946.002746582031 952.780029296875 955.918395996094 954.49462890625 950.161010742188 950.098327636719 960.711730957031 962.665222167969 957.259094238281 952.011779785156 957.517272949219 963.994201660156 962.200378417969 962.45166015625 959.625 956.316528320312 954.375122070312 955.513305664062 958.963745117188 964.616455078125 962.148803710938 957.755676269531 961.176574707031 964.094848632812 974.539489746094 969.921325683594 965.169372558594 968.5908203125 965.179809570312 966.74951171875 962.3583984375 971.750366210938 970.105651855469 968.155883789062 977.124694824219 979.164306640625 974.344543457031 975.962707519531 969.78955078125 972.460754394531 965.265197753906 965.789367675781 969.430419921875 966.381958007812 961.073181152344
946.648742675781 955.666137695312 958.136352539062 952.631896972656 952.399963378906 951.921508789062 963.5771484375 960.476745605469 963.663208007812 959.434509277344 959.706420898438 959.177368164062 957.536315917969 958.939758300781 966.013793945312 962.0888671875 969.297729492188 969.119934082031 968.462097167969 963.586486816406 969.412048339844 969.5078125 959.886352539062 964.810302734375 959.983337402344 967.3095703125 958.160827636719 960.734130859375 965.103576660156 964.173278808594 961.830200195312 966.607543945312 969.927001953125 972.284606933594 971.671142578125 972.932800292969 971.774291992188 965.191284179688 971.418518066406 969.7158203125 970.875427246094 979.493591308594 974.625915527344 970.426391601562 967.369018554688 963.931579589844
954.25390625 949.071533203125 954.400329589844 946.348815917969 936.176025390625 946.470703125 951.980529785156 960.094909667969 969.87353515625 961.605773925781 962.490905761719 955.745178222656 965.581604003906 962.654418945312 962.415283203125 968.896484375 965.68505859375 978.524475097656 968.874633789062 961.745666503906 974.10791015625 976.528137207031 970.68896484375 966.75 957.585510253906 964.722229003906 960.971557617188 961.394592285156 965.116455078125 970.909057617188 968.560180664062 972.360656738281 967.312744140625 969.494384765625 972.2890625 965.830932617188 970.44970703125 967.813781738281 967.044921875 971.836791992188 973.116638183594 978.143188476562 978.059326171875 975.718505859375 965.838684082031 960.597839355469
956.287048339844 949.937438964844 947.386047363281 941.599548339844 943.484619140625 946.951538085938 958.499694824219 969.3525390625 969.33935546875 961.891357421875 963.570495605469 959.646179199219 967.351745605469 970.195861816406 968.5986328125 966.876342773438 972.374755859375 976.016479492188 966.713989257812 960.875244140625 968.560729980469 972.101257324219 973.231506347656 967.955871582031 968.198303222656 973.049560546875 968.871459960938 968.660217285156 966.00390625 972.734252929688 972.55224609375 968.366333007812 967.674499511719 969.651184082031 968.340270996094 966.188354492188 971.76025390625 966.028137207031 962.909790039062 969.956359863281 982.000183105469 987.17041015625 979.447509765625 973.448425292969 971.086975097656 965.159057617188
963.379211425781 959.241271972656 953.674438476562 945.30419921875 954.051818847656 950.733459472656 962.415588378906 965.262451171875 966.391296386719 970.605163574219 966.506896972656 965.349304199219 970.901428222656 960.755737304688 966.845825195312 967.021606445312 973.139404296875 967.236389160156 965.653503417969 964.037231445312 968.086242675781 972.1787109375 975.204345703125 971.889404296875 976.867919921875 977.103698730469 975.2275390625 972.984680175781 970.249755859375 972.593322753906 981.314575195312 968.80029296875 961.309265136719 965.297607421875 967.87646484375 976.78076171875 977.921569824219 976.360656738281 958.636413574219 971.9130859375 976.215026855469 973.823486328125 978.480834960938 974.388854980469 966.983093261719 968.072814941406
963.038391113281 962.868225097656 960.133972167969 960.110778808594 967.520751953125 968.882873535156 973.709228515625 968.306579589844 963.904235839844 970.560485839844 972.042175292969 979.112731933594 976.045959472656 976.579223632812 967.692138671875 965.874145507812 964.005859375 964.615539550781 966.851684570312 965.150268554688 964.966369628906 968.488647460938 973.444213867188 974.653503417969 973.565490722656 972.050170898438 982.823059082031 976.41552734375 978.8017578125 983.269104003906 977.453552246094 968.255859375 965.244384765625 968.849914550781 975.932495117188 977.3828125 982.779174804688 974.313659667969 970.838562011719 967.362670898438 982.494018554688 981.984802246094 979.787841796875 978.156799316406 971.700622558594 972.474487304688
969.93896484375 969.348571777344 970.075134277344 965.988586425781 970.946350097656 972.917602539062 969.126525878906 978.975280761719 971.046508789062 973.786499023438 977.965759277344 983.417297363281 977.69482421875 978.173828125 971.479431152344 969.468811035156 964.039367675781 966.410949707031 962.782287597656 959.410522460938 962.457092285156 967.985412597656 972.202270507812 970.161010742188 972.640441894531 978.091125488281 973.7197265625 975.922302246094 978.453979492188 979.557800292969 980.731994628906 970.228393554688 970.563781738281 966.5615234375 974.543395996094 983.229248046875 984.894104003906 985.822387695312 984.445434570312 994.033630371094 986.102600097656 978.154541015625 972.596130371094 969.0009765625 971.06494140625 976.96435546875
975.380737304688 972.541931152344 979.057189941406 977.911071777344 976.093383789062 972.963439941406 979.307067871094 983.885559082031 977.701110839844 974.811767578125 978.317993164062 974.013732910156 968.4599609375 969.199340820312 969.382690429688 963.871276855469 958.345458984375 962.83984375 964.737609863281 960.386962890625 957.121276855469 964.557250976562 964.915100097656 964.970764160156 977.211364746094 979.805419921875 980.849548339844 974.871459960938 981.076965332031 979.696228027344 971.361938476562 969.337707519531 973.006286621094 972.228088378906 972.001281738281 981.474365234375 980.892700195312 978.790283203125 985.507263183594 985.261535644531 984.006713867188 979.742919921875 980.756652832031 974.36865234375 977.916381835938 982.880004882812
983.046813964844 981.569641113281 984.365844726562 974.759643554688 968.4658203125 986.362426757812 979.089050292969 981.773071289062 972.425415039062 971.056396484375 983.821472167969 977.594299316406 972.986206054688 971.412292480469 971.315551757812 966.438232421875 961.943115234375 958.79736328125 961.817687988281 963.372863769531 964.537658691406 968.552490234375 960.384948730469 967.9619140625 976.459777832031 969.345520019531 975.856994628906 980.328735351562 980.46142578125 970.580139160156 980.600280761719 972.870971679688 988.1083984375 979.009948730469 974.7314453125 977.044006347656 974.342224121094 984.865173339844 985.634887695312 980.7109375 989.254455566406 984.324401855469 979.64111328125 975.727172851562 976.33203125 978.7041015625
996.983337402344 990.893981933594 986.982971191406 983.677368164062 984.694519042969 981.817016601562 983.4130859375 990.369934082031 988.100036621094 983.113342285156 987.046691894531 987.471496582031 978.355712890625 971.911254882812 968.804077148438 968.819030761719 963.066589355469 966.038452148438 959.695190429688 964.638427734375 971.475280761719 973.91845703125 962.800964355469 970.827026367188 971.724304199219 968.551696777344 979.858642578125 974.981323242188 967.700866699219 973.912780761719 984.224304199219 986.872314453125 990.169494628906 982.598266601562 980.075012207031 985.492309570312 981.135009765625 984.081176757812 984.505432128906 981.176818847656 983.873107910156 986.237243652344 977.934204101562 971.901123046875 969.914001464844 971.020690917969
994.684509277344 986.780151367188 982.627685546875 985.321044921875 988.687377929688 984.740661621094 990.441223144531 986.023071289062 982.898803710938 976.7451171875 983.520935058594 981.499816894531 982.057678222656 979.614318847656 979.592590332031 968.301086425781 966.217590332031 967.827087402344 963.232788085938 972.208312988281 975.978332519531 978.644897460938 973.407592773438 970.553588867188 963.968872070312 974.112060546875 976.035095214844 976.175476074219 974.348693847656 976.347534179688 978.563293457031 980.408630371094 982.330993652344 983.510620117188 975.945556640625 981.199768066406 980.822204589844 983.874755859375 986.751159667969 983.187133789062 984.462341308594 985.776428222656 983.422912597656 975.33447265625 970.399780273438 972.713928222656
992.357421875 989.269409179688 989.924255371094 992.092224121094 998.892272949219 990.796630859375 994.336120605469 987.71630859375 981.401672363281 976.820739746094 971.008178710938 978.3662109375 978.189453125 977.288757324219 970.731628417969 967.031921386719 968.094177246094 972.536743164062 973.161376953125 977.127319335938 971.110534667969 971.938537597656 977.764953613281 969.952270507812 969.978698730469 979.715698242188 975.231994628906 985.591369628906 987.189575195312 989.213073730469 989.355651855469 993.179016113281 988.930603027344 982.706359863281 976.661743164062 987.293334960938 986.260986328125 995.840087890625 995.215087890625 991.372802734375 992.02685546875 984.631469726562 976.493347167969 988.954650878906 974.384094238281 985.434204101562
999.180236816406 996.108520507812 993.134765625 1001.00109863281 995.356811523438 993.470703125 993.266845703125 993.671508789062 991.464172363281 978.644897460938 982.348876953125 987.586730957031 978.465270996094 976.110412597656 965.426330566406 974.149719238281 973.428344726562 981.02685546875 975.96337890625 974.183898925781 978.195373535156 975.101318359375 978.972412109375 981.711364746094 978.315612792969 985.592895507812 978.145141601562 988.453063964844 990.349426269531 996.328918457031 989.322143554688 993.852905273438 980.061462402344 979.942199707031 989.021240234375 986.424987792969 986.393249511719 998.349365234375 999.8466796875 994.937744140625 988.375610351562 980.8544921875 980.526977539062 978.824462890625 980.664245605469 981.653869628906
996.3330078125 999.071044921875 1003.11193847656 995.516723632812 999.344299316406 991.739929199219 991.527770996094 994.319641113281 987.980773925781 988.418212890625 981.949035644531 978.798828125 986.257263183594 976.094665527344 967.468994140625 975.207641601562 976.704284667969 981.715270996094 974.427368164062 977.586120605469 979.487609863281 983.841613769531 977.1396484375 986.376342773438 987.077087402344 984.477600097656 976.498352050781 988.24951171875 1000.11773681641 993.412719726562 987.053955078125 991.121643066406 992.486877441406 981.455932617188 976.466125488281 986.163696289062 992.316711425781 996.924987792969 1002.68475341797 996.305908203125 986.460510253906 980.63525390625 971.801086425781 983.16357421875 986.142517089844 985.78662109375
997.511474609375 1004.67596435547 1008.30017089844 1000.64715576172 997.394775390625 994.766906738281 986.486450195312 997.190063476562 989.999816894531 987.330261230469 981.411743164062 980.015014648438 981.258972167969 971.0546875 971.696472167969 974.583312988281 971.11767578125 970.520935058594 988.076293945312 979.689208984375 978.100891113281 979.312561035156 977.436157226562 982.905883789062 988.866394042969 987.194946289062 982.826599121094 988.448364257812 996.382507324219 989.977600097656 988.149536132812 986.361267089844 986.305480957031 982.699645996094 981.713195800781 991.845764160156 991.607421875 995.363891601562 999.234924316406 997.819702148438 994.89599609375 982.891723632812 985.956115722656 990.084228515625 990.973937988281 987.379821777344
1003.78662109375 1002.22644042969 1006.00170898438 1002.88415527344 997.117126464844 994.920593261719 1001.64892578125 995.8603515625 985.713195800781 985.437133789062 982.574340820312 979.148498535156 984.45751953125 978.728576660156 971.916809082031 968.427185058594 966.770141601562 972.996765136719 974.652770996094 975.652221679688 976.248413085938 980.44140625 979.129089355469 989.889343261719 990.034240722656 988.223266601562 991.991943359375 991.79248046875 990.990905761719 990.481506347656 987.036865234375 984.091674804688 984.652587890625 984.81640625 983.0908203125 990.289306640625 997.434387207031 998.934387207031 990.715454101562 997.015014648438 998.260803222656 988.079284667969 989.032409667969 985.426696777344 993.941284179688 991.075378417969
1008.0908203125 1014.97583007812 1009.57891845703 1005.40649414062 1001.09460449219 992.692932128906 995.538024902344 993.628479003906 984.134033203125 982.754150390625 973.635314941406 977.727233886719 981.198547363281 978.874633789062 975.388427734375 974.288208007812 976.802307128906 977.926147460938 968.727416992188 968.485229492188 968.772155761719 971.401916503906 978.373291015625 985.890502929688 992.27197265625 988.674133300781 995.59423828125 993.391845703125 995.73486328125 1002.10943603516 995.095886230469 991.644104003906 991.520629882812 992.202209472656 998.851013183594 1001.65502929688 1003.31097412109 997.335693359375 994.847717285156 997.928894042969 996.415283203125 994.369689941406 996.635559082031 993.740661621094 989.303100585938 989.221862792969
1014.64996337891 1019.56573486328 1018.69274902344 1008.24298095703 997.241516113281 997.161499023438 1000.98950195312 1002.04742431641 988.90673828125 981.533386230469 979.550842285156 983.506896972656 986.198120117188 983.837036132812 971.867736816406 974.284423828125 974.893371582031 968.286560058594 974.907287597656 970.38525390625 972.231628417969 978.975402832031 985.503295898438 978.513244628906 983.162170410156 989.452392578125 996.6201171875 989.330017089844 994.83056640625 996.025024414062 991.099548339844 994.932678222656 1002.39086914062 1000.41577148438 1007.85028076172 1002.29541015625 1004.59918212891 999.386962890625 1003.4169921875 994.763854980469 992.301635742188 993.882995605469 998.49755859375 996.205688476562 987.207885742188 985.531982421875
1016.53979492188 1020.90026855469 1007.56475830078 999.701049804688 992.390502929688 998.399780273438 987.247314453125 992.813415527344 992.420104980469 981.331298828125 975.838195800781 980.200134277344 977.240478515625 982.239685058594 977.116760253906 974.979125976562 970.362670898438 969.654113769531 969.211486816406 972.35205078125 978.526794433594 983.990234375 978.689208984375 978.951599121094 982.834228515625 981.895202636719 982.0439453125 987.051513671875 992.27783203125 1006.72686767578 995.449462890625 1006.4248046875 1003.29565429688 1005.38311767578 1010.75360107422 1008.25543212891 1008.13958740234 1004.72985839844 1009.35485839844 1003.87664794922 997.990966796875 987.138977050781 995.140747070312 988.88330078125 988.354187011719 980.19921875
1016.32824707031 1009.92266845703 1000.86828613281 996.970886230469 993.438293457031 991.831665039062 990.520751953125 995.059875488281 994.645812988281 987.948425292969 990.454650878906 989.91943359375 987.4443359375 974.712829589844 972.451354980469 972.207092285156 967.567749023438 974.635498046875 977.371826171875 975.524658203125 980.410278320312 974.055847167969 978.731689453125 981.586791992188 989.921936035156 986.376770019531 985.762390136719 982.946472167969 990.984924316406 999.140869140625 1004.58142089844 1005.66412353516 1002.75708007812 1006.8564453125 1007.71313476562 1007.35797119141 1005.82232666016 1014.93762207031 1007.5810546875 998.382385253906 999.170104980469 995.716125488281 1003.16687011719 998.996032714844 994.0322265625 993.60205078125
