data/zlatibor_dem_simulations/DEMsim43.asc
NCOLS 150
NROWS 100
XLLCORNER 7394249
YLLCORNER 4841999
CELLSIZE 30
NODATA_VALUE -9999
[rows 20 to 39 of 100, columns 0 to 45 of 150]
957.604187011719 962.068481445312 955.925903320312 956.157897949219 963.807434082031 964.904968261719 973.614624023438 970.362060546875 971.160827636719 961.373413085938 960.861755371094 958.255432128906 949.440673828125 958.401245117188 960.526977539062 964.449157714844 980.796813964844 981.841003417969 985.490905761719 984.525146484375 988.735595703125 974.617919921875 971.536376953125 970.858703613281 991.773315429688 1008.01940917969 1009.10968017578 1007.96844482422 1010.20422363281 1010.67315673828 1013.94171142578 1018.70355224609 1019.47894287109 1012.94439697266 1023.06988525391 1028.1767578125 1032.88171386719 1026.98449707031 1033.9697265625 1029.14624023438 1035.25061035156 1036.59558105469 1040.77136230469 1032.53112792969 1029.36010742188 1016.12738037109
949.250793457031 949.269409179688 947.479370117188 956.673828125 951.510620117188 960.785888671875 963.767517089844 967.772766113281 963.069580078125 957.864318847656 950.654357910156 956.351379394531 958.347595214844 955.383728027344 955.60009765625 964.329650878906 967.746459960938 974.354614257812 978.787658691406 978.224975585938 973.677429199219 969.027648925781 975.350280761719 968.197631835938 976.256225585938 999.4697265625 998.545471191406 1000.81219482422 1004.50805664062 1005.89154052734 1005.49755859375 1008.42016601562 1002.97412109375 1005.51556396484 1021.73205566406 1031.61389160156 1035.80578613281 1027.76696777344 1027.47302246094 1029.86376953125 1032.431640625 1024.48205566406 1030.84045410156 1030.60437011719 1020.17791748047 1009.54650878906
952.982177734375 951.620300292969 946.818969726562 942.480773925781 938.57373046875 947.049499511719 960.763977050781 962.766052246094 965.401184082031 960.561889648438 952.060974121094 952.426330566406 950.239379882812 949.268310546875 953.201599121094 959.284545898438 965.586242675781 978.10302734375 977.421630859375 969.111328125 970.262817382812 975.55517578125 978.427612304688 972.193176269531 978.779113769531 989.735168457031 986.573425292969 986.903564453125 1000.04534912109 1007.45538330078 1003.02886962891 1002.15905761719 999.367309570312 1007.87664794922 1010.84216308594 1016.01202392578 1026.83435058594 1020.91851806641 1024.45190429688 1024.9033203125 1021.18151855469 1021.90002441406 1029.34350585938 1018.55200195312 1021.52673339844 1007.71630859375
947.159729003906 951.989929199219 944.562194824219 944.587036132812 927.185180664062 947.51806640625 949.0009765625 954.243041992188 959.223937988281 962.027465820312 957.929321289062 950.410461425781 955.249328613281 959.820434570312 955.759338378906 955.708862304688 959.106384277344 963.964111328125 956.209777832031 966.235046386719 978.816101074219 978.500671386719 979.4443359375 971.097717285156 979.135009765625 978.777709960938 986.607482910156 984.912414550781 993.451721191406 1004.24133300781 999.902526855469 996.138122558594 1002.66796875 1006.97149658203 1007.57006835938 1018.96240234375 1028.54443359375 1021.22161865234 1021.50262451172 1012.89440917969 1008.57879638672 1019.48937988281 1029.93920898438 1013.51654052734 1016.66827392578 1007.34509277344
940.568603515625 948.165161132812 946.189331054688 940.088195800781 938.335083007812 947.747497558594 951.648803710938 955.957702636719 955.303955078125 953.054748535156 962.027160644531 962.344787597656 958.065734863281 952.258178710938 958.895141601562 954.437805175781 968.286193847656 960.915222167969 958.770812988281 960.006713867188 976.458068847656 976.633728027344 977.215393066406 979.230590820312 982.104125976562 988.882141113281 989.81298828125 989.44482421875 997.337646484375 993.171264648438 995.885070800781 997.035827636719 999.779541015625 1000.38061523438 1005.93255615234 1013.49346923828 1017.12701416016 1020.32037353516 1013.46875 1017.03332519531 1009.03179931641 1016.87731933594 1012.57159423828 1004.79058837891 1010.99176025391 1001.17572021484
948.524108886719 942.96728515625 946.7470703125 951.3369140625 945.55517578125 952.76318359375 963.647033691406 959.397155761719 959.170776367188 958.921936035156 960.418334960938 964.825866699219 963.978698730469 958.519287109375 956.695739746094 955.953247070312 957.004028320312 958.434143066406 956.8564453125 962.182189941406 969.86083984375 971.850402832031 973.013427734375 973.235595703125 974.056457519531 984.143371582031 991.915344238281 993.053894042969 996.161499023438 1005.49688720703 999.280639648438 993.169616699219 997.778930664062 999.627197265625 1000.84613037109 1007.16064453125 1012.25897216797 1014.98089599609 1009.40063476562 1008.96844482422 994.794189453125 1005.09484863281 1004.61938476562 997.52197265625 1006.12261962891 1001.73388671875
942.950744628906 955.879638671875 955.340759277344 954.66845703125 953.815185546875 954.763916015625 959.518310546875 958.794494628906 963.235046386719 954.475830078125 966.098815917969 966.748718261719 962.387817382812 964.309265136719 960.168640136719 957.574890136719 964.70703125 965.925354003906 966.480529785156 963.167663574219 972.922058105469 978.171752929688 976.173767089844 976.670715332031 978.276428222656 980.315979003906 981.252563476562 990.885009765625 994.584228515625 1002.68127441406 1001.06207275391 994.689453125 1000.43218994141 997.608032226562 999.781616210938 999.357421875 1004.68231201172 1007.29455566406 1008.24102783203 998.821655273438 987.251281738281 994.569702148438 1003.66436767578 1001.27008056641 1007.27655029297 1001.4169921875
941.491638183594 949.492126464844 955.077270507812 959.994323730469 957.572570800781 956.172180175781 959.516723632812 961.398864746094 964.0322265625 958.040832519531 967.78076171875 967.904479980469 976.711730957031 977.165710449219 970.374633789062 965.939147949219 968.465637207031 972.266296386719 970.253601074219 973.252380371094 987.473876953125 985.278381347656 980.648071289062 984.029052734375 978.83740234375 977.617065429688 981.768859863281 989.52880859375 996.316528320312 989.908081054688 986.935852050781 988.672729492188 995.465515136719 990.112487792969 987.276428222656 993.351989746094 996.1865234375 989.997802734375 1001.14739990234 1000.83734130859 993.4072265625 994.240539550781 995.770141601562 1004.38104248047 996.747436523438 999.06982421875
937.612365722656 940.009094238281 948.975036621094 961.676696777344 956.558044433594 957.6669921875 954.517028808594 957.563720703125 965.797546386719 970.669006347656 969.761657714844 969.568664550781 976.939819335938 975.197937011719 973.980041503906 973.460632324219 966.745971679688 984.158752441406 981.086547851562 987.155334472656 982.586547851562 984.797241210938 981.277648925781 989.756408691406 982.37451171875 985.936828613281 987.403625488281 988.962036132812 990.744812011719 983.528564453125 982.707092285156 983.372680664062 993.824279785156 985.316772460938 986.034240722656 995.2333984375 998.80908203125 991.833251953125 995.605041503906 989.757080078125 977.930114746094 990.264953613281 997.882873535156 993.998291015625 993.123474121094 992.21044921875
927.645446777344 939.290405273438 947.463439941406 953.117370605469 954.053283691406 962.649230957031 958.450988769531 964.562805175781 965.043395996094 962.885314941406 972.719299316406 973.720581054688 969.448913574219 968.585876464844 975.970458984375 968.875305175781 972.30126953125 981.812133789062 985.7919921875 984.205322265625 981.781555175781 973.282775878906 985.432250976562 985.913757324219 985.305786132812 990.064086914062 987.971923828125 992.300659179688 992.170349121094 983.522827148438 983.254333496094 986.602722167969 981.068664550781 976.892822265625 988.44775390625 993.878295898438 993.870361328125 986.216735839844 994.6884765625 979.324890136719 974.630004882812 986.797485351562 986.669006347656 996.258422851562 994.719299316406 988.534057617188
931.932250976562 938.485229492188 959.002502441406 964.305114746094 967.797912597656 966.306701660156 965.720458984375 960.038513183594 961.33349609375 961.880493164062 972.466552734375 975.721923828125 977.488464355469 967.205688476562 963.461303710938 972.207641601562 979.404846191406 987.459777832031 990.722900390625 988.577819824219 981.888061523438 979.671569824219 981.395568847656 979.631408691406 986.310913085938 986.769653320312 986.287719726562 990.034362792969 989.122619628906 980.653564453125 985.745422363281 984.112731933594 981.08837890625 976.169006347656 982.041198730469 987.797790527344 991.973510742188 984.604431152344 985.163269042969 984.212097167969 979.558837890625 991.102233886719 1000.00207519531 1000.70672607422 994.602722167969 992.123901367188
935.263427734375 944.401733398438 956.158081054688 966.641174316406 969.811889648438 967.043029785156 960.356018066406 964.348327636719 966.403381347656 961.283996582031 972.14599609375 977.336181640625 978.968627929688 973.395629882812 969.772521972656 978.144775390625 980.226623535156 983.827819824219 986.518005371094 981.905151367188 978.819641113281 985.883178710938 982.865173339844 983.5419921875 992.149597167969 987.364318847656 982.22412109375 981.631530761719 984.107360839844 976.220336914062 965.756286621094 981.675537109375 982.840270996094 988.661376953125 988.208129882812 986.159057617188 988.927124023438 980.411560058594 982.866638183594 978.288879394531 981.511657714844 983.773315429688 997.508728027344 998.670776367188 992.720397949219 989.287902832031
936.711364746094 945.787414550781 953.892028808594 957.120910644531 962.904968261719 962.134948730469 963.610473632812 967.455444335938 966.736999511719 962.271362304688 972.685791015625 981.165954589844 976.604858398438 976.213256835938 981.338195800781 984.975952148438 981.375854492188 986.61474609375 984.921691894531 982.655517578125 985.778564453125 989.543518066406 987.103393554688 988.365783691406 990.867126464844 987.140930175781 973.403015136719 977.202941894531 983.890197753906 978.906860351562 980.689636230469 983.143920898438 983.033325195312 979.673095703125 982.111694335938 980.231872558594 978.851379394531 985.261108398438 982.748779296875 978.829772949219 979.008911132812 982.47509765625 984.478698730469 986.950744628906 989.264465332031 991.410217285156
941.033874511719 945.472961425781 947.380798339844 959.279724121094 959.939025878906 965.295349121094 968.204284667969 971.831237792969 973.840148925781 977.408630371094 980.390014648438 979.4326171875 980.981750488281 974.640686035156 977.198547363281 971.930419921875 979.235595703125 975.244323730469 978.03515625 980.559814453125 988.545471191406 993.517761230469 991.043334960938 993.3349609375 996.795593261719 990.227783203125 984.246826171875 987.010314941406 986.250915527344 978.193542480469 973.569396972656 983.730102539062 987.408508300781 986.867919921875 983.311096191406 969.116271972656 980.606994628906 982.300598144531 989.360473632812 990.273132324219 978.1650390625 975.147827148438 975.699096679688 976.875854492188 980.650634765625 983.284362792969
939.099853515625 947.818481445312 944.748229980469 958.706115722656 960.299926757812 969.080932617188 970.081420898438 971.689086914062 978.514892578125 979.190856933594 980.103515625 979.301574707031 983.282653808594 979.437377929688 976.640014648438 969.454406738281 974.211181640625 974.550537109375 974.259948730469 967.546325683594 986.357604980469 986.914428710938 984.772827148438 982.687316894531 983.052795410156 980.631652832031 976.300964355469 975.951477050781 984.668823242188 987.607971191406 984.504699707031 988.432678222656 999.077392578125 994.43408203125 981.535522460938 984.294372558594 984.309875488281 984.702270507812 989.278259277344 980.142211914062 976.56494140625 978.605651855469 986.581787109375 987.455505371094 991.725463867188 981.471740722656
955.100402832031 958.427795410156 952.936218261719 961.623413085938 964.625732421875 968.792602539062 970.076599121094 973.732727050781 976.096984863281 977.238037109375 966.082946777344 974.623657226562 976.854064941406 978.272399902344 970.3466796875 970.306884765625 981.363952636719 974.050170898438 975.065551757812 972.157348632812 974.662048339844 980.884399414062 983.467468261719 987.749450683594 981.148803710938 974.281677246094 976.722778320312 976.433288574219 975.374938964844 988.143859863281 978.75732421875 985.189514160156 996.330139160156 991.630249023438 983.355041503906 986.910583496094 992.270080566406 986.013671875 979.632629394531 978.474060058594 974.4111328125 982.350402832031 986.798400878906 983.823425292969 989.253356933594 988.764404296875
951.599487304688 956.402709960938 963.534423828125 970.7939453125 970.347778320312 973.36669921875 974.446960449219 966.725036621094 973.593322753906 969.958801269531 978.441833496094 978.542236328125 973.448364257812 971.006774902344 974.801696777344 968.444030761719 971.257690429688 971.061767578125 976.57177734375 972.844299316406 975.974060058594 981.361145019531 980.540466308594 981.100830078125 986.271484375 982.719604492188 972.144714355469 979.546875 979.326599121094 985.566650390625 988.333801269531 983.222229003906 994.931579589844 986.659423828125 982.275573730469 982.654968261719 993.730834960938 988.007690429688 978.129760742188 978.929260253906 978.888671875 983.560913085938 978.256713867188 978.420837402344 979.416198730469 984.510864257812
945.651062011719 959.1064453125 971.068054199219 970.775024414062 977.773193359375 976.812377929688 980.725280761719 979.192687988281 971.065673828125 982.536010742188 974.1455078125 981.417114257812 973.596130371094 968.671630859375 968.498229980469 966.921508789062 961.689392089844 962.047912597656 971.336791992188 967.800598144531 971.953125 973.465087890625 982.6357421875 977.143005371094 977.951721191406 978.567626953125 981.179504394531 973.454467773438 974.467102050781 978.988342285156 981.147888183594 987.407104492188 985.523986816406 979.322631835938 974.079162597656 979.535949707031 980.882934570312 976.672607421875 969.807861328125 962.840393066406 974.706970214844 974.125915527344 968.049560546875 968.520935058594 975.167236328125 979.020080566406
948.396179199219 955.108337402344 960.481201171875 964.73583984375 974.104858398438 976.765197753906 975.702697753906 975.083679199219 973.502563476562 973.900573730469 972.921203613281 974.550476074219 966.718811035156 969.659606933594 969.240173339844 965.021240234375 966.271362304688 969.799255371094 977.482421875 980.669921875 983.100402832031 982.895812988281 970.86083984375 977.62255859375 977.319274902344 982.401611328125 977.2685546875 971.24755859375 976.14208984375 981.312072753906 981.086669921875 979.444030761719 984.493041992188 980.563720703125 979.415100097656 978.63818359375 974.421508789062 977.671081542969 975.224792480469 974.283325195312 971.050170898438 977.567443847656 970.003295898438 971.152709960938 973.754272460938 979.995849609375
961.292297363281 959.164428710938 958.963256835938 964.735595703125 965.397399902344 969.943054199219 965.565979003906 969.057006835938 961.163452148438 959.120239257812 964.870727539062 965.549621582031 975.107116699219 971.604736328125 967.560791015625 973.839538574219 974.894714355469 979.449951171875 978.999816894531 979.343017578125 982.225402832031 978.420776367188 973.278198242188 971.504211425781 967.059143066406 971.79736328125 983.180725097656 974.533813476562 974.52197265625 980.84423828125 977.235168457031 976.868469238281 975.299682617188 976.626342773438 976.254272460938 971.165161132812 984.356567382812 978.337707519531 979.482727050781 971.325561523438 980.901062011719 975.3408203125 978.166809082031 976.531982421875 978.565673828125 980.794555664062
