data/zlatibor_dem_simulations/DEMsim43.asc
NCOLS 150
NROWS 100
XLLCORNER 7394249
YLLCORNER 4841999
CELLSIZE 30
NODATA_VALUE -9999
[rows 0 to 19 of 100, columns 92 to 137 of 150]
924.310974121094 931.421997070312 929.365783691406 915.872192382812 904.515991210938 898.053161621094 893.748046875 892.292053222656 882.418762207031 880.460388183594 868.572509765625 865.202880859375 858.574096679688 850.146118164062 849.714782714844 855.282775878906 860.825500488281 863.322082519531 871.313049316406 890.729675292969 893.730346679688 892.867309570312 901.158386230469 909.208312988281 918.101745605469 914.416564941406 922.495300292969 925.652587890625 925.1328125 938.366027832031 948.573852539062 947.359313964844 942.623779296875 958.476928710938 966.566589355469 965.867858886719 974.948547363281 982.275390625 982.08349609375 981.686645507812 995.404418945312 1004.77160644531 1014.07208251953 1022.37963867188 1032.23645019531 1034.28930664062
939.15087890625 934.881774902344 930.371520996094 920.915161132812 905.448608398438 907.563110351562 896.607482910156 892.232238769531 890.816650390625 881.928100585938 876.366638183594 866.227355957031 855.726196289062 859.240173339844 863.5224609375 863.888671875 868.843139648438 866.924438476562 870.295959472656 887.617065429688 894.922607421875 896.591125488281 896.239135742188 901.122314453125 919.517761230469 917.197814941406 919.66796875 917.316162109375 921.698120117188 932.500610351562 937.240966796875 939.637634277344 948.558898925781 959.319396972656 957.047241210938 964.752075195312 973.819763183594 980.02734375 987.554626464844 991.105407714844 997.96435546875 1000.49768066406 1014.16076660156 1030.46154785156 1036.89416503906 1050.08032226562
930.145568847656 929.109497070312 923.059997558594 911.165161132812 905.777893066406 901.403442382812 893.3212890625 885.136474609375 889.0380859375 886.590759277344 880.439819335938 862.302856445312 859.044006347656 867.041259765625 865.779968261719 868.736938476562 872.230224609375 865.763427734375 870.315612792969 888.360717773438 894.770324707031 893.725708007812 900.162414550781 903.098571777344 913.454040527344 926.179626464844 924.695922851562 922.361206054688 919.124267578125 928.593322753906 936.143737792969 934.592346191406 940.647644042969 949.65380859375 956.729614257812 965.906372070312 978.877075195312 981.876403808594 987.080871582031 1001.05590820312 1012.09136962891 1017.13970947266 1027.66235351562 1034.77990722656 1047.85607910156 1054.36328125
924.836364746094 927.924499511719 912.206359863281 913.382080078125 907.223388671875 901.534057617188 890.985778808594 889.591369628906 887.513305664062 886.580383300781 877.674438476562 864.585571289062 863.676574707031 865.786010742188 867.966430664062 864.404846191406 873.226989746094 877.283264160156 879.339965820312 878.361206054688 886.413940429688 894.414916992188 900.119323730469 906.780029296875 913.237548828125 924.789489746094 927.577392578125 921.258361816406 926.529052734375 931.086547851562 931.541076660156 943.964172363281 947.587890625 950.509704589844 959.465209960938 967.735229492188 983.821594238281 987.041687011719 989.542602539062 1001.82849121094 1011.06854248047 1019.98681640625 1029.6591796875 1036.2060546875 1041.32995605469 1050.35534667969
916.027954101562 912.242126464844 902.941101074219 902.454467773438 898.057189941406 893.009216308594 878.668334960938 878.380126953125 884.319030761719 882.086059570312 876.086486816406 876.33447265625 874.51318359375 875.280700683594 873.125061035156 874.344360351562 877.833129882812 874.452209472656 877.379638671875 880.553833007812 883.861328125 893.526794433594 890.026672363281 899.002319335938 915.089599609375 922.221801757812 920.41162109375 926.2822265625 937.383972167969 941.5986328125 946.333312988281 943.982482910156 954.02880859375 958.468933105469 965.668823242188 978.990600585938 986.723754882812 990.250183105469 1005.21850585938 1013.76306152344 1017.24670410156 1027.56372070312 1039.04797363281 1049.29870605469 1048.6708984375 1062.64990234375
915.525207519531 913.249938964844 910.32421875 902.902160644531 898.658813476562 892.367980957031 888.500183105469 888.325073242188 892.961120605469 895.073852539062 891.765014648438 883.848083496094 873.265441894531 876.205505371094 881.770202636719 890.763977050781 881.519836425781 881.127380371094 881.571411132812 878.958801269531 876.877380371094 891.553771972656 892.636901855469 898.400939941406 908.562927246094 924.295837402344 925.475219726562 925.864990234375 943.146728515625 938.232421875 955.438110351562 953.185363769531 947.326477050781 961.965698242188 970.124206542969 970.429809570312 976.689392089844 988.491821289062 1003.47967529297 1007.19287109375 1026.4931640625 1035.82238769531 1041.43994140625 1044.91821289062 1056.54138183594 1069.42932128906
915.379272460938 920.393493652344 912.20849609375 903.331726074219 900.317321777344 902.5888671875 895.001647949219 898.635498046875 894.501831054688 892.144897460938 889.761352539062 886.18701171875 871.887878417969 877.20654296875 887.599060058594 883.661987304688 890.225158691406 886.885437011719 882.399291992188 882.622375488281 881.535339355469 887.983703613281 896.074096679688 901.855895996094 910.317199707031 923.098327636719 928.473999023438 933.925109863281 935.820861816406 938.651000976562 941.503051757812 950.469909667969 943.744873046875 960.747375488281 969.514099121094 974.645141601562 977.517822265625 983.557861328125 998.783081054688 1013.12939453125 1027.90100097656 1040.79113769531 1042.68786621094 1054.62731933594 1059.36059570312 1075.51818847656
922.476135253906 919.35693359375 912.185119628906 910.994384765625 908.395141601562 906.719055175781 901.542907714844 908.372497558594 905.105346679688 906.472229003906 905.94140625 893.492004394531 883.638244628906 884.323303222656 879.137756347656 890.576721191406 899.450073242188 895.777709960938 892.970947265625 889.875610351562 890.409362792969 893.810791015625 908.851013183594 908.369567871094 913.975646972656 913.609008789062 917.234558105469 925.799499511719 928.574157714844 930.500732421875 942.974243164062 940.964294433594 948.879943847656 963.681274414062 966.468200683594 967.091552734375 979.619506835938 982.436706542969 994.823425292969 1019.65783691406 1029.45300292969 1038.74792480469 1054.47692871094 1057.40832519531 1077.88793945312 1093.51135253906
920.678100585938 915.876831054688 917.330444335938 918.213256835938 918.0615234375 910.304077148438 904.549743652344 905.735717773438 913.890930175781 918.461730957031 915.989990234375 906.040832519531 892.924743652344 880.62060546875 893.497131347656 902.7236328125 907.359130859375 903.617919921875 904.133361816406 894.190246582031 893.23828125 895.917236328125 905.46435546875 907.465270996094 911.921752929688 912.456420898438 922.908630371094 924.070678710938 929.260192871094 923.502380371094 943.662414550781 941.265441894531 952.115600585938 966.565612792969 974.87255859375 969.218688964844 971.880615234375 984.285827636719 991.48486328125 1004.38568115234 1023.46978759766 1029.05236816406 1046.28198242188 1064.96813964844 1083.21765136719 1095.35180664062
923.93359375 920.429565429688 920.358032226562 923.996887207031 924.488525390625 916.382629394531 914.077087402344 916.975341796875 920.405212402344 927.004089355469 929.732666015625 923.361938476562 909.369506835938 906.119262695312 910.571472167969 908.472900390625 912.803100585938 914.380065917969 904.205627441406 895.776977539062 904.536865234375 910.718811035156 902.603759765625 912.650024414062 909.090026855469 913.947570800781 920.261047363281 927.224060058594 930.544067382812 940.165771484375 949.764038085938 952.603698730469 957.998962402344 972.117797851562 976.942138671875 982.034362792969 986.003356933594 984.561767578125 992.004943847656 1005.27520751953 1018.43920898438 1030.36413574219 1044.26599121094 1065.5302734375 1081.49340820312 1094.39660644531
929.788452148438 919.544250488281 920.374328613281 924.262878417969 924.574768066406 913.602172851562 927.605407714844 926.638366699219 935.013549804688 936.988952636719 934.237915039062 946.380554199219 926.092712402344 924.002014160156 918.817260742188 922.5732421875 931.809692382812 921.795593261719 905.022033691406 908.502502441406 920.38623046875 915.994262695312 914.290954589844 913.802062988281 928.241760253906 920.854370117188 923.614562988281 921.106628417969 920.313110351562 939.365783691406 946.491882324219 953.860107421875 959.707763671875 969.597106933594 969.969604492188 972.216064453125 981.622802734375 980.622802734375 990.732116699219 1006.85961914062 1024.37536621094 1032.84802246094 1049.56701660156 1059.48059082031 1078.30847167969 1087.84997558594
928.725158691406 921.130187988281 922.109680175781 912.458984375 923.822998046875 922.93505859375 928.049865722656 930.465026855469 935.461059570312 940.732482910156 948.113403320312 948.25927734375 943.058044433594 943.676025390625 937.757751464844 940.008422851562 932.549987792969 918.62353515625 920.918090820312 923.676391601562 926.522766113281 924.5908203125 925.991638183594 920.322326660156 919.938537597656 914.00048828125 915.3330078125 909.565734863281 925.236999511719 938.237609863281 953.835510253906 957.878356933594 961.463928222656 969.699951171875 976.373291015625 966.422546386719 976.302490234375 985.843627929688 999.806701660156 1012.24566650391 1004.17828369141 1024.11267089844 1044.01342773438 1055.17150878906 1072.32641601562 1084.37133789062
932.101013183594 931.556213378906 924.273498535156 919.473022460938 928.777038574219 935.104736328125 942.236999511719 946.205017089844 946.802978515625 953.416137695312 958.449829101562 954.896301269531 952.576965332031 955.183715820312 951.601318359375 948.268371582031 941.179626464844 936.162414550781 926.840942382812 937.056091308594 936.024108886719 933.481323242188 926.5029296875 919.217346191406 914.19287109375 914.938781738281 914.589172363281 922.364624023438 928.560302734375 940.591918945312 950.830871582031 972.615478515625 977.087097167969 979.755065917969 981.717834472656 976.177917480469 977.621215820312 990.663452148438 1001.12561035156 1008.03692626953 1015.70758056641 1030.79223632812 1042.69665527344 1058.6826171875 1067.42956542969 1080.00634765625
941.858642578125 938.036254882812 941.598083496094 932.267456054688 929.54150390625 944.921264648438 949.779907226562 954.164794921875 955.32568359375 964.385620117188 960.0341796875 962.387512207031 960.610961914062 958.637878417969 947.5966796875 951.521118164062 953.062438964844 950.302673339844 955.414428710938 956.510437011719 943.151000976562 933.238647460938 916.096740722656 914.753173828125 913.288269042969 915.235473632812 923.969116210938 928.356262207031 942.272033691406 936.725341796875 950.362670898438 972.720153808594 993.87939453125 995.258972167969 994.544494628906 995.388549804688 993.2763671875 993.658996582031 1006.39251708984 1017.85784912109 1025.25012207031 1030.1474609375 1049.13952636719 1061.84423828125 1068.40563964844 1082.60205078125
941.328552246094 941.906982421875 941.157409667969 933.931091308594 938.125915527344 951.884033203125 958.046142578125 967.222351074219 971.395629882812 974.033874511719 969.467102050781 966.791870117188 958.628356933594 966.853576660156 959.533325195312 959.434143066406 968.416442871094 968.941345214844 967.053405761719 955.904968261719 948.472473144531 934.579711914062 918.612121582031 917.759155273438 918.085266113281 923.713684082031 929.719665527344 935.305236816406 946.453979492188 950.410827636719 961.462829589844 979.763854980469 992.534973144531 996.870483398438 995.051391601562 993.77685546875 995.479614257812 996.938842773438 1013.42791748047 1015.56561279297 1024.22241210938 1033.32373046875 1045.32946777344 1064.00720214844 1067.96606445312 1084.50073242188
941.52734375 941.807067871094 946.506103515625 936.850830078125 949.677124023438 958.020751953125 964.633117675781 969.036193847656 971.219909667969 971.720336914062 977.42578125 971.251831054688 965.516235351562 972.912231445312 975.184265136719 973.699340820312 978.390075683594 973.875854492188 967.486694335938 963.449951171875 951.343872070312 942.69921875 929.66455078125 925.608276367188 928.581665039062 927.274719238281 937.523559570312 945.06396484375 954.13671875 967.291198730469 977.705078125 987.790405273438 994.863098144531 998.025268554688 998.169860839844 998.345031738281 1004.31311035156 1000.26898193359 1000.71423339844 1022.4638671875 1030.66320800781 1031.31774902344 1050.12023925781 1067.04016113281 1061.46240234375 1074.04357910156
946.083862304688 944.443359375 957.546020507812 952.974914550781 956.522827148438 967.839782714844 975.861633300781 972.764953613281 980.939086914062 975.785827636719 975.586791992188 971.788879394531 970.754577636719 972.117797851562 973.645935058594 980.349731445312 981.787231445312 975.388305664062 971.48876953125 960.10595703125 953.423583984375 944.042297363281 930.473449707031 931.175415039062 926.761352539062 925.449340820312 932.73388671875 947.045532226562 963.544250488281 967.152282714844 978.572326660156 975.252197265625 994.244567871094 1001.22729492188 995.926879882812 1005.26605224609 1004.287109375 1003.41387939453 1002.73663330078 1017.84704589844 1043.96496582031 1042.09741210938 1054.0009765625 1061.76025390625 1062.04614257812 1065.9228515625
957.999389648438 953.769165039062 965.253784179688 959.889099121094 971.171752929688 970.70703125 982.500610351562 985.642761230469 986.550048828125 980.539367675781 982.245849609375 982.68896484375 971.0439453125 977.487426757812 977.727294921875 983.964904785156 984.056396484375 979.792602539062 976.218811035156 972.411315917969 956.860717773438 947.464660644531 936.438293457031 932.436096191406 921.726928710938 919.747253417969 932.589721679688 952.014587402344 958.970336914062 966.598388671875 975.817138671875 980.923156738281 993.21923828125 998.874938964844 1006.21173095703 1003.87750244141 1006.97729492188 1010.80255126953 1010.0048828125 1027.0126953125 1038.90417480469 1047.173828125 1059.05102539062 1066.23010253906 1059.17810058594 1066.65295410156
970.568481445312 980.523315429688 984.314514160156 977.015075683594 979.843994140625 982.164489746094 987.798034667969 981.923461914062 979.881774902344 984.380737304688 984.300598144531 977.568542480469 982.615844726562 979.11279296875 981.243103027344 976.995239257812 985.768798828125 975.298706054688 967.485290527344 964.34326171875 956.658752441406 944.97216796875 931.823852539062 923.590087890625 927.356079101562 924.135620117188 922.683959960938 936.302917480469 956.685607910156 974.259826660156 977.643615722656 982.991760253906 991.243835449219 988.295288085938 996.720336914062 1001.42755126953 1012.32043457031 1011.96185302734 1020.46899414062 1030.56372070312 1040.5537109375 1050.01452636719 1056.12927246094 1055.70068359375 1061.19702148438 1063.71411132812
976.491394042969 986.001342773438 990.332946777344 990.135437011719 991.92236328125 995.211120605469 992.7763671875 982.3916015625 979.88818359375 984.938171386719 979.046752929688 971.663879394531 980.262817382812 975.957702636719 985.074829101562 979.040405273438 979.856872558594 968.45458984375 966.010864257812 961.979553222656 954.379760742188 944.358276367188 933.642883300781 930.866760253906 922.339050292969 919.733337402344 935.040100097656 939.076965332031 951.841674804688 965.347595214844 982.827026367188 986.15869140625 994.292236328125 997.254150390625 1005.01141357422 1002.81365966797 1025.30285644531 1018.07769775391 1030.55847167969 1038.46899414062 1046.4404296875 1054.80798339844 1045.74755859375 1055.79333496094 1061.91198730469 1055.5029296875
