data/zlatibor_dem_simulations/DEMsim10.asc
NCOLS 150
NROWS 100
XLLCORNER 7394249
YLLCORNER 4841999
CELLSIZE 30
NODATA_VALUE -9999
[rows 0 to 19 of 100, columns 46 to 91 of 150]
980.269348144531 970.347839355469 968.406494140625 969.175903320312 960.326843261719 944.417907714844 947.775146484375 949.310302734375 947.564758300781 950.173095703125 946.708129882812 946.394897460938 943.91455078125 928.119384765625 925.2822265625 915.933654785156 918.48046875 912.070556640625 901.928100585938 905.813232421875 899.507751464844 900.052856445312 886.757080078125 894.680297851562 910.491333007812 918.605773925781 923.258728027344 933.288879394531 940.884094238281 940.779907226562 940.567199707031 950.355346679688 945.597778320312 962.530151367188 965.921630859375 963.937561035156 976.434509277344 971.797119140625 971.668884277344 965.460205078125 972.503967285156 968.715515136719 958.491882324219 947.147521972656 930.29052734375 939.048767089844
982.381774902344 982.326477050781 978.216796875 967.506286621094 961.001586914062 949.108459472656 949.48828125 947.411987304688 949.123840332031 954.349548339844 953.925170898438 958.879455566406 945.514953613281 940.345825195312 932.775268554688 921.430541992188 921.822082519531 909.507446289062 913.717407226562 903.828979492188 904.29150390625 900.439025878906 901.742309570312 915.395812988281 920.538330078125 924.225036621094 937.026672363281 937.883422851562 941.604675292969 946.147888183594 952.414245605469 956.768920898438 954.707580566406 970.981323242188 977.319152832031 971.008361816406 969.826904296875 979.106506347656 985.583129882812 975.439575195312 972.585754394531 965.509948730469 956.328186035156 949.361083984375 933.386779785156 931.167236328125
996.395324707031 987.054565429688 985.536010742188 965.685241699219 959.4716796875 956.598693847656 956.100463867188 947.403076171875 949.008117675781 946.937194824219 954.374084472656 958.864990234375 953.885375976562 951.787963867188 942.069274902344 928.2861328125 919.181335449219 914.909545898438 921.6494140625 905.430786132812 907.123291015625 902.567749023438 913.701721191406 921.729736328125 932.394714355469 939.017150878906 941.770874023438 948.188659667969 950.158020019531 960.992736816406 960.664306640625 966.135314941406 973.6259765625 981.071472167969 986.925476074219 979.675842285156 976.526123046875 978.402038574219 983.474487304688 979.735717773438 969.543151855469 967.206298828125 952.937316894531 938.367248535156 942.302368164062 932.562622070312
993.274353027344 985.941101074219 983.313537597656 978.42626953125 969.796203613281 960.830139160156 958.777038574219 949.834533691406 952.727783203125 947.961975097656 954.40185546875 959.021301269531 963.219177246094 962.009155273438 949.961120605469 933.367858886719 930.308532714844 931.437683105469 927.166625976562 916.741333007812 909.965393066406 917.358947753906 920.974426269531 926.666442871094 933.599243164062 940.751342773438 942.514953613281 955.591613769531 969.49169921875 976.113403320312 979.272521972656 977.878234863281 977.214904785156 990.6748046875 989.315124511719 995.912414550781 990.810852050781 983.883544921875 978.476501464844 977.850402832031 972.379150390625 969.185485839844 953.204406738281 943.114318847656 943.970336914062 924.353393554688
996.762634277344 990.964721679688 987.599792480469 985.133666992188 971.694213867188 968.460632324219 966.04931640625 953.86376953125 962.866271972656 950.275451660156 952.141662597656 956.390197753906 965.701232910156 957.847473144531 956.790649414062 945.559265136719 937.410461425781 937.39892578125 932.616149902344 919.3681640625 918.518798828125 933.468627929688 928.938171386719 933.692016601562 937.113098144531 951.202758789062 948.607238769531 961.041809082031 969.322143554688 982.195251464844 985.793762207031 990.768371582031 991.008239746094 1003.68591308594 1008.42993164062 1009.91839599609 1003.33441162109 994.016662597656 977.450317382812 984.063598632812 978.886901855469 973.631469726562 959.453918457031 943.722961425781 937.66650390625 929.864624023438
991.052856445312 985.393249511719 988.693725585938 984.826721191406 974.545104980469 976.695495605469 968.605041503906 961.330505371094 964.087890625 964.715576171875 961.325561523438 969.794982910156 968.447143554688 965.221008300781 963.379943847656 960.610961914062 955.032409667969 949.377014160156 950.316711425781 937.041870117188 932.756469726562 933.317260742188 941.251831054688 944.860595703125 941.00390625 948.470397949219 951.750305175781 952.695739746094 962.972351074219 984.835632324219 992.73193359375 1002.20050048828 1005.455078125 1019.80499267578 1014.53723144531 1015.181640625 1003.10333251953 1000.67236328125 993.255615234375 979.929565429688 971.932189941406 967.004150390625 958.491149902344 949.384033203125 941.040588378906 926.6845703125
999.042419433594 979.77392578125 986.019592285156 983.392639160156 972.562316894531 973.636779785156 980.570434570312 970.401489257812 966.232849121094 978.829528808594 979.74267578125 980.681030273438 978.670959472656 975.40185546875 975.117309570312 964.244873046875 964.025756835938 962.728149414062 946.335205078125 942.675170898438 940.310180664062 937.699279785156 946.623474121094 944.348754882812 949.316284179688 951.922058105469 948.824157714844 948.647766113281 960.706726074219 990.594482421875 996.815856933594 1009.12115478516 1021.09326171875 1025.78662109375 1023.72149658203 1013.52532958984 1001.39013671875 1004.30444335938 995.297180175781 985.220275878906 967.738830566406 968.564086914062 962.438232421875 951.299194335938 938.692443847656 925.118530273438
992.5869140625 991.414306640625 984.507690429688 986.883178710938 989.505432128906 989.350219726562 990.350402832031 985.775207519531 982.251831054688 985.360778808594 996.241394042969 1007.37017822266 987.86669921875 991.197143554688 977.097839355469 978.245178222656 974.131713867188 961.089599609375 954.837280273438 943.656799316406 944.620910644531 947.317626953125 954.947387695312 960.512817382812 970.464904785156 972.848754882812 962.176635742188 956.622924804688 967.24267578125 985.471374511719 1001.67572021484 1015.56726074219 1030.40661621094 1033.32641601562 1028.77551269531 1019.9814453125 1009.82727050781 1002.78967285156 990.200439453125 987.723510742188 965.778137207031 965.761657714844 961.471618652344 950.840515136719 942.649963378906 928.19287109375
1003.27581787109 995.57568359375 995.88671875 996.986694335938 986.997680664062 997.612426757812 1001.20916748047 990.829284667969 991.312866210938 1001.0908203125 999.850891113281 1010.36462402344 1004.28259277344 999.96630859375 993.351196289062 989.547546386719 983.676818847656 980.753601074219 972.136169433594 959.358703613281 958.150817871094 948.733581542969 958.202209472656 966.806396484375 964.819213867188 973.532897949219 966.157043457031 965.701416015625 981.105834960938 996.01513671875 1006.955078125 1021.115234375 1034.34924316406 1041.26708984375 1032.84973144531 1024.21960449219 1005.916015625 1003.66485595703 994.474670410156 987.400939941406 978.446838378906 964.711853027344 962.817626953125 945.8115234375 929.353576660156 920.655944824219
1011.55212402344 1009.07653808594 1000.77105712891 1003.75335693359 1005.99957275391 999.669372558594 1007.31408691406 1003.47967529297 1001.36431884766 1008.68719482422 1002.36517333984 1010.61334228516 1004.51739501953 1005.36456298828 997.628601074219 982.636535644531 991.213317871094 983.012756347656 978.590637207031 969.347778320312 967.415954589844 968.180480957031 965.257995605469 972.942321777344 965.6748046875 969.384155273438 959.426208496094 972.917541503906 986.999267578125 1005.93890380859 1009.53936767578 1024.15002441406 1032.70324707031 1036.99230957031 1034.66784667969 1026.11657714844 1009.59381103516 1007.41864013672 996.1748046875 994.600769042969 987.802551269531 974.583557128906 957.541931152344 942.281921386719 923.387512207031 929.854431152344
1014.97857666016 1018.71405029297 1012.52288818359 1005.32080078125 1007.89447021484 1013.00732421875 1003.21258544922 1004.54113769531 1011.833984375 1013.04840087891 1004.10748291016 1014.49377441406 1006.06616210938 1002.88793945312 1007.46563720703 998.94189453125 995.059387207031 993.043090820312 979.321350097656 981.045715332031 971.401916503906 973.775329589844 965.387756347656 976.400939941406 968.371154785156 971.292297363281 974.414428710938 978.35302734375 982.862915039062 993.175415039062 1014.13653564453 1022.29223632812 1042.29675292969 1033.97436523438 1033.92993164062 1016.33764648438 1016.28454589844 1012.54058837891 1005.60174560547 999.593444824219 986.625793457031 982.459228515625 963.264770507812 939.037109375 936.940734863281 938.404296875
1009.07995605469 1010.36096191406 1013.24676513672 1003.40972900391 1014.86450195312 1012.43865966797 1004.87707519531 1000.30548095703 1009.72888183594 1011.67559814453 1013.34912109375 1018.98950195312 1008.22686767578 1012.98626708984 1007.18920898438 999.734741210938 997.990234375 988.256774902344 984.649780273438 983.076293945312 982.545043945312 985.617736816406 981.325561523438 983.955139160156 972.521728515625 978.49951171875 976.210021972656 988.43359375 993.064453125 1003.87322998047 1017.45434570312 1032.59631347656 1040.67150878906 1038.06628417969 1030.6904296875 1025.66052246094 1015.68115234375 1013.30169677734 1000.84265136719 993.163757324219 988.886047363281 976.547485351562 964.917785644531 946.6708984375 946.322814941406 940.917724609375
1006.92456054688 1016.00567626953 1014.837890625 1011.65643310547 1016.16320800781 1009.06768798828 1008.30218505859 1012.33728027344 1008.90625 1011.41021728516 1015.89544677734 1016.04864501953 1016.46459960938 1009.04498291016 1010.71069335938 1006.67950439453 998.091003417969 982.837219238281 983.240783691406 982.747924804688 991.0830078125 988.225891113281 989.173645019531 979.606567382812 986.561950683594 985.566772460938 990.614196777344 994.378784179688 1003.0283203125 1023.06854248047 1021.25476074219 1027.05554199219 1028.79528808594 1025.65966796875 1024.63610839844 1024.98010253906 1015.17956542969 999.93603515625 988.747985839844 990.795471191406 983.823669433594 983.483459472656 959.100524902344 956.056884765625 946.739685058594 939.068420410156
1010.41583251953 1014.10241699219 1013.97973632812 1016.19610595703 1015.35949707031 1004.58721923828 1013.69427490234 1010.45562744141 1006.64910888672 1009.83654785156 1015.25610351562 1022.58117675781 1020.55554199219 1017.44891357422 1010.87072753906 1007.33612060547 1006.43676757812 1003.61730957031 992.577331542969 992.953186035156 995.488098144531 989.66455078125 991.594116210938 993.966369628906 987.467224121094 989.57177734375 990.971984863281 999.691040039062 1008.13848876953 1023.29559326172 1025.27648925781 1026.00524902344 1027.64465332031 1029.36547851562 1031.95935058594 1021.39575195312 1017.04467773438 1006.11755371094 1000.41632080078 1002.43469238281 986.144348144531 983.480041503906 970.235656738281 956.317260742188 949.008361816406 941.493225097656
1010.80200195312 1008.44287109375 1023.10723876953 1015.01245117188 1006.19940185547 1008.97631835938 1010.47430419922 1010.56982421875 1017.65997314453 1010.10980224609 1018.29296875 1019.95947265625 1007.82690429688 1017.58343505859 1016.88146972656 1014.95300292969 1005.12683105469 1014.46643066406 1006.583984375 1002.90179443359 998.561889648438 989.494567871094 989.997192382812 987.613464355469 995.278625488281 987.928588867188 989.574829101562 999.484313964844 1015.80291748047 1028.11596679688 1019.54620361328 1034.70629882812 1038.83605957031 1035.54211425781 1029.18896484375 1019.75183105469 1020.35565185547 1008.07501220703 1010.25866699219 1000.90667724609 994.829711914062 978.900024414062 973.6484375 954.794006347656 940.715515136719 949.142150878906
1007.83215332031 1005.07049560547 1014.48773193359 1011.69067382812 1013.02337646484 1011.33825683594 1018.22186279297 1018.82116699219 1021.75634765625 1017.13195800781 1014.74047851562 1019.14538574219 1013.99468994141 1017.23236083984 1019.91198730469 1017.72766113281 1018.25311279297 1022.08245849609 1016.22778320312 1017.63641357422 1005.71148681641 1004.58209228516 1001.79541015625 1001.86199951172 996.223754882812 993.446166992188 990.788452148438 1006.26892089844 1016.40600585938 1016.12786865234 1023.28186035156 1032.44714355469 1034.81286621094 1040.50695800781 1030.04919433594 1021.46917724609 1023.80096435547 1024.26574707031 1011.12786865234 999.906616210938 995.091857910156 983.755249023438 971.818176269531 960.262512207031 953.48486328125 946.443115234375
1010.84240722656 1011.24011230469 1008.81787109375 1007.49456787109 1005.9345703125 1010.77349853516 1015.03173828125 1014.21472167969 1021.74713134766 1017.48034667969 1019.77813720703 1017.02978515625 1011.96179199219 1015.71221923828 1021.25140380859 1018.09069824219 1019.54711914062 1024.25524902344 1020.46948242188 1020.13262939453 1016.51922607422 1021.12005615234 1013.58819580078 1008.61431884766 1008.30786132812 1007.87622070312 1015.56030273438 1012.23156738281 1021.94201660156 1021.68121337891 1025.21826171875 1032.85302734375 1024.85424804688 1038.15991210938 1036.30603027344 1032.63745117188 1036.68334960938 1022.21075439453 1012.60845947266 1012.97009277344 999.878845214844 988.346740722656 983.704040527344 970.380004882812 953.573120117188 954.394592285156
1016.97625732422 1012.0888671875 1009.73870849609 1008.27484130859 1004.94561767578 1007.85858154297 1008.37652587891 1009.97009277344 1010.85260009766 1011.4736328125 1020.32092285156 1020.91589355469 1019.06311035156 1019.64526367188 1021.76531982422 1021.46856689453 1019.90942382812 1022.47436523438 1025.04345703125 1021.61938476562 1017.21435546875 1020.33526611328 1013.16271972656 1017.27062988281 1015.27435302734 1010.53381347656 1013.94390869141 1017.45373535156 1020.1552734375 1024.93078613281 1020.08892822266 1022.13354492188 1029.63464355469 1030.92028808594 1037.00756835938 1031.73522949219 1030.03381347656 1028.91027832031 1019.41290283203 1009.9599609375 1009.27056884766 991.936767578125 986.138610839844 970.182983398438 969.763793945312 965.389892578125
1027.50170898438 1013.19897460938 1011.12774658203 1007.21075439453 1005.40045166016 1012.50152587891 1012.73626708984 1016.06530761719 1017.46356201172 1021.92364501953 1028.47680664062 1018.55548095703 1019.06951904297 1021.88995361328 1021.22924804688 1027.38391113281 1023.48284912109 1022.384765625 1028.31787109375 1024.90686035156 1022.89929199219 1019.69189453125 1020.59313964844 1017.39978027344 1013.96636962891 1017.98168945312 1013.85638427734 1013.50408935547 1020.23852539062 1021.64208984375 1023.20550537109 1025.42504882812 1024.10888671875 1035.54235839844 1039.78796386719 1032.40930175781 1032.40600585938 1025.40051269531 1020.09490966797 1014.22857666016 1006.40557861328 1004.19714355469 989.452819824219 976.186279296875 970.55419921875 973.9375
1027.07214355469 1026.43212890625 1012.95574951172 1006.50988769531 1003.419921875 1004.66790771484 1008.92230224609 1004.58618164062 1020.95727539062 1019.60571289062 1016.79370117188 1016.82086181641 1021.86352539062 1026.37890625 1027.17260742188 1023.79742431641 1020.9384765625 1023.51977539062 1030.25329589844 1024.95629882812 1021.53570556641 1024.78601074219 1016.67657470703 1024.90844726562 1017.17858886719 1022.89074707031 1020.22546386719 1024.33728027344 1022.67224121094 1018.88354492188 1025.94323730469 1028.82946777344 1025.36279296875 1034.09497070312 1039.92175292969 1028.92248535156 1018.38122558594 1014.11688232422 1014.81689453125 1008.86804199219 1010.17938232422 1002.51501464844 998.379943847656 988.54931640625 998.879272460938 988.645202636719
