data/zlatibor_dem_simulations/DEMsim94 (1).asc
NCOLS 150
NROWS 100
XLLCORNER 7394249
YLLCORNER 4841999
CELLSIZE 30
NODATA_VALUE -9999
[rows 60 to 79 of 100, columns 46 to 91 of 150]
951.383850097656 943.238464355469 952.490905761719 952.286865234375 956.308166503906 964.344482421875 956.592102050781 953.139953613281 950.799255371094 955.916809082031 963.941650390625 959.329956054688 966.515380859375 965.625732421875 973.716918945312 968.796203613281 966.604125976562 968.424865722656 965.037902832031 974.915954589844 958.221130371094 969.756408691406 962.484130859375 958.872802734375 961.339050292969 962.360046386719 966.563598632812 963.944396972656 966.680541992188 970.179382324219 973.821533203125 970.899047851562 968.29150390625 963.055114746094 961.101135253906 961.800964355469 955.07763671875 965.719604492188 970.146606445312 972.551025390625 972.920288085938 966.858581542969 968.738220214844 977.229309082031 975.218933105469 977.620849609375
947.028503417969 950.741577148438 950.711608886719 956.462463378906 958.615478515625 953.26025390625 954.354736328125 967.604187011719 964.807983398438 959.029235839844 963.564270019531 966.404541015625 966.451782226562 968.779296875 969.981567382812 973.964416503906 976.86279296875 980.763977050781 971.403686523438 967.821899414062 972.3125 962.758483886719 961.869445800781 959.22021484375 961.329284667969 964.272521972656 958.011352539062 955.862243652344 970.546997070312 970.630065917969 974.877563476562 964.886047363281 967.819458007812 965.7119140625 959.376403808594 968.859497070312 969.500305175781 967.146789550781 972.847717285156 971.032287597656 975.05615234375 967.516784667969 976.242065429688 979.546508789062 970.742614746094 974.45654296875
952.968811035156 949.337341308594 950.098937988281 947.524291992188 954.661743164062 967.337890625 962.349304199219 971.145263671875 963.687805175781 963.425964355469 970.10400390625 967.607727050781 965.070373535156 965.644714355469 964.249572753906 983.539916992188 990.911987304688 982.512939453125 974.717102050781 976.293762207031 970.356140136719 965.458984375 965.061401367188 963.9375 959.911926269531 959.287963867188 959.360900878906 968.292297363281 972.666687011719 965.939514160156 973.119018554688 967.138549804688 971.017028808594 973.484497070312 975.925354003906 977.0078125 976.850769042969 976.226501464844 977.494445800781 981.429077148438 974.810363769531 977.848083496094 978.367492675781 976.453308105469 964.826965332031 967.355163574219
957.355773925781 951.732604980469 955.455749511719 952.873779296875 953.322387695312 967.216491699219 960.471313476562 968.648498535156 958.861633300781 963.968811035156 968.180603027344 967.312561035156 965.09033203125 967.45068359375 977.791625976562 979.327941894531 976.510192871094 979.214416503906 960.255065917969 972.804809570312 967.575256347656 962.334594726562 963.613830566406 970.522827148438 961.643920898438 958.803161621094 959.369873046875 968.55859375 973.187805175781 971.582275390625 975.886840820312 969.869689941406 967.880493164062 973.970092773438 979.523620605469 979.513549804688 978.054504394531 985.464782714844 983.86767578125 982.812927246094 983.419921875 985.79833984375 985.721374511719 973.599853515625 966.788146972656 960.794616699219
952.544494628906 951.172424316406 950.87109375 949.620727539062 963.162414550781 964.934509277344 969.035217285156 968.9130859375 968.631469726562 967.438659667969 969.888671875 969.5693359375 970.181213378906 965.323120117188 969.345703125 972.812927246094 966.62158203125 974.686767578125 960.531677246094 960.174011230469 969.036376953125 960.603271484375 962.516845703125 966.25146484375 966.378051757812 963.771911621094 967.936279296875 975.205017089844 979.725280761719 966.920043945312 969.7626953125 970.264038085938 970.936096191406 966.510192871094 973.762451171875 977.981262207031 977.508544921875 988.240539550781 992.013732910156 989.117614746094 982.058715820312 982.505493164062 977.365783691406 980.736389160156 972.010070800781 966.18896484375
960.726623535156 962.101928710938 952.628051757812 957.02294921875 961.522033691406 960.552429199219 968.459533691406 968.991821289062 968.368957519531 969.294067382812 975.467346191406 969.134094238281 968.724243164062 974.703430175781 977.211181640625 974.031677246094 966.742797851562 964.28662109375 962.292053222656 961.603820800781 958.239807128906 961.188537597656 964.664733886719 976.665222167969 977.301635742188 980.834838867188 974.407775878906 978.014282226562 982.966369628906 980.031311035156 978.455444335938 976.092529296875 974.027648925781 970.371276855469 976.432312011719 974.557250976562 977.701416015625 981.322570800781 987.575622558594 988.004516601562 992.353271484375 982.542846679688 974.581970214844 977.668823242188 981.776916503906 974.390502929688
963.665405273438 957.350891113281 967.434936523438 959.967041015625 958.934326171875 966.513549804688 961.826965332031 967.417358398438 966.707641601562 967.591674804688 968.387451171875 965.063232421875 963.991821289062 978.820190429688 972.376647949219 971.809204101562 964.241821289062 969.099487304688 963.258972167969 961.937377929688 967.487426757812 968.601135253906 971.94482421875 973.334289550781 980.469604492188 990.217590332031 985.729614257812 992.907165527344 985.750732421875 970.571166992188 982.829711914062 979.313232421875 977.741149902344 971.382080078125 976.735107421875 981.823303222656 978.331909179688 983.31298828125 982.640747070312 976.203918457031 984.77978515625 985.096801757812 984.535705566406 980.070068359375 985.9326171875 972.087524414062
968.982788085938 968.566833496094 970.117858886719 971.595642089844 964.963256835938 967.984313964844 969.307189941406 958.017028808594 976.539672851562 964.951354980469 973.200378417969 979.93603515625 972.72998046875 973.759826660156 973.794616699219 974.647705078125 961.310974121094 953.4208984375 956.320007324219 960.282836914062 964.940490722656 978.605712890625 977.520568847656 972.768249511719 982.367248535156 988.967041015625 986.233276367188 987.089538574219 984.993103027344 982.2841796875 975.401184082031 981.828186035156 977.843505859375 973.83935546875 973.99560546875 974.471984863281 982.797790527344 980.965942382812 979.172241210938 980.354431152344 984.81201171875 985.906005859375 983.775451660156 974.59765625 990.359191894531 979.6513671875
972.208251953125 977.42529296875 976.369201660156 977.751037597656 973.132446289062 968.774658203125 977.953247070312 975.334350585938 982.064392089844 984.0283203125 988.694396972656 978.10791015625 970.867370605469 968.214050292969 972.1220703125 966.880920410156 952.761291503906 943.150817871094 953.702087402344 956.469543457031 971.776428222656 968.726257324219 974.587890625 976.324768066406 976.689575195312 983.510498046875 986.794738769531 987.946899414062 988.314636230469 977.577209472656 974.357604980469 976.334045410156 979.158386230469 978.83154296875 971.654174804688 969.947143554688 974.932983398438 980.797912597656 984.053161621094 982.551208496094 981.260009765625 980.138488769531 979.733459472656 982.603271484375 981.457885742188 983.286682128906
988.173828125 983.684387207031 981.668579101562 978.179016113281 977.616271972656 975.248229980469 975.665344238281 976.678039550781 985.158813476562 987.54150390625 987.103454589844 979.712158203125 972.558166503906 965.637634277344 968.829162597656 966.322326660156 957.9658203125 961.926147460938 950.271423339844 953.590515136719 972.949768066406 975.096618652344 970.945251464844 985.495727539062 980.037353515625 977.872680664062 982.999755859375 985.320983886719 983.426879882812 979.945373535156 975.584838867188 983.488647460938 982.584228515625 978.934020996094 978.620666503906 977.590759277344 978.405029296875 975.895263671875 981.019714355469 984.362915039062 986.8837890625 980.2666015625 981.088500976562 980.829223632812 977.492431640625 983.486877441406
983.481689453125 988.005126953125 988.998596191406 984.932800292969 985.249816894531 982.100402832031 982.10595703125 982.175598144531 987.1669921875 984.254211425781 985.520446777344 984.798645019531 969.981567382812 969.648071289062 976.254150390625 974.618225097656 973.378051757812 968.651794433594 963.385925292969 965.645446777344 967.847412109375 978.338317871094 972.901123046875 978.676391601562 974.202697753906 982.503295898438 983.232727050781 979.465087890625 982.435791015625 984.467163085938 982.885620117188 982.151733398438 981.749206542969 979.066589355469 982.106384277344 985.289978027344 982.094055175781 982.633117675781 982.784362792969 985.591796875 985.113708496094 977.947143554688 973.473449707031 983.156799316406 976.434997558594 974.101745605469
987.29296875 985.856384277344 984.106567382812 983.44580078125 980.576965332031 987.323669433594 989.637329101562 974.710998535156 975.642150878906 982.294921875 976.361328125 973.701171875 969.045166015625 967.730651855469 967.466186523438 968.608825683594 965.831359863281 973.968139648438 972.287231445312 968.136535644531 972.048217773438 972.982482910156 972.710510253906 978.016906738281 979.175964355469 977.751403808594 986.298400878906 986.924072265625 981.991271972656 990.528381347656 986.506713867188 987.536437988281 985.188110351562 978.206909179688 986.887268066406 995.098815917969 998.363830566406 992.666198730469 985.618835449219 980.724426269531 981.825317382812 977.065002441406 973.67041015625 976.105834960938 982.016906738281 980.643737792969
999.152038574219 999.663452148438 996.509338378906 990.487487792969 995.683776855469 993.151306152344 989.617431640625 979.569641113281 980.20751953125 974.61083984375 963.454345703125 979.161743164062 970.747497558594 975.361633300781 967.807312011719 969.511047363281 970.380310058594 968.479125976562 966.556762695312 968.853881835938 981.601379394531 975.572021484375 975.745300292969 978.099853515625 980.757141113281 973.721801757812 986.35693359375 979.24072265625 985.591613769531 991.938537597656 989.043762207031 981.025451660156 986.440246582031 986.963684082031 991.028686523438 997.609985351562 995.815185546875 993.942260742188 987.659545898438 983.546752929688 979.663024902344 975.983093261719 974.966552734375 983.869934082031 971.737670898438 971.186584472656
998.899719238281 997.58203125 1001.53833007812 996.598571777344 1003.05700683594 995.6396484375 995.382995605469 984.678527832031 983.47216796875 978.723815917969 973.396728515625 978.397521972656 970.289123535156 974.360107421875 978.566528320312 967.932312011719 965.130004882812 967.000671386719 974.37939453125 968.380859375 976.842651367188 980.379455566406 983.205688476562 980.205200195312 979.95166015625 978.494934082031 985.982849121094 993.570678710938 994.969970703125 989.439025878906 992.716064453125 990.744750976562 989.512756347656 985.681274414062 982.498474121094 999.480529785156 993.775390625 990.031311035156 993.388244628906 984.836608886719 981.513427734375 979.999816894531 979.598815917969 986.517822265625 975.2548828125 976.696472167969
999.318359375 996.3349609375 1003.41577148438 1004.46649169922 1003.05303955078 1000.33734130859 999.390869140625 986.616088867188 988.621765136719 980.9365234375 977.004760742188 972.117004394531 976.99609375 977.848510742188 979.790344238281 977.52587890625 968.875732421875 971.792053222656 972.649597167969 967.006774902344 977.590454101562 976.320556640625 981.514770507812 983.574523925781 985.045471191406 985.447448730469 987.065856933594 994.024291992188 1000.28997802734 1003.57861328125 993.72900390625 989.008117675781 983.0439453125 987.923950195312 992.303344726562 1001.44360351562 996.049438476562 993.345092773438 987.300903320312 985.203186035156 976.446472167969 984.500732421875 988.033447265625 983.066589355469 980.358581542969 977.601623535156
1010.24005126953 1007.73773193359 999.102966308594 1005.64208984375 1000.28778076172 995.956237792969 999.890625 998.127746582031 989.671569824219 983.0908203125 981.208129882812 977.140075683594 975.617858886719 978.6083984375 981.105773925781 977.311096191406 978.569274902344 977.473205566406 972.898071289062 972.275268554688 974.207824707031 970.589050292969 973.557800292969 984.319763183594 994.926818847656 984.884948730469 992.558349609375 993.8310546875 1010.53936767578 991.884826660156 983.980041503906 992.198120117188 991.334655761719 993.750305175781 1000.10955810547 1005.76940917969 997.552917480469 1001.40521240234 987.430786132812 991.630737304688 984.360473632812 985.297241210938 988.731140136719 996.325134277344 985.845275878906 987.67431640625
1011.07318115234 1012.29840087891 1012.06439208984 1004.94567871094 1002.21997070312 1003.27490234375 998.68896484375 1001.02691650391 995.400390625 975.586730957031 981.487609863281 983.502197265625 984.041442871094 979.055603027344 975.621887207031 985.327697753906 979.522888183594 971.78271484375 972.709228515625 975.415893554688 974.197509765625 972.031799316406 978.715026855469 986.613891601562 985.235168457031 989.4609375 986.483520507812 996.077087402344 987.845825195312 991.226867675781 985.668640136719 989.727722167969 998.648742675781 1001.29534912109 997.401550292969 996.5830078125 989.265686035156 997.338562011719 994.553771972656 995.214782714844 988.85791015625 986.537170410156 984.466857910156 986.272644042969 985.407165527344 991.151184082031
1002.32934570312 1011.8671875 1015.28112792969 1010.33471679688 1002.04058837891 993.814392089844 998.431030273438 995.802429199219 987.518737792969 978.419799804688 974.019653320312 982.232299804688 987.554809570312 981.393127441406 985.544067382812 975.193969726562 974.257873535156 971.643737792969 974.755615234375 971.647644042969 969.459655761719 984.556884765625 984.973266601562 981.4423828125 979.899353027344 994.766540527344 991.054870605469 993.600341796875 994.670288085938 988.042175292969 984.996337890625 983.762023925781 998.656860351562 1000.16076660156 1007.67083740234 1000.03668212891 998.175109863281 1000.26275634766 1001.47198486328 997.491882324219 990.913940429688 989.194396972656 986.46142578125 977.867309570312 989.566772460938 990.500427246094
1004.76483154297 1000.50451660156 1001.09747314453 1002.23736572266 996.299865722656 993.640258789062 997.341735839844 997.314208984375 989.682434082031 976.939208984375 974.623046875 985.341247558594 985.158386230469 982.249877929688 986.350708007812 984.480041503906 979.246459960938 971.235900878906 971.726196289062 975.990173339844 975.487670898438 972.615844726562 981.597045898438 985.517333984375 987.9990234375 991.090576171875 992.800231933594 997.607849121094 992.883361816406 998.675354003906 990.63037109375 992.61962890625 999.704650878906 1008.45788574219 1015.00872802734 1008.61401367188 996.474182128906 990.624938964844 998.574768066406 994.296875 1004.13909912109 999.996459960938 994.485656738281 988.505004882812 990.788024902344 992.45556640625
1004.55657958984 992.471801757812 990.183654785156 993.612731933594 995.760925292969 997.939697265625 992.576782226562 991.567565917969 988.931701660156 991.168518066406 991.507019042969 996.631774902344 984.187744140625 985.093627929688 981.428344726562 987.178405761719 981.491577148438 973.345092773438 978.192565917969 980.56103515625 969.930725097656 977.404418945312 984.958679199219 979.370422363281 979.886108398438 985.622192382812 991.547058105469 988.987976074219 987.284484863281 996.960754394531 997.655456542969 995.175842285156 999.7880859375 1003.29156494141 1002.13452148438 1004.451171875 1002.29742431641 993.679077148438 1004.25512695312 1003.06860351562 1004.61370849609 997.851379394531 994.835571289062 995.700439453125 994.464416503906 995.886108398438
