data/zlatibor_dem_simulations/DEMsim8.asc
NCOLS 150
NROWS 100
XLLCORNER 7394249
YLLCORNER 4841999
CELLSIZE 30
NODATA_VALUE -9999
[rows 80 to 99 of 100, columns 46 to 91 of 150]
995.998840332031 993.838073730469 1005.35943603516 1001.00817871094 1005.08251953125 1003.83502197266 1000.77416992188 1001.73291015625 995.653076171875 994.943176269531 985.669616699219 980.297729492188 981.005554199219 983.058776855469 981.725463867188 984.188720703125 976.59130859375 973.003173828125 973.292358398438 970.889038085938 981.820129394531 984.8193359375 977.845825195312 976.249267578125 982.660461425781 981.940063476562 988.9677734375 996.280212402344 990.817626953125 982.896179199219 992.587646484375 996.229675292969 1008.89068603516 1011.46099853516 1013.66815185547 1011.60656738281 1002.16333007812 1009.16290283203 998.388610839844 998.236328125 1000.15802001953 1002.54119873047 995.143615722656 990.273315429688 984.755554199219 989.52587890625
994.555786132812 993.906921386719 1004.28662109375 1005.30529785156 1008.87805175781 1015.00122070312 1004.78131103516 1002.08764648438 994.101684570312 984.653259277344 982.986511230469 984.365966796875 980.377380371094 982.673706054688 979.334899902344 979.712646484375 983.063842773438 980.388366699219 977.485778808594 980.770751953125 975.79443359375 980.079772949219 977.378295898438 979.443664550781 986.160034179688 986.945983886719 989.11376953125 994.618225097656 989.470031738281 983.847717285156 990.125732421875 995.800170898438 1007.50769042969 1009.17352294922 1010.18756103516 1010.20434570312 1010.38616943359 1005.08062744141 1000.36267089844 1000.28210449219 1004.50305175781 1001.05621337891 996.031005859375 991.427307128906 990.0771484375 992.854370117188
1003.59478759766 1002.58673095703 1003.91070556641 1019.5888671875 1016.22821044922 1018.12634277344 1003.11395263672 990.697875976562 986.35888671875 980.426574707031 986.492370605469 986.632446289062 989.811279296875 978.774536132812 978.1064453125 983.342041015625 985.697448730469 982.783508300781 979.601318359375 984.461791992188 982.584594726562 975.609680175781 984.496704101562 983.622924804688 991.876403808594 994.183532714844 992.130798339844 988.269287109375 987.50732421875 983.878173828125 983.348266601562 989.315368652344 1002.48052978516 1010.41674804688 1003.57336425781 1002.54187011719 1006.88531494141 1005.79949951172 1010.39385986328 1005.95935058594 999.524047851562 998.285034179688 1000.19403076172 996.478759765625 995.174438476562 989.175720214844
1009.00402832031 1017.28619384766 1018.70599365234 1019.88012695312 1015.78887939453 1017.89758300781 1005.56451416016 1003.1953125 992.673095703125 987.417114257812 995.938781738281 992.232238769531 987.655883789062 981.744140625 989.359741210938 980.935363769531 983.422607421875 981.324157714844 986.819580078125 983.627807617188 983.825805664062 972.893188476562 975.6201171875 985.766662597656 990.62451171875 987.077026367188 993.889282226562 998.529296875 990.578369140625 987.650268554688 983.357971191406 991.487609863281 1004.16156005859 1004.42779541016 1006.91149902344 998.488342285156 998.065368652344 1003.83514404297 1014.08959960938 1009.46850585938 1006.22796630859 1009.77520751953 1007.64947509766 1004.41461181641 1003.22021484375 987.937622070312
1011.53192138672 1010.75646972656 1013.50451660156 1025.95642089844 1019.47668457031 1014.02026367188 1005.22216796875 1003.68664550781 990.678161621094 995.074951171875 992.883544921875 983.845520019531 983.459289550781 983.779174804688 988.775207519531 987.471984863281 983.906433105469 988.324340820312 983.067504882812 979.244079589844 978.881896972656 981.615600585938 981.381713867188 978.679321289062 988.61767578125 990.821411132812 1002.45855712891 999.858337402344 995.662536621094 993.795104980469 993.496337890625 995.332153320312 999.387390136719 991.957946777344 993.452514648438 994.790771484375 1004.44543457031 998.40380859375 1006.25408935547 1004.65399169922 1014.42669677734 1010.59600830078 1003.47747802734 1002.91131591797 1004.93444824219 999.587158203125
1007.07379150391 1010.58709716797 1008.26123046875 1019.88226318359 1014.83929443359 1005.39855957031 1000.04473876953 995.709533691406 999.548706054688 995.170166015625 993.8525390625 984.898193359375 985.907165527344 996.584899902344 984.610717773438 993.153869628906 981.669372558594 980.283325195312 988.55712890625 981.127807617188 981.975708007812 978.712707519531 987.227661132812 984.349975585938 991.253540039062 990.178466796875 996.407165527344 995.103942871094 995.115478515625 993.205322265625 990.291259765625 990.565612792969 1000.71514892578 994.174926757812 991.918640136719 1002.38116455078 1000.33276367188 1004.26879882812 1010.84436035156 1007.64581298828 1007.75103759766 1011.98199462891 1006.72302246094 1003.43157958984 998.352294921875 1001.76409912109
1001.10083007812 1001.29455566406 1002.65148925781 1006.77020263672 1005.50646972656 994.043273925781 996.896545410156 1004.12298583984 1008.27001953125 994.070556640625 986.545837402344 989.95947265625 992.3994140625 996.452819824219 1000.48913574219 995.996643066406 986.371520996094 989.186279296875 987.066833496094 986.856506347656 986.721069335938 979.514831542969 992.455871582031 988.767578125 995.14599609375 991.991760253906 994.039306640625 992.382934570312 995.396789550781 986.605895996094 988.8212890625 988.855651855469 992.259338378906 996.494873046875 994.533447265625 1001.34710693359 993.049926757812 1003.81011962891 1015.60302734375 1012.73870849609 1006.88610839844 1000.103515625 1007.81756591797 998.009216308594 1007.43530273438 997.298522949219
993.724853515625 993.247009277344 992.158752441406 992.731262207031 991.106384277344 994.177673339844 989.2080078125 998.24365234375 1000.75994873047 999.161010742188 994.661804199219 996.511962890625 996.87890625 997.590454101562 996.42919921875 995.906799316406 992.228576660156 990.939575195312 985.313415527344 992.945556640625 986.747192382812 978.675109863281 991.737915039062 981.912902832031 988.419616699219 995.520385742188 987.847351074219 997.458679199219 992.16552734375 988.784729003906 998.045471191406 993.270812988281 996.611877441406 998.141784667969 1000.48913574219 994.873779296875 989.565795898438 997.052551269531 1003.03942871094 1010.15014648438 1010.51831054688 1005.56512451172 1008.78094482422 1004.42694091797 1002.22619628906 998.244873046875
984.463623046875 994.146911621094 997.833862304688 987.258728027344 995.094787597656 995.920227050781 994.637756347656 996.259948730469 999.5615234375 1000.38275146484 1001.92193603516 994.010009765625 997.253723144531 995.689880371094 1003.01385498047 994.051513671875 1003.59930419922 1000.12084960938 999.39208984375 992.303833007812 989.47412109375 985.663208007812 988.893005371094 983.620910644531 993.384826660156 992.666137695312 993.079040527344 996.455627441406 998.843322753906 998.891967773438 999.717163085938 1003.40795898438 994.731323242188 991.381896972656 990.184753417969 992.274475097656 988.507202148438 998.901062011719 1001.06872558594 1005.96142578125 1010.427734375 1009.89154052734 1008.13879394531 1003.11120605469 998.346313476562 998.085876464844
980.369934082031 986.662719726562 986.660705566406 992.894592285156 998.689575195312 999.19775390625 1002.12506103516 1001.27099609375 1002.30773925781 1005.43334960938 999.544311523438 993.99462890625 1005.75354003906 1004.19110107422 1002.22467041016 1007.21862792969 1005.61267089844 1007.33489990234 1004.57794189453 996.481994628906 993.942199707031 1000.01593017578 983.445983886719 984.196899414062 985.556335449219 997.107788085938 992.712524414062 994.757446289062 998.657104492188 999.528259277344 1002.32391357422 1001.60681152344 994.688842773438 988.213928222656 981.977600097656 978.062194824219 992.785705566406 995.314514160156 1007.06488037109 1008.53839111328 1007.72332763672 1015.62396240234 1006.13043212891 1009.85736083984 1014.47528076172 1004.42492675781
978.85498046875 986.9287109375 988.201232910156 981.676147460938 992.202575683594 1002.27270507812 996.587463378906 998.81591796875 998.9404296875 997.376403808594 1006.48413085938 1006.15570068359 1006.48272705078 1009.75177001953 1006.27459716797 1010.98284912109 1000.18402099609 1001.61181640625 1015.40362548828 1003.75860595703 1001.83349609375 999.848876953125 991.063781738281 990.286987304688 988.779174804688 985.35400390625 998.62255859375 997.572387695312 997.696533203125 996.793029785156 999.3466796875 999.972412109375 1002.49639892578 993.050842285156 991.04931640625 984.710205078125 995.271545410156 997.789855957031 1004.72259521484 1010.06530761719 1008.57513427734 1012.75891113281 1005.85284423828 1021.24456787109 1018.21600341797 1014.44091796875
975.632019042969 977.034912109375 977.935729980469 980.155700683594 983.6982421875 991.232116699219 1010.28149414062 999.573059082031 995.775512695312 996.923278808594 1008.70471191406 1003.67364501953 1008.01403808594 1008.77581787109 1010.18933105469 1012.42059326172 1007.18377685547 1005.02026367188 1018.59484863281 1003.28295898438 1000.44110107422 998.382507324219 994.4931640625 992.600769042969 994.011596679688 991.48486328125 987.294372558594 992.447265625 1000.28515625 998.827331542969 1003.16558837891 1010.0205078125 1003.51568603516 992.575805664062 993.711059570312 995.919311523438 994.822937011719 992.368225097656 997.723510742188 1003.77416992188 1006.92974853516 1009.87286376953 1016.47406005859 1015.23315429688 1010.69506835938 1009.36541748047
975.198425292969 974.490905761719 969.681457519531 980.164184570312 985.530334472656 998.328857421875 1008.79809570312 993.391296386719 998.079956054688 994.198913574219 1008.27722167969 1014.72497558594 1008.42626953125 1005.09771728516 1015.22607421875 1005.82818603516 1010.24249267578 1007.32055664062 1013.97241210938 1010.78070068359 999.072387695312 999.838928222656 1003.55590820312 995.255249023438 989.919860839844 996.455444335938 995.662475585938 996.549011230469 1005.4599609375 1002.07238769531 1008.61828613281 1002.61224365234 998.654968261719 994.699462890625 992.190368652344 996.032104492188 995.581665039062 993.4296875 996.153137207031 1000.66796875 1003.35900878906 1003.80047607422 1007.61560058594 1010.392578125 1007.73474121094 1015.07989501953
969.806335449219 977.146179199219 978.894226074219 982.453552246094 986.496337890625 989.758361816406 997.936218261719 990.614074707031 994.482177734375 1005.49200439453 1018.40832519531 1022.43621826172 1018.91973876953 1016.91284179688 1019.4365234375 1013.34423828125 1009.22570800781 1002.43676757812 1004.81896972656 1008.24420166016 1009.78918457031 1007.46057128906 999.732238769531 1001.75231933594 1002.50189208984 1004.27349853516 1003.12426757812 1006.31384277344 1002.78698730469 1005.72900390625 1007.50201416016 1004.75457763672 1000.263671875 992.215637207031 995.244995117188 1004.72021484375 1000.64221191406 1004.05590820312 998.851257324219 1000.97229003906 1003.89404296875 1007.31896972656 1007.49108886719 1000.93115234375 1010.51629638672 1005.22491455078
978.815185546875 969.635864257812 973.373840332031 978.389282226562 983.810241699219 986.048583984375 991.257507324219 993.947509765625 1004.50762939453 1005.69848632812 1016.3046875 1021.45141601562 1023.90356445312 1017.33465576172 1018.73199462891 1019.35931396484 1018.16442871094 1012.904296875 1009.01330566406 1009.53240966797 1009.61724853516 1008.31042480469 1005.00286865234 996.164855957031 1004.94677734375 1011.28680419922 1011.90454101562 1014.84033203125 1013.35015869141 1011.15399169922 1004.10760498047 1000.64593505859 998.791625976562 1001.6796875 998.177734375 1001.96105957031 1001.43511962891 994.52685546875 994.876708984375 1001.95281982422 997.654663085938 1005.6005859375 1004.56793212891 999.402587890625 1012.25665283203 1005.64758300781
973.952392578125 971.337280273438 986.243225097656 977.932983398438 980.035827636719 988.229370117188 991.906799316406 996.627807617188 994.506164550781 1009.61120605469 1013.49169921875 1013.02972412109 1018.84527587891 1020.26135253906 1017.05297851562 1018.65942382812 1020.97387695312 1021.88073730469 1014.30541992188 1012.53448486328 1006.81781005859 998.382873535156 992.315856933594 1004.83404541016 1000.46075439453 1006.80676269531 1010.94616699219 1008.7119140625 1013.89788818359 1004.24176025391 1003.16198730469 999.961242675781 997.363830566406 1002.43835449219 1001.87506103516 1012.25140380859 1003.32604980469 1004.18145751953 997.795104980469 1004.29132080078 1003.36022949219 1006.02429199219 1004.57678222656 1004.49365234375 1007.81396484375 1004.94342041016
970.509155273438 968.24560546875 981.95654296875 982.758605957031 983.894287109375 987.635009765625 995.285461425781 990.443603515625 1002.50610351562 1008.99237060547 1011.14111328125 1014.51928710938 1017.75457763672 1024.00268554688 1020.68029785156 1025.76611328125 1024.05749511719 1018.96179199219 1016.490234375 1022.67498779297 1003.16040039062 1008.72442626953 993.9677734375 998.151123046875 1006.77520751953 1012.984375 1007.40509033203 1015.47265625 1009.74365234375 1008.54858398438 1001.09716796875 997.94189453125 998.325012207031 1000.59716796875 1002.97436523438 998.903259277344 1002.68090820312 1010.15740966797 1002.20269775391 1005.32440185547 1003.73498535156 997.032653808594 992.092590332031 1004.24548339844 1003.85131835938 1013.92407226562
970.101806640625 965.997863769531 976.11328125 984.262390136719 979.416137695312 981.038940429688 985.117614746094 992.824768066406 1001.69366455078 1015.41009521484 1014.2626953125 1014.81475830078 1019.03997802734 1024.14111328125 1024.15393066406 1031.3935546875 1022.28765869141 1020.39886474609 1020.42590332031 1017.02239990234 1017.14898681641 1017.55322265625 1011.24505615234 1015.20629882812 1008.84893798828 1018.1416015625 1017.6552734375 1010.83068847656 1013.99462890625 1006.45172119141 1002.23864746094 999.013000488281 1005.56646728516 1003.61016845703 999.810913085938 1000.55786132812 1002.65417480469 1007.26898193359 1005.41571044922 999.532836914062 997.520935058594 1005.12219238281 1013.11169433594 1009.52618408203 1008.13153076172 1008.96398925781
975.837524414062 975.607971191406 975.994079589844 978.982849121094 983.747680664062 989.340026855469 989.575561523438 995.726440429688 995.055908203125 1007.49591064453 1004.3408203125 1012.9169921875 1025.29772949219 1025.26049804688 1026.154296875 1018.61065673828 1017.42572021484 1026.77514648438 1024.7841796875 1021.38861083984 1024.00036621094 1016.33026123047 1022.25891113281 1021.54803466797 1021.20141601562 1020.84222412109 1023.55981445312 1023.36157226562 1019.41693115234 1011.50744628906 1006.25659179688 997.188903808594 997.9833984375 1004.94464111328 1002.59020996094 1007.17413330078 1012.92718505859 1010.2685546875 999.794799804688 1003.20050048828 1006.78863525391 1011.68603515625 1016.48449707031 1011.28204345703 1026.34729003906 1012.78729248047
973.939331054688 973.604797363281 977.524841308594 984.82958984375 983.801696777344 985.424865722656 995.263000488281 990.587463378906 995.960754394531 1002.01910400391 1011.03582763672 1014.69488525391 1019.93737792969 1031.51452636719 1024.54211425781 1017.27319335938 1018.30987548828 1032.81750488281 1025.21569824219 1024.65490722656 1021.17901611328 1018.83190917969 1015.97991943359 1023.30218505859 1023.92150878906 1030.20812988281 1027.02490234375 1020.93676757812 1018.41693115234 1012.71948242188 1004.19537353516 1003.01873779297 995.418518066406 1006.279296875 1001.40991210938 1010.57159423828 1008.80120849609 1006.65777587891 1005.44964599609 1004.29534912109 1009.2822265625 1018.15313720703 1012.80767822266 1016.07946777344 1015.37670898438 1017.97442626953
