data/zlatibor_dem_simulations/DEMsim66.asc
NCOLS 150
NROWS 100
XLLCORNER 7394249
YLLCORNER 4841999
CELLSIZE 30
NODATA_VALUE -9999
[rows 20 to 39 of 100, columns 46 to 91 of 150]
1014.93444824219 1011.45349121094 1008.43731689453 999.624816894531 999.335327148438 998.23388671875 1003.30297851562 996.183044433594 1000.05670166016 995.345764160156 995.096984863281 1002.62512207031 1014.15356445312 1019.98010253906 1022.43658447266 1011.35900878906 1018.09381103516 1026.18212890625 1043.48840332031 1039.12133789062 1034.865234375 1034.28564453125 1014.3740234375 1022.73333740234 1028.67785644531 1030.04846191406 1027.15344238281 1028.92224121094 1021.97357177734 1026.04895019531 1030.62219238281 1024.63061523438 1028.1328125 1030.12683105469 1027.4140625 1025.15344238281 1024.07568359375 1021.80926513672 1015.25091552734 1010.41833496094 1006.42797851562 996.707092285156 1000.67474365234 998.806335449219 998.79052734375 998.756713867188
1013.09008789062 1007.60168457031 1005.64337158203 993.117797851562 1002.50439453125 1002.28137207031 993.804016113281 1000.37951660156 1001.04760742188 1003.1259765625 998.536560058594 1009.93682861328 1023.97711181641 1026.39526367188 1023.22174072266 1015.74584960938 1023.65960693359 1023.73712158203 1032.94934082031 1036.67810058594 1034.77807617188 1030.42883300781 1023.81658935547 1019.65478515625 1024.20178222656 1015.29650878906 1030.81799316406 1030.5244140625 1018.515625 1016.47076416016 1016.7705078125 1022.02746582031 1012.87933349609 1010.37060546875 1007.53802490234 1015.02868652344 1016.26538085938 1021.92572021484 1019.31427001953 1004.5751953125 1002.61755371094 1001.58575439453 1003.18493652344 1007.85522460938 1011.67425537109 1014.85009765625
1006.23498535156 1009.46051025391 1001.09344482422 995.160217285156 997.895629882812 998.924865722656 987.981018066406 993.777282714844 998.711608886719 999.45166015625 1003.54174804688 1014.42810058594 1018.27362060547 1020.57104492188 1015.53692626953 1018.26330566406 1012.62133789062 1019.92797851562 1020.70062255859 1031.46337890625 1035.04479980469 1028.09497070312 1023.44781494141 1019.65008544922 1016.56079101562 1013.40295410156 1015.56158447266 1024.99304199219 1013.62841796875 1007.25366210938 1006.33026123047 1010.47595214844 1010.16064453125 1010.80993652344 1009.47003173828 1011.71441650391 1010.32073974609 1015.29620361328 1010.29498291016 1017.45068359375 1004.25732421875 1009.23211669922 1013.19757080078 1009.14538574219 1016.9873046875 1019.22174072266
1002.16107177734 997.790344238281 992.0703125 994.747680664062 993.898132324219 995.836730957031 988.809814453125 993.6201171875 991.953674316406 1000.54565429688 1005.06011962891 1010.01525878906 1015.56677246094 1020.60400390625 1013.92620849609 1017.34777832031 1019.08709716797 1024.40295410156 1023.16461181641 1020.50463867188 1027.09777832031 1022.23284912109 1014.00225830078 1012.83843994141 1017.10888671875 1012.91418457031 1014.47015380859 1012.17797851562 1006.1318359375 1001.47662353516 1009.36682128906 1005.97552490234 1003.16925048828 1008.0537109375 1009.83135986328 1002.72613525391 1006.63079833984 1011.69677734375 1010.32818603516 1012.54864501953 1012.23889160156 1004.67620849609 1018.91485595703 1007.02569580078 1007.21820068359 1013.00598144531
1005.15472412109 1002.85516357422 1000.01788330078 995.54150390625 990.526123046875 997.147338867188 987.925354003906 988.907470703125 992.383056640625 1004.36840820312 1005.15551757812 1011.22485351562 1015.40832519531 1027.48034667969 1021.01123046875 1011.73608398438 1024.78271484375 1024.80603027344 1019.79852294922 1018.59234619141 1011.11108398438 1011.72125244141 1014.05114746094 1011.21752929688 1013.44982910156 1018.20178222656 1019.85241699219 1015.44921875 1010.48828125 1006.18072509766 1006.30603027344 1003.29577636719 1004.08947753906 999.735961914062 1008.88842773438 1006.26525878906 1010.70227050781 1003.95239257812 1012.18615722656 1012.54504394531 1004.22979736328 1014.83062744141 1018.603515625 1017.16998291016 1012.14367675781 1016.50628662109
997.208251953125 997.844055175781 999.014465332031 1000.01312255859 994.559020996094 997.517150878906 986.605224609375 986.566223144531 998.27783203125 1000.64953613281 1001.05603027344 1009.03472900391 1021.75109863281 1025.11352539062 1026.0244140625 1017.35656738281 1012.05725097656 1023.16882324219 1018.46496582031 1010.24353027344 1015.16442871094 1011.31475830078 1011.51037597656 1006.63891601562 1015.08544921875 1003.65472412109 1005.18603515625 1002.84722900391 1003.31225585938 1006.48101806641 1003.57568359375 999.121032714844 1002.11614990234 1008.85144042969 1013.46008300781 1006.84313964844 1012.66217041016 1003.65991210938 1011.68768310547 1006.53259277344 1009.70452880859 1012.61273193359 1023.79467773438 1013.16094970703 1020.34936523438 1021.22882080078
1003.16223144531 993.609741210938 997.153015136719 992.167236328125 992.535461425781 986.902465820312 980.072143554688 979.994262695312 994.835021972656 995.119812011719 993.858642578125 1018.15124511719 1014.96740722656 1023.73004150391 1017.35986328125 1000.63421630859 1005.19097900391 1016.52026367188 1011.94683837891 1011.939453125 1013.80297851562 1009.05023193359 1005.6435546875 1004.58245849609 1011.71411132812 1006.06494140625 1005.25921630859 1000.84814453125 997.0693359375 994.10595703125 991.072204589844 993.701538085938 995.232482910156 998.795043945312 1004.41522216797 1006.70031738281 1007.50201416016 1006.45983886719 1014.18530273438 1010.82354736328 1017.21398925781 1020.19873046875 1023.95959472656 1024.67651367188 1028.984375 1031.18701171875
993.815734863281 993.050659179688 998.509338378906 1002.52673339844 988.946228027344 987.905639648438 982.962158203125 987.165649414062 992.650573730469 983.931457519531 993.099182128906 1009.59478759766 1015.56091308594 1013.34838867188 1008.13873291016 1002.93334960938 999.846801757812 1001.57305908203 1003.69879150391 1008.29479980469 1004.94854736328 1001.42651367188 997.500549316406 995.20361328125 1002.06329345703 1005.30169677734 1007.76782226562 1003.72943115234 993.144958496094 990.851196289062 994.169494628906 997.407836914062 995.45166015625 998.265014648438 1003.83367919922 1000.91931152344 1000.04284667969 1000.08666992188 1016.78039550781 1010.02282714844 1014.21252441406 1027.16174316406 1020.08898925781 1028.95239257812 1034.826171875 1040.29089355469
993.878356933594 991.592041015625 992.488952636719 996.114685058594 995.200561523438 994.567138671875 980.00927734375 983.998352050781 991.088195800781 985.886779785156 987.889038085938 1005.7734375 1005.6708984375 998.689270019531 1003.54718017578 997.275085449219 999.498107910156 1005.52960205078 997.857360839844 1002.70581054688 997.873657226562 1001.46368408203 1003.84417724609 1004.87573242188 999.346801757812 999.370300292969 1006.37841796875 995.872375488281 994.902526855469 994.27783203125 1003.28350830078 995.973876953125 995.452880859375 997.427917480469 994.299133300781 990.261291503906 999.741088867188 995.771789550781 1003.95355224609 1009.88238525391 1015.82965087891 1020.36065673828 1029.42443847656 1027.94873046875 1037.013671875 1034.18017578125
988.869323730469 994.396911621094 984.073486328125 976.620910644531 980.955871582031 987.675231933594 979.865661621094 985.1298828125 989.846069335938 984.527770996094 987.363952636719 999.443969726562 1002.26489257812 995.874084472656 997.446899414062 991.900146484375 1001.40716552734 1005.54724121094 993.235473632812 997.356018066406 993.723449707031 996.292602539062 1001.65289306641 1007.28411865234 1009.36181640625 1006.31591796875 998.850646972656 998.215881347656 1000.4453125 1002.767578125 993.408508300781 991.704711914062 994.347717285156 997.47705078125 987.806396484375 987.327819824219 988.39794921875 990.217163085938 998.554138183594 1008.05291748047 1007.02008056641 1020.74157714844 1027.47009277344 1027.71081542969 1035.65454101562 1027.17883300781
987.991027832031 988.740539550781 983.721069335938 978.867553710938 978.242797851562 985.233947753906 993.344665527344 980.452514648438 972.509338378906 984.065246582031 986.743103027344 995.699951171875 987.962646484375 985.241760253906 990.380676269531 990.235961914062 1001.166015625 991.993041992188 986.681274414062 988.936645507812 987.678588867188 996.799682617188 1003.30151367188 1007.05914306641 1000.69885253906 994.051391601562 991.820617675781 995.890014648438 998.757141113281 995.903747558594 983.842712402344 981.678588867188 990.740173339844 993.897277832031 1004.93334960938 989.757995605469 991.817504882812 988.399291992188 994.203796386719 1000.91876220703 1009.59167480469 1020.08660888672 1024.6767578125 1031.03137207031 1032.20520019531 1016.29724121094
988.310302734375 988.06591796875 975.57373046875 982.0234375 984.965698242188 986.289306640625 983.5625 968.964233398438 973.151733398438 973.708862304688 977.685852050781 978.775451660156 989.3837890625 993.445678710938 989.274780273438 993.555236816406 989.726440429688 982.259826660156 983.848266601562 986.367980957031 987.744689941406 993.190246582031 1001.41387939453 998.89892578125 989.33642578125 995.651000976562 990.94921875 991.81689453125 992.554809570312 992.065124511719 991.642211914062 991.536804199219 994.497680664062 1001.83410644531 1003.94659423828 999.108947753906 1005.92803955078 993.093139648438 1003.62945556641 1005.85516357422 1001.81512451172 1017.27532958984 1027.36645507812 1019.52746582031 1015.81549072266 1012.95428466797
987.346252441406 982.144775390625 979.520385742188 982.419189453125 985.382934570312 980.801147460938 978.751403808594 973.869140625 970.936645507812 972.498229980469 971.137939453125 978.619018554688 990.482604980469 990.838012695312 990.579711914062 989.857055664062 986.674438476562 986.638854980469 986.364196777344 989.653991699219 980.200378417969 993.95751953125 992.418701171875 986.026672363281 989.861633300781 992.503601074219 993.099609375 990.093566894531 992.804260253906 994.029418945312 996.691223144531 997.306945800781 998.948364257812 997.488891601562 1006.2900390625 1006.90454101562 1002.98986816406 998.411193847656 1000.67498779297 1007.05291748047 1009.91204833984 1018.26336669922 1021.26208496094 1015.11572265625 1009.61730957031 1006.96783447266
986.55517578125 982.834167480469 979.601684570312 982.930480957031 984.500549316406 981.311706542969 975.098693847656 975.921936035156 971.06396484375 978.382263183594 979.9609375 981.323425292969 986.526916503906 980.715515136719 982.032836914062 991.706909179688 990.223999023438 988.217468261719 985.948303222656 987.014709472656 982.206848144531 979.594177246094 983.387268066406 984.000915527344 985.624694824219 983.424072265625 986.611755371094 978.230529785156 980.601806640625 989.340454101562 997.990295410156 1001.16088867188 996.871520996094 1003.6083984375 1013.18273925781 1005.21710205078 1003.55218505859 1009.98907470703 1005.69921875 1004.73822021484 1017.58575439453 1016.88696289062 1014.23162841797 1013.40270996094 1006.06970214844 999.707214355469
975.983093261719 976.314880371094 973.1806640625 980.179443359375 980.612670898438 971.807861328125 982.981384277344 974.361206054688 973.311828613281 973.391540527344 969.447937011719 969.822021484375 969.864685058594 976.282348632812 976.761413574219 986.864196777344 983.706848144531 993.707214355469 995.240173339844 990.190002441406 987.656921386719 985.990600585938 980.709533691406 986.293823242188 993.766723632812 984.416259765625 984.164245605469 980.760620117188 985.449157714844 985.431213378906 995.502319335938 1002.23303222656 1002.81536865234 1005.04339599609 1012.59210205078 1005.97387695312 1002.51940917969 1003.46942138672 1006.16900634766 1007.62628173828 1010.15441894531 998.331237792969 1003.26037597656 1005.80895996094 1001.08227539062 1004.33386230469
980.737121582031 970.962890625 974.370727539062 979.605407714844 978.822143554688 969.132385253906 966.623840332031 967.619689941406 972.601440429688 972.967041015625 972.906188964844 971.054992675781 970.122192382812 977.53662109375 976.857421875 978.152587890625 979.572509765625 995.520690917969 992.486267089844 990.404968261719 984.500854492188 974.320373535156 975.422973632812 985.940307617188 989.840454101562 974.971923828125 982.466369628906 978.454345703125 983.745788574219 986.582702636719 992.778076171875 1004.08410644531 1013.11486816406 1006.13781738281 1007.80914306641 1001.46466064453 997.548583984375 1001.73626708984 1001.12670898438 1001.82727050781 1003.80883789062 999.633544921875 998.26123046875 1007.04162597656 1009.64288330078 1011.73388671875
974.534057617188 978.535095214844 974.681640625 968.415222167969 969.260070800781 965.88623046875 966.736999511719 968.205810546875 971.747985839844 972.048950195312 976.549682617188 974.897094726562 977.626342773438 981.750427246094 977.952880859375 975.050109863281 985.771423339844 990.625915527344 992.578857421875 984.489807128906 984.068115234375 982.612487792969 982.51513671875 973.817626953125 973.369934082031 973.661560058594 977.614135742188 974.646362304688 970.859619140625 987.112670898438 992.406433105469 991.214172363281 999.527160644531 1001.62835693359 994.849243164062 1004.62524414062 1010.13952636719 1001.47375488281 991.762634277344 991.930236816406 995.779663085938 1003.54174804688 1004.34844970703 1007.04827880859 1001.77502441406 1003.15869140625
977.930114746094 978.564636230469 978.5908203125 974.994995117188 974.658508300781 979.205749511719 972.265869140625 967.451782226562 973.97021484375 970.6923828125 977.729187011719 977.112121582031 978.541198730469 984.656555175781 981.286254882812 985.705932617188 982.3623046875 992.354736328125 996.175476074219 989.10546875 987.955383300781 976.402954101562 977.624938964844 980.4248046875 971.843139648438 971.624450683594 977.16259765625 973.727722167969 971.854248046875 986.74853515625 982.279602050781 994.600830078125 985.79052734375 993.339599609375 996.90380859375 1003.70465087891 995.910217285156 993.335693359375 996.624816894531 995.890380859375 994.455200195312 1000.49603271484 1009.43511962891 1009.59777832031 1003.51354980469 1006.42736816406
974.901489257812 970.866638183594 973.517944335938 979.379272460938 976.081176757812 985.109497070312 973.412780761719 972.275573730469 974.473327636719 977.396118164062 990.184753417969 983.466430664062 990.69140625 991.993408203125 985.587951660156 985.964782714844 985.090148925781 987.956604003906 986.800720214844 989.609802246094 986.411437988281 981.29052734375 979.188049316406 970.856506347656 972.644836425781 971.027648925781 972.226135253906 969.993041992188 973.593322753906 985.39990234375 982.561828613281 986.251525878906 989.222473144531 991.935363769531 998.509460449219 997.719482421875 999.267822265625 1004.70257568359 995.240905761719 998.869079589844 994.459228515625 997.798706054688 997.539855957031 1003.43218994141 992.163513183594 994.802551269531
971.820983886719 973.481384277344 971.857849121094 972.037414550781 976.349182128906 980.143371582031 968.660888671875 970.303527832031 973.349365234375 974.520812988281 980.803894042969 991.261169433594 987.318298339844 994.31787109375 986.516540527344 991.55419921875 984.358276367188 979.579345703125 980.03271484375 986.019226074219 988.011657714844 976.297607421875 975.48974609375 975.143737792969 971.376403808594 967.648498535156 979.219177246094 975.504577636719 985.057189941406 983.430236816406 969.121520996094 970.48974609375 983.665893554688 986.641357421875 988.174255371094 998.848815917969 997.438232421875 1000.72912597656 996.30322265625 994.38037109375 998.540710449219 1001.99291992188 1001.86071777344 1000.93817138672 998.702270507812 992.411193847656
