data/zlatibor_dem_simulations/DEMsim91.asc
NCOLS 150
NROWS 100
XLLCORNER 7394249
YLLCORNER 4841999
CELLSIZE 30
NODATA_VALUE -9999
[rows 80 to 99 of 100, columns 0 to 45 of 150]
963.877014160156 959.377380371094 954.129638671875 939.232788085938 941.011474609375 938.825439453125 944.692138671875 947.888061523438 957.009155273438 966.653015136719 961.4296875 961.770263671875 973.09521484375 975.389038085938 977.681701660156 985.075134277344 979.385681152344 981.268249511719 991.796752929688 987.813354492188 987.175537109375 993.235534667969 991.900329589844 984.407653808594 987.268310546875 988.190979003906 988.789916992188 993.805053710938 983.255310058594 981.844421386719 978.920654296875 970.467346191406 977.837097167969 980.023986816406 991.928283691406 988.621887207031 986.217102050781 982.58935546875 989.377685546875 997.85791015625 998.704711914062 995.667175292969 997.013122558594 999.113647460938 1000.00207519531 991.416259765625
958.233520507812 964.10791015625 952.379272460938 942.367980957031 940.33349609375 938.9052734375 936.106079101562 948.126342773438 959.576232910156 970.357116699219 966.200988769531 962.724487304688 970.329162597656 982.53125 981.205871582031 979.25830078125 971.946594238281 971.737731933594 981.507446289062 989.939758300781 986.803405761719 988.175842285156 987.620727539062 990.514953613281 983.666809082031 983.07177734375 987.741943359375 991.278015136719 986.738403320312 982.111328125 973.426025390625 968.690307617188 983.355163574219 991.658935546875 992.968200683594 988.189392089844 984.853759765625 990.991882324219 989.605407714844 999.302062988281 998.263732910156 992.291320800781 995.219787597656 1007.48913574219 1004.40954589844 993.291931152344
954.929016113281 952.227783203125 950.746704101562 947.748352050781 944.973022460938 940.010803222656 939.380554199219 946.719299316406 952.900024414062 965.360961914062 965.702453613281 964.808044433594 962.420349121094 968.982971191406 975.72607421875 967.287841796875 971.462951660156 973.876586914062 977.746459960938 984.818725585938 984.466796875 983.048583984375 998.306457519531 992.205871582031 979.611145019531 983.571228027344 983.212341308594 993.613464355469 985.653015136719 978.610900878906 972.386291503906 967.583435058594 982.663879394531 983.469360351562 983.525451660156 977.065856933594 986.602722167969 988.120239257812 985.269775390625 994.513610839844 999.384704589844 997.448608398438 994.913879394531 1001.41754150391 1001.75823974609 1003.79718017578
959.770324707031 948.753051757812 942.5302734375 943.696655273438 944.052001953125 936.583312988281 932.680603027344 937.49267578125 949.785400390625 961.262878417969 967.049560546875 966.665588378906 949.314392089844 962.825439453125 964.375915527344 961.48779296875 967.765319824219 967.335021972656 961.084777832031 969.361633300781 977.389099121094 982.531555175781 983.717346191406 978.013488769531 970.278442382812 971.069152832031 973.940795898438 980.526672363281 982.063598632812 979.826049804688 971.304809570312 966.17333984375 977.034057617188 979.177368164062 974.337524414062 967.856140136719 985.776306152344 982.454040527344 983.557189941406 993.8681640625 999.744750976562 996.777709960938 989.259216308594 990.144653320312 989.389465332031 999.012939453125
954.711303710938 947.617614746094 941.403198242188 937.925598144531 935.130432128906 937.535522460938 938.421447753906 942.411315917969 951.282958984375 951.309509277344 946.014099121094 954.576416015625 951.650085449219 955.082458496094 951.32421875 947.614868164062 954.768493652344 956.93798828125 955.665771484375 960.03466796875 968.401306152344 971.124694824219 972.601745605469 965.354736328125 964.307189941406 977.544677734375 972.414672851562 968.208618164062 975.273376464844 970.035522460938 968.162292480469 977.37353515625 975.185791015625 971.571411132812 968.841369628906 968.049377441406 967.231384277344 974.268127441406 977.534851074219 983.215393066406 989.642578125 991.8623046875 992.167663574219 979.3486328125 989.549194335938 997.826843261719
949.135620117188 945.112731933594 953.219665527344 939.113220214844 933.122741699219 942.240600585938 936.741882324219 940.2275390625 949.748046875 949.346496582031 951.088989257812 952.370239257812 952.085876464844 951.856567382812 951.453186035156 945.237609863281 945.921325683594 944.364074707031 951.9443359375 962.004516601562 957.140625 952.175476074219 961.159118652344 957.446105957031 954.502258300781 958.765075683594 964.629455566406 967.220336914062 964.754272460938 967.368286132812 969.276062011719 969.275451660156 970.292053222656 960.111389160156 965.656555175781 961.330322265625 963.682006835938 971.7509765625 970.346496582031 978.386047363281 980.026733398438 981.949279785156 982.955627441406 982.5791015625 981.375366210938 995.120483398438
951.692932128906 954.280944824219 956.564636230469 951.159118652344 943.058715820312 937.009948730469 943.825012207031 944.812805175781 943.0400390625 947.167541503906 953.121520996094 946.374145507812 942.181640625 951.284729003906 948.685302734375 949.703918457031 949.041015625 950.109985351562 947.592651367188 951.611877441406 948.986206054688 949.006896972656 958.884094238281 956.144897460938 950.903381347656 957.865783691406 952.266967773438 955.913391113281 967.130859375 961.952209472656 961.728454589844 975.782775878906 970.061462402344 961.312561035156 959.864562988281 961.675964355469 966.861389160156 963.233520507812 968.666625976562 967.997375488281 975.283142089844 979.366760253906 978.502502441406 983.983032226562 992.991271972656 998.98291015625
958.833435058594 962.175659179688 960.996704101562 950.824890136719 956.023803710938 941.271362304688 947.069702148438 945.287719726562 943.59716796875 948.758361816406 947.181640625 939.703308105469 944.038818359375 948.424682617188 945.4189453125 947.438842773438 948.036743164062 956.909545898438 954.057983398438 950.115356445312 959.85205078125 956.398071289062 963.491516113281 950.489685058594 953.831298828125 960.151611328125 959.851806640625 958.508178710938 963.490539550781 968.405090332031 962.316589355469 967.055541992188 965.838684082031 967.308898925781 965.123901367188 969.459838867188 974.404663085938 962.79541015625 968.493591308594 976.124694824219 979.135620117188 980.13330078125 987.048034667969 980.059265136719 986.406127929688 989.814208984375
964.986755371094 965.973205566406 962.378234863281 946.6630859375 941.313598632812 947.792114257812 954.268188476562 944.830383300781 942.803466796875 949.733093261719 943.8173828125 944.247985839844 952.787109375 946.977478027344 947.453491210938 953.856628417969 947.935668945312 954.146179199219 955.320007324219 961.242492675781 966.916625976562 963.049865722656 959.125183105469 956.1416015625 966.091003417969 960.664794921875 961.814819335938 967.643981933594 966.546447753906 960.3984375 961.952331542969 961.332763671875 969.185241699219 974.196716308594 971.010192871094 976.765930175781 975.571472167969 967.810546875 964.422241210938 971.257446289062 978.688354492188 977.803283691406 982.718322753906 979.912963867188 983.747131347656 990.163146972656
969.676452636719 960.998474121094 963.690063476562 953.178955078125 943.197631835938 945.756469726562 952.327209472656 949.701110839844 945.68359375 947.445007324219 946.950012207031 946.367248535156 955.752990722656 961.0634765625 965.25634765625 963.223266601562 965.221130371094 962.138427734375 955.449462890625 957.266906738281 954.28076171875 957.028564453125 956.738464355469 954.666076660156 957.465881347656 960.641540527344 967.021667480469 965.119689941406 965.05126953125 956.814514160156 973.823364257812 970.114440917969 972.243835449219 974.98486328125 975.277099609375 977.396240234375 975.134155273438 968.234252929688 972.862487792969 977.665405273438 973.287353515625 966.782043457031 977.756591796875 975.743408203125 979.908508300781 985.158630371094
968.239013671875 962.058166503906 958.189697265625 948.375732421875 941.780151367188 943.622619628906 944.813354492188 942.221984863281 950.318298339844 943.338745117188 944.322692871094 952.306640625 954.916137695312 970.659240722656 969.685852050781 966.526733398438 968.080444335938 969.447143554688 968.483581542969 971.841003417969 970.481567382812 972.322204589844 964.388793945312 965.858215332031 964.009765625 956.021667480469 955.199829101562 964.868530273438 969.088806152344 957.534545898438 963.777465820312 964.914184570312 970.780700683594 975.925842285156 973.476684570312 975.014282226562 972.072204589844 972.136779785156 978.406921386719 972.147338867188 973.34619140625 965.668640136719 969.119079589844 975.892272949219 979.103088378906 981.437438964844
964.766052246094 962.111572265625 956.456115722656 955.8740234375 938.211120605469 940.484924316406 937.788757324219 939.358703613281 939.665588378906 936.088500976562 939.253845214844 947.153686523438 959.012817382812 969.84814453125 965.0625 965.05615234375 969.589294433594 971.713989257812 969.919860839844 977.230285644531 968.039916992188 978.356689453125 973.251159667969 973.0380859375 968.298645019531 963.697143554688 968.526062011719 963.867431640625 966.788696289062 956.897094726562 965.302185058594 971.604125976562 962.067260742188 971.83203125 971.992004394531 960.201232910156 969.800537109375 983.015686035156 985.030822753906 988.188659667969 980.378234863281 978.174011230469 984.90625 979.989990234375 972.5595703125 979.543090820312
964.107421875 967.251037597656 946.652282714844 940.553161621094 935.967712402344 939.437927246094 940.205078125 940.884094238281 941.063842773438 933.880737304688 942.377136230469 952.778137207031 958.082214355469 964.299865722656 965.016845703125 967.491638183594 975.086547851562 982.40966796875 977.615356445312 973.678405761719 964.930419921875 976.166931152344 975.501159667969 974.840881347656 966.287109375 971.197875976562 972.595642089844 969.277709960938 968.454711914062 967.857666015625 964.371154785156 965.945617675781 962.341613769531 976.473999023438 975.030700683594 967.936706542969 977.959777832031 981.325561523438 994.854614257812 987.12109375 982.19189453125 978.354125976562 978.639953613281 981.862976074219 972.4609375 972.028686523438
973.7275390625 966.699279785156 960.256286621094 953.864318847656 950.129455566406 951.985961914062 948.275085449219 941.54345703125 935.565185546875 946.519348144531 952.466857910156 960.043884277344 962.616455078125 978.622314453125 973.083068847656 976.659912109375 976.513610839844 977.928588867188 975.606079101562 977.197998046875 971.381774902344 976.315246582031 980.358276367188 970.462951660156 976.613220214844 972.80908203125 977.054443359375 972.998352050781 976.32568359375 970.385620117188 964.968872070312 969.318237304688 960.782592773438 964.995056152344 969.976440429688 964.145935058594 976.459777832031 983.965454101562 993.474365234375 990.76025390625 984.654602050781 980.943176269531 979.455627441406 979.603759765625 976.2255859375 968.718933105469
974.420166015625 963.05712890625 962.04248046875 957.9306640625 961.9541015625 952.773559570312 947.517883300781 947.537231445312 941.020568847656 945.32470703125 958.399780273438 962.771240234375 974.691101074219 969.9521484375 971.494995117188 978.284301757812 977.235473632812 977.81787109375 985.519714355469 986.583740234375 972.461669921875 970.034301757812 974.586547851562 966.117919921875 963.115661621094 974.630798339844 973.836486816406 975.349853515625 966.651489257812 966.184936523438 967.695129394531 970.496154785156 961.076721191406 969.674011230469 968.769714355469 969.456115722656 977.677673339844 978.761108398438 991.082336425781 991.578796386719 981.407653808594 980.068603515625 980.884399414062 979.120483398438 976.742736816406 970.807983398438
964.063781738281 961.638488769531 962.857299804688 961.125061035156 961.593933105469 964.16796875 963.021057128906 953.224243164062 944.898254394531 946.557250976562 949.909851074219 963.155090332031 967.512145996094 980.118286132812 971.883972167969 966.543090820312 974.567016601562 973.466674804688 982.355895996094 979.73388671875 969.88134765625 969.741882324219 973.361083984375 963.974975585938 964.190979003906 965.503479003906 968.995239257812 976.526245117188 972.414916992188 962.748901367188 959.123840332031 962.214294433594 967.1064453125 965.9609375 969.457458496094 976.654113769531 981.89306640625 973.94482421875 990.392761230469 988.359069824219 979.210815429688 979.947021484375 980.370788574219 974.122680664062 978.018310546875 974.427124023438
968.285217285156 961.0322265625 963.738830566406 954.175415039062 956.316101074219 961.782287597656 964.76220703125 955.625671386719 945.61962890625 949.788940429688 952.749694824219 959.853210449219 967.482482910156 972.928161621094 970.764831542969 974.100646972656 975.259887695312 980.537170410156 980.527282714844 978.500671386719 966.214477539062 974.046203613281 970.066040039062 967.976928710938 974.398559570312 974.092224121094 970.984191894531 969.342041015625 965.737365722656 964.041015625 964.756164550781 966.222778320312 974.891296386719 972.459594726562 977.822326660156 972.481018066406 975.061218261719 970.716491699219 975.128295898438 980.930358886719 982.306518554688 979.303649902344 978.306091308594 974.221618652344 979.34130859375 969.670593261719
962.617919921875 971.221557617188 968.725646972656 960.705627441406 959.662353515625 961.789916992188 959.951416015625 952.560424804688 949.234680175781 954.128723144531 945.532409667969 959.147155761719 966.271362304688 981.154968261719 970.947143554688 976.088989257812 979.908203125 978.252380371094 983.042846679688 976.470275878906 975.362731933594 971.042114257812 969.9697265625 963.483947753906 969.885986328125 968.563537597656 966.550598144531 964.446960449219 968.925231933594 968.022399902344 974.896484375 971.173583984375 974.451721191406 976.601989746094 973.03662109375 975.381469726562 972.388488769531 977.884338378906 974.93310546875 977.515991210938 977.120788574219 980.43701171875 981.977172851562 980.182189941406 970.55224609375 976.64501953125
964.119812011719 965.485412597656 970.044189453125 962.534423828125 966.287902832031 963.49462890625 950.914428710938 942.557434082031 945.122131347656 956.134338378906 962.630187988281 965.070373535156 968.933532714844 982.455444335938 979.536499023438 977.462280273438 976.747924804688 985.545349121094 982.757385253906 972.198547363281 964.371337890625 965.713073730469 967.892150878906 961.804260253906 964.504943847656 968.150207519531 966.572021484375 966.487121582031 976.681396484375 969.815856933594 979.088012695312 979.814514160156 973.341552734375 971.507446289062 970.194519042969 978.817626953125 969.742919921875 978.213806152344 980.678649902344 977.72900390625 988.90380859375 980.661376953125 984.384399414062 985.396301269531 981.912963867188 985.093078613281
963.474914550781 964.887390136719 967.092590332031 966.681274414062 969.23876953125 966.410949707031 954.322998046875 941.112121582031 947.817016601562 951.528198242188 965.306518554688 967.393859863281 972.087951660156 975.459533691406 980.317260742188 985.942810058594 978.184814453125 984.288696289062 977.40625 979.396667480469 967.556213378906 961.84814453125 959.854736328125 969.52783203125 967.411437988281 973.783203125 970.11865234375 972.925842285156 977.841003417969 981.4931640625 980.938720703125 987.388916015625 985.440673828125 981.243713378906 985.960693359375 992.584899902344 988.314208984375 989.853393554688 990.28125 986.910400390625 985.204711914062 990.545288085938 981.601806640625 981.419006347656 985.592346191406 981.818664550781
