data/zlatibor_dem_simulations/DEMsim59.asc
NCOLS 150
NROWS 100
XLLCORNER 7394249
YLLCORNER 4841999
CELLSIZE 30
NODATA_VALUE -9999
[rows 20 to 39 of 100, columns 46 to 91 of 150]
1019.36743164062 1010.04571533203 1006.18713378906 1002.76239013672 1002.41119384766 1001.06744384766 998.004272460938 1000.50469970703 1003.75030517578 1006.03747558594 1008.75427246094 1015.33563232422 1037.06408691406 1034.08312988281 1043.06579589844 1035.64038085938 1037.38525390625 1026.49816894531 1023.83972167969 1022.35876464844 1020.30718994141 1013.64611816406 1015.04663085938 1022.06011962891 1025.26037597656 1017.02380371094 1016.53979492188 1018.81646728516 1017.85522460938 1017.06927490234 1012.09893798828 1011.82153320312 1008.97106933594 1018.89434814453 1023.24884033203 1022.59820556641 1019.80255126953 1006.20257568359 1003.77447509766 991.164367675781 983.298950195312 983.773864746094 988.77685546875 1000.67230224609 996.175537109375 997.106567382812
1015.94964599609 1005.66485595703 1007.85772705078 1004.10571289062 999.765625 1002.68096923828 995.389526367188 989.11328125 999.18310546875 1003.60791015625 1010.93200683594 1011.72033691406 1025.60766601562 1037.48413085938 1034.15600585938 1039.13269042969 1031.95666503906 1026.24108886719 1021.03765869141 1018.25579833984 1017.49810791016 1011.37756347656 1019.43084716797 1024.05834960938 1024.7197265625 1020.51458740234 1016.42138671875 1019.19659423828 1021.81097412109 1013.3916015625 1019.20666503906 1005.36309814453 1007.85949707031 1013.04998779297 1010.20416259766 1015.63452148438 1023.76470947266 1014.52087402344 1010.62548828125 1000.86895751953 1002.22113037109 986.624145507812 997.052673339844 1003.43029785156 1008.50842285156 1014.47033691406
1001.25634765625 1006.85498046875 1002.59442138672 999.929138183594 996.402526855469 1000.61535644531 996.574768066406 993.875305175781 986.829345703125 999.941833496094 1009.13623046875 1019.08404541016 1020.47247314453 1028.46569824219 1029.33203125 1029.27270507812 1033.28442382812 1028.2587890625 1021.48785400391 1020.91088867188 1011.93176269531 1007.58752441406 1017.32464599609 1019.42700195312 1021.89916992188 1018.55950927734 1012.68096923828 1006.45495605469 1010.81927490234 1008.24041748047 1010.48681640625 1000.11608886719 1002.91711425781 1009.51782226562 1004.36535644531 1015.62512207031 1015.90502929688 1017.31634521484 1015.25634765625 1006.18579101562 1002.73522949219 999.478881835938 1006.19696044922 1005.14758300781 1019.53076171875 1017.47619628906
1006.15295410156 1002.83850097656 1000.41259765625 997.055053710938 993.160278320312 995.463500976562 996.943603515625 985.865539550781 993.588195800781 1001.82208251953 1002.31866455078 1009.40795898438 1012.82720947266 1019.89361572266 1022.68395996094 1023.20733642578 1018.33569335938 1031.037109375 1027.26940917969 1016.46032714844 1009.35681152344 1009.11926269531 1015.251953125 1025.31750488281 1019.49224853516 1014.15032958984 1005.91961669922 1006.45416259766 1006.64318847656 1006.29547119141 1004.86840820312 1001.46166992188 1001.66052246094 1013.64605712891 1003.98693847656 1009.89379882812 1019.68780517578 1016.70428466797 1018.20721435547 1005.85015869141 1005.00073242188 1007.19738769531 1010.61279296875 1014.39733886719 1019.06829833984 1022.58941650391
1003.13397216797 1000.302734375 1000.11688232422 992.162841796875 992.979614257812 982.392272949219 976.795227050781 983.393493652344 990.555480957031 995.457824707031 1003.69696044922 1008.47412109375 1012.61218261719 1019.90588378906 1027.06225585938 1027.78918457031 1029.94226074219 1024.701171875 1022.85943603516 1017.82470703125 1019.53485107422 1012.18194580078 1011.23559570312 1016 1010.02337646484 1004.52758789062 999.958862304688 1000.94921875 1007.43103027344 1007.05560302734 1009.06628417969 1010.28674316406 1012.22827148438 1013.50793457031 1013.39978027344 1015.97412109375 1012.38031005859 1019.01324462891 1015.47052001953 1010.11450195312 1013.71936035156 1012.34002685547 1013.16833496094 1019.95776367188 1020.57342529297 1025.42602539062
1001.23303222656 1001.11773681641 999.995910644531 987.971130371094 987.119445800781 982.133544921875 975.504272460938 982.558410644531 983.961669921875 990.795471191406 1000.85559082031 1004.75964355469 1007.64245605469 1023.03845214844 1028.49780273438 1020.78344726562 1017.39324951172 1015.083984375 1013.03747558594 1019.62078857422 1016.49322509766 1017.36950683594 1017.04937744141 1016.98699951172 1006.33465576172 1010.07019042969 1003.96954345703 995.428833007812 997.834045410156 997.377502441406 993.951904296875 998.5986328125 1001.18756103516 1005.50445556641 1003.82745361328 1004.65258789062 1007.59204101562 1010.89630126953 1014.54925537109 1020.96838378906 1027.04370117188 1019.15161132812 1016.19232177734 1014.71661376953 1017.19421386719 1025.12243652344
998.880310058594 997.675354003906 981.234375 993.493469238281 987.616943359375 984.506408691406 980.398803710938 983.927368164062 981.868896484375 979.66796875 989.529113769531 1003.66857910156 1011.82958984375 1021.19793701172 1020.66711425781 1019.60870361328 1017.14501953125 1006.15661621094 1007.70269775391 1013.02252197266 1002.99407958984 1018.18469238281 1016.51318359375 1012.84423828125 1007.04016113281 1004.74572753906 999.187927246094 1000.44256591797 999.198913574219 990.588134765625 989.294006347656 987.889831542969 991.257385253906 999.469177246094 996.945190429688 995.692565917969 1001.45843505859 1013.52673339844 1011.83074951172 1022.32141113281 1020.47314453125 1011.08972167969 1011.83044433594 1016.55303955078 1025.00842285156 1017.58123779297
997.582092285156 1000.4814453125 989.964782714844 993.486267089844 994.511901855469 991.018493652344 994.100830078125 994.203308105469 987.324035644531 983.842163085938 988.223693847656 1000.62072753906 1010.98736572266 1012.10717773438 1017.49719238281 1011.65295410156 1013.55249023438 997.119995117188 994.339660644531 992.578918457031 999.330139160156 999.861938476562 1006.95288085938 1011.30200195312 998.516174316406 999.238952636719 997.90478515625 993.539306640625 995.9873046875 999.152770996094 986.446594238281 992.311157226562 985.852905273438 994.386657714844 996.947021484375 993.797973632812 995.654357910156 1008.78234863281 1000.92852783203 1006.02008056641 1013.97503662109 1013.80993652344 1008.87445068359 1008.46496582031 1014.73504638672 1020.00671386719
993.776245117188 992.454528808594 989.659484863281 989.428588867188 992.133544921875 996.475769042969 992.183898925781 994.724731445312 983.850952148438 982.440734863281 991.043884277344 1002.17401123047 1007.13732910156 1004.55737304688 1004.36901855469 1014.33142089844 998.137878417969 995.362548828125 993.419494628906 997.873291015625 1001.51733398438 998.078979492188 996.632141113281 997.292541503906 1000.04931640625 999.569763183594 999.357177734375 1006.42028808594 1006.38696289062 997.296936035156 992.413757324219 985.960754394531 991.137634277344 998.825927734375 992.925231933594 986.894897460938 999.9033203125 991.682312011719 1000.85345458984 1011.66070556641 1010.02288818359 1010.05352783203 1016.06207275391 1003.36291503906 1010.20465087891 1022.26989746094
990.75927734375 995.229553222656 992.985107421875 992.233520507812 994.715576171875 996.044250488281 993.648742675781 991.152709960938 986.404663085938 987.308166503906 993.935546875 1002.33392333984 1002.79443359375 1004.71234130859 1006.03302001953 1006.36480712891 996.344787597656 999.3818359375 999.343627929688 995.867553710938 997.645935058594 1001.17645263672 994.496276855469 992.32470703125 995.376159667969 994.558288574219 999.023803710938 1010.31677246094 1000.01397705078 1006.2763671875 989.664794921875 991.243774414062 993.515930175781 998.166748046875 994.333557128906 988.559936523438 988.151611328125 986.935119628906 995.245666503906 1007.57019042969 1007.26330566406 1013.60107421875 1013.59503173828 1004.00415039062 1014.08898925781 1014.44482421875
991.086669921875 992.296447753906 995.487976074219 991.590148925781 995.490783691406 994.500183105469 985.395629882812 980.247192382812 984.2783203125 983.955505371094 993.442749023438 996.811584472656 1001.56927490234 1000.75640869141 1003.94769287109 1000.06890869141 992.701232910156 991.393737792969 991.24853515625 993.774841308594 1000.51470947266 1002.83862304688 998.297973632812 993.757385253906 990.044921875 988.994750976562 993.707336425781 1004.01910400391 1004.94549560547 1000.08935546875 992.153259277344 990.037841796875 993.351379394531 999.292419433594 991.6806640625 989.634094238281 987.918334960938 996.318603515625 1002.62921142578 1007.04296875 1002.37994384766 1016.63696289062 1009.34405517578 1004.40447998047 1011.24938964844 1015.33740234375
980.851806640625 993.194152832031 990.839050292969 992.386169433594 990.029174804688 981.784118652344 974.015258789062 985.029418945312 985.048400878906 990.434997558594 984.823303222656 994.498718261719 996.31201171875 1001.84149169922 990.894165039062 991.975830078125 999.385009765625 988.714599609375 988.790405273438 986.232849121094 994.28466796875 992.597473144531 995.559143066406 989.018432617188 988.549865722656 983.361877441406 985.706237792969 1000.0458984375 999.35498046875 1000.9970703125 989.886901855469 985.991149902344 985.440246582031 993.01220703125 989.741516113281 988.153259277344 986.832397460938 990.593872070312 1000.38537597656 1011.08905029297 1011.83758544922 1013.55334472656 1009.26531982422 999.513977050781 1003.37933349609 1010.42346191406
982.467590332031 987.681762695312 991.805725097656 986.954406738281 985.410522460938 979.200561523438 979.987976074219 981.122863769531 980.743530273438 984.379211425781 986.142517089844 991.684204101562 990.651062011719 998.154724121094 998.990783691406 1001.47705078125 1005.53271484375 1002.91119384766 1000.66149902344 979.273071289062 985.395874023438 982.462890625 986.262451171875 988.098754882812 991.365905761719 984.202392578125 988.840209960938 989.1865234375 990.808654785156 997.163879394531 1002.73706054688 986.796569824219 983.321899414062 986.719543457031 984.640869140625 981.268737792969 981.224548339844 987.918823242188 1000.80340576172 1012.03454589844 1010.78430175781 1010.18035888672 1004.38171386719 1010.32580566406 1004.96331787109 1007.46166992188
988.398620605469 987.351440429688 991.965209960938 981.31396484375 977.160583496094 978.780944824219 980.118408203125 980.789245605469 985.833190917969 975.940002441406 988.895935058594 995.0986328125 990.143981933594 989.306030273438 995.203308105469 990.930725097656 999.077331542969 993.049865722656 987.059265136719 989.62744140625 982.5771484375 991.447021484375 988.289245605469 979.394287109375 984.931945800781 983.159301757812 989.583618164062 996.53759765625 993.656616210938 1003.43334960938 990.934875488281 990.633911132812 982.68017578125 980.181396484375 979.497497558594 980.042602539062 987.588745117188 994.216430664062 1003.33160400391 1010.73919677734 1023.61083984375 1019.16424560547 1013.10711669922 1003.12414550781 997.346984863281 995.169677734375
992.879577636719 982.368286132812 985.877319335938 982.803039550781 971.890563964844 972.692687988281 978.781127929688 976.268981933594 980.243286132812 975.948608398438 976.777038574219 992.680297851562 989.939331054688 993.54541015625 992.078552246094 999.225769042969 997.359191894531 991.443603515625 981.588745117188 987.012023925781 981.600952148438 978.526428222656 978.410705566406 978.142395019531 982.349426269531 983.923034667969 988.285278320312 994.020874023438 991.881408691406 1005.32598876953 993.044128417969 988.076110839844 986.730041503906 976.755432128906 975.402282714844 994.551513671875 990.116027832031 1004.14422607422 1006.72430419922 1012.77001953125 1021.63006591797 1024.79626464844 1018.11993408203 1011.89733886719 1000.78399658203 996.276062011719
987.656799316406 984.126831054688 983.5654296875 982.163635253906 973.503967285156 988.275207519531 983.091918945312 985.70947265625 968.015502929688 975.739013671875 977.830139160156 978.812255859375 979.712585449219 983.558166503906 987.489624023438 991.872375488281 987.260131835938 982.731018066406 979.707336425781 990.630310058594 993.373046875 991.704833984375 976.627746582031 974.571960449219 980.85791015625 980.708679199219 989.908874511719 997.599182128906 998.510803222656 996.381408691406 988.865234375 990.229064941406 993.473022460938 983.977844238281 987.231201171875 991.316711425781 996.509582519531 1004.07684326172 999.158813476562 1007.43005371094 1008.72668457031 1010.03259277344 1009.11328125 1009.88055419922 1004.595703125 1000.83685302734
976.362121582031 978.061096191406 974.7216796875 974.631591796875 977.969665527344 975.77490234375 984.614685058594 984.585510253906 974.869445800781 977.258666992188 975.383239746094 980.905212402344 984.37451171875 984.157958984375 988.914306640625 990.905456542969 988.803771972656 990.867858886719 993.847351074219 992.008911132812 997.655090332031 993.204345703125 981.041381835938 982.98291015625 982.220947265625 974.988464355469 981.382690429688 992.550598144531 988.866027832031 986.101501464844 987.219421386719 991.789184570312 992.881225585938 991.475830078125 990.392028808594 992.767395019531 994.359130859375 1001.69116210938 1001.44171142578 1009.66540527344 1004.47253417969 1002.34332275391 1012.34515380859 1015.20495605469 1006.44085693359 1010.96862792969
972.133117675781 974.717590332031 966.035034179688 967.610229492188 974.166564941406 986.278930664062 985.357299804688 976.950012207031 976.869873046875 977.028747558594 975.745910644531 972.914794921875 970.011779785156 975.9755859375 992.345153808594 990.775329589844 991.026428222656 992.936401367188 1000.00939941406 994.340576171875 998.149169921875 1000.67987060547 984.641296386719 981.912109375 976.126831054688 974.250793457031 975.658325195312 977.338317871094 983.225524902344 980.7265625 992.499633789062 990.682556152344 991.210571289062 993.21728515625 988.299194335938 998.25146484375 993.593322753906 1004.36169433594 997.106628417969 1007.33489990234 1003.66497802734 1002.35870361328 1003.51501464844 1007.80377197266 1010.84509277344 1013.70965576172
970.096923828125 974.753295898438 967.990478515625 975.477172851562 980.779907226562 986.953063964844 979.245483398438 975.47802734375 969.733276367188 975.170776367188 962.818725585938 969.350219726562 976.829345703125 978.876770019531 990.758483886719 994.036743164062 995.478271484375 988.99169921875 994.032653808594 996.8505859375 992.373657226562 990.077392578125 986.3388671875 981.096923828125 975.079162597656 973.408630371094 970.7119140625 974.862426757812 965.627319335938 980.024475097656 985.280700683594 984.839294433594 988.192993164062 991.140258789062 986.026794433594 995.763244628906 995.925231933594 1000.08795166016 997.054138183594 1003.28796386719 999.542236328125 996.00537109375 999.400390625 1006.59149169922 1007.62084960938 1004.36126708984
973.653564453125 972.372863769531 972.502563476562 983.421630859375 980.950622558594 976.731750488281 976.256042480469 967.207092285156 973.567077636719 967.52880859375 964.265319824219 961.015502929688 967.639343261719 974.132202148438 982.052429199219 984.838012695312 982.585754394531 985.811462402344 990.126831054688 991.886047363281 982.797241210938 979.586242675781 987.343627929688 981.932922363281 972.830444335938 961.278076171875 966.437316894531 973.238220214844 978.875854492188 976.273559570312 977.685302734375 973.562683105469 983.613159179688 985.889526367188 989.780456542969 995.234313964844 997.741821289062 991.667907714844 990.523620605469 991.312316894531 983.904113769531 994.817443847656 998.137268066406 994.880676269531 999.07177734375 1003.06213378906
