data/zlatibor_dem_simulations/DEMsim9.asc
NCOLS 150
NROWS 100
XLLCORNER 7394249
YLLCORNER 4841999
CELLSIZE 30
NODATA_VALUE -9999
[rows 80 to 99 of 100, columns 0 to 45 of 150]
948.536743164062 948.085144042969 939.181030273438 943.188842773438 954.033325195312 941.455078125 935.695983886719 941.293334960938 951.423217773438 961.407470703125 970.38134765625 975.958862304688 980.027038574219 980.057312011719 973.759765625 970.559509277344 978.269165039062 982.533142089844 987.263061523438 981.530578613281 993.190002441406 988.075256347656 988.60498046875 983.662536621094 983.365417480469 983.426086425781 982.194091796875 977.665283203125 983.347717285156 986.400756835938 978.432495117188 974.393371582031 974.84765625 986.134033203125 992.230834960938 992.544799804688 993.806213378906 991.661010742188 1004.87438964844 1007.82629394531 998.855590820312 999.200744628906 1000.99444580078 1000.21453857422 1009.29974365234 1006.72039794922
939.037048339844 944.444152832031 944.2275390625 944.6748046875 949.47998046875 937.345397949219 933.811401367188 939.276916503906 943.110046386719 957.342712402344 972.302795410156 968.585510253906 981.396667480469 978.336242675781 971.090087890625 977.73876953125 973.834899902344 974.342102050781 976.501586914062 978.593139648438 975.295288085938 987.693176269531 979.069396972656 980.99853515625 978.498413085938 978.694580078125 976.463317871094 970.778869628906 972.531799316406 978.031677246094 978.492858886719 981.691772460938 977.088562011719 986.655395507812 995.703125 992.983276367188 995.938781738281 987.016235351562 996.381408691406 988.114990234375 995.848266601562 993.325012207031 995.347534179688 1000.72485351562 1002.48699951172 1005.44976806641
938.861694335938 939.248413085938 938.363830566406 950.279113769531 942.370239257812 933.119506835938 941.473937988281 942.623046875 944.06103515625 960.019104003906 963.194641113281 959.851013183594 968.77392578125 979.890380859375 973.562622070312 973.563354492188 968.352661132812 965.723022460938 963.966735839844 968.128601074219 977.073181152344 975.798706054688 977.81298828125 980.188903808594 983.297302246094 979.259338378906 979.677307128906 974.499572753906 972.700317382812 978.182006835938 970.14599609375 978.069885253906 978.594360351562 985.310913085938 983.1337890625 983.391418457031 986.861755371094 986.0556640625 986.485229492188 988.479125976562 999.181579589844 992.265441894531 991.468505859375 999.447204589844 1006.51708984375 1006.25341796875
938.1328125 936.237487792969 946.079467773438 944.07568359375 938.023986816406 941.897705078125 937.723327636719 938.012390136719 952.830688476562 950.856079101562 959.688049316406 968.050598144531 961.953430175781 967.048217773438 966.7353515625 967.120910644531 965.826538085938 966.844970703125 969.440185546875 967.655822753906 973.338439941406 963.854858398438 964.88818359375 973.613159179688 983.69482421875 979.162841796875 980.464233398438 979.321411132812 967.384582519531 967.492126464844 971.642761230469 981.726806640625 984.733764648438 982.600280761719 975.682006835938 969.952026367188 971.970153808594 973.527038574219 975.028991699219 975.612915039062 994.736877441406 987.761596679688 987.792236328125 987.687133789062 997.723205566406 1003.95349121094
942.897277832031 939.090759277344 942.546264648438 939.047973632812 945.507751464844 944.361328125 942.4453125 939.710754394531 945.741394042969 954.117004394531 956.512573242188 961.989562988281 957.816223144531 958.792907714844 955.413269042969 960.524108886719 960.293273925781 956.905212402344 962.04931640625 958.679260253906 961.476013183594 963.403930664062 958.771362304688 966.668579101562 974.005737304688 981.142333984375 972.438781738281 971.919799804688 966.725341796875 961.345092773438 966.788208007812 972.295104980469 974.879028320312 979.272766113281 973.159851074219 965.927124023438 969.335693359375 974.705261230469 974.985473632812 981.207397460938 976.092590332031 983.204833984375 983.914245605469 989.199584960938 993.842224121094 1001.72515869141
945.320373535156 946.206420898438 949.949279785156 951.412658691406 942.233764648438 943.011474609375 950.289916992188 944.478698730469 939.960571289062 945.322692871094 952.482116699219 951.634582519531 948.549255371094 951.964294433594 959.322692871094 955.201843261719 953.0546875 954.895629882812 966.462951660156 962.793823242188 958.08837890625 953.25390625 958.056213378906 962.022644042969 959.115356445312 965.770812988281 961.430847167969 959.702941894531 957.031372070312 965.305908203125 964.605712890625 964.446533203125 967.717102050781 973.049987792969 966.79443359375 963.275573730469 969.938781738281 972.6982421875 970.687438964844 969.928771972656 983.791198730469 976.273376464844 978.775939941406 990.710754394531 993.557189941406 998.741027832031
940.2158203125 945.760620117188 945.106018066406 946.199340820312 943.599060058594 945.066467285156 947.056823730469 939.064453125 937.876708984375 945.501586914062 945.957824707031 943.402465820312 948.144714355469 945.516906738281 947.726379394531 955.223022460938 954.760986328125 958.7880859375 955.033020019531 958.840209960938 961.666870117188 959.053283691406 956.759521484375 958.195678710938 963.906860351562 960.173950195312 949.613403320312 953.8505859375 961.943237304688 959.205139160156 960.19580078125 966.632385253906 970.245239257812 965.931579589844 957.600402832031 958.065673828125 963.5771484375 969.180908203125 964.680786132812 966.152526855469 974.186889648438 973.696838378906 976.555725097656 979.426452636719 990.897277832031 992.653198242188
954.282775878906 955.164672851562 944.961364746094 944.780639648438 946.756042480469 938.543090820312 938.513854980469 943.734802246094 943.555053710938 944.911010742188 944.994018554688 947.55224609375 948.1748046875 948.654602050781 949.235290527344 952.544250488281 951.609130859375 962.885192871094 956.651306152344 955.745483398438 955.190490722656 962.963989257812 958.406555175781 962.465270996094 955.850646972656 961.903137207031 955.8603515625 952.806640625 955.339965820312 959.990112304688 958.245544433594 968.626892089844 968.173156738281 969.814880371094 966.90234375 965.765625 977.943115234375 964.039123535156 969.92822265625 969.737915039062 977.888122558594 981.637390136719 981.86181640625 973.638854980469 982.291687011719 991.372314453125
958.821166992188 950.356262207031 950.695861816406 942.224792480469 949.865417480469 946.146484375 940.576477050781 931.791198730469 937.638671875 941.367126464844 942.349243164062 945.220275878906 948.126953125 953.745788574219 951.760925292969 950.015563964844 944.608764648438 955.764892578125 960.109558105469 964.050048828125 954.116882324219 956.70947265625 959.719055175781 958.927490234375 964.361633300781 962.922302246094 962.730712890625 959.191833496094 957.139831542969 963.320739746094 965.911010742188 962.007385253906 958.274475097656 969.369567871094 963.528564453125 967.529418945312 971.865539550781 964.144104003906 969.450988769531 974.818603515625 973.744689941406 971.247680664062 973.33251953125 977.050354003906 984.805297851562 980.387145996094
967.470092773438 959.324157714844 959.097778320312 951.807678222656 950.990905761719 944.218017578125 940.891662597656 929.147277832031 941.908508300781 940.269897460938 947.864868164062 944.745300292969 954.730041503906 956.428344726562 960.5732421875 957.196350097656 959.915649414062 957.656494140625 956.981994628906 968.915161132812 961.644653320312 962.993225097656 968.566223144531 967.432922363281 961.823364257812 964.979675292969 970.498474121094 970.657043457031 960.6162109375 965.264953613281 960.901306152344 962.615417480469 966.397521972656 968.340881347656 969.194396972656 963.179809570312 966.942810058594 960.898376464844 969.541198730469 971.948181152344 972.616027832031 970.911193847656 968.046142578125 981.380676269531 981.602233886719 984.228149414062
969.577087402344 968.433471679688 963.783996582031 968.526306152344 963.597229003906 955.749145507812 948.045654296875 941.915222167969 948.774780273438 947.369140625 955.081726074219 947.48583984375 958.098876953125 963.549072265625 977.303283691406 966.752197265625 968.352355957031 965.259643554688 957.628967285156 967.084533691406 968.452270507812 967.739196777344 967.014404296875 966.672912597656 972.319702148438 969.319396972656 971.558959960938 973.726013183594 954.417724609375 963.144287109375 964.884643554688 970.342651367188 969.897216796875 975.771911621094 973.480346679688 973.9521484375 965.613220214844 966.141052246094 973.407470703125 969.914367675781 970.8720703125 970.30126953125 970.281066894531 982.974426269531 973.261047363281 977.216918945312
964.242919921875 970.447570800781 964.440368652344 971.690612792969 969.732727050781 956.3583984375 953.192321777344 937.836059570312 942.869018554688 945.2685546875 950.473022460938 955.8037109375 960.07470703125 971.829162597656 969.097229003906 971.524658203125 969.368835449219 960.332580566406 959.008361816406 961.057495117188 966.258239746094 964.501342773438 971.382995605469 968.451416015625 966.950866699219 968.801025390625 969.222351074219 966.276123046875 971.893798828125 975.2724609375 967.454833984375 964.918090820312 969.932373046875 974.343566894531 969.730407714844 973.450256347656 973.976501464844 972.641479492188 974.131103515625 969.240661621094 974.088439941406 971.280151367188 968.472473144531 970.365783691406 969.877075195312 978.536010742188
962.381408691406 971.552307128906 965.573669433594 967.439392089844 963.416320800781 956.952514648438 948.319091796875 938.488464355469 941.884460449219 941.8857421875 953.401794433594 950.948120117188 959.983032226562 963.093994140625 965.661254882812 974.509033203125 958.871276855469 960.874694824219 968.948181152344 969.079711914062 962.177429199219 961.251892089844 959.375244140625 957.965209960938 967.586364746094 966.728210449219 961.058959960938 972.902282714844 975.862609863281 973.934387207031 973.682434082031 964.500732421875 962.394592285156 970.751525878906 976.316650390625 970.416564941406 974.148620605469 978.569396972656 976.85107421875 970.671142578125 977.5517578125 980.218017578125 971.175415039062 970.320068359375 972.079284667969 974.723510742188
961.210754394531 962.577270507812 970.624145507812 959.270141601562 958.426452636719 947.121948242188 947.287841796875 943.437561035156 942.281372070312 948.532531738281 958.559143066406 958.6826171875 962.504821777344 965.587585449219 973.099548339844 974.872497558594 965.849182128906 962.184143066406 965.917907714844 967.739929199219 965.595764160156 966.351806640625 967.266357421875 967.969604492188 966.697204589844 961.27978515625 967.505981445312 976.860107421875 979.837280273438 984.692810058594 971.269165039062 967.518798828125 971.506408691406 973.732604980469 972.550903320312 968.938110351562 977.801208496094 970.6279296875 965.995910644531 979.953796386719 980.989807128906 983.238342285156 978.445922851562 972.697448730469 973.577575683594 970.704040527344
968.94091796875 966.905029296875 962.096496582031 960.243103027344 956.659790039062 953.640441894531 949.157409667969 941.631530761719 946.876708984375 951.684509277344 963.677124023438 967.725708007812 972.941650390625 974.320556640625 975.584106445312 968.97998046875 971.981811523438 971.408752441406 971.889892578125 968.453369140625 974.195373535156 970.521423339844 967.320434570312 966.720153808594 959.275573730469 976.704345703125 972.724304199219 969.305725097656 971.548950195312 983.710998535156 976.010498046875 973.337707519531 971.16650390625 965.50390625 969.488037109375 968.164916992188 975.451354980469 972.552490234375 967.519653320312 975.807434082031 986.413391113281 980.064880371094 977.990356445312 980.405578613281 977.934875488281 971.914245605469
969.803833007812 968.386108398438 961.259765625 962.616149902344 965.572326660156 964.041748046875 951.943176269531 949.629516601562 946.533386230469 954.078308105469 961.286254882812 970.340148925781 976.277526855469 976.185852050781 980.885192871094 975.794738769531 980.293273925781 970.700500488281 975.256896972656 981.293334960938 980.1328125 975.194580078125 978.32470703125 975.881103515625 963.680480957031 976.738708496094 980.042907714844 976.053100585938 975.359924316406 984.576721191406 977.644226074219 971.457092285156 971.714538574219 976.194763183594 971.126159667969 969.6787109375 970.845458984375 972.970092773438 969.35546875 975.630432128906 981.381042480469 980.286804199219 982.820983886719 975.516418457031 980.273315429688 974.803649902344
968.274719238281 968.896667480469 965.181823730469 967.504150390625 970.179626464844 967.701110839844 963.444213867188 950.775756835938 950.481262207031 955.310241699219 973.658386230469 974.930969238281 983.879211425781 979.737548828125 976.292358398438 978.832092285156 975.848266601562 971.492797851562 981.35546875 978.637817382812 981.042175292969 989.827392578125 990.640686035156 989.202758789062 978.407165527344 972.292541503906 981.558837890625 974.925048828125 972.528198242188 983.300537109375 975.939025878906 965.646179199219 977.092590332031 975.430114746094 971.359497070312 965.532043457031 971.093688964844 981.544006347656 978.371948242188 981.393981933594 987.5166015625 982.883361816406 978.375854492188 978.348510742188 977.128784179688 980.510070800781
972.359802246094 963.216491699219 958.330200195312 958.947448730469 960.524658203125 963.535949707031 957.316589355469 949.206481933594 950.150207519531 955.514465332031 963.607849121094 970.488403320312 978.220275878906 974.78466796875 977.817810058594 971.9912109375 973.599792480469 971.533569335938 982.242553710938 982.435913085938 989.1884765625 984.512268066406 985.766479492188 979.313659667969 977.898559570312 984.5615234375 988.978454589844 972.054504394531 976.544555664062 979.707092285156 971.171752929688 971.875244140625 976.1142578125 976.39208984375 968.381042480469 962.858032226562 975.881286621094 976.491943359375 984.375122070312 989.173889160156 986.280883789062 982.080017089844 983.11572265625 982.1787109375 983.939758300781 991.303588867188
964.834350585938 962.444946289062 959.213623046875 957.926086425781 960.296325683594 969.539978027344 961.721008300781 950.104431152344 941.888610839844 951.712524414062 962.949523925781 976.507202148438 976.487426757812 968.349670410156 975.746765136719 965.738525390625 963.11767578125 975.178283691406 971.755676269531 973.538696289062 986.841186523438 975.657836914062 986.472717285156 980.432434082031 977.06591796875 985.375 994.350402832031 988.347900390625 984.381286621094 970.202575683594 975.121887207031 964.565612792969 973.441650390625 966.878173828125 961.928466796875 970.596252441406 969.888000488281 983.411499023438 982.402526855469 984.560241699219 984.919067382812 977.141845703125 979.166015625 985.917175292969 973.614624023438 972.253234863281
971.730285644531 965.939575195312 963.03955078125 961.106018066406 967.880859375 959.226989746094 953.921447753906 941.914916992188 949.623474121094 958.131530761719 966.705505371094 973.529724121094 968.507873535156 965.576171875 968.13720703125 965.306884765625 966.411193847656 984.271118164062 979.836975097656 980.584228515625 986.604309082031 978.591613769531 979.588195800781 968.49658203125 971.416259765625 980.1123046875 985.771484375 991.025634765625 990.412902832031 969.0771484375 966.648986816406 967.146301269531 968.78955078125 965.651611328125 960.168518066406 962.417785644531 972.187866210938 984.605529785156 983.738830566406 982.730102539062 983.699768066406 983.078857421875 984.224731445312 980.235412597656 976.17041015625 978.503479003906
