data/zlatibor_dem_simulations/DEMsim52.asc
NCOLS 150
NROWS 100
XLLCORNER 7394249
YLLCORNER 4841999
CELLSIZE 30
NODATA_VALUE -9999
[rows 40 to 59 of 100, columns 92 to 137 of 150]
990.738403320312 987.990600585938 990.67919921875 999.177429199219 988.876953125 985.261535644531 990.856384277344 991.409851074219 985.050415039062 984.074645996094 988.071594238281 986.71044921875 987.953857421875 992.875793457031 991.848388671875 983.174682617188 982.926086425781 1001.83227539062 998.061828613281 995.518188476562 993.096008300781 997.914672851562 1002.49224853516 1002.13391113281 997.166809082031 996.769958496094 994.097473144531 993.146789550781 985.357482910156 997.3564453125 993.937377929688 998.840026855469 1002.39978027344 1004.96154785156 1004.68566894531 1004.96771240234 1012.30267333984 1024.15783691406 1032.59765625 1036.29077148438 1039.55981445312 1041.01879882812 1042.0546875 1048.94421386719 1053.58752441406 1058.78442382812
986.732238769531 975.282531738281 985.436706542969 985.495544433594 989.675476074219 998.013488769531 993.496887207031 989.279113769531 982.731628417969 986.917541503906 983.710021972656 978.630432128906 986.753784179688 992.120666503906 986.815063476562 985.676147460938 984.128662109375 997.734558105469 995.111389160156 1003.99652099609 995.532653808594 1006.77001953125 992.893859863281 994.5048828125 1000.67120361328 993.33349609375 989.543395996094 989.921691894531 990.230773925781 990.646606445312 995.524963378906 995.552307128906 1009.69073486328 1012.79040527344 1011.68316650391 1010.10430908203 1019.1005859375 1028.72607421875 1038.0830078125 1041.13342285156 1046.99108886719 1048.24169921875 1046.95324707031 1056.00573730469 1055.17724609375 1064.45825195312
978.216491699219 978.915405273438 984.4443359375 986.490600585938 988.511108398438 1002.806640625 996.097106933594 988.873229980469 984.251953125 982.864379882812 985.363830566406 983.283264160156 991.013916015625 990.014282226562 994.510681152344 981.909545898438 983.056579589844 994.128784179688 988.870910644531 992.489379882812 985.933898925781 992.5126953125 987.244812011719 992.010559082031 1002.13323974609 994.792419433594 993.091430664062 991.125366210938 990.423156738281 994.422973632812 996.223327636719 994.864013671875 1003.00030517578 1008.46142578125 1010.62896728516 1019.71502685547 1020.91278076172 1034.60803222656 1037.46801757812 1044.00134277344 1055.08923339844 1062.62658691406 1054.62329101562 1059.09484863281 1059.10168457031 1073.22119140625
979.520385742188 971.396606445312 981.106872558594 985.23291015625 980.722473144531 984.742248535156 990.230773925781 986.423706054688 979.186218261719 982.957580566406 987.954406738281 983.848876953125 984.093139648438 984.666809082031 978.657348632812 980.491088867188 981.986877441406 988.315124511719 984.9853515625 989.253784179688 993.420471191406 992.38037109375 996.121887207031 1008.05163574219 1006.60101318359 998.752868652344 997.278503417969 997.474060058594 996.265930175781 998.789978027344 996.231506347656 991.61865234375 1003.77642822266 1007.01342773438 1008.59289550781 1024.71215820312 1030.60009765625 1037.46533203125 1036.34106445312 1044.87438964844 1059.69787597656 1068.58361816406 1060.45715332031 1064.47790527344 1076.166015625 1083.21716308594
974.423583984375 976.039916992188 984.355102539062 979.485107421875 970.308227539062 978.296325683594 976.018859863281 979.303039550781 972.680236816406 980.323852539062 983.079040527344 979.759643554688 981.8984375 981.094970703125 974.260131835938 976.795654296875 981.621520996094 986.624755859375 989.041931152344 991.347473144531 992.729858398438 994.264770507812 1001.19128417969 1002.52697753906 1007.45404052734 1004.15655517578 999.954833984375 1002.38421630859 1000.30517578125 1001.10882568359 1005.23089599609 1005.74188232422 1000.88397216797 1012.52923583984 1010.84521484375 1020.6376953125 1040.44372558594 1037.28564453125 1033.13293457031 1043.35485839844 1055.69738769531 1062.46203613281 1058.60437011719 1064.30297851562 1083.748046875 1073.49096679688
972.960144042969 974.958557128906 975.444396972656 979.6640625 974.413635253906 968.750549316406 968.073364257812 968.564697265625 969.950500488281 968.991333007812 971.269348144531 973.662414550781 983.852416992188 983.271850585938 983.953491210938 976.986511230469 992.879516601562 987.1611328125 990.225891113281 999.703552246094 1003.08404541016 999.259948730469 1001.38262939453 1006.7919921875 1000.70617675781 1005.65368652344 1010.49267578125 1014.79162597656 1010.88671875 1010.89404296875 1015.73571777344 1020.22436523438 1014.35266113281 1015.49340820312 1010.65808105469 1016.27984619141 1029.8359375 1039.79907226562 1039.35827636719 1039.17419433594 1047.2998046875 1051.96923828125 1061.90661621094 1079.66857910156 1074.50317382812 1083.57824707031
969.934509277344 976.377319335938 970.146118164062 977.815856933594 978.510864257812 971.45849609375 974.432861328125 974.859497070312 972.647155761719 962.924743652344 964.574279785156 975.978088378906 982.818298339844 991.844482421875 989.436828613281 985.583984375 995.8515625 995.347106933594 999.052612304688 1000.07147216797 1007.14038085938 1006.32818603516 1005.4228515625 1001.75549316406 1006.65435791016 1009.12945556641 1007.41351318359 1019.86273193359 1014.86975097656 1014.65350341797 1011.32250976562 1018.78515625 1021.61669921875 1016.52966308594 1022.31011962891 1016.25592041016 1025.75549316406 1037.87194824219 1045.86315917969 1044.00769042969 1045.71716308594 1054.13549804688 1057.9375 1069.26013183594 1080.75732421875 1091.34936523438
972.874145507812 976.475341796875 983.630187988281 972.2314453125 975.6298828125 980.474914550781 979.742370605469 977.888244628906 980.037536621094 974.071960449219 971.880920410156 979.626342773438 988.528747558594 990.897705078125 993.294128417969 992.596740722656 990.534118652344 993.259460449219 996.919189453125 990.882080078125 1002.43530273438 1008.32806396484 1000.72601318359 1010.24542236328 1017.53704833984 1014.34521484375 1016.80657958984 1022.64685058594 1016.76434326172 1019.45306396484 1009.93798828125 1016.28887939453 1023.34826660156 1012.71112060547 1022.08404541016 1026.00573730469 1033.25927734375 1035.27551269531 1043.85791015625 1055.78112792969 1057.24645996094 1055.96350097656 1060.52478027344 1082.51647949219 1084.29174804688 1096.55419921875
969.065734863281 970.928833007812 979.027038574219 976.706909179688 976.06396484375 980.006286621094 981.986328125 983.19580078125 981.775634765625 981.400634765625 988.702453613281 988.385864257812 990.314025878906 990.812683105469 992.4453125 987.318786621094 989.566040039062 990.744445800781 990.638916015625 987.61474609375 992.967346191406 998.211730957031 999.708801269531 1008.85955810547 1019.58709716797 1018.48400878906 1022.13073730469 1022.75042724609 1023.94561767578 1025.43200683594 1012.58270263672 1011.53546142578 1014.66845703125 1016.14868164062 1024.74047851562 1027.51635742188 1029.85119628906 1040.775390625 1035.63525390625 1049.65734863281 1058.94189453125 1053.44311523438 1063.66760253906 1071.98315429688 1079.32055664062 1085.31518554688
968.630798339844 966.228149414062 978.881530761719 980.957641601562 969.513000488281 980.278869628906 976.75830078125 976.40771484375 972.803527832031 982.712097167969 987.580749511719 989.100830078125 995.396911621094 989.348388671875 985.220642089844 985.970458984375 985.653564453125 995.409851074219 981.725708007812 980.744201660156 998.156677246094 991.312805175781 1000.82580566406 1007.93182373047 1014.16802978516 1019.48553466797 1019.02703857422 1021.75598144531 1023.53979492188 1024.4306640625 1018.0400390625 1012.98254394531 1009.96520996094 1022.97888183594 1025.9501953125 1025.10876464844 1027.57153320312 1036.19482421875 1045.75830078125 1054.78894042969 1051.24841308594 1061.46472167969 1076.73486328125 1075.84008789062 1075.86901855469 1088.64990234375
966.736633300781 974.519226074219 976.659118652344 979.112670898438 975.747253417969 969.870178222656 977.245483398438 969.265014648438 977.184204101562 986.276977539062 980.375061035156 988.02099609375 984.644897460938 985.801879882812 984.164245605469 979.319580078125 988.372497558594 995.105224609375 988.239868164062 996.538940429688 988.250122070312 987.479370117188 994.877014160156 1002.4873046875 1008.25207519531 1011.53198242188 1009.044921875 1016.34997558594 1010.28015136719 1018.46649169922 1021.38104248047 1018.14733886719 1020.98974609375 1031.0986328125 1034.05224609375 1038.98815917969 1036.12438964844 1035.96020507812 1046.0927734375 1047.46423339844 1062.0654296875 1071.00268554688 1072.29614257812 1083.76025390625 1083.08361816406 1089.64038085938
972.67919921875 973.359985351562 974.734313964844 965.202392578125 974.112548828125 969.028381347656 973.095886230469 964.847900390625 970.497253417969 982.528747558594 978.22216796875 973.184265136719 978.585266113281 980.739807128906 979.653747558594 981.346862792969 994.134338378906 996.111145019531 984.337646484375 986.803527832031 982.638732910156 982.402465820312 992.96923828125 990.562805175781 1005.86492919922 1015.65844726562 1015.96978759766 1021.16735839844 1024.73706054688 1015.8828125 1026.87805175781 1026.54406738281 1033.90966796875 1032.6162109375 1030.37048339844 1036.51953125 1037.75305175781 1030.92578125 1048.53662109375 1048.39587402344 1064.29760742188 1076.29931640625 1086.98046875 1087.09997558594 1085.99926757812 1095.74658203125
979.762634277344 982.999816894531 980.911071777344 973.124084472656 977.775512695312 973.161193847656 972.529052734375 967.412353515625 967.750061035156 966.002197265625 966.536254882812 979.115234375 974.047424316406 987.1328125 983.892028808594 983.075256347656 986.993591308594 988.143615722656 980.498779296875 984.21337890625 979.0625 983.155944824219 986.712097167969 985.155639648438 997.244812011719 1009.49383544922 1018.66577148438 1015.82147216797 1022.35931396484 1014.6171875 1021.72033691406 1017.60168457031 1031.19702148438 1025.51025390625 1033.79772949219 1033.26245117188 1029.64416503906 1029.86962890625 1039.04748535156 1047.34680175781 1071.06176757812 1082.8125 1082.59436035156 1086.43127441406 1087.53979492188 1078.17358398438
984.494445800781 972.847839355469 974.758422851562 976.51513671875 965.57275390625 978.795288085938 975.701599121094 974.365478515625 978.602844238281 968.986511230469 969.391296386719 976.305725097656 986.730651855469 985.6767578125 981.982849121094 988.71484375 984.277954101562 987.851806640625 988.256103515625 984.390747070312 985.892822265625 983.684143066406 986.963562011719 986.509155273438 991.707763671875 1003.29949951172 1006.74890136719 1020.66198730469 1017.22113037109 1001.16381835938 1011.33795166016 1019.85894775391 1024.40783691406 1031.82104492188 1032.33264160156 1031.31567382812 1038.22180175781 1033.72973632812 1038.15197753906 1052.05102539062 1070.46569824219 1082.32604980469 1089.33740234375 1089.9384765625 1087.78601074219 1083.48620605469
978.886047363281 966.648742675781 966.577880859375 965.581848144531 970.633911132812 974.845703125 971.162658691406 976.264526367188 977.642822265625 973.880920410156 971.303100585938 975.059020996094 984.462707519531 976.133239746094 975.9150390625 981.90283203125 982.880249023438 987.539001464844 982.30908203125 986.13818359375 987.903503417969 987.459411621094 988.365600585938 989.498901367188 988.428649902344 998.772583007812 999.450927734375 1008.27923583984 1004.03295898438 1009.14337158203 1002.68029785156 1013.91845703125 1017.30181884766 1021.51391601562 1030.70922851562 1032.61547851562 1037.23413085938 1039.16882324219 1039.05688476562 1053.05603027344 1069.35656738281 1077.31225585938 1081.1337890625 1085.76904296875 1087.3095703125 1085.38732910156
966.582153320312 971.934753417969 969.273132324219 968.893127441406 974.96875 977.112487792969 974.115661621094 972.107482910156 970.507873535156 971.476318359375 974.403747558594 983.491149902344 986.243591308594 980.035888671875 975.92138671875 979.349365234375 993.121032714844 986.393127441406 990.561950683594 988.385009765625 990.298645019531 986.017456054688 990.140869140625 987.047912597656 994.429443359375 995.546081542969 993.395324707031 997.224365234375 998.1337890625 1004.21362304688 1010.93878173828 1016.7705078125 1026.48034667969 1020.54644775391 1028.27697753906 1028.56103515625 1041.39721679688 1046.71350097656 1050.25183105469 1056.14733886719 1055.6259765625 1075.45617675781 1075.53576660156 1093.17077636719 1096.41491699219 1091.41870117188
967.869689941406 972.929870605469 970.083557128906 974.567260742188 969.338562011719 975.054138183594 975.167541503906 973.542114257812 977.447204589844 972.481384277344 979.653442382812 981.213439941406 984.09423828125 989.180541992188 984.776184082031 985.13720703125 989.490051269531 992.613891601562 985.748107910156 979.381103515625 989.2119140625 988.012634277344 993.83056640625 987.47314453125 1001.39782714844 1004.203125 988.503723144531 995.725524902344 996.90234375 1005.63891601562 1012.95483398438 1021.13110351562 1022.54754638672 1030.13342285156 1034.86242675781 1032.39221191406 1042.298828125 1053.37463378906 1055.95458984375 1061.96411132812 1058.32971191406 1071.36694335938 1082.60485839844 1098.27941894531 1095.33532714844 1084.46240234375
977.176452636719 968.189636230469 972.373779296875 977.655822753906 983.245422363281 971.210754394531 979.822875976562 973.795227050781 972.5322265625 975.797180175781 981.54638671875 990.316223144531 991.740600585938 986.444458007812 987.223937988281 982.462158203125 980.934753417969 995.830871582031 997.762451171875 996.8408203125 999.869079589844 1000.958984375 997.698303222656 1000.95465087891 998.464233398438 995.007385253906 991.109375 987.561584472656 991.893249511719 1005.11822509766 1015.42572021484 1019.48980712891 1019.96319580078 1030.72045898438 1039.14099121094 1037.20007324219 1038.2880859375 1053.67321777344 1053.63366699219 1055.236328125 1064.20715332031 1067.40295410156 1073.85583496094 1078.92346191406 1075.35424804688 1073.68737792969
969.485229492188 970.645385742188 967.111999511719 977.089599609375 976.533386230469 977.787719726562 982.560974121094 986.710754394531 983.21875 989.198181152344 988.39208984375 990.626892089844 989.101440429688 993.42724609375 991.26513671875 988.979614257812 992.044982910156 995.518249511719 996.617980957031 1005.59094238281 1005.48364257812 1004.1923828125 1000.09973144531 999.47216796875 1010.42816162109 994.995544433594 996.94140625 1001.58282470703 995.163635253906 1009.40301513672 1014.39562988281 1031.0244140625 1028.42517089844 1027.70886230469 1034.71923828125 1037.15795898438 1041.52941894531 1043.88232421875 1043.59167480469 1050.87316894531 1056.4248046875 1063.97595214844 1070.2216796875 1070.00854492188 1062.36022949219 1064.76574707031
975.762512207031 977.219116210938 973.679504394531 975.914123535156 978.265625 980.395446777344 978.741943359375 979.210876464844 984.479064941406 989.627502441406 988.238403320312 999.007751464844 997.999755859375 996.64697265625 994.893310546875 998.75634765625 999.125183105469 1005.40789794922 1007.96325683594 1007.4375 1007.70086669922 1003.45977783203 1015.58361816406 1013.00518798828 1015.98217773438 1004.85931396484 1005.10491943359 1005.97650146484 1002.93408203125 1001.62646484375 1015.3447265625 1029.55834960938 1028.53784179688 1024.99951171875 1032.23681640625 1031.908203125 1029.90686035156 1029.1865234375 1036.83581542969 1054.04760742188 1055.13269042969 1053.45227050781 1058.25903320312 1054.16906738281 1049.9384765625 1056.70190429688
