data/zlatibor_dem_simulations/DEMsim98.asc
NCOLS 150
NROWS 100
XLLCORNER 7394249
YLLCORNER 4841999
CELLSIZE 30
NODATA_VALUE -9999
[rows 20 to 39 of 100, columns 92 to 137 of 150]
1006.74627685547 1015.50390625 1009.01214599609 1001.970703125 992.603881835938 998.818298339844 993.097900390625 1003.69799804688 985.472473144531 989.704833984375 990.043334960938 991.595703125 987.743713378906 989.412475585938 986.80517578125 993.683898925781 986.392333984375 978.890441894531 966.825378417969 955.579528808594 953.602783203125 947.086853027344 930.637329101562 929.0498046875 937.189392089844 943.791870117188 947.195068359375 957.229064941406 982.268371582031 981.055969238281 987.227233886719 1000.94140625 1019.17041015625 1027.29748535156 1027.26525878906 1027.57824707031 1034.43359375 1037.724609375 1050.71215820312 1046.2265625 1049.17626953125 1053.63037109375 1056.57238769531 1065.43664550781 1071.45922851562 1072.30249023438
1015.21917724609 1016.431640625 1018.66430664062 1014.31024169922 1004.525390625 1006.53686523438 999.774963378906 1002.48913574219 1001.68646240234 991.247985839844 996.243957519531 994.022094726562 992.447387695312 995.713439941406 990.009521484375 994.911865234375 983.440246582031 974.470458984375 968.780151367188 949.751342773438 946.497985839844 948.379699707031 925.788452148438 931.065002441406 938.940673828125 945.573974609375 953.35693359375 968.045654296875 988.827758789062 993.092163085938 996.581176757812 1004.20196533203 1019.73504638672 1025.47045898438 1032.43640136719 1032.39575195312 1031.85485839844 1039.54736328125 1039.08166503906 1045.90197753906 1041.73095703125 1041.13757324219 1045.69360351562 1054.38195800781 1068.6845703125 1079.72631835938
1023.89208984375 1027.20947265625 1026.43115234375 1024.23669433594 1010.53173828125 1006.4619140625 1008.15533447266 1008.62176513672 1007.86108398438 987.132690429688 997.742370605469 1003.02239990234 1001.44018554688 1004.8466796875 995.783020019531 996.437683105469 989.015319824219 977.949829101562 963.091918945312 949.976318359375 940.083679199219 946.059326171875 946.117614746094 944.629943847656 945.114013671875 950.325378417969 961.449157714844 983.161804199219 991.045776367188 995.620239257812 1001.63409423828 1011.90808105469 1019.95562744141 1028.525390625 1031.23620605469 1033.76220703125 1030.62768554688 1028.21557617188 1037.435546875 1045.48840332031 1045.01794433594 1048.06970214844 1045.41662597656 1049.53588867188 1055.46350097656 1065.99304199219
1025.19226074219 1038.36657714844 1034.16784667969 1026.14196777344 1012.13299560547 1008.59954833984 1008.75854492188 1006.82574462891 999.193054199219 995.957092285156 999.297241210938 1004.27978515625 1005.65209960938 999.754211425781 1002.42791748047 990.925415039062 985.646301269531 977.903625488281 958.361145019531 947.412048339844 944.006225585938 933.101623535156 936.584045410156 949.620422363281 949.455932617188 952.375793457031 970.025146484375 985.409240722656 991.226135253906 1000.53515625 1011.37567138672 1011.48931884766 1025.32312011719 1032.400390625 1029.50988769531 1044.88403320312 1030.90942382812 1027.97900390625 1036.0908203125 1045.92224121094 1050.31237792969 1052.54150390625 1045.12890625 1043.54919433594 1048.86047363281 1056.03344726562
1021.96734619141 1033.20422363281 1031.98034667969 1027.7802734375 1016.84356689453 1019.79602050781 1021.11694335938 1011.8369140625 1005.35504150391 1003.31042480469 1003.81646728516 1006.86700439453 1004.91003417969 1011.26708984375 1013.38189697266 1002.80731201172 986.225158691406 974.961486816406 958.356079101562 950.117309570312 936.002075195312 937.587829589844 938.587524414062 938.767639160156 944.656616210938 963.681640625 968.559143066406 994.406066894531 1000.79443359375 1004.42980957031 1009.68133544922 1018.69891357422 1026.88500976562 1032.08435058594 1027.79150390625 1037.52197265625 1031.29162597656 1028.47827148438 1041.94226074219 1048.95849609375 1047.23059082031 1046.92736816406 1036.07946777344 1035.62561035156 1047.09411621094 1051.49438476562
1015.42321777344 1018.06652832031 1024.705078125 1022.55523681641 1019.26007080078 1022.88519287109 1018.14825439453 1021.85528564453 1021.53161621094 1010.92077636719 1004.62774658203 1006.36975097656 1000.38519287109 1005.50018310547 1007.44561767578 997.254638671875 979.742858886719 970.554260253906 962.532409667969 951.947021484375 942.810302734375 938.480163574219 952.462341308594 951.950500488281 951.33056640625 959.638732910156 971.498901367188 991.084228515625 999.285339355469 1005.17724609375 1008.78118896484 1015.88372802734 1026.59948730469 1031.40173339844 1021.26928710938 1025.28039550781 1034.32934570312 1033.25476074219 1039.95483398438 1041.37133789062 1042.45422363281 1042.95251464844 1037.15734863281 1035.26843261719 1042.26147460938 1045.24450683594
1011.24542236328 1018.34191894531 1020.68817138672 1021.92626953125 1020.40344238281 1029.36865234375 1023.30279541016 1024.30065917969 1023.20440673828 1004.56317138672 1004.45751953125 1009.10284423828 1009.41052246094 1010.05535888672 1003.33972167969 985.758239746094 984.658813476562 972.909851074219 960.646362304688 957.991821289062 949.127685546875 947.14306640625 945.294738769531 958.247680664062 955.542785644531 955.552734375 981.181762695312 982.165344238281 993.434631347656 1006.96423339844 1008.91088867188 1023.46362304688 1028.88916015625 1027.4248046875 1031.83325195312 1030.15405273438 1036.4736328125 1032.59814453125 1030.6015625 1038.84790039062 1037.87487792969 1039.46228027344 1039.31677246094 1037.80578613281 1036.80883789062 1045.25805664062
1012.12731933594 1014.51092529297 1019.96228027344 1021.53039550781 1026.71215820312 1028.20764160156 1027.56274414062 1024.31677246094 1024.31713867188 1011.59020996094 1008.52368164062 1001.673828125 999.687622070312 1002.72094726562 1001.94458007812 993.693054199219 982.88427734375 969.129699707031 966.82763671875 957.2509765625 955.550964355469 948.986145019531 946.130004882812 947.869079589844 956.193603515625 966.467407226562 978.157531738281 981.475463867188 994.290222167969 999.259887695312 1019.76788330078 1029.74597167969 1028.79626464844 1026.85168457031 1038.97888183594 1036.60791015625 1032.59582519531 1029.76281738281 1033.53149414062 1037.40368652344 1043.72937011719 1042.51928710938 1040.18334960938 1040.56518554688 1034.10473632812 1052.61242675781
1013.96807861328 1012.50787353516 1014.10375976562 1017.37261962891 1018.92047119141 1025.79174804688 1016.447265625 1019.99890136719 1022.5283203125 1018.90026855469 1005.29284667969 1002.54809570312 995.822937011719 1000.93786621094 1001.63659667969 991.100341796875 981.387023925781 967.069519042969 965.479309082031 960.894226074219 963.812133789062 943.615783691406 944.661437988281 943.167358398438 956.072692871094 966.013793945312 975.072631835938 979.704406738281 996.482116699219 1008.11157226562 1008.65869140625 1021.47973632812 1028.79992675781 1033.11706542969 1038.25256347656 1036.83471679688 1038.92236328125 1034.00830078125 1038.90356445312 1042.84436035156 1040.30151367188 1034.80444335938 1033.56958007812 1034.84436035156 1037.56811523438 1047.67614746094
1014.66876220703 1020.51727294922 1022.00128173828 1023.80572509766 1015.60412597656 1014.61676025391 1008.84265136719 1013.10595703125 1010.62768554688 1008.21612548828 993.060241699219 1004.23291015625 999.433776855469 1002.98547363281 1004.77264404297 987.638061523438 980.432006835938 972.96826171875 971.518005371094 962.807312011719 949.3759765625 951.473693847656 946.499389648438 951.55712890625 951.7587890625 967.001403808594 970.138244628906 986.844116210938 994.805725097656 1007.04632568359 1012.66961669922 1014.94653320312 1022.91070556641 1031.63427734375 1028.9638671875 1027.10363769531 1024.50805664062 1031.05004882812 1041.60803222656 1042.90161132812 1035.572265625 1026.91918945312 1027.17700195312 1020.78912353516 1035.18115234375 1047.19189453125
1017.82043457031 1016.4833984375 1011.61431884766 1003.02526855469 1007.86193847656 1004.04089355469 1005.22308349609 1006.10583496094 1003.30700683594 1002.99780273438 992.164672851562 992.880554199219 1002.00402832031 1001.72058105469 995.176696777344 990.082885742188 978.64306640625 978.447692871094 972.013427734375 953.960266113281 942.605834960938 945.0771484375 941.416687011719 947.04248046875 960.148864746094 970.724182128906 971.728637695312 988.373596191406 994.744995117188 1004.21008300781 1015.90698242188 1017.6376953125 1015.38781738281 1022.36340332031 1030.8203125 1022.81091308594 1022.89324951172 1034.12133789062 1036.10021972656 1042.40454101562 1035.69873046875 1024.10412597656 1022.19909667969 1015.02966308594 1020.84545898438 1027.93273925781
1008.40185546875 1007.14831542969 1001.66619873047 990.110412597656 992.933898925781 1004.93304443359 1007.26354980469 1005.64392089844 1011.29205322266 1009.83923339844 1000.73834228516 1006.67852783203 1004.45959472656 997.951782226562 988.379028320312 989.354675292969 980.519226074219 988.779113769531 980.872192382812 967.956726074219 950.094482421875 937.058959960938 945.193603515625 950.839782714844 953.10595703125 967.973571777344 974.367858886719 982.082092285156 987.579406738281 1002.28265380859 1005.30981445312 1019.43804931641 1023.72808837891 1024.68383789062 1024.63000488281 1019.44128417969 1024.59338378906 1026.92797851562 1033.935546875 1032.68676757812 1032.90063476562 1020.51245117188 1011.05737304688 1011.88854980469 1017.08776855469 1026.80712890625
1014.9296875 1010.77856445312 1001.61016845703 990.397521972656 992.128051757812 999.221740722656 1006.41632080078 1009.58648681641 1004.33465576172 1003.47473144531 1003.05810546875 997.533020019531 1001.97998046875 1003.32672119141 995.130493164062 999.865539550781 991.379028320312 989.567993164062 980.492614746094 961.618225097656 957.12646484375 947.168212890625 951.7158203125 945.495727539062 961.854431152344 968.737060546875 971.204956054688 972.32275390625 979.423522949219 997.789916992188 1007.96087646484 1016.04602050781 1023.53674316406 1021.00689697266 1024.66809082031 1019.56695556641 1022.81884765625 1015.35827636719 1024.54907226562 1020.22259521484 1013.95550537109 1011.50677490234 1012.23406982422 1012.41918945312 1024.30895996094 1029.69836425781
1004.35388183594 1010.84582519531 1000.87426757812 998.187255859375 993.556823730469 995.44287109375 1002.68096923828 996.747741699219 1007.7705078125 1002.94799804688 995.390686035156 1000.25561523438 1001.04534912109 998.384887695312 997.561767578125 993.84765625 991.888671875 985.288696289062 980.738525390625 974.51953125 962.619689941406 964.338134765625 960.525573730469 968.477722167969 973.837707519531 976.034973144531 981.684631347656 977.522766113281 990.440979003906 1002.85797119141 1004.62463378906 1002.28295898438 1017.96929931641 1018.08947753906 1023.87322998047 1019.11749267578 1016.80255126953 1015.81994628906 1014.89166259766 1016.84478759766 1013.09686279297 1018.33795166016 1012.81292724609 1011.51452636719 1020.63897705078 1024.77917480469
1001.15118408203 1003.11962890625 1000.27899169922 999.8603515625 997.408813476562 995.718139648438 998.7646484375 993.932006835938 991.777954101562 999.714416503906 996.889831542969 990.707458496094 998.713256835938 995.046813964844 993.2412109375 1001.43768310547 991.596008300781 981.104919433594 979.800964355469 966.885192871094 973.966796875 972.203735351562 970.391784667969 970.855285644531 982.758544921875 984.750549316406 992.582214355469 989.206298828125 999.690307617188 1009.37628173828 1008.79138183594 1011.78112792969 1019.73620605469 1027.19677734375 1016.75561523438 1016.23675537109 1009.77673339844 1006.63842773438 1007.60662841797 1010.98254394531 1007.81536865234 1015.81823730469 1016.57934570312 1008.00402832031 1016.58148193359 1017.63922119141
1005.82775878906 1005.14129638672 1001.35559082031 1005.14868164062 999.377807617188 995.906799316406 991.147888183594 988.438293457031 992.652465820312 997.784484863281 993.100280761719 985.371643066406 985.182861328125 991.155517578125 994.50341796875 997.55419921875 996.829956054688 993.370727539062 975.62939453125 976.068054199219 987.706848144531 991.082824707031 987.266174316406 987.695068359375 992.142944335938 994.416137695312 1001.31158447266 1000.13629150391 1003.83020019531 1012.005859375 1007.47686767578 1016.35412597656 1021.52764892578 1017.89349365234 1014.21710205078 1010.77191162109 1002.74090576172 1012.59100341797 1016.63458251953 1017.35266113281 1009.90155029297 1014.73919677734 1013.59533691406 1013.90472412109 1020.13000488281 1021.21838378906
1009.18688964844 1000.138671875 999.622619628906 1005.42498779297 1004.75964355469 995.432312011719 996.20947265625 990.294372558594 980.787719726562 991.29443359375 986.60107421875 987.208984375 985.085998535156 990.974853515625 988.881103515625 993.059204101562 988.229919433594 989.356384277344 984.045166015625 988.117492675781 991.768310546875 997.461181640625 994.300231933594 994.627258300781 995.32421875 998.197509765625 994.099487304688 995.309265136719 1004.44384765625 1004.99639892578 1013.07952880859 1015.22082519531 1017.45782470703 1014.41003417969 1016.21600341797 1009.66943359375 1004.81384277344 1014.04754638672 1011.95416259766 1015.59979248047 1018.45965576172 1008.93853759766 1020.33666992188 1023.05627441406 1024.5126953125 1036.73620605469
1004.76306152344 1002.19110107422 1002.17175292969 999.64208984375 998.447937011719 997.063293457031 993.111938476562 994.258239746094 981.969604492188 981.0380859375 986.167663574219 992.531921386719 988.636535644531 996.682800292969 995.009765625 991.501159667969 991.277099609375 991.663818359375 991.327575683594 989.688598632812 998.204040527344 999.029296875 994.410827636719 994.351684570312 998.528625488281 1002.74169921875 994.129516601562 999.586975097656 999.412353515625 1001.48095703125 1010.89099121094 1012.60949707031 1011.33245849609 1007.52807617188 1013.47741699219 1007.24401855469 1004.8017578125 1001.64093017578 1008.36743164062 1012.68878173828 1015.10119628906 1015.54321289062 1019.43341064453 1031.31140136719 1036.3173828125 1049.42980957031
1005.26330566406 1010.72686767578 1002.11560058594 994.946899414062 995.195068359375 1002.75854492188 988.958618164062 990.371215820312 985.127807617188 983.107666015625 988.69970703125 994.281433105469 1004.51379394531 992.896850585938 990.419067382812 991.644470214844 991.379028320312 991.637390136719 997.52294921875 1000.96423339844 994.48193359375 999.105529785156 995.804138183594 1000.88220214844 999.413452148438 999.634216308594 1002.72021484375 998.888244628906 1001.72589111328 1003.45568847656 1008.72277832031 1008.41705322266 1010.76037597656 1009.24786376953 1001.83074951172 996.417602539062 1007.69378662109 1004.05249023438 1006.62030029297 1008.77471923828 1013.66766357422 1022.78833007812 1028.10168457031 1037.73352050781 1040.31066894531 1048.79113769531
1013.34954833984 1013.12243652344 1002.50543212891 994.451354980469 996.033569335938 996.028076171875 990.366271972656 989.685302734375 987.478698730469 974.691162109375 983.720092773438 992.892333984375 996.419921875 993.0224609375 994.412963867188 986.753173828125 996.145812988281 992.840148925781 987.248107910156 990.2841796875 997.107055664062 991.558471679688 993.2509765625 1000.68884277344 996.618286132812 1002.23266601562 997.596984863281 1002.41412353516 995.737182617188 995.840576171875 999.723754882812 1004.83520507812 1009.90631103516 1004.89251708984 998.757446289062 1001.51007080078 1009.92041015625 1015.03936767578 1013.23388671875 1010.58673095703 1026.1162109375 1032.99291992188 1037.26977539062 1044.21069335938 1044.92529296875 1044.73657226562
