data/zlatibor_dem_simulations/DEMsim80 (1).asc
NCOLS 150
NROWS 100
XLLCORNER 7394249
YLLCORNER 4841999
CELLSIZE 30
NODATA_VALUE -9999
[rows 0 to 19 of 100, columns 92 to 137 of 150]
929.254638671875 915.726013183594 901.95166015625 901.127136230469 892.406982421875 898.28564453125 893.419372558594 887.3759765625 883.429565429688 883.218322753906 880.002136230469 881.760498046875 867.241577148438 859.082153320312 843.565368652344 856.475219726562 867.519470214844 864.874938964844 856.545593261719 875.143981933594 874.931640625 886.5751953125 893.349060058594 903.04248046875 901.534790039062 908.998962402344 909.170532226562 914.679809570312 920.146301269531 927.722106933594 943.203186035156 952.29296875 954.919250488281 962.605773925781 961.350891113281 973.626281738281 986.125549316406 992.288940429688 991.907287597656 997.006530761719 999.707580566406 1007.44018554688 1012.29168701172 1023.20062255859 1030.41760253906 1041.59655761719
923.5625 909.400573730469 896.457458496094 898.758239746094 896.281066894531 900.490783691406 903.438354492188 888.617431640625 883.544189453125 885.627502441406 879.232727050781 875.43017578125 861.966552734375 856.85107421875 851.953308105469 859.650695800781 861.905334472656 863.233825683594 875.844970703125 877.7099609375 873.137817382812 882.815734863281 896.772399902344 903.402648925781 905.97802734375 909.905212402344 914.766784667969 907.43603515625 919.8818359375 932.552917480469 945.403381347656 953.526184082031 962.612487792969 965.205627441406 969.062744140625 972.451965332031 973.043884277344 983.083618164062 982.950622558594 995.411804199219 999.367004394531 1009.07635498047 1013.97796630859 1028.23461914062 1035.73986816406 1051.34118652344
923.068908691406 907.556335449219 901.194152832031 893.236083984375 899.701904296875 900.667602539062 900.213134765625 897.154052734375 892.4970703125 884.508972167969 882.551696777344 868.748046875 864.5126953125 861.112670898438 868.700073242188 862.102966308594 871.688232421875 872.010131835938 880.01806640625 879.479370117188 873.757873535156 882.199890136719 895.455871582031 901.680969238281 914.108093261719 917.284118652344 919.43701171875 910.98095703125 913.98193359375 931.271667480469 938.60595703125 952.344116210938 953.195983886719 960.741149902344 969.994079589844 968.033142089844 968.019287109375 976.435241699219 987.26904296875 1003.87640380859 997.008666992188 999.968200683594 1023.6396484375 1031.86499023438 1045.24328613281 1045.4951171875
922.026489257812 918.664306640625 907.747802734375 896.973388671875 891.572448730469 890.82763671875 899.456787109375 897.681945800781 897.795593261719 883.910583496094 882.523803710938 871.397705078125 861.892333984375 866.311584472656 866.132629394531 878.70654296875 880.421447753906 872.484741210938 882.56982421875 887.219299316406 871.894409179688 884.846862792969 894.678405761719 907.906677246094 917.993225097656 912.806518554688 911.749267578125 916.55322265625 916.706726074219 926.60986328125 941.955505371094 947.121887207031 955.931640625 960.146179199219 964.671691894531 962.863159179688 978.078247070312 985.620788574219 1003.525390625 1010.91253662109 999.078918457031 1012.20568847656 1018.92761230469 1033.63171386719 1043.23071289062 1045.91711425781
922.572326660156 912.723937988281 909.647705078125 899.695495605469 895.007690429688 898.253601074219 901.721130371094 892.921813964844 890.265380859375 887.599060058594 880.126708984375 872.932922363281 875.390014648438 877.259338378906 884.941772460938 876.302307128906 879.877990722656 877.160095214844 889.532104492188 881.435729980469 883.448852539062 884.22021484375 908.796203613281 908.410339355469 920.247314453125 912.386474609375 916.645568847656 921.67919921875 925.734497070312 930.826354980469 931.04248046875 935.415283203125 951.966064453125 964.955627441406 966.322021484375 966.435119628906 979.5322265625 990.052856445312 1005.36822509766 1007.03961181641 1010.11285400391 1012.96905517578 1016.65087890625 1038.78771972656 1040.88500976562 1053.73645019531
927.005798339844 907.823608398438 908.534423828125 894.444885253906 892.880798339844 901.044860839844 894.571594238281 895.487365722656 890.764465332031 887.67822265625 886.899475097656 881.441345214844 874.72509765625 884.531372070312 895.168762207031 894.77734375 893.278259277344 886.437866210938 888.037841796875 884.11962890625 877.778381347656 890.453186035156 905.930358886719 907.900512695312 912.095520019531 912.984741210938 913.690551757812 927.040832519531 930.910888671875 943.928588867188 941.217895507812 939.467468261719 957.032653808594 959.261657714844 958.638854980469 968.223937988281 978.273986816406 1000.20037841797 996.303405761719 1013.17431640625 1012.42211914062 1007.74645996094 1014.25891113281 1035.23193359375 1040.37707519531 1064.41723632812
930.779846191406 911.148559570312 906.383361816406 896.065124511719 899.881713867188 900.708129882812 895.818786621094 898.046569824219 897.640319824219 887.322631835938 887.397277832031 881.702880859375 873.145385742188 880.548767089844 893.74267578125 895.300231933594 894.91357421875 895.765197753906 889.263671875 878.547607421875 889.040283203125 890.714660644531 902.923767089844 906.682922363281 909.330139160156 911.918884277344 917.570556640625 927.985046386719 934.603820800781 937.4658203125 947.717346191406 946.158874511719 946.467102050781 950.976867675781 957.716918945312 971.478576660156 979.780944824219 985.678100585938 990.495483398438 1002.22668457031 1013.60583496094 1007.69097900391 1019.44940185547 1035.9345703125 1049.35900878906 1070.10083007812
925.174743652344 920.657348632812 915.89892578125 909.747619628906 907.879150390625 907.153015136719 909.64892578125 901.958740234375 895.936279296875 903.855102539062 893.76806640625 885.78515625 880.317016601562 892.613159179688 893.057006835938 904.398681640625 899.038696289062 895.1220703125 892.028381347656 886.162719726562 896.669372558594 896.661804199219 911.031921386719 913.829833984375 910.255004882812 906.012512207031 910.840881347656 922.346008300781 925.984802246094 928.495666503906 938.596313476562 947.925598144531 942.913208007812 956.978637695312 963.146606445312 974.025634765625 975.514892578125 980.563598632812 993.65576171875 1003.69769287109 1005.08581542969 1012.30322265625 1023.9482421875 1038.01989746094 1056.861328125 1065.74694824219
935.520080566406 924.783569335938 918.119079589844 919.525634765625 911.604248046875 914.746459960938 912.050964355469 906.761596679688 910.590576171875 909.901000976562 905.61328125 890.696472167969 891.823425292969 913.370239257812 906.071044921875 905.46484375 896.576538085938 890.394348144531 890.592102050781 889.317565917969 886.3427734375 900.914855957031 905.76513671875 907.466796875 914.059387207031 906.357360839844 912.839477539062 920.562561035156 921.923706054688 924.826599121094 936.474487304688 947.047241210938 947.769714355469 958.045349121094 965.799438476562 970.861389160156 986.254455566406 985.616821289062 991.726257324219 1002.83245849609 1007.33734130859 1009.99737548828 1022.52911376953 1034.29821777344 1046.04016113281 1064.93041992188
936.542785644531 923.943664550781 922.273864746094 919.218444824219 916.354736328125 915.263793945312 918.798156738281 908.887817382812 915.353149414062 906.873229980469 906.965515136719 913.617248535156 916.899108886719 920.610168457031 923.218994140625 924.943664550781 909.335021972656 897.261779785156 887.153625488281 894.806579589844 898.038024902344 902.166870117188 896.784484863281 909.665344238281 917.164184570312 921.277893066406 918.369873046875 910.473754882812 916.111694335938 925.584411621094 933.468078613281 943.5263671875 958.313171386719 960.438659667969 966.454895019531 982.690734863281 985.183837890625 987.946166992188 994.516052246094 1000.24963378906 1000.84838867188 1008.76165771484 1020.33807373047 1033.75280761719 1042.44714355469 1055.79406738281
942.551696777344 938.236389160156 928.956787109375 921.599975585938 927.25 918.078002929688 916.475341796875 911.131652832031 917.390258789062 929.908142089844 926.060241699219 924.425170898438 931.425231933594 943.460632324219 940.166931152344 930.88134765625 926.394836425781 918.269592285156 905.435913085938 908.357727050781 913.06591796875 917.374572753906 896.808654785156 905.627807617188 909.896301269531 915.100952148438 922.048889160156 913.082763671875 922.294494628906 922.88623046875 942.98681640625 950.210998535156 957.527404785156 962.118530273438 973.0595703125 981.517272949219 984.596069335938 994.534790039062 994.411865234375 997.58984375 999.635070800781 1007.48065185547 1020.23962402344 1027.31359863281 1052.69641113281 1057.06042480469
936.023620605469 930.373901367188 940.031372070312 931.706726074219 932.832641601562 919.869323730469 919.967651367188 917.849914550781 933.159912109375 933.7744140625 938.227416992188 936.857543945312 938.781616210938 942.640319824219 942.487915039062 939.768310546875 935.879577636719 923.206726074219 919.728698730469 922.971008300781 926.449584960938 912.230834960938 903.819274902344 900.517883300781 897.123291015625 904.102783203125 914.135437011719 917.145629882812 914.979919433594 921.678283691406 943.903564453125 962.736938476562 962.679260253906 972.623107910156 981.709106445312 976.955627441406 983.910400390625 989.52978515625 993.907653808594 993.263427734375 1001.21063232422 1003.55090332031 1011.41235351562 1026.97912597656 1050.13781738281 1062.45764160156
940.544311523438 930.169738769531 937.343017578125 926.284729003906 932.820922851562 928.569641113281 932.894470214844 925.919799804688 925.941040039062 935.412963867188 940.63671875 944.899841308594 944.908386230469 948.029541015625 950.515686035156 950.812744140625 937.818176269531 924.855712890625 933.744995117188 938.546752929688 935.895385742188 917.526611328125 905.059020996094 900.937805175781 904.963806152344 912.361145019531 921.234436035156 920.172607421875 915.945678710938 930.227722167969 939.669128417969 949.740539550781 964.024780273438 969.433776855469 977.2421875 976.449096679688 978.67529296875 989.651000976562 998.122619628906 1007.0947265625 1005.46105957031 1006.80151367188 1023.11505126953 1041.25158691406 1055.55529785156 1062.61584472656
941.077941894531 935.952392578125 928.411376953125 931.410705566406 935.639038085938 937.664978027344 931.952514648438 936.275634765625 936.343017578125 934.90283203125 940.841003417969 945.516784667969 957.019836425781 959.279846191406 953.747009277344 948.0615234375 946.006042480469 946.626220703125 944.550720214844 957.573120117188 943.799255371094 931.944946289062 917.699462890625 902.161071777344 897.871459960938 902.89794921875 924.395263671875 927.864379882812 933.879638671875 935.882080078125 948.996398925781 953.147583007812 957.292053222656 971.721984863281 976.239929199219 978.584777832031 984.714782714844 992.549255371094 995.01806640625 1004.92474365234 1012.98065185547 1022.26391601562 1030.12939453125 1037.8955078125 1051.033203125 1065.66064453125
943.642944335938 943.031188964844 934.981079101562 937.280517578125 947.183166503906 949.521362304688 948.770324707031 947.374572753906 944.929443359375 945.4296875 952.636596679688 957.822082519531 955.965209960938 960.741821289062 960.419982910156 968.1240234375 968.521667480469 966.508605957031 962.721740722656 966.529602050781 944.242980957031 933.378662109375 923.823608398438 916.99951171875 913.582397460938 923.372253417969 929.509460449219 938.625610351562 946.484741210938 954.351989746094 952.761535644531 961.754943847656 973.478149414062 972.382690429688 994.161499023438 987.154052734375 985.388488769531 993.824645996094 1001.70532226562 1010.40325927734 1020.92333984375 1029.19104003906 1035.3203125 1043.65173339844 1060.61804199219 1067.30944824219
951.774475097656 950.246887207031 941.25341796875 946.132629394531 955.242370605469 959.535339355469 959.710021972656 961.529296875 958.339782714844 948.128479003906 958.644348144531 967.591979980469 962.829345703125 969.969909667969 966.583557128906 969.975524902344 973.8974609375 972.095153808594 972.38134765625 966.070373535156 950.996154785156 940.480407714844 929.407043457031 921.819274902344 921.189514160156 926.070190429688 935.104858398438 948.435852050781 956.868347167969 957.111206054688 961.868469238281 973.669982910156 980.579528808594 984.967895507812 983.253295898438 991.165466308594 987.577331542969 1005.46099853516 1003.84423828125 1014.37701416016 1019.57055664062 1027.92407226562 1039.88562011719 1058.95861816406 1066.97534179688 1065.48864746094
949.2197265625 951.994079589844 957.284484863281 968.620544433594 973.231994628906 973.208190917969 964.711853027344 974.657348632812 971.420837402344 957.561401367188 968.508178710938 969.744140625 972.662719726562 974.106140136719 972.399780273438 972.218505859375 978.941955566406 972.655456542969 971.955871582031 963.685546875 960.744323730469 945.083251953125 932.530151367188 920.466003417969 920.432067871094 931.365783691406 950.787414550781 946.135864257812 955.296081542969 967.618713378906 976.212768554688 977.7587890625 980.142456054688 987.503051757812 986.182922363281 984.304748535156 994.756286621094 1007.66552734375 1026.9677734375 1020.07824707031 1024.66638183594 1036.2294921875 1045.96606445312 1062.51574707031 1067.80261230469 1069.63049316406
975.375854492188 965.097961425781 968.900634765625 970.408142089844 974.008544921875 969.012023925781 967.631591796875 965.5693359375 967.118408203125 969.486267089844 972.142944335938 976.170288085938 975.911560058594 982.79248046875 974.292541503906 974.220520019531 974.668823242188 975.519958496094 969.779235839844 963.25439453125 959.447814941406 951.701354980469 936.869506835938 933.189147949219 926.998962402344 934.569702148438 942.213745117188 950.133117675781 955.893981933594 966.359497070312 977.91845703125 991.746337890625 995.97998046875 997.383544921875 997.771057128906 996.440795898438 998.622619628906 1020.51055908203 1020.97668457031 1023.84692382812 1034.36804199219 1045.28930664062 1045.712890625 1056.50695800781 1055.41516113281 1066.78356933594
978.259887695312 973.338439941406 975.835876464844 974.853454589844 986.65087890625 985.010620117188 983.916687011719 973.31982421875 968.841796875 975.361999511719 983.256652832031 980.691040039062 982.319946289062 984.458618164062 979.37939453125 991.948791503906 980.369995117188 975.543884277344 967.96826171875 955.000671386719 952.295043945312 952.312072753906 937.160888671875 932.035766601562 935.391357421875 942.953796386719 948.736389160156 948.296081542969 956.220397949219 976.01904296875 991.58740234375 1000.57592773438 997.014099121094 1007.43218994141 1002.60754394531 1003.82421875 1013.60772705078 1017.48797607422 1025.57385253906 1035.23376464844 1043.56982421875 1047.35852050781 1055.16015625 1054.1435546875 1052.07312011719 1061.21606445312
992.122253417969 989.34912109375 986.715576171875 992.768188476562 989.800354003906 990.089233398438 995.927551269531 987.256103515625 976.496826171875 983.558654785156 994.154296875 1000.59832763672 993.105529785156 985.299377441406 988.968200683594 985.752319335938 972.043334960938 970.924072265625 967.793884277344 958.501647949219 951.824035644531 944.853088378906 936.318542480469 935.572570800781 933.650207519531 940.811157226562 951.27490234375 949.223022460938 965.193359375 978.766723632812 988.833251953125 991.760009765625 1003.69085693359 1004.23474121094 1011.02160644531 1013.39129638672 1022.59442138672 1028.77783203125 1035.19653320312 1044.22583007812 1052.87170410156 1059.09582519531 1054.58154296875 1048.87243652344 1049.22595214844 1052.61181640625
