data/zlatibor_dem_simulations/DEMsim37.asc
NCOLS 150
NROWS 100
XLLCORNER 7394249
YLLCORNER 4841999
CELLSIZE 30
NODATA_VALUE -9999
[rows 80 to 99 of 100, columns 0 to 45 of 150]
947.047302246094 948.261047363281 941.436218261719 937.095275878906 939.927124023438 940.535888671875 949.101257324219 952.666748046875 962.569213867188 963.497314453125 969.357116699219 978.105224609375 976.755676269531 980.489868164062 984.120361328125 984.936218261719 979.278137207031 973.135070800781 980.071899414062 982.036437988281 982.978454589844 991.285278320312 980.053955078125 985.347961425781 985.301635742188 988.837097167969 994.111267089844 984.67333984375 985.262756347656 984.937866210938 975.815185546875 985.898681640625 983.933227539062 984.010375976562 986.434692382812 991.557800292969 997.186401367188 989.710388183594 993.908935546875 993.247009277344 989.282592773438 988.424133300781 998.132568359375 1008.43786621094 1013.82794189453 1010.38885498047
943.440612792969 948.486267089844 943.401733398438 937.380493164062 939.4619140625 944.869323730469 948.034362792969 948.550476074219 960.259765625 965.656921386719 975.755004882812 975.712890625 973.077026367188 975.4287109375 969.534912109375 974.410766601562 976.161437988281 975.664611816406 978.060119628906 969.878479003906 974.617004394531 976.382080078125 983.477966308594 986.71484375 991.669311523438 983.665405273438 979.488525390625 981.786376953125 987.995727539062 976.78076171875 966.26318359375 975.312438964844 983.262573242188 980.885192871094 981.241271972656 992.188293457031 993.290100097656 997.353759765625 991.1396484375 996.962646484375 997.30712890625 995.895324707031 998.313049316406 1007.03356933594 1004.41711425781 1004.05541992188
952.78173828125 955.890075683594 961.5791015625 943.640747070312 937.939270019531 938.187805175781 937.4111328125 942.149291992188 954.631286621094 960.04541015625 967.046569824219 966.712036132812 969.863342285156 963.041625976562 963.26513671875 965.548889160156 966.342712402344 969.156005859375 970.958129882812 959.541076660156 964.198120117188 974.267883300781 977.682006835938 980.175231933594 986.681579589844 981.32958984375 976.736938476562 980.235229492188 981.095092773438 985.5078125 978.825622558594 967.582763671875 979.099426269531 976.491821289062 980.717956542969 975.378356933594 987.340087890625 987.340270996094 992.840576171875 995.938598632812 995.033081054688 997.831787109375 997.048034667969 994.82763671875 993.939270019531 1007.15808105469
961.1953125 952.02880859375 949.418640136719 940.74267578125 938.663146972656 943.79833984375 934.263427734375 937.434448242188 935.840759277344 951.241455078125 964.496276855469 956.211303710938 965.755249023438 961.682983398438 962.175415039062 957.854675292969 964.679565429688 967.085388183594 963.257751464844 963.392578125 955.093627929688 965.096923828125 966.48779296875 976.851623535156 984.436584472656 978.20947265625 979.470275878906 973.970031738281 979.878173828125 978.942443847656 980.06884765625 979.044067382812 973.105041503906 976.764404296875 979.429992675781 973.626770019531 972.889343261719 986.927551269531 992.859924316406 994.145263671875 1000.455078125 996.997802734375 988.96240234375 999.756652832031 997.766540527344 1011.451171875
958.661926269531 958.356628417969 945.719482421875 947.215637207031 944.402038574219 941.859313964844 938.585021972656 937.044616699219 941.103698730469 944.986694335938 955.521606445312 952.23388671875 964.755554199219 964.918151855469 958.731994628906 956.249328613281 955.375427246094 957.984680175781 968.345153808594 961.687927246094 956.153503417969 957.646850585938 952.740173339844 961.872375488281 972.934387207031 964.78125 963.824890136719 967.709106445312 971.936401367188 972.821105957031 976.130065917969 973.861633300781 965.643859863281 967.331970214844 970.770935058594 968.497131347656 978.95166015625 983.778198242188 990.816528320312 990.694885253906 999.145385742188 996.98974609375 983.080810546875 990.834167480469 991.42626953125 1002.51312255859
960.153991699219 951.67626953125 950.473693847656 946.301086425781 951.917724609375 941.425415039062 937.325622558594 937.024719238281 944.597839355469 944.004577636719 947.578002929688 952.658203125 967.372131347656 955.972473144531 959.495483398438 945.626647949219 948.586059570312 955.917114257812 961.939147949219 962.418151855469 954.5888671875 955.748718261719 956.425170898438 956.679748535156 955.657104492188 961.429626464844 959.43115234375 959.503234863281 964.731628417969 966.565490722656 961.845458984375 962.546875 964.469543457031 963.033874511719 967.513366699219 964.711853027344 974.909057617188 980.862182617188 983.761291503906 988.893310546875 992.309631347656 992.311340332031 989.639526367188 985.288146972656 991.330749511719 988.406677246094
958.699890136719 957.859191894531 955.910766601562 953.177185058594 952.356750488281 949.10546875 940.432800292969 935.483154296875 938.748840332031 936.266296386719 932.562255859375 943.506469726562 954.698974609375 957.616088867188 947.718811035156 954.683410644531 948.191528320312 954.061767578125 958.050415039062 956.92626953125 960.377502441406 952.758544921875 955.606567382812 955.106811523438 955.108825683594 952.255920410156 947.860961914062 955.389770507812 959.845520019531 967.525756835938 965.161499023438 963.388854980469 963.764709472656 962.44677734375 963.845153808594 970.084533691406 972.78466796875 974.1826171875 985.179077148438 976.47216796875 974.283203125 990.385009765625 989.631103515625 974.578674316406 986.446044921875 989.506591796875
963.829650878906 964.703796386719 953.435913085938 961.181884765625 952.265258789062 947.041381835938 951.918090820312 943.375854492188 945.13330078125 944.919067382812 937.392211914062 943.713256835938 957.252075195312 953.611328125 950.523010253906 950.548034667969 957.0458984375 958.790466308594 947.440551757812 959.886291503906 963.62255859375 961.396301269531 960.093994140625 958.04638671875 955.753967285156 952.928039550781 951.416137695312 957.253845214844 949.989379882812 957.069641113281 966.856384277344 964.465454101562 959.350952148438 965.555847167969 969.569580078125 980.558898925781 967.140869140625 968.370544433594 970.810119628906 968.000244140625 968.984680175781 986.563842773438 994.200256347656 979.893188476562 976.922241210938 987.10546875
968.574523925781 955.689819335938 956.089782714844 950.059143066406 952.759338378906 956.932556152344 953.731323242188 947.953247070312 946.806457519531 946.634033203125 946.448852539062 943.789916992188 954.3603515625 947.961181640625 949.321044921875 954.571594238281 959.937866210938 952.650573730469 957.586547851562 961.168518066406 967.943359375 966.966674804688 959.078063964844 958.65625 963.201782226562 961.290649414062 972.277954101562 956.897521972656 954.639099121094 954.715515136719 957.073547363281 963.885681152344 964.838134765625 978.486450195312 973.113525390625 969.881408691406 964.262084960938 959.838500976562 963.792724609375 964.4384765625 972.463989257812 980.572998046875 984.847717285156 974.732360839844 980.359558105469 989.005676269531
961.882873535156 955.773254394531 963.694702148438 952.802062988281 957.537963867188 949.898254394531 953.299438476562 948.806274414062 953.650085449219 943.25146484375 936.90283203125 936.333312988281 951.742797851562 952.345764160156 946.288146972656 958.531982421875 955.920837402344 962.386657714844 959.003540039062 956.249450683594 958.781494140625 950.913635253906 955.061889648438 949.815734863281 961.144165039062 967.428283691406 965.806396484375 962.1845703125 955.279113769531 954.548950195312 958.606140136719 960.193786621094 962.737243652344 970.501098632812 959.186218261719 967.645812988281 965.223205566406 963.47021484375 958.046752929688 956.966979980469 972.69580078125 990.665771484375 969.081665039062 969.526000976562 977.100708007812 980.505187988281
975.97900390625 969.895812988281 969.867309570312 966.596069335938 960.324340820312 948.9541015625 950.740356445312 947.138122558594 944.7138671875 942.736694335938 939.462097167969 946.343933105469 960.177368164062 951.105651855469 947.955261230469 952.427062988281 963.972534179688 963.642456054688 964.894348144531 962.224548339844 953.441650390625 947.182861328125 947.60009765625 954.660095214844 959.243774414062 959.20703125 962.508178710938 961.420959472656 957.830810546875 960.675354003906 957.781372070312 948.586242675781 965.822509765625 976.069396972656 967.612854003906 960.798156738281 965.059509277344 955.718444824219 964.836181640625 973.498657226562 972.973083496094 982.226440429688 970.141174316406 962.90576171875 981.159790039062 978.005676269531
966.627746582031 973.7490234375 970.286193847656 965.564880371094 959.342956542969 949.174865722656 951.286499023438 949.856323242188 943.814331054688 951.008422851562 949.280395507812 952.651733398438 960.481994628906 959.271240234375 957.250244140625 953.785095214844 964.958862304688 970.489624023438 962.014770507812 958.097351074219 953.685241699219 946.341186523438 947.664428710938 957.773193359375 962.358825683594 971.018859863281 956.450256347656 957.937316894531 959.005554199219 957.048461914062 961.093078613281 962.767395019531 973.487854003906 974.163513183594 977.392456054688 963.810729980469 967.00830078125 964.6201171875 968.487670898438 977.890380859375 975.088134765625 975.138977050781 969.465270996094 976.341430664062 972.210632324219 980.531494140625
966.528259277344 973.2255859375 969.754089355469 960.740356445312 964.029113769531 947.954956054688 950.787231445312 951.5244140625 955.465576171875 950.386596679688 950.621337890625 950.406555175781 961.598937988281 960.438903808594 958.6953125 970.174560546875 968.847351074219 965.556945800781 968.192810058594 957.941772460938 952.435180664062 942.248718261719 950.671020507812 959.73681640625 964.259582519531 977.191650390625 969.956787109375 965.039794921875 964.301330566406 965.787292480469 954.468872070312 966.569519042969 966.515625 975.374084472656 976.56689453125 962.8486328125 965.695190429688 975.719360351562 974.714233398438 984.204650878906 984.400268554688 984.336669921875 975.5263671875 967.620300292969 978.335083007812 974.431579589844
969.181030273438 960.776428222656 962.306457519531 965.147399902344 958.575988769531 947.488647460938 942.60693359375 945.245788574219 953.860717773438 949.968933105469 955.766296386719 959.943115234375 967.89453125 967.021667480469 972.005859375 974.229125976562 972.879577636719 963.614501953125 966.808837890625 961.897338867188 952.800170898438 956.549194335938 961.719055175781 964.226623535156 966.836181640625 976.39404296875 969.313842773438 964.330261230469 974.590087890625 971.766174316406 966.7236328125 969.009704589844 969.896667480469 965.993713378906 973.955627441406 962.163269042969 965.1181640625 980.825439453125 974.078796386719 984.864074707031 983.487182617188 985.857116699219 982.240905761719 969.586853027344 974.495788574219 971.93603515625
974.358642578125 969.9833984375 964.925598144531 959.843383789062 953.103454589844 944.146789550781 941.814697265625 947.650390625 942.301574707031 948.233154296875 955.806701660156 962.168762207031 972.574096679688 980.344116210938 986.391967773438 978.228149414062 972.510070800781 968.751159667969 963.851501464844 967.700439453125 963.140991210938 972.95703125 972.842590332031 972.545654296875 968.552612304688 966.763427734375 970.265930175781 980.732971191406 978.624938964844 975.194274902344 975.921875 973.608215332031 970.557800292969 967.644287109375 968.105712890625 974.326965332031 975.5546875 984.678894042969 982.632629394531 991.894714355469 984.0927734375 985.441955566406 983.378051757812 972.431823730469 967.535400390625 973.780212402344
953.297058105469 956.029113769531 954.597717285156 958.024536132812 961.703674316406 949.182250976562 948.300476074219 950.78564453125 954.233215332031 962.177795410156 960.39306640625 969.081970214844 977.403503417969 973.457397460938 979.515258789062 981.094543457031 978.725219726562 974.953979492188 969.931335449219 963.682312011719 976.938110351562 973.160278320312 978.910217285156 974.819274902344 976.700073242188 976.497680664062 980.361755371094 985.173767089844 981.910278320312 977.416137695312 987.795043945312 981.354125976562 967.575744628906 966.185729980469 966.235046386719 969.967651367188 971.593322753906 982.162109375 979.430114746094 979.694885253906 983.723266601562 980.67333984375 980.413696289062 975.743530273438 975.737548828125 970.260803222656
950.9462890625 957.845947265625 955.447631835938 956.882568359375 956.704345703125 958.922302246094 958.545593261719 942.491455078125 947.739868164062 957.052856445312 963.412902832031 973.892761230469 979.495971679688 977.980285644531 978.7138671875 983.976684570312 987.326782226562 984.500732421875 973.780578613281 979.056213378906 979.161376953125 972.904846191406 972.313293457031 970.775573730469 966.026062011719 972.927856445312 975.438842773438 974.660461425781 973.290100097656 973.798217773438 984.714111328125 981.038208007812 983.323547363281 971.421997070312 969.240051269531 970.162170410156 969.097534179688 972.088012695312 977.848266601562 982.737060546875 977.631896972656 978.789672851562 979.454040527344 979.722839355469 977.132141113281 974.34765625
939.266540527344 946.707336425781 950.826354980469 958.441833496094 956.435180664062 956.890747070312 953.196655273438 948.532775878906 945.990356445312 951.250427246094 971.133117675781 972.648132324219 976.507080078125 983.611511230469 982.68310546875 989.225280761719 990.339965820312 987.053955078125 978.142761230469 979.009948730469 977.383239746094 976.064331054688 965.718139648438 967.177001953125 968.857238769531 983.215637207031 983.348754882812 976.09130859375 972.860778808594 972.519836425781 973.998962402344 976.530334472656 984.534118652344 981.258911132812 968.026184082031 971.85546875 971.730041503906 977.160583496094 974.38232421875 977.631103515625 979.556396484375 976.421264648438 983.009460449219 979.140991210938 976.974853515625 972.765075683594
941.273864746094 937.717590332031 942.812194824219 954.471374511719 956.770874023438 954.794189453125 950.812622070312 953.455749511719 954.72998046875 956.577026367188 967.59814453125 977.302795410156 982.019348144531 980.35107421875 985.643005371094 987.046264648438 987.985900878906 982.66015625 981.416687011719 978.078125 986.886596679688 979.665893554688 980.454223632812 966.944885253906 977.787719726562 985.771301269531 979.812683105469 977.4638671875 969.925476074219 976.5849609375 975.503540039062 978.459167480469 979.874572753906 982.979553222656 975.969055175781 980.185791015625 977.748718261719 987.421752929688 987.656616210938 992.266296386719 984.026611328125 977.546264648438 982.652770996094 974.695495605469 977.8349609375 977.515686035156
939.562805175781 939.891723632812 941.97998046875 947.967163085938 942.157531738281 954.289001464844 949.013427734375 951.015563964844 956.537841796875 952.56689453125 971.633972167969 972.219116210938 980.333190917969 988.582824707031 979.587036132812 976.100646972656 983.439514160156 976.84765625 980.221313476562 983.327758789062 984.964904785156 980.369995117188 977.416870117188 982.119201660156 989.54931640625 983.172546386719 978.628479003906 979.057006835938 969.379760742188 976.462341308594 978.721923828125 980.433532714844 984.941040039062 983.826904296875 974.991516113281 982.503234863281 985.75048828125 986.545043945312 990.885620117188 993.737182617188 981.406005859375 984.530700683594 986.665649414062 969.587524414062 975.556457519531 980.438781738281
