data/zlatibor_dem_simulations/DEMsim11.asc
NCOLS 150
NROWS 100
XLLCORNER 7394249
YLLCORNER 4841999
CELLSIZE 30
NODATA_VALUE -9999
[rows 80 to 99 of 100, columns 0 to 45 of 150]
946.683410644531 946.836975097656 949.504638671875 950.175537109375 945.829956054688 939.849487304688 943.236755371094 949.169860839844 957.965026855469 959.871398925781 963.068908691406 967.967163085938 968.255798339844 970.399047851562 973.110046386719 978.353576660156 973.04541015625 976.373596191406 981.079833984375 972.25634765625 970.487609863281 984.43017578125 987.786499023438 980.838500976562 988.021667480469 995.901672363281 987.066223144531 985.734008789062 980.832153320312 984.692565917969 987.200012207031 979.809936523438 977.249084472656 980.056579589844 982.207824707031 981.779602050781 993.890563964844 990.979309082031 988.493225097656 994.056579589844 992.175964355469 998.035766601562 994.389282226562 1000.76690673828 1005.94177246094 1009.52911376953
947.671691894531 937.26513671875 944.948913574219 952.971374511719 950.655578613281 940.002868652344 933.814270019531 951.541137695312 949.522644042969 958.571716308594 966.682678222656 961.319885253906 962.348327636719 973.240905761719 978.025207519531 976.885559082031 974.193908691406 975.203186035156 969.42138671875 969.062072753906 964.021118164062 981.296569824219 987.736877441406 987.000793457031 992.485290527344 996.724975585938 985.120239257812 973.433349609375 975.671081542969 986.044616699219 989.592041015625 983.225219726562 974.617309570312 975.965209960938 973.896423339844 981.651000976562 985.663330078125 990.105590820312 993.416564941406 998.682373046875 994.864440917969 989.454528808594 996.895263671875 999.671997070312 997.433166503906 998.131286621094
947.526000976562 946.017517089844 945.908996582031 949.4208984375 952.80908203125 946.496276855469 934.158813476562 945.578796386719 946.181396484375 950.401489257812 967.697204589844 962.894348144531 961.68603515625 968.072631835938 964.739135742188 964.08935546875 973.045532226562 972.633056640625 968.06689453125 963.839111328125 965.650268554688 964.028991699219 977.327880859375 974.515380859375 980.8974609375 982.322021484375 976.525939941406 972.261352539062 972.361633300781 985.178894042969 983.58203125 978.120422363281 972.335998535156 980.412292480469 983.78857421875 982.899108886719 979.68798828125 987.580444335938 990.174255371094 987.758666992188 977.692626953125 986.962219238281 998.87109375 989.51416015625 996.324584960938 998.233459472656
946.917663574219 952.037780761719 948.011779785156 945.072814941406 936.39306640625 942.105712890625 949.034423828125 947.76611328125 948.763061523438 957.396301269531 969.416625976562 980.067199707031 973.302307128906 966.6240234375 955.816162109375 963.950256347656 966.829223632812 968.011291503906 962.243103027344 966.697875976562 962.784057617188 966.806640625 968.58251953125 961.07421875 963.884155273438 960.038879394531 957.344787597656 964.503234863281 965.580261230469 979.554321289062 976.234069824219 981.349975585938 984.600036621094 987.305786132812 990.121337890625 981.000732421875 973.864318847656 977.949096679688 985.363037109375 986.813293457031 990.136901855469 994.727233886719 1002.13629150391 997.303344726562 986.595031738281 997.253845214844
955.245666503906 949.757202148438 949.375 943.941101074219 944.024475097656 942.61279296875 944.866027832031 945.353515625 943.636291503906 960.548461914062 964.043823242188 963.154235839844 972.04052734375 959.150085449219 955.693603515625 955.459167480469 961.178344726562 959.162536621094 956.182556152344 963.368286132812 964.745971679688 967.405334472656 953.639038085938 942.3388671875 957.537170410156 953.344360351562 951.82470703125 955.222900390625 962.034484863281 965.030700683594 970.803833007812 980.24267578125 976.999572753906 981.937622070312 982.906433105469 981.668212890625 976.942199707031 968.341674804688 977.315979003906 982.251892089844 977.359497070312 994.974365234375 989.891357421875 992.057983398438 994.8515625 987.072082519531
951.638488769531 946.516296386719 947.626037597656 951.125671386719 945.225158691406 935.920593261719 939.340087890625 939.692016601562 945.0859375 949.217590332031 952.62060546875 955.979125976562 956.685668945312 962.327453613281 951.867248535156 953.407165527344 956.056518554688 957.025024414062 957.790771484375 950.344482421875 956.40380859375 952.024658203125 947.197998046875 939.951171875 947.312683105469 947.392944335938 960.807006835938 955.483764648438 956.36279296875 955.368286132812 968.393920898438 975.599365234375 968.871887207031 972.721557617188 976.052856445312 967.039978027344 971.524658203125 961.676330566406 967.596313476562 974.885131835938 969.169799804688 981.574096679688 983.582397460938 988.527465820312 986.741821289062 1000.29754638672
953.20849609375 956.740173339844 949.923828125 954.168029785156 945.146789550781 937.255187988281 927.041198730469 938.330017089844 948.6875 946.140380859375 955.720764160156 951.152648925781 954.879699707031 955.658508300781 954.715698242188 954.33544921875 957.539978027344 954.469787597656 963.562866210938 951.778869628906 955.469482421875 947.794677734375 941.789306640625 943.601318359375 944.674499511719 955.802001953125 962.03125 958.708679199219 963.028442382812 959.160522460938 960.293334960938 959.200256347656 967.3720703125 965.981506347656 966.961669921875 959.890808105469 967.071350097656 968.48291015625 971.679016113281 969.51513671875 977.052001953125 980.175109863281 979.498229980469 979.808288574219 989.203125 996.201904296875
954.827575683594 954.939819335938 954.5595703125 948.533569335938 940.645874023438 934.02294921875 933.030700683594 945.049743652344 940.73974609375 941.532836914062 943.832153320312 944.370178222656 947.514526367188 945.145690917969 944.721435546875 953.715942382812 952.993041992188 956.774780273438 962.494262695312 958.372314453125 962.665283203125 944.802795410156 953.083801269531 951.558227539062 957.502197265625 969.664733886719 967.281555175781 972.654296875 975.096984863281 966.126403808594 960.535278320312 957.331787109375 961.938110351562 967.015502929688 960.5537109375 962.694519042969 962.295776367188 960.750122070312 974.195373535156 975.305725097656 975.323486328125 981.461730957031 983.620910644531 984.118408203125 989.450317382812 989.056884765625
956.479370117188 959.17919921875 950.876586914062 944.244567871094 938.267028808594 937.597412109375 941.803466796875 942.232788085938 944.7763671875 946.493957519531 950.706420898438 941.213317871094 941.708984375 945.036560058594 949.390991210938 950.746948242188 948.968933105469 956.678283691406 957.687744140625 961.779663085938 966.467956542969 953.448059082031 959.029235839844 957.910095214844 956.450134277344 965.289794921875 959.070190429688 974.127868652344 973.173278808594 958.257934570312 961.931274414062 959.064208984375 964.686218261719 964.252624511719 975.783813476562 970.463012695312 970.434326171875 965.680480957031 980.435485839844 981.782165527344 977.237731933594 974.879699707031 967.125183105469 975.470031738281 988.257934570312 988.923767089844
970.023559570312 961.858947753906 957.602966308594 955.471923828125 952.010803222656 944.420349121094 940.22607421875 934.768676757812 943.589294433594 945.947448730469 953.751770019531 954.682922363281 950.198791503906 946.843017578125 951.815734863281 944.939636230469 957.640502929688 967.303527832031 962.133666992188 964.997985839844 962.967651367188 960.240966796875 955.50634765625 956.853637695312 959.15087890625 961.160522460938 962.553100585938 970.905700683594 973.146667480469 967.9130859375 957.215270996094 953.979309082031 963.039123535156 965.166381835938 971.245971679688 977.868896484375 973.137451171875 969.28759765625 981.030578613281 987.899291992188 977.38330078125 966.269348144531 965.001342773438 963.362243652344 981.459411621094 987.163940429688
951.207641601562 967.947326660156 964.628967285156 965.843017578125 960.777404785156 950.935668945312 946.426940917969 943.476989746094 954.22998046875 956.356384277344 955.957275390625 959.046569824219 960.752502441406 959.572998046875 958.713989257812 957.179138183594 962.511962890625 963.194702148438 967.570434570312 972.7841796875 974.537109375 966.179626464844 953.434448242188 954.525939941406 960.237182617188 965.773559570312 961.394287109375 971.740600585938 963.858337402344 962.531005859375 960.443054199219 954.73095703125 966.844604492188 973.351318359375 965.71435546875 967.685791015625 971.942810058594 980.591064453125 975.400939941406 982.443603515625 978.437927246094 973.234741210938 966.01171875 968.844299316406 978.672424316406 983.566711425781
960.952453613281 972.926086425781 971.751647949219 963.752563476562 968.559326171875 958.934997558594 952.077941894531 948.442260742188 944.781555175781 951.44384765625 959.176330566406 964.560668945312 967.1708984375 968.536010742188 968.138793945312 963.289367675781 959.201354980469 969.547790527344 966.33203125 968.861328125 976.368103027344 963.464416503906 955.106750488281 950.533142089844 959.020690917969 969.186828613281 964.0146484375 967.902465820312 965.080139160156 969.517700195312 958.383911132812 961.209655761719 970.122131347656 966.006103515625 965.501525878906 974.709228515625 976.248474121094 970.459167480469 977.01611328125 979.307495117188 971.661193847656 969.710266113281 974.712280273438 972.757934570312 972.499694824219 972.2431640625
963.463562011719 968.946838378906 971.969848632812 968.025390625 965.519897460938 956.816711425781 950.200988769531 953.307922363281 948.378784179688 947.285766601562 958.299865722656 961.393798828125 954.255249023438 959.009887695312 964.618041992188 967.837097167969 963.06787109375 963.46337890625 958.629699707031 968.858459472656 971.249450683594 963.611450195312 958.313354492188 955.10107421875 962.722900390625 963.013366699219 960.419982910156 965.723510742188 967.855895996094 970.208923339844 974.430297851562 964.535217285156 968.189697265625 964.356872558594 966.736511230469 976.49267578125 971.785461425781 978.115600585938 980.450012207031 984.527404785156 980.962768554688 978.798583984375 977.642272949219 971.099731445312 976.434448242188 969.296325683594
972.737609863281 964.537841796875 966.436462402344 962.941528320312 950.565185546875 943.455139160156 946.662475585938 949.018310546875 944.399230957031 947.355773925781 955.801208496094 956.04443359375 953.63671875 967.159118652344 972.435668945312 970.027770996094 965.295043945312 972.078674316406 972.448486328125 972.102783203125 972.483947753906 972.962036132812 967.828552246094 962.790283203125 965.112487792969 974.169555664062 965.497314453125 962.37841796875 963.5771484375 975.06982421875 973.737243652344 966.397583007812 961.595703125 963.461547851562 970.079895019531 980.193664550781 974.727966308594 976.295043945312 987.884765625 989.471801757812 984.578186035156 974.864074707031 977.219482421875 975.846130371094 976.182800292969 974.69921875
964.81787109375 970.23779296875 961.726501464844 965.531311035156 962.225341796875 946.884399414062 938.930358886719 932.888366699219 948.012329101562 937.901489257812 943.160827636719 950.458679199219 954.413146972656 964.071594238281 971.618225097656 975.51904296875 979.62451171875 976.15234375 981.817810058594 974.272521972656 977.268676757812 967.783020019531 969.145629882812 966.160888671875 975.002624511719 976.70751953125 975.357055664062 964.952453613281 970.939880371094 972.364074707031 965.974975585938 954.314270019531 958.907836914062 966.560668945312 965.257507324219 973.998718261719 979.854431152344 976.9150390625 991.930541992188 993.521484375 983.877136230469 977.612365722656 977.712097167969 969.786804199219 966.55615234375 971.763061523438
956.503234863281 963.255615234375 963.340454101562 961.806396484375 961.250244140625 953.041076660156 936.448913574219 941.959777832031 938.705322265625 945.014404296875 944.122253417969 948.392700195312 958.241577148438 970.154174804688 974.032409667969 978.8857421875 979.578369140625 979.949462890625 982.255798339844 971.274658203125 972.899597167969 965.728576660156 971.094665527344 978.021850585938 985.413208007812 985.853454589844 976.873474121094 971.630554199219 971.128662109375 974.690673828125 963.21728515625 952.355102539062 962.717956542969 972.102661132812 963.13134765625 975.239624023438 978.645629882812 983.617248535156 986.899475097656 983.33642578125 986.161315917969 977.620361328125 968.51513671875 969.801452636719 973.910949707031 973.9306640625
954.28857421875 960.433349609375 967.199035644531 966.085815429688 964.046752929688 945.467895507812 942.258972167969 946.118713378906 945.171691894531 949.39404296875 954.410400390625 955.194274902344 966.621520996094 980.50390625 981.950378417969 990.995788574219 985.567749023438 985.068908691406 979.556518554688 973.796203613281 977.148376464844 977.508056640625 973.238342285156 977.614074707031 985.935241699219 980.335510253906 977.783142089844 975.749267578125 976.896301269531 976.136352539062 974.087768554688 959.56005859375 963.804565429688 965.470642089844 951.0166015625 966.979553222656 974.717468261719 974.846435546875 978.2294921875 983.361877441406 983.219116210938 981.764526367188 978.14208984375 971.4951171875 970.231506347656 968.401611328125
952.769165039062 955.577331542969 964.025512695312 967.502136230469 955.861511230469 952.539306640625 946.1474609375 952.876403808594 944.076171875 946.182250976562 951.936462402344 964.498229980469 977.78759765625 988.200866699219 994.286010742188 986.987915039062 988.56640625 980.828125 983.207946777344 982.297180175781 977.084838867188 974.655700683594 972.8603515625 980.809448242188 977.408447265625 976.795837402344 977.964416503906 986.872497558594 977.091552734375 970.971923828125 977.314636230469 967.089050292969 972.678649902344 976.281066894531 966.52685546875 972.006042480469 972.3505859375 974.484680175781 971.264953613281 978.228576660156 985.051513671875 981.355285644531 977.816345214844 977.569213867188 975.841125488281 974.141906738281
946.080810546875 946.202026367188 954.446655273438 965.228576660156 960.099731445312 955.003295898438 951.743957519531 952.432678222656 957.76904296875 955.47265625 960.532348632812 970.315551757812 984.914245605469 993.601623535156 995.22900390625 995.20458984375 995.647094726562 978.236450195312 987.150512695312 979.683654785156 977.300231933594 966.085021972656 974.798828125 987.239562988281 981.557861328125 981.32470703125 979.578002929688 981.297241210938 975.673217773438 970.829345703125 972.829833984375 968.069152832031 976.742919921875 974.749450683594 975.968505859375 972.185546875 969.922119140625 972.764953613281 966.126831054688 973.122802734375 974.904235839844 970.662719726562 979.658447265625 986.383361816406 979.948486328125 985.555603027344
946.213806152344 955.402709960938 960.408020019531 958.363586425781 951.436096191406 952.049743652344 946.299194335938 955.112915039062 956.5732421875 965.242065429688 969.876770019531 974.428894042969 979.661376953125 990.998474121094 992.826293945312 998.781616210938 993.341857910156 991.658630371094 987.459655761719 984.582580566406 968.726135253906 970.733093261719 977.266296386719 973.111999511719 985.22705078125 985.249450683594 975.741882324219 980.032043457031 977.249450683594 967.242309570312 967.169372558594 967.091369628906 968.173522949219 977.295715332031 980.158569335938 981.707580566406 973.177612304688 978.156433105469 977.026916503906 970.944152832031 971.991882324219 973.45263671875 984.1376953125 982.776062011719 984.728881835938 984.935546875
