data/zlatibor_dem_simulations/DEMsim57.asc
NCOLS 150
NROWS 100
XLLCORNER 7394249
YLLCORNER 4841999
CELLSIZE 30
NODATA_VALUE -9999
[rows 80 to 99 of 100, columns 0 to 45 of 150]
929.583251953125 931.797729492188 930.275329589844 932.050659179688 930.172058105469 938.701354980469 937.081787109375 942.136840820312 934.122619628906 937.098022460938 944.353576660156 958.35205078125 963.398864746094 972.869995117188 981.050476074219 977.810607910156 974.858459472656 972.8056640625 971.738708496094 981.84521484375 977.858276367188 977.0625 987.607482910156 983.612670898438 983.64013671875 988.908447265625 986.815063476562 979.309020996094 986.584350585938 974.296020507812 980.510009765625 985.747985839844 988.390991210938 994.11181640625 984.470031738281 974.045471191406 977.350341796875 978.695617675781 970.561340332031 979.420532226562 982.845520019531 992.254089355469 997.316955566406 997.944763183594 1006.06262207031 1004.56634521484
929.466613769531 933.976318359375 941.850708007812 936.496765136719 934.350708007812 937.495422363281 937.416564941406 936.402038574219 928.844299316406 941.414428710938 956.213439941406 962.248657226562 964.327270507812 975.451232910156 966.416687011719 970.728576660156 979.7900390625 971.94482421875 968.878540039062 974.145874023438 976.498718261719 969.196472167969 976.256896972656 976.46826171875 986.45361328125 985.732055664062 994.879943847656 985.584594726562 984.655456542969 970.434753417969 973.53857421875 980.027770996094 981.217956542969 990.149963378906 990.0771484375 984.834045410156 983.539245605469 978.064514160156 971.789184570312 971.199157714844 977.1162109375 990.404907226562 996.63525390625 998.386779785156 995.454895019531 1000.91839599609
931.238586425781 929.730224609375 945.62939453125 948.519897460938 936.293579101562 937.370910644531 943.281555175781 941.595520019531 941.1201171875 941.856628417969 963.361389160156 963.853942871094 965.703735351562 967.742614746094 971.619262695312 964.722106933594 970.293701171875 969.782409667969 980.580505371094 966.337707519531 965.283935546875 963.807434082031 968.986755371094 974.036254882812 981.675903320312 980.645629882812 988.8203125 986.282165527344 993.666015625 985.371337890625 979.454711914062 979.366271972656 982.734680175781 988.695556640625 989.97998046875 990.413818359375 989.903747558594 987.572509765625 980.444519042969 969.453247070312 972.479919433594 985.347412109375 991.064697265625 988.61474609375 992.967895507812 995.97607421875
940.366455078125 930.438293457031 939.950256347656 944.674560546875 938.030639648438 934.489807128906 932.647094726562 938.076477050781 939.909912109375 948.015625 965.941528320312 960.580139160156 959.724731445312 957.95166015625 964.6630859375 964.646606445312 967.952209472656 966.952209472656 964.969482421875 953.6416015625 951.674072265625 952.417236328125 959.865234375 969.332275390625 975.440368652344 973.933532714844 976.236267089844 979.400573730469 984.787353515625 972.441223144531 975.807800292969 981.988098144531 983.04736328125 984.944213867188 990.201293945312 988.150207519531 992.604675292969 985.282348632812 971.848510742188 973.306640625 976.174255371094 986.530090332031 991.25390625 997.127990722656 993.632507324219 990.3486328125
943.931884765625 934.609069824219 940.974182128906 940.141052246094 944.438598632812 937.663879394531 938.635437011719 939.840026855469 945.650146484375 953.413879394531 960.079223632812 959.374267578125 955.512756347656 944.855224609375 957.014465332031 964.411499023438 969.644470214844 960.0341796875 959.738464355469 955.720642089844 959.191101074219 958.444580078125 958.994140625 959.2734375 963.698364257812 965.850280761719 964.6611328125 967.090393066406 969.02734375 972.694274902344 967.09814453125 972.51953125 974.938842773438 977.822814941406 990.193359375 991.179748535156 994.317199707031 982.507751464844 975.073852539062 964.090881347656 971.550537109375 980.43115234375 985.182800292969 986.853454589844 1000.57836914062 996.241760253906
944.83544921875 956.603210449219 946.390686035156 953.102844238281 949.051635742188 941.312255859375 942.830261230469 939.562316894531 939.667846679688 944.331115722656 942.918762207031 951.58740234375 953.024108886719 946.0302734375 952.645263671875 948.9853515625 948.6689453125 958.385375976562 948.603637695312 952.833984375 955.010375976562 953.236755371094 952.74853515625 948.890747070312 959.072204589844 957.822265625 967.171691894531 962.805603027344 961.035461425781 969.158569335938 964.255310058594 960.944274902344 974.38818359375 973.79296875 979.273010253906 988.922424316406 985.534362792969 967.844360351562 970.736328125 966.848449707031 970.211853027344 977.379760742188 983.765441894531 988.494018554688 994.148010253906 999.285522460938
957.154846191406 954.874206542969 961.586791992188 959.25390625 951.205078125 948.087646484375 948.395263671875 942.482543945312 940.046447753906 942.374694824219 946.441162109375 948.294128417969 944.580261230469 942.427062988281 941.234741210938 943.961975097656 941.767211914062 951.460632324219 953.548095703125 956.382385253906 948.73974609375 954.747924804688 945.394714355469 953.811340332031 959.951416015625 961.599487304688 968.560974121094 969.291015625 966.491394042969 962.780517578125 965.558532714844 963.265625 963.926818847656 974.602600097656 977.582763671875 976.042724609375 972.447204589844 966.662109375 977.139099121094 973.513366699219 968.630126953125 970.812866210938 975.493835449219 987.843139648438 996.101623535156 986.557312011719
957.050415039062 952.362365722656 953.069519042969 956.611572265625 957.737487792969 956.842346191406 948.23828125 939.847900390625 934.817321777344 931.549560546875 943.653503417969 948.7587890625 950.233825683594 942.515014648438 952.180541992188 947.692565917969 949.001953125 960.407043457031 966.142028808594 958.727905273438 963.651977539062 958.180786132812 960.998718261719 966.556518554688 964.209411621094 959.629699707031 963.580749511719 974.918518066406 968.473266601562 961.570373535156 960.902221679688 961.351379394531 963.189270019531 966.529174804688 976.186767578125 960.380187988281 965.101318359375 970.663879394531 960.842712402344 969.023742675781 968.723876953125 963.112243652344 963.115417480469 986.34326171875 985.368103027344 987.7119140625
950.663879394531 954.744262695312 959.753356933594 956.762634277344 957.213806152344 959.21240234375 955.969604492188 944.231079101562 938.019653320312 934.939819335938 940.656311035156 942.88037109375 945.326171875 950.206848144531 947.961975097656 946.134521484375 958.516967773438 963.145690917969 962.199645996094 964.525695800781 971.681396484375 964.506713867188 959.296081542969 959.536926269531 966.237121582031 960.897705078125 969.48193359375 969.20703125 971.918701171875 963.84765625 960.360778808594 955.195983886719 962.179565429688 962.650146484375 972.176147460938 965.8798828125 965.577087402344 960.92822265625 969.377990722656 972.480102539062 973.733276367188 968.877868652344 965.0859375 976.8583984375 991.483642578125 984.080505371094
956.600158691406 952.943542480469 952.952209472656 956.141235351562 965.721740722656 955.892822265625 952.334899902344 938.81201171875 947.77392578125 943.632263183594 946.555603027344 946.464416503906 957.950805664062 960.578369140625 954.161865234375 957.236877441406 962.98486328125 965.668579101562 974.105102539062 961.382080078125 971.731750488281 966.673217773438 956.365295410156 965.183166503906 962.862976074219 963.560974121094 972.408081054688 969.969604492188 968.864562988281 959.250793457031 961.562316894531 964.919189453125 965.695922851562 969.260681152344 967.971374511719 969.133728027344 964.70849609375 964.642517089844 974.600219726562 977.057983398438 985.286437988281 976.319458007812 963.018981933594 968.578735351562 971.80810546875 982.099853515625
954.592163085938 965.922485351562 958.004089355469 966.340942382812 959.919067382812 956.295837402344 942.291687011719 945.663330078125 941.73388671875 948.071350097656 946.018859863281 950.195556640625 954.94482421875 963.794311523438 958.731384277344 952.507873535156 956.496887207031 960.111389160156 973.91357421875 977.096984863281 972.507995605469 967.819641113281 960.748229980469 969.966186523438 968.724670410156 968.277099609375 968.996520996094 971.446716308594 964.420349121094 966.182800292969 956.191101074219 968.928955078125 968.659423828125 970.81103515625 971.12451171875 973.909118652344 970.613220214844 977.574523925781 973.727600097656 984.002746582031 977.014953613281 974.687683105469 969.681701660156 972.933349609375 977.010559082031 976.366149902344
973.045166015625 968.12451171875 955.343322753906 952.269165039062 951.951843261719 951.427978515625 946.983276367188 951.007141113281 952.829040527344 948.98095703125 951.039855957031 953.697570800781 956.950134277344 967.473999023438 952.800964355469 958.501770019531 961.619934082031 966.036987304688 973.48681640625 978.100769042969 971.71337890625 968.712768554688 973.69140625 967.028381347656 959.012329101562 968.435852050781 964.544494628906 964.576232910156 958.533630371094 961.533081054688 962.183898925781 964.763244628906 971.089660644531 970.236572265625 975.200866699219 975.095397949219 975.063354492188 978.808471679688 983.259033203125 985.605224609375 978.524536132812 972.705017089844 971.052734375 969.546997070312 978.436401367188 969.405456542969
970.670654296875 966.841613769531 963.866882324219 961.125793457031 954.703247070312 958.348205566406 953.471069335938 947.895080566406 955.265380859375 954.528015136719 961.486877441406 964.04736328125 968.921752929688 971.391967773438 965.601745605469 965.184692382812 962.398254394531 966.287536621094 970.426513671875 966.857116699219 973.920288085938 963.825317382812 967.651428222656 961.746215820312 967.139709472656 968.936889648438 965.911926269531 961.313232421875 966.560180664062 962.957641601562 960.283447265625 956.867126464844 968.430847167969 972.591552734375 971.422058105469 978.858764648438 982.413269042969 979.761596679688 981.685302734375 979.845764160156 979.626708984375 969.710876464844 973.114501953125 973.006713867188 978.563293457031 967.96044921875
969.12841796875 977.5234375 966.851745605469 961.861328125 963.346435546875 949.204650878906 945.904724121094 946.315185546875 958.5341796875 960.780639648438 964.178283691406 969.464172363281 975.526733398438 966.291015625 976.094970703125 976.087707519531 969.462768554688 963.987487792969 968.585083007812 974.974670410156 973.049926757812 964.468566894531 968.935607910156 962.203674316406 969.644592285156 968.547119140625 974.291870117188 967.749572753906 969.069763183594 974.604125976562 967.918090820312 961.848266601562 962.620361328125 968.552734375 975.046630859375 975.967895507812 971.629516601562 971.394592285156 968.432983398438 973.0146484375 975.277160644531 970.188415527344 972.832153320312 975.1572265625 977.104858398438 973.419006347656
981.432678222656 976.851135253906 974.444580078125 962.248718261719 953.050537109375 955.251708984375 944.055725097656 942.790222167969 953.371398925781 957.5693359375 967.042663574219 968.959716796875 961.521545410156 963.038146972656 970.712951660156 970.617736816406 969.192565917969 971.476989746094 976.347839355469 974.209228515625 976.007629394531 965.216979980469 971.167724609375 965.467529296875 967.280578613281 968.468688964844 971.041687011719 969.333557128906 970.93798828125 978.96484375 969.658996582031 961.962646484375 965.550354003906 961.443969726562 968.709655761719 972.615539550781 960.327758789062 963.2119140625 964.148559570312 973.405029296875 979.509765625 979.529357910156 972.277282714844 975.200073242188 982.059204101562 966.192626953125
971.810180664062 966.017028808594 968.493469238281 961.491455078125 950.06884765625 958.603515625 943.879028320312 943.834228515625 948.504028320312 958.446044921875 964.62060546875 968.221618652344 969.335205078125 963.682006835938 969.006591796875 970.755432128906 971.578125 978.511352539062 974.949279785156 971.120849609375 971.464416503906 966.785766601562 968.462951660156 979.772827148438 980.852172851562 970.296081542969 972.957885742188 974.049255371094 971.831420898438 970.13916015625 964.354064941406 963.030639648438 960.418151855469 968.075134277344 969.669799804688 954.326965332031 955.301818847656 964.066345214844 977.636047363281 979.524658203125 983.455749511719 979.131774902344 977.4404296875 966.423828125 974.305603027344 965.029296875
971.057861328125 967.229614257812 966.354919433594 952.100036621094 943.188842773438 943.912414550781 940.353942871094 946.751586914062 944.150024414062 956.660888671875 960.154479980469 965.062561035156 967.832275390625 969.465576171875 969.729064941406 970.904541015625 978.741394042969 969.189880371094 979.301452636719 971.019653320312 975.65966796875 972.748413085938 971.614990234375 975.713562011719 981.922302246094 974.813049316406 977.190673828125 977.398315429688 973.488952636719 964.783874511719 965.449645996094 970.561218261719 973.97021484375 974.570556640625 961.299682617188 954.813781738281 961.67626953125 968.82373046875 983.852111816406 980.096740722656 989.247192382812 988.435607910156 977.677795410156 973.165161132812 959.5595703125 969.918151855469
973.620910644531 966.324523925781 959.982360839844 949.892944335938 939.568115234375 943.7333984375 946.216125488281 941.487548828125 943.563659667969 957.873352050781 962.035827636719 966.347351074219 971.743347167969 974.958068847656 973.769348144531 973.66943359375 971.478820800781 967.031311035156 974.038024902344 973.980102539062 970.734130859375 969.01220703125 975.155090332031 974.854248046875 973.144226074219 973.201721191406 968.039245605469 971.733154296875 976.270690917969 976.483215332031 968.52685546875 978.460632324219 969.269653320312 978.116149902344 968.377380371094 961.17041015625 973.194458007812 966.811645507812 979.666931152344 982.237976074219 988.146606445312 988.775573730469 983.736022949219 979.14892578125 973.677062988281 979.58984375
972.485107421875 969.005065917969 967.05224609375 963.458801269531 943.490417480469 948.297424316406 952.195983886719 941.221618652344 946.381713867188 961.725158691406 965.337463378906 963.353393554688 972.868957519531 972.163513183594 969.639038085938 974.938354492188 974.271057128906 963.095397949219 979.207153320312 979.688110351562 979.172119140625 970.895935058594 973.1171875 973.971008300781 974.525817871094 971.220947265625 975.324340820312 974.827392578125 981.969970703125 977.797973632812 977.045837402344 979.743103027344 981.245666503906 970.522644042969 969.709838867188 967.675598144531 964.561889648438 969.339294433594 970.057067871094 983.161010742188 985.162780761719 990.083923339844 978.207641601562 984.546691894531 978.41650390625 976.406616210938
965.150329589844 959.3310546875 969.5888671875 965.475646972656 950.579711914062 950.1474609375 945.069396972656 950.250671386719 961.583801269531 970.529296875 965.9033203125 973.265014648438 977.456604003906 980.432312011719 979.587829589844 984.986572265625 976.849609375 979.117004394531 981.569458007812 979.592712402344 972.256164550781 976.988647460938 980.671875 971.54931640625 967.256164550781 972.752502441406 970.998474121094 970.461059570312 980.967895507812 981.141662597656 983.189025878906 983.516540527344 982.878601074219 977.422485351562 973.560913085938 963.321350097656 963.888854980469 968.324890136719 962.251098632812 970.481872558594 982.585083007812 979.315246582031 982.389709472656 978.794189453125 971.945495605469 974.535705566406
