data/zlatibor_dem_simulations/DEMsim68 (1).asc
NCOLS 150
NROWS 100
XLLCORNER 7394249
YLLCORNER 4841999
CELLSIZE 30
NODATA_VALUE -9999
[rows 80 to 99 of 100, columns 0 to 45 of 150]
946.262023925781 940.770324707031 949.531616210938 947.978515625 938.219055175781 939.544372558594 936.869384765625 943.212341308594 951.081237792969 959.507873535156 973.47265625 980.825988769531 988.131652832031 985.662109375 974.016357421875 970.235900878906 983.234619140625 974.264770507812 978.3779296875 981.749328613281 986.371520996094 993.889404296875 987.820373535156 991.090576171875 993.258972167969 993.665344238281 987.743347167969 976.2529296875 981.776123046875 982.545837402344 980.982177734375 984.841247558594 988.342346191406 989.703186035156 993.094909667969 989.585083007812 993.6513671875 995.170471191406 987.442260742188 983.881896972656 974.568786621094 988.731689453125 988.986633300781 1000.07720947266 1003.82623291016 1009.86743164062
953.862976074219 955.402160644531 954.217407226562 957.390808105469 947.663757324219 943.507629394531 937.334411621094 944.472473144531 947.167785644531 948.881774902344 969.552551269531 985.05419921875 981.441528320312 981.794738769531 970.344116210938 977.316223144531 972.458251953125 974.444274902344 979.104614257812 976.377014160156 984.159973144531 984.042236328125 977.516723632812 984.221374511719 987.31396484375 993.128784179688 986.131103515625 971.324340820312 975.890014648438 979.28125 977.016418457031 974.952270507812 978.351013183594 983.222595214844 987.47216796875 987.210144042969 991.067138671875 997.474975585938 992.680236816406 975.356018066406 979.1162109375 985.749267578125 992.13623046875 1005.79412841797 1012.10986328125 1000.95056152344
958.096435546875 949.653015136719 952.533020019531 946.464416503906 940.574768066406 939.310241699219 936.116027832031 939.3955078125 945.036682128906 947.885437011719 967.488098144531 978.630432128906 973.581787109375 973.539794921875 967.835693359375 973.865783691406 968.429382324219 968.393798828125 978.516540527344 976.558166503906 975.267944335938 970.436279296875 975.621154785156 975.021667480469 981.760498046875 989.345581054688 979.171325683594 976.341735839844 977.615051269531 985.132141113281 976.896423339844 975.0859375 972.496154785156 979.06103515625 975.67919921875 982.076843261719 983.413940429688 985.638977050781 987.406860351562 985.948791503906 984.372131347656 990.256591796875 992.567932128906 999.417724609375 995.436096191406 992.788146972656
947.557800292969 935.037536621094 945.156311035156 943.963439941406 931.634765625 935.992553710938 943.384033203125 949.110717773438 948.872192382812 951.21923828125 961.490539550781 973.311340332031 971.442260742188 973.0869140625 966.805969238281 964.254211425781 956.065734863281 964.145690917969 963.21044921875 968.489990234375 966.616943359375 966.635681152344 967.194396972656 970.740417480469 975.985778808594 981.183959960938 966.2998046875 972.048400878906 978.241333007812 984.523620605469 988.326538085938 975.999694824219 968.191101074219 962.340026855469 974.574096679688 974.264892578125 981.119445800781 983.405822753906 982.06005859375 989.829223632812 982.981567382812 983.408874511719 985.00244140625 984.3154296875 992.265930175781 982.98095703125
940.184020996094 942.544799804688 935.899841308594 945.153076171875 937.865478515625 933.698669433594 941.360717773438 943.753234863281 943.349731445312 944.695129394531 951.914916992188 957.280822753906 966.268249511719 965.810791015625 959.024841308594 953.947204589844 950.438232421875 959.237060546875 957.415893554688 968.865356445312 958.463134765625 957.564270019531 957.789672851562 956.614318847656 958.872741699219 960.862915039062 966.679748535156 970.247314453125 982.061340332031 985.870727539062 983.482482910156 978.493713378906 968.847290039062 960.005554199219 966.515625 978.426879882812 980.297180175781 983.564880371094 973.226135253906 983.632263183594 981.242492675781 981.957824707031 983.959411621094 985.615844726562 996.18115234375 996.730712890625
943.09765625 938.707397460938 934.486389160156 932.548950195312 928.015930175781 938.342590332031 936.691284179688 928.031677246094 938.188415527344 943.625793457031 947.77734375 958.789428710938 958.39990234375 954.71044921875 960.130310058594 946.236633300781 956.325317382812 959.670654296875 963.130126953125 952.898681640625 955.585693359375 954.804748535156 955.287475585938 956.311706542969 954.10791015625 955.243103027344 961.054809570312 964.98681640625 964.989562988281 967.27880859375 967.447631835938 966.912109375 965.121215820312 969.7314453125 967.940307617188 970.138061523438 969.770690917969 973.485656738281 977.786926269531 974.008483886719 969.163269042969 981.73095703125 984.225158691406 985.07177734375 982.92626953125 992.802856445312
938.381408691406 935.779724121094 937.122680664062 935.013732910156 935.6943359375 937.250610351562 933.576110839844 935.462951660156 942.050537109375 937.926635742188 941.796081542969 948.961547851562 948.212341308594 953.764587402344 951.538940429688 942.297119140625 946.182495117188 955.66015625 951.989685058594 956.519592285156 953.751342773438 956.457702636719 953.364135742188 954.017517089844 961.0751953125 958.636413574219 956.234191894531 959.289978027344 964.245849609375 955.403442382812 957.221069335938 963.705505371094 968.533508300781 968.721801757812 959.254211425781 974.124206542969 968.299194335938 969.602905273438 979.01513671875 972.447387695312 975.467834472656 980.658386230469 986.173278808594 983.138671875 991.435119628906 994.57421875
950.432189941406 950.217651367188 951.0341796875 950.296875 945.717590332031 939.837646484375 942.065612792969 943.585510253906 940.582824707031 941.418212890625 941.383666992188 942.297729492188 959.001586914062 954.133483886719 955.2431640625 945.920654296875 949.92431640625 955.6318359375 959.678161621094 971.630981445312 961.157958984375 962.8857421875 962.340209960938 962.935668945312 959.832824707031 957.785095214844 958.821838378906 966.22998046875 961.0732421875 957.861083984375 957.045043945312 963.923034667969 966.622863769531 961.364807128906 960.569274902344 971.06494140625 965.161193847656 964.492919921875 977.937438964844 978.587890625 969.825988769531 973.230285644531 983.025817871094 984.204467773438 984.674255371094 993.101684570312
955.1591796875 957.713134765625 953.016174316406 954.254638671875 943.584167480469 934.951232910156 935.543701171875 936.280700683594 937.658203125 938.315490722656 940.553833007812 947.359008789062 961.162231445312 952.518737792969 955.911804199219 947.101989746094 951.672119140625 953.872619628906 962.525329589844 963.278625488281 962.818420410156 963.862243652344 965.610229492188 954.325073242188 959.60400390625 962.501403808594 960.369750976562 950.394287109375 959.943237304688 963.213806152344 965.314880371094 963.812194824219 967.755554199219 962.005187988281 965.127075195312 972.736267089844 972.67724609375 970.001098632812 976.20166015625 972.623229980469 973.107543945312 974.623718261719 979.681274414062 985.963989257812 976.84423828125 986.853088378906
959.643920898438 957.274047851562 960.889099121094 954.974792480469 944.01416015625 935.918090820312 939.429626464844 936.139892578125 938.777465820312 942.374755859375 951.143981933594 956.167053222656 953.928405761719 965.819152832031 964.617370605469 952.25439453125 958.082824707031 964.683227539062 967.880554199219 969.848754882812 961.684814453125 961.608215332031 961.98193359375 958.914672851562 957.105773925781 964.065124511719 962.296752929688 956.879943847656 960.496826171875 966.276794433594 962.103088378906 961.905700683594 974.020385742188 975.289184570312 972.194885253906 969.712951660156 970.38037109375 969.216064453125 971.613952636719 973.471374511719 974.518798828125 981.087524414062 978.814697265625 982.686645507812 973.096252441406 982.358825683594
964.141479492188 967.662780761719 964.285034179688 950.223388671875 946.135864257812 943.066955566406 941.026245117188 940.530090332031 949.338562011719 944.394165039062 950.075378417969 960.826904296875 958.987548828125 967.081604003906 956.280944824219 951.815673828125 953.586181640625 963.330078125 966.514465332031 964.399108886719 963.295288085938 968.363098144531 968.992126464844 955.447326660156 960.931640625 963.255798339844 968.449401855469 965.223571777344 971.5302734375 969.501159667969 962.059753417969 962.581909179688 974.158935546875 972.477355957031 976.351745605469 973.55859375 974.251953125 971.931823730469 968.269348144531 970.030700683594 969.196411132812 973.638549804688 970.037170410156 967.003845214844 969.767150878906 975.238159179688
966.763732910156 966.638732910156 961.121520996094 962.733703613281 957.653442382812 957.348815917969 950.735717773438 944.600341796875 937.930908203125 945.739135742188 957.909118652344 967.882507324219 967.71337890625 965.357177734375 965.405700683594 957.413513183594 955.915954589844 963.086181640625 969.346374511719 961.077392578125 955.951110839844 964.726684570312 956.980834960938 963.770812988281 965.485168457031 969.697265625 968.37841796875 961.424255371094 965.434387207031 971.707214355469 959.411926269531 964.0302734375 969.443786621094 976.522216796875 983.251220703125 975.839721679688 973.679748535156 964.943786621094 962.933349609375 976.872436523438 973.748596191406 966.497802734375 967.893493652344 965.371887207031 967.726013183594 966.652770996094
963.905517578125 961.976318359375 958.0380859375 956.641967773438 949.335571289062 957.914306640625 952.218566894531 951.646667480469 946.176879882812 956.001525878906 962.002075195312 967.146179199219 973.943115234375 980.855712890625 967.799499511719 965.920043945312 966.48828125 960.274963378906 969.063842773438 956.789489746094 956.266296386719 960.75048828125 967.935729980469 965.182800292969 971.016479492188 972.616943359375 973.436584472656 965.770568847656 969.646545410156 965.566589355469 959.596252441406 962.9404296875 964.254943847656 966.264709472656 978.773559570312 975.826538085938 980.537170410156 976.323425292969 976.727172851562 979.76953125 971.402954101562 968.402954101562 962.70751953125 964.409240722656 975.382141113281 977.670776367188
966.908935546875 967.858032226562 957.482177734375 965.927062988281 951.797912597656 947.095703125 959.323852539062 953.719970703125 952.414611816406 960.333068847656 962.528686523438 980.657348632812 975.386169433594 983.307678222656 969.476013183594 968.949890136719 976.918823242188 966.594360351562 966.272583007812 958.674865722656 962.302185058594 953.527221679688 962.237365722656 972.538696289062 974.244689941406 973.615783691406 965.858581542969 971.26025390625 964.942443847656 960.783630371094 965.456115722656 965.2626953125 967.478942871094 967.574157714844 974.611511230469 980.212646484375 990.435791015625 985.4658203125 982.460571289062 984.978332519531 969.46044921875 972.883483886719 966.58056640625 961.906188964844 970.599731445312 967.266967773438
970.499328613281 975.093811035156 965.274963378906 962.615539550781 955.534057617188 948.986877441406 953.7958984375 959.60546875 954.216918945312 947.793640136719 954.308959960938 969.525390625 974.835266113281 979.892333984375 976.515502929688 976.867858886719 974.962890625 965.444458007812 967.225524902344 971.755126953125 965.025756835938 964.066284179688 966.286682128906 971.591247558594 974.635803222656 973.480895996094 978.296691894531 975.676025390625 968.464477539062 961.499084472656 957.8349609375 961.461608886719 966.081176757812 962.925476074219 970.998168945312 975.25732421875 975.875732421875 978.912536621094 978.89404296875 978.791076660156 971.954895019531 981.301513671875 975.599792480469 971.4287109375 968.539611816406 974.179992675781
964.025085449219 963.382263183594 967.062316894531 960.484130859375 950.206848144531 955.138061523438 952.88525390625 953.957763671875 947.143493652344 945.188903808594 947.918395996094 955.550537109375 971.64013671875 980.261413574219 986.319213867188 977.917907714844 979.948425292969 980.5234375 974.932983398438 976.238891601562 969.352905273438 969.4208984375 974.763854980469 972.553039550781 976.997802734375 974.65380859375 983.045593261719 975.433654785156 963.976684570312 964.524780273438 962.432312011719 968.992614746094 963.688110351562 965.65966796875 973.432678222656 975.820739746094 968.068542480469 973.559020996094 978.22705078125 980.941528320312 981.760314941406 982.687438964844 980.87548828125 974.594116210938 975.525146484375 979.546264648438
970.186218261719 967.847473144531 967.661804199219 963.981384277344 954.267944335938 957.146789550781 951.935180664062 954.60302734375 949.997985839844 936.782470703125 940.874938964844 944.934875488281 965.950378417969 980.450805664062 981.392578125 976.726928710938 975.04736328125 979.378479003906 969.908325195312 973.443420410156 979.217468261719 977.668579101562 980.128967285156 963.152282714844 968.393432617188 978.848571777344 967.898803710938 972.380004882812 965.036804199219 969.94140625 960.648742675781 964.979858398438 963.412292480469 967.215393066406 968.594055175781 977.374389648438 971.979736328125 974.628356933594 980.497924804688 983.877319335938 977.000549316406 983.974731445312 973.930969238281 970.668395996094 972.618774414062 972.742126464844
969.546936035156 976.395751953125 968.423583984375 964.800231933594 962.990966796875 955.477416992188 944.470458984375 947.002014160156 941.026245117188 945.398498535156 941.210144042969 954.390991210938 967.804870605469 982.357543945312 988.238525390625 974.122863769531 979.936218261719 973.485595703125 973.60205078125 972.193237304688 984.420227050781 972.875549316406 981.104248046875 971.906494140625 968.527954101562 974.574340820312 968.523681640625 967.349670410156 965.820495605469 973.327758789062 970.288757324219 964.345153808594 976.627563476562 964.990417480469 973.150634765625 972.997375488281 970.721130371094 974.189270019531 977.086975097656 976.958862304688 982.620544433594 986.747375488281 983.556213378906 974.279235839844 977.13671875 979.481567382812
973.741943359375 975.557006835938 971.776306152344 970.243591308594 961.041625976562 963.032531738281 953.527160644531 947.154357910156 941.628601074219 949.827514648438 967.107360839844 968.490661621094 982.385925292969 977.553955078125 977.427307128906 976.990356445312 977.784790039062 977.417602539062 980.089904785156 979.761474609375 983.099670410156 979.843627929688 978.259460449219 974.347473144531 973.465209960938 974.676574707031 975.070129394531 971.893005371094 972.202392578125 974.864685058594 970.940124511719 971.9375 973.984436035156 976.479431152344 970.951293945312 964.628112792969 973.225708007812 978.478820800781 984.188415527344 986.344970703125 981.248840332031 990.192565917969 980.194458007812 974.203063964844 971.798400878906 974.180786132812
967.692443847656 970.598205566406 979.018249511719 975.20849609375 957.794494628906 951.2041015625 954.118225097656 948.592834472656 947.94287109375 957.040222167969 970.6943359375 976.556091308594 972.773132324219 976.698120117188 969.98876953125 977.095947265625 980.074645996094 970.003601074219 982.325439453125 983.445373535156 982.745178222656 980.905639648438 972.874084472656 976.069458007812 977.47314453125 973.865600585938 972.420959472656 970.791931152344 975.950927734375 982.383544921875 972.091735839844 971.699584960938 973.761291503906 979.623474121094 975.395751953125 967.067565917969 977.363525390625 980.518676757812 983.321716308594 991.500122070312 985.831115722656 995.459106445312 982.073486328125 966.738098144531 970.793029785156 978.017700195312
