data/zlatibor_dem_simulations/DEMsim66.asc
NCOLS 150
NROWS 100
XLLCORNER 7394249
YLLCORNER 4841999
CELLSIZE 30
NODATA_VALUE -9999
[rows 0 to 19 of 100, columns 0 to 45 of 150]
1013.02392578125 1005.46997070312 1007.58312988281 1009.052734375 1016.44274902344 1015.26715087891 1011.68804931641 1011.03680419922 1007.67510986328 1020.04339599609 1022.99462890625 1012.25421142578 1013.22424316406 1011.90313720703 1011.24987792969 1015.09509277344 1008.97564697266 1012.32562255859 1013.55450439453 1021.45147705078 1026.94396972656 1029.60107421875 1031.203125 1038.23413085938 1034.76062011719 1036.50378417969 1035.50354003906 1040.98583984375 1038.64526367188 1045.06042480469 1046.12219238281 1043.287109375 1031.76794433594 1016.40551757812 1018.59490966797 1023.75476074219 1016.58978271484 1010.65667724609 1011.82305908203 1011.57659912109 1003.53186035156 1000.41442871094 989.062805175781 989.78173828125 981.660034179688 977.682800292969
1018.40234375 1009.83770751953 1007.48229980469 1005.66583251953 1000.73657226562 1002.96911621094 1002.40246582031 1006.43621826172 1020.77331542969 1021.17785644531 1022.18084716797 1021.51770019531 1009.17706298828 1010.78973388672 1009.12738037109 1008.88848876953 1011.00524902344 1011.00506591797 1017.07409667969 1013.72595214844 1021.24841308594 1027.63586425781 1037.9599609375 1040.87121582031 1030.41198730469 1025.62158203125 1025.09387207031 1035.60986328125 1032.24560546875 1030.52258300781 1037.02197265625 1040.58874511719 1035.85083007812 1018.94415283203 1024.36193847656 1022.13446044922 1019.13812255859 1015.36956787109 1024.46643066406 1018.88391113281 1009.22546386719 993.4580078125 990.638916015625 995.273315429688 992.288879394531 985.332946777344
1011.48498535156 1011.27075195312 1004.44897460938 1009.43829345703 1004.78680419922 999.851440429688 1006.61212158203 1011.95971679688 1027.94470214844 1019.71374511719 1022.68725585938 1021.94622802734 1012.60369873047 1005.83959960938 1015.78009033203 1012.86981201172 1006.04180908203 1009.97186279297 1018.67108154297 1014.66632080078 1022.55059814453 1034.60424804688 1039.92126464844 1036.6337890625 1034.04626464844 1022.22192382812 1018.71282958984 1030.50146484375 1027.65161132812 1030.41491699219 1031.25439453125 1030.25073242188 1027.11120605469 1025.47790527344 1019.97094726562 1021.80139160156 1023.68139648438 1023.63232421875 1017.83557128906 1011.12335205078 1008.02239990234 998.180847167969 997.486450195312 1003.40997314453 1001.96759033203 987.962463378906
1013.06915283203 1006.56652832031 1002.50823974609 1001.82000732422 1004.17590332031 1004.28985595703 1003.24194335938 1007.04132080078 1014.70050048828 1016.3720703125 1016.65435791016 1009.90203857422 1012.99743652344 1009.93890380859 1013.11724853516 1011.63684082031 1007.51422119141 1006.32733154297 1010.28570556641 1007.39538574219 1014.41369628906 1026.197265625 1037.18896484375 1040.89306640625 1035.86755371094 1037.37744140625 1019.71368408203 1021.84393310547 1019.84686279297 1016.74523925781 1029.48498535156 1032.6025390625 1020.07189941406 1017.06231689453 1016.63824462891 1020.25476074219 1015.37707519531 1016.84564208984 1015.18994140625 1010.44952392578 1011.35711669922 996.080871582031 991.285400390625 997.056213378906 992.767272949219 990.401306152344
1008.53509521484 1001.49188232422 998.3720703125 994.004516601562 999.133178710938 1011.24096679688 1013.55334472656 1009.56457519531 1010.68084716797 1011.45172119141 1010.01116943359 1003.36590576172 1005.20129394531 1010.58489990234 1008.33245849609 1010.45318603516 1010.23779296875 1001.62408447266 1008.66387939453 1007.12481689453 1009.73504638672 1019.35003662109 1028.36596679688 1034.6826171875 1039.52294921875 1036.6611328125 1021.94848632812 1017.81463623047 1016.68817138672 1017.12542724609 1032.91711425781 1031.0341796875 1025.95544433594 1026.21350097656 1012.16357421875 1010.24462890625 1012.32458496094 1011.97528076172 1017.24945068359 1015.05755615234 1020.27996826172 1007.50079345703 1008.10443115234 991.922973632812 991.171325683594 997.382690429688
1005.28540039062 1003.34307861328 1002.27459716797 998.56103515625 1000.90435791016 999.239624023438 1005.30291748047 1007.34442138672 1010.8212890625 1010.33325195312 998.510925292969 1000.46014404297 1004.69317626953 1012.79486083984 1012.88507080078 1017.03765869141 1012.94183349609 1005.17443847656 1011.70867919922 1025.09167480469 1018.88037109375 1022.66394042969 1034.40844726562 1034.85827636719 1038.57434082031 1031.35717773438 1021.37310791016 1013.54229736328 1015.22326660156 1016.09008789062 1020.13452148438 1022.80926513672 1023.982421875 1021.91961669922 1018.54266357422 1018.14599609375 1022.15270996094 1013.80364990234 1014.24645996094 1014.47741699219 1017.66186523438 1010.25091552734 1001.60375976562 1004.36553955078 1004.31750488281 1009.21350097656
999.12109375 1000.23260498047 1002.91705322266 998.006469726562 995.547485351562 1002.88665771484 999.952209472656 1006.57434082031 1012.57641601562 1009.06011962891 1003.36065673828 1002.33410644531 1002.52130126953 1009.50201416016 1010.07305908203 1008.14196777344 1015.36108398438 1010.15295410156 1010.78924560547 1014.79772949219 1016.00073242188 1024.00610351562 1027.17456054688 1026.82006835938 1032.07543945312 1028.31640625 1015.97131347656 1006.10424804688 1006.64282226562 1005.33203125 1012.55395507812 1017.21722412109 1021.44348144531 1027.31811523438 1021.36236572266 1016.26733398438 1025.13842773438 1016.51135253906 1018.33306884766 1009.97711181641 1015.20520019531 1014.69738769531 1012.29541015625 1004.09912109375 1006.17010498047 1012.7412109375
994.477416992188 992.029479980469 991.456909179688 995.945861816406 997.115051269531 1000.62298583984 1002.70080566406 1012.68542480469 1004.10443115234 1007.25085449219 1003.72064208984 1003.65002441406 1002.189453125 997.166381835938 1002.17144775391 1014.44464111328 1014.76708984375 1012.63000488281 1018.54821777344 1017.42828369141 1029.12719726562 1025.013671875 1022.64373779297 1023.99591064453 1026.30529785156 1021.30053710938 1013.4169921875 1009.09191894531 1006.34436035156 1009.03326416016 1012.52191162109 1018.99951171875 1015.53070068359 1019.57836914062 1019.11920166016 1013.54913330078 1019.95831298828 1022.05187988281 1014.01928710938 1010.14434814453 1015.70104980469 1012.02258300781 1014.43701171875 1015.02014160156 1010.74676513672 1007.45135498047
996.403198242188 994.756164550781 992.119018554688 990.270263671875 1002.13214111328 1004.36706542969 998.964050292969 1002.21636962891 1005.33679199219 989.161804199219 994.711853027344 999.988525390625 997.952819824219 995.981140136719 1001.99157714844 1011.86181640625 1007.25286865234 1014.71301269531 1022.65753173828 1022.07348632812 1025.50524902344 1022.71844482422 1027.40368652344 1025.92163085938 1027.04821777344 1018.51354980469 1008.49822998047 1001.35290527344 1003.52191162109 998.0068359375 1006.17346191406 1017.15606689453 1007.18206787109 1021.57733154297 1029.92407226562 1025.77221679688 1022.78338623047 1027.66442871094 1016.87475585938 1012.14617919922 1011.27947998047 1012.11291503906 1008.50439453125 1016.72497558594 1010.87390136719 1008.43347167969
997.253784179688 993.819030761719 997.032958984375 996.703735351562 995.212463378906 995.758483886719 997.724426269531 995.053588867188 996.276123046875 989.114318847656 983.709655761719 991.262756347656 990.456237792969 996.981079101562 996.400634765625 1001.09161376953 1002.11639404297 1008.30426025391 1008.39453125 1013.59478759766 1022.09765625 1029.08264160156 1020.00921630859 1019.06518554688 1020.36444091797 1011.6953125 1007.42706298828 1003.33807373047 1008.41516113281 998.779846191406 1003.26470947266 1020.04119873047 1014.77630615234 1013.53857421875 1020.78619384766 1022.70971679688 1022.8095703125 1025.46044921875 1021.04571533203 1008.88226318359 1006.52593994141 1008.61566162109 1010.51861572266 1010.68011474609 1011.32098388672 1012.70184326172
1004.56677246094 1002.4072265625 998.989379882812 1002.55938720703 1008.39593505859 997.100830078125 996.452270507812 997.6904296875 997.875793457031 995.385192871094 997.963134765625 993.824096679688 991.447387695312 997.983276367188 1002.01171875 1001.03070068359 1003.37390136719 1001.28845214844 1004.15765380859 1015.37774658203 1028.62683105469 1023.72515869141 1017.30364990234 1013.48004150391 1008.73956298828 1002.09747314453 1008.03387451172 1002.03686523438 1002.03845214844 998.343627929688 1012.32177734375 1023.50756835938 1016.92755126953 1023.24017333984 1024.14025878906 1017.69903564453 1020.65563964844 1030.4013671875 1023.400390625 1017.595703125 1010.57556152344 1008.77020263672 1009.34869384766 1005.12890625 1010.69018554688 1012.48175048828
1004.12451171875 1001.01135253906 994.332885742188 995.8544921875 996.018737792969 993.326904296875 992.546875 992.768493652344 995.855102539062 994.445739746094 990.294372558594 983.72021484375 981.917358398438 991.971740722656 997.154602050781 996.314575195312 993.437744140625 994.274047851562 1000.50500488281 1018.04223632812 1017.06567382812 1015.53265380859 1011.076171875 1010.98413085938 997.728637695312 992.979675292969 991.690246582031 996.353210449219 1001.44592285156 1008.30859375 1013.06188964844 1023.83624267578 1019.3154296875 1017.95880126953 1016.3369140625 1023.91668701172 1018.63031005859 1029.92785644531 1027.11547851562 1012.56945800781 1011.70959472656 1012.5634765625 1019.31695556641 1013.07073974609 1016.06420898438 1018.57391357422
990.335144042969 995.4794921875 992.237731933594 987.525268554688 989.999877929688 986.596801757812 994.088745117188 996.294128417969 992.62841796875 991.908569335938 989.2578125 976.401123046875 981.024597167969 985.516235351562 989.943420410156 996.078430175781 997.825073242188 996.131652832031 997.9423828125 1010.24816894531 1005.49102783203 1009.05895996094 999.764404296875 1008.46618652344 996.814697265625 992.458068847656 995.673950195312 989.30712890625 994.3134765625 999.992553710938 1012.68670654297 1020.62255859375 1029.076171875 1027.58447265625 1019.43560791016 1028.29638671875 1020.91131591797 1024.92114257812 1030.87634277344 1023.49627685547 1025.58801269531 1021.44366455078 1021.23638916016 1020.76519775391 1007.62145996094 1015.41528320312
990.812377929688 1000.70159912109 991.026794433594 987.467468261719 982.783081054688 985.963256835938 994.585754394531 994.30322265625 995.164184570312 995.393310546875 991.0517578125 987.401306152344 985.759643554688 981.557922363281 980.059692382812 988.90576171875 989.172668457031 992.822143554688 996.469543457031 1002.54504394531 1006.18664550781 1003.94805908203 999.722839355469 1002.05017089844 995.19384765625 987.720581054688 984.554138183594 993.997680664062 1003.68640136719 1006.18383789062 1008.51312255859 1021.60546875 1034.35021972656 1027.70239257812 1015.03686523438 1026.19348144531 1030.095703125 1029.34020996094 1034.40881347656 1033.92395019531 1038.27453613281 1028.42407226562 1025.96643066406 1023.63092041016 1015.28686523438 1013.88659667969
995.771545410156 992.423400878906 990.31298828125 987.517333984375 984.677734375 980.988891601562 984.292663574219 989.738220214844 996.224731445312 994.359313964844 992.276977539062 983.746032714844 980.215270996094 971.315063476562 974.663330078125 983.621398925781 990.529296875 996.505981445312 991.357849121094 1003.87414550781 1003.35455322266 1001.98675537109 998.6494140625 990.799072265625 994.818115234375 993.734252929688 991.943542480469 993.8291015625 1003.53625488281 1016.51690673828 1011.24438476562 1020.25421142578 1029.71472167969 1024.87622070312 1026.44360351562 1034.04052734375 1040.82543945312 1035.18395996094 1036.67663574219 1046.42700195312 1042.28759765625 1036.537109375 1031.09912109375 1022.67663574219 1015.06469726562 1015.57080078125
989.342407226562 989.795349121094 987.526611328125 984.856323242188 979.869689941406 978.692687988281 982.115539550781 991.11767578125 995.158935546875 991.731506347656 989.315368652344 983.636352539062 970.451416015625 968.945129394531 979.315368652344 982.918579101562 980.110717773438 990.818969726562 993.714233398438 992.308654785156 1002.18121337891 1000.33306884766 990.243408203125 984.669860839844 988.666564941406 993.586669921875 997.867492675781 1003.14672851562 1005.62561035156 1009.95843505859 1008.09497070312 1019.64398193359 1029.42224121094 1034.74377441406 1031.56127929688 1040.07556152344 1044.61767578125 1040.70434570312 1045.39672851562 1040.54223632812 1039.43041992188 1040.8095703125 1037.75109863281 1033.52648925781 1022.16284179688 1024.79089355469
986.779541015625 983.984497070312 975.302734375 979.842712402344 982.963989257812 979.291625976562 973.274169921875 983.114379882812 982.689392089844 985.393737792969 983.130432128906 970.283874511719 961.334533691406 971.216491699219 972.923950195312 984.471618652344 982.741455078125 988.362548828125 997.656311035156 999.802062988281 1007.18273925781 994.299682617188 991.312072753906 1001.71417236328 1001.37628173828 1005.71160888672 1009.52734375 1013.88482666016 1010.39404296875 1005.66070556641 1019.18646240234 1021.09393310547 1032.02062988281 1032.35339355469 1035.01477050781 1035.95495605469 1045.98718261719 1045.28662109375 1041.78161621094 1038.41870117188 1041.20166015625 1047.79858398438 1042.61682128906 1029.92834472656 1025.62829589844 1017.52880859375
980.903137207031 981.367248535156 969.438049316406 971.754638671875 980.858642578125 990.793090820312 981.395812988281 987.424133300781 986.181335449219 992.136779785156 980.834838867188 970.402648925781 964.092407226562 960.231750488281 967.379943847656 976.270385742188 979.497314453125 986.606384277344 991.020874023438 1001.97058105469 1002.00817871094 999.553527832031 997.368530273438 1001.23828125 992.218688964844 1009.93975830078 1015.37561035156 1020.77691650391 1013.18786621094 1006.93023681641 1015.32373046875 1028.1630859375 1031.33459472656 1030.1611328125 1029.54650878906 1037.46826171875 1041.13513183594 1036.56591796875 1037.49353027344 1038.67761230469 1043.71594238281 1044.38940429688 1048.48706054688 1039.57263183594 1028.88134765625 1022.95935058594
967.578796386719 979.867553710938 978.579040527344 975.260803222656 978.481262207031 987.666564941406 985.61328125 981.771057128906 982.970642089844 979.056884765625 974.804992675781 961.418273925781 963.389526367188 959.521667480469 957.700866699219 964.503723144531 974.145629882812 976.882751464844 977.535888671875 987.937133789062 995.327270507812 993.997314453125 979.753356933594 991.03173828125 995.681091308594 1002.63775634766 1009.96502685547 1015.20147705078 1009.00769042969 1009.57830810547 1012.27722167969 1024.0908203125 1024.46020507812 1023.93243408203 1034.88623046875 1034.83117675781 1034.46423339844 1038.61657714844 1027.15185546875 1028.11975097656 1040.98999023438 1040.75280761719 1042.4814453125 1036.88061523438 1030.13989257812 1020.86505126953
971.800109863281 974.621398925781 974.436157226562 965.264770507812 971.313232421875 981.415466308594 974.048645019531 971.548217773438 978.103515625 973.185485839844 981.516174316406 965.365905761719 961.552490234375 959.806335449219 961.649841308594 969.524536132812 961.697509765625 969.596313476562 977.995178222656 981.908020019531 983.42529296875 980.947937011719 983.635803222656 981.456176757812 995.656921386719 994.898986816406 1012.23968505859 1020.85015869141 1007.80993652344 1006.78662109375 1008.15747070312 1019.00817871094 1016.08172607422 1016.67724609375 1022.02838134766 1022.53833007812 1029.31713867188 1023.21429443359 1027.47668457031 1023.99633789062 1023.06011962891 1040.16870117188 1036.759765625 1033.91381835938 1027.09790039062 1017.98199462891
