data/zlatibor_dem_simulations/DEMsim70 (1).asc
NCOLS 150
NROWS 100
XLLCORNER 7394249
YLLCORNER 4841999
CELLSIZE 30
NODATA_VALUE -9999
[rows 20 to 39 of 100, columns 92 to 137 of 150]
1006.94299316406 1014.51861572266 1009.93475341797 1012.27062988281 1016.75738525391 1004.04962158203 1010.59008789062 1005.16284179688 1004.71008300781 996.29638671875 986.895202636719 981.171936035156 986.478576660156 984.754211425781 990.217224121094 985.072326660156 983.509948730469 968.078857421875 967.070556640625 965.778198242188 957.800109863281 943.521789550781 937.19140625 940.465026855469 936.711547851562 942.028381347656 943.29541015625 956.949829101562 959.210388183594 961.035339355469 968.496520996094 976.69287109375 988.277465820312 995.884582519531 1004.71539306641 1011.0703125 1024.29357910156 1024.90490722656 1025.24609375 1042.95727539062 1032.62902832031 1037.48596191406 1036.61145019531 1050.79858398438 1053.14575195312 1065.54174804688
1018.88470458984 1015.05847167969 1018.751953125 1026.78161621094 1023.57916259766 1008.41918945312 1013.88500976562 1009.1904296875 998.335327148438 990.351379394531 994.924865722656 994.535278320312 988.765747070312 991.764099121094 991.218627929688 987.310913085938 975.110961914062 973.570190429688 970.741149902344 962.548034667969 970.735717773438 958.820007324219 944.85693359375 942.489318847656 937.703430175781 950.684753417969 955.1806640625 959.771667480469 966.871215820312 973.695251464844 971.760437011719 982.864196777344 989.218200683594 1005.07019042969 1004.76647949219 1019.083984375 1030.25 1030.26391601562 1036.42065429688 1049.4072265625 1040.63598632812 1048.30712890625 1043.75622558594 1043.15258789062 1048.01708984375 1052.58081054688
1026.13891601562 1019.18688964844 1023.77203369141 1025.97814941406 1013.69561767578 1011.87194824219 1010.27899169922 1007.40246582031 1004.97174072266 1006.89190673828 997.94677734375 996.74951171875 991.350341796875 997.423828125 991.486206054688 987.779846191406 971.763732910156 975.010803222656 965.707580566406 965.875793457031 966.02197265625 962.143920898438 952.520141601562 948.412292480469 949.409057617188 949.844665527344 952.252563476562 962.920532226562 971.699584960938 982.268737792969 986.667236328125 995.904174804688 1001.30474853516 1017.62194824219 1023.38006591797 1025.88427734375 1031.21557617188 1036.79125976562 1034.439453125 1039.15905761719 1037.30114746094 1046.00207519531 1045.61193847656 1038.97216796875 1053.53051757812 1061.58056640625
1024.47619628906 1015.82623291016 1013.31097412109 1013.90350341797 1011.1318359375 1014.46502685547 1012.80194091797 1013.42065429688 1012.77288818359 1011.93823242188 1009.97088623047 995.631896972656 998.9765625 1012.75756835938 1009.1015625 997.021911621094 988.332275390625 971.071533203125 962.353454589844 960.988586425781 958.304992675781 956.019653320312 952.306762695312 950.983642578125 951.557312011719 954.0703125 962.420166015625 976.0244140625 980.263305664062 990.375915527344 1002.81182861328 1005.70916748047 1001.97131347656 1018.30035400391 1032.56860351562 1035.19348144531 1036.69470214844 1041.20324707031 1040.75793457031 1047.50036621094 1047.5703125 1052.84606933594 1045.13049316406 1045.58959960938 1053.63098144531 1058.80981445312
1019.12438964844 1025.93493652344 1023.16790771484 1019.45965576172 1018.025390625 1018.17559814453 1015.84527587891 1013.3330078125 1010.92340087891 1002.939453125 1004.95074462891 1012.12878417969 1011.00109863281 1013.39080810547 1009.85284423828 996.54345703125 986.982360839844 971.447509765625 965.3359375 955.558471679688 947.916809082031 954.492309570312 953.472351074219 946.481506347656 953.49462890625 956.931335449219 969.661315917969 993.368713378906 995.134094238281 999.168762207031 1004.09094238281 1019.81896972656 1006.37103271484 1019.25646972656 1034.11059570312 1040.53381347656 1045.60705566406 1046.76477050781 1045.60925292969 1043.98937988281 1047.55639648438 1047.32751464844 1045.04760742188 1048.79431152344 1050.62524414062 1059.02612304688
1021.90423583984 1029.53063964844 1029.06591796875 1030.78442382812 1021.46417236328 1023.22662353516 1008.90264892578 1011.38580322266 1002.14367675781 997.882568359375 1004.68756103516 1004.30767822266 1008.38153076172 1005.10314941406 1001.64691162109 1003.35876464844 993.355407714844 978.9892578125 970.744201660156 959.153625488281 955.580505371094 946.786010742188 944.241394042969 953.316467285156 960.7763671875 962.144653320312 979.855834960938 998.098815917969 1006.66778564453 1003.35681152344 1012.73425292969 1012.29577636719 1017.7529296875 1023.36590576172 1039.33276367188 1030.57006835938 1042.5546875 1054.79833984375 1051.26391601562 1050.76330566406 1046.08227539062 1050.37487792969 1052.63415527344 1060.64233398438 1055.15478515625 1059.07958984375
1014.90417480469 1023.56359863281 1027.58532714844 1024.30090332031 1028.86987304688 1020.15686035156 1012.30499267578 1012.71539306641 1005.57183837891 991.3916015625 997.991516113281 1007.61193847656 1014.37170410156 1002.61120605469 1006.10089111328 1010.11535644531 990.177429199219 968.062561035156 960.546142578125 955.651245117188 950.945068359375 948.395446777344 939.742858886719 950.404479980469 960.811828613281 977.098815917969 987.369384765625 1005.2001953125 1008.87951660156 1011.97521972656 1021.32684326172 1017.08892822266 1022.46636962891 1029.13903808594 1032.04760742188 1031.22644042969 1036.94409179688 1049.43249511719 1050.36193847656 1052.90612792969 1048.04663085938 1056.48071289062 1051.19885253906 1067.89782714844 1067.91528320312 1061.74328613281
1019.83782958984 1021.65216064453 1028.44653320312 1024.30090332031 1022.14086914062 1015.65899658203 1015.60656738281 1008.55328369141 1005.50604248047 1003.64270019531 1007.84857177734 1005.265625 1004.54705810547 1002.91027832031 1009.12817382812 1001.09149169922 991.424560546875 972.676940917969 956.741394042969 952.084289550781 943.717956542969 943.640808105469 938.914916992188 950.270568847656 963.149841308594 980.3388671875 984.786987304688 1002.75561523438 1001.02105712891 1007.92346191406 1024.11096191406 1019.24359130859 1030.40759277344 1030.1474609375 1035.86547851562 1034.61071777344 1037.24426269531 1045.88586425781 1056.25952148438 1056.80981445312 1049.9990234375 1054.06750488281 1054.76208496094 1059.73217773438 1060.81774902344 1067.8544921875
1014.67138671875 1023.15087890625 1019.97137451172 1019.07775878906 1021.38836669922 1022.01678466797 1021.46990966797 1008.91192626953 1003.16815185547 1000.84484863281 1006.26928710938 1005.44482421875 1008.45233154297 1000.16516113281 1004.54779052734 999.436340332031 984.16259765625 968.847839355469 960.446594238281 952.170532226562 944.99267578125 939.721984863281 943.011413574219 951.242126464844 960.612060546875 971.766235351562 978.878845214844 995.959167480469 1001.50677490234 1011.32257080078 1023.54797363281 1022.32312011719 1028.24157714844 1030.75402832031 1030.16040039062 1033.43334960938 1039.94311523438 1043.77392578125 1049.44750976562 1051.5078125 1052.85754394531 1053.40942382812 1045.36010742188 1056.07861328125 1055.8232421875 1063.27453613281
1013.38397216797 1020.7626953125 1014.40130615234 1013.84234619141 1016.92413330078 1013.49755859375 1008.27239990234 1008.70617675781 1005.36926269531 1009.09906005859 1001.31573486328 1007.90405273438 999.815734863281 998.885375976562 998.224182128906 988.073486328125 981.791442871094 974.908935546875 957.71630859375 952.597412109375 951.523193359375 946.539428710938 943.399658203125 947.216430664062 961.160034179688 971.173217773438 984.241027832031 992.840637207031 994.932006835938 1012.75012207031 1024.76049804688 1024.21435546875 1021.62274169922 1027.84387207031 1033.73449707031 1032.62512207031 1035.86511230469 1049.20959472656 1041.80725097656 1043.4443359375 1045.76440429688 1035.93212890625 1041.98620605469 1044.30126953125 1044.07983398438 1050.88830566406
1010.57299804688 1016.08489990234 1012.66064453125 1008.6572265625 1007.33764648438 1002.85400390625 1006.23095703125 1012.33795166016 1006.58465576172 998.870056152344 1004.30200195312 1005.55694580078 1004.10211181641 997.121276855469 994.608825683594 989.31103515625 978.876647949219 975.576293945312 967.755310058594 955.200988769531 951.013671875 947.353332519531 952.5244140625 955.455749511719 960.435180664062 980.072814941406 985.100280761719 996.898010253906 998.136047363281 1004.90240478516 1014.86004638672 1020.75415039062 1028.82116699219 1026.30895996094 1018.31768798828 1012.56097412109 1031.17907714844 1042.99035644531 1035.5859375 1032.45849609375 1027.53942871094 1026.99597167969 1025.43444824219 1029.58837890625 1040.64733886719 1044.1572265625
1008.16021728516 1010.38507080078 1013.13439941406 1008.41510009766 1004.33648681641 1006.13397216797 1005.03826904297 1007.28070068359 1010.62744140625 1009.43341064453 1005.01885986328 1010.02447509766 1004.48358154297 1004.65991210938 997.288696289062 990.143432617188 984.721557617188 973.218688964844 963.911376953125 957.436096191406 959.626831054688 949.099609375 955.778869628906 957.57861328125 962.274108886719 982.676513671875 988.53466796875 999.120910644531 997.249145507812 993.019287109375 1007.21447753906 1012.87298583984 1023.18701171875 1025.69104003906 1020.59893798828 1021.03369140625 1023.45953369141 1030.86376953125 1030.07495117188 1031.34362792969 1023.10992431641 1021.71234130859 1016.10736083984 1020.68939208984 1026.05981445312 1032.66528320312
1000.53479003906 1009.99066162109 1014.53967285156 1012.40307617188 1003.74816894531 1007.54180908203 1008.59661865234 1008.14050292969 1007.83728027344 1006.73974609375 1004.44274902344 1004.5947265625 1011.79473876953 1004.90704345703 997.085266113281 992.386169433594 987.588195800781 977.258422851562 970.193725585938 967.604431152344 962.780639648438 960.276306152344 954.468933105469 958.650939941406 970.331787109375 984.675048828125 989.951293945312 1002.15118408203 998.186462402344 1000.15905761719 1013.03930664062 1014.02722167969 1027.30151367188 1025.23962402344 1029.20886230469 1016.90936279297 1016.88275146484 1016.82354736328 1019.17980957031 1016.40759277344 1012.57342529297 1012.4453125 1017.11431884766 1021.51037597656 1021.72137451172 1032.13891601562
1004.4755859375 1015.08843994141 1015.15783691406 1013.09674072266 1010.01867675781 1005.12231445312 1006.91320800781 1002.10217285156 1002.98681640625 1002.28527832031 1011.77331542969 1003.96704101562 999.741821289062 993.253051757812 993.740051269531 993.025390625 991.716674804688 983.405639648438 977.158264160156 972.367309570312 968.111511230469 969.787231445312 970.039306640625 963.77587890625 970.049621582031 978.430969238281 993.799133300781 999.332214355469 1005.70666503906 1012.10192871094 1024.373046875 1023.98046875 1016.74633789062 1028.11657714844 1020.51214599609 1019.90496826172 1014.59039306641 1015.13110351562 1013.21118164062 1010.50592041016 1006.87890625 1004.87829589844 1011.64282226562 1019.97369384766 1022.3896484375 1037.27807617188
997.462707519531 1010.54815673828 1012.45556640625 1008.46905517578 1003.23205566406 1003.95379638672 1004.23309326172 997.636657714844 1003.60803222656 1003.14666748047 1003.48693847656 1003.14129638672 995.913879394531 996.327819824219 999.963500976562 1001.14752197266 994.806457519531 987.710327148438 972.577392578125 978.697204589844 980.473754882812 978.748413085938 982.039123535156 977.189697265625 984.048400878906 993.338012695312 996.160949707031 1009.88256835938 1004.85162353516 1021.42803955078 1021.26135253906 1014.67095947266 1012.76812744141 1016.82000732422 1020.11566162109 1017.36010742188 1012.69580078125 1015.81988525391 1011.80523681641 1011.61401367188 1000.49993896484 1011.31909179688 1017.21655273438 1025.08520507812 1032.46179199219 1043.75646972656
990.805053710938 1006.66729736328 1010.44104003906 1005.29083251953 1000.95709228516 999.028198242188 1008.0205078125 1000.33178710938 998.583435058594 998.968872070312 996.542358398438 993.470764160156 987.928405761719 1002.00823974609 996.361145019531 994.295104980469 995.649597167969 986.927856445312 991.947570800781 983.806213378906 986.885437011719 988.55908203125 986.521301269531 977.564392089844 977.259704589844 990.193603515625 999.778381347656 996.333374023438 1001.45257568359 1009.46514892578 1015.09954833984 1015.42095947266 1013.64324951172 1012.23114013672 1014.37017822266 1016.25225830078 1010.67669677734 1010.49432373047 1012.8359375 1004.05328369141 1004.14117431641 1012.98004150391 1021.47698974609 1027.96142578125 1035.54858398438 1049.88952636719
997.444213867188 1000.79113769531 1000.73071289062 1004.76525878906 1002.88067626953 1004.96911621094 1003.85565185547 1006.04107666016 1004.85650634766 1000.10021972656 999.771057128906 993.838256835938 993.4326171875 992.948425292969 992.613891601562 1001.26580810547 995.72021484375 998.435974121094 988.918273925781 991.001220703125 992.060852050781 991.421875 986.354064941406 984.692687988281 980.621948242188 991.809326171875 1002.49371337891 1002.11743164062 1003.81896972656 1003.98156738281 1001.12823486328 1013.76837158203 1016.30499267578 1003.45379638672 1015.46179199219 1014.14361572266 1014.29284667969 1006.66937255859 1007.67211914062 1008.67584228516 1008.71673583984 1020.81994628906 1023.84240722656 1037.37976074219 1037.60754394531 1055.09387207031
995.365417480469 1000.20123291016 1000.39141845703 1001.5517578125 998.394104003906 995.138122558594 992.841003417969 986.191711425781 995.509338378906 999.834838867188 998.786926269531 995.45263671875 1001.76763916016 995.530822753906 994.495178222656 999.530639648438 996.506225585938 986.546447753906 991.290954589844 996.176818847656 997.332397460938 993.617370605469 992.039184570312 987.309509277344 977.37353515625 989.512573242188 999.034545898438 1005.28204345703 1003.35131835938 998.739990234375 999.849182128906 1005.13293457031 1001.87426757812 999.107299804688 1010.06475830078 1015.93896484375 1018.04022216797 1020.33160400391 1016.55352783203 1017.47448730469 1022.25982666016 1025.97521972656 1030.85546875 1037.60888671875 1049.02575683594 1066.71875
993.1201171875 1003.234375 996.7265625 999.352355957031 998.855041503906 990.736267089844 982.899108886719 989.244567871094 993.147583007812 994.710815429688 989.249816894531 996.818786621094 1001.81707763672 1002.82666015625 1007.17053222656 1003.3388671875 997.125793457031 994.802429199219 992.008178710938 992.550598144531 999.424072265625 998.162658691406 1000.01220703125 991.367431640625 988.610290527344 988.778442382812 998.785339355469 999.056213378906 1000.31384277344 988.68115234375 993.790832519531 1000.39514160156 993.621398925781 999.950744628906 1006.4765625 1013.73797607422 1014.50732421875 1024.87365722656 1027.27233886719 1028.66735839844 1019.30413818359 1020.27746582031 1032.30883789062 1037.32080078125 1045.607421875 1065.31982421875
990.035461425781 996.302062988281 1000.42150878906 1007.35174560547 1001.10015869141 998.308166503906 982.518859863281 988.040222167969 982.949340820312 981.874633789062 985.854370117188 995.454772949219 993.233825683594 987.974243164062 1003.36547851562 1000.85095214844 991.59716796875 996.549560546875 996.400939941406 997.289245605469 1003.73681640625 1001.55120849609 1003.95068359375 996.985961914062 994.658630371094 993.020141601562 996.454345703125 994.126281738281 993.686889648438 995.881042480469 996.521789550781 1003.19805908203 1002.23364257812 1006.04986572266 1012.18536376953 1017.44213867188 1019.36358642578 1022.61975097656 1020.72088623047 1027.40588378906 1020.24334716797 1020.96026611328 1031.140625 1042.74401855469 1047.75805664062 1058.27685546875
