data/zlatibor_dem_simulations/DEMsim79 (1).asc
NCOLS 150
NROWS 100
XLLCORNER 7394249
YLLCORNER 4841999
CELLSIZE 30
NODATA_VALUE -9999
[rows 40 to 59 of 100, columns 0 to 45 of 150]
951.552551269531 943.475158691406 944.920837402344 960.360046386719 955.724975585938 961.659362792969 960.350891113281 966.390563964844 966.312316894531 965.552734375 960.403564453125 972.2861328125 973.47216796875 972.122436523438 969.827209472656 974.780029296875 979.659729003906 979.354370117188 982.600830078125 990.17724609375 982.648620605469 983.064758300781 979.155517578125 980.820495605469 979.237182617188 970.173706054688 971.884521484375 973.285461425781 966.405578613281 970.54345703125 978.235412597656 982.200378417969 977.919494628906 979.362609863281 978.860900878906 976.283935546875 978.389465332031 984.0166015625 983.622863769531 974.302368164062 967.906860351562 962.347351074219 969.076110839844 979.020446777344 973.213684082031 978.164733886719
955.034729003906 950.233337402344 957.75146484375 960.869873046875 957.400329589844 961.249694824219 953.789367675781 956.594543457031 962.209289550781 959.79443359375 957.709655761719 969.376220703125 977.112854003906 975.749267578125 975.424743652344 976.183776855469 981.839660644531 983.855041503906 976.498901367188 975.454650878906 973.183349609375 970.128540039062 971.924072265625 975.485900878906 972.383117675781 968.599365234375 975.238403320312 972.403564453125 964.569885253906 971.084777832031 985.132263183594 976.606689453125 969.311706542969 973.220092773438 976.3212890625 975.809448242188 971.063232421875 974.800476074219 981.7802734375 983.352600097656 966.861694335938 963.526733398438 963.846618652344 964.687438964844 961.612731933594 971.719604492188
945.975708007812 954.381042480469 953.659851074219 957.23193359375 951.653137207031 953.722717285156 960.578369140625 961.695007324219 957.112548828125 957.783325195312 959.584777832031 964.819458007812 970.763305664062 970.531188964844 968.570129394531 975.112426757812 980.193115234375 988.827026367188 983.860473632812 975.846740722656 966.909606933594 961.731079101562 967.890380859375 971.305725097656 976.317077636719 967.082214355469 975.31298828125 963.623596191406 962.583618164062 966.986938476562 977.698608398438 978.632873535156 970.808898925781 968.327331542969 966.236755371094 973.398620605469 971.013000488281 969.995727539062 979.761108398438 977.678588867188 965.852233886719 970.39306640625 972.614685058594 975.333923339844 973.20849609375 974.004821777344
947.315063476562 954.100219726562 952.339782714844 948.306274414062 951.303283691406 956.056396484375 960.718322753906 959.932250976562 969.151916503906 967.423583984375 968.131958007812 968.185119628906 971.560241699219 971.633544921875 963.911376953125 966.510192871094 971.966918945312 982.94970703125 982.277221679688 968.855529785156 965.504638671875 961.423461914062 960.909790039062 968.076782226562 965.763122558594 966.399047851562 972.268737792969 964.021179199219 972.614624023438 971.91748046875 977.202087402344 978.057006835938 977.78759765625 977.12109375 966.072448730469 963.283874511719 972.4052734375 970.888427734375 973.929565429688 977.892883300781 968.711486816406 967.957397460938 964.274780273438 965.240539550781 969.568908691406 971.085021972656
947.7783203125 955.174865722656 954.499816894531 952.608825683594 956.854125976562 957.070007324219 960.253295898438 962.676574707031 964.881591796875 960.133117675781 962.839782714844 968.370727539062 969.034057617188 959.795593261719 966.367919921875 967.551574707031 977.192749023438 972.851135253906 968.044311523438 968.993774414062 962.100463867188 959.222045898438 959.38525390625 968.731262207031 965.01513671875 976.106262207031 970.274597167969 954.8583984375 964.419372558594 971.412902832031 979.799865722656 988.512634277344 976.463317871094 970.7001953125 970.459167480469 967.191223144531 974.498474121094 974.727416992188 974.120178222656 976.940063476562 971.180358886719 966.08837890625 959.597290039062 959.062683105469 967.63525390625 964.203369140625
947.050720214844 949.040466308594 953.620544433594 959.9375 953.713928222656 955.593017578125 960.156677246094 966.562927246094 965.1025390625 963.324157714844 960.804077148438 964.616149902344 962.127807617188 963.866821289062 967.845947265625 969.212768554688 975.629089355469 979.750427246094 978.979370117188 970.475708007812 969.75537109375 963.634216308594 968.039672851562 965.435974121094 964.236389160156 968.462280273438 965.1611328125 964.712280273438 962.806274414062 966.511779785156 975.190124511719 986.092346191406 978.904174804688 972.225219726562 973.104187011719 970.753967285156 974.005432128906 972.463256835938 983.20654296875 969.5517578125 964.161743164062 954.218139648438 952.032348632812 955.937438964844 961.2392578125 962.606506347656
947.807434082031 944.864562988281 954.658935546875 956.622192382812 961.933776855469 960.984680175781 967.628662109375 957.966247558594 967.708923339844 957.372924804688 965.815551757812 967.475891113281 970.099609375 979.617614746094 974.3935546875 972.487670898438 975.602722167969 983.219787597656 984.225402832031 976.701599121094 975.236206054688 970.117858886719 962.758361816406 961.252685546875 962.809631347656 966.475830078125 968.42138671875 962.9189453125 967.583618164062 975.366943359375 980.807373046875 973.279968261719 970.672180175781 977.926025390625 974.960388183594 965.932373046875 967.209106445312 972.308044433594 970.993774414062 960.745910644531 960.733947753906 961.734802246094 958.455322265625 959.44580078125 960.868103027344 961.704406738281
951.611938476562 948.435485839844 950.153747558594 952.949645996094 956.033020019531 962.205139160156 965.525390625 963.655883789062 968.675048828125 965.597595214844 970.484252929688 976.896179199219 987.894348144531 980.565063476562 973.392700195312 979.6748046875 981.390014648438 989.148071289062 980.210205078125 969.259399414062 967.406311035156 963.42333984375 958.5244140625 963.035827636719 962.885192871094 966.74951171875 964.928771972656 968.352233886719 966.283020019531 966.803466796875 964.255004882812 962.046508789062 968.276184082031 967.506103515625 979.812255859375 970.28173828125 964.480590820312 963.349365234375 959.969787597656 962.464294433594 961.187561035156 973.666931152344 964.744934082031 963.334350585938 966.994079589844 965.893798828125
952.227600097656 946.4423828125 955.502685546875 963.666076660156 958.608581542969 962.986206054688 963.074340820312 971.077514648438 976.215942382812 970.941955566406 965.586486816406 972.800598144531 978.315673828125 979.940124511719 966.810607910156 966.684143066406 977.342346191406 977.675109863281 975.525512695312 966.950622558594 962.160400390625 958.259826660156 963.882080078125 964.967956542969 965.668212890625 968.679870605469 965.599060058594 961.122985839844 966.165771484375 964.135498046875 969.321044921875 968.47900390625 968.247253417969 973.276794433594 972.550109863281 969.909606933594 961.315063476562 953.935485839844 959.95556640625 965.102966308594 962.2568359375 968.341857910156 962.280212402344 962.419250488281 966.267150878906 965.689514160156
952.789306640625 954.14892578125 960.765380859375 966.320922851562 956.614990234375 967.630676269531 973.588928222656 969.264770507812 980.944519042969 969.158020019531 969.052856445312 967.524169921875 976.853820800781 977.404724121094 969.86865234375 973.667358398438 973.730712890625 976.177673339844 973.203857421875 956.963806152344 953.94091796875 949.092102050781 956.943359375 970.431518554688 969.497131347656 964.724975585938 966.158752441406 968.026733398438 962.475952148438 970.679504394531 967.562133789062 969.182006835938 973.227355957031 970.164489746094 967.7568359375 961.57666015625 959.859680175781 960.567260742188 962.500732421875 961.442077636719 964.899963378906 963.529907226562 963.32275390625 955.172241210938 961.448181152344 972.378112792969
961.36767578125 959.157104492188 958.62353515625 960.9189453125 960.93701171875 965.760681152344 973.325134277344 972.446105957031 969.442138671875 968.382751464844 969.479370117188 970.160339355469 983.529907226562 972.983276367188 976.392578125 978.708923339844 975.115417480469 969.359252929688 963.036865234375 960.889709472656 953.189086914062 953.074645996094 958.452026367188 961.952209472656 964.541259765625 971.657775878906 966.312072753906 957.809143066406 968.124755859375 970.047546386719 973.37060546875 975.74560546875 978.725952148438 980.337341308594 977.196960449219 962.087829589844 962.351196289062 962.72900390625 961.243408203125 956.477172851562 957.023803710938 960.083190917969 960.80712890625 959.035217285156 957.027465820312 964.1513671875
964.846008300781 964.321350097656 959.389465332031 967.745910644531 964.717590332031 966.859558105469 977.465270996094 979.60888671875 973.898071289062 963.283386230469 959.018432617188 975.941528320312 973.960571289062 975.320861816406 978.192321777344 980.924011230469 982.542785644531 971.367309570312 967.358215332031 967.211364746094 960.942565917969 958.414794921875 954.224609375 963.782165527344 972.360168457031 967.9677734375 956.830017089844 961.703796386719 974.56005859375 975.409973144531 975.231201171875 971.320556640625 974.160400390625 968.885009765625 971.3291015625 966.013549804688 973.164611816406 970.999694824219 962.262023925781 958.195434570312 955.298522949219 956.97607421875 959.942749023438 963.417053222656 971.944641113281 965.703735351562
963.338317871094 963.282958984375 970.383728027344 970.810424804688 965.018249511719 974.054138183594 971.058837890625 972.372741699219 965.959350585938 964.2880859375 973.182434082031 972.832214355469 975.284851074219 978.664001464844 975.8115234375 981.520690917969 976.857971191406 979.905395507812 968.498718261719 963.021301269531 958.051452636719 961.861022949219 962.481323242188 963.889709472656 962.9765625 967.678039550781 960.406555175781 961.67919921875 969.253295898438 973.8681640625 970.843200683594 968.489196777344 969.289001464844 964.823974609375 973.222900390625 970.188842773438 970.858337402344 960.360168457031 960.679260253906 953.865539550781 953.315490722656 956.141418457031 951.059814453125 957.781433105469 958.544921875 960.223999023438
972.760192871094 971.885131835938 971.105895996094 973.753967285156 974.726623535156 970.091918945312 974.116882324219 963.6962890625 957.069763183594 968.319580078125 971.836059570312 970.747802734375 973.691833496094 973.433044433594 979.346618652344 978.785522460938 972.940856933594 972.441040039062 960.948852539062 961.020202636719 961.431213378906 958.759033203125 961.230773925781 970.567321777344 970.761474609375 974.891540527344 959.400207519531 959.965576171875 958.624206542969 971.85302734375 964.025695800781 965.559265136719 971.043884277344 969.398254394531 973.584167480469 963.979919433594 970.378540039062 952.498046875 954.916931152344 950.785949707031 956.567077636719 958.973999023438 959.586120605469 959.784118652344 961.775268554688 961.764587402344
962.183471679688 964.246276855469 972.604858398438 972.445373535156 973.753234863281 966.403503417969 971.405883789062 958.000671386719 961.45263671875 973.111328125 969.88916015625 972.594665527344 971.614501953125 975.573608398438 978.504028320312 982.424438476562 976.381713867188 976.542663574219 966.351318359375 965.000305175781 959.228271484375 962.775085449219 958.812622070312 966.879272460938 968.14990234375 967.627258300781 956.125305175781 950.522094726562 958.90966796875 961.919311523438 960.737121582031 954.095947265625 961.9775390625 955.712585449219 961.900146484375 960.677124023438 959.995849609375 955.1552734375 949.594543457031 954.650756835938 966.917358398438 958.224914550781 956.298522949219 958.588256835938 956.659545898438 959.9970703125
965.081970214844 966.301879882812 970.712524414062 976.745666503906 974.959228515625 971.079345703125 964.845336914062 964.7177734375 959.253479003906 970.130126953125 976.34228515625 971.978332519531 976.620666503906 972.887512207031 975.818176269531 975.177368164062 969.610961914062 976.424438476562 968.608459472656 964.0390625 960.977905273438 958.598205566406 956.535827636719 965.935729980469 961.099548339844 965.651306152344 969.707214355469 964.69677734375 954.185302734375 957.581237792969 957.878784179688 955.742614746094 961.266540527344 962.2333984375 962.592529296875 957.866027832031 958.194030761719 958.859436035156 957.035888671875 959.92041015625 960.551513671875 960.254272460938 958.071716308594 954.752868652344 954.208984375 959.797302246094
969.577087402344 972.918090820312 972.301086425781 971.508483886719 974.146179199219 973.143737792969 975.032836914062 971.683959960938 968.351684570312 967.126159667969 963.8037109375 965.188598632812 965.721862792969 967.106079101562 975.516662597656 973.216552734375 969.336059570312 970.31005859375 967.509582519531 959.975891113281 946.878356933594 949.189208984375 953.191345214844 953.280334472656 959.844177246094 975.85205078125 962.528625488281 960.428344726562 961.555908203125 966.889282226562 958.2314453125 961.176391601562 958.212951660156 956.3330078125 960.934143066406 956.739929199219 959.871154785156 958.2041015625 955.688415527344 964.164489746094 953.232604980469 956.543762207031 958.725036621094 952.990966796875 957.681884765625 961.443542480469
975.527893066406 980.422058105469 974.896728515625 978.038024902344 975.052185058594 976.77685546875 972.506042480469 970.677001953125 974.089050292969 960.418823242188 958.829895019531 956.919067382812 959.846252441406 963.767700195312 967.404174804688 970.496887207031 971.60595703125 968.644653320312 971.085693359375 959.842529296875 952.532653808594 945.122619628906 943.700012207031 946.240600585938 945.698669433594 954.847473144531 950.257568359375 952.042724609375 960.84765625 960.668029785156 955.238403320312 961.233764648438 960.844482421875 957.318176269531 955.048767089844 953.655883789062 953.435668945312 955.995056152344 959.790710449219 955.311157226562 952.578552246094 959.032043457031 955.131408691406 957.405639648438 958.4677734375 955.528076171875
980.114990234375 976.57958984375 975.347717285156 976.013854980469 974.515380859375 971.568420410156 972.544738769531 960.071655273438 964.046203613281 952.727722167969 951.380249023438 960.006225585938 951.44384765625 956.478332519531 968.514709472656 970.568481445312 963.373962402344 966.661804199219 971.251281738281 963.7412109375 957.539245605469 947.315002441406 944.492492675781 942.020568847656 952.942443847656 945.6513671875 940.802551269531 944.84716796875 954.645690917969 960.72705078125 953.435729980469 952.860961914062 958.123291015625 960.324340820312 956.167541503906 955.460327148438 955.227600097656 956.047668457031 952.161865234375 947.872863769531 950.85498046875 952.665649414062 966.300964355469 959.543579101562 953.629272460938 952.149169921875
978.355163574219 981.80908203125 984.655822753906 974.255004882812 968.190490722656 970.603332519531 972.006713867188 966.842956542969 953.952087402344 951.306457519531 950.750610351562 959.105102539062 958.497009277344 960.581176757812 962.726257324219 957.568603515625 966.873962402344 969.700378417969 966.860534667969 962.058532714844 960.203125 942.391784667969 941.739562988281 940.499267578125 952.215942382812 947.150146484375 948.815979003906 948.817443847656 948.505859375 952.128845214844 951.450744628906 957.916198730469 957.443054199219 955.117614746094 956.776123046875 953.925598144531 950.558898925781 946.730834960938 952.562072753906 947.160095214844 952.064331054688 950.864318847656 953.537780761719 964.189086914062 953.275146484375 952.13134765625
