data/zlatibor_dem_simulations/DEMsim73.asc
NCOLS 150
NROWS 100
XLLCORNER 7394249
YLLCORNER 4841999
CELLSIZE 30
NODATA_VALUE -9999
[rows 20 to 39 of 100, columns 46 to 91 of 150]
1000.54052734375 1008.49975585938 1010.79956054688 1006.78198242188 1005.04870605469 1004.61212158203 1002.38116455078 1000.45416259766 1009.60485839844 1010.12750244141 1008.00714111328 1015.23175048828 1025.54541015625 1016.63861083984 1031.23449707031 1032.44226074219 1029.79418945312 1032.19995117188 1024.50073242188 1022.13079833984 1019.8271484375 1026.98974609375 1028.65478515625 1028.83618164062 1027.4228515625 1025.38354492188 1026.36157226562 1025.18505859375 1021.69329833984 1027.06506347656 1019.74212646484 1024.74060058594 1015.38934326172 1013.52209472656 1014.02081298828 1011.345703125 1017.29827880859 1023.4091796875 1016.08538818359 1001.81549072266 996.016845703125 994.304992675781 985.489929199219 1004.77899169922 1002.04669189453 1006.07458496094
995.287109375 1005.47937011719 1008.75903320312 1000.22802734375 1001.31463623047 1000.10266113281 993.4873046875 1003.05407714844 1001.17755126953 1000.17907714844 1010.92181396484 1007.30450439453 1017.31719970703 1020.60589599609 1028.96606445312 1028.349609375 1037.17272949219 1028.46765136719 1027.80249023438 1018.95422363281 1025.39221191406 1023.20416259766 1023.84167480469 1023.25103759766 1028.51953125 1030.09008789062 1036.98315429688 1026.42626953125 1016.29107666016 1017.66711425781 1017.41540527344 1015.17749023438 1007.74353027344 1004.08856201172 1006.92468261719 1010.71514892578 1009.18499755859 1013.56146240234 1010.88513183594 1008.43817138672 989.858154296875 996.429138183594 993.448303222656 1005.30627441406 1004.45172119141 1002.96716308594
991.494201660156 997.853820800781 1004.78771972656 993.049438476562 994.967346191406 1001.67181396484 998.742492675781 994.283081054688 996.29736328125 999.561584472656 1007.54833984375 1006.80242919922 1005.31048583984 1014.38623046875 1017.65362548828 1018.24322509766 1015.61340332031 1017.44567871094 1021.076171875 1016.72003173828 1017.64727783203 1027.51440429688 1022.326171875 1022.97406005859 1024.60888671875 1028.32653808594 1022.85241699219 1023.45275878906 1012.07183837891 1003.84930419922 1006.72583007812 1007.25231933594 1008.90045166016 1010.80169677734 1005.75225830078 1006.24621582031 1012.48474121094 1009.49566650391 1012.57568359375 1009.28454589844 1001.84698486328 1006.17889404297 1005.24505615234 1002.40045166016 1016.38165283203 1009.33001708984
998.869384765625 1001.88708496094 996.528747558594 998.74365234375 994.716918945312 995.951721191406 991.053466796875 986.739318847656 989.686584472656 992.456420898438 989.748046875 1003.05145263672 1003.32843017578 1003.81115722656 1010.59429931641 1010.28735351562 1009.11560058594 1018.41888427734 1021.57452392578 1019.28216552734 1014.67694091797 1016.93872070312 1017.29315185547 1016.68646240234 1020.18957519531 1019.20227050781 1021.91754150391 1018.47113037109 1007.00775146484 1002.02227783203 1006.71893310547 1006.46502685547 1008.20104980469 1010.77514648438 1003.93731689453 1000.15686035156 1006.82647705078 1000.30487060547 1005.79370117188 1004.21246337891 1007.27587890625 1010.82897949219 1009.14532470703 1011.86944580078 1017.70611572266 1029.40600585938
994.897705078125 999.528564453125 992.703857421875 993.18359375 991.108215332031 991.678039550781 991.226135253906 980.712463378906 977.80859375 979.667785644531 975.521484375 986.542724609375 1005.31414794922 1014.99127197266 1014.60571289062 1010.04461669922 1010.01568603516 1018.60650634766 1020.51879882812 1015.98571777344 1026.83776855469 1023.50073242188 1018.16986083984 1009.75689697266 1013.99127197266 1018.53918457031 1010.14556884766 1009.99127197266 1003.99755859375 1001.32849121094 995.825256347656 1004.11212158203 998.141723632812 1002.63348388672 1006.58062744141 1004.04364013672 1001.99346923828 994.255554199219 996.9072265625 1010.18914794922 1013.47515869141 1017.63177490234 1014.689453125 1017.23016357422 1015.71105957031 1018.3349609375
999.589416503906 996.070739746094 994.506042480469 994.487609863281 984.464416503906 987.245971679688 989.838745117188 983.354797363281 971.877685546875 979.701232910156 987.120361328125 993.096008300781 1005.43487548828 1007.55285644531 1012.08905029297 1010.12744140625 1004.86944580078 1010.32525634766 1019.85308837891 1017.34973144531 1016.07885742188 1016.45098876953 1015.88323974609 1008.68072509766 1003.97436523438 1005.55187988281 1015.80242919922 1009.75280761719 996.625549316406 993.668334960938 991.681884765625 988.336608886719 994.43017578125 1007.28009033203 1007.58343505859 1007.39147949219 998.357421875 999.119995117188 1012.57928466797 1014.05395507812 1030.39086914062 1022.22814941406 1020.79718017578 1016.19946289062 1010.16937255859 1019.95837402344
999.113647460938 993.598693847656 993.310607910156 992.930419921875 989.609130859375 993.254150390625 992.366394042969 985.24365234375 980.973693847656 990.203369140625 993.482971191406 1008.10473632812 1008.89282226562 1017.64569091797 1011.32830810547 1011.28375244141 1023.84124755859 1015.90643310547 1018.08337402344 1008.90222167969 1008.1396484375 1008.34729003906 1004.40197753906 1004.13629150391 1010.91851806641 1014.20416259766 1018.06518554688 1002.87365722656 1001.57666015625 996.357543945312 986.494323730469 987.6640625 992.603332519531 1005.38830566406 1003.18475341797 998.577575683594 997.95166015625 999.819885253906 1012.48681640625 1014.12744140625 1016.74047851562 1021.61529541016 1023.22235107422 1018.16809082031 1018.27435302734 1026.54650878906
999.362060546875 999.042846679688 990.960632324219 986.385314941406 985.159301757812 989.762634277344 989.337097167969 995.066589355469 997.6708984375 989.090393066406 991.428833007812 997.73193359375 1002.85498046875 1002.26647949219 1007.21325683594 1015.30358886719 1019.17987060547 1013.64764404297 1003.85638427734 1006.54510498047 1003.67205810547 996.053344726562 996.955871582031 1003.86566162109 1012.92919921875 1010.14990234375 1007.08367919922 1001.64068603516 998.595092773438 999.038635253906 992.81884765625 996.6650390625 995.006530761719 991.775390625 994.521179199219 992.208618164062 996.724731445312 994.444274902344 998.062377929688 1008.66394042969 1007.87078857422 1020.11682128906 1022.26898193359 1021.20330810547 1021.99774169922 1024.52319335938
991.094970703125 1001.26385498047 985.721862792969 976.978637695312 982.615234375 986.021728515625 993.668212890625 1000.21929931641 997.635498046875 985.170959472656 996.180969238281 1001.58331298828 1004.25549316406 1010.27691650391 1004.74060058594 999.877563476562 1011.89764404297 1007.23754882812 996.876403808594 997.579040527344 1002.77178955078 991.542419433594 1002.21673583984 1000.37109375 1011.41967773438 1010.22009277344 1000.67834472656 992.813537597656 998.2138671875 992.696594238281 988.748229980469 996.413757324219 998.396057128906 998.27001953125 1000.04620361328 994.953796386719 1004.13934326172 998.26416015625 992.964599609375 1004.93182373047 1015.64593505859 1012.98248291016 1024.00317382812 1017.04217529297 1013.06317138672 1022.51873779297
990.876892089844 992.921203613281 987.730895996094 979.036193847656 979.933227539062 979.556457519531 987.753356933594 991.968566894531 990.911926269531 989.250610351562 989.549072265625 996.923034667969 999.092590332031 1001.00152587891 997.060302734375 995.248962402344 997.151428222656 1001.10052490234 992.51318359375 993.605041503906 993.697387695312 998.818603515625 1000.5869140625 1000.45037841797 998.060668945312 1002.17999267578 996.238952636719 994.498352050781 993.905456542969 994.947570800781 993.335021972656 994.826721191406 994.328186035156 992.659790039062 995.06005859375 1000.41235351562 1005.98059082031 999.606323242188 1002.14129638672 1004.44995117188 1017.07916259766 1019.94122314453 1018.37652587891 1015.7568359375 1015.67437744141 1020.21154785156
982.013000488281 996.986022949219 991.721435546875 977.498352050781 981.724304199219 974.684631347656 981.302612304688 984.77685546875 991.289733886719 991.570983886719 994.643798828125 996.542053222656 998.081970214844 999.125427246094 992.983337402344 989.21240234375 984.203308105469 990.268676757812 997.284118652344 992.531982421875 986.278747558594 991.700927734375 1000.01763916016 1004.16162109375 1001.32861328125 989.785339355469 991.283081054688 985.499694824219 988.974365234375 997.499816894531 1000.99615478516 1001.14538574219 991.461303710938 993.197265625 1001.90295410156 1004.72418212891 1012.04644775391 1003.04254150391 990.744384765625 1006.84777832031 1009.44268798828 1013.52197265625 1014.57904052734 1018.53424072266 1019.1787109375 1025.04760742188
983.821716308594 988.028442382812 988.244567871094 989.246765136719 985.388061523438 975.5439453125 973.086608886719 982.984985351562 981.704040527344 986.605834960938 994.064697265625 1000.55963134766 987.481201171875 989.939453125 990.540100097656 991.926330566406 988.280395507812 988.380615234375 993.88525390625 990.596435546875 987.318054199219 996.474853515625 1000.27032470703 1005.21875 996.340454101562 992.119567871094 987.507202148438 978.931640625 987.772705078125 996.338317871094 1006.40325927734 1004.08569335938 992.544616699219 1006.01550292969 995.890747070312 1007.61029052734 1008.11041259766 1012.37072753906 1001.06304931641 1003.96301269531 1005.03631591797 1007.74609375 1012.20538330078 1018.28735351562 1020.02008056641 1020.79827880859
986.792907714844 978.194091796875 982.234497070312 986.337341308594 981.047607421875 979.449157714844 973.017761230469 975.874206542969 980.002319335938 982.084106445312 986.272644042969 983.080017089844 991.043579101562 987.784729003906 993.937072753906 989.965148925781 991.211303710938 1001.37805175781 988.808898925781 986.37158203125 988.841064453125 990.299377441406 990.403869628906 995.68017578125 994.174255371094 986.758972167969 989.306091308594 978.34765625 987.968872070312 994.1025390625 1000.18817138672 1002.34375 1000.37408447266 1005.65258789062 1002.89752197266 997.708190917969 1008.20965576172 1011.36285400391 1004.07116699219 1001.23608398438 1005.15374755859 1010.78070068359 1010.07672119141 1012.18176269531 1013.77392578125 1011.96667480469
981.436706542969 978.711669921875 976.651550292969 977.425659179688 983.918823242188 979.345397949219 974.284606933594 980.471740722656 973.370361328125 981.820495605469 981.921264648438 982.866394042969 978.339172363281 990.579956054688 996.005737304688 992.095397949219 990.970764160156 990.434143066406 988.341186523438 997.028686523438 999.65087890625 987.235778808594 980.704528808594 982.321960449219 990.541442871094 978.846801757812 977.92138671875 984.884948730469 980.116027832031 985.728271484375 999.138000488281 996.882629394531 1004.41186523438 1004.50402832031 1006.57275390625 999.313659667969 999.448791503906 1012.33142089844 1000.85925292969 1008.20959472656 1009.5634765625 1013.28997802734 1010.30804443359 1017.00073242188 1015.82391357422 1011.4287109375
983.471313476562 986.716186523438 976.362976074219 981.053405761719 980.200866699219 984.490783691406 977.271606445312 971.181762695312 968.781799316406 976.606079101562 966.037109375 969.71923828125 989.992004394531 999.076049804688 989.700744628906 988.89990234375 992.627807617188 989.946533203125 992.428588867188 995.436340332031 992.078674316406 986.882507324219 983.592590332031 984.627197265625 976.823913574219 978.630432128906 977.51025390625 978.568908691406 980.98681640625 986.731262207031 996.136596679688 992.297119140625 988.410095214844 1005.24450683594 996.497009277344 1005.66864013672 1005.20916748047 1006.71929931641 996.745666503906 1005.33837890625 1011.02593994141 1011.52447509766 1005.69079589844 1010.62481689453 1016.34191894531 1008.98529052734
989.932067871094 987.432189941406 972.581726074219 978.110107421875 977.869079589844 982.238830566406 987.393005371094 982.398986816406 973.0673828125 965.750366210938 967.174499511719 973.501831054688 980.944274902344 994.432739257812 993.679626464844 991.862731933594 991.216125488281 991.420349121094 999.054504394531 996.590209960938 988.033203125 986.659851074219 989.73876953125 984.207702636719 976.625915527344 965.635192871094 964.735412597656 981.54931640625 985.970581054688 986.895080566406 988.577209472656 990.715881347656 998.874755859375 993.418823242188 1005.08978271484 1001.81427001953 1001.42401123047 999.891540527344 995.227478027344 998.8955078125 1000.33215332031 1002.61688232422 1006.62493896484 1003.04614257812 1010.89392089844 1005.25451660156
977.612731933594 980.609191894531 981.452514648438 972.135314941406 979.329406738281 983.230163574219 983.044555664062 981.01953125 972.191772460938 974.727722167969 966.443054199219 973.639221191406 982.926879882812 987.845336914062 989.851501464844 992.837341308594 990.239013671875 989.621154785156 989.177124023438 993.847045898438 988.9287109375 981.804992675781 982.321105957031 976.2568359375 974.0830078125 968.857971191406 976.090759277344 980.481323242188 984.977722167969 981.913940429688 987.519592285156 987.763732910156 1000.88323974609 1001.84729003906 998.553161621094 997.342468261719 994.276611328125 995.47900390625 1000.36773681641 1000.45812988281 992.917785644531 1005.18627929688 1012.04565429688 1009.38958740234 1007.23010253906 1017.25103759766
974.1533203125 968.278869628906 976.9716796875 975.102783203125 976.464904785156 981.981628417969 980.570129394531 973.537719726562 966.679626464844 965.827392578125 970.453002929688 974.1015625 979.8642578125 984.319641113281 980.111206054688 991.597717285156 986.581970214844 985.349487304688 973.913391113281 987.110900878906 978.1689453125 974.065002441406 988.195007324219 980.567199707031 970.557922363281 972.177734375 987.53076171875 989.379150390625 995.371398925781 990.027709960938 987.065490722656 983.298706054688 991.500061035156 1005.03784179688 997.915893554688 993.378662109375 991.237365722656 982.314758300781 997.319946289062 991.002868652344 996.038208007812 1006.1787109375 1005.68774414062 1006.08428955078 1003.81091308594 1005.73809814453
965.503540039062 969.033447265625 964.908203125 968.900024414062 980.058898925781 977.401733398438 974.734680175781 976.43408203125 966.418273925781 969.827453613281 960.236877441406 972.655639648438 976.619689941406 986.567321777344 986.766723632812 989.178405761719 988.466918945312 979.254699707031 977.508483886719 982.323181152344 979.141296386719 978.910827636719 972.241271972656 977.365356445312 974.455932617188 973.687194824219 973.735900878906 980.355163574219 990.32421875 992.443603515625 996.990112304688 992.54150390625 995.378051757812 995.036987304688 1001.220703125 992.897338867188 977.410827636719 983.580505371094 990.643005371094 990.817810058594 993.417297363281 999.523559570312 1010.83093261719 1000.54681396484 1000.51226806641 998.729919433594
970.248413085938 970.373474121094 964.158996582031 971.666687011719 970.769165039062 969.538696289062 977.557739257812 974.954895019531 972.258117675781 966.981140136719 965.103637695312 975.146057128906 976.833801269531 986.782653808594 981.814453125 984.054443359375 978.741638183594 986.420837402344 970.738586425781 969.095397949219 975.520629882812 975.074829101562 970.738220214844 969.490417480469 968.282897949219 967.072204589844 971.687805175781 975.396240234375 982.87939453125 988.726989746094 995.142944335938 995.918701171875 1002.841796875 1001.30084228516 995.454650878906 991.871459960938 981.379028320312 978.392395019531 979.485290527344 987.151611328125 992.811218261719 1000.63745117188 1005.49645996094 997.493469238281 995.501342773438 989.806762695312
