data/zlatibor_dem_simulations/DEMsim9.asc
NCOLS 150
NROWS 100
XLLCORNER 7394249
YLLCORNER 4841999
CELLSIZE 30
NODATA_VALUE -9999
[rows 0 to 19 of 100, columns 0 to 45 of 150]
1012.0478515625 1010.97192382812 1002.08337402344 995.4755859375 1009.60577392578 1004.05560302734 1009.90295410156 1011.38720703125 1018.95794677734 1023.39520263672 1024.01892089844 1019.35711669922 1004.86724853516 1000.33178710938 1007.63940429688 1005.11364746094 1006.91107177734 1013.11138916016 1008.62322998047 1019.64147949219 1024.61535644531 1030.49768066406 1034.41540527344 1029.59887695312 1025.76196289062 1022.00079345703 1028.27734375 1025.05944824219 1024.04833984375 1032.48742675781 1041.49255371094 1042.24609375 1047.90832519531 1046.81188964844 1023.51086425781 1028.63537597656 1020.26214599609 1024.16809082031 1013.24017333984 1007.76257324219 1004.71325683594 1000.3779296875 994.123352050781 988.752624511719 984.415832519531 967.928100585938
1010.58489990234 1011.59820556641 1008.16052246094 1002.99499511719 999.813049316406 1003.15686035156 1002.7978515625 1014.89538574219 1017.51348876953 1018.10437011719 1012.64715576172 1010.45739746094 1006.35485839844 1001.67175292969 1006.30096435547 1009.72186279297 1015.83197021484 1018.02099609375 1013.90673828125 1022.04418945312 1026.18798828125 1031.76635742188 1034.72192382812 1028.59643554688 1028.03845214844 1028.02856445312 1025.95617675781 1020.52905273438 1019.53839111328 1025.38488769531 1035.48205566406 1037.91857910156 1042.29772949219 1034.60437011719 1032.98681640625 1023.17987060547 1021.58819580078 1020.86645507812 1010.69549560547 1008.05908203125 1004.55322265625 998.789184570312 986.763793945312 989.550720214844 988.877685546875 976.015930175781
1010.60229492188 1010.951171875 1007.64416503906 998.198120117188 1004.09783935547 996.608764648438 1003.0986328125 1007.46343994141 1002.39001464844 1015.26092529297 1008.62194824219 1007.22247314453 1009.56451416016 1013.86193847656 1003.95977783203 1002.98937988281 1011.46929931641 1021.63946533203 1019.47583007812 1022.69079589844 1021.55096435547 1032.74536132812 1034.29345703125 1034.13439941406 1032.62915039062 1034.18200683594 1029.015625 1016.77264404297 1019.05969238281 1020.74920654297 1027.18640136719 1030.30480957031 1032.45629882812 1024.95690917969 1030.17309570312 1025.93029785156 1022.77978515625 1020.736328125 1013.92962646484 1011.216796875 1001.61590576172 998.068969726562 991.962585449219 985.481323242188 987.591003417969 976.822937011719
1010.14007568359 1001.85968017578 1007.15161132812 1006.29724121094 990.337280273438 994.017822265625 1009.12426757812 1013.05407714844 1016.55773925781 1015.01293945312 1005.99157714844 1006.18389892578 1008.15765380859 1007.65509033203 1012.70837402344 1011.16149902344 1010.46258544922 1018.1572265625 1015.25122070312 1019.05541992188 1029.69604492188 1049.11242675781 1049.66040039062 1041.43310546875 1033.91882324219 1033.70678710938 1026.443359375 1012.62457275391 1010.33660888672 1020.42663574219 1025.19213867188 1027.75671386719 1026.97033691406 1026.36059570312 1022.14282226562 1025.33508300781 1024.88500976562 1015.25408935547 1016.20574951172 1009.64697265625 1007.44604492188 1000.80560302734 989.83203125 992.914978027344 997.868835449219 982.331726074219
1002.10247802734 1005.09429931641 1006.51873779297 1004.72662353516 998.071838378906 1004.74249267578 1002.65057373047 1005.91931152344 1007.84509277344 1012.88525390625 1012.54266357422 997.825805664062 1007.31817626953 1000.39202880859 1011.95184326172 1011.81506347656 1013.36669921875 1023.57141113281 1023.02203369141 1027.44421386719 1031.72143554688 1038.18908691406 1048.61743164062 1035.11083984375 1026.37072753906 1030.95922851562 1028.20458984375 1020.05249023438 1012.20513916016 1016.02502441406 1026.51708984375 1027.97778320312 1027.02954101562 1031.89392089844 1020.08978271484 1014.97985839844 1007.4443359375 1012.90447998047 1005.29077148438 1005.97430419922 1009.6298828125 1006.99719238281 990.216064453125 989.93115234375 989.722412109375 989.772338867188
994.188720703125 1002.29943847656 1001.09362792969 997.180847167969 994.332580566406 995.390808105469 1007.96020507812 1006.76489257812 1006.72125244141 1004.65753173828 1002.92340087891 998.545532226562 994.595458984375 1002.64495849609 1010.81781005859 1017.46081542969 1015.07794189453 1022.62054443359 1019.72717285156 1027.87084960938 1029.60717773438 1038.4755859375 1040.30017089844 1028.2021484375 1020.58178710938 1023.00189208984 1027.53588867188 1021.43389892578 1017.61950683594 1023.90563964844 1018.91888427734 1023.353515625 1025.99133300781 1030.78454589844 1023.15093994141 1015.20043945312 1006.41296386719 1006.09057617188 1007.71057128906 1007.77563476562 1014.77301025391 1002.4501953125 998.179931640625 992.878173828125 986.320861816406 986.325134277344
994.688049316406 995.6435546875 998.249816894531 1002.12884521484 1005.55157470703 1005.71215820312 1006.04278564453 1003.88494873047 1002.48950195312 1000.54602050781 1005.67565917969 1004.01257324219 999.932006835938 1002.82092285156 1006.99682617188 1015.97473144531 1014.00952148438 1018.09289550781 1022.47998046875 1031.57385253906 1035.93029785156 1029.44396972656 1028.84558105469 1024.2607421875 1012.43286132812 1013.89825439453 1020.46423339844 1013.85137939453 1012.75830078125 1008.28076171875 1015.29565429688 1017.11981201172 1017.02624511719 1021.44714355469 1015.89880371094 1019.94372558594 1018.09844970703 1012.22131347656 1005.94604492188 1003.28723144531 1004.13989257812 999.35498046875 990.730102539062 992.829162597656 982.433837890625 990.238708496094
991.496948242188 1002.40850830078 994.922119140625 995.961242675781 996.9228515625 999.199340820312 1008.87170410156 1009.12707519531 1006.373046875 1004.81524658203 1005.68615722656 1001.11785888672 990.828247070312 999.324829101562 1007.02819824219 1007.28442382812 1015.84460449219 1014.68218994141 1019.51397705078 1017.6318359375 1026.73815917969 1024.19580078125 1025.55493164062 1019.08721923828 1012.16778564453 1004.45703125 1006.01715087891 1014.23156738281 998.354797363281 997.571472167969 1009.60754394531 1020.14190673828 1023.72210693359 1017.95068359375 1013.50476074219 1017.71533203125 1012.59326171875 1010.53540039062 1005.52478027344 999.670959472656 996.178161621094 1000.57580566406 997.69091796875 993.616577148438 994.866149902344 992.366882324219
983.157287597656 989.716491699219 991.008361816406 990.903076171875 995.448425292969 1004.39611816406 1007.10540771484 1004.24584960938 999.615478515625 1006.80535888672 1001.34234619141 992.412170410156 988.984375 995.974365234375 1008.76617431641 1014.19573974609 1014.17980957031 1015.61517333984 1018.90466308594 1020.28509521484 1016.47509765625 1006.7353515625 1012.73504638672 1004.56903076172 1005.21520996094 1001.44812011719 1003.36010742188 1006.9521484375 1004.98089599609 1000.06262207031 1007.62799072266 1018.93927001953 1027.56884765625 1022.787109375 1013.21185302734 1008.52954101562 1010.97058105469 1015.93646240234 1010.71185302734 1005.79748535156 998.372985839844 1000.90972900391 1000.28637695312 992.922302246094 1001.15838623047 998.919067382812
980.030700683594 986.371826171875 990.854370117188 998.891357421875 1004.54241943359 1008.50219726562 1009.31488037109 1003.19970703125 1011.16143798828 1006.27258300781 1001.93737792969 991.761779785156 990.77099609375 995.67138671875 1001.71704101562 1004.07495117188 1004.93487548828 1009.08642578125 1007.05816650391 1015.93774414062 1009.86328125 1002.90399169922 1010.94323730469 996.059020996094 1000.93719482422 998.873229980469 1007.24645996094 1005.31182861328 1000.65380859375 1007.31817626953 1010.09387207031 1013.146484375 1013.90899658203 1016.79681396484 1010.6259765625 1003.67987060547 1002.30584716797 1011.12744140625 1010.4638671875 1008.6044921875 1013.96661376953 1010.00421142578 994.642456054688 997.605224609375 1003.20654296875 1008.27746582031
982.533813476562 977.418518066406 985.47021484375 1002.05493164062 994.197143554688 1000.74761962891 1003.32141113281 999.102661132812 1005.75653076172 1002.26611328125 995.178161621094 987.307434082031 994.387573242188 988.644653320312 993.595336914062 998.290588378906 1000.71118164062 1006.22601318359 1003.65319824219 1011.71179199219 999.667663574219 1003.10577392578 995.264892578125 992.289123535156 997.591125488281 991.888549804688 992.480407714844 995.4287109375 997.967834472656 1011.05151367188 1002.46575927734 1019.18927001953 1023.22442626953 1019.06994628906 1013.16796875 1018.26556396484 1009.92370605469 1014.40533447266 1005.03454589844 1003.41430664062 1010.74145507812 1005.33819580078 1000.89343261719 1007.25128173828 1008.17266845703 1010.98010253906
975.827880859375 977.947509765625 984.010314941406 990.04150390625 998.407470703125 999.011779785156 995.856323242188 993.384460449219 992.83984375 992.62353515625 984.07958984375 979.106201171875 988.547607421875 982.97705078125 983.738586425781 998.8212890625 995.550354003906 1000.4599609375 996.746215820312 999.072937011719 996.690368652344 997.515441894531 1000.83337402344 990.49755859375 986.906677246094 981.75390625 984.374450683594 983.691528320312 998.490905761719 1002.96228027344 1012.37689208984 1022.94158935547 1029.67651367188 1020.22802734375 1023.81591796875 1024.63403320312 1025.85656738281 1014.96343994141 1015.64190673828 1009.68695068359 1013.49725341797 1016.38580322266 1002.82568359375 1006.85180664062 1011.81243896484 1010.86676025391
983.370910644531 980.422180175781 985.3486328125 983.99365234375 981.225280761719 989.096984863281 990.665466308594 988.374206542969 985.257751464844 979.474487304688 979.156982421875 978.735717773438 989.494140625 985.510314941406 990.527709960938 988.473510742188 992.947387695312 984.609741210938 999.114624023438 999.947326660156 997.77685546875 997.698120117188 987.357421875 994.491760253906 984.696350097656 972.020751953125 980.579772949219 987.905883789062 1004.93048095703 1013.8349609375 1018.03173828125 1015.58282470703 1032.44665527344 1025.68688964844 1030.56469726562 1021.19641113281 1023.32202148438 1025.45422363281 1017.81787109375 1016.55120849609 1022.40435791016 1011.53021240234 1011.26800537109 1011.78198242188 1009.89270019531 1009.66058349609
984.209106445312 989.778747558594 981.349060058594 987.476440429688 985.714050292969 982.095031738281 991.319213867188 991.555725097656 985.772705078125 979.683044433594 981.257263183594 983.929992675781 985.785095214844 987.22265625 991.09130859375 993.464660644531 998.984558105469 996.363159179688 993.765808105469 987.641540527344 991.537292480469 990.221008300781 989.004455566406 995.9150390625 985.542053222656 987.915466308594 988.036743164062 994.336547851562 998.221557617188 1009.85577392578 1019.619140625 1015.33117675781 1036.29467773438 1031.50549316406 1027.1376953125 1025.00756835938 1034.80456542969 1029.01135253906 1030.26232910156 1024.8056640625 1026.72399902344 1014.95367431641 1014.91821289062 1014.61676025391 1013.78662109375 1016.54913330078
982.957214355469 987.674072265625 983.348815917969 979.030029296875 987.63037109375 985.050537109375 990.551696777344 994.014282226562 990.454040527344 984.406677246094 989.928527832031 976.898315429688 983.577209472656 985.095642089844 986.4462890625 989.654663085938 999.378967285156 1000.84033203125 991.220764160156 984.027160644531 979.69921875 980.075927734375 989.16064453125 990.022521972656 993.547302246094 997.244995117188 997.830932617188 999.260620117188 998.963439941406 999.711547851562 1019.82061767578 1028.18310546875 1039.37145996094 1044.48107910156 1036.80163574219 1029.90954589844 1037.10339355469 1035.94445800781 1034.48120117188 1041.66821289062 1034.1357421875 1029.7158203125 1024.11291503906 1025.53771972656 1017.95532226562 1020.21484375
977.874084472656 986.511535644531 986.279296875 984.553894042969 988.759216308594 984.73681640625 980.872131347656 989.577697753906 995.006164550781 981.822448730469 989.257690429688 973.004821777344 976.522094726562 977.602844238281 979.987060546875 983.775695800781 993.513305664062 997.054748535156 989.463745117188 985.947204589844 977.27392578125 983.079895019531 990.22607421875 995.878662109375 991.908569335938 995.245727539062 998.26953125 994.336730957031 993.334716796875 998.489868164062 1014.79278564453 1038.77673339844 1040.57873535156 1041.34790039062 1035.97045898438 1029.63317871094 1025.80029296875 1037.46228027344 1038.26013183594 1040.58666992188 1034.82873535156 1038.30749511719 1030.11547851562 1022.7353515625 1022.22509765625 1030.94641113281
980.755065917969 994.020385742188 983.682983398438 991.247436523438 984.837707519531 972.418151855469 985.654541015625 984.340515136719 986.615234375 989.478942871094 977.205444335938 979.570861816406 972.7529296875 975.447814941406 972.040710449219 975.672546386719 980.40869140625 987.841430664062 987.439086914062 984.829895019531 970.057434082031 976.526794433594 988.6298828125 992.698547363281 985.85302734375 995.924011230469 997.295227050781 995.765258789062 998.363952636719 991.027282714844 1006.71044921875 1031.16186523438 1038.80017089844 1037.26062011719 1032.87170410156 1039.7724609375 1032.34143066406 1037.48901367188 1042.27478027344 1037.07885742188 1041.98840332031 1043.49169921875 1047.30688476562 1030.97216796875 1033.91857910156 1034.0908203125
974.835083007812 982.798706054688 978.470275878906 977.057922363281 973.1552734375 979.433532714844 978.391479492188 981.965148925781 990.941772460938 984.537536621094 985.668395996094 981.785095214844 976.999572753906 974.465942382812 966.030883789062 974.422424316406 977.545532226562 975.999450683594 978.744445800781 977.976440429688 966.761962890625 972.147277832031 983.228637695312 987.323547363281 992.583190917969 992.896179199219 993.247436523438 1001.63635253906 999.348388671875 1000.19305419922 1006.35803222656 1032.01391601562 1032.16613769531 1029.40026855469 1032.61865234375 1027.68981933594 1024.25659179688 1031.78161621094 1040.6728515625 1037.06567382812 1041.41552734375 1045.43029785156 1047.95141601562 1034.39294433594 1030.11901855469 1031.95983886719
973.95361328125 977.643859863281 970.454895019531 966.856506347656 960.10693359375 961.906066894531 977.333190917969 982.676940917969 983.238037109375 987.529846191406 985.172790527344 985.531982421875 974.5087890625 972.140014648438 966.558288574219 960.974060058594 975.303161621094 979.252319335938 975.327392578125 977.222717285156 974.996948242188 979.160766601562 984.040466308594 983.879638671875 989.5888671875 996.92626953125 996.139831542969 1002.04437255859 1008.45953369141 1006.41485595703 1012.01696777344 1019.1025390625 1023.99493408203 1024.98400878906 1024.28039550781 1021.79150390625 1022.71661376953 1029.54565429688 1041.88989257812 1038.25183105469 1040.97692871094 1044.31994628906 1039.20092773438 1043.93005371094 1028.58728027344 1032.14880371094
969.207458496094 965.168579101562 959.148559570312 962.032165527344 959.795471191406 963.570678710938 971.766174316406 983.588745117188 982.625305175781 972.492309570312 974.791320800781 966.760009765625 970.505920410156 958.278747558594 961.616516113281 962.638854980469 972.515625 978.400390625 969.012756347656 970.813842773438 972.794677734375 974.938720703125 984.736206054688 984.31298828125 986.370178222656 1001.50646972656 1005.72424316406 999.641418457031 1008.78546142578 1007.12005615234 1013.44317626953 1009.35949707031 1025.90551757812 1026.36413574219 1023.82238769531 1024.71923828125 1017.94787597656 1024.56909179688 1032.02453613281 1039.96459960938 1038.84094238281 1037.6953125 1044.8359375 1034.00842285156 1034.97387695312 1025.24523925781
