data/zlatibor_dem_simulations/DEMsim60.asc
NCOLS 150
NROWS 100
XLLCORNER 7394249
YLLCORNER 4841999
CELLSIZE 30
NODATA_VALUE -9999
[rows 20 to 39 of 100, columns 92 to 137 of 150]
990.392822265625 989.10888671875 991.589294433594 1001.78051757812 1001.42156982422 1001.29095458984 1010.19763183594 1003.9375 995.432739257812 990.663818359375 983.672546386719 977.792724609375 982.049377441406 985.983276367188 992.133972167969 990.919677734375 986.855041503906 968.977905273438 968.521118164062 950.533630371094 943.881530761719 934.41162109375 935.645568847656 935.473693847656 947.401977539062 946.905334472656 940.837951660156 948.354370117188 948.378295898438 962.538879394531 970.074401855469 977.07666015625 982.716918945312 998.709777832031 1002.841796875 1006.04418945312 1015.25921630859 1015.80743408203 1026.45092773438 1037.74438476562 1047.86804199219 1058.32470703125 1062.54272460938 1067.19494628906 1061.88500976562 1056.04748535156
1013.61627197266 1010.65563964844 1020.08502197266 1013.87438964844 1004.96929931641 1010.05236816406 1013.39117431641 1003.43200683594 1005.95538330078 996.938659667969 992.902465820312 995.812805175781 996.29833984375 989.771362304688 985.721374511719 995.487915039062 980.742553710938 971.165710449219 956.920776367188 938.708740234375 943.927917480469 943.664367675781 942.560180664062 936.949951171875 944.5390625 941.674987792969 940.610900878906 949.530212402344 958.022705078125 961.779479980469 969.140930175781 986.43310546875 998.518127441406 1006.15405273438 1005.98937988281 1015.26959228516 1016.64801025391 1019.95623779297 1026.50598144531 1042.80297851562 1047.49768066406 1061.98315429688 1068.42407226562 1070.27856445312 1069.07421875 1062.68078613281
1018.09478759766 1023.06298828125 1029.76745605469 1020.62115478516 1018.08428955078 1020.17510986328 1012.61120605469 1008.58099365234 1002.9462890625 1006.53143310547 1004.7724609375 1003.31872558594 1000.33148193359 997.402587890625 998.553588867188 996.425903320312 989.139038085938 978.680053710938 967.672424316406 940.22021484375 936.684143066406 939.845947265625 933.523376464844 932.0927734375 937.73193359375 938.977844238281 950.998962402344 968.431091308594 968.193115234375 976.769470214844 980.357238769531 993.390747070312 1004.98077392578 1018.00531005859 1023.48065185547 1021.13531494141 1025.92370605469 1023.75109863281 1034.99963378906 1051.3671875 1055.17236328125 1061.48913574219 1054.85668945312 1061.83166503906 1056.26428222656 1068.1796875
1023.24597167969 1023.6025390625 1027.41833496094 1021.865234375 1022.19183349609 1018.40307617188 1021.76782226562 1012.22253417969 1004.21270751953 1002.01965332031 1002.39990234375 1005.52233886719 1013.49322509766 1012.79309082031 1005.18530273438 1002.96618652344 991.048889160156 982.034545898438 964.883728027344 940.843383789062 931.681213378906 932.471618652344 927.020568847656 925.796752929688 928.498718261719 944.424133300781 960.139221191406 971.495422363281 981.411010742188 992.065979003906 993.226501464844 999.170532226562 1013.1484375 1032.70495605469 1030.86804199219 1034.00378417969 1036.05871582031 1036.23828125 1047.73583984375 1048.41748046875 1054.94262695312 1052.09912109375 1052.32080078125 1055.65222167969 1047.45349121094 1061.48742675781
1024.18444824219 1022.16259765625 1020.69091796875 1020.60382080078 1016.98291015625 1016.91461181641 1013.42071533203 1016.39801025391 1004.95147705078 1005.31530761719 1003.54840087891 1009.30798339844 1016.59722900391 1012.08245849609 1013.21118164062 1005.84448242188 991.640625 983.128784179688 965.2958984375 953.527038574219 937.261108398438 934.57177734375 932.492858886719 926.815551757812 938.607727050781 953.390441894531 965.675598144531 985.960144042969 995.779541015625 995.451110839844 1005.66284179688 1020.35614013672 1023.52673339844 1034.26123046875 1031.09655761719 1031.57080078125 1042.77062988281 1048.01794433594 1047.86059570312 1047.19409179688 1055.564453125 1046.794921875 1049.14489746094 1050.02172851562 1049.04406738281 1054.9013671875
1015.0654296875 1019.74749755859 1013.92749023438 1022.95074462891 1027.26171875 1019.80755615234 1012.13287353516 1015.01556396484 1016.65618896484 1005.73443603516 1003.57855224609 1013.67114257812 1010.88983154297 1008.79577636719 1012.28338623047 1005.22033691406 994.063110351562 979.553344726562 971.832153320312 957.15625 942.251647949219 943.870056152344 939.045532226562 936.615295410156 945.652893066406 960.350646972656 970.826538085938 986.078674316406 1003.12347412109 1005.37524414062 1007.48425292969 1024.37133789062 1027.52111816406 1025.7734375 1017.33227539062 1034.43103027344 1034.02185058594 1034.41015625 1039.49011230469 1049.9208984375 1051.35668945312 1051.76953125 1049.51452636719 1043.37670898438 1047.78527832031 1052.22741699219
1013.13220214844 1021.21948242188 1015.95880126953 1028.67419433594 1026.701171875 1022.65948486328 1020.03985595703 1010.92248535156 1005.08715820312 1005.95062255859 1003.33502197266 1010.0107421875 1017.134765625 1008.20788574219 1013.95947265625 1004.29370117188 990.436645507812 979.152526855469 967.868896484375 969.487854003906 956.376586914062 954.739013671875 951.471496582031 944.285583496094 954.08837890625 960.998168945312 983.172607421875 996.411987304688 1004.28491210938 1007.95452880859 1014.98779296875 1022.04083251953 1026.72192382812 1023.95654296875 1019.09167480469 1025.48327636719 1031.99951171875 1035.04797363281 1044.86755371094 1044.45532226562 1050.24035644531 1048.32470703125 1053.55200195312 1055.74377441406 1056.08203125 1058.60461425781
1017.45916748047 1015.53533935547 1012.08679199219 1029.80737304688 1028.05480957031 1019.98931884766 1015.52301025391 1006.10900878906 998.469360351562 1006.14703369141 1007.30364990234 1013.07897949219 1017.62994384766 1011.32232666016 1019.26000976562 1000.37463378906 995.401000976562 972.50390625 965.023315429688 963.283325195312 956.760803222656 955.000427246094 959.400207519531 948.4501953125 964.316223144531 973.264282226562 979.453369140625 986.0888671875 995.357482910156 1003.92993164062 1020.69561767578 1019.99383544922 1025.37023925781 1022.06524658203 1021.43707275391 1020.32202148438 1027.71887207031 1032.4111328125 1040.27282714844 1050.50732421875 1054.51403808594 1055.18725585938 1058.94604492188 1048.65673828125 1051.97595214844 1061.21301269531
1014.10040283203 1019.60467529297 1022.3720703125 1023.45715332031 1021.71563720703 1022.19177246094 1019.1796875 1005.28582763672 989.883483886719 996.411926269531 1007.36352539062 1014.09771728516 1009.97210693359 1013.95031738281 1014.80792236328 1001.09350585938 990.340698242188 975.806091308594 962.899475097656 950.553649902344 948.537475585938 958.678405761719 961.250549316406 950.777587890625 963.113159179688 974.538879394531 980.763732910156 980.313537597656 988.373596191406 1005.82879638672 1010.97906494141 1019.24139404297 1020.62097167969 1014.78967285156 1020.44152832031 1023.55230712891 1035.43884277344 1037.38208007812 1046.45593261719 1055.47998046875 1050.4951171875 1043.7646484375 1050.40576171875 1052.82592773438 1053.23962402344 1050.98364257812
1013.74993896484 1014.80895996094 1026.46411132812 1025.486328125 1020.59503173828 1021.865234375 1017.70031738281 1012.26892089844 997.358703613281 1001.74182128906 1012.91168212891 1010.34533691406 1001.66564941406 1003.52990722656 1008.46649169922 991.567138671875 989.100524902344 972.385192871094 956.182739257812 961.395202636719 949.581298828125 946.917114257812 948.410583496094 954.221740722656 962.820373535156 975.608825683594 976.4921875 984.91748046875 993.959167480469 1000.61547851562 1011.78558349609 1022.00659179688 1019.25463867188 1021.11212158203 1023.48876953125 1024.65014648438 1031.43286132812 1040.84606933594 1036.58630371094 1046.59448242188 1039.98571777344 1035.50732421875 1032.333984375 1043.00280761719 1054.361328125 1045.61364746094
1017.12475585938 1016.3740234375 1024.384765625 1030.97680664062 1021.15881347656 1020.60498046875 1018.20648193359 1019.86767578125 1005.97930908203 1013.22314453125 1007.89434814453 1007.24725341797 1007.00720214844 996.430114746094 998.539855957031 993.47216796875 986.58935546875 969.869506835938 973.590209960938 957.812194824219 952.151306152344 944.582580566406 950.113098144531 959.395080566406 962.194152832031 973.107543945312 977.424621582031 979.796508789062 989.851684570312 998.963439941406 1012.92706298828 1021.90447998047 1022.08837890625 1024.91821289062 1023.9970703125 1026.57250976562 1023.32604980469 1035.22253417969 1031.90173339844 1031.18041992188 1030.12622070312 1030.29821777344 1031.76196289062 1037.287109375 1038.91345214844 1044.02856445312
1018.28649902344 1019.54656982422 1014.83233642578 1023.88629150391 1026.39880371094 1022.13983154297 1013.65441894531 1010.42712402344 1010.98474121094 1013.39111328125 1008.60601806641 1003.23480224609 1006.11560058594 1001.69396972656 1005.44464111328 994.557373046875 988.152221679688 981.169372558594 975.416015625 969.024108886719 960.454345703125 954.354614257812 950.646545410156 954.016357421875 968.998291015625 975.990539550781 975.319274902344 975.337524414062 988.119201660156 998.505493164062 1011.56671142578 1018.20904541016 1023.27429199219 1023.96136474609 1026.61315917969 1023.47833251953 1022.13031005859 1024.72961425781 1025.58435058594 1028.12487792969 1022.76080322266 1021.49871826172 1023.95483398438 1030.34777832031 1034.02014160156 1041.56652832031
1020.33880615234 1016.95294189453 1016.60028076172 1015.4931640625 1018.95098876953 1016.07550048828 1013.65270996094 1008.10534667969 1006.25073242188 1005.07110595703 1002.00714111328 1001.7724609375 1010.59851074219 1006.01629638672 998.9873046875 989.603637695312 988.419738769531 977.462097167969 980.720581054688 977.626647949219 968.718688964844 955.710266113281 954.769897460938 960.773681640625 970.780578613281 977.304382324219 989.285400390625 986.195861816406 993.214294433594 1012.55328369141 1017.17633056641 1020.77844238281 1021.07836914062 1026.52697753906 1025.68127441406 1023.45233154297 1026.11242675781 1022.50134277344 1021.10797119141 1019.17388916016 1022.60784912109 1010.28234863281 1021.17901611328 1018.85681152344 1024.65771484375 1028.05834960938
1015.99041748047 1009.96893310547 1003.36041259766 1010.76354980469 1011.54077148438 1012.05767822266 1005.59069824219 1001.26910400391 995.514282226562 994.254272460938 998.157958984375 992.537536621094 1000.96630859375 991.04345703125 1003.62030029297 998.382019042969 990.97802734375 983.719665527344 993.264526367188 983.919738769531 967.471618652344 972.102905273438 971.234130859375 971.470947265625 975.761962890625 979.090515136719 986.639526367188 996.948120117188 1005.42059326172 1011.44073486328 1017.25067138672 1017.56164550781 1020.04748535156 1025.80432128906 1021.21173095703 1017.2314453125 1026.84582519531 1017.86169433594 1020.09454345703 1015.66961669922 1015.82781982422 1022.64453125 1021.65618896484 1024.54724121094 1024.54113769531 1028.6904296875
1006.24353027344 1012.31732177734 1009.51232910156 1009.49694824219 1008.64947509766 1007.71179199219 1004.10882568359 1000.11126708984 1002.05065917969 995.9453125 991.981750488281 997.581420898438 992.225952148438 996.035522460938 993.192443847656 996.823669433594 1000.16174316406 989.374572753906 986.28125 988.317504882812 978.682678222656 986.156433105469 983.479187011719 984.710388183594 979.574096679688 982.519104003906 986.291687011719 988.977722167969 1007.09747314453 1010.91333007812 1017.35528564453 1013.85949707031 1019.82867431641 1026.84008789062 1024.14501953125 1019.55871582031 1020.93170166016 1018.98657226562 1013.96990966797 1016.49505615234 1012.48059082031 1012.90795898438 1020.35748291016 1026.29333496094 1028.78601074219 1032.13232421875
1011.03503417969 1014.76788330078 1003.52697753906 1000.50933837891 1002.06530761719 990.656982421875 1002.38513183594 991.729614257812 989.42041015625 994.646606445312 993.082153320312 998.560913085938 998.447998046875 988.872863769531 990.14404296875 998.105651855469 991.286926269531 990.646789550781 986.410400390625 989.033142089844 990.4921875 994.1689453125 996.869567871094 989.610900878906 989.649597167969 987.032287597656 986.972961425781 998.671447753906 1016.68157958984 1012.97253417969 1012.74359130859 1012.90588378906 1015.30163574219 1020.03704833984 1028.75378417969 1016.4970703125 1011.48260498047 1018.59375 1014.15167236328 1014.74365234375 1016.43310546875 1013.08288574219 1017.66259765625 1018.57696533203 1023.78442382812 1028.29016113281
1014.19281005859 1005.52777099609 998.644836425781 993.553649902344 993.766174316406 997.102905273438 991.825378417969 986.796936035156 993.01904296875 995.030151367188 994.410766601562 991.872924804688 996.262084960938 989.030944824219 996.484497070312 991.11962890625 991.801025390625 996.673828125 993.5595703125 989.157592773438 996.576416015625 994.829650878906 999.065673828125 994.636291503906 998.917724609375 1003.64251708984 988.453063964844 991.624450683594 1009.04925537109 1014.16552734375 1010.6474609375 1015.5322265625 1009.66076660156 1019.22497558594 1014.54956054688 1009.76586914062 1003.02844238281 1002.61322021484 1003.17047119141 1013.9228515625 1013.638671875 1012.48486328125 1023.05310058594 1028.97863769531 1031.50646972656 1029.45129394531
1004.78271484375 1014.06634521484 1004.14630126953 1002.42230224609 999.90869140625 1004.27825927734 995.835510253906 985.976806640625 1000.94915771484 1000.7294921875 997.943115234375 998.235534667969 1000.1328125 992.515197753906 996.21435546875 994.8857421875 990.8779296875 994.063842773438 985.412170410156 994.633911132812 1001.06256103516 995.277160644531 993.761108398438 1004.90301513672 1002.91760253906 1008.70843505859 982.208740234375 995.459350585938 1016.05737304688 1019.75988769531 1013.61517333984 1011.47595214844 1009.10327148438 1019.30358886719 1014.85064697266 1012.34368896484 1007.39666748047 1014.02526855469 1011.03540039062 1007.66687011719 1007.24291992188 1018.01104736328 1019.37176513672 1033.35766601562 1048.48364257812 1047.71105957031
1002.56268310547 1010.91821289062 1007.56628417969 997.069152832031 997.129699707031 997.2255859375 992.927917480469 999.010437011719 1006.05328369141 996.38427734375 992.265747070312 989.11279296875 985.973388671875 993.3935546875 997.700744628906 998.079711914062 999.533386230469 993.009765625 999.496520996094 986.797973632812 999.802001953125 1000.85314941406 993.024169921875 1002.93389892578 1006.99322509766 997.887512207031 1005.14227294922 1007.04718017578 1009.46575927734 1006.74957275391 1004.73352050781 1013.24621582031 1006.33880615234 1014.80645751953 1009.36248779297 1009.26403808594 1001.35009765625 1009.82733154297 1016.52239990234 1015.65588378906 1027.33264160156 1026.06311035156 1030.90441894531 1044.08508300781 1054.97338867188 1057.51147460938
1000.88073730469 1006.05279541016 999.481018066406 998.973510742188 996.545227050781 991.416015625 993.265380859375 990.237243652344 996.350036621094 994.486633300781 992.969848632812 988.736389160156 985.118469238281 991.387023925781 998.89013671875 996.962829589844 993.058959960938 994.039611816406 994.811645507812 998.619079589844 1002.2333984375 1000.00250244141 999.803649902344 990.537109375 998.886474609375 997.445373535156 998.782409667969 1002.69854736328 1003.71539306641 998.396240234375 1004.28393554688 1011.65264892578 1009.70935058594 1014.47961425781 1008.58563232422 1011.05151367188 1011.75219726562 1007.53155517578 1016.97344970703 1025.42822265625 1028.56567382812 1030.63391113281 1039.36938476562 1046.43310546875 1052.02062988281 1063.51806640625
