data/zlatibor_dem_simulations/DEMsim6.asc
NCOLS 150
NROWS 100
XLLCORNER 7394249
YLLCORNER 4841999
CELLSIZE 30
NODATA_VALUE -9999
[rows 80 to 99 of 100, columns 0 to 45 of 150]
938.2841796875 945.453979492188 938.948120117188 937.60498046875 944.902282714844 940.457763671875 945.760559082031 953.924499511719 957.740783691406 960.335632324219 968.357971191406 982.981994628906 983.008728027344 977.660461425781 976.447082519531 970.709777832031 969.279663085938 980.220581054688 978.629211425781 991.511291503906 985.568481445312 984.5302734375 985.162963867188 988.665466308594 986.975830078125 993.570556640625 990.616516113281 984.819519042969 978.102783203125 982.079467773438 985.517333984375 976.337341308594 972.793273925781 979.401000976562 987.9521484375 986.919250488281 988.347961425781 994.803100585938 991.777221679688 1004.18536376953 1004.17718505859 995.389770507812 997.576416015625 996.234680175781 996.75439453125 988.794067382812
954.82666015625 953.134155273438 939.088806152344 943.004211425781 939.121643066406 936.691711425781 939.885864257812 948.343139648438 963.234497070312 961.67041015625 975.259643554688 983.579467773438 976.557434082031 982.598693847656 980.777099609375 962.714660644531 972.8505859375 972.008728027344 967.712768554688 966.070617675781 972.728088378906 982.197265625 983.323425292969 985.294860839844 976.791198730469 978.913940429688 981.996337890625 983.342041015625 984.095275878906 982.64453125 984.198425292969 986.093444824219 986.627075195312 977.660034179688 980.0927734375 981.823486328125 976.622924804688 986.899475097656 1008.37658691406 1003.36608886719 1001.47698974609 995.280456542969 994.032897949219 993.542236328125 994.1376953125 994.135559082031
952.423095703125 948.807495117188 955.217163085938 947.440490722656 940.344665527344 935.966674804688 937.540466308594 941.313842773438 954.947692871094 963.355651855469 968.78076171875 971.038330078125 980.511535644531 988.806396484375 977.502868652344 972.520568847656 959.985229492188 957.507446289062 956.194763183594 953.1533203125 969.001281738281 976.483459472656 977.000671386719 974.328369140625 989.091186523438 978.23681640625 975.571472167969 984.868713378906 978.452758789062 983.121215820312 989.775512695312 981.510681152344 979.137573242188 971.203796386719 968.437316894531 971.837951660156 980.73876953125 984.558288574219 994.87939453125 987.791015625 988.766662597656 994.344055175781 985.374450683594 987.995361328125 980.734375 986.374328613281
958.068115234375 959.103271484375 954.306091308594 948.842224121094 937.747497558594 934.711547851562 937.0224609375 944.866271972656 947.044250488281 956.879455566406 963.234680175781 967.191589355469 969.880676269531 972.743591308594 970.100769042969 963.447570800781 958.869445800781 953.684204101562 961.914733886719 957.817016601562 962.97314453125 964.580139160156 960.901123046875 967.194702148438 979.324584960938 974.5283203125 979.297180175781 981.102111816406 976.493713378906 979.00634765625 976.752258300781 983.406982421875 979.628173828125 963.473083496094 969.152526855469 970.895080566406 979.804382324219 992.474853515625 991.954345703125 991.693420410156 990.641479492188 987.598571777344 980.115844726562 987.625732421875 983.143249511719 985.128479003906
960.862426757812 954.145935058594 953.10595703125 945.092590332031 941.139221191406 943.385009765625 943.169860839844 948.169982910156 955.911865234375 953.24609375 964.416870117188 966.804870605469 971.91162109375 967.717041015625 957.966186523438 951.268615722656 956.807189941406 958.631408691406 961.179870605469 954.271240234375 953.965270996094 964.798828125 956.144104003906 965.425659179688 967.575012207031 979.498840332031 976.25048828125 976.03857421875 976.173400878906 975.541320800781 980.457092285156 976.960327148438 976.283020019531 969.101928710938 968.252563476562 971.261047363281 982.302307128906 993.908935546875 987.340087890625 993.374389648438 987.845458984375 980.266052246094 978.225524902344 990.197387695312 975.183532714844 984.546936035156
968.620483398438 959.910400390625 955.452026367188 946.514404296875 935.380187988281 947.243957519531 952.398986816406 954.555603027344 954.097534179688 954.352478027344 955.758666992188 961.719970703125 969.107238769531 962.474243164062 952.3974609375 955.938659667969 952.723937988281 957.11083984375 957.414184570312 958.41162109375 957.876586914062 954.669616699219 954.490051269531 961.169372558594 964.866577148438 967.376220703125 963.92333984375 966.261596679688 965.190856933594 968.466613769531 970.225769042969 970.798706054688 967.533996582031 982.932067871094 980.467712402344 985.021545410156 978.67578125 986.11669921875 979.712341308594 982.998840332031 980.348571777344 983.836364746094 984.277282714844 985.685485839844 981.007934570312 978.711242675781
957.792358398438 958.585266113281 949.274658203125 942.682250976562 938.628295898438 940.310546875 947.649291992188 950.593627929688 957.993103027344 952.790466308594 941.894653320312 948.912048339844 949.927368164062 948.419128417969 951.968811035156 951.458557128906 961.689636230469 951.337768554688 956.631896972656 955.471130371094 954.642333984375 948.804077148438 953.583740234375 955.098083496094 953.798706054688 959.022033691406 958.813842773438 962.838928222656 965.806579589844 957.651977539062 963.145568847656 967.703857421875 973.544189453125 981.932861328125 980.301879882812 975.309753417969 974.12255859375 973.888977050781 971.933532714844 975.328125 975.710815429688 983.208312988281 977.246276855469 982.44140625 987.622009277344 982.48876953125
956.323974609375 952.877624511719 948.685302734375 948.17919921875 943.533813476562 938.851013183594 941.376770019531 940.879577636719 946.816101074219 953.733642578125 948.099182128906 948.807250976562 939.031494140625 944.377197265625 952.619506835938 953.233764648438 957.83056640625 961.973327636719 949.966125488281 957.732971191406 960.325378417969 961.826416015625 958.221740722656 953.931396484375 959.982299804688 952.901794433594 959.358154296875 960.325500488281 956.147888183594 957.382385253906 963.40673828125 961.940979003906 969.053161621094 982.00048828125 973.207092285156 967.67236328125 962.517395019531 967.477294921875 965.536743164062 971.923522949219 979.265075683594 976.659057617188 971.564270019531 973.473510742188 988.023071289062 989.229125976562
956.307861328125 957.520080566406 956.45703125 950.46923828125 940.419738769531 938.707214355469 938.829284667969 932.479431152344 939.828186035156 954.106323242188 950.6826171875 945.660278320312 941.502807617188 943.484375 943.105651855469 950.119995117188 960.315551757812 955.727966308594 961.02880859375 963.3154296875 965.502685546875 964.048583984375 957.509338378906 956.774108886719 961.072326660156 968.329650878906 969.552490234375 962.050659179688 966.545227050781 963.840515136719 955.934143066406 967.524536132812 959.52197265625 960.715026855469 967.518615722656 969.405578613281 966.608642578125 965.20849609375 967.032958984375 969.723083496094 971.649047851562 968.298583984375 968.1904296875 974.148681640625 980.972595214844 985.255493164062
963.184326171875 962.976928710938 962.157287597656 957.280212402344 946.687805175781 947.30029296875 941.44482421875 942.397888183594 941.62255859375 946.730590820312 948.316040039062 947.488342285156 949.577087402344 956.236999511719 956.907470703125 956.756408691406 953.372924804688 959.769714355469 959.266418457031 959.334655761719 958.551147460938 965.5439453125 966.3447265625 959.091979980469 958.368957519531 966.334045410156 970.983093261719 970.988891601562 970.969848632812 967.863586425781 965.876159667969 966.243225097656 973.569213867188 962.279235839844 968.061828613281 969.693115234375 967.809509277344 957.144775390625 964.305786132812 975.207580566406 976.240966796875 973.656921386719 969.572570800781 980.754943847656 983.718505859375 983.160095214844
973.783386230469 966.386596679688 961.420837402344 951.493957519531 953.993469238281 954.829406738281 946.891784667969 949.470581054688 939.204772949219 938.412902832031 949.547607421875 962.10986328125 957.379455566406 963.718933105469 965.350036621094 967.226318359375 964.444946289062 964.057556152344 967.7529296875 967.720642089844 975.525146484375 975.372192382812 969.098754882812 963.998840332031 961.766174316406 959.466125488281 958.379821777344 963.244873046875 967.916687011719 964.066711425781 964.292541503906 970.050415039062 973.847473144531 968.711791992188 972.079528808594 974.279968261719 976.931335449219 967.7021484375 962.627685546875 971.177551269531 974.840270996094 973.174987792969 969.378295898438 972.063415527344 982.859252929688 974.922973632812
963.992431640625 964.437377929688 962.089477539062 955.781066894531 951.608581542969 960.034606933594 947.800842285156 946.379333496094 941.336608886719 946.04296875 951.213134765625 961.300415039062 961.125549316406 963.622192382812 971.034545898438 977.058227539062 967.076049804688 968.390686035156 974.565368652344 973.971252441406 974.303894042969 970.702026367188 967.544860839844 973.590270996094 962.153930664062 958.324829101562 955.001770019531 964.763366699219 970.510375976562 972.059020996094 972.100708007812 973.338928222656 977.350830078125 975.644104003906 983.678955078125 987.758178710938 982.823120117188 980.368896484375 979.365905761719 975.108154296875 982.764221191406 974.525695800781 973.368469238281 976.725463867188 975.222229003906 976.434020996094
963.703369140625 958.654541015625 967.986206054688 964.304626464844 961.328796386719 958.940368652344 954.570617675781 950.252807617188 943.794250488281 941.335510253906 955.765686035156 960.213928222656 962.696105957031 970.265258789062 976.510009765625 971.384826660156 977.739440917969 982.908630371094 980.327026367188 978.615173339844 978.219421386719 974.734252929688 964.869323730469 965.945617675781 970.618103027344 967.292907714844 961.978271484375 961.530883789062 967.584899902344 963.164306640625 970.06640625 970.673767089844 974.626708984375 975.536804199219 976.545532226562 977.47021484375 975.074340820312 978.264221191406 979.065734863281 977.365600585938 973.64990234375 976.588439941406 979.081359863281 970.074279785156 970.081848144531 974.476684570312
968.210388183594 970.096618652344 973.766418457031 965.610290527344 970.465270996094 963.821960449219 955.330078125 955.49267578125 951.711181640625 951.123901367188 959.254943847656 971.038391113281 965.806030273438 973.100036621094 974.425048828125 971.113403320312 973.84716796875 977.75830078125 979.065002441406 982.470397949219 986.623291015625 979.959106445312 973.505859375 968.410522460938 978.547119140625 968.372497558594 963.306945800781 959.390075683594 964.166198730469 967.821472167969 967.543212890625 969.10400390625 967.032653808594 969.162414550781 972.011291503906 962.786499023438 966.89599609375 968.695678710938 976.722106933594 974.454284667969 971.10791015625 971.439575195312 975.799072265625 973.996154785156 972.12744140625 974.633361816406
973.307678222656 970.590209960938 965.055847167969 960.166198730469 962.430419921875 952.86279296875 957.506774902344 956.537292480469 953.738220214844 957.517456054688 958.334838867188 963.433898925781 966.392211914062 972.487548828125 978.358337402344 975.236755371094 980.33447265625 977.9052734375 975.262084960938 977.860534667969 976.752685546875 983.875549316406 980.330505371094 977.873840332031 976.251586914062 967.277587890625 969.526306152344 969.038635253906 968.857543945312 966.344970703125 962.721313476562 966.365905761719 968.771911621094 966.020385742188 975.038757324219 971.925842285156 969.391662597656 967.394409179688 974.086853027344 970.337951660156 976.970703125 976.419311523438 983.692199707031 979.367370605469 981.150756835938 967.671813964844
970.624267578125 973.782775878906 968.505310058594 967.785339355469 961.789794921875 949.608947753906 952.706909179688 959.525085449219 955.261413574219 948.875732421875 956.859619140625 970.98828125 967.751831054688 970.901123046875 971.626586914062 976.476257324219 976.220092773438 966.794189453125 969.633239746094 970.538757324219 977.146118164062 982.290405273438 978.1640625 978.049682617188 982.186218261719 969.829345703125 976.701293945312 977.185119628906 976.595764160156 968.179077148438 964.386352539062 964.793395996094 971.679260253906 968.618835449219 976.501892089844 970.814147949219 965.653198242188 970.975280761719 977.913146972656 980.716369628906 980.77197265625 979.144104003906 976.748474121094 982.578430175781 983.056518554688 982.730529785156
972.572082519531 968.503356933594 967.980712890625 961.852355957031 952.050231933594 956.709045410156 962.057006835938 959.196350097656 950.904357910156 948.291198730469 946.398071289062 966.331176757812 967.195861816406 969.145690917969 967.287780761719 974.603454589844 976.155822753906 976.146179199219 972.438720703125 974.298950195312 981.694274902344 980.265686035156 981.373291015625 982.164184570312 975.157470703125 970.8544921875 975.323181152344 964.102172851562 973.138122558594 971.345397949219 971.934448242188 980.890747070312 977.80322265625 975.302612304688 971.211669921875 961.881652832031 962.373474121094 975.293151855469 974.968994140625 974.217956542969 978.486694335938 971.232727050781 976.550903320312 978.581604003906 972.973083496094 979.990295410156
969.092956542969 971.110412597656 960.091125488281 960.634460449219 952.7138671875 948.817504882812 955.716979980469 948.908081054688 946.399597167969 942.033752441406 957.363586425781 963.909484863281 960.80810546875 966.615478515625 964.073913574219 971.700805664062 969.559204101562 970.326416015625 972.15625 973.092712402344 979.611572265625 977.208312988281 986.151916503906 983.783386230469 975.455444335938 971.200561523438 969.639343261719 965.575805664062 969.63232421875 974.787292480469 979.440124511719 980.39697265625 983.376953125 973.697509765625 970.612121582031 973.457702636719 969.987548828125 971.883117675781 975.559753417969 984.036499023438 978.833435058594 983.64697265625 985.666625976562 982.463439941406 978.02392578125 983.356811523438
965.082336425781 964.946838378906 962.660583496094 956.223205566406 955.415893554688 943.957458496094 949.680297851562 947.664245605469 962.127807617188 961.2861328125 959.924133300781 966.899963378906 966.590942382812 979.112426757812 972.635803222656 969.084289550781 965.222778320312 962.125366210938 972.509948730469 975.947814941406 980.299377441406 981.187377929688 987.046447753906 983.574890136719 981.359375 985.990844726562 968.112365722656 978.7275390625 976.029479980469 981.718872070312 984.082153320312 984.94921875 989.422058105469 979.305480957031 976.293273925781 972.671691894531 969.492004394531 970.978637695312 971.290954589844 977.154174804688 975.211791992188 982.103393554688 981.715759277344 981.618530273438 987.334045410156 991.502380371094
968.97998046875 964.97998046875 958.935119628906 952.058837890625 955.020874023438 951.805847167969 956.339172363281 952.78857421875 962.28955078125 966.71728515625 971.435241699219 975.003784179688 969.781372070312 969.421936035156 965.648498535156 959.415161132812 957.001159667969 970.851623535156 983.295715332031 975.405883789062 974.343933105469 980.575378417969 983.562133789062 983.5546875 984.300354003906 986.447509765625 979.361267089844 981.937866210938 979.835327148438 976.73486328125 986.880249023438 991.638732910156 979.977661132812 971.657287597656 971.369262695312 974.721557617188 971.385375976562 967.279846191406 971.765319824219 970.390197753906 974.616271972656 972.309020996094 984.953674316406 984.789978027344 988.987426757812 988.319458007812
