data/zlatibor_dem_simulations/DEMsim4.asc
NCOLS 150
NROWS 100
XLLCORNER 7394249
YLLCORNER 4841999
CELLSIZE 30
NODATA_VALUE -9999
[rows 80 to 99 of 100, columns 92 to 137 of 150]
988.765258789062 991.887573242188 992.718994140625 993.258422851562 996.821594238281 1000.3193359375 996.588806152344 1005.41400146484 1010.24377441406 1011.26599121094 1014.39215087891 1003.01031494141 1008.43786621094 1006.50640869141 1011.93505859375 1019.45129394531 1028.99328613281 1041.15307617188 1041.43786621094 1039.49426269531 1038.46008300781 1041.70935058594 1040.0283203125 1039.75390625 1027.95336914062 1026.05456542969 1027.24682617188 1016.98760986328 1022.25640869141 1024.39123535156 1019.93243408203 1003.9033203125 1004.48101806641 1006.15655517578 1004.12054443359 1006.0712890625 1005.69763183594 997.102722167969 991.983947753906 992.96142578125 986.297729492188 975.752380371094 981.884338378906 994.180786132812 997.81298828125 999.964904785156
991.754455566406 996.255676269531 994.313049316406 993.697814941406 990.59423828125 995.86376953125 997.351989746094 1001.57904052734 1004.59307861328 1010.05139160156 1008.41613769531 1013.41748046875 1005.00573730469 1006.45947265625 1012.31555175781 1014.22973632812 1032.48449707031 1038.654296875 1043.97741699219 1042.36108398438 1038.45239257812 1049.47790527344 1044.14758300781 1043.24645996094 1038.43139648438 1031.37585449219 1029.82006835938 1019.71075439453 1014.76727294922 1012.43859863281 1008.35809326172 1003.84686279297 994.228576660156 993.011901855469 994.4892578125 998.7724609375 992.321350097656 995.9248046875 999.272644042969 989.035949707031 985.904418945312 977.184936523438 979.012329101562 987.846557617188 993.489562988281 999.171997070312
991.409362792969 999.433898925781 991.929443359375 995.806213378906 997.506103515625 999.271789550781 993.229125976562 1001.63146972656 1011.45977783203 1011.16369628906 1005.49255371094 1016.44775390625 1010.07708740234 1006.48352050781 1010.44342041016 1017.12786865234 1027.58947753906 1047.20837402344 1051.67907714844 1045.48571777344 1042.54248046875 1045.31213378906 1045.64453125 1048.3427734375 1042.85876464844 1029.9423828125 1015.99517822266 1011.19262695312 1017.20190429688 1018.45257568359 1008.39813232422 1002.10150146484 998.123901367188 988.259704589844 993.23779296875 996.461242675781 988.413024902344 995.045776367188 1004.22296142578 978.110778808594 978.590148925781 976.594177246094 975.391723632812 978.858764648438 986.930725097656 992.308776855469
996.830200195312 1006.75085449219 1000.37689208984 996.591430664062 998.694152832031 1003.44689941406 1003.76104736328 995.997497558594 1004.09857177734 1004.02484130859 1009.2822265625 1008.69860839844 1001.60699462891 1003.29650878906 1018.19879150391 1023.21948242188 1043.40393066406 1056.09802246094 1056.58447265625 1060.6904296875 1054.07678222656 1049.57409667969 1053.46862792969 1051.42346191406 1045.50524902344 1037.30322265625 1035.91906738281 1028.34753417969 1025.11840820312 1026.65661621094 1007.45690917969 999.37060546875 992.654541015625 991.108703613281 999.5322265625 995.754821777344 983.556701660156 985.195068359375 980.855407714844 986.946960449219 974.966552734375 974.906799316406 973.791198730469 987.875061035156 993.49609375 993.821594238281
1003.90698242188 1008.86315917969 1006.27703857422 998.613464355469 995.855529785156 998.209533691406 1001.53076171875 998.318542480469 1003.54748535156 1008.80499267578 1015.67358398438 1006.42950439453 1008.06951904297 1013.8916015625 1019.47967529297 1031.1875 1038.16857910156 1046.42749023438 1049.3779296875 1065.47375488281 1063.41076660156 1059.05261230469 1054.68603515625 1053.25073242188 1043.69567871094 1040.73303222656 1034.53430175781 1027.99597167969 1025.59887695312 1024.32824707031 1010.22137451172 996.27001953125 990.275817871094 990.014953613281 993.078186035156 980.405029296875 979.977661132812 982.79443359375 982.671142578125 980.200744628906 976.648498535156 972.149963378906 986.914978027344 985.805908203125 989.610107421875 983.125305175781
996.643310546875 1001.38555908203 1009.89819335938 1004.00555419922 996.215209960938 1001.2666015625 1004.77587890625 999.106750488281 1004.98455810547 1011.15124511719 1022.22650146484 1008.41467285156 1014.16400146484 1023.58062744141 1023.51037597656 1037.07678222656 1042.55493164062 1043.00402832031 1056.56567382812 1061.78369140625 1061.02160644531 1057.27075195312 1062.16809082031 1050.54211425781 1043.47534179688 1040.99255371094 1026.94128417969 1022.61218261719 1028.00634765625 1024.19506835938 1008.83209228516 1003.33380126953 993.233215332031 996.3583984375 989.603210449219 979.042297363281 975.049743652344 974.703796386719 978.560974121094 982.106506347656 970.022827148438 977.967468261719 978.969482421875 981.761535644531 981.374145507812 972.519775390625
994.729553222656 1001.24285888672 1002.40240478516 1004.13879394531 1008.66632080078 1004.51879882812 1004.69219970703 1008.27111816406 1005.150390625 1010.99847412109 1015.88696289062 1018.080078125 1013.79479980469 1020.26702880859 1026.22717285156 1033.23962402344 1048.29797363281 1048.99682617188 1053.86254882812 1060.73168945312 1062.32702636719 1068.70166015625 1058.63317871094 1058.06408691406 1052.60986328125 1048.04736328125 1044.97497558594 1041.77172851562 1036.88293457031 1030.353515625 1012.91558837891 1007.49725341797 1007.35565185547 999.497802734375 985.322692871094 985.8193359375 974.564270019531 984.594116210938 977.654846191406 972.462707519531 961.584167480469 967.929931640625 975.080688476562 979.245727539062 979.161010742188 973.9951171875
994.551330566406 1004.99011230469 999.389099121094 1013.16882324219 1013.49731445312 1010.97320556641 1007.33416748047 1004.51721191406 1003.9287109375 1016.62469482422 1024.40551757812 1028.19665527344 1022.15911865234 1023.03588867188 1024.30493164062 1035.89318847656 1048.72900390625 1055.99084472656 1059.9443359375 1056.66027832031 1056.74633789062 1066.13610839844 1068.5498046875 1065.482421875 1059.24572753906 1062.74035644531 1058.30993652344 1037.6953125 1041.51428222656 1040.89721679688 1028.84875488281 1020.97180175781 1004.87194824219 999.1943359375 992.48291015625 977.883239746094 980.100952148438 982.356384277344 979.578491210938 970.510437011719 966.128784179688 972.497314453125 975.126403808594 974.899597167969 985.494995117188 971.527526855469
1000.43640136719 1007.66168212891 1007.80511474609 1011.01794433594 1012.96038818359 1009.50372314453 1015.21203613281 1020.08093261719 1008.29931640625 1015.08099365234 1021.68591308594 1030.23132324219 1025.15942382812 1022.78875732422 1022.06115722656 1031.93310546875 1038.615234375 1044.56274414062 1049.34020996094 1057.49133300781 1053.9716796875 1056.3779296875 1060.7490234375 1055.79382324219 1071.93640136719 1060.83569335938 1059.42834472656 1049.619140625 1043.58618164062 1044.50524902344 1027.76977539062 1018.37738037109 1009.99310302734 1007.40179443359 996.5419921875 992.051208496094 987.288269042969 984.221923828125 980.084899902344 978.404602050781 977.377014160156 973.401306152344 973.796020507812 980.718017578125 978.054077148438 970.427124023438
1003.95745849609 1004.54370117188 1009.67156982422 1011.44763183594 1021.27722167969 1023.59387207031 1019.79748535156 1007.16192626953 1014.88879394531 1012.63970947266 1015.76873779297 1021.75317382812 1018.16302490234 1029.68286132812 1025.830078125 1024.30688476562 1026.724609375 1035.1123046875 1046.44018554688 1053.3603515625 1055.50415039062 1055.37390136719 1056.59924316406 1059.82348632812 1061.02673339844 1065.68420410156 1060.15600585938 1053.36303710938 1044.0087890625 1043.44470214844 1044.3115234375 1026.56042480469 1015.19372558594 1006.43499755859 1003.60827636719 997.506225585938 987.288635253906 980.675842285156 987.220153808594 980.05029296875 975.801452636719 980.457214355469 975.354370117188 976.613525390625 971.150939941406 967.424255371094
1017.66766357422 1009.71411132812 1009.83746337891 1014.03497314453 1015.30505371094 1017.85443115234 1021.45135498047 1019.01959228516 1022.63470458984 1013.02331542969 1021.46954345703 1021.03527832031 1030.26403808594 1030.62854003906 1028.70043945312 1026.49597167969 1025.11267089844 1033.943359375 1044.64916992188 1054.78198242188 1049.13037109375 1054.67224121094 1052.86499023438 1044.19970703125 1050.43334960938 1055.05078125 1062.71899414062 1059.26416015625 1051.2822265625 1047.37841796875 1039.44616699219 1032.22705078125 1018.36273193359 1020.14331054688 1016.57379150391 998.194030761719 991.418334960938 977.158996582031 978.396606445312 985.736572265625 979.685546875 972.390686035156 972.572692871094 975.796875 970.434448242188 970.155029296875
1018.97412109375 1015.89929199219 1012.14959716797 1022.32080078125 1017.98626708984 1018.43103027344 1021.19329833984 1025.45910644531 1018.99700927734 1023.05010986328 1024.25891113281 1022.02233886719 1020.20751953125 1029.94213867188 1026.74682617188 1026.47375488281 1028.89965820312 1042.9755859375 1051.64819335938 1051.83532714844 1051.63342285156 1046.50720214844 1052.56713867188 1041.17907714844 1060.48498535156 1054.64660644531 1050.79040527344 1056.52404785156 1046.84753417969 1034.658203125 1033.51318359375 1025.43115234375 1018.82232666016 1015.67401123047 1007.00311279297 1000.20159912109 994.023254394531 986.108093261719 983.3154296875 973.200927734375 978.102172851562 977.319580078125 973.721130371094 963.6064453125 974.139953613281 975.073852539062
1026.52612304688 1019.55572509766 1020.25970458984 1017.85876464844 1018.04528808594 1021.79992675781 1014.24279785156 1017.94702148438 1023.38763427734 1025.59753417969 1028.54870605469 1025.32409667969 1027.13464355469 1026.08947753906 1034.45166015625 1036.43872070312 1024.1982421875 1032.30065917969 1043.23352050781 1048.97583007812 1047.80871582031 1046.42639160156 1045.00988769531 1046.73388671875 1047.26708984375 1050.95629882812 1046.3935546875 1042.66125488281 1041.14318847656 1035.22631835938 1029.54565429688 1026.25634765625 1022.98455810547 1014.70092773438 1010.21734619141 1007.13653564453 1002.02746582031 989.128295898438 979.040649414062 970.287170410156 977.198547363281 979.768920898438 975.096496582031 960.240661621094 966.621154785156 965.575744628906
1010.58221435547 1022.02142333984 1018.46368408203 1018.84417724609 1025.86462402344 1024.86352539062 1021.76586914062 1027.27197265625 1023.23126220703 1022.33062744141 1023.16735839844 1021.37615966797 1026.95031738281 1031.17590332031 1032.88562011719 1025.1708984375 1035.83374023438 1031.01708984375 1036.638671875 1034.99328613281 1032.83374023438 1035.39208984375 1037.13757324219 1041.08996582031 1048.47778320312 1047.48315429688 1042.01049804688 1035.958984375 1034.93444824219 1021.68310546875 1023.65209960938 1025.67504882812 1035.24194335938 1023.47808837891 1008.99719238281 1010.94036865234 1002.67755126953 987.51025390625 986.426635742188 979.380737304688 979.881286621094 978.869812011719 968.222717285156 964.400695800781 961.258728027344 959.642761230469
1015.01721191406 1024.98742675781 1026.74890136719 1024.94323730469 1026.43237304688 1029.22265625 1030.505859375 1030.72900390625 1029.33947753906 1025.21997070312 1033.3759765625 1027.39038085938 1032.43322753906 1033.7822265625 1036.5517578125 1025.8427734375 1031.001953125 1030.53125 1029.38256835938 1029.26428222656 1033.02905273438 1029.48571777344 1044.34887695312 1034.06372070312 1035.62487792969 1035.54223632812 1027.86645507812 1021.53851318359 1023.59173583984 1023.67504882812 1019.94488525391 1022.41198730469 1022.19805908203 1017.43737792969 1008.11895751953 1010.00183105469 1003.77740478516 997.521484375 986.84423828125 980.485900878906 973.75 969.122680664062 967.515747070312 960.591430664062 962.468994140625 961.780517578125
1011.51507568359 1020.01483154297 1030.93408203125 1027.08837890625 1028.03430175781 1023.9072265625 1028.99926757812 1016.21453857422 1018.47143554688 1031.0419921875 1029.77258300781 1028.38952636719 1026.92346191406 1032.61572265625 1033.60180664062 1022.31848144531 1032.033203125 1027.06481933594 1024.85607910156 1026.3125 1026.51196289062 1038.25012207031 1040.17114257812 1038.38464355469 1031.5400390625 1028.37976074219 1026.59216308594 1017.05291748047 1025.9287109375 1023.53405761719 1020.42053222656 1020.58532714844 1019.09094238281 1013.4384765625 1010.76940917969 1008.68902587891 1000.29168701172 992.502685546875 981.357788085938 982.412658691406 977.374389648438 972.57177734375 958.965942382812 960.123596191406 962.130310058594 963.238891601562
1007.6142578125 1021.94818115234 1031.87145996094 1034.83630371094 1032.2587890625 1031.74865722656 1020.91613769531 1019.89508056641 1019.75964355469 1025.63671875 1034.42553710938 1025.5556640625 1016.56622314453 1030.615234375 1026.98107910156 1017.36810302734 1031.48779296875 1032.36950683594 1026.38391113281 1023.38208007812 1032.09631347656 1033.78234863281 1039.84924316406 1049.66967773438 1032.83483886719 1032.77722167969 1027.40649414062 1025.46618652344 1032.89721679688 1024.0185546875 1024.95812988281 1018.28729248047 1015.66766357422 1014.24761962891 1008.99041748047 1009.20983886719 994.693298339844 992.078674316406 985.475280761719 984.941101074219 978.206176757812 970.976257324219 969.683410644531 967.107543945312 967.820922851562 970.101440429688
1014.9052734375 1020.93615722656 1025.41943359375 1029.19372558594 1027.57763671875 1034.17785644531 1041.94213867188 1035.19848632812 1036.7060546875 1034.0146484375 1039.77893066406 1031.3974609375 1026.36291503906 1027.18005371094 1021.36578369141 1018.5078125 1025.26867675781 1026.84350585938 1023.98364257812 1018.11883544922 1026.07922363281 1036.40637207031 1043.57739257812 1041.40954589844 1038.93298339844 1024.11645507812 1024.01782226562 1022.82733154297 1028.35961914062 1024.35852050781 1013.333984375 1015.28106689453 1016.58099365234 1014.54522705078 1009.53698730469 1005.95446777344 1003.18835449219 998.357238769531 986.536193847656 982.128540039062 975.824096679688 975.856018066406 975.622741699219 962.784851074219 967.450500488281 983.571166992188
1016.90496826172 1023.50671386719 1029.33947753906 1022.95568847656 1029.72351074219 1043.27111816406 1043.6513671875 1047.11022949219 1040.65246582031 1037.51818847656 1031.27648925781 1026.19714355469 1020.86779785156 1026.84509277344 1024.50537109375 1020.14916992188 1030.22290039062 1025.26525878906 1022.21185302734 1034.83959960938 1032.33679199219 1039.38818359375 1038.16296386719 1036.49877929688 1031.99108886719 1026.84460449219 1020.48016357422 1020.08306884766 1022.02471923828 1013.48565673828 1016.90344238281 1002.79205322266 1004.87896728516 1007.31286621094 1010.06762695312 1003.46466064453 1002.42596435547 987.796081542969 993.140380859375 978.804931640625 972.965026855469 971.481018066406 963.847229003906 964.352783203125 971.978332519531 974.694091796875
1019.50555419922 1022.00604248047 1026.05749511719 1022.75524902344 1035.85668945312 1046.62194824219 1047.93127441406 1047.23217773438 1051.80688476562 1040.96166992188 1031.39807128906 1031.86254882812 1023.25933837891 1023.44366455078 1026.11779785156 1036.36328125 1026.61181640625 1023.8720703125 1028.77844238281 1027.12280273438 1028.54016113281 1034.08435058594 1040.90173339844 1041.66943359375 1036.73071289062 1031.95520019531 1021.19873046875 1014.12213134766 1018.57843017578 1022.59234619141 1008.54327392578 1000.10260009766 1007.91546630859 1001.00988769531 1002.12347412109 999.085632324219 989.822570800781 991.508056640625 989.210754394531 973.120422363281 971.494812011719 968.784057617188 969.014892578125 965.830627441406 962.468078613281 958.797241210938
