data/zlatibor_dem_simulations/DEMsim41.asc
NCOLS 150
NROWS 100
XLLCORNER 7394249
YLLCORNER 4841999
CELLSIZE 30
NODATA_VALUE -9999
[rows 60 to 79 of 100, columns 46 to 91 of 150]
952.726440429688 958.502014160156 950.302001953125 951.399963378906 946.111572265625 946.517700195312 951.700317382812 952.48486328125 954.007263183594 953.854309082031 965.648864746094 969.593872070312 963.920776367188 961.66552734375 965.021728515625 964.511779785156 966.765380859375 967.197326660156 958.779724121094 960.989624023438 963.745239257812 962.162109375 953.589904785156 955.475952148438 964.09228515625 969.666259765625 967.50830078125 962.786499023438 964.434692382812 963.48193359375 969.731689453125 962.269775390625 973.142944335938 972.857788085938 970.371643066406 972.009521484375 981.159423828125 972.582458496094 971.194519042969 964.075622558594 962.45751953125 969.471984863281 975.285034179688 967.485900878906 965.56201171875 966.026123046875
962.65087890625 969.9970703125 958.934265136719 957.946411132812 949.231750488281 957.833984375 955.521179199219 956.842041015625 953.605163574219 958.247619628906 964.387756347656 968.942993164062 968.247802734375 968.515197753906 966.402160644531 961.468200683594 966.849914550781 969.004699707031 960.94580078125 964.478820800781 959.906982421875 950.973876953125 948.622192382812 955.484069824219 962.59912109375 970.513488769531 968.426391601562 961.615234375 963.689514160156 970.823364257812 965.856201171875 969.230529785156 971.381469726562 968.468933105469 965.455139160156 976.994995117188 975.458801269531 973.540832519531 972.196411132812 970.1171875 969.419372558594 972.256286621094 975.7333984375 969.030334472656 964.069274902344 959.290100097656
958.702453613281 964.099487304688 966.501708984375 964.428161621094 963.741760253906 961.702392578125 958.383911132812 963.203552246094 957.606506347656 961.172424316406 964.255798339844 970.347473144531 968.25439453125 967.356750488281 971.64990234375 966.529724121094 966.449035644531 973.748962402344 969.621459960938 965.377075195312 964.94677734375 954.928100585938 959.864318847656 971.440063476562 966.706848144531 973.306213378906 961.997863769531 968.040283203125 961.08984375 976.799865722656 968.477478027344 956.8857421875 963.320678710938 971.158508300781 972.834167480469 973.31689453125 975.730224609375 970.453308105469 975.474304199219 974.273193359375 973.713500976562 973.135131835938 975.95458984375 975.226745605469 970.401062011719 967.183715820312
958.875183105469 962.871215820312 975.179016113281 970.212829589844 968.610595703125 961.539184570312 966.839721679688 956.201965332031 956.985778808594 966.474060058594 962.229309082031 959.0771484375 962.414611816406 971.366271972656 969.019958496094 973.686706542969 974.774291992188 972.76171875 971.4267578125 965.108154296875 964.530700683594 962.247192382812 969.524841308594 965.72021484375 972.214111328125 974.75048828125 966.782592773438 967.000305175781 976.155883789062 965.670288085938 970.286315917969 962.452331542969 964.687255859375 972.096496582031 979.546691894531 970.702331542969 976.210876464844 969.502685546875 980.821105957031 974.424621582031 977.427001953125 973.348449707031 974.171936035156 975.831115722656 979.336181640625 970.916442871094
965.628051757812 968.4384765625 980.157348632812 974.570861816406 969.933471679688 969.905700683594 968.973571777344 966.232177734375 961.028869628906 962.734069824219 957.22314453125 965.362609863281 965.57470703125 974.863403320312 968.067260742188 960.927612304688 965.048889160156 971.094116210938 972.686706542969 963.016418457031 964.801391601562 956.505310058594 969.220947265625 967.363952636719 966.843566894531 979.373657226562 977.706298828125 977.819519042969 974.978576660156 976.346923828125 962.973449707031 963.684753417969 971.300659179688 977.684875488281 984.748901367188 981.834228515625 980.600280761719 977.651550292969 976.176940917969 978.311767578125 970.011535644531 976.428527832031 983.714721679688 980.70556640625 980.35693359375 975.249267578125
977.92919921875 975.938110351562 973.418762207031 979.049133300781 973.640869140625 976.587097167969 968.462219238281 967.932434082031 965.15087890625 958.953002929688 964.220397949219 963.526672363281 970.470764160156 971.869018554688 973.534606933594 961.582092285156 965.404357910156 970.242309570312 964.217346191406 968.560424804688 967.561706542969 971.133239746094 972.09521484375 966.960021972656 969.999389648438 975.466857910156 972.124572753906 970.572570800781 973.017456054688 973.661376953125 967.162414550781 967.765686035156 984.196044921875 979.058715820312 977.184387207031 983.107971191406 987.372436523438 978.184204101562 984.934692382812 982.00341796875 977.44580078125 972.194885253906 983.263122558594 986.479919433594 983.214721679688 973.477233886719
979.306274414062 984.139343261719 975.061279296875 970.819396972656 971.264953613281 973.224853515625 970.710876464844 965.341918945312 958.464965820312 960.879516601562 970.87890625 965.112487792969 969.797424316406 975.073608398438 967.0244140625 963.800903320312 966.052856445312 967.55615234375 970.425659179688 974.698913574219 970.031311035156 976.424987792969 968.940612792969 968.864196777344 975.5859375 972.135864257812 976.930847167969 979.974731445312 972.649169921875 974.935852050781 967.952697753906 970.608276367188 984.972290039062 974.928344726562 971.987487792969 982.699340820312 976.94482421875 982.32275390625 989.034729003906 990.948974609375 989.579772949219 978.656555175781 983.270324707031 981.701049804688 976.754577636719 976.994873046875
976.430725097656 982.245544433594 979.491760253906 986.49609375 977.746032714844 974.702026367188 975.419250488281 971.379516601562 969.880737304688 971.562255859375 977.754638671875 980.970336914062 969.927551269531 973.387512207031 970.232421875 964.251342773438 966.050964355469 960.146911621094 962.220642089844 966.346435546875 961.153625488281 969.854064941406 966.781921386719 975.523071289062 984.369262695312 975.616943359375 980.247192382812 976.811401367188 980.639404296875 976.674865722656 971.951965332031 978.060424804688 983.369140625 980.671325683594 978.067260742188 980.215393066406 982.928466796875 980.241455078125 982.953186035156 997.253662109375 994.146362304688 988.910217285156 979.518249511719 979.205200195312 974.151428222656 980.250305175781
986.549438476562 979.145568847656 986.468811035156 988.23583984375 981.238098144531 987.326965332031 983.784301757812 983.685852050781 967.62744140625 982.259033203125 986.75146484375 985.577575683594 980.681884765625 976.338500976562 973.352905273438 965.171936035156 964.413269042969 966.891906738281 963.235107421875 965.019104003906 971.734130859375 974.788024902344 976.849365234375 980.000183105469 983.019653320312 985.645812988281 986.235290527344 986.697570800781 985.606750488281 978.895202636719 978.403381347656 977.760925292969 983.708740234375 976.055297851562 977.903198242188 981.162902832031 981.933532714844 984.505554199219 990.221069335938 991.818908691406 992.52294921875 983.175537109375 977.135437011719 965.852966308594 968.717163085938 975.977478027344
979.653991699219 986.652465820312 989.812133789062 985.706665039062 983.653015136719 985.054992675781 983.836608886719 983.379150390625 979.039428710938 988.428771972656 988.655212402344 978.58935546875 974.945617675781 980.202270507812 973.643005371094 971.916870117188 969.291687011719 964.662109375 957.83837890625 962.564819335938 971.286865234375 980.808837890625 983.911865234375 977.2373046875 986.767150878906 986.582214355469 981.783447265625 974.335083007812 989.726257324219 980.239929199219 986.13232421875 973.440856933594 971.608337402344 974.137634277344 974.82666015625 987.184631347656 982.94970703125 984.325988769531 989.879760742188 987.197631835938 983.484313964844 985.436218261719 981.369018554688 973.747192382812 975.86962890625 976.551208496094
986.153930664062 990.693908691406 1001.99920654297 991.02001953125 984.624389648438 988.523864746094 985.043701171875 981.553161621094 989.118835449219 986.449340820312 993.352600097656 981.225036621094 965.930358886719 976.111022949219 983.010192871094 974.304992675781 975.346069335938 969.867126464844 967.46142578125 965.6611328125 967.380187988281 978.584533691406 976.263671875 977.710388183594 982.387939453125 983.533996582031 986.360229492188 982.311767578125 988.340576171875 989.451538085938 980.520812988281 983.955322265625 972.469787597656 974.59716796875 971.803833007812 976.380676269531 984.348266601562 990.009155273438 990.067077636719 986.518737792969 981.795166015625 980.794982910156 977.36376953125 975.856384277344 966.329345703125 974.557556152344
1002.03125 1005.28851318359 1002.83154296875 988.219909667969 977.041442871094 983.452758789062 983.041931152344 988.466491699219 991.75244140625 987.327514648438 988.216247558594 970.218383789062 962.425048828125 972.648803710938 968.161804199219 966.26513671875 972.981140136719 967.289978027344 972.532958984375 976.979553222656 970.318481445312 977.739868164062 979.260498046875 976.254211425781 977.244506835938 989.82080078125 985.319580078125 985.363708496094 986.172302246094 977.643981933594 988.821411132812 994.421325683594 977.317016601562 979.3896484375 973.033020019531 978.818542480469 982.783996582031 990.318908691406 988.941162109375 991.385437011719 983.040649414062 973.292785644531 969.366943359375 971.238708496094 970.980041503906 970.52685546875
999.280334472656 1011.85180664062 1005.72644042969 996.495788574219 981.944763183594 987.899536132812 981.548645019531 990.343078613281 980.788940429688 984.748352050781 978.510559082031 970.838195800781 970.608703613281 969.121704101562 973.272399902344 973.260620117188 961.050415039062 966.88720703125 968.986999511719 976.039855957031 976.556213378906 971.690368652344 977.006469726562 980.139465332031 977.984558105469 989.192199707031 982.763793945312 986.112854003906 986.297119140625 981.688110351562 983.49267578125 990.680725097656 982.961486816406 987.109741210938 986.179138183594 980.828369140625 986.584533691406 982.7548828125 981.1416015625 980.762756347656 983.656555175781 971.868774414062 976.5166015625 982.300598144531 982.130981445312 977.583740234375
1003.54187011719 1004.53869628906 999.985595703125 1002.61383056641 988.674743652344 991.804809570312 983.750183105469 978.218200683594 984.710632324219 981.091979980469 980.839050292969 973.3076171875 972.127990722656 974.643493652344 972.751159667969 971.012573242188 965.537109375 968.926696777344 972.712524414062 971.00537109375 979.017578125 978.039978027344 985.674926757812 974.335693359375 981.080810546875 981.443969726562 988.136962890625 988.108825683594 989.618835449219 984.813903808594 991.569519042969 986.254638671875 987.267456054688 980.840698242188 981.507263183594 985.390502929688 980.646423339844 984.684143066406 977.128662109375 983.369018554688 978.013549804688 982.355163574219 978.179931640625 982.970581054688 979.104797363281 980.814758300781
1003.34625244141 1011.83697509766 1006.34820556641 1006.03826904297 995.538513183594 992.279479980469 989.745239257812 984.24560546875 974.6435546875 975.471557617188 977.863342285156 977.44970703125 972.834655761719 979.612182617188 974.053039550781 976.508239746094 973.330932617188 972.138671875 977.326782226562 974.643859863281 970.543701171875 974.570373535156 976.802368164062 977.139099121094 985.315002441406 980.028991699219 995.831176757812 986.317138671875 986.769348144531 987.857727050781 992.506652832031 989.695007324219 986.186828613281 981.56982421875 984.3173828125 982.841491699219 990.523315429688 978.108825683594 975.274597167969 980.025817871094 980.781616210938 983.089965820312 986.908508300781 988.969482421875 979.932922363281 979.739074707031
1009.09704589844 1017.50823974609 1017.58642578125 1002.76629638672 1006.73559570312 998.194274902344 996.593872070312 982.358642578125 981.873596191406 980.869995117188 987.121032714844 975.309631347656 972.167175292969 977.465087890625 975.262512207031 973.421264648438 969.814208984375 966.790466308594 969.6953125 973.122924804688 963.402404785156 976.464721679688 986.474426269531 983.249694824219 988.974670410156 988.795227050781 997.812622070312 989.158569335938 991.219787597656 997.4716796875 998.025329589844 989.894104003906 987.413696289062 985.080932617188 987.477294921875 988.210998535156 987.275634765625 986.484924316406 985.081726074219 982.053894042969 983.881164550781 997.929626464844 997.1171875 981.410461425781 979.368530273438 980.3046875
1015.13348388672 1017.11102294922 1015.59906005859 1005.42938232422 994.8681640625 996.382751464844 988.47412109375 980.969299316406 983.889343261719 982.404174804688 981.012268066406 981.597595214844 970.272644042969 974.7236328125 966.575012207031 971.958862304688 973.001098632812 968.312255859375 967.588439941406 964.12451171875 967.968566894531 979.0302734375 990.792114257812 988.793029785156 989.417236328125 995.006652832031 996.295227050781 992.356567382812 994.615600585938 997.096435546875 1003.86444091797 996.505126953125 1002.04449462891 995.380310058594 991.731018066406 987.144165039062 989.218933105469 993.296813964844 984.354736328125 982.938903808594 982.866271972656 991.926696777344 988.199645996094 987.153747558594 984.313171386719 984.251770019531
1004.52294921875 1015.27856445312 1012.93536376953 1000.28863525391 1003.66363525391 1001.75189208984 993.384338378906 988.569763183594 985.802795410156 982.662780761719 982.183349609375 974.997009277344 983.061279296875 971.947387695312 973.893249511719 979.492370605469 971.833312988281 974.396240234375 970.641967773438 976.376342773438 979.250549316406 976.840698242188 986.384033203125 988.185424804688 991.459838867188 992.394775390625 995.329772949219 998.4931640625 993.575012207031 993.537658691406 995.019104003906 1006.04406738281 998.997680664062 1001.10736083984 1000.98748779297 988.215515136719 993.53857421875 987.120910644531 988.42333984375 983.784912109375 980.460754394531 996.577087402344 991.199462890625 987.277770996094 981.967590332031 986.300231933594
998.727172851562 1007.40875244141 1009.18914794922 1000.45501708984 1002.15533447266 998.7685546875 994.461975097656 988.096984863281 988.129699707031 982.914306640625 978.058715820312 981.975952148438 981.887451171875 973.353210449219 972.303161621094 971.188903808594 970.2548828125 974.581115722656 965.684143066406 973.320495605469 972.503784179688 976 980.427429199219 983.279907226562 988.661865234375 992.257568359375 992.062805175781 991.297546386719 995.670349121094 995.898132324219 987.481750488281 996.111267089844 1009.5390625 1009.13720703125 1005.13916015625 1002.70776367188 997.238403320312 1003.88195800781 1002.08380126953 988.5087890625 998.260559082031 996.903503417969 998.471374511719 991.170593261719 982.476623535156 984.368774414062
1001.37713623047 997.562561035156 994.762512207031 1003.33062744141 1005.95678710938 997.117553710938 982.375793457031 989.748229980469 985.003723144531 983.561157226562 983.830505371094 981.957092285156 980.414306640625 975.895751953125 969.627685546875 976.788391113281 974.018493652344 972.677856445312 981.842529296875 980.315551757812 975.242797851562 964.882873535156 978.037292480469 980.279541015625 989.542907714844 985.102294921875 990.996215820312 989.778442382812 995.863098144531 996.808776855469 1000.1982421875 1007.7646484375 1004.00384521484 1004.35095214844 998.415710449219 1007.35626220703 1003.4326171875 1003.83996582031 1000.48168945312 993.23291015625 1005.23272705078 1006.048828125 997.195495605469 991.1181640625 984.324462890625 985.269409179688
