data/zlatibor_dem_simulations/DEMsim94 (1).asc
NCOLS 150
NROWS 100
XLLCORNER 7394249
YLLCORNER 4841999
CELLSIZE 30
NODATA_VALUE -9999
[rows 40 to 59 of 100, columns 0 to 45 of 150]
932.091003417969 938.97607421875 957.692443847656 963.038635253906 959.664611816406 960.692932128906 960.776733398438 965.737487792969 964.390625 959.669921875 964.798156738281 969.542663574219 973.975524902344 969.216552734375 975.080505371094 973.091003417969 984.554504394531 985.778991699219 973.467590332031 970.655578613281 976.646789550781 978.204711914062 978.604370117188 975.259948730469 976.129455566406 982.747436523438 977.845825195312 978.983215332031 987.296813964844 988.650573730469 988.984008789062 981.451354980469 987.6630859375 985.535217285156 974.645874023438 979.455749511719 969.760986328125 973.823974609375 968.893005371094 970.282348632812 966.807861328125 968.3896484375 967.199157714844 961.858093261719 959.185485839844 969.158508300781
925.823486328125 939.392944335938 947.313171386719 957.779541015625 958.3095703125 960.369079589844 959.34814453125 955.815002441406 962.794738769531 962.056030273438 967.2197265625 967.520202636719 968.899963378906 972.120056152344 967.936462402344 980.282531738281 979.415771484375 980.054748535156 985.314453125 975.433044433594 978.724975585938 967.308044433594 972.592651367188 974.55517578125 973.4921875 971.186401367188 979.863220214844 978.351013183594 987.077453613281 984.931274414062 975.447021484375 982.447998046875 981.266235351562 977.95458984375 969.296081542969 969.35986328125 968.459289550781 975.308532714844 968.457336425781 970.978576660156 974.244445800781 972.261535644531 970.51123046875 957.347717285156 959.164001464844 972.000793457031
939.882873535156 942.332275390625 935.851928710938 950.205322265625 951.585388183594 948.940246582031 948.410888671875 948.677185058594 954.078918457031 959.059936523438 973.718017578125 969.41455078125 974.23876953125 962.2783203125 969.785583496094 978.622680664062 976.509399414062 981.57666015625 975.837707519531 985.01171875 985.0517578125 971.533935546875 971.666198730469 973.798522949219 969.893371582031 968.841125488281 974.973876953125 987.831481933594 984.023132324219 978.196044921875 968.974914550781 974.396789550781 969.8740234375 982.167541503906 978.717712402344 969.773132324219 971.887329101562 984.150329589844 974.521118164062 965.964782714844 972.107360839844 973.793701171875 965.621398925781 963.346435546875 958.634399414062 959.783630371094
947.015563964844 945.425537109375 945.296325683594 950.384338378906 948.988098144531 957.489685058594 939.0859375 936.272766113281 948.308715820312 956.148803710938 965.444030761719 970.907104492188 968.8291015625 963.5625 969.17822265625 968.888305664062 977.503295898438 971.493347167969 977.843139648438 980.215698242188 974.7216796875 977.893432617188 971.912719726562 975.367980957031 975.805114746094 973.454345703125 980.544189453125 991.890869140625 982.269470214844 981.377868652344 978.685913085938 969.427856445312 973.789978027344 982.661926269531 982.776000976562 982.892150878906 976.863342285156 971.152465820312 973.094787597656 969.356262207031 962.978332519531 963.246643066406 964.300476074219 966.701599121094 957.862426757812 961.693176269531
947.671569824219 953.463562011719 952.11962890625 953.6318359375 955.179321289062 952.6044921875 944.690002441406 937.548583984375 955.555053710938 958.665954589844 964.418762207031 963.986083984375 967.767700195312 973.808898925781 970.469482421875 974.229125976562 970.291687011719 969.515075683594 976.773071289062 977.238525390625 971.786926269531 974.710327148438 970.870178222656 963.425537109375 971.954833984375 974.496154785156 983.940612792969 991.882629394531 978.914672851562 986.540954589844 975.669250488281 980.139343261719 969.056945800781 968.296142578125 980.288635253906 980.040710449219 975.002319335938 969.19482421875 973.172241210938 974.973266601562 968.4072265625 965.604309082031 961.332214355469 960.484741210938 968.132080078125 960.465209960938
951.115112304688 948.909057617188 949.060546875 950.857788085938 956.018676757812 952.735046386719 949.940795898438 949.638488769531 956.685668945312 966.664428710938 970.472290039062 969.137084960938 972.295043945312 967.420654296875 965.948669433594 971.08349609375 977.776306152344 973.194396972656 971.888671875 971.83935546875 968.3935546875 972.53271484375 974.73095703125 971.192687988281 979.015747070312 981.298095703125 982.449951171875 989.671142578125 990.534790039062 989.611267089844 981.391723632812 976.424865722656 977.630187988281 976.460510253906 977.868774414062 979.385681152344 976.552673339844 965.031616210938 966.825134277344 975.709350585938 971.192199707031 961.137023925781 960.642700195312 951.037902832031 968.353942871094 962.191955566406
961.791198730469 957.160339355469 949.448974609375 949.029907226562 959.711791992188 957.718200683594 950.273254394531 948.739807128906 968.202453613281 969.366027832031 969.434448242188 974.337890625 979.557250976562 984.140686035156 978.826110839844 970.302490234375 972.419921875 973.061950683594 970.22021484375 974.681396484375 975.152465820312 971.167114257812 969.651428222656 968.784484863281 975.289245605469 979.373718261719 980.710388183594 976.731262207031 981.649719238281 978.342468261719 969.478820800781 969.550720214844 977.799682617188 984.721557617188 977.951782226562 968.411682128906 966.543029785156 962.918762207031 961.941711425781 973.347778320312 968.552795410156 961.787841796875 960.34423828125 957.463317871094 962.218322753906 971.280456542969
952.974548339844 952.099182128906 953.2001953125 958.180847167969 975.019287109375 963.999633789062 957.053527832031 961.753051757812 963.824401855469 968.691772460938 971.74853515625 965.881164550781 979.66357421875 980.691467285156 978.585144042969 971.851989746094 976.578735351562 970.8525390625 974.054077148438 976.577209472656 975.740600585938 971.789001464844 963.795043945312 972.795654296875 962.264526367188 970.182678222656 976.552551269531 969.728088378906 966.385192871094 969.786193847656 966.039245605469 969.048461914062 980.506469726562 980.755187988281 979.600830078125 973.428039550781 964.309265136719 955.534851074219 963.538452148438 974.923950195312 972.959899902344 972.279357910156 965.596862792969 967.548767089844 963.532592773438 960.239135742188
955.86474609375 959.006103515625 963.48779296875 954.568298339844 960.925476074219 964.608581542969 965.862426757812 966.556640625 964.497253417969 963.755859375 966.890075683594 968.954833984375 976.946350097656 985.311096191406 980.685424804688 976.081359863281 976.962585449219 975.07373046875 982.972351074219 981.058288574219 976.131164550781 972.7822265625 963.935180664062 969.496276855469 967.210144042969 964.506652832031 965.160583496094 962.714416503906 963.84130859375 966.561828613281 969.227783203125 970.0126953125 970.178161621094 978.768859863281 979.820678710938 970.843505859375 970.424926757812 963.720825195312 961.048461914062 966.351806640625 960.655456542969 966.864868164062 957.703491210938 958.108703613281 962.042724609375 964.980529785156
953.481018066406 954.445617675781 949.646789550781 953.055725097656 963.22021484375 964.739624023438 969.386108398438 966.327575683594 963.366577148438 960.238159179688 963.801391601562 979.821594238281 977.553283691406 981.504089355469 979.964782714844 976.158996582031 977.669372558594 985.751770019531 975.658996582031 984.991821289062 973.488403320312 966.403564453125 965.533935546875 959.053649902344 961.612976074219 966.564025878906 961.213439941406 960.807006835938 966.301086425781 975.433776855469 974.592956542969 971.036682128906 967.300476074219 968.728088378906 973.517761230469 976.986022949219 970.563049316406 966.359924316406 968.353393554688 963.755554199219 961.049011230469 959.867126464844 951.56591796875 952.31005859375 955.4404296875 958.433654785156
962.323120117188 955.130859375 943.357421875 949.483276367188 955.661743164062 965.105834960938 968.233642578125 969.791137695312 969.448120117188 967.6669921875 966.760925292969 983.231872558594 982.014770507812 982.386901855469 981.192321777344 980.367797851562 975.841918945312 976.115417480469 974.267028808594 982.788452148438 972.482543945312 963.435974121094 957.216003417969 956.929382324219 969.094055175781 963.809753417969 960.284362792969 964.31298828125 960.4794921875 969.589477539062 968.881042480469 970.203063964844 962.674499511719 965.888427734375 971.53466796875 968.888671875 965.842956542969 972.845336914062 964.554382324219 957.738342285156 950.020812988281 969.160705566406 954.87353515625 951.300842285156 946.105224609375 962.403259277344
967.059509277344 967.418884277344 950.872802734375 950.735778808594 958.627868652344 969.173400878906 972.429870605469 972.745788574219 972.955810546875 969.949584960938 973.002319335938 977.5244140625 985.410705566406 977.697265625 986.046264648438 977.791564941406 978.849853515625 972.736999511719 977.849243164062 968.63232421875 968.579772949219 975.395568847656 966.199523925781 965.391845703125 964.726623535156 961.154235839844 957.196960449219 960.831481933594 964.439758300781 972.033264160156 970.685119628906 971.085021972656 964.147094726562 970.186218261719 966.598388671875 966.693359375 958.114074707031 964.013916015625 962.480895996094 958.924194335938 961.624633789062 954.100708007812 954.916015625 956.703125 953.425842285156 958.761779785156
973.894714355469 968.416442871094 958.60791015625 959.12451171875 960.716064453125 971.84814453125 971.606506347656 976.558959960938 969.923034667969 967.011413574219 978.274169921875 979.751037597656 982.70849609375 979.304504394531 981.51708984375 986.921264648438 978.588256835938 970.016357421875 967.40478515625 964.221374511719 965.895935058594 968.205444335938 973.928527832031 967.527038574219 965.266906738281 965.102111816406 954.670288085938 954.246032714844 965.239807128906 967.762390136719 969.822937011719 968.814880371094 964.399291992188 963.003112792969 963.103820800781 963.3408203125 956.473510742188 966.353698730469 961.770324707031 957.089660644531 964.225952148438 962.124084472656 954.927185058594 946.093566894531 935.610778808594 947.579162597656
971.85302734375 964.032958984375 953.591552734375 955.839599609375 965.035827636719 979.490905761719 976.918029785156 972.325012207031 967.473083496094 972.470031738281 975.822204589844 983.638122558594 982.979309082031 980.606994628906 980.026977539062 982.699584960938 974.276977539062 970.709594726562 973.832885742188 966.525756835938 963.741271972656 964.020141601562 963.057800292969 955.871765136719 959.384155273438 960.286560058594 960.354553222656 961.097717285156 961.031677246094 970.197998046875 970.722412109375 964.960876464844 963.026916503906 961.16943359375 966.01513671875 969.929992675781 959.2158203125 967.079406738281 964.259094238281 965.821166992188 972.046630859375 963.513488769531 960.66064453125 953.326232910156 944.390747070312 954.570007324219
960.844482421875 955.666748046875 951.574951171875 963.308044433594 971.053466796875 981.323913574219 978.344055175781 976.941833496094 965.367309570312 964.624267578125 973.514587402344 978.222961425781 980.584228515625 983.531066894531 979.352783203125 978.326171875 974.211975097656 970.063415527344 967.254333496094 967.82861328125 969.427307128906 968.270385742188 962.484252929688 966.777404785156 960.384155273438 961.746765136719 960.894653320312 958.535095214844 966.571472167969 967.346618652344 964.867980957031 965.55224609375 957.568298339844 962.570983886719 966.135681152344 968.18359375 957.68408203125 957.611999511719 959.942749023438 963.694091796875 973.905700683594 966.290405273438 962.775146484375 955.090393066406 954.701171875 954.020324707031
959.924072265625 960.507263183594 956.92041015625 961.155822753906 972.321533203125 983.033569335938 983.251892089844 971.58056640625 974.568420410156 975.522705078125 969.877319335938 968.642028808594 973.3662109375 972.71533203125 972.132568359375 970.999572753906 971.208435058594 965.883544921875 972.746704101562 968.940246582031 965.040100097656 962.884460449219 955.803405761719 960.94775390625 958.256774902344 960.925109863281 967.579284667969 965.498229980469 963.136352539062 961.766418457031 955.6484375 960.266662597656 956.419982910156 961.93505859375 963.899291992188 962.217468261719 958.180847167969 952.777160644531 950.909790039062 957.343933105469 967.745422363281 961.355163574219 961.100463867188 957.380065917969 958.84033203125 952.208923339844
963.940124511719 961.261474609375 952.546142578125 958.886596679688 972.244262695312 982.717102050781 981.528869628906 974.727416992188 967.582885742188 964.29443359375 964.98583984375 969.210327148438 969.852478027344 965.643737792969 970.94677734375 974.24462890625 969.343566894531 970.175170898438 967.852722167969 963.321899414062 964.772277832031 953.765808105469 948.522644042969 958.119812011719 969.276245117188 959.748962402344 959.043151855469 956.432983398438 956.857360839844 955.164794921875 957.130310058594 965.226745605469 960.820251464844 968.768432617188 962.500061035156 960.281799316406 955.66748046875 952.285522460938 951.946105957031 959.171997070312 956.537658691406 953.344421386719 963.151733398438 960.152465820312 952.187805175781 955.995239257812
960.309020996094 956.0146484375 956.737121582031 966.80322265625 975.870971679688 987.874877929688 976.189575195312 970.087097167969 965.810974121094 963.382446289062 963.143249511719 970.369445800781 966.264831542969 972.084777832031 979.025512695312 974.665893554688 982.616760253906 974.644897460938 968.763305664062 966.977416992188 961.942443847656 952.414367675781 947.881774902344 947.034301757812 953.528625488281 958.341064453125 957.905517578125 954.750183105469 955.424011230469 952.324401855469 958.256896972656 959.386596679688 955.368530273438 961.949035644531 962.743896484375 965.742126464844 961.837524414062 954.719421386719 965.798583984375 955.391479492188 956.998291015625 963.827758789062 959.183715820312 954.167297363281 952.102722167969 958.312255859375
947.067810058594 955.640991210938 953.940551757812 965.629272460938 975.830261230469 977.381652832031 977.571105957031 973.658874511719 967.062744140625 959.824829101562 956.297912597656 969.877014160156 967.843872070312 967.994995117188 976.451354980469 982.443237304688 972.192810058594 970.899169921875 971.295776367188 961.197692871094 957.951232910156 960.914978027344 963.132873535156 958.585815429688 955.2890625 950.407287597656 955.051574707031 959.387512207031 955.6884765625 958.065551757812 955.117553710938 950.314880371094 955.06689453125 951.4326171875 963.533386230469 964.808410644531 961.373474121094 971.082580566406 960.770812988281 957.526733398438 954.108581542969 950.843139648438 948.737487792969 944.350402832031 948.773986816406 953.719604492188
944.744812011719 942.510864257812 956.350158691406 959.689453125 972.384460449219 973.578247070312 972.951110839844 968.454040527344 972.749267578125 968.454833984375 959.785278320312 965.796203613281 970.717102050781 969.329956054688 970.865234375 976.263671875 965.203674316406 964.887939453125 970.114929199219 960.599670410156 964.842651367188 959.190490722656 957.587768554688 953.527221679688 953.330261230469 943.97802734375 943.227844238281 950.782104492188 955.685180664062 961.495849609375 953.653198242188 953.647521972656 950.53173828125 948.046569824219 958.497131347656 957.212219238281 963.810119628906 955.679260253906 956.88720703125 953.783142089844 948.713256835938 951.436096191406 940.548217773438 942.265258789062 948.996643066406 952.815185546875
