data/zlatibor_dem_simulations/DEMsim34.asc
NCOLS 150
NROWS 100
XLLCORNER 7394249
YLLCORNER 4841999
CELLSIZE 30
NODATA_VALUE -9999
[rows 40 to 59 of 100, columns 46 to 91 of 150]
971.211486816406 977.809997558594 981.842163085938 977.05224609375 992.327758789062 987.920715332031 980.744262695312 972.565368652344 968.579772949219 969.017333984375 965.100769042969 963.500793457031 964.703002929688 957.744995117188 968.156005859375 981.013000488281 983.917419433594 985.347229003906 980.621215820312 992.503295898438 999.672485351562 996.439025878906 993.327453613281 985.557373046875 974.632263183594 970.749389648438 971.483337402344 965.615112304688 968.247924804688 961.9013671875 968.464416503906 977.770629882812 979.59765625 986.817932128906 993.459350585938 978.001647949219 983.817565917969 989.082580566406 994.210510253906 993.447998046875 988.491027832031 995.577209472656 984.729736328125 985.679382324219 985.093994140625 986.16650390625
974.794860839844 971.457275390625 977.05029296875 979.490905761719 982.998046875 982.41748046875 971.282653808594 966.184997558594 969.603576660156 971.392700195312 977.541198730469 969.122375488281 959.829284667969 959.721862792969 959.904663085938 965.658386230469 985.909240722656 983.749755859375 985.084411621094 993.051025390625 999.899963378906 997.24072265625 994.028991699219 982.555480957031 974.2265625 967.361083984375 965.367980957031 963.3955078125 960.324645996094 960.346252441406 967.799011230469 982.765380859375 979.656555175781 982.975891113281 986.477478027344 981.513549804688 980.726440429688 981.931396484375 986.529724121094 988.445129394531 997.245971679688 999.456298828125 983.152526855469 978.232055664062 994.518737792969 988.883544921875
977.747985839844 979.610107421875 977.75 972.940063476562 983.082397460938 972.343627929688 969.696899414062 967.028747558594 963.050537109375 970.304565429688 973.414245605469 966.052429199219 967.080322265625 967.4755859375 964.805847167969 967.601684570312 978.012634277344 970.333312988281 979.425476074219 986.510559082031 992.826477050781 987.549560546875 994.464965820312 993.627258300781 982.316223144531 973.725708007812 964.534423828125 970.883422851562 967.900939941406 960.435668945312 969.401428222656 972.527770996094 978.213623046875 982.982360839844 980.093505859375 981.425231933594 977.469177246094 978.987243652344 984.220703125 987.468322753906 987.650817871094 983.987426757812 988.700500488281 979.46533203125 992.119506835938 984.037292480469
978.426696777344 972.463989257812 980.502807617188 985.193725585938 982.2255859375 966.922546386719 969.7001953125 967.134399414062 969.095764160156 969.201354980469 968.593811035156 970.912048339844 964.474060058594 979.070556640625 979.300476074219 974.065185546875 984.525268554688 977.262390136719 980.442138671875 979.352478027344 988.330322265625 990.63037109375 985.937805175781 985.567932128906 982.210205078125 980.018249511719 975.182739257812 968.779602050781 963.957458496094 968.074157714844 970.679931640625 975.584777832031 979.263305664062 973.416564941406 973.614624023438 966.151794433594 968.283447265625 981.26513671875 990.855529785156 985.172119140625 985.326171875 980.673461914062 980.835083007812 969.6767578125 985.091979980469 983.543579101562
977.058166503906 980.598205566406 982.041259765625 974.146301269531 973.442321777344 970.093322753906 966.913269042969 970.36962890625 972.023559570312 972.919860839844 971.734375 972.307861328125 974.403503417969 974.246643066406 972.833251953125 980.509399414062 982.14794921875 984.182800292969 979.229919433594 979.0244140625 984.092468261719 989.899658203125 985.69580078125 985.077392578125 984.720947265625 970.979125976562 971.381958007812 965.657409667969 965.166137695312 968.598022460938 971.968139648438 968.567993164062 973.219055175781 966.205627441406 974.50341796875 980.720520019531 970.245361328125 974.884582519531 972.201293945312 983.800598144531 980.215026855469 980.45361328125 980.205017089844 966.121398925781 969.042419433594 971.593688964844
982.551208496094 981.552917480469 981.856140136719 971.286560058594 972.937133789062 965.869079589844 966.259704589844 977.800415039062 976.389099121094 973.455932617188 978.060729980469 978.03759765625 972.928894042969 975.448608398438 972.712341308594 979.561889648438 984.210021972656 978.749816894531 977.355346679688 971.746337890625 975.615295410156 984.333312988281 992.059631347656 987.30908203125 980.792785644531 977.744873046875 972.652221679688 978.91796875 972.199523925781 973.984008789062 977.066467285156 969.801391601562 966.915222167969 972.674011230469 975.131652832031 974.235595703125 971.849182128906 968.514526367188 968.578002929688 972.898742675781 979.766906738281 972.895751953125 975.64697265625 958.851013183594 965.650390625 978.728820800781
971.388000488281 975.180053710938 969.025451660156 970.403442382812 965.61572265625 972.926147460938 963.402893066406 962.662048339844 968.173095703125 970.146789550781 973.938598632812 977.179443359375 977.670776367188 973.7548828125 977.510375976562 962.774230957031 971.932800292969 975.65576171875 973.695007324219 977.845886230469 979.995788574219 988.195129394531 985.326538085938 980.667053222656 983.052734375 970.772827148438 974.422912597656 969.914306640625 972.931640625 971.079833984375 972.1337890625 965.265258789062 968.539794921875 969.617004394531 975.169738769531 969.888793945312 967.54248046875 964.243835449219 964.81494140625 968.616882324219 969.634460449219 965.25390625 965.221374511719 965.517150878906 969.921020507812 979.768920898438
963.75439453125 972.422790527344 966.083251953125 970.330322265625 963.343444824219 970.171447753906 962.057861328125 960.443481445312 962.497314453125 958.883850097656 966.881164550781 972.423706054688 973.054077148438 968.54541015625 964.485290527344 954.833374023438 966.162658691406 963.722900390625 977.796081542969 980.299255371094 981.582702636719 984.778381347656 979.063720703125 974.565490722656 969.452575683594 961.507751464844 970.504455566406 972.909118652344 965.073486328125 966.884521484375 976.57373046875 960.180603027344 968.457336425781 965.795593261719 965.85009765625 968.382202148438 960.82958984375 967.773193359375 965.802429199219 966.393249511719 966.895263671875 954.295837402344 958.838256835938 961.550598144531 958.929138183594 969.558837890625
972.40869140625 966.079162597656 965.492309570312 961.8291015625 959.551452636719 961.455993652344 960.397216796875 960.190002441406 963.479248046875 962.299133300781 969.90869140625 972.747497558594 969.21337890625 963.737854003906 951.426025390625 955.716918945312 963.752624511719 968.617370605469 973.33642578125 975.142700195312 983.194091796875 984.791137695312 984.509521484375 977.831237792969 972.371276855469 972.034057617188 972.592895507812 970.9462890625 969.613830566406 975.779418945312 974.856811523438 966.967041015625 969.730529785156 968.943664550781 971.986389160156 979.49267578125 970.792663574219 968.591979980469 971.000854492188 969.075561523438 967.31005859375 960.85546875 954.226440429688 961.76953125 964.648986816406 968.512451171875
971.699401855469 973.964660644531 962.609497070312 969.654663085938 967.086975097656 970.833312988281 964.242431640625 959.987731933594 960.130920410156 964.341430664062 969.227111816406 966.900329589844 966.235961914062 954.892272949219 951.510803222656 954.768188476562 950.13623046875 963.145568847656 966.847595214844 975.286865234375 978.281494140625 977.592102050781 975.858764648438 968.455810546875 960.19140625 969.46044921875 975.227416992188 970.104248046875 970.500366210938 969.76416015625 968.470703125 966.432067871094 966.540832519531 967.9541015625 964.070251464844 975.845458984375 973.725280761719 974.322509765625 962.170166015625 967.412048339844 967.979064941406 965.293395996094 960.335083007812 970.644775390625 963.778564453125 964.744812011719
967.688415527344 968.324951171875 968.049743652344 960.893371582031 963.68115234375 968.388244628906 974.183776855469 962.734191894531 959.811645507812 965.919982910156 966.872985839844 966.222412109375 961.94580078125 955.412536621094 960.272888183594 953.651123046875 948.521545410156 966.109069824219 976.334655761719 977.191345214844 973.194091796875 969.675048828125 966.129821777344 960.378479003906 953.588989257812 956.03369140625 972.419372558594 969.065185546875 973.389587402344 972.212097167969 967.548034667969 967.244079589844 967.816345214844 969.385498046875 968.373596191406 976.501892089844 979.695007324219 970.156616210938 966.076782226562 972.594909667969 959.440307617188 963.51806640625 960.705993652344 970.098327636719 971.236572265625 970.622436523438
967.866516113281 969.357666015625 969.758728027344 962.032653808594 952.70849609375 954.784362792969 964.039611816406 963.374145507812 961.857055664062 960.771728515625 950.934326171875 959.401977539062 955.883605957031 955.161682128906 949.760620117188 955.841064453125 959.137084960938 964.988403320312 977.60546875 972.288024902344 977.140808105469 967.351684570312 962.125854492188 948.520874023438 946.499389648438 942.586608886719 965.629028320312 967.713684082031 967.134216308594 972.684387207031 962.657531738281 968.059936523438 972.733154296875 975.58056640625 970.116271972656 975.127258300781 971.215637207031 970.228637695312 974.948791503906 969.770446777344 962.513427734375 963.911499023438 962.529907226562 959.401672363281 974.376281738281 980.073486328125
962.634399414062 968.290771484375 961.907531738281 960.810119628906 951.424926757812 951.862365722656 954.818359375 959.386657714844 966.957458496094 963.870178222656 960.153198242188 954.919982910156 957.304748535156 960.129516601562 952.29443359375 949.627014160156 958.193237304688 963.115417480469 970.053833007812 971.28857421875 978.054016113281 958.871032714844 953.642272949219 944.004699707031 945.405151367188 957.843078613281 960.350219726562 968.589233398438 973.076232910156 967.657470703125 964.466125488281 963.018005371094 957.140319824219 966.553833007812 966.948181152344 977.187805175781 970.586669921875 974.203247070312 965.489624023438 971.089050292969 963.630554199219 965.620361328125 962.465393066406 970.317749023438 976.024108886719 983.247253417969
945.366149902344 951.158264160156 952.466125488281 954.221313476562 953.006896972656 960.608215332031 960.131774902344 960.902465820312 959.58251953125 953.588012695312 956.895080566406 960.789672851562 958.371520996094 957.749084472656 955.695617675781 956.288391113281 962.700622558594 959.791931152344 965.725219726562 972.747192382812 967.864929199219 957.021118164062 954.989196777344 950.3818359375 949.211364746094 965.270935058594 956.356567382812 962.010559082031 970.662902832031 960.491455078125 964.418579101562 962.802001953125 963.230529785156 960.725891113281 965.602355957031 978.879211425781 975.206970214844 978.092407226562 972.337829589844 980.308837890625 975.780151367188 967.39013671875 964.455383300781 975.686706542969 972.609985351562 978.263000488281
950.188659667969 945.352661132812 949.818115234375 946.579345703125 948.448974609375 958.925659179688 966.505920410156 960.604248046875 952.524291992188 954.670715332031 953.894958496094 957.769836425781 961.329956054688 959.537292480469 951.739135742188 950.739440917969 954.176025390625 950.63623046875 956.484375 959.999572753906 965.320922851562 963.230041503906 953.255798339844 957.250610351562 955.198852539062 961.13134765625 959.921997070312 964.600280761719 962.044555664062 961.6953125 961.057250976562 957.839782714844 955.288391113281 967.101684570312 965.316711425781 957.726440429688 968.466918945312 973.37744140625 977.692626953125 973.790100097656 971.647583007812 970.149963378906 968.117614746094 975.437927246094 978.89111328125 974.206726074219
953.513549804688 952.311889648438 945.207641601562 944.948364257812 945.46435546875 960.318359375 957.266479492188 961.961364746094 957.568176269531 943.9443359375 950.758422851562 951.044067382812 964.401550292969 961.35546875 963.177551269531 951.968322753906 944.096374511719 948.211547851562 953.967651367188 956.447998046875 955.342956542969 957.728637695312 955.330444335938 960.637878417969 955.582641601562 958.317199707031 965.159912109375 962.501403808594 959.405090332031 963.595886230469 965.497314453125 962.358276367188 951.396240234375 958.838806152344 956.747314453125 960.136169433594 961.504943847656 965.615051269531 967.410949707031 970.2275390625 961.166442871094 964.451416015625 961.732727050781 960.962341308594 972.591735839844 968.797790527344
958.186828613281 949.790100097656 948.701110839844 942.007202148438 942.446594238281 955.417785644531 959.490844726562 961.82763671875 958.830017089844 951.388244628906 955.321838378906 960.897155761719 956.158996582031 950.385864257812 955.470458984375 954.804931640625 949.986450195312 943.330810546875 945.938842773438 957.749084472656 955.903991699219 953.403198242188 962.030151367188 964.502319335938 959.515441894531 955.311279296875 958.455444335938 962.528015136719 964.667663574219 960.816223144531 964.580871582031 956.886291503906 953.773315429688 955.201110839844 963.683227539062 961.253662109375 960.255615234375 960.981018066406 971.671203613281 964.161804199219 963.598327636719 964.63720703125 962.438049316406 955.133239746094 958.47021484375 969.775512695312
953.520568847656 958.652954101562 952.251647949219 944.23583984375 946.135864257812 948.951599121094 956.749267578125 956.779968261719 960.629516601562 952.856201171875 950.82763671875 960.663757324219 960.283081054688 955.70947265625 953.661193847656 946.688720703125 948.9755859375 950.982055664062 951.114990234375 952.867858886719 953.609069824219 963.800231933594 973.252868652344 969.615417480469 958.579650878906 959.113098144531 957.095092773438 963.091003417969 965.889465332031 967.10400390625 963.937622070312 964.547973632812 962.806030273438 967.142211914062 963.780517578125 956.184936523438 961.278381347656 964.266174316406 969.977722167969 971.04443359375 960.618469238281 965.833129882812 960.835632324219 947.291381835938 957.369018554688 971.741271972656
959.906921386719 967.024475097656 955.700073242188 945.133483886719 943.978210449219 946.369323730469 951.800598144531 958.343872070312 954.805603027344 947.894348144531 951.7529296875 964.598022460938 970.666870117188 965.280517578125 963.529113769531 958.12939453125 957.566467285156 950.929260253906 954.273254394531 963.117614746094 970.406066894531 971.701110839844 964.718627929688 968.22509765625 960.642517089844 958.859985351562 960.239135742188 961.394836425781 962.375854492188 962.735656738281 966.256103515625 967.008239746094 965.933959960938 967.740051269531 960.44873046875 968.581665039062 970.693542480469 967.083679199219 973.232727050781 969.659240722656 968.160766601562 973.252319335938 958.770263671875 960.236022949219 964.737731933594 969.765502929688
955.7275390625 962.875549316406 953.6162109375 950.083801269531 939.062622070312 948.086364746094 950.722595214844 949.682983398438 946.295837402344 951.100769042969 953.300537109375 952.082275390625 962.471496582031 960.292236328125 974.651245117188 967.994323730469 961.151611328125 960.16455078125 962.334716796875 962.398681640625 966.455505371094 975.95654296875 971.111755371094 965.878540039062 955.329528808594 958.568786621094 968.870361328125 961.833679199219 968.047302246094 966.629150390625 966.727233886719 965.073364257812 958.23291015625 958.044921875 959.886840820312 962.774719238281 968.026794433594 969.713806152344 973.587951660156 974.059631347656 961.663879394531 971.690795898438 955.996337890625 959.956604003906 965.603820800781 966.248046875
