data/zlatibor_dem_simulations/DEMsim23.asc
NCOLS 150
NROWS 100
XLLCORNER 7394249
YLLCORNER 4841999
CELLSIZE 30
NODATA_VALUE -9999
[rows 0 to 19 of 100, columns 46 to 91 of 150]
1015.48309326172 1009.07220458984 1013.61499023438 1008.60485839844 999.774597167969 996.650146484375 982.389343261719 973.589660644531 965.358703613281 972.41552734375 959.997680664062 948.118774414062 937.808471679688 926.946838378906 919.455505371094 917.430114746094 917.772827148438 907.606750488281 905.990112304688 899.772033691406 907.504699707031 907.358215332031 907.102478027344 920.31591796875 924.182983398438 935.383239746094 945.004760742188 954.694641113281 957.781555175781 960.510009765625 964.470764160156 972.144592285156 975.287780761719 977.212890625 986.633728027344 995.431701660156 985.143737792969 973.413513183594 969.7060546875 964.984741210938 963.9248046875 954.440612792969 942.589294433594 941.538391113281 929.8427734375 934.892456054688
1020.10119628906 1007.67376708984 1009.81317138672 1002.36486816406 994.238830566406 987.135864257812 986.749816894531 983.218994140625 961.002563476562 963.226013183594 969.525634765625 966.041381835938 947.967956542969 934.314270019531 923.570678710938 929.490478515625 916.986206054688 918.049621582031 912.53955078125 900.746154785156 903.053955078125 904.572326660156 911.433166503906 911.851379394531 927.449890136719 946.428344726562 948.718017578125 957.204406738281 967.831787109375 973.898986816406 969.113098144531 977.473083496094 974.963806152344 980.855285644531 989.898559570312 988.98681640625 981.585998535156 969.742065429688 971.527648925781 961.046325683594 958.453063964844 947.623840332031 942.828918457031 935.770202636719 937.175048828125 936.705688476562
1010.20251464844 1012.62042236328 998.544372558594 1002.84191894531 989.546081542969 995.249755859375 986.628356933594 981.101501464844 969.389282226562 966.159118652344 966.587585449219 960.438354492188 957.926391601562 946.150817871094 934.520263671875 927.799377441406 927.609558105469 926.303100585938 920.519897460938 908.879760742188 916.774536132812 915.421142578125 919.576049804688 924.243774414062 939.211853027344 949.4443359375 959.259216308594 956.962951660156 960.394714355469 964.554443359375 968.946960449219 979.788879394531 979.045532226562 990.915893554688 997.247375488281 982.167724609375 979.702209472656 976.878662109375 973.752319335938 977.287109375 959.981323242188 950.642211914062 950.964721679688 939.273132324219 929.635070800781 927.685180664062
1003.98284912109 1004.93414306641 1000.814453125 1003.15057373047 999.219970703125 996.71142578125 983.048095703125 975.552612304688 971.795715332031 971.317504882812 970.645690917969 954.991088867188 951.314270019531 952.405700683594 943.235778808594 939.537414550781 930.306945800781 920.414794921875 923.071411132812 914.890930175781 925.398620605469 924.167419433594 926.442504882812 934.189636230469 941.554565429688 949.895080566406 951.204040527344 954.114074707031 960.600463867188 969.7822265625 982.490600585938 983.313049316406 988.825500488281 993.871276855469 1005.79486083984 996.355529785156 985.92529296875 991.272705078125 982.910400390625 974.640808105469 965.244995117188 955.738220214844 949.644470214844 947.522033691406 940.094482421875 927.583374023438
1001.2734375 1003.55688476562 1002.29833984375 999.747436523438 994.59130859375 997.132629394531 982.162353515625 968.612487792969 964.040100097656 967.538208007812 966.207824707031 970.468994140625 955.853637695312 952.858154296875 945.416381835938 933.073364257812 938.344909667969 928.19140625 918.00732421875 927.1162109375 931.235656738281 932.8720703125 934.686645507812 937.674133300781 942.377563476562 951.081298828125 952.221496582031 959.014709472656 960.207336425781 970.562561035156 992.324096679688 996.512329101562 1002.22644042969 1010.61553955078 1007.00500488281 1006.68786621094 994.589782714844 993.011413574219 991.96484375 981.300415039062 971.198059082031 963.263610839844 947.150939941406 938.834838867188 927.755554199219 915.536437988281
1008.43646240234 1006.04675292969 1005.93542480469 1009.57385253906 998.613098144531 991.336059570312 988.761108398438 975.868957519531 972.044738769531 970.251220703125 966.984985351562 963.912231445312 968.296936035156 972.322875976562 960.859497070312 951.736877441406 946.934143066406 935.676696777344 945.165588378906 932.881591796875 930.902893066406 941.759948730469 942.967956542969 938.002624511719 940.85986328125 946.975463867188 952.351989746094 958.819763183594 967.465209960938 977.232177734375 992.737731933594 999.658935546875 1006.39410400391 1011.33636474609 1016.27136230469 1015.50360107422 1007.51129150391 997.7099609375 992.284973144531 983.293334960938 972.278137207031 958.96240234375 954.450927734375 926.861145019531 925.346801757812 918.319885253906
1010.88049316406 1015.62451171875 1012.68829345703 1002.78625488281 1007.22875976562 994.1884765625 996.348754882812 991.143737792969 987.343994140625 981.465759277344 980.157470703125 975.389343261719 975.682312011719 981.142822265625 970.59033203125 966.933410644531 963.674743652344 949.791564941406 948.540161132812 951.194458007812 945.526306152344 939.630432128906 948.920349121094 942.38720703125 944.871765136719 956.076232910156 957.429565429688 963.477966308594 970.457214355469 983.913208007812 992.787902832031 1003.60705566406 1011.15087890625 1017.08483886719 1017.40924072266 1013.75762939453 1014.53704833984 993.109008789062 985.182983398438 981.460144042969 969.259460449219 963.135131835938 940.706481933594 924.144409179688 922.464111328125 924.052062988281
1014.84643554688 1011.04809570312 1009.45379638672 1012.06793212891 1023.45416259766 1016.27514648438 1002.03826904297 999.901000976562 998.27490234375 995.997314453125 997.229187011719 986.5224609375 989.486083984375 994.947692871094 983.667175292969 977.726257324219 964.440856933594 962.885620117188 963.302307128906 974.463745117188 960.875915527344 953.406982421875 947.711303710938 953.97705078125 957.896362304688 959.557922363281 965.197387695312 969.399963378906 975.050170898438 981.348327636719 1003.50720214844 1013.95812988281 1020.00103759766 1019.14105224609 1020.12310791016 1016.07067871094 1006.19079589844 987.217041015625 987.201416015625 977.330932617188 963.747192382812 960.842041015625 944.575378417969 925.680786132812 915.616027832031 917.466918945312
1019.34967041016 1017.24664306641 1014.47198486328 1007.33642578125 1008.30285644531 1008.60388183594 1000.56451416016 1003.064453125 1001.84228515625 995.665100097656 998.531982421875 1002.26068115234 990.860656738281 1000.18768310547 989.0068359375 990.127136230469 978.951049804688 971.806823730469 972.536560058594 974.965637207031 965.030334472656 959.74951171875 959.994567871094 953.017456054688 955.626342773438 969.546569824219 971.880920410156 977.326965332031 980.397521972656 989.579223632812 1011.28277587891 1024.3408203125 1023.48406982422 1024.07739257812 1027.82629394531 1022.9091796875 1013.00610351562 996.471923828125 992.396423339844 981.796020507812 966.716064453125 954.484375 945.106567382812 923.791076660156 927.3583984375 926.314514160156
1020.35552978516 1013.29113769531 1007.60595703125 1005.46221923828 1011.96264648438 1010.75799560547 1004.51495361328 1007.79205322266 1003.05700683594 1001.16949462891 1004.04449462891 1000.35821533203 999.41796875 1002.66583251953 1000.85961914062 997.610595703125 996.079040527344 986.687255859375 978.784240722656 975.695373535156 971.554443359375 967.242736816406 959.284790039062 956.909851074219 956.818725585938 974.371337890625 977.435485839844 978.623291015625 982.544128417969 993.958862304688 1011.0283203125 1024.59692382812 1029.95166015625 1036.36804199219 1033.2685546875 1028.20715332031 1019.67425537109 1004.07501220703 991.913940429688 985.822448730469 971.438415527344 957.379516601562 941.5390625 931.477661132812 938.090148925781 927.298645019531
1012.39123535156 1004.50836181641 1006.37188720703 1003.32049560547 1005.67620849609 1009.48657226562 1009.82794189453 1014.61541748047 1013.05151367188 1007.85559082031 1013.02197265625 1014.38775634766 1005.83709716797 995.372253417969 1008.69897460938 1014.24102783203 1011.61981201172 1001.36639404297 988.580139160156 983.8623046875 973.965454101562 972.154602050781 963.601928710938 963.430236816406 965.043640136719 975.14599609375 979.540893554688 983.232238769531 1003.23168945312 1009.81561279297 1018.0009765625 1024.24108886719 1025.990234375 1031.76391601562 1034.177734375 1030.43078613281 1020.5048828125 1013.41058349609 994.894226074219 983.668151855469 976.276977539062 959.070678710938 954.531311035156 941.354736328125 931.756103515625 933.684509277344
1016.55645751953 1006.548828125 1011.36480712891 1014.21618652344 1009.14855957031 1012.37243652344 1015.59503173828 1016.69207763672 1010.96392822266 1004.71551513672 1016.95239257812 1015.67718505859 1004.51202392578 1010.46252441406 1016.02728271484 1017.47509765625 1019.18853759766 1011.53723144531 994.682373046875 982.53515625 979.808044433594 973.411743164062 980.153625488281 977.208801269531 977.956726074219 994.385925292969 994.850646972656 999.428405761719 1012.98303222656 1018.73132324219 1019.16284179688 1020.58209228516 1030.36828613281 1028.23303222656 1032.14501953125 1028.21801757812 1029.55126953125 1017.24572753906 998.190673828125 997.945190429688 995.658386230469 982.20458984375 965.963684082031 949.816284179688 945.7919921875 943.111999511719
1017.01043701172 1006.09326171875 1006.880859375 1017.0166015625 1011.19323730469 1012.79052734375 1013.29217529297 1009.18774414062 1018.14569091797 1013.91754150391 1018.85791015625 1015.27001953125 1014.52410888672 1009.53363037109 1008.13067626953 1014.46661376953 1013.38385009766 1004.94500732422 993.096435546875 987.27392578125 985.469665527344 977.197143554688 984.346069335938 983.737976074219 990.463623046875 997.389709472656 1000.93536376953 1001.90844726562 1014.62359619141 1016.43157958984 1021.97515869141 1026.36950683594 1025.67700195312 1027.03063964844 1026.9287109375 1028.28723144531 1030.04931640625 1013.56341552734 1006.81030273438 1010.44097900391 1003.04443359375 992.58935546875 976.0849609375 967.048583984375 952.78173828125 953.144653320312
1022.80236816406 1023.28796386719 1007.50958251953 1007.65582275391 1000.40313720703 1003.74664306641 1005.20928955078 1007.06268310547 1011.80383300781 1015.443359375 1013.25915527344 1015.75225830078 1017.67291259766 1013.02294921875 1016.73693847656 1017.21759033203 1012.46575927734 995.708435058594 995.660888671875 989.599182128906 991.466918945312 975.597534179688 985.671752929688 982.475891113281 985.752136230469 997.837341308594 1000.63049316406 1007.89514160156 1018.27661132812 1020.38049316406 1028.42541503906 1026.92126464844 1022.66760253906 1023.68511962891 1026.09265136719 1018.31591796875 1028.44812011719 1019.56042480469 1013.62487792969 1005.28350830078 997.56884765625 986.067138671875 970.686767578125 968.920837402344 953.906799316406 946.84521484375
1017.61889648438 1012.29498291016 1009.50177001953 1008.24200439453 997.874572753906 997.771484375 999.700012207031 1007.35833740234 1015.67181396484 1016.35491943359 1020.64404296875 1019.12493896484 1015.16937255859 1025.8642578125 1019.64312744141 1019.90667724609 1020.52758789062 1011.86456298828 1011.26141357422 1003.60876464844 1000.36431884766 991.124572753906 984.453125 980.38427734375 985.644409179688 998.210388183594 1002.98852539062 1013.77233886719 1030.93676757812 1025.92138671875 1021.13824462891 1025.96667480469 1018.58947753906 1020.39874267578 1026.60681152344 1035.95239257812 1033.96655273438 1021.36987304688 1012.83319091797 997.315368652344 995.111633300781 983.287048339844 977.581604003906 960.383728027344 948.138732910156 948.226989746094
1015.787109375 1012.03051757812 1005.69409179688 1001.82489013672 999.290954589844 1004.08276367188 998.440979003906 1008.48059082031 1012.61462402344 1012.80035400391 1011.45916748047 1019.86450195312 1028.404296875 1016.634765625 1024.33068847656 1032.77014160156 1025.69140625 1025.26477050781 1019.14904785156 1009.36138916016 1000.04626464844 994.746459960938 994.368713378906 997.597106933594 999.648010253906 1003.90625 1012.24822998047 1016.521484375 1028.66491699219 1018.75305175781 1023.87725830078 1025.47326660156 1020.99340820312 1017.71112060547 1017.39672851562 1025.64782714844 1029.13623046875 1020.44476318359 1003.40185546875 999.598510742188 991.907470703125 991.166870117188 978.870422363281 960.549499511719 949.802368164062 953.435180664062
1019.42272949219 1007.86846923828 1002.64874267578 995.575134277344 1000.19299316406 1006.17431640625 1001.70758056641 1002.97973632812 1001.81286621094 1009.10620117188 1020.42150878906 1024.82739257812 1025.18383789062 1018.29565429688 1029.91076660156 1031.84716796875 1030.158203125 1028.66223144531 1022.23870849609 1016.01916503906 1019.28265380859 1007.94525146484 1000.49011230469 1002.54956054688 997.385498046875 1005.63336181641 1017.41674804688 1019.28601074219 1025.94018554688 1023.00891113281 1013.21313476562 1014.71649169922 1014.14801025391 1022.85968017578 1024.00927734375 1024.8154296875 1027.04162597656 1025.35424804688 1012.62976074219 999.560668945312 997.173217773438 984.682250976562 980.998291015625 964.423583984375 953.08251953125 950.404602050781
1016.46575927734 1007.18682861328 1007.93762207031 999.407104492188 999.58154296875 999.51708984375 1001.76672363281 1006.34802246094 1006.71484375 1010.10162353516 1013.56665039062 1010.98712158203 1016.83306884766 1024.849609375 1024.54296875 1029.70861816406 1021.54150390625 1027.08325195312 1022.82415771484 1026.6669921875 1027.65612792969 1018.01013183594 1008.82183837891 1009.84167480469 1005.53393554688 1014.64501953125 1021.95886230469 1027.75512695312 1027.07397460938 1024.55822753906 1018.60845947266 1020.31121826172 1020.8125 1025.06958007812 1023.57684326172 1030.29113769531 1023.98657226562 1014.03430175781 1013.40368652344 1005.01104736328 992.741271972656 976.968627929688 972.958190917969 980.068176269531 964.571166992188 958.621154785156
1019.79986572266 1004.10266113281 1017.68090820312 998.911376953125 1000.78649902344 1001.21142578125 999.782409667969 997.860595703125 1012.78491210938 1013.17218017578 1009.27075195312 1014.88012695312 1013.68121337891 1018.48468017578 1023.14294433594 1018.68450927734 1022.94854736328 1028.46459960938 1021.81237792969 1025.95166015625 1034.57080078125 1027.50158691406 1023.41369628906 1011.95269775391 1016.15704345703 1025.34313964844 1028.40026855469 1033.96838378906 1040.95971679688 1031.025390625 1030.22155761719 1026.10412597656 1021.08770751953 1027.73864746094 1023.29864501953 1024.34875488281 1021.23352050781 1011.95635986328 1014.34619140625 1007.29089355469 991.395080566406 981.648010253906 985.139282226562 979.007385253906 978.8056640625 982.873352050781
1009.89794921875 1006.62506103516 1002.22607421875 1003.95080566406 998.326171875 1005.79284667969 1005.93383789062 1005.65014648438 1010.45001220703 1019.65142822266 1017.98461914062 1015.17895507812 1022.86291503906 1014.67211914062 1012.24816894531 1019.03009033203 1019.69427490234 1023.58905029297 1029.21936035156 1021.92510986328 1020.76403808594 1025.48278808594 1032.02197265625 1018.07275390625 1019.01843261719 1024.64929199219 1023.18157958984 1031.69458007812 1046.58410644531 1050.07446289062 1029.02990722656 1024.16931152344 1029.32531738281 1024.65002441406 1012.93676757812 1022.91326904297 1022.24566650391 1012.47113037109 1014.32385253906 1010.00720214844 997.777465820312 993.430725097656 997.29736328125 987.252319335938 991.351867675781 992.77783203125
