data/zlatibor_dem_simulations/DEMsim77.asc
NCOLS 150
NROWS 100
XLLCORNER 7394249
YLLCORNER 4841999
CELLSIZE 30
NODATA_VALUE -9999
[rows 60 to 79 of 100, columns 0 to 45 of 150]
959.952697753906 953.134338378906 964.27099609375 965.713989257812 972.887145996094 969.534423828125 962.2958984375 966.68603515625 965.344116210938 959.074951171875 955.441467285156 957.664184570312 958.7734375 970.685668945312 966.8369140625 967.066284179688 962.480285644531 953.886840820312 957.248901367188 953.407531738281 949.199462890625 960.303588867188 953.481384277344 948.551879882812 951.233764648438 946.416259765625 935.489685058594 936.618225097656 953.018310546875 941.401611328125 951.473999023438 955.352172851562 950.049011230469 953.489807128906 956.319458007812 952.47216796875 955.387939453125 950.23095703125 947.256896972656 955.50341796875 958.320617675781 958.582824707031 949.491882324219 957.479187011719 955.908874511719 949.643859863281
962.723815917969 964.364868164062 967.277160644531 965.721435546875 955.27490234375 966.69775390625 968.2578125 970.646728515625 965.979125976562 962.326599121094 958.732666015625 965.548461914062 964.243347167969 960.803161621094 965.13720703125 959.092895507812 957.1044921875 954.0283203125 950.149780273438 955.595031738281 956.077575683594 955.757568359375 951.216552734375 948.327392578125 946.873352050781 948.643493652344 944.0166015625 947.527587890625 957.606384277344 944.270812988281 954.714172363281 954.43798828125 949.133728027344 957.809326171875 948.192138671875 950.080993652344 952.956604003906 949.21630859375 948.110534667969 960.664489746094 956.733276367188 952.116943359375 947.168212890625 953.482360839844 958.624206542969 946.767700195312
964.582824707031 960.877807617188 952.677917480469 963.059875488281 964.568420410156 962.775512695312 973.88720703125 979.227294921875 973.27392578125 961.623291015625 961.549072265625 965.519592285156 965.318359375 961.445129394531 958.877258300781 955.935180664062 950.589660644531 946.024353027344 954.774291992188 957.16259765625 957.866271972656 958.315734863281 950.159606933594 939.374206542969 951.816345214844 948.400329589844 953.945434570312 948.898193359375 950.3291015625 962.098388671875 958.768676757812 958.597290039062 957.226501464844 962.2333984375 962.517028808594 950.743835449219 952.214050292969 950.703430175781 957.163818359375 955.066528320312 952.194763183594 953.713317871094 948.634338378906 947.613525390625 952.10791015625 945.9189453125
971.076293945312 967.87255859375 959.453918457031 950.363342285156 957.266418457031 954.602416992188 964.289794921875 974.528930664062 970.069091796875 964.265014648438 961.979919433594 956.308288574219 959.027709960938 957.196655273438 954.972961425781 954.182861328125 941.622314453125 945.028991699219 948.421447753906 949.997314453125 953.150756835938 951.178466796875 953.271057128906 948.080322265625 938.533508300781 956.0927734375 948.586669921875 947.586730957031 949.222961425781 955.454650878906 957.121826171875 959.927368164062 954.614807128906 954.241455078125 960.619812011719 950.473327636719 957.642395019531 955.033325195312 949.270629882812 948.571166992188 956.323791503906 956.542114257812 954.232116699219 958.290588378906 953.783142089844 946.884033203125
964.80029296875 963.492553710938 953.217712402344 951.372863769531 950.516662597656 951.206481933594 960.2041015625 970.8955078125 974.932434082031 964.077026367188 959.145080566406 950.674987792969 950.804016113281 951.629150390625 944.2001953125 948.289428710938 947.704956054688 937.734375 942.819030761719 948.319213867188 945.335266113281 938.638732910156 952.933288574219 945.74072265625 942.10986328125 946.22900390625 946.420471191406 950.516418457031 950.002014160156 952.652770996094 954.334899902344 961.744018554688 959.263305664062 949.579284667969 948.365661621094 948.690063476562 948.597717285156 958.660705566406 952.432250976562 955.7568359375 960.664794921875 959.7509765625 956.561706542969 947.792785644531 948.884521484375 952.797729492188
951.680297851562 953.669616699219 954.707702636719 953.608825683594 956.548645019531 945.884887695312 947.628051757812 963.1455078125 968.203308105469 961.5625 961.752685546875 954.267944335938 944.287231445312 948.370971679688 943.491271972656 945.236206054688 944.991943359375 946.188659667969 944.927673339844 944.066162109375 952.044982910156 952.621459960938 956.605102539062 951.645568847656 943.888854980469 950.217834472656 951.277709960938 956.547668457031 942.747741699219 951.525207519531 953.657348632812 949.539001464844 955.815612792969 945.010620117188 946.234008789062 948.9560546875 950.987854003906 942.142395019531 943.063354492188 956.594055175781 945.715148925781 960.990661621094 955.945251464844 946.260986328125 949.959716796875 951.523498535156
952.445129394531 946.491333007812 943.71435546875 950.39013671875 957.538024902344 954.53564453125 960.12451171875 961.167785644531 955.429321289062 950.900329589844 946.135559082031 954.992004394531 944.142639160156 941.308776855469 944.357055664062 948.969360351562 944.455505371094 942.109802246094 947.66259765625 947.344299316406 943.593139648438 947.339904785156 951.946655273438 946.370422363281 937.182067871094 943.785095214844 949.993591308594 942.886108398438 943.257873535156 948.920166015625 952.986999511719 955.086730957031 951.5302734375 947.313842773438 942.978881835938 950.277221679688 939.304504394531 941.943176269531 942.432556152344 948.439697265625 951.410522460938 952.367004394531 958.444763183594 955.481384277344 951.496337890625 960.934143066406
951.821655273438 950.714904785156 949.406311035156 958.742553710938 950.326477050781 949.817687988281 948.961730957031 946.304809570312 953.310729980469 942.126708984375 941.961547851562 948.314514160156 947.912292480469 944.737854003906 942.456787109375 949.024719238281 950.950988769531 946.031982421875 949.171508789062 951.574401855469 948.067199707031 951.97802734375 946.685180664062 942.180114746094 947.719848632812 950.287170410156 950.767211914062 944.847839355469 947.933715820312 951.03955078125 947.05712890625 948.072204589844 955.046142578125 947.084228515625 949.216491699219 940.89599609375 935.897888183594 944.969543457031 945.725219726562 951.059143066406 952.61376953125 961.2275390625 966.302917480469 958.060119628906 958.73583984375 964.198425292969
956.107666015625 967.400024414062 959.146606445312 952.046691894531 938.404724121094 940.959777832031 942.780151367188 944.32861328125 939.041198730469 934.944274902344 942.957336425781 951.029479980469 951.034362792969 955.825256347656 960.914611816406 957.69140625 952.572082519531 950.534912109375 953.621337890625 957.923706054688 949.990417480469 949.265502929688 945.734252929688 942.348388671875 952.432006835938 959.270935058594 957.388671875 941.912658691406 944.033264160156 947.321105957031 949.759826660156 950.597534179688 957.088684082031 952.995422363281 959.871398925781 954.004333496094 952.16943359375 957.239013671875 950.964782714844 952.831481933594 961.077453613281 969.276245117188 969.930969238281 964.642211914062 967.404174804688 965.747497558594
961.998840332031 964.537536621094 958.346618652344 947.92236328125 935.913391113281 941.72412109375 940.220825195312 942.967590332031 941.509155273438 936.71728515625 942.814514160156 947.459838867188 950.110107421875 959.558349609375 966.451965332031 978.140197753906 960.434509277344 959.858947753906 960.231262207031 960.223266601562 953.6640625 956.44189453125 948.733703613281 957.912170410156 964.372131347656 968.376708984375 954.631713867188 943.989196777344 945.680236816406 947.391723632812 952.187927246094 952.667236328125 951.727294921875 954.038757324219 954.655456542969 958.271667480469 953.777587890625 954.962219238281 959.548278808594 965.7890625 970.700378417969 963.77978515625 966.154541015625 976.793884277344 974.233154296875 980.349914550781
951.581787109375 951.913208007812 944.308349609375 943.401611328125 941.332702636719 935.51025390625 934.580200195312 934.173034667969 938.019653320312 942.48046875 945.903625488281 949.522827148438 945.843933105469 954.692749023438 969.5927734375 970.101623535156 972.066650390625 961.760925292969 966.066589355469 969.462341308594 962.116638183594 960.57177734375 956.530151367188 956.326354980469 966.615905761719 970.377563476562 962.148803710938 959.842651367188 949.558837890625 953.4921875 948.318237304688 957.407958984375 951.023864746094 955.09521484375 961.090209960938 957.180969238281 968.942138671875 970.378845214844 971.006896972656 976.844665527344 974.221069335938 973.092102050781 978.366088867188 980.006042480469 986.313598632812 985.197082519531
954.749389648438 947.092407226562 947.558044433594 948.666931152344 941.914611816406 934.558471679688 935.766357421875 938.902099609375 937.665649414062 938.9462890625 952.950866699219 953.450317382812 957.498901367188 964.966796875 970.204467773438 975.44580078125 969.258422851562 963.299865722656 971.403686523438 969.599853515625 965.824768066406 958.629577636719 950.900268554688 966.679931640625 971.06884765625 975.302429199219 971.259521484375 971.429138183594 962.111145019531 961.781555175781 950.709350585938 955.700012207031 953.494079589844 966.755004882812 960.406616210938 959.583251953125 970.933410644531 977.370849609375 972.547302246094 977.444396972656 976.060913085938 978.696899414062 978.617492675781 977.542297363281 983.595947265625 991.229736328125
946.429321289062 947.008422851562 951.054016113281 951.3056640625 942.980773925781 930.527282714844 927.537780761719 939.917114257812 953.031005859375 950.565551757812 957.1396484375 959.807800292969 969.041381835938 968.939697265625 972.74169921875 975.465698242188 971.78857421875 964.519714355469 973.525451660156 966.385864257812 968.697326660156 973.379272460938 971.432556152344 979.190490722656 977.458984375 974.18359375 974.626403808594 967.265014648438 964.106506347656 971.408020019531 955.544799804688 958.191528320312 955.38720703125 963.076965332031 963.4130859375 965.818359375 969.025024414062 974.741516113281 982.927978515625 975.455871582031 978.746948242188 987.097106933594 981.900451660156 988.799987792969 984.049621582031 990.385681152344
937.899841308594 940.47216796875 946.237365722656 938.500183105469 938.698547363281 933.793029785156 938.069763183594 939.101135253906 952.537109375 957.252258300781 965.745727539062 961.619873046875 970.5087890625 969.134399414062 972.685607910156 982.298095703125 975.639404296875 972.505187988281 980.96337890625 975.916259765625 984.927490234375 983.228759765625 989.492980957031 980.417846679688 973.030700683594 973.773315429688 971.836608886719 977.977111816406 972.282775878906 969.703063964844 966.816833496094 965.451477050781 955.619323730469 961.681518554688 967.396240234375 968.852294921875 973.806640625 977.608154296875 983.231811523438 978.190673828125 980.990966796875 985.219970703125 992.458374023438 993.699340820312 985.04833984375 996.601379394531
936.600402832031 935.653259277344 931.194519042969 935.935913085938 929.931457519531 936.45166015625 947.454772949219 957.415283203125 950.842895507812 960.951293945312 955.461303710938 963.666015625 964.434509277344 975.590698242188 980.089599609375 986.830139160156 982.853210449219 985.498779296875 980.227233886719 979.023010253906 993.416198730469 995.046997070312 990.703979492188 983.739501953125 984.463562011719 978.970520019531 976.596008300781 972.132019042969 971.591003417969 966.394470214844 965.106140136719 961.535766601562 961.892761230469 965.214599609375 973.996887207031 975.495300292969 975.311706542969 984.534423828125 983.945434570312 989.250366210938 991.899841308594 988.752258300781 984.909790039062 989.234802246094 989.879516601562 997.6162109375
934.166748046875 932.032531738281 927.919799804688 931.872741699219 933.099182128906 936.598815917969 947.078735351562 955.327270507812 956.529052734375 950.771484375 962.803161621094 956.10302734375 967.804504394531 975.185913085938 981.99072265625 985.476501464844 992.192321777344 987.742126464844 986.257141113281 990.464782714844 987.712707519531 997.280517578125 1003.10931396484 996.813781738281 985.447021484375 980.007629394531 971.329223632812 974.05224609375 971.351684570312 959.991333007812 970.513488769531 974.999084472656 972.1337890625 982.582885742188 975.128662109375 979.794128417969 977.353637695312 985.343811035156 987.126098632812 994.830383300781 1001.47320556641 1000.50427246094 986.36083984375 989.947570800781 999.200622558594 1008.64849853516
927.47265625 925.283630371094 932.471313476562 939.643737792969 937.391357421875 938.580627441406 944.154113769531 954.196594238281 956.432495117188 967.376770019531 968.962341308594 964.511047363281 967.760131835938 984.777404785156 982.174011230469 985.600769042969 989.988586425781 994.860290527344 998.840087890625 992.24169921875 989.984619140625 994.113403320312 993.127746582031 987.020874023438 985.101501464844 975.075988769531 972.556091308594 973.941040039062 974.460754394531 960.824096679688 970.106994628906 977.239868164062 974.917053222656 981.232788085938 984.659240722656 983.394287109375 990.048400878906 995.208435058594 1004.13488769531 1012.82830810547 1003.49615478516 1005.47009277344 1000.78405761719 999.214416503906 999.7841796875 1001.96801757812
927.644287109375 933.853393554688 932.411499023438 934.268249511719 935.311157226562 943.253112792969 951.609252929688 952.86083984375 959.097045898438 969.090881347656 975.117309570312 976.402893066406 968.6123046875 979.466430664062 973.401428222656 980.555541992188 989.984741210938 992.266906738281 999.121032714844 991.313903808594 999.80419921875 992.511291503906 992.706481933594 992.424743652344 991.61474609375 980.084411621094 987.903015136719 983.727233886719 984.132507324219 982.276062011719 978.4560546875 975.027099609375 979.6064453125 984.829772949219 986.781127929688 980.385620117188 993.395385742188 1007.41314697266 1004.91821289062 1007.79760742188 1007.37310791016 1007.67486572266 996.711791992188 1005.51123046875 1011.30908203125 1010.66644287109
938.96923828125 935.102111816406 930.905700683594 938.827270507812 932.861511230469 940.675537109375 942.669128417969 942.316772460938 961.169677734375 970.090942382812 973.530456542969 979.04638671875 978.521240234375 977.072387695312 988.935607910156 984.395385742188 987.295532226562 994.8291015625 994.165588378906 994.039001464844 995.749877929688 998.790100097656 993.575012207031 995.222045898438 996.38916015625 994.947448730469 997.225158691406 986.712585449219 978.559265136719 980.173400878906 989.032287597656 986.413879394531 991.326049804688 981.911926269531 986.676513671875 989.634826660156 994.391418457031 998.094909667969 1008.59521484375 1015.85614013672 1007.88940429688 1010.50329589844 1008.30194091797 1006.60333251953 1002.82489013672 1017.13513183594
934.664916992188 938.669189453125 940.539245605469 944.417114257812 933.451232910156 940.834411621094 937.026794433594 947.673156738281 958.212524414062 968.044799804688 972.872680664062 970.393249511719 981.207946777344 986.105163574219 982.897644042969 977.25830078125 981.254333496094 991.129150390625 991.200805664062 989.968017578125 1000.41070556641 993.767395019531 994.848999023438 990.180541992188 993.116638183594 995.071838378906 990.461791992188 984.184692382812 983.069213867188 984.7578125 983.939453125 984.047729492188 984.260070800781 986.538879394531 993.215515136719 989.02294921875 996.744750976562 1007.11779785156 1015.46978759766 1017.30798339844 1016.59051513672 1021.02380371094 1012.73718261719 1015.22973632812 1021.41607666016 1022.99700927734
