data/zlatibor_dem_simulations/DEMsim63 (1).asc
NCOLS 150
NROWS 100
XLLCORNER 7394249
YLLCORNER 4841999
CELLSIZE 30
NODATA_VALUE -9999
[rows 40 to 59 of 100, columns 0 to 45 of 150]
941.7880859375 941.763793945312 959.511291503906 968.794372558594 964.346374511719 961.925415039062 965.8994140625 964.705932617188 962.440551757812 959.165832519531 968.188049316406 975.903076171875 973.554870605469 974.095275878906 981.660888671875 985.822265625 974.88720703125 986.545104980469 986.688171386719 984.211791992188 976.678405761719 977.35009765625 982.806823730469 971.963195800781 971.094665527344 970.178833007812 964.988891601562 973.015563964844 969.740905761719 970.992370605469 977.95458984375 973.509765625 967.695495605469 973.086547851562 980.346435546875 981.295104980469 979.235229492188 968.060852050781 974.059509277344 967.108581542969 965.383117675781 959.745483398438 967.758178710938 968.628540039062 970.318786621094 966.594787597656
944.177124023438 951.594543457031 959.923156738281 977.4072265625 965.123352050781 962.671325683594 961.275085449219 960.707397460938 961.795349121094 956.685913085938 964.62109375 966.445617675781 965.13720703125 973.683349609375 979.013000488281 978.158325195312 975.573120117188 975.331970214844 983.021484375 980.639465332031 968.471374511719 964.803039550781 970.221252441406 969.599060058594 968.8837890625 965.570190429688 965.01611328125 963.802917480469 971.040344238281 970.242126464844 977.699157714844 975.7529296875 975.671691894531 979.326599121094 984.994262695312 988.96728515625 984.872924804688 974.993774414062 976.920654296875 970.033203125 973.271789550781 967.714172363281 962.413330078125 963.877258300781 968.236938476562 965.997497558594
945.659240722656 942.122253417969 954.977783203125 967.019775390625 967.881652832031 960.668151855469 949.951843261719 961.272094726562 959.802734375 968.721130371094 960.329040527344 970.178344726562 972.867309570312 975.239868164062 979.536987304688 973.735473632812 979.095275878906 979.715393066406 976.635681152344 974.184387207031 966.978271484375 960.069396972656 966.142395019531 969.849365234375 963.278991699219 963.335083007812 968.036987304688 965.326110839844 967.52294921875 976.684814453125 979.085754394531 976.162353515625 983.340637207031 984.514526367188 979.659606933594 973.562805175781 969.318054199219 979.486511230469 979.877990722656 976.957336425781 971.705200195312 964.223083496094 966.153198242188 964.273315429688 963.547973632812 966.138244628906
945.458862304688 952.01025390625 951.735290527344 956.994934082031 954.764282226562 951.774963378906 949.336669921875 946.277954101562 958.377685546875 971.306762695312 967.265441894531 973.716247558594 973.757507324219 973.032043457031 981.873779296875 980.901977539062 979.895263671875 979.2529296875 978.065185546875 970.750854492188 966.73876953125 960.316650390625 972.568298339844 966.722290039062 963.771362304688 971.479370117188 972.599670410156 967.43896484375 975.115112304688 985.256469726562 983.943664550781 981.655456542969 972.126831054688 975.88916015625 979.706298828125 975.794067382812 971.560302734375 973.855163574219 972.927734375 970.587951660156 970.132141113281 969.408081054688 968.656555175781 966.147644042969 967.8623046875 964.731323242188
939.516662597656 945.933532714844 946.250305175781 959.482666015625 958.726928710938 953.261962890625 955.029357910156 947.907897949219 959.194091796875 971.859252929688 970.369079589844 973.509094238281 967.975158691406 967.046752929688 974.961975097656 978.094848632812 977.670166015625 982.579284667969 978.4501953125 974.581176757812 966.809753417969 959.606384277344 963.055358886719 964.567932128906 964.742492675781 967.432067871094 977.324645996094 976.473937988281 976.684265136719 981.875854492188 972.294250488281 969.630676269531 975.801940917969 966.232666015625 969.097534179688 968.49755859375 970.335571289062 978.6962890625 973.656311035156 975.127868652344 964.569702148438 968.825500488281 964.361572265625 971.026489257812 976.753356933594 971.994201660156
951.730346679688 952.599243164062 951.570434570312 954.616516113281 958.530517578125 954.423278808594 958.760009765625 952.122741699219 966.137145996094 962.241455078125 960.175537109375 963.015747070312 963.728332519531 966.740905761719 973.260375976562 971.695007324219 976.751831054688 981.864318847656 981.810485839844 982.978149414062 976.442932128906 979.596923828125 967.745788574219 962.274169921875 957.171569824219 963.940490722656 966.843688964844 973.937316894531 973.018249511719 977.694885253906 977.176879882812 969.094787597656 977.544982910156 964.8671875 957.137512207031 964.804931640625 978.899169921875 971.152526855469 971.368957519531 971.03759765625 974.47900390625 968.016723632812 969.612854003906 975.961608886719 976.314331054688 980.444152832031
947.125732421875 953.821044921875 954.052124023438 957.719421386719 956.158325195312 957.875183105469 965.618896484375 955.50244140625 962.818359375 963.11572265625 952.079895019531 954.2021484375 962.076354980469 966.771911621094 968.2724609375 964.883422851562 968.464294433594 976.736572265625 984.165222167969 975.179016113281 967.763916015625 972.359313964844 967.505554199219 960.45654296875 966.584899902344 963.178771972656 968.917358398438 977.911682128906 976.032348632812 976.263061523438 970.838195800781 965.898132324219 974.906127929688 968.729797363281 963.352661132812 967.500915527344 963.406188964844 965.265014648438 958.633422851562 959.715087890625 974.709167480469 966.593872070312 965.795532226562 972.100219726562 979.079223632812 971.439086914062
944.912719726562 947.701171875 945.046203613281 954.818542480469 962.456909179688 953.686340332031 958.075622558594 963.406921386719 960.48779296875 956.397155761719 955.627807617188 965.19482421875 969.309814453125 973.2841796875 971.359252929688 978.373596191406 969.102844238281 971.0791015625 973.875610351562 965.339660644531 965.506591796875 961.841064453125 960.335571289062 961.12939453125 967.053466796875 966.9453125 969.275634765625 979.310791015625 973.446655273438 970.660705566406 965.030639648438 963.903015136719 966.937561035156 972.799011230469 963.229614257812 965.699462890625 960.815734863281 954.958862304688 948.996337890625 954.957763671875 964.577819824219 969.512756347656 963.450439453125 968.815856933594 968.586486816406 958.547790527344
942.243530273438 947.655212402344 950.85888671875 959.305236816406 947.388305664062 960.078979492188 968.279418945312 965.88134765625 969.290283203125 958.915649414062 952.898376464844 960.664184570312 960.192565917969 979.752014160156 978.827453613281 981.010314941406 978.338317871094 978.376159667969 972.812072753906 973.221435546875 972.412719726562 966.965637207031 963.230163574219 961.417419433594 961.331787109375 970.305541992188 972.822143554688 970.505432128906 974.769714355469 968.295776367188 954.452514648438 971.732666015625 971.349548339844 969.449035644531 973.003845214844 966.460998535156 962.597534179688 966.187805175781 947.229675292969 948.62060546875 954.087890625 964.450744628906 967.480590820312 963.36328125 960.736206054688 960.707275390625
956.721740722656 957.674682617188 960.403747558594 967.890991210938 950.901977539062 956.877258300781 974.239990234375 970.679138183594 971.314392089844 976.653503417969 970.916564941406 966.380004882812 975.1318359375 978.776245117188 985.684692382812 986.801452636719 987.782836914062 982.357421875 976.302978515625 971.027038574219 969.3974609375 967.240173339844 970.629760742188 967.648864746094 968.890014648438 970.611083984375 963.303894042969 970.239318847656 958.778869628906 962.4072265625 961.303161621094 966.948425292969 963.467102050781 970.102172851562 970.931335449219 968.246276855469 966.013916015625 965.716125488281 955.793212890625 960.15625 955.39111328125 962.080993652344 957.979736328125 965.167846679688 956.132446289062 956.802124023438
961.362243652344 960.216430664062 964.690124511719 964.626770019531 961.969116210938 962.545043945312 975.942810058594 976.702880859375 975.171630859375 973.463989257812 970.153076171875 965.330261230469 973.044860839844 979.252807617188 986.789245605469 992.869445800781 985.796875 976.310852050781 980.527587890625 978.131774902344 967.538635253906 964.199035644531 964.574523925781 974.258972167969 966.084777832031 964.596557617188 960.466247558594 960.63916015625 961.898803710938 966.513610839844 968.867248535156 969.962585449219 963.334228515625 963.291687011719 963.570190429688 962.218566894531 976.525817871094 971.413452148438 967.727416992188 962.298156738281 958.274719238281 961.815673828125 956.982788085938 951.007568359375 961.039794921875 961.368225097656
966.450134277344 964.931213378906 969.49365234375 962.842041015625 967.50341796875 963.73291015625 979.003540039062 978.209716796875 976.217102050781 973.2021484375 970.165283203125 968.621337890625 970.861511230469 976.909118652344 979.597900390625 984.0439453125 975.649963378906 970.872741699219 975.979370117188 966.485046386719 963.822204589844 964.12548828125 965.159851074219 964.275512695312 962.330383300781 961.820922851562 956.750915527344 955.405029296875 959.720397949219 965.283508300781 961.902465820312 962.875915527344 965.424987792969 976.102478027344 974.673950195312 969.871826171875 967.76171875 968.819458007812 961.193054199219 960.310424804688 958.520202636719 965.596557617188 958.842163085938 956.246643066406 961.461853027344 961.952392578125
963.281066894531 975.949035644531 969.259094238281 970.880310058594 972.246887207031 971.335205078125 976.839721679688 984.013122558594 978.320068359375 983.021545410156 978.580261230469 973.726867675781 973.1337890625 972.178161621094 981.552856445312 975.994689941406 978.9697265625 970.688354492188 970.104187011719 962.153442382812 955.344604492188 963.557189941406 969.18310546875 957.380432128906 960.958923339844 962.73193359375 960.572998046875 961.761474609375 963.360290527344 965.346801757812 970.495239257812 961.753540039062 969.024658203125 976.290649414062 963.663330078125 968.9384765625 958.35107421875 961.596923828125 960.057922363281 961.011047363281 967.113952636719 965.986511230469 959.843627929688 961.032836914062 958.26025390625 969.472351074219
966.451293945312 965.414978027344 972.792541503906 976.35986328125 973.458374023438 975.608581542969 968.103576660156 979.375732421875 984.834228515625 980.586059570312 969.572631835938 971.452514648438 975.525817871094 976.015075683594 975.579650878906 973.957275390625 978.880676269531 966.11767578125 960.572631835938 960.081848144531 950.458862304688 954.545104980469 963.290405273438 961.791748046875 963.715576171875 954.462280273438 960.181457519531 961.538391113281 960.639709472656 958.66162109375 965.244018554688 970.925231933594 973.25439453125 971.543395996094 962.081420898438 961.628479003906 962.507202148438 964.106140136719 960.131164550781 952.591979980469 957.268371582031 963.357666015625 961.308959960938 959.405883789062 953.942321777344 957.297607421875
961.923095703125 976.016357421875 983.702026367188 973.912414550781 973.841369628906 976.981140136719 974.532043457031 981.916320800781 983.436767578125 975.543151855469 968.844421386719 963.132019042969 972.601135253906 978.426574707031 983.105773925781 977.418640136719 973.324523925781 970.337768554688 960.89306640625 950.800476074219 951.76611328125 959.587341308594 964.638549804688 968.617126464844 968.8623046875 958.951477050781 959.523498535156 962.046447753906 963.643310546875 958.582214355469 963.951293945312 961.696899414062 961.578552246094 969.922485351562 967.032897949219 962.650817871094 963.306335449219 964.004089355469 953.021179199219 954.558349609375 956.0224609375 962.320373535156 957.046264648438 959.858947753906 954.827941894531 952.825988769531
960.334167480469 979.449401855469 978.644470214844 973.001953125 971.127868652344 980.118225097656 978.912963867188 971.949523925781 986.851135253906 973.116943359375 963.783386230469 970.211303710938 970.462524414062 972.042602539062 972.931335449219 977.543823242188 973.064147949219 968.547241210938 968.136962890625 958.883666992188 958.408996582031 949.341186523438 958.96533203125 963.558776855469 961.028747558594 950.276672363281 948.476745605469 953.541137695312 957.935913085938 963.074768066406 961.085876464844 957.554077148438 967.127258300781 964.480529785156 963.063110351562 965.089721679688 963.209777832031 966.801452636719 957.337463378906 954.040161132812 958.616821289062 956.851745605469 962.994934082031 961.1611328125 961.282165527344 956.566345214844
961.652221679688 981.404907226562 982.375122070312 968.34130859375 971.132568359375 980.19384765625 976.76806640625 977.525268554688 975.418090820312 964.77099609375 960.469909667969 972.604736328125 973.006103515625 976.960388183594 983.013366699219 981.553161621094 983.88232421875 976.67919921875 962.592163085938 959.565246582031 960.12548828125 959.552856445312 961.763427734375 959.6279296875 966.90673828125 952.598815917969 953.41796875 956.641540527344 963.454956054688 962.074340820312 955.320739746094 967.019287109375 962.627563476562 966.366516113281 961.88525390625 962.032958984375 960.482482910156 956.396911621094 952.966918945312 963.673645019531 960.060302734375 957.185668945312 954.243835449219 959.055725097656 952.226684570312 957.267395019531
963.883850097656 979.186706542969 973.898132324219 968.225952148438 973.1875 973.51416015625 968.995361328125 970.108764648438 963.522155761719 964.685546875 963.033569335938 972.086608886719 966.434875488281 971.017822265625 979.181640625 981.54345703125 981.702392578125 975.926940917969 972.526916503906 963.900573730469 967.274169921875 965.270141601562 957.1484375 954.727294921875 954.9677734375 950.295288085938 949.766235351562 955.885009765625 956.369262695312 953.993103027344 961.009033203125 960.190002441406 968.947021484375 966.520080566406 961.881774902344 966.077941894531 957.424621582031 960.165466308594 956.795959472656 956.337097167969 963.449035644531 953.424621582031 959.10498046875 953.302551269531 953.75537109375 951.812194824219
966.245544433594 970.033508300781 970.601684570312 967.779602050781 975.989685058594 972.472045898438 966.786376953125 961.949096679688 961.682861328125 955.836364746094 955.420837402344 961.889770507812 962.648620605469 971.341857910156 973.815673828125 983.795837402344 980.839111328125 969.90771484375 971.348510742188 970.5419921875 963.480895996094 961.071899414062 955.257385253906 956.336059570312 951.235168457031 959.558776855469 960.904052734375 958.977416992188 953.504211425781 951.356079101562 951.84033203125 959.733154296875 966.43017578125 964.229553222656 951.965148925781 959.432678222656 956.331359863281 950.994934082031 958.62548828125 957.788452148438 957.432800292969 954.58544921875 950.910766601562 948.408447265625 946.415466308594 958.926086425781
968.682922363281 961.691284179688 965.386291503906 968.040283203125 966.887512207031 972.727172851562 970.916931152344 954.448364257812 959.884155273438 960.433349609375 961.801330566406 955.153564453125 953.325866699219 955.720581054688 969.069213867188 964.943298339844 963.571228027344 973.125244140625 976.003295898438 958.592712402344 956.874755859375 955.657287597656 953.007507324219 948.940551757812 952.252990722656 956.383666992188 958.721313476562 955.116882324219 944.690612792969 948.529418945312 951.45166015625 950.695068359375 957.454467773438 958.417358398438 956.420471191406 953.740051269531 947.348999023438 946.330078125 952.264770507812 949.742431640625 953.009521484375 952.423583984375 959.326049804688 956.061218261719 950.218322753906 948.434143066406
