data/zlatibor_dem_simulations/DEMsim87.asc
NCOLS 150
NROWS 100
XLLCORNER 7394249
YLLCORNER 4841999
CELLSIZE 30
NODATA_VALUE -9999
[rows 20 to 39 of 100, columns 46 to 91 of 150]
1009.32110595703 1008.30792236328 1007.9990234375 1005.1015625 1005.68585205078 998.8505859375 1015.55285644531 1013.88458251953 1009.71716308594 1010.66387939453 1013.10992431641 1010.10363769531 1009.01330566406 1008.51568603516 1011.03741455078 1019.67224121094 1016.17199707031 1019.19793701172 1024.04406738281 1018.28625488281 1025.50671386719 1027.21813964844 1026.12280273438 1023.84753417969 1019.23889160156 1020.87969970703 1019.83502197266 1016.46575927734 1012.30920410156 1006.03240966797 1013.07147216797 1022.65728759766 1013.02783203125 1019.56622314453 1022.44604492188 1019.48120117188 1025.2392578125 1012.98974609375 1010.51959228516 1013.4990234375 997.69384765625 1003.66497802734 1000.94647216797 997.232482910156 1003.53961181641 1002.83416748047
1006.17614746094 1006.52807617188 1015.54650878906 1004.27520751953 1001.62561035156 1005.69317626953 1017.18133544922 1024.60986328125 1021.66442871094 1019.94921875 1018.46850585938 1011.91265869141 1011.15509033203 1012.15380859375 1017.37554931641 1015.20404052734 1014.54089355469 1019.62017822266 1027.81506347656 1025.00170898438 1033.47265625 1028.51928710938 1020.74536132812 1023.68969726562 1022.73956298828 1018.07122802734 1022.44396972656 1014.23895263672 1007.51788330078 1009.53466796875 1013.20013427734 1011.80798339844 1016.06469726562 1013.1884765625 1027.03161621094 1018.93499755859 1013.81573486328 1012.74157714844 1012.29638671875 1005.84918212891 1002.09716796875 1003.30426025391 1000.74133300781 1008.04766845703 1011.15985107422 1015.99322509766
1006.33990478516 1006.01171875 1010.63452148438 1013.28411865234 1002.92315673828 1003.30322265625 1018.90277099609 1021.72521972656 1013.21429443359 1014.38073730469 1025.00598144531 1016.51037597656 1005.27380371094 1013.32037353516 1008.28515625 1002.64398193359 1005.89025878906 1015.27386474609 1024.38232421875 1025.66552734375 1032.49194335938 1032.49719238281 1010.85461425781 1021.5244140625 1023.36877441406 1024.04431152344 1026.57373046875 1016.63073730469 1012.05749511719 1012.83221435547 1012.931640625 1011.93981933594 1013.71813964844 1010.56018066406 1016.15655517578 1020.43023681641 1009.98944091797 1012.52514648438 1011.27209472656 1010.47198486328 998.511474609375 1006.38330078125 994.606384277344 1000.58032226562 1009.85260009766 1015.44464111328
1015.13763427734 1006.05218505859 1009.05975341797 997.674499511719 1004.09484863281 1009.68627929688 1011.39074707031 1011.81878662109 1003.01580810547 1015.65393066406 1017.51831054688 1010.66534423828 1010.37432861328 1020.97119140625 1013.51684570312 1012.51361083984 1007.74194335938 1021.34722900391 1020.27117919922 1023.49468994141 1022.64019775391 1027.26489257812 1023.28851318359 1018.85302734375 1014.70416259766 1017.98785400391 1013.71337890625 1004.87145996094 1010.33795166016 1007.22100830078 1005.23834228516 1005.96826171875 1008.609375 1017.37835693359 1013.51910400391 1020.59698486328 1011.69195556641 1017.32525634766 1015.91424560547 1010.84753417969 1007.63073730469 1010.20379638672 1007.33056640625 1007.84777832031 1006.02734375 1014.12658691406
1010.25048828125 1011.90417480469 992.586975097656 991.769165039062 1002.78796386719 1008.1484375 1005.70642089844 1000.34680175781 998.4755859375 1008.91784667969 1009.24468994141 1014.26428222656 1009.10974121094 1016.50085449219 1021.85095214844 1006.72076416016 1015.328125 1017.87591552734 1019.90875244141 1021.46173095703 1022.49066162109 1017.2333984375 1021.93743896484 1020.91955566406 1012.05236816406 1010.66479492188 1008.52520751953 1004.35247802734 995.639770507812 1002.38458251953 992.549194335938 1004.77276611328 1006.51226806641 1009.05267333984 1001.68591308594 1011.0908203125 1012.36297607422 1005.28216552734 1004.40698242188 1009.04626464844 1004.31713867188 1013.45220947266 1017.08392333984 1016.30200195312 1026.61511230469 1020.72991943359
1005.16741943359 1004.27734375 998.470458984375 993.529113769531 988.369140625 987.396606445312 993.258117675781 987.555297851562 1003.185546875 1003.33605957031 996.411560058594 996.915832519531 1008.65209960938 1011.70678710938 1013.27124023438 1014.28833007812 1015.10498046875 1019.68383789062 1017.59844970703 1021.21331787109 1014.60949707031 1013.04968261719 1006.67926025391 1012.40155029297 1016.55279541016 1017.56512451172 1011.33520507812 997.531616210938 997.127197265625 996.192565917969 990.558410644531 1004.06756591797 1008.10137939453 1006.21545410156 994.098205566406 995.936157226562 1008.66302490234 998.806518554688 995.532104492188 1011.42388916016 1005.07897949219 1015.43249511719 1013.16534423828 1018.98193359375 1022.65594482422 1032.89624023438
1002.32574462891 996.706298828125 994.518371582031 991.814575195312 982.314208984375 975.0849609375 983.718505859375 984.598205566406 986.734558105469 986.222534179688 989.05126953125 993.492797851562 994.532043457031 999.241333007812 1004.39245605469 1007.50177001953 1017.95989990234 1013.25756835938 1012.01788330078 1013.41394042969 1010.94189453125 1005.81329345703 1010.05432128906 1012.81396484375 1011.71459960938 1005.30615234375 1001.09661865234 994.972595214844 996.268615722656 999.833312988281 996.708374023438 994.904907226562 997.730712890625 999.292724609375 994.754333496094 986.979370117188 991.357360839844 998.723876953125 997.700622558594 1002.04217529297 1006.26635742188 1011.31701660156 1014.9755859375 1016.95355224609 1025.72485351562 1028.09411621094
1000.83459472656 989.880004882812 998.762817382812 991.432250976562 993.188049316406 977.321533203125 985.215698242188 985.656494140625 985.669982910156 993.62353515625 997.383728027344 993.996948242188 998.397155761719 1005.19360351562 996.610778808594 999.410583496094 1007.59295654297 1014.31860351562 1002.72619628906 1002.37915039062 1001.50366210938 1006.89807128906 1012.96887207031 1006.17901611328 1005.14556884766 1005.31176757812 1000.55413818359 1002.28649902344 1000.6201171875 994.175048828125 1002.78118896484 1002.37017822266 995.425537109375 993.832092285156 988.141052246094 989.896667480469 993.403076171875 996.361022949219 1004.64935302734 1006.39642333984 1007.69622802734 1005.37634277344 1019.38250732422 1027.50305175781 1030.87158203125 1025.93286132812
990.813049316406 990.212036132812 986.358093261719 991.803527832031 991.0595703125 988.436462402344 987.441589355469 988.587707519531 995.452880859375 991.592102050781 992.022033691406 992.388732910156 996.422790527344 1003.08831787109 998.746276855469 1005.03881835938 1003.31774902344 1001.1328125 998.784240722656 1000.27911376953 994.76806640625 1000.16101074219 1010.74822998047 1002.07641601562 999.979614257812 992.398498535156 1003.79565429688 999.431091308594 999.294738769531 995.840087890625 995.512268066406 1003.66595458984 999.301513671875 988.717529296875 990.178161621094 988.475646972656 1000.67425537109 997.742919921875 1001.15612792969 1009.52996826172 1005.72845458984 1012.50396728516 1023.54315185547 1025.87255859375 1025.24829101562 1033.99621582031
992.105041503906 986.709655761719 986.012023925781 984.737365722656 985.428039550781 992.900390625 982.601684570312 979.435485839844 987.270080566406 989.4833984375 998.45556640625 989.774291992188 995.808166503906 995.793395996094 999.372009277344 1003.01916503906 1004.99346923828 991.7861328125 997.356811523438 1007.48724365234 993.120666503906 997.071411132812 995.935668945312 1002.02966308594 999.289367675781 997.405090332031 996.867492675781 1000.87518310547 1000.79632568359 994.344116210938 993.653930664062 994.781188964844 980.45751953125 992.083068847656 995.423278808594 987.12939453125 994.256164550781 990.635620117188 992.759704589844 1000.48565673828 996.6298828125 1006.55548095703 1021.16772460938 1026.69226074219 1030.41015625 1028.93432617188
981.425659179688 983.91748046875 983.364685058594 986.378723144531 988.753601074219 988.472473144531 983.3408203125 988.080810546875 979.670837402344 984.198547363281 992.977478027344 994.788330078125 993.90869140625 997.529052734375 992.948181152344 995.064270019531 1002.49377441406 995.198913574219 996.567749023438 1000.63391113281 992.991943359375 994.369934082031 999.239074707031 1002.94549560547 994.982666015625 992.063110351562 988.324157714844 992.216552734375 994.239440917969 992.782958984375 991.814636230469 988.708557128906 987.52685546875 985.688110351562 989.084777832031 988.630004882812 991.046569824219 994.59521484375 992.834289550781 991.810791015625 1001.29895019531 1012.55816650391 1019.97534179688 1024.67626953125 1031.08874511719 1025.66174316406
984.746520996094 986.317993164062 983.101196289062 987.602478027344 979.98388671875 981.532409667969 979.463073730469 973.610046386719 972.368347167969 975.505676269531 985.238342285156 988.35546875 988.392761230469 984.646484375 979.660095214844 990.335632324219 995.769592285156 995.590393066406 997.251098632812 1000.09429931641 992.748352050781 994.754211425781 999.351379394531 996.234252929688 993.040649414062 985.884216308594 985.149047851562 987.904479980469 991.860107421875 989.464782714844 989.738037109375 997.090393066406 988.773620605469 986.075805664062 979.601318359375 988.562805175781 987.555480957031 1000.40582275391 995.420104980469 1005.10632324219 1005.40148925781 1014.45056152344 1015.54254150391 1013.55834960938 1019.46032714844 1022.46838378906
985.887756347656 979.150817871094 974.981262207031 973.640319824219 980.406555175781 981.433837890625 978.653625488281 975.324829101562 972.900695800781 973.193359375 976.20947265625 981.914001464844 981.851013183594 984.51171875 981.9169921875 983.348327636719 985.929016113281 993.288452148438 998.789001464844 1001.23419189453 993.242553710938 992.148986816406 994.522521972656 991.48388671875 989.880676269531 989.828063964844 981.068298339844 980.061584472656 992.591186523438 989.506286621094 994.369262695312 986.515258789062 989.835083007812 985.339416503906 990.283874511719 991.031311035156 992.76513671875 996.4599609375 1004.58953857422 1001.228515625 1010.52874755859 1001.38897705078 1008.40747070312 1010.39526367188 1015.09906005859 1021.93890380859
975.005249023438 975.364807128906 967.817016601562 976.534301757812 975.680786132812 972.133911132812 967.378540039062 971.49072265625 967.990600585938 966.938293457031 968.539794921875 976.317626953125 977.897583007812 979.177185058594 981.998352050781 981.73779296875 988.221008300781 990.182556152344 1005.05590820312 987.312744140625 984.103332519531 975.48291015625 981.859130859375 976.916870117188 977.405456542969 982.619934082031 977.126281738281 983.932373046875 986.872192382812 995.623291015625 994.781127929688 988.933715820312 985.689880371094 984.102294921875 990.44482421875 1002.93103027344 1005.02203369141 1003.71398925781 1003.39239501953 1011.30395507812 1009.77740478516 998.962219238281 997.152404785156 1016.05407714844 1016.81469726562 1019.73059082031
968.966735839844 970.551086425781 970.808959960938 978.1220703125 977.969482421875 974.369873046875 970.928894042969 974.247131347656 968.849304199219 960.194763183594 967.8583984375 975.322143554688 979.397277832031 980.240234375 985.564758300781 984.341186523438 991.076904296875 988.577453613281 992.460083007812 979.446228027344 981.890014648438 973.861633300781 968.989501953125 972.842651367188 980.31640625 983.434753417969 982.393005371094 981.571655273438 978.342224121094 994.660827636719 994.735961914062 989.515625 980.620361328125 992.497436523438 1001.12622070312 1004.51519775391 1004.21789550781 1011.98425292969 1003.83532714844 1010.76086425781 1009.34204101562 1004.49542236328 996.618896484375 1006.20806884766 1017.92779541016 1017.2900390625
979.682373046875 972.219787597656 970.492614746094 982.181030273438 980.818115234375 971.179443359375 974.643981933594 974.379943847656 970.603942871094 963.355773925781 970.633666992188 973.246643066406 974.478942871094 971.98876953125 972.101196289062 987.856506347656 976.097290039062 985.199951171875 990.096374511719 978.555908203125 977.241516113281 988.169311523438 984.512084960938 990.071472167969 983.148559570312 978.873107910156 981.708984375 982.523986816406 987.485473632812 984.408996582031 990.43017578125 990.519470214844 989.099426269531 999.979125976562 994.327087402344 996.789794921875 1001.84948730469 997.456237792969 1004.20532226562 1016.56652832031 1007.36047363281 1003.74761962891 1004.29772949219 1007.79840087891 1012.54254150391 1019.86840820312
980.093139648438 981.145202636719 979.142883300781 976.907104492188 972.300720214844 968.189514160156 970.061706542969 985.241882324219 976.276489257812 975.705017089844 973.697387695312 973.570617675781 972.729370117188 971.699645996094 982.744750976562 976.661560058594 977.409545898438 988.590942382812 989.180053710938 986.228820800781 992.848876953125 988.881225585938 978.098205566406 979.71484375 985.447082519531 971.777465820312 970.107299804688 980.828125 983.20361328125 980.315673828125 986.757934570312 987.985412597656 994.657165527344 1000.62408447266 995.477844238281 993.730529785156 991.225341796875 1001.95239257812 1000.08703613281 1002.69274902344 997.513671875 996.892822265625 1000.24761962891 998.564208984375 1006.59808349609 1008.15142822266
974.692321777344 984.287658691406 984.817443847656 979.046569824219 972.594970703125 968.64892578125 969.035522460938 979.753234863281 977.605163574219 973.629455566406 967.35546875 967.250366210938 974.393493652344 971.061645507812 975.644592285156 976.383605957031 984.868408203125 987.580017089844 997.174133300781 995.833557128906 988.283203125 986.291564941406 979.346435546875 968.958618164062 974.218933105469 971.978088378906 975.569030761719 982.934265136719 977.764526367188 976.364562988281 978.983947753906 987.298767089844 983.485290527344 994.46826171875 997.59375 989.099426269531 994.174438476562 1003.02484130859 1000.4375 999.791076660156 1002.81994628906 1002.73168945312 1001.19567871094 992.258911132812 994.301452636719 996.265869140625
963.079833984375 976.211547851562 980.302612304688 981.575012207031 979.340393066406 971.489929199219 964.1318359375 966.0126953125 968.746826171875 977.68017578125 974.370971679688 963.093078613281 964.406616210938 965.725280761719 974.486267089844 979.877746582031 984.939758300781 998.3564453125 995.095642089844 1003.41546630859 988.502014160156 983.70556640625 968.005737304688 969.822631835938 971.948486328125 970.648559570312 966.531616210938 969.094299316406 975.826171875 977.879821777344 983.594665527344 984.645629882812 984.837463378906 985.379821777344 998.515502929688 995.854064941406 1000.14349365234 1001.77746582031 1001.49432373047 997.162902832031 1000.50854492188 992.650451660156 996.576721191406 994.118896484375 991.692016601562 990.34033203125
969.393676757812 974.269958496094 978.574096679688 974.395263671875 970.168212890625 972.934143066406 966.139770507812 962.073059082031 977.019714355469 980.223876953125 978.669006347656 971.450378417969 967.657409667969 972.769897460938 973.023254394531 984.478088378906 985.849304199219 992.747314453125 990.603454589844 991.783203125 982.621215820312 975.03662109375 970.555541992188 966.119750976562 969.277893066406 968.688049316406 967.357238769531 963.883361816406 973.632568359375 982.506713867188 987.742919921875 977.893615722656 981.550720214844 983.867797851562 988.320556640625 991.761535644531 995.469482421875 1000.08996582031 1005.81750488281 988.357116699219 985.30126953125 983.709045410156 987.720886230469 985.263854980469 986.141845703125 984.666320800781
