data/zlatibor_dem_simulations/DEMsim1.asc
NCOLS 150
NROWS 100
XLLCORNER 7394249
YLLCORNER 4841999
CELLSIZE 30
NODATA_VALUE -9999
[rows 40 to 59 of 100, columns 92 to 137 of 150]
988.985656738281 983.9033203125 983.248718261719 988.684692382812 991.417724609375 991.907043457031 982.409362792969 980.920532226562 978.29931640625 981.043090820312 983.841064453125 995.049194335938 987.965026855469 983.043823242188 978.761840820312 979.001220703125 979.375305175781 989.072998046875 991.556762695312 992.41015625 988.052917480469 981.645690917969 987.1982421875 990.883605957031 998.642639160156 992.147521972656 992.627502441406 989.087524414062 988.512390136719 991.762268066406 1001.87194824219 1008.17053222656 1005.69030761719 1005.89373779297 1005.25219726562 1007.34216308594 1017.24298095703 1009.72326660156 1017.69787597656 1021.9072265625 1024.83178710938 1041.48608398438 1035.27551269531 1043.89929199219 1045.44226074219 1053.63439941406
995.710815429688 985.062561035156 990.79296875 982.503234863281 989.733337402344 982.626647949219 972.153503417969 971.757263183594 968.169860839844 968.508972167969 976.690063476562 991.280517578125 988.691284179688 986.564575195312 977.514892578125 987.64501953125 988.047119140625 986.148803710938 987.93310546875 981.144409179688 979.010131835938 979.151000976562 983.947265625 988.391784667969 997.570861816406 997.855834960938 988.673828125 995.306823730469 997.138671875 993.450256347656 995.740051269531 999.3115234375 1000.26025390625 1014.25512695312 1012.80841064453 1011.69519042969 1019.32922363281 1024.41003417969 1026.42468261719 1027.48828125 1034.81567382812 1044.44226074219 1050.23059082031 1050.80102539062 1053.68017578125 1073.07556152344
990.392517089844 982.453735351562 982.684387207031 978.091674804688 977.937744140625 987.397155761719 971.912414550781 971.579711914062 982.133666992188 971.836486816406 979.156005859375 985.49609375 986.71044921875 989.145568847656 979.24169921875 984.000427246094 984.098937988281 984.945129394531 983.793579101562 975.392700195312 973.521606445312 981.136291503906 991.456298828125 987.702270507812 992.366027832031 993.129760742188 992.870483398438 996.071105957031 995.216918945312 998.203369140625 994.826538085938 994.749084472656 1004.08978271484 1004.54949951172 1021.97418212891 1021.18011474609 1026.97521972656 1026.85986328125 1033.90051269531 1031.75207519531 1038.54174804688 1039.47778320312 1056.88647460938 1059.8876953125 1065.86328125 1073.86206054688
984.315185546875 977.960998535156 978.723571777344 987.885437011719 991.399597167969 989.71728515625 981.19287109375 979.075378417969 972.397277832031 973.832275390625 974.289855957031 976.104248046875 990.500793457031 989.077392578125 983.002685546875 988.220520019531 988.441345214844 987.309631347656 992.91064453125 978.451965332031 980.265747070312 990.345581054688 989.670227050781 995.821411132812 996.431762695312 998.250183105469 992.815063476562 996.861511230469 1000.59954833984 992.962585449219 987.490905761719 988.096435546875 998.863159179688 1005.26940917969 1020.49609375 1024.82421875 1032.365234375 1029.57446289062 1037.25085449219 1031.64697265625 1043.97705078125 1054.39770507812 1061.20361328125 1067.96118164062 1066.4443359375 1072.87634277344
978.393005371094 973.73095703125 977.165893554688 988.655456542969 989.399475097656 993.5 987.159912109375 972.168273925781 974.534973144531 970.716125488281 972.296081542969 977.451293945312 985.246032714844 982.6904296875 993.830871582031 999.533569335938 996.706237792969 991.68359375 987.980163574219 988.698120117188 982.336669921875 996.708801269531 990.839111328125 995.636901855469 999.572326660156 993.982421875 987.35791015625 994.857788085938 1002.11413574219 997.703552246094 992.430236816406 1003.69921875 1000.40142822266 1001.37841796875 1014.67816162109 1022.88842773438 1035.08911132812 1033.61755371094 1031.36706542969 1029.42736816406 1036.9404296875 1051.76281738281 1059.75012207031 1068.25476074219 1068.0029296875 1079.61328125
975.782592773438 974.524597167969 980.905883789062 980.3798828125 985.154357910156 991.521789550781 983.054992675781 979.357788085938 969.212158203125 973.53955078125 983.37255859375 980.564575195312 982.82177734375 984.126342773438 987.700073242188 1001.71130371094 1000.82342529297 1000.86810302734 997.424194335938 995.491516113281 994.399169921875 999.436767578125 995.663024902344 999.012573242188 991.079406738281 990.63720703125 984.319641113281 991.433288574219 1004.12371826172 1008.86828613281 1009.04138183594 1016.35540771484 1005.88989257812 1012.58966064453 1011.68359375 1022.42108154297 1028.22119140625 1032.41394042969 1034.2900390625 1035.82800292969 1055.056640625 1066.94360351562 1064.91088867188 1072.966796875 1078.57006835938 1091.21228027344
974.719421386719 977.564636230469 980.654846191406 979.944152832031 981.985656738281 983.794372558594 979.633972167969 985.586303710938 975.04736328125 972.629089355469 983.905578613281 985.303161621094 993.545837402344 984.231811523438 999.404602050781 995.942504882812 1000.07995605469 995.297424316406 996.203674316406 996.215698242188 995.982360839844 996.44189453125 994.460388183594 994.193176269531 1002.53717041016 1006.46923828125 995.03173828125 995.022583007812 1004.48223876953 1011.48767089844 1018.71398925781 1018.34112548828 1023.98431396484 1013.64233398438 1015.56085205078 1032.0439453125 1031.25134277344 1032.14013671875 1041.57580566406 1049.21643066406 1061.28076171875 1067.62890625 1069.79406738281 1073.38232421875 1080.92529296875 1088.67700195312
975.598999023438 971.539489746094 970.111389160156 981.029418945312 978.872497558594 983.020690917969 987.87353515625 992.437133789062 977.768005371094 979.036987304688 983.5966796875 987.952392578125 985.486938476562 993.574890136719 993.9462890625 991.687316894531 989.425231933594 990.075561523438 994.765991210938 992.394348144531 992.552673339844 990.881103515625 996.43212890625 998.036254882812 1009.18395996094 1010.38708496094 1000.59454345703 993.500549316406 996.2099609375 1009.74670410156 1018.92742919922 1019.84307861328 1016.46563720703 1023.28814697266 1025.93774414062 1034.88464355469 1036.38891601562 1032.23352050781 1036.84118652344 1044.27478027344 1054.88903808594 1064.33044433594 1075.36669921875 1087.22595214844 1088.62219238281 1092.45471191406
966.839233398438 970.937133789062 981.037658691406 986.015808105469 984.0546875 986.342895507812 991.692810058594 983.145202636719 978.859802246094 979.996948242188 974.783508300781 980.024230957031 982.425170898438 993.2607421875 991.328735351562 985.338317871094 993.812683105469 987.306823730469 987.82373046875 983.093872070312 984.731323242188 994.483703613281 1004.54479980469 1001.59204101562 1003.22692871094 1004.13409423828 1002.69921875 992.4111328125 1003.57098388672 1017.52435302734 1019.56433105469 1009.29083251953 1033.29284667969 1033.54284667969 1038.74499511719 1035.16162109375 1040.67431640625 1040.47595214844 1045.80493164062 1051.0654296875 1051.61169433594 1060.74096679688 1079.53747558594 1087.47302246094 1094.13244628906 1094.79553222656
971.792358398438 976.238403320312 980.69091796875 980.132080078125 978.372009277344 981.0732421875 981.936828613281 992.908447265625 979.608093261719 965.267639160156 964.638427734375 972.822387695312 977.218994140625 980.475036621094 989.17041015625 986.5361328125 987.097839355469 986.086547851562 995.573181152344 991.400817871094 993.725830078125 993.920837402344 992.437561035156 995.385375976562 998.130432128906 992.703491210938 991.155029296875 992.849975585938 1001.64929199219 1012.92895507812 1020.98449707031 1019.830078125 1023.09985351562 1028.94482421875 1038.59887695312 1037.9873046875 1042.78930664062 1043.51831054688 1048.345703125 1049.88171386719 1052.63073730469 1064.69104003906 1074.58728027344 1084.1689453125 1089.45727539062 1090.76342773438
978.625915527344 970.732238769531 973.191528320312 969.730773925781 970.998046875 974.489135742188 975.257446289062 978.228454589844 967.755981445312 963.094482421875 957.440063476562 962.452209472656 972.300598144531 975.652038574219 988.564392089844 994.483825683594 992.76171875 985.31640625 985.1015625 993.30224609375 994.543151855469 1002.81231689453 994.63916015625 990.955688476562 984.750366210938 997.031005859375 987.502197265625 994.542724609375 1004.01733398438 1013.62554931641 1013.82788085938 1023.81451416016 1034.29321289062 1037.27111816406 1033.04174804688 1036.37573242188 1046.4853515625 1045.2109375 1050.99291992188 1049.35107421875 1052.97509765625 1066.72961425781 1077.33337402344 1084.76867675781 1083.69970703125 1082.27954101562
974.65380859375 969.906921386719 967.504577636719 965.66357421875 981.035217285156 982.06201171875 981.955932617188 974.836059570312 964.953430175781 963.895568847656 960.606262207031 967.452392578125 971.815307617188 983.603454589844 984.833374023438 983.619384765625 988.787536621094 982.101867675781 984.449096679688 991.972778320312 1004.89630126953 1004.17987060547 1010.88854980469 995.76318359375 997.977111816406 1001.81420898438 1000.37390136719 996.341491699219 1004.32623291016 1013.20959472656 1016.87353515625 1032.70715332031 1036.47741699219 1036.38037109375 1034.17907714844 1030.6435546875 1031.39111328125 1042.83471679688 1052.32177734375 1054.32897949219 1054.12719726562 1063.41833496094 1080.69201660156 1085.87377929688 1081.51977539062 1076.07495117188
968.850769042969 965.314086914062 963.914978027344 968.372131347656 977.931030273438 974.57275390625 974.518676757812 972.421752929688 970.174682617188 969.447570800781 965.299438476562 966.875671386719 977.088928222656 981.641357421875 985.390991210938 979.200988769531 977.021423339844 985.573486328125 990.445861816406 993.490234375 998.28466796875 1004.47760009766 1005.62023925781 1001.05096435547 1006.85534667969 1010.22357177734 1006.34832763672 1008.39636230469 1008.13610839844 1012.44445800781 1020.1083984375 1023.3642578125 1030.97021484375 1031.42150878906 1030.52502441406 1031.25573730469 1034.94555664062 1047.26208496094 1057.76293945312 1060.84814453125 1058.3330078125 1071.77722167969 1077.58361816406 1081.49523925781 1086.25524902344 1086.75256347656
968.410522460938 975.692443847656 971.353881835938 969.593505859375 975.903503417969 977.270141601562 972.473205566406 981.9990234375 974.247009277344 965.171691894531 962.660400390625 971.76416015625 974.683288574219 968.890808105469 976.601501464844 974.026916503906 976.146667480469 980.575561523438 990.054443359375 993.848083496094 993.6748046875 993.502868652344 998.023864746094 1001.08746337891 1002.66955566406 1003.94183349609 1010.21313476562 1011.27947998047 1018.51544189453 1022.28955078125 1022.69622802734 1024.41772460938 1026.88208007812 1029.44543457031 1031.76965332031 1034.00805664062 1038.32275390625 1042.66137695312 1047.17358398438 1057.5693359375 1068.84240722656 1073.0048828125 1077.58117675781 1080.69909667969 1089.78393554688 1083.22766113281
971.31396484375 964.063049316406 964.260009765625 974.503967285156 977.106628417969 975.218139648438 965.358825683594 977.79052734375 969.455444335938 972.827270507812 976.106689453125 971.687805175781 964.844116210938 974.785888671875 969.360534667969 979.527587890625 979.733825683594 984.404724121094 986.483093261719 975.679748535156 991.635498046875 998.922790527344 1002.17474365234 996.884399414062 1001.88549804688 1006.33471679688 1015.10662841797 1018.96282958984 1022.90240478516 1019.0009765625 1020.06494140625 1018.23083496094 1015.89672851562 1026.73706054688 1027.578125 1025.82653808594 1029.21398925781 1037.0615234375 1046.6728515625 1053.66137695312 1067.37158203125 1075.82775878906 1081.19494628906 1088.63317871094 1083.21350097656 1087.79028320312
967.93359375 964.359985351562 968.018798828125 976.571960449219 980.712585449219 976.839538574219 975.4677734375 978.516845703125 974.173522949219 977.232666015625 971.529602050781 974.650817871094 967.421691894531 976.78515625 976.386413574219 980.452026367188 982.726013183594 985.326049804688 991.52685546875 989.794494628906 989.614929199219 990.745727539062 998.288269042969 1001.14715576172 1009.94879150391 1008.27770996094 1013.46124267578 1008.466796875 1012.23944091797 1014.58435058594 1015.67144775391 1008.61108398438 1018.94519042969 1027.71032714844 1026.65588378906 1030.45520019531 1033.876953125 1033.62023925781 1042.45495605469 1046.94091796875 1062.49621582031 1076.27746582031 1077.25048828125 1084.46313476562 1101.14611816406 1087.98547363281
959.501831054688 962.700744628906 965.998168945312 973.808959960938 978.666870117188 974.391235351562 975.384033203125 972.340454101562 975.662963867188 982.063537597656 978.096252441406 978.676818847656 979.865966796875 979.292785644531 980.711669921875 983.078430175781 980.191711425781 985.887878417969 988.214660644531 996.978393554688 990.629028320312 993.177612304688 993.200012207031 1006.23669433594 1003.32171630859 1011.31719970703 1019.02160644531 1006.19952392578 1006.43707275391 1007.62701416016 1000.71765136719 1001.6142578125 1001.69915771484 1010.84887695312 1028.17712402344 1035.44494628906 1031.14086914062 1037.95336914062 1040.09594726562 1043.81726074219 1058.41455078125 1070.5859375 1068.40148925781 1085.20471191406 1093.13098144531 1090.53015136719
952.339965820312 964.907287597656 959.569030761719 976.584350585938 978.954772949219 972.508361816406 978.620178222656 975.595520019531 979.230773925781 989.286926269531 980.375610351562 985.127746582031 981.817016601562 984.320129394531 979.723571777344 981.783508300781 987.118347167969 989.427185058594 994.652282714844 994.587524414062 996.531799316406 989.618469238281 997.455017089844 992.487915039062 997.707153320312 1009.14385986328 1016.62280273438 1010.69989013672 1004.57855224609 996.968444824219 1000.51007080078 1000.24151611328 1002.53900146484 1006.50012207031 1020.8642578125 1029.57653808594 1032.18627929688 1034.587890625 1039.34594726562 1040.35485839844 1061.12536621094 1072.54638671875 1073.87390136719 1086.1259765625 1084.01867675781 1084.58190917969
954.391723632812 962.239807128906 967.744140625 980.755920410156 975.769165039062 981.401184082031 977.24072265625 984.606628417969 978.021362304688 985.837707519531 983.137268066406 982.636901855469 976.754760742188 985.005859375 975.617797851562 979.265014648438 990.25830078125 994.89404296875 1000.95629882812 1002.74865722656 1000.24200439453 984.973754882812 994.938049316406 996.199157714844 1007.77014160156 1011.11047363281 1008.43572998047 1009.91491699219 1005.93841552734 1000.07958984375 1010.79052734375 1002.92083740234 1011.30090332031 1008.1787109375 1017.53118896484 1030.80822753906 1030.66345214844 1031.70959472656 1030.41516113281 1053.10021972656 1061.13452148438 1073.43811035156 1073.93225097656 1081.27905273438 1076.23205566406 1077.12048339844
961.06201171875 968.369018554688 971.257446289062 974.423461914062 982.446899414062 979.681579589844 983.151123046875 984.133178710938 982.85791015625 981.167236328125 976.723205566406 982.797180175781 978.203552246094 985.692687988281 981.422424316406 986.257141113281 987.422119140625 1000.82464599609 1007.52008056641 1006.55023193359 996.171508789062 995.018493652344 995.532409667969 1003.60833740234 1010.13238525391 1012.306640625 1007.04925537109 1005.97137451172 996.925537109375 999.599792480469 998.250061035156 1006.47985839844 1011.14294433594 1014.70837402344 1019.5078125 1022.24554443359 1030.80578613281 1038.126953125 1042.59252929688 1043.88342285156 1054.10070800781 1061.03161621094 1070.36206054688 1068.85144042969 1065.32189941406 1067.30798339844
