data/zlatibor_dem_simulations/DEMsim2.asc
NCOLS 150
NROWS 100
XLLCORNER 7394249
YLLCORNER 4841999
CELLSIZE 30
NODATA_VALUE -9999
[rows 20 to 39 of 100, columns 92 to 137 of 150]
995.112976074219 1001.89373779297 1010.66412353516 1010.43463134766 1007.68267822266 1003.787109375 994.203369140625 981.341491699219 986.15625 992.188598632812 996.653747558594 998.027954101562 988.730224609375 991.678955078125 986.578491210938 991.093444824219 989.967529296875 990.335021972656 979.905151367188 955.906799316406 947.199951171875 929.444519042969 926.445495605469 932.626281738281 940.404418945312 943.873840332031 946.049438476562 955.754272460938 974.834777832031 986.593505859375 998.236938476562 997.334533691406 1008.47100830078 1017.9755859375 1020.52001953125 1032.37976074219 1036.498046875 1034.71374511719 1046.56188964844 1053.6220703125 1053.01184082031 1058.01867675781 1054.42614746094 1049.8330078125 1051.48095703125 1060.4208984375
1005.58813476562 1007.04504394531 1019.45874023438 1018.80810546875 1015.30169677734 1005.79693603516 997.091125488281 977.25048828125 992.520812988281 994.970153808594 998.190673828125 995.826538085938 999.746215820312 996.058898925781 991.83642578125 991.052856445312 980.174743652344 984.373779296875 972.416137695312 961.089416503906 943.751098632812 940.8505859375 931.335327148438 936.375305175781 935.669738769531 945.182922363281 945.107849121094 967.826721191406 986.802917480469 979.848693847656 995.561584472656 1002.34112548828 1009.38153076172 1021.73297119141 1033.43347167969 1038.20288085938 1042.51977539062 1041.07592773438 1049.35546875 1050.78601074219 1057.47485351562 1054.49096679688 1047.68310546875 1049.59118652344 1049.18347167969 1058.48217773438
1010.16137695312 1016.90277099609 1024.32312011719 1023.45843505859 1019.50854492188 1010.86175537109 1003.27038574219 989.444946289062 997.504272460938 996.615234375 1001.00335693359 1001.46533203125 998.817321777344 996.870300292969 990.1552734375 985.847778320312 978.03515625 973.394592285156 972.700500488281 954.272888183594 948.2958984375 941.688659667969 949.755004882812 939.162414550781 933.031311035156 929.810852050781 946.703735351562 968.592834472656 990.219787597656 986.419372558594 993.064025878906 1002.71313476562 1008.92932128906 1026.72094726562 1040.57531738281 1046.31372070312 1049.56994628906 1051.28833007812 1055.56652832031 1051.09020996094 1046.41064453125 1047.583984375 1050.095703125 1046.69580078125 1047.64599609375 1060.28405761719
1021.67047119141 1018.25982666016 1033.68408203125 1024.45458984375 1025.05834960938 1010.11993408203 1005.34973144531 996.69189453125 1005.07513427734 1000.06469726562 1004.73522949219 1003.55322265625 1007.89782714844 1005.97137451172 999.534790039062 986.59765625 986.336608886719 977.832336425781 971.784057617188 964.272705078125 963.119873046875 952.775756835938 949.267578125 935.311950683594 925.160278320312 939.499328613281 954.536865234375 981.759399414062 991.00830078125 1000.400390625 997.453369140625 1004.75262451172 1018.82299804688 1027.67565917969 1038.7412109375 1041.08361816406 1046.1787109375 1052.4228515625 1053.03796386719 1055.28955078125 1053.62036132812 1050.4755859375 1047.05737304688 1049.97875976562 1049.00964355469 1057.0517578125
1023.35217285156 1024.04040527344 1024.94116210938 1027.75720214844 1020.85339355469 1012.55364990234 1001.00427246094 995.905944824219 1002.18310546875 997.9375 1005.83758544922 1003.01184082031 1009.60565185547 1009.87042236328 1005.98309326172 1005.60205078125 991.710083007812 985.619018554688 974.441955566406 969.271789550781 960.810302734375 947.299377441406 940.730163574219 937.677551269531 937.872375488281 945.16650390625 963.18896484375 985.950317382812 994.213317871094 996.006225585938 1003.11456298828 1012.05895996094 1022.89544677734 1024.76574707031 1032.00659179688 1039.80029296875 1040.71008300781 1039.70593261719 1048.98706054688 1050.93566894531 1053.51330566406 1047.81701660156 1046.55749511719 1056.64001464844 1055.41906738281 1062.4794921875
1016.60266113281 1016.21337890625 1023.30541992188 1025.58837890625 1014.06286621094 1004.1484375 995.954223632812 1007.93902587891 1008.90893554688 1001.48413085938 1002.97442626953 1007.18310546875 1009.70776367188 1009.15197753906 1012.13012695312 1009.13494873047 994.150085449219 983.906433105469 972.583129882812 961.181518554688 958.74658203125 945.990844726562 938.839294433594 940.585021972656 942.653015136719 956.917846679688 964.372192382812 984.272216796875 995.214416503906 1009.46331787109 1014.9833984375 1020.28204345703 1026.60375976562 1031.58081054688 1037.02661132812 1039.173828125 1037.21801757812 1043.89831542969 1043.37329101562 1042.8916015625 1048.06530761719 1055.67358398438 1054.36975097656 1057.03552246094 1054.24853515625 1052.63928222656
1015.72131347656 1017.39166259766 1026.4755859375 1026.09851074219 1010.82769775391 1004.82141113281 1007.09008789062 1007.95776367188 1013.60192871094 1007.89624023438 1006.46557617188 1006.56799316406 1006.67199707031 1006.40869140625 1006.79260253906 1002.37451171875 990.917053222656 978.886962890625 976.162048339844 966.695129394531 956.833129882812 956.187316894531 942.536071777344 934.876892089844 943.213073730469 950.964599609375 964.508117675781 979.20166015625 993.494750976562 999.631530761719 1014.47436523438 1016.76336669922 1025.91271972656 1040.59985351562 1036.41455078125 1041.05895996094 1043.30871582031 1043.80798339844 1045.35595703125 1040.20532226562 1044.83666992188 1050.13208007812 1042.74206542969 1052.24792480469 1045.87280273438 1050.12194824219
1005.22918701172 1012.79901123047 1016.41180419922 1018.66442871094 1017.48217773438 1015.17523193359 1012.53167724609 1009.62878417969 1020.90014648438 1018.45819091797 1013.81402587891 1005.11151123047 1002.44348144531 1005.33117675781 1002.05493164062 998.754638671875 991.068908691406 982.411193847656 968.905029296875 963.437805175781 959.278869628906 955.277404785156 948.408203125 942.630981445312 952.994934082031 958.281860351562 976.596496582031 985.593200683594 996.046936035156 997.189392089844 1011.26763916016 1029.88427734375 1025.72546386719 1033.64758300781 1040.16931152344 1039.00390625 1038.14636230469 1044.22546386719 1034.83068847656 1030.89929199219 1032.36364746094 1032.39111328125 1034.34655761719 1040.24816894531 1042.44299316406 1048.26586914062
1014.20391845703 1013.66400146484 1012.72741699219 1012.06146240234 1015.53277587891 1016.97515869141 1018.01452636719 1018.61596679688 1028.91882324219 1029.0341796875 1017.11840820312 997.287963867188 999.498107910156 1004.64910888672 993.8984375 996.149963378906 985.431518554688 972.539916992188 965.30322265625 962.390502929688 955.452514648438 940.058227539062 940.783752441406 950.614501953125 960.58056640625 970.337585449219 980.861755371094 993.99267578125 1002.08721923828 998.371459960938 1006.98822021484 1022.66918945312 1020.02429199219 1028.09777832031 1032.15258789062 1031.10864257812 1044.72827148438 1038.91052246094 1038.29675292969 1032.52905273438 1022.68695068359 1032.76635742188 1035.91540527344 1038.85583496094 1043.62390136719 1050.82507324219
1018.99749755859 1005.19537353516 1009.92315673828 1009.03955078125 1013.21734619141 999.861511230469 1010.51007080078 1016.75708007812 1018.96527099609 1022.67529296875 1015.13861083984 999.561950683594 1003.69030761719 1004.44567871094 992.675354003906 990.257629394531 981.132141113281 965.265380859375 967.357727050781 963.954040527344 947.805786132812 943.677673339844 944.732543945312 950.750671386719 969.8681640625 979.035461425781 986.937133789062 992.080444335938 1005.3828125 1013.865234375 1020.70880126953 1018.60815429688 1018.19995117188 1019.67834472656 1026.86303710938 1027.80163574219 1037.2451171875 1035.55395507812 1036.88952636719 1025.77026367188 1020.73205566406 1026.43518066406 1029.57604980469 1030.22644042969 1033.59594726562 1033.22265625
1015.84075927734 1012.91729736328 1005.75061035156 1011.05419921875 1004.97283935547 1000.60968017578 1005.99914550781 1008.64154052734 1012.12322998047 1015.84423828125 1016.21270751953 1008.82513427734 999.939758300781 995.556030273438 1001.12548828125 992.558288574219 990.144348144531 981.931701660156 978.418518066406 956.249145507812 951.895263671875 943.353942871094 940.376831054688 946.310913085938 963.292724609375 983.944458007812 984.5712890625 987.616333007812 1001.06494140625 1011.63024902344 1015.82720947266 1014.68194580078 1018.68353271484 1018.6474609375 1024.49682617188 1023.15832519531 1037.50219726562 1031.99389648438 1031.11474609375 1024.71081542969 1013.6220703125 1010.23901367188 1021.37548828125 1023.21563720703 1024.92138671875 1034.49963378906
1020.47985839844 1009.91674804688 1005.59619140625 999.429748535156 998.205444335938 996.889038085938 999.456665039062 1011.146484375 1021.14581298828 1013.10040283203 1006.2822265625 1010.99792480469 998.747985839844 1002.18347167969 996.593933105469 996.022583007812 989.464477539062 978.243835449219 976.811462402344 971.019104003906 958.397033691406 952.9033203125 939.570129394531 949.93359375 956.99462890625 970.497192382812 982.073913574219 982.904174804688 995.309875488281 1007.78363037109 1019.02770996094 1021.48992919922 1017.09411621094 1027.63891601562 1026.06127929688 1021.04284667969 1029.70471191406 1030.5107421875 1022.30694580078 1014.69403076172 1008.58020019531 1013.98486328125 1015.66015625 1014.89929199219 1026.77868652344 1038.44934082031
1014.18237304688 1011.67492675781 1004.87225341797 1003.34057617188 998.025817871094 989.729125976562 999.637084960938 1001.50952148438 1011.19616699219 1007.42718505859 1012.69012451172 1003.36798095703 993.095764160156 994.257080078125 999.000183105469 997.989562988281 992.184814453125 990.788513183594 975.339172363281 971.385864257812 960.46923828125 959.400817871094 952.7392578125 950.473754882812 963.3486328125 975.483581542969 976.01708984375 991.033996582031 998.152038574219 1008.06079101562 1017.775390625 1027.14758300781 1028.06262207031 1025.56164550781 1020.21655273438 1029.01513671875 1031.28125 1023.81860351562 1028.60119628906 1014.97143554688 1015.85852050781 1011.34167480469 1013.33843994141 1019.38598632812 1025.2001953125 1034.79553222656
1002.0859375 1003.97741699219 1001.54412841797 990.650146484375 994.294189453125 996.0576171875 1001.1962890625 1001.92303466797 1007.85723876953 1007.75402832031 1013.89868164062 997.426086425781 998.772399902344 995.905578613281 998.293518066406 994.477172851562 993.585327148438 990.653686523438 981.535583496094 971.929992675781 969.941711425781 963.109436035156 964.346130371094 959.801086425781 975.690673828125 988.273559570312 996.466369628906 1000.96502685547 1011.73803710938 1013.67919921875 1015.99517822266 1021.13952636719 1020.39056396484 1021.99700927734 1018.20611572266 1021.31457519531 1025.18627929688 1024.5478515625 1015.12170410156 1015.88745117188 1017.34930419922 1014.93865966797 1018.24420166016 1009.47332763672 1014.69372558594 1026.99426269531
1007.31127929688 1011.05334472656 998.066833496094 995.565551757812 995.880554199219 1002.56756591797 999.3896484375 999.045471191406 997.143981933594 1010.05895996094 1008.31976318359 1002.94952392578 997.549011230469 1002.40008544922 1002.53680419922 996.745727539062 990.079650878906 992.059020996094 982.519104003906 975.42919921875 970.917419433594 969.787231445312 967.529235839844 969.278686523438 980.081909179688 991.378845214844 1004.12017822266 1009.44506835938 1012.24060058594 1007.19274902344 1015.46801757812 1017.91778564453 1019.46472167969 1020.11486816406 1016.91058349609 1015.57702636719 1019.4765625 1016.53833007812 1011.92565917969 1018.671875 1017.52947998047 1020.49664306641 1022.03814697266 1013.26116943359 1011.57971191406 1016.79443359375
1007.009765625 1007.69702148438 1008.90411376953 999.701477050781 999.611206054688 1002.04742431641 996.826843261719 992.305725097656 997.522521972656 996.566345214844 998.507507324219 999.166198730469 998.556640625 1002.25830078125 1001.72552490234 1000.51287841797 992.945861816406 991.703857421875 983.5947265625 973.706665039062 978.122436523438 982.800842285156 983.224731445312 981.771362304688 980.894470214844 996.69921875 1006.56652832031 1007.85095214844 1006.87878417969 1013.68664550781 1012.80224609375 1013.22052001953 1013.728515625 1016.52508544922 1013.59637451172 1014.55987548828 1015.02905273438 1010.43005371094 1020.84460449219 1012.38250732422 1017.16461181641 1013.08422851562 1013.66748046875 1018.13995361328 1014.22430419922 1019.83660888672
999.476257324219 1003.66717529297 1006.48461914062 1000.84240722656 1002.31274414062 1001.20971679688 995.874877929688 999.564270019531 994.989074707031 996.082702636719 995.1552734375 995.783569335938 993.439636230469 999.257019042969 994.643493652344 993.979125976562 994.826049804688 984.570678710938 975.666931152344 979.91357421875 990.841979980469 993.128662109375 989.901184082031 993.653381347656 991.240417480469 998.490905761719 1008.79669189453 1010.06958007812 1003.86724853516 1011.14630126953 1008.74353027344 1008.38519287109 1011.1552734375 1007.08050537109 1007.77502441406 1016.52795410156 1015.98217773438 1009.86889648438 1017.57171630859 1022.02569580078 1020.25177001953 1017.96795654297 1018.12066650391 1024.92517089844 1022.33563232422 1027.82067871094
1000.07373046875 1001.30902099609 1002.79010009766 995.381103515625 992.357666015625 992.864440917969 994.109985351562 994.656799316406 992.751220703125 992.626953125 988.3662109375 986.074645996094 989.230529785156 995.308898925781 987.535888671875 991.291931152344 994.088745117188 986.651000976562 985.390380859375 992.784240722656 998.565856933594 999.135437011719 1003.90203857422 996.917846679688 1004.38305664062 999.343811035156 1007.26800537109 1010.22180175781 1007.79919433594 1003.86413574219 1006.58020019531 1006.93109130859 1006.59698486328 1004.10028076172 1011.40075683594 1023.15307617188 1017.86999511719 1020.58532714844 1011.38616943359 1016.34265136719 1020.86706542969 1026.80480957031 1027.54089355469 1032.5087890625 1020.40112304688 1028.48425292969
997.738891601562 995.5703125 1002.61456298828 992.265014648438 994.296508789062 995.844970703125 1002.33123779297 996.238830566406 991.707702636719 993.65087890625 987.554077148438 985.555053710938 985.035583496094 986.080017089844 984.974975585938 998.46240234375 996.677612304688 993.807922363281 988.302368164062 989.166076660156 998.171142578125 1004.08447265625 1001.49829101562 995.711181640625 995.557006835938 998.669677734375 1002.14782714844 1002.14587402344 1009.61279296875 1010.32110595703 1010.03851318359 1003.18621826172 1008.48486328125 998.556884765625 1002.7568359375 1020.60961914062 1024.85852050781 1016.19976806641 1014.42401123047 1014.80511474609 1026.33605957031 1023.43054199219 1029.7978515625 1032.30444335938 1035.67736816406 1028.1708984375
988.609802246094 995.539794921875 1002.36749267578 998.676086425781 995.680480957031 992.654968261719 994.01806640625 996.115905761719 998.428344726562 988.332641601562 991.645141601562 987.007873535156 987.194152832031 992.42333984375 998.102722167969 998.239624023438 997.116149902344 988.720031738281 987.330810546875 990.245727539062 999.208374023438 1003.71295166016 1003.51007080078 994.64404296875 997.027587890625 989.280151367188 990.557678222656 996.052612304688 1008.94934082031 1002.23205566406 1006.71722412109 1002.4423828125 1007.83831787109 1005.52490234375 1003.47833251953 1007.75927734375 1014.69274902344 1019.67022705078 1024.26147460938 1017.94384765625 1024.3720703125 1027.31274414062 1038.26843261719 1036.42297363281 1038.53039550781 1044.37426757812
