data/zlatibor_dem_simulations/DEMsim3.asc
NCOLS 150
NROWS 100
XLLCORNER 7394249
YLLCORNER 4841999
CELLSIZE 30
NODATA_VALUE -9999
[rows 0 to 19 of 100, columns 92 to 137 of 150]
913.66162109375 921.59326171875 920.403869628906 915.565856933594 895.792297363281 883.900634765625 876.8681640625 880.46875 874.330139160156 874.344116210938 875.880798339844 870.556396484375 860.231384277344 850.553833007812 845.474792480469 855.417175292969 855.119445800781 869.281677246094 872.110717773438 877.940002441406 878.728759765625 886.348876953125 893.383117675781 902.336059570312 918.247253417969 924.3095703125 924.379821777344 929.891967773438 936.311157226562 935.342712402344 937.173461914062 940.247131347656 949.630920410156 962.736083984375 975.759948730469 989.082641601562 1000.64453125 1014.74810791016 1021.43536376953 1023.85473632812 1020.90393066406 1027.04931640625 1026.44384765625 1034.52465820312 1040.47229003906 1047.966796875
919.356628417969 927.886291503906 919.794860839844 910.031677246094 895.984680175781 891.316833496094 885.482788085938 885.280029296875 876.103332519531 879.6318359375 885.086059570312 870.130310058594 865.054321289062 853.205322265625 850.013671875 856.847106933594 854.701538085938 870.0556640625 872.628051757812 873.309387207031 876.152282714844 886.772521972656 889.797973632812 901.392944335938 909.553588867188 917.549682617188 922.474243164062 927.721069335938 924.952819824219 929.397888183594 937.232971191406 938.73828125 941.636596679688 959.596496582031 980.915832519531 984.942443847656 999.0751953125 1011.63238525391 1019.40460205078 1016.65563964844 1014.73480224609 1021.28356933594 1026.48706054688 1034.02087402344 1039.58508300781 1047.08288574219
928.531921386719 916.841674804688 921.052612304688 912.4619140625 897.974243164062 897.263671875 885.692993164062 876.864501953125 879.131408691406 883.437622070312 867.117126464844 869.984497070312 871.2509765625 868.046325683594 857.175659179688 863.492797851562 864.146362304688 871.002014160156 867.003234863281 871.315795898438 873.929077148438 885.490600585938 894.312866210938 905.762268066406 904.482971191406 912.238464355469 926.737487792969 929.423950195312 921.227416992188 935.803466796875 947.722290039062 942.731872558594 945.6787109375 953.817321777344 969.956665039062 982.127258300781 992.819091796875 1007.46429443359 1008.53344726562 1005.65863037109 1007.41265869141 1014.40173339844 1023.62896728516 1031.10168457031 1042.62023925781 1047.20776367188
931.902954101562 919.208374023438 911.056640625 908.783752441406 900.329956054688 889.501037597656 890.631225585938 886.416381835938 885.492980957031 882.193115234375 868.764587402344 866.209655761719 875.1005859375 874.288635253906 867.299560546875 868.594421386719 872.195434570312 872.068176269531 871.676940917969 865.821166992188 871.270812988281 883.101501464844 893.531311035156 899.899536132812 914.750122070312 918.183288574219 923.952087402344 931.913818359375 923.460998535156 938.330322265625 939.938354492188 943.681396484375 949.173400878906 956.073364257812 968.304870605469 971.785034179688 990.094482421875 1001.58355712891 999.592102050781 999.470703125 1004.78411865234 1014.68914794922 1027.95971679688 1029.94665527344 1045.70751953125 1057.35693359375
930.399169921875 911.073364257812 906.263549804688 904.307373046875 901.56640625 898.567932128906 892.323486328125 896.919860839844 889.551696777344 890.240234375 869.750854492188 872.197326660156 872.37158203125 866.265930175781 880.488159179688 877.392028808594 878.85693359375 873.309265136719 864.931274414062 866.583190917969 878.086608886719 889.961120605469 890.517150878906 905.442443847656 912.291076660156 913.992980957031 926.326904296875 927.778198242188 929.755004882812 936.503723144531 937.351928710938 943.860290527344 945.100524902344 953.818786621094 957.463317871094 978.519836425781 982.458374023438 991.788330078125 991.259704589844 1007.27911376953 1016.24548339844 1020.02124023438 1031.91882324219 1037.82543945312 1035.47900390625 1055.64575195312
940.319885253906 924.043151855469 917.986938476562 913.573669433594 907.783752441406 896.6162109375 891.6220703125 902.686828613281 898.467651367188 898.6845703125 882.4736328125 887.697265625 870.196472167969 865.900756835938 878.205505371094 884.105834960938 888.785583496094 886.307067871094 878.652404785156 874.787902832031 884.117797851562 889.037902832031 897.167663574219 900.301452636719 907.576538085938 921.898681640625 923.386413574219 929.433837890625 931.870239257812 932.160217285156 934.727600097656 944.820495605469 948.500915527344 954.873474121094 960.906127929688 978.510192871094 984.143432617188 990.86962890625 995.962463378906 1000.15881347656 1014.64617919922 1030.88098144531 1030.07189941406 1036.40478515625 1046.1748046875 1059.79077148438
938.681091308594 934.820373535156 918.866943359375 911.756896972656 907.357788085938 894.198120117188 897.576843261719 901.423706054688 892.283142089844 888.310424804688 887.61376953125 886.419799804688 877.458129882812 874.040649414062 879.638732910156 886.250915527344 889.63134765625 887.089172363281 883.786254882812 884.705078125 891.759399414062 895.815368652344 899.64111328125 915.454772949219 913.815795898438 923.806945800781 930.881530761719 923.542663574219 925.988098144531 935.788879394531 939.320495605469 946.855346679688 954.541076660156 949.388732910156 959.739379882812 974.442260742188 990.0166015625 989.459655761719 1005.07336425781 1008.59741210938 1024.93981933594 1026.13757324219 1025.96350097656 1040.58715820312 1051.0849609375 1056.77160644531
941.218383789062 922.406677246094 915.588195800781 915.092102050781 906.013854980469 902.989685058594 907.801391601562 906.26416015625 898.820373535156 890.630004882812 894.41943359375 887.652404785156 885.348754882812 884.824890136719 886.329833984375 882.889831542969 886.322448730469 891.611877441406 887.462280273438 892.722106933594 894.12353515625 902.754028320312 907.039245605469 916.257019042969 918.711975097656 922.923156738281 932.900085449219 932.291076660156 930.054504394531 939.397155761719 949.615051269531 943.973937988281 946.336669921875 954.824401855469 965.140930175781 967.916076660156 970.889953613281 985.537109375 998.576049804688 1009.98797607422 1025.40295410156 1031.91674804688 1033.24157714844 1042.08227539062 1058.24353027344 1072.39611816406
930.963806152344 929.302551269531 918.276428222656 914.032165527344 907.878845214844 908.083740234375 900.514587402344 907.8564453125 912.157348632812 902.372741699219 895.287109375 899.027404785156 897.461120605469 904.405029296875 897.206848144531 898.391479492188 898.784912109375 896.444641113281 899.394592285156 898.72607421875 898.684448242188 908.833557128906 918.626281738281 915.067443847656 916.980712890625 919.284606933594 926.185363769531 927.039978027344 936.449523925781 943.872314453125 946.428283691406 944.86181640625 940.515747070312 952.37255859375 959.759643554688 972.680053710938 977.855224609375 982.4677734375 1001.49816894531 1009.13592529297 1017.62927246094 1038.38208007812 1042.96118164062 1040.59887695312 1055.03234863281 1072.95141601562
935.921875 941.028686523438 934.226928710938 917.356750488281 920.812622070312 919.039855957031 917.754333496094 907.147766113281 918.451965332031 898.520141601562 908.611572265625 912.071838378906 906.149658203125 915.755493164062 910.018493652344 904.456420898438 909.320251464844 910.388916015625 913.654113769531 922.245178222656 916.43701171875 911.189147949219 910.757934570312 918.308288574219 916.105834960938 924.440002441406 939.657470703125 938.103759765625 946.044128417969 952.305725097656 945.865051269531 941.431579589844 955.613098144531 954.396362304688 973.822509765625 975.434387207031 980.647033691406 989.138366699219 1013.78302001953 1016.03326416016 1026.2373046875 1035.36987304688 1036.08215332031 1037.64868164062 1057.05041503906 1074.171875
931.426086425781 935.062744140625 928.391723632812 918.804138183594 920.342102050781 921.659545898438 916.389343261719 914.184875488281 923.138427734375 925.006042480469 927.236083984375 921.06298828125 921.253967285156 923.304382324219 923.940795898438 923.980407714844 922.51025390625 915.150085449219 920.867126464844 908.429626464844 917.266235351562 920.964416503906 921.925109863281 927.059020996094 927.012878417969 930.86572265625 928.461303710938 938.455444335938 944.639221191406 951.776245117188 954.244323730469 949.390563964844 953.215087890625 962.174987792969 976.69140625 983.560729980469 987.179260253906 995.654724121094 1009.43286132812 1015.06219482422 1031.26330566406 1035.966796875 1041.81823730469 1042.1259765625 1053.79089355469 1066.97058105469
935.06494140625 926.022155761719 929.874450683594 927.23388671875 929.782531738281 931.088989257812 923.885131835938 924.140991210938 918.986267089844 925.452087402344 929.163208007812 930.989685058594 933.078308105469 927.431945800781 926.7470703125 937.860778808594 937.762817382812 930.2158203125 916.261901855469 916.882446289062 920.849304199219 927.019897460938 922.780151367188 916.866760253906 915.152465820312 918.099304199219 925.562683105469 933.911437988281 943.407897949219 945.390625 955.038696289062 949.436767578125 960.131713867188 974.775634765625 984.908325195312 991.030578613281 995.671691894531 996.872924804688 1012.56787109375 1023.02966308594 1032.79211425781 1034.1845703125 1040.97888183594 1053.42895507812 1060.1513671875 1063.5341796875
945.370422363281 937.931213378906 930.501403808594 930.781066894531 932.912048339844 934.3681640625 933.990173339844 932.710205078125 917.70703125 931.205444335938 931.323608398438 934.96044921875 940.635009765625 941.026000976562 936.884033203125 941.009216308594 938.822082519531 930.012878417969 930.065551757812 931.187805175781 934.791320800781 926.538452148438 917.4375 915.487182617188 906.200500488281 908.449951171875 921.60009765625 930.0908203125 939.949157714844 942.941284179688 948.088684082031 952.428649902344 961.173278808594 981.640014648438 993.702758789062 1003.80133056641 1006.49224853516 1002.99865722656 1021.29846191406 1024.19653320312 1029.923828125 1037.76586914062 1049.74951171875 1053.01257324219 1061.84521484375 1073.29382324219
947.566528320312 941.080383300781 941.126281738281 937.719543457031 936.262756347656 945.199401855469 939.88525390625 939.134216308594 936.10888671875 936.30810546875 940.565124511719 942.183898925781 947.354858398438 952.92919921875 954.338684082031 948.991821289062 949.000427246094 946.372009277344 943.069580078125 934.6279296875 935.740478515625 919.925659179688 914.722045898438 908.116577148438 902.351318359375 907.088317871094 918.906005859375 931.515502929688 940.673278808594 949.889892578125 952.700378417969 957.320129394531 972.167175292969 986.210510253906 1000.7275390625 1002.666015625 1004.09204101562 1009.20336914062 1024.46423339844 1023.91888427734 1031.49047851562 1039.21862792969 1042.34826660156 1049.92126464844 1058.00085449219 1071.53918457031
946.962341308594 954.063293457031 944.78076171875 947.095153808594 942.302124023438 952.842956542969 948.100463867188 946.935180664062 959.678161621094 950.317810058594 953.620849609375 953.756530761719 960.692504882812 973.303100585938 965.621398925781 970.156555175781 964.325439453125 964.980163574219 955.997253417969 930.073669433594 933.328674316406 936.018859863281 926.8935546875 916.560302734375 902.865356445312 920.169555664062 927.678100585938 937.060913085938 943.803894042969 963.104309082031 960.980163574219 962.4033203125 979.421142578125 989.696594238281 995.933776855469 1001.38549804688 1011.77447509766 1010.56793212891 1022.81072998047 1025.72485351562 1035.66540527344 1036.70629882812 1050.30712890625 1055.49780273438 1055.39245605469 1074.37976074219
944.972045898438 952.979431152344 954.033630371094 960.494384765625 970.55908203125 964.617126464844 968.105773925781 967.922058105469 968.592956542969 970.740600585938 966.370361328125 972.826538085938 981.190124511719 972.480102539062 978.16064453125 970.590637207031 975.906982421875 971.167358398438 965.852355957031 946.343383789062 933.697631835938 941.967956542969 924.65380859375 917.180236816406 914.6220703125 916.1591796875 926.7451171875 942.100341796875 952.489990234375 963.604553222656 973.111755371094 972.442016601562 980.093811035156 987.318420410156 999.927673339844 1001.17938232422 1014.52722167969 1006.95153808594 1018.63623046875 1033.21948242188 1041.61254882812 1045.56701660156 1048.92932128906 1056.19787597656 1065.5537109375 1072.44226074219
950.056945800781 949.306884765625 962.62890625 967.583557128906 970.190856933594 968.922180175781 979.967163085938 975.065124511719 981.599487304688 968.984619140625 975.568725585938 980.239562988281 974.153930664062 972.530151367188 972.73486328125 974.145690917969 977.491394042969 967.113403320312 971.444274902344 959.080688476562 948.058715820312 935.08984375 920.677307128906 924.142578125 916.033325195312 935.799072265625 938.266540527344 943.287048339844 961.305847167969 975.554931640625 974.84716796875 983.773254394531 991.345886230469 990.943969726562 998.40576171875 1008.27020263672 1019.61297607422 1014.18237304688 1024.4287109375 1041.15270996094 1045.29565429688 1049.52404785156 1049.6171875 1059.68127441406 1066.91455078125 1069.88623046875
960.677673339844 971.354858398438 975.009704589844 974.808532714844 982.326843261719 985.428955078125 975.7294921875 980.643127441406 984.284545898438 980.332702636719 975.390258789062 980.071228027344 974.01025390625 971.391235351562 972.240051269531 963.708862304688 964.842224121094 979.068420410156 972.129455566406 956.304992675781 944.900695800781 941.14892578125 926.571044921875 931.800537109375 931.379455566406 932.248901367188 937.35986328125 949.950134277344 957.449340820312 966.419372558594 984.884582519531 988.991149902344 998.241088867188 999.4443359375 1003.16296386719 1014.58410644531 1021.03167724609 1024.57348632812 1030.6005859375 1041.45068359375 1047.43493652344 1043.08020019531 1047.18908691406 1051.24621582031 1056.16271972656 1059.83178710938
979.595031738281 984.903564453125 987.530456542969 991.5087890625 1001.09039306641 982.125732421875 986.508178710938 984.330200195312 988.345947265625 988.410461425781 974.283325195312 980.861999511719 986.208312988281 978.774841308594 977.294067382812 969.87060546875 971.246520996094 976.680725097656 960.284606933594 952.063720703125 948.9677734375 942.445373535156 938.222717285156 933.286010742188 934.742431640625 937.396667480469 945.015625 947.060913085938 960.324401855469 971.642028808594 974.326538085938 994.175903320312 998.512756347656 1003.75732421875 1014.09155273438 1027.60217285156 1021.12341308594 1028.2744140625 1037.35729980469 1042.06604003906 1039.76184082031 1047.94799804688 1039.18579101562 1046.1083984375 1050.11901855469 1064.78259277344
989.191040039062 989.611572265625 1003.86865234375 1007.34912109375 1004.97930908203 991.294311523438 994.010681152344 994.688659667969 992.249816894531 991.188720703125 991.369323730469 984.651062011719 986.714416503906 986.115295410156 980.594360351562 967.398986816406 964.430297851562 962.820068359375 964.298400878906 965.233825683594 949.272033691406 941.433654785156 942.804870605469 937.462951660156 934.529479980469 935.096069335938 942.838562011719 944.33984375 958.727783203125 980.587585449219 979.636962890625 986.414001464844 1001.69805908203 1003.25085449219 1015.19274902344 1019.05078125 1036.81799316406 1039.44494628906 1040.07861328125 1040.07922363281 1038.83776855469 1044.29272460938 1043.09619140625 1047.41418457031 1049.53991699219 1061.90942382812
