data/zlatibor_dem_simulations/DEMsim11.asc
NCOLS 150
NROWS 100
XLLCORNER 7394249
YLLCORNER 4841999
CELLSIZE 30
NODATA_VALUE -9999
[rows 80 to 99 of 100, columns 92 to 137 of 150]
990.398071289062 999.693420410156 992.712524414062 991.325988769531 993.932373046875 997.38623046875 999.299926757812 993.03271484375 996.516052246094 1002.23583984375 1006.44812011719 999.118103027344 1001.99310302734 1015.42266845703 1015.09362792969 1009.27966308594 1011.14031982422 1022.583984375 1038.36413574219 1039.88891601562 1033.72729492188 1037.27673339844 1040.13452148438 1036.2333984375 1040.38159179688 1032.90795898438 1031.93127441406 1028.69860839844 1023.26306152344 1010.66625976562 1010.30676269531 1009.20068359375 1006.17779541016 993.752624511719 993.6123046875 999.014526367188 1003.32958984375 1005.79113769531 1002.81677246094 995.283325195312 984.691223144531 984.538940429688 990.501403808594 991.113952636719 992.643493652344 997.18359375
989.219970703125 992.673645019531 995.49267578125 988.8974609375 999.660583496094 999.128295898438 997.925354003906 992.447448730469 993.998657226562 1004.17980957031 996.565795898438 1006.35241699219 1009.34710693359 1019.58343505859 1021.88177490234 1011.70446777344 1021.83129882812 1023.75183105469 1035.46740722656 1034.83227539062 1038.15637207031 1036.64868164062 1041.14599609375 1043.06372070312 1038.52478027344 1035.93237304688 1029.78112792969 1022.7666015625 1025.24609375 1016.83447265625 1003.89855957031 999.478576660156 997.056823730469 997.665832519531 994.022277832031 989.427795410156 998.933349609375 999.838500976562 999.241516113281 998.683471679688 990.828308105469 995.156066894531 993.733154296875 988.538391113281 1003.26135253906 1001.62689208984
994.012634277344 988.536010742188 987.635681152344 995.023071289062 995.174926757812 997.834655761719 996.771667480469 990.746704101562 997.795959472656 1001.21832275391 1000.93737792969 999.063110351562 1005.80511474609 1019.88098144531 1022.08630371094 1018.81488037109 1022.26910400391 1025.77197265625 1026.62707519531 1038.41430664062 1034.56237792969 1041.04772949219 1042.28747558594 1039.76403808594 1044.66772460938 1040.19860839844 1032.61193847656 1029.56262207031 1025.64782714844 1014.19207763672 1005.76739501953 1003.01831054688 1009.44451904297 1001.14813232422 994.784851074219 984.934997558594 993.293884277344 990.418579101562 992.272338867188 993.52685546875 988.906799316406 989.924621582031 997.94970703125 990.965698242188 993.376831054688 995.018310546875
988.145202636719 990.777038574219 993.570739746094 994.112365722656 991.814331054688 992.001647949219 994.518798828125 993.347839355469 1002.36804199219 1006.53112792969 999.639343261719 996.621337890625 1008.44561767578 1024.42883300781 1027.21447753906 1023.689453125 1022.30511474609 1027.56860351562 1023.86077880859 1037.30688476562 1039.59619140625 1036.685546875 1046.36389160156 1040.36450195312 1046.36706542969 1043.44567871094 1027.13037109375 1018.47540283203 1025.90625 1023.26306152344 1006.37164306641 1004.01135253906 1002.49133300781 999.92578125 987.922729492188 982.155883789062 990.682312011719 984.679260253906 982.2021484375 985.612243652344 989.506042480469 985.621948242188 986.660400390625 986.472473144531 989.48583984375 992.537231445312
994.188232421875 996.456848144531 1002.67016601562 1002.16009521484 995.9560546875 988.39013671875 998.247375488281 995.645629882812 1001.22961425781 996.558227539062 1006.13787841797 1010.19323730469 1014.00524902344 1024.47534179688 1027.19128417969 1030.92663574219 1033.33203125 1035.5322265625 1037.60412597656 1042.1240234375 1037.79333496094 1042.1904296875 1035.94738769531 1045.5302734375 1046.85778808594 1038.70324707031 1019.00372314453 1024.72705078125 1024.84265136719 1023.95971679688 1014.67456054688 1002.49816894531 994.051391601562 995.22119140625 985.826477050781 987.170288085938 976.896179199219 979.745422363281 971.332275390625 987.172607421875 988.632141113281 989.916870117188 994.024780273438 982.952392578125 993.329711914062 995.767883300781
994.630432128906 999.299255371094 1008.89068603516 1009.85968017578 1002.67895507812 993.159301757812 997.690124511719 1015.20184326172 1016.12878417969 1004.17004394531 1010.25439453125 1016.32928466797 1020.28198242188 1025.06665039062 1030.30236816406 1034.71008300781 1039.34765625 1045.04956054688 1041.98681640625 1044.09912109375 1051.01000976562 1053.14282226562 1056.9423828125 1054.39562988281 1060.71728515625 1043.13452148438 1024.51110839844 1027.28295898438 1028.701171875 1026.58544921875 1015.36267089844 1004.08422851562 989.054382324219 992.306213378906 982.390197753906 978.52587890625 981.579772949219 986.700134277344 981.631896972656 974.562133789062 974.768249511719 981.827453613281 988.133605957031 985.649658203125 987.270874023438 986.507019042969
1004.03649902344 1006.90460205078 1002.37329101562 1002.51177978516 1004.939453125 1007.46453857422 1009.59350585938 1019.2763671875 1022.35650634766 1006.40673828125 1014.20104980469 1015.37445068359 1021.58288574219 1023.06750488281 1028.10913085938 1040.47570800781 1047.27172851562 1053.86547851562 1052.35693359375 1051.16613769531 1047.82507324219 1059.39819335938 1057.10229492188 1064.80786132812 1055.32434082031 1037.0419921875 1025.00561523438 1030.56457519531 1037.63439941406 1023.20336914062 1010.37365722656 998.559509277344 996.755554199219 990.304382324219 983.852172851562 985.366821289062 983.015441894531 989.958068847656 985.858093261719 978.953979492188 978.367858886719 994.550903320312 996.236022949219 984.734924316406 986.998046875 975.82763671875
1006.91021728516 1006.43316650391 1011.50628662109 1004.58203125 1012.52838134766 1016.16931152344 1017.68865966797 1023.14044189453 1023.34423828125 1025.89770507812 1028.78845214844 1011.54125976562 1016.84130859375 1025.79370117188 1030.95324707031 1043.35205078125 1053.11596679688 1052.27136230469 1051.47961425781 1062.15869140625 1058.89245605469 1062.00573730469 1062.98681640625 1060.52099609375 1057.97033691406 1033.07641601562 1033.5859375 1038.42822265625 1037.28112792969 1027.96166992188 1024.31958007812 1004.7060546875 990.976196289062 992.535888671875 997.457885742188 984.39013671875 987.436584472656 991.598449707031 978.999450683594 984.513244628906 982.595886230469 1000.33947753906 997.178527832031 988.532836914062 976.991943359375 975.119873046875
996.293273925781 1004.25335693359 1003.89172363281 1002.76538085938 1013.50250244141 1020.59594726562 1018.10595703125 1021.18402099609 1024.63989257812 1029.09533691406 1032.84057617188 1022.79565429688 1020.14349365234 1028.63354492188 1034.23400878906 1042.99145507812 1056.28259277344 1043.33386230469 1043.78271484375 1046.39880371094 1054.01879882812 1062.33288574219 1061.36572265625 1056.36950683594 1047.24011230469 1046.15710449219 1036.85681152344 1048.93200683594 1044.87719726562 1037.62573242188 1022.29400634766 1012.98004150391 1008.77923583984 997.467834472656 997.245971679688 985.367736816406 983.929626464844 984.986083984375 978.605102539062 978.939025878906 980.5341796875 992.65087890625 992.585388183594 986.149291992188 969.705200195312 961.757019042969
1010.65924072266 998.562744140625 1012.15252685547 1004.04724121094 1003.99078369141 1012.05102539062 1016.43048095703 1022.79412841797 1018.927734375 1026.41625976562 1027.12329101562 1022.15576171875 1026.880859375 1032.55932617188 1032.63562011719 1040.48681640625 1044.28369140625 1046.3232421875 1049.32788085938 1045.87866210938 1050.80139160156 1056.029296875 1054.65588378906 1062.00122070312 1053.39697265625 1053.08215332031 1047.01452636719 1050.05883789062 1045.88684082031 1035.47912597656 1030.45190429688 1016.33386230469 1016.57604980469 1015.4345703125 1016.30718994141 997.309997558594 988.684448242188 997.356628417969 987.209594726562 983.713989257812 986.417602539062 985.601013183594 982.007263183594 975.74169921875 967.572875976562 957.1689453125
1018.31768798828 1015.40325927734 1004.97961425781 1018.94598388672 1012.30236816406 1013.45428466797 1019.88409423828 1024.05236816406 1017.22418212891 1011.771484375 1017.75433349609 1024.16674804688 1032.49377441406 1031.19421386719 1037.42407226562 1036.73962402344 1034.06262207031 1037.73107910156 1044.07299804688 1050.7236328125 1051.44702148438 1051.42541503906 1063.33544921875 1057.81213378906 1054.71752929688 1063.77783203125 1062.13940429688 1054.56982421875 1049.04455566406 1037.7177734375 1029.96557617188 1017.87512207031 1020.12860107422 1019.35314941406 1015.96466064453 1001.12274169922 998.295227050781 991.457885742188 994.433044433594 986.261596679688 982.667419433594 986.120849609375 980.869018554688 973.616821289062 966.217468261719 954.347106933594
1028.14807128906 1030.36474609375 1021.55993652344 1018.49127197266 1017.19848632812 1021.54516601562 1028.40576171875 1023.96179199219 1013.03033447266 1018.31158447266 1019.63098144531 1025.97521972656 1030.07055664062 1035.28601074219 1029.98400878906 1033.28942871094 1038.5361328125 1043.4814453125 1048.44177246094 1048.34924316406 1046.43078613281 1049.8251953125 1051.2119140625 1057.28979492188 1054.50952148438 1054.611328125 1055.37475585938 1059.88146972656 1040.93908691406 1033.58264160156 1031.10070800781 1018.08001708984 1021.72613525391 1018.43640136719 1008.6689453125 1006.04223632812 1002.07641601562 990.146057128906 984.941101074219 980.976135253906 987.384216308594 986.814758300781 988.065368652344 977.434509277344 970.783874511719 961.230895996094
1023.55749511719 1025.63330078125 1029.34094238281 1030.470703125 1018.50695800781 1022.91070556641 1035.95043945312 1021.78588867188 1021.392578125 1020.40405273438 1025.88623046875 1019.41455078125 1010.26348876953 1030.62805175781 1031.77197265625 1037.74975585938 1041.80700683594 1045.13110351562 1050.31762695312 1055.05310058594 1047.796875 1047.35009765625 1049.06970214844 1054.16784667969 1054.52770996094 1053.89245605469 1048.0673828125 1045.05517578125 1041.68994140625 1038.87829589844 1030.03942871094 1023.39404296875 1024.27453613281 1022.39215087891 1011.56646728516 1001.34637451172 997.655578613281 992.941589355469 986.849609375 982.632202148438 979.974792480469 984.199401855469 978.404724121094 975.254272460938 971.049743652344 964.936218261719
1020.32122802734 1024.47961425781 1021.40393066406 1023.67602539062 1028.76354980469 1032.173828125 1035.74890136719 1032.26806640625 1027.5166015625 1021.30303955078 1027.31335449219 1015.99774169922 1020.53558349609 1030.62622070312 1039.56848144531 1044.52648925781 1039.29187011719 1040.21459960938 1040.70690917969 1048.44018554688 1047.41540527344 1043.78173828125 1040.16186523438 1044.03723144531 1046.28527832031 1051.78393554688 1053.14270019531 1052.19616699219 1040.56677246094 1032.01110839844 1035.03381347656 1024.84704589844 1029.46203613281 1019.31091308594 1012.25524902344 999.080627441406 996.01416015625 995.572570800781 986.850463867188 990.126892089844 984.474487304688 976.716735839844 969.385498046875 975.256652832031 970.89013671875 957.062194824219
1024.9345703125 1027.1044921875 1029.39025878906 1031.66625976562 1032.05993652344 1018.03509521484 1029.12390136719 1033.32678222656 1027.45825195312 1028.70690917969 1023.56439208984 1026.16638183594 1021.181640625 1030.69519042969 1037.78979492188 1042.77136230469 1042.98474121094 1038.9833984375 1035.63623046875 1029.50146484375 1030.43188476562 1038.92077636719 1038.25024414062 1041.14306640625 1043.45373535156 1052.14819335938 1041.64831542969 1044.26281738281 1040.76135253906 1040.94750976562 1028.73181152344 1027.71618652344 1020.17456054688 1022.75561523438 1011.09881591797 1003.28601074219 1002.95483398438 994.90625 990.659790039062 986.753784179688 982.637573242188 972.974548339844 967.828552246094 964.993774414062 962.461059570312 956.012756347656
1025.08471679688 1031.90844726562 1040.44458007812 1037.1328125 1025.45080566406 1021.82220458984 1030.46411132812 1036.91955566406 1036.80444335938 1033.18127441406 1031.49694824219 1028.08203125 1029.63940429688 1028.4638671875 1026.99145507812 1026.25939941406 1038.22387695312 1037.85339355469 1032.77038574219 1022.33648681641 1014.53546142578 1027.15393066406 1037.95654296875 1046.91271972656 1046.58825683594 1045.2275390625 1038.65161132812 1032.52648925781 1031.61267089844 1027.0751953125 1028.92431640625 1020.35491943359 1022.98803710938 1020.33435058594 1016.58459472656 1011.4833984375 1001.76342773438 995.733093261719 985.719299316406 975.471557617188 979.181518554688 968.085266113281 971.005126953125 968.257080078125 962.01171875 953.24365234375
1020.64184570312 1030.59741210938 1036.107421875 1029.19006347656 1022.64965820312 1027.24426269531 1038.80590820312 1037.39428710938 1033.68334960938 1030.81225585938 1038.029296875 1040.64904785156 1040.28039550781 1033.74645996094 1033.8486328125 1029.91772460938 1034.47692871094 1037.974609375 1040.37548828125 1016.10528564453 1008.58697509766 1024.68420410156 1031.46887207031 1038.86315917969 1046.51623535156 1042.25817871094 1039.38806152344 1034.14916992188 1035.49487304688 1022.58093261719 1022.46563720703 1020.10229492188 1017.71502685547 1013.47418212891 1015.84661865234 997.595458984375 995.431945800781 982.905883789062 975.593078613281 971.384033203125 972.6884765625 977.894409179688 972.631164550781 965.910095214844 960.031982421875 955.446105957031
1019.87744140625 1022.45574951172 1026.77429199219 1028.74377441406 1036.60241699219 1037.95361328125 1037.53369140625 1036.50146484375 1035.25476074219 1037.94995117188 1042.283203125 1034.21105957031 1048.84692382812 1046.45092773438 1037.900390625 1035.45764160156 1039.15234375 1034.271484375 1028.01684570312 1021.83581542969 1012.14807128906 1013.63659667969 1027.66552734375 1035.64624023438 1036.57678222656 1035.34631347656 1030.71936035156 1028.71423339844 1015.58923339844 1026.91674804688 1015.66674804688 1012.66967773438 1010.44458007812 1006.59802246094 998.789733886719 999.760009765625 994.275329589844 982.69091796875 982.350341796875 974.032836914062 968.360046386719 974.153015136719 976.620056152344 958.627868652344 956.790161132812 956.681823730469
1021.21166992188 1028.37731933594 1025.67749023438 1028.15881347656 1037.10583496094 1038.96472167969 1041.24169921875 1041.7626953125 1040.67297363281 1042.02990722656 1047.25720214844 1036.58190917969 1034.49157714844 1038.23010253906 1035.46826171875 1036.48071289062 1024.23571777344 1027.65441894531 1028.59655761719 1017.98657226562 1020.04144287109 1007.83489990234 1011.49572753906 1016.63641357422 1021.54901123047 1027.34582519531 1023.76965332031 1009.94885253906 1015.14593505859 1017.22290039062 1016.60827636719 1011.96624755859 1004.10699462891 996.792907714844 992.180236816406 994.707397460938 988.798278808594 984.1787109375 989.301513671875 975.860717773438 972.343444824219 974.853088378906 963.336853027344 961.655578613281 954.607666015625 952.951477050781
1022.64996337891 1033.67346191406 1030.09887695312 1031.57214355469 1037.87731933594 1034.384765625 1037.33508300781 1037.32470703125 1036.17053222656 1041.34045410156 1041.15222167969 1037.03930664062 1037.44274902344 1037.19116210938 1032.77404785156 1035.68615722656 1029.22790527344 1027.07775878906 1031.2705078125 1016.52105712891 1010.70538330078 1010.93829345703 1016.96466064453 1009.12353515625 1015.86584472656 1020.6064453125 1013.86767578125 1016.06408691406 1017.38952636719 1009.86456298828 1014.91076660156 1014.23767089844 1008.91040039062 993.864135742188 988.971984863281 993.656494140625 982.139404296875 991.071228027344 986.205932617188 982.769714355469 973.453186035156 966.342529296875 964.596618652344 963.3525390625 964.689147949219 961.038818359375
