data/zlatibor_dem_simulations/DEMsim69 (1).asc
NCOLS 150
NROWS 100
XLLCORNER 7394249
YLLCORNER 4841999
CELLSIZE 30
NODATA_VALUE -9999
[rows 20 to 39 of 100, columns 92 to 137 of 150]
990.08935546875 993.647705078125 997.280883789062 1022.80847167969 1026.72265625 1019.07373046875 1010.69763183594 1008.87048339844 1008.36602783203 1006.17822265625 1010.16906738281 1003.66516113281 1006.11309814453 1005.05364990234 994.915649414062 987.907531738281 985.61767578125 976.073303222656 970.8310546875 963.419616699219 947.121215820312 937.040771484375 932.611938476562 936.94970703125 930.1015625 937.176452636719 941.629150390625 942.842163085938 952.507019042969 968.828735351562 980.675537109375 996.327758789062 988.059753417969 987.230285644531 1007.95776367188 1011.29260253906 1023.59838867188 1034.52075195312 1042.57666015625 1048.08386230469 1055.91687011719 1070.85852050781 1063.14562988281 1065.1875 1057.69287109375 1062.81481933594
997.174743652344 1008.94116210938 1016.87963867188 1030.19909667969 1035.75769042969 1030.23168945312 1021.515625 1022.58612060547 1013.01794433594 1007.06066894531 1015.07824707031 1008.30090332031 1008.91912841797 1001.45037841797 996.732116699219 987.775268554688 982.986511230469 984.596740722656 964.863647460938 961.703002929688 954.503601074219 944.564086914062 943.574401855469 936.961303710938 931.765441894531 929.8935546875 933.014343261719 960.57373046875 972.600646972656 983.344909667969 1001.87982177734 1004.12609863281 1009.75354003906 1008.02972412109 1011.38488769531 1017.99395751953 1026.55529785156 1031.28039550781 1044.98095703125 1051.00500488281 1053.8779296875 1069.23999023438 1063.85388183594 1061.03283691406 1055.42822265625 1061.66186523438
1005.96978759766 1021.98120117188 1023.64361572266 1027.72875976562 1027.17248535156 1026.79577636719 1021.67395019531 1025.30358886719 1011.91229248047 1008.39727783203 1008.48248291016 1002.15875244141 1004.24298095703 1004.55285644531 998.219421386719 993.459228515625 986.6552734375 976.584594726562 970.765258789062 962.024169921875 950.705505371094 943.66357421875 940.44384765625 931.900817871094 933.873474121094 932.542175292969 949.760803222656 969.423034667969 984.818542480469 994.954162597656 1001.00225830078 999.413696289062 1010.75219726562 1013.40045166016 1017.42755126953 1027.26586914062 1021.47344970703 1035.63195800781 1046.67077636719 1050.35400390625 1049.10192871094 1058.45104980469 1065.00122070312 1053.45922851562 1054.48645019531 1053.07263183594
1007.84930419922 1015.14508056641 1036.44116210938 1034.47131347656 1033.00170898438 1025.05151367188 1021.39337158203 1024.54309082031 1017.18878173828 1007.54577636719 995.571960449219 1002.99371337891 1003.83941650391 1004.55969238281 1004.90447998047 1001.35339355469 990.280334472656 977.824768066406 967.971435546875 960.810180664062 951.893981933594 940.954650878906 935.258056640625 932.616577148438 928.693542480469 943.069519042969 964.491271972656 981.655639648438 998.087158203125 1007.46087646484 996.474853515625 1005.63958740234 1020.67590332031 1025.63012695312 1021.80401611328 1029.54699707031 1033.82116699219 1024.14465332031 1039.27966308594 1047.09338378906 1050.91564941406 1048.73962402344 1061.43872070312 1054.58715820312 1053.40539550781 1059.98962402344
1011.73669433594 1022.45251464844 1040.51513671875 1035.69592285156 1028.64221191406 1035.86108398438 1026.73510742188 1017.71160888672 1015.52197265625 1003.89410400391 1003.74285888672 1014.06689453125 1012.17413330078 1011.44860839844 1005.46502685547 1004.34777832031 986.398071289062 981.048828125 964.98974609375 956.352172851562 953.496215820312 942.36181640625 938.097351074219 936.532165527344 937.458740234375 948.643432617188 963.418212890625 976.038513183594 999.496643066406 1013.12835693359 1010.23718261719 1014.32672119141 1026.18884277344 1025.87182617188 1024.84985351562 1036.41320800781 1038.97668457031 1038.43701171875 1049.56774902344 1045.20983886719 1058.80053710938 1066.94702148438 1057.68798828125 1046.81481933594 1048.39562988281 1056.99633789062
1013.71917724609 1021.37451171875 1027.951171875 1029.16064453125 1029.06774902344 1024.306640625 1022.08612060547 1014.81408691406 1016.54180908203 1007.06140136719 1004.68371582031 1000.04449462891 1010.86053466797 1012.48175048828 1011.52526855469 996.29052734375 991.975341796875 980.552551269531 969.850769042969 956.995300292969 952.185974121094 939.248168945312 940.165222167969 946.455017089844 943.994506835938 952.844848632812 961.416687011719 979.110656738281 1011.56866455078 1014.42370605469 1021.92700195312 1034.1884765625 1026.73083496094 1031.39428710938 1030.4951171875 1037.05078125 1046.34167480469 1050.15490722656 1047.57788085938 1047.1279296875 1056.90368652344 1069.20593261719 1056.1474609375 1046.7080078125 1047.91003417969 1053.72094726562
1015.07220458984 1014.80224609375 1022.20275878906 1026.13342285156 1024.63928222656 1022.70452880859 1025.9267578125 1021.63037109375 1017.63903808594 1008.12103271484 1001.28088378906 1006.94610595703 1013.77227783203 1005.94604492188 1006.82440185547 991.530822753906 987.731811523438 988.360229492188 983.274475097656 971.415100097656 954.963623046875 947.441284179688 941.415405273438 941.8427734375 945.698974609375 951.038208007812 956.8662109375 980.305847167969 1001.89904785156 1015.42205810547 1029.57055664062 1031.53125 1026.04370117188 1036.08044433594 1034.24365234375 1044.95458984375 1054.24938964844 1047.96899414062 1052.9501953125 1058.58728027344 1053.87939453125 1066.30456542969 1053.58801269531 1043.80065917969 1041.96374511719 1050.26806640625
1018.15362548828 1017.63385009766 1019.97320556641 1022.52459716797 1025.05920410156 1025.19995117188 1024.66784667969 1026.31701660156 1021.20288085938 1011.12799072266 1014.41137695312 1010.662109375 1007.33251953125 1007.48706054688 1000.66656494141 990.102722167969 986.248413085938 987.11865234375 984.67333984375 975.442443847656 959.659118652344 949.347106933594 936.105651855469 939.912963867188 947.280517578125 952.689636230469 962.282409667969 979.687316894531 1001.47637939453 1012.92639160156 1018.29046630859 1027.81604003906 1031.13659667969 1026.67175292969 1047.37316894531 1046.27392578125 1048.59985351562 1054.19799804688 1065.09155273438 1061.58129882812 1055.8369140625 1054.00708007812 1044.52380371094 1036.91809082031 1047.69714355469 1057.21984863281
1018.96832275391 1024.94897460938 1025.80810546875 1020.87139892578 1020.00665283203 1028.85888671875 1031.79846191406 1027.40002441406 1022.19537353516 1018.41510009766 1012.15997314453 1019.72320556641 1012.26446533203 1009.11145019531 997.328308105469 984.187927246094 990.165588378906 985.185546875 977.039855957031 970.642456054688 964.145202636719 948.881652832031 939.215576171875 937.433532714844 937.576354980469 959.84375 957.820922851562 979.037963867188 989.833068847656 993.821594238281 1014.90789794922 1030.53063964844 1032.01098632812 1032.38122558594 1040.17980957031 1043.29504394531 1049.52990722656 1048.46716308594 1057.69763183594 1050.32568359375 1047.64770507812 1043.26843261719 1033.57507324219 1041.35083007812 1041.04772949219 1053.76452636719
1023.88092041016 1033.69799804688 1023.19250488281 1024.89880371094 1020.72882080078 1031.97436523438 1028.34387207031 1023.96264648438 1019.51995849609 1016.49346923828 1012.501953125 1014.14489746094 1013.79864501953 1008.85766601562 996.871459960938 990.419250488281 975.0029296875 974.301940917969 972.116943359375 962.753234863281 958.410034179688 940.908996582031 941.261291503906 948.991577148438 943.856689453125 955.833862304688 964.741027832031 967.908081054688 992.904296875 1005.37646484375 1009.81286621094 1021.67895507812 1029.3935546875 1025.11376953125 1036.11779785156 1039.30017089844 1040.87390136719 1034.5400390625 1038.91564941406 1044.412109375 1036.43737792969 1035.42858886719 1030.07238769531 1039.76672363281 1043.20874023438 1052.43627929688
1020.76208496094 1025.60827636719 1017.98651123047 1015.34057617188 1020.04272460938 1024.36389160156 1018.93884277344 1018.69262695312 1011.09234619141 1009.48461914062 1008.73461914062 1009.17926025391 1010.51354980469 1005.06292724609 994.996215820312 983.398010253906 974.783081054688 970.673645019531 967.586486816406 960.565612792969 957.616760253906 945.527526855469 938.680969238281 944.357177734375 944.182495117188 957.820739746094 959.568664550781 966.18798828125 979.332824707031 993.298706054688 1004.09210205078 1013.86791992188 1025.03869628906 1025.49047851562 1026.04272460938 1026.89477539062 1034.04675292969 1034.66589355469 1030.57543945312 1032.72302246094 1034.48742675781 1028.55456542969 1028.53564453125 1033.42553710938 1038.57995605469 1039.93188476562
1015.62670898438 1009.94677734375 1012.79052734375 1014.24633789062 1014.14038085938 1012.796875 1012.09454345703 1013.21887207031 1007.94793701172 998.390441894531 1002.05749511719 1009.81982421875 1002.82116699219 1003.57763671875 990.450256347656 983.34130859375 978.840270996094 969.380004882812 971.496704101562 966.457763671875 967.14208984375 952.925354003906 950.56201171875 950.879333496094 958.408264160156 951.533081054688 957.475708007812 971.309326171875 973.47509765625 987.830505371094 1000.89086914062 1006.37713623047 1018.75183105469 1024.59814453125 1019.34399414062 1026.20275878906 1030.87243652344 1031.46032714844 1027.69201660156 1018.95831298828 1023.01977539062 1026.99731445312 1024.98608398438 1021.97143554688 1031.85388183594 1040.99743652344
1013.44207763672 1012.93438720703 1014.62292480469 1016.49243164062 1017.15093994141 1020.83801269531 1006.38507080078 1009.11541748047 1007.16491699219 1002.17620849609 999.440979003906 997.067687988281 997.869079589844 993.768859863281 990.09033203125 998.649536132812 981.123474121094 977.72900390625 972.408142089844 963.073120117188 963.787109375 958.616027832031 952.930480957031 955.464965820312 965.846740722656 962.52001953125 967.055908203125 976.155395507812 973.404418945312 985.321228027344 982.556823730469 998.564208984375 1010.34661865234 1020.66955566406 1032.47265625 1024.53234863281 1024.84643554688 1018.57141113281 1016.40771484375 1021.31469726562 1019.43475341797 1014.07373046875 1011.23345947266 1015.75579833984 1017.72833251953 1031.90502929688
1013.17205810547 1013.75604248047 1012.267578125 1011.02282714844 1002.42065429688 1011.45776367188 1006.42895507812 1009.96990966797 1004.76239013672 1004.49139404297 994.822143554688 993.541809082031 989.422180175781 989.069458007812 996.384033203125 1000.90478515625 990.303771972656 983.736938476562 975.297424316406 962.293823242188 963.391784667969 958.028869628906 958.687438964844 961.402648925781 966.98974609375 972.823486328125 968.213195800781 979.303283691406 980.561706542969 990.608337402344 990.142944335938 994.19580078125 1011.66430664062 1023.0498046875 1020.57165527344 1022.65802001953 1019.01489257812 1014.357421875 1013.11694335938 1011.41174316406 1008.04675292969 1008.76623535156 1008.89331054688 1010.60192871094 1015.54132080078 1029.81884765625
1007.76550292969 1011.00274658203 1009.341796875 1009.50994873047 999.513549804688 1013.33514404297 1000.80889892578 998.844177246094 1002.69885253906 997.435607910156 1001.80523681641 1000.54455566406 994.507080078125 996.134582519531 1000.009765625 991.150085449219 992.297729492188 983.839599609375 974.473266601562 970.516784667969 970.110107421875 966.8486328125 974.331604003906 969.733459472656 983.545043945312 981.744812011719 976.214721679688 983.16162109375 985.801208496094 992.1689453125 994.38037109375 1002.93481445312 1016.17614746094 1008.80725097656 1015.62829589844 1016.98767089844 1014.34136962891 1014.34063720703 1015.91693115234 1019.04284667969 1004.42218017578 1008.92907714844 1012.40557861328 1015.72094726562 1016.875 1020.48461914062
999.671630859375 1011.01306152344 1002.07531738281 1007.3193359375 1000.73376464844 1004.3232421875 1006.57043457031 1002.61297607422 1000.45550537109 991.643859863281 995.661071777344 993.555725097656 994.579345703125 994.813537597656 994.796447753906 993.355773925781 988.135009765625 992.90576171875 975.484313964844 979.3798828125 983.856750488281 984.378601074219 983.902648925781 983.358154296875 990.099182128906 987.829345703125 991.657043457031 997.999877929688 991.579528808594 994.451782226562 1003.54730224609 1008.43096923828 1017.1953125 1012.083984375 1011.89331054688 1011.47204589844 1004.66064453125 1010.64801025391 1014.69348144531 1015.84686279297 1005.82556152344 1009.61981201172 1012.5087890625 1017.73083496094 1023.35345458984 1021.431640625
994.2744140625 1004.23449707031 998.172485351562 1000.40930175781 1000.22955322266 990.335693359375 995.422973632812 997.461608886719 993.918579101562 998.523986816406 994.654663085938 988.457763671875 992.921081542969 1000.76086425781 997.061401367188 998.775329589844 986.949768066406 988.922119140625 987.121032714844 973.537963867188 994.615234375 990.094299316406 990.903198242188 985.872680664062 991.027160644531 995.869750976562 1000.72088623047 1001.71844482422 994.755493164062 995.10595703125 1002.87268066406 1009.76953125 1007.55670166016 1011.00610351562 1011.39477539062 1012.45489501953 1012.18432617188 1012.47888183594 1007.31292724609 1009.60894775391 1012.75793457031 1017.42346191406 1022.12536621094 1026.78002929688 1029.50231933594 1027.29870605469
991.013488769531 1001.22839355469 1010.26373291016 999.1240234375 994.788391113281 994.781982421875 987.506042480469 994.772094726562 991.489807128906 990.490234375 990.09716796875 987.180541992188 989.498413085938 993.023315429688 1001.99792480469 998.086791992188 987.287170410156 989.232482910156 985.295593261719 986.478942871094 991.965087890625 1005.42315673828 997.005798339844 990.3857421875 993.249816894531 994.622192382812 1006.02459716797 1001.20648193359 1003.96832275391 994.976135253906 996.612487792969 1002.27545166016 1009.53796386719 1002.32611083984 1001.80920410156 1000.71789550781 1008.44372558594 1014.51184082031 1010.09497070312 1015.91290283203 1017.78540039062 1024.88488769531 1025.42297363281 1024.58874511719 1035.57348632812 1037.93103027344
990.900268554688 1008.65582275391 1008.32574462891 995.64794921875 996.269958496094 991.861022949219 995.964050292969 991.534790039062 986.022705078125 990.484741210938 988.404113769531 989.648498535156 996.99365234375 992.130859375 1002.25225830078 991.719299316406 995.373657226562 985.750854492188 985.280029296875 984.649841308594 991.763000488281 1000.56475830078 1001.05249023438 998.610168457031 998.621520996094 1001.75323486328 1002.90234375 1006.61297607422 1000.72351074219 1004.77557373047 1004.16168212891 1002.23785400391 1000.45281982422 1004.63507080078 1005.43817138672 1006.03088378906 1012.99755859375 1015.09545898438 1021.52630615234 1028.3642578125 1024.03686523438 1031.60180664062 1028.54187011719 1034.51257324219 1038.87463378906 1047.28283691406
990.535339355469 1003.38812255859 998.324829101562 998.164001464844 993.553588867188 993.425903320312 996.449462890625 989.222717285156 983.712829589844 990.496826171875 988.76123046875 992.349426269531 990.492004394531 991.813720703125 991.27734375 1000.58953857422 998.129516601562 990.445678710938 991.013671875 998.907592773438 987.603332519531 995.457214355469 1000.09063720703 1009.18762207031 1002.22760009766 990.431518554688 990.537902832031 1000.39617919922 1000.66180419922 1003.70611572266 1003.57305908203 987.877319335938 999.949584960938 1007.06188964844 1009.61303710938 1013.79449462891 1015.59924316406 1016.01684570312 1022.30712890625 1031.01635742188 1026.48461914062 1033.04357910156 1032.44714355469 1035.11682128906 1048.61657714844 1046.85034179688
