data/zlatibor_dem_simulations/DEMsim8.asc
NCOLS 150
NROWS 100
XLLCORNER 7394249
YLLCORNER 4841999
CELLSIZE 30
NODATA_VALUE -9999
[rows 60 to 79 of 100, columns 0 to 45 of 150]
956.407531738281 955.906555175781 956.750610351562 960.225952148438 960.492370605469 958.902465820312 959.062438964844 968.116271972656 960.636657714844 957.759765625 958.188171386719 952.63037109375 958.13916015625 959.472778320312 967.330688476562 964.075256347656 972.554016113281 969.850769042969 965.036865234375 955.288330078125 950.495178222656 960.732543945312 959.470886230469 954.633972167969 958.356811523438 955.117248535156 954.024536132812 943.753540039062 942.216003417969 955.504943847656 951.274230957031 950.456848144531 950.589538574219 949.319213867188 952.864318847656 945.690246582031 949.610534667969 948.717712402344 957.08447265625 954.57568359375 948.692077636719 954.993713378906 954.487548828125 959.673095703125 955.696838378906 950.383422851562
950.103149414062 959.097473144531 958.711486816406 957.485717773438 960.933349609375 968.236877441406 964.377258300781 967.983154296875 968.504516601562 968.680786132812 964.805603027344 946.618347167969 946.031616210938 949.238037109375 967.141906738281 965.666687011719 959.749328613281 964.621337890625 959.694702148438 957.029907226562 962.14111328125 962.912170410156 949.48779296875 955.014709472656 955.590454101562 952.843627929688 954.822814941406 941.666381835938 944.84326171875 941.279052734375 946.734436035156 949.509582519531 950.746032714844 949.433349609375 946.849670410156 942.640930175781 950.677185058594 949.631774902344 962.624206542969 955.589599609375 947.659912109375 953.270324707031 949.443969726562 950.132385253906 945.31103515625 941.68994140625
954.175842285156 954.622436523438 950.19970703125 956.375427246094 959.057678222656 968.045532226562 963.764892578125 966.1015625 966.859497070312 961.776611328125 949.909912109375 943.540344238281 941.933349609375 947.228332519531 958.02099609375 952.848815917969 955.329223632812 961.473327636719 957.103637695312 966.063659667969 964.545715332031 954.225402832031 949.678527832031 947.750305175781 948.110656738281 958.539367675781 954.356201171875 944.823974609375 951.449523925781 947.014526367188 952.410888671875 946.56005859375 952.643676757812 954.490234375 943.731811523438 949.933044433594 939.535583496094 943.701782226562 948.787414550781 951.283264160156 950.040649414062 944.942016601562 949.983337402344 947.041625976562 944.729431152344 939.888366699219
963.619140625 961.016235351562 959.181762695312 955.270812988281 954.124877929688 961.114501953125 961.230407714844 963.273803710938 961.031799316406 956.476196289062 938.29443359375 940.545288085938 936.494201660156 949.062866210938 944.308959960938 946.878173828125 946.00927734375 943.306213378906 948.96240234375 960.303955078125 957.390625 953.706481933594 948.726257324219 954.359069824219 951.589599609375 954.909851074219 956.112548828125 945.317077636719 944.768432617188 943.859436035156 953.200439453125 954.894958496094 952.9365234375 944.776550292969 943.879577636719 939.992797851562 943.835266113281 941.973937988281 944.447998046875 946.9345703125 953.3623046875 948.905395507812 954.423583984375 947.85107421875 946.163330078125 952.876953125
960.135925292969 956.014465332031 950.002807617188 953.372924804688 958.964965820312 969.748046875 962.124694824219 955.896484375 957.609802246094 948.538269042969 945.94580078125 949.510192871094 940.970336914062 932.646911621094 939.569702148438 948.173095703125 950.097045898438 942.807556152344 944.654357910156 947.533020019531 948.297302246094 945.533630371094 947.277526855469 947.164978027344 944.853088378906 948.731994628906 948.320251464844 941.854919433594 940.309265136719 942.651977539062 960.435974121094 956.395141601562 957.283630371094 946.561889648438 942.865478515625 945.11865234375 939.294494628906 937.665283203125 947.737548828125 949.733337402344 958.816284179688 959.239929199219 952.235168457031 946.670654296875 945.705505371094 951.241333007812
952.965515136719 958.131530761719 952.907348632812 939.646667480469 951.090698242188 963.425231933594 961.152465820312 951.2763671875 954.323852539062 943.971313476562 938.993591308594 941.912048339844 941.635681152344 939.246154785156 943.324890136719 938.428039550781 939.297729492188 945.562622070312 943.701232910156 938.28466796875 942.295715332031 936.310302734375 940.095886230469 928.354614257812 942.743347167969 945.200561523438 949.585815429688 950.959350585938 945.19970703125 944.569458007812 955.818237304688 952.243957519531 951.945373535156 943.551513671875 948.678405761719 949.058715820312 944.229248046875 940.609069824219 946.025207519531 947.357177734375 955.14599609375 964.12646484375 959.688415527344 954.761108398438 955.739807128906 949.181518554688
959.283264160156 960.028930664062 957.014099121094 951.814819335938 959.93896484375 956.265197753906 952.43603515625 946.316223144531 944.81640625 947.492919921875 940.5 940.935791015625 942.196655273438 944.797058105469 936.170959472656 930.772338867188 938.059020996094 942.021057128906 943.529357910156 937.314514160156 940.695068359375 943.745788574219 944.430908203125 948.126770019531 958.903686523438 948.381591796875 951.31884765625 943.193298339844 950.481079101562 951.738830566406 945.559936523438 947.208557128906 949.858276367188 946.389526367188 945.950134277344 945.856506347656 948.715698242188 939.248352050781 937.351867675781 939.658386230469 953.710754394531 961.668395996094 959.263244628906 956.374206542969 952.858764648438 958.065856933594
959.105773925781 958.072509765625 956.610717773438 954.164184570312 961.186279296875 953.889221191406 949.560119628906 942.674987792969 940.749816894531 941.563049316406 937.946655273438 940.701049804688 936.186279296875 942.303039550781 940.85107421875 934.171081542969 935.644409179688 949.819213867188 946.462219238281 949.787353515625 949.64013671875 947.1953125 954.341491699219 952.685180664062 957.939392089844 944.674377441406 955.587768554688 955.481384277344 955.853942871094 946.675476074219 950.035827636719 952.771911621094 946.454528808594 946.817687988281 955.30908203125 948.239990234375 946.869750976562 941.733154296875 943.146118164062 945.106567382812 956.169738769531 960.109008789062 959.149536132812 952.494384765625 957.712158203125 962.914733886719
961.210754394531 952.556457519531 952.322021484375 952.91455078125 949.444702148438 950.609558105469 947.713989257812 935.140319824219 945.406982421875 946.888977050781 943.029541015625 947.296813964844 939.640747070312 939.105041503906 944.168151855469 940.043334960938 941.510131835938 954.836303710938 960.432067871094 959.027648925781 959.888061523438 948.76904296875 956.930114746094 953.846130371094 956.513916015625 958.534362792969 961.568359375 963.544799804688 958.98486328125 949.78369140625 943.97705078125 950.478881835938 952.926635742188 961.546142578125 963.846130371094 958.873779296875 953.276672363281 954.180969238281 948.460876464844 949.502990722656 955.935180664062 964.100219726562 959.487365722656 959.403381347656 959.514038085938 962.016296386719
956.283813476562 960.840270996094 953.914367675781 949.043395996094 944.787170410156 943.053344726562 941.414367675781 933.093994140625 939.546630859375 949.350036621094 947.411315917969 948.594421386719 940.122375488281 947.822143554688 951.174133300781 950.997375488281 956.244506835938 959.951843261719 957.854797363281 956.029418945312 957.140563964844 960.139526367188 962.887573242188 959.60009765625 969.169799804688 960.566833496094 956.504760742188 961.185302734375 957.809814453125 949.603820800781 951.245971679688 954.638427734375 949.273681640625 955.457153320312 961.747741699219 959.814208984375 953.07958984375 957.230224609375 945.152038574219 954.869689941406 957.716491699219 963.802307128906 969.440124511719 964.833801269531 966.417053222656 969.574951171875
952.837219238281 965.658874511719 959.692993164062 947.066833496094 941.939575195312 945.22705078125 944.752624511719 938.43701171875 938.940185546875 948.691284179688 960.152160644531 958.100402832031 946.484008789062 955.264099121094 954.733520507812 959.208679199219 958.732238769531 958.850463867188 966.338806152344 964.695495605469 968.143615722656 967.217956542969 956.76806640625 955.52099609375 966.388427734375 968.856201171875 962.207580566406 965.087707519531 958.338745117188 952.544555664062 953.06689453125 954.64697265625 952.468078613281 957.680419921875 957.020080566406 959.312561035156 956.325378417969 957.5869140625 953.154418945312 970.710021972656 971.574645996094 970.774658203125 973.270874023438 981.589416503906 969.410034179688 984.565185546875
954.769653320312 950.409423828125 953.12255859375 940.603393554688 945.038940429688 948.081848144531 947.487670898438 941.68359375 945.257446289062 941.315979003906 952.575134277344 952.043518066406 949.614990234375 947.171264648438 957.978576660156 961.879455566406 968.324279785156 978.240051269531 969.805603027344 963.826599121094 962.142517089844 969.916076660156 961.245971679688 962.3525390625 956.184875488281 968.967102050781 965.249694824219 960.273132324219 960.231323242188 960.470397949219 969.785583496094 964.995666503906 965.746032714844 961.71826171875 962.534301757812 967.587890625 968.89794921875 963.89892578125 972.997741699219 986.456176757812 982.563598632812 988.326477050781 984.698608398438 980.941101074219 997.806030273438 995.981079101562
936.215454101562 938.526977539062 943.460815429688 947.32763671875 934.988647460938 938.117431640625 944.308654785156 943.085693359375 941.743591308594 953.541564941406 952.234924316406 957.054260253906 956.037658691406 954.717712402344 958.698547363281 968.245971679688 973.07275390625 976.250183105469 968.884704589844 962.5634765625 964.416442871094 973.019775390625 975.469116210938 968.878356933594 968.058532714844 971.335021972656 970.553344726562 968.527221679688 968.476989746094 972.056762695312 964.249755859375 979.838195800781 977.130493164062 968.458190917969 967.187683105469 970.607482910156 971.046691894531 967.363708496094 974.164733886719 976.871032714844 987.710205078125 991.062927246094 994.122314453125 993.701293945312 998.684387207031 995.268737792969
935.050964355469 933.052795410156 929.263244628906 942.390808105469 940.141784667969 938.022827148438 935.541809082031 937.513000488281 945.185913085938 956.933166503906 960.818969726562 959.438537597656 955.676391601562 953.281188964844 967.063354492188 979.061584472656 979.469848632812 980.475952148438 978.423767089844 968.002197265625 963.236877441406 964.827514648438 966.013549804688 962.645080566406 974.433715820312 978.9169921875 969.091064453125 978.535034179688 977.0078125 977.364624023438 970.813354492188 965.263427734375 965.067260742188 970.468200683594 968.16943359375 973.846984863281 974.997375488281 980.216918945312 979.019104003906 985.046325683594 989.030029296875 995.817199707031 998.592041015625 996.059265136719 993.585021972656 997.769653320312
933.562072753906 924.06689453125 929.583190917969 935.552185058594 936.353210449219 941.507995605469 943.577880859375 951.442687988281 956.625122070312 961.489501953125 959.524230957031 959.851623535156 964.963256835938 967.935668945312 979.379699707031 969.684020996094 977.511352539062 978.528137207031 974.58154296875 975.030944824219 971.8974609375 975.44384765625 974.851440429688 970.882080078125 971.312255859375 973.955017089844 977.776428222656 978.628173828125 967.880065917969 970.30029296875 959.26904296875 957.488098144531 970.406616210938 978.726989746094 985.491821289062 979.899780273438 983.510498046875 981.421875 984.000183105469 988.069946289062 991.982849121094 997.555297851562 1002.33428955078 998.109985351562 996.874328613281 995.181274414062
937.309509277344 923.132019042969 927.802978515625 932.024963378906 934.826232910156 933.767456054688 941.756225585938 947.662719726562 952.94287109375 956.523376464844 967.325439453125 975.736572265625 969.658813476562 981.440246582031 974.797241210938 971.745239257812 976.674865722656 987.46142578125 988.739074707031 974.498352050781 977.602416992188 983.776489257812 983.039672851562 984.012390136719 980.06787109375 979.581359863281 982.600524902344 974.783630371094 975.625 967.122314453125 970.626220703125 969.625122070312 974.47412109375 986.006286621094 979.493896484375 980.084289550781 985.739685058594 986.883056640625 988.332336425781 995.472290039062 998.450500488281 994.003051757812 995.027282714844 998.128662109375 993.068298339844 996.706176757812
930.295715332031 924.46728515625 928.549072265625 932.352844238281 931.701477050781 936.740295410156 942.007263183594 939.801025390625 955.896362304688 960.124145507812 971.765563964844 974.525329589844 968.615112304688 976.035705566406 977.9033203125 979.640258789062 987.365417480469 982.134582519531 978.252197265625 979.852172851562 981.790771484375 985.700866699219 981.98974609375 984.454040527344 984.328369140625 975.987670898438 987.188293457031 985.023071289062 972.112609863281 971.560974121094 971.590942382812 965.637390136719 966.7763671875 972.554016113281 983.043579101562 978.926574707031 983.030151367188 987.156127929688 988.751098632812 1003.05895996094 1006.55773925781 1003.62237548828 1001.59210205078 1004.42248535156 1010.43237304688 1006.27917480469
939.080627441406 930.030395507812 931.181091308594 935.682556152344 932.03662109375 934.40966796875 940.978515625 940.579895019531 954.097412109375 959.949951171875 960.374572753906 965.6767578125 964.98193359375 971.680419921875 978.694213867188 980.467895507812 989.095520019531 983.629943847656 970.5703125 979.193237304688 985.400756835938 983.581237792969 989.283508300781 989.495483398438 987.882690429688 988.870300292969 989.103454589844 984.866760253906 977.051025390625 970.116455078125 979.997253417969 976.053527832031 977.525634765625 976.302490234375 983.563293457031 978.907287597656 975.186584472656 987.969665527344 996.639282226562 1008.80065917969 1016.43981933594 1013.88366699219 1015.85784912109 1012.89367675781 1008.81268310547 1011.28381347656
941.277160644531 939.291564941406 941.383605957031 936.967712402344 947.607788085938 931.815124511719 934.381896972656 940.849548339844 947.530578613281 954.04638671875 956.941650390625 958.580200195312 959.458557128906 973.388122558594 980.754272460938 972.760498046875 982.62646484375 979.255249023438 967.567016601562 975.33740234375 979.665832519531 981.096862792969 983.488098144531 982.713134765625 994.240234375 982.929565429688 985.396728515625 985.021850585938 984.653442382812 983.063781738281 986.988037109375 984.723388671875 988.40185546875 989.860717773438 980.907409667969 978.775024414062 989.991577148438 992.087585449219 1003.27398681641 1011.55096435547 1011.17425537109 1018.01031494141 1021.20568847656 1005.67913818359 1004.47119140625 1005.14477539062
928.017944335938 933.097717285156 937.408996582031 936.93212890625 938.364562988281 936.513671875 935.995239257812 942.9736328125 951.2939453125 952.608093261719 953.702941894531 962.653930664062 962.641723632812 973.194763183594 973.566650390625 973.978271484375 983.432800292969 976.262817382812 976.297607421875 977.235717773438 981.010192871094 983.080383300781 989.411071777344 986.625854492188 995.566650390625 990.422668457031 994.192993164062 986.764709472656 992.079040527344 986.006591796875 985.855102539062 978.727355957031 985.263977050781 993.939880371094 980.566284179688 985.133056640625 989.886657714844 1001.53375244141 1006.94970703125 1010.55041503906 1014.34118652344 1016.53698730469 1013.05169677734 1002.72186279297 1000.87158203125 998.49560546875
