data/zlatibor_dem_simulations/DEMsim67.asc
NCOLS 150
NROWS 100
XLLCORNER 7394249
YLLCORNER 4841999
CELLSIZE 30
NODATA_VALUE -9999
[rows 20 to 39 of 100, columns 0 to 45 of 150]
961.280090332031 954.851867675781 956.982299804688 960.225280761719 956.662658691406 958.878784179688 947.107177734375 953.856323242188 954.710388183594 956.388305664062 957.154602050781 957.039978027344 949.472717285156 957.947204589844 961.959594726562 970.593200683594 966.677551269531 979.598999023438 978.990844726562 976.018249511719 971.315307617188 970.781005859375 975.1259765625 980.529846191406 987.132019042969 996.232788085938 999.642272949219 1014.80810546875 1011.84442138672 1006.16082763672 1016.34222412109 1020.59460449219 1022.65441894531 1024.94934082031 1028.6572265625 1025.89404296875 1024.43530273438 1021.87512207031 1032.49963378906 1034.13110351562 1038.19458007812 1048.76123046875 1034.75549316406 1032.82702636719 1025.96911621094 1014.00762939453
962.39453125 963.518615722656 950.213806152344 951.053161621094 948.792419433594 956.569458007812 950.637451171875 959.992370605469 955.666076660156 955.544982910156 950.756591796875 949.395568847656 950.044860839844 958.169372558594 956.048583984375 970.052185058594 967.168212890625 984.4228515625 972.905212402344 978.181701660156 970.947082519531 977.486083984375 979.608520507812 985.733581542969 983.841064453125 993.136535644531 999.947448730469 1014.00103759766 1010.30682373047 1002.25030517578 1006.79260253906 1014.14245605469 1021.26293945312 1013.10046386719 1020.98297119141 1025.45812988281 1027.388671875 1027.2060546875 1029.64904785156 1026.21545410156 1037.29223632812 1037.03881835938 1038.16333007812 1031.34313964844 1024.85498046875 1024.48754882812
943.944702148438 948.659912109375 945.517578125 950.47021484375 951.159362792969 950.861022949219 951.034973144531 956.899780273438 959.940063476562 954.963623046875 952.823120117188 946.847473144531 955.289123535156 960.763244628906 963.216125488281 966.644409179688 966.287719726562 972.363952636719 965.037841796875 970.332458496094 970.114135742188 977.671569824219 985.716552734375 987.471252441406 977.784729003906 993.3095703125 994.418518066406 1004.69934082031 1011.96228027344 1010.24963378906 1012.11059570312 1010.11260986328 1011.06536865234 1018.26800537109 1019.19360351562 1016.87774658203 1018.03302001953 1015.63787841797 1028.29699707031 1021.45416259766 1026.5361328125 1032.49243164062 1031.89147949219 1025.17138671875 1021.62322998047 1014.21362304688
941.539794921875 939.623840332031 945.281616210938 954.668334960938 949.447326660156 956.355712890625 956.021362304688 951.77783203125 954.364624023438 955.134094238281 956.110778808594 957.432312011719 958.046752929688 966.235961914062 967.641479492188 960.085021972656 961.728515625 963.859008789062 966.625610351562 965.434509277344 965.081115722656 977.460083007812 981.465209960938 990.588562011719 981.14208984375 985.259826660156 991.338317871094 1004.58068847656 1003.3046875 1014.55596923828 1009.85852050781 1015.60522460938 1009.55255126953 1006.34594726562 1015.31726074219 1012.62316894531 1013.61877441406 1015.37469482422 1021.89025878906 1013.07391357422 1010.99780273438 1024.20971679688 1021.52947998047 1020.326171875 1016.22241210938 1017.71551513672
928.13232421875 942.375610351562 942.700561523438 949.825988769531 956.390319824219 956.607727050781 957.21044921875 947.129333496094 948.16796875 959.144104003906 963.646484375 965.883422851562 959.523620605469 957.734069824219 958.281311035156 961.888732910156 965.794189453125 963.764770507812 962.774108886719 958.908996582031 972.652954101562 981.935974121094 980.407775878906 983.082702636719 985.389892578125 980.703125 979.822814941406 992.980163574219 994.822082519531 1003.35980224609 1004.39849853516 1000.62005615234 1006.00598144531 1001.70324707031 1010.90930175781 1005.46496582031 1004.69458007812 1016.86315917969 1021.49682617188 1009.76379394531 1006.34014892578 1008.81097412109 1012.89965820312 1004.68884277344 1001.18811035156 1001.31463623047
934.9228515625 944.600158691406 950.211486816406 963.963317871094 967.613403320312 958.093994140625 961.359558105469 957.726623535156 954.062683105469 958.164489746094 975.591735839844 967.716369628906 966.60302734375 956.679870605469 958.5439453125 963.903137207031 963.630310058594 963.556701660156 958.127990722656 965.998718261719 976.84814453125 989.546997070312 988.989990234375 983.620178222656 987.234436035156 985.268371582031 988.421447753906 988.495544433594 994.158264160156 1000.09204101562 991.312255859375 1007.44799804688 1003.10327148438 1005.73913574219 1011.30584716797 1010.29028320312 1004.73931884766 1013.15948486328 1012.23266601562 1009.82250976562 1009.42059326172 1014.59692382812 1017.23724365234 1004.39410400391 997.691223144531 1000.28930664062
949.332336425781 953.154479980469 961.023803710938 962.236389160156 964.853942871094 967.333312988281 963.714050292969 962.324829101562 959.311218261719 959.506103515625 969.496887207031 972.155212402344 963.530639648438 967.230895996094 961.365966796875 965.135437011719 963.663940429688 957.663757324219 958.238525390625 974.059204101562 976.87890625 988.907592773438 983.646545410156 984.771667480469 980.536682128906 984.466430664062 988.248413085938 986.206115722656 992.765808105469 991.245666503906 988.172180175781 994.717651367188 998.836853027344 1001.70318603516 1013.36279296875 1007.21374511719 1011.18902587891 1009.14288330078 1005.03332519531 1004.63714599609 1005.88928222656 1005.98687744141 1010.87884521484 1005.45550537109 1000.89367675781 997.894775390625
942.765258789062 953.613708496094 955.869995117188 968.429382324219 963.985290527344 965.654663085938 962.502868652344 955.873352050781 963.663757324219 966.882873535156 969.411560058594 971.046997070312 970.808044433594 972.738220214844 969.845031738281 963.767883300781 961.823852539062 958.799255371094 959.984191894531 975.540954589844 980.231994628906 982.173034667969 978.296569824219 986.5537109375 982.334716796875 988.061584472656 985.512023925781 986.12841796875 987.373474121094 996.894653320312 986.740356445312 990.208984375 992.08984375 1001.89819335938 1003.77276611328 1004.13726806641 1005.17004394531 1005.42633056641 1000.87036132812 986.5439453125 1002.77984619141 997.251220703125 1007.12335205078 998.054992675781 998.271911621094 995.009826660156
948.944213867188 953.542663574219 962.481750488281 959.073669433594 954.032897949219 956.60205078125 957.464965820312 957.459838867188 961.854309082031 972.016784667969 974.292785644531 979.117004394531 986.314392089844 975.58203125 973.616027832031 965.627197265625 968.021423339844 957.788269042969 973.2216796875 975.407165527344 987.256103515625 982.794677734375 985.619323730469 984.336120605469 990.474853515625 985.411437988281 993.883117675781 995.519653320312 996.386474609375 998.329711914062 993.797302246094 992.908081054688 985.734436035156 992.9326171875 995.747802734375 994.165588378906 993.071899414062 997.207397460938 988.273681640625 984.814819335938 993.107666015625 994.402099609375 1001.00372314453 1005.21649169922 1002.92755126953 1004.58203125
945.413391113281 948.570983886719 960.122741699219 966.547424316406 967.729125976562 963.049194335938 953.468933105469 958.596496582031 963.435363769531 970.703125 969.757995605469 978.581726074219 975.932678222656 974.012329101562 976.404846191406 976.0078125 975.204406738281 971.695068359375 974.809997558594 971.72900390625 979.638610839844 987.662475585938 975.809387207031 985.588317871094 984.960144042969 984.56787109375 995.102172851562 1002.09814453125 1008.39300537109 996.798767089844 994.255798339844 988.580017089844 1001.19067382812 996.944519042969 989.047302246094 987.909057617188 990.770874023438 990.767883300781 984.15478515625 981.644897460938 995.687255859375 987.245300292969 993.212707519531 1005.44927978516 1004.01904296875 1004.74468994141
946.007751464844 956.970458984375 959.221618652344 966.444580078125 969.617309570312 963.105346679688 965.442810058594 964.709350585938 974.657531738281 966.992980957031 967.076110839844 970.419189453125 969.486755371094 971.344604492188 975.957946777344 981.265014648438 976.708801269531 977.077453613281 980.163696289062 970.889099121094 980.031188964844 981.463562011719 981.828735351562 983.501098632812 979.87939453125 986.273498535156 998.867309570312 995.883911132812 1001.9755859375 990.511962890625 990.489074707031 994.56201171875 1002.09136962891 992.91748046875 994.878051757812 987.944702148438 992.371276855469 985.461608886719 976.807800292969 979.679504394531 984.278015136719 983.944580078125 989.001037597656 994.944213867188 996.377258300781 992.188232421875
945.629760742188 956.439086914062 959.299438476562 966.775756835938 963.07666015625 962.641845703125 974.119018554688 970.047241210938 965.646240234375 969.476257324219 967.803405761719 969.360168457031 972.348327636719 971.797058105469 976.207092285156 975.570556640625 982.660217285156 980.442687988281 976.018310546875 982.957763671875 980.979248046875 988.707336425781 987.304870605469 974.017883300781 977.455993652344 979.592590332031 993.1337890625 1004.69287109375 991.540100097656 991.512939453125 985.535949707031 986.015075683594 985.862548828125 988.752319335938 984.317810058594 988.171325683594 989.3291015625 983.299682617188 979.54931640625 983.162475585938 980.919616699219 985.384155273438 985.246704101562 989.87939453125 991.101806640625 987.784362792969
941.947082519531 956.016540527344 957.655090332031 962.764526367188 963.815612792969 973.365478515625 974.286071777344 969.832580566406 975.70458984375 965.734985351562 971.259826660156 974.728881835938 978.494201660156 978.640563964844 967.399658203125 979.529235839844 976.457397460938 983.179260253906 977.976745605469 979.42724609375 987.816345214844 980.44677734375 977.4306640625 967.613891601562 972.063781738281 982.64892578125 989.335083007812 996.086486816406 995.460388183594 982.290710449219 982.464599609375 982.142150878906 974.242858886719 973.204040527344 990.686767578125 987.781921386719 980.549133300781 983.247192382812 976.76953125 978.885864257812 992.308532714844 989.229309082031 985.690063476562 994.3017578125 985.764953613281 988.921630859375
945.892272949219 948.066467285156 956.361083984375 964.365539550781 959.045043945312 965.484436035156 973.676696777344 971.82861328125 975.215881347656 975.898010253906 979.354553222656 972.754760742188 972.717468261719 970.499694824219 973.375854492188 973.054626464844 970.173461914062 978.6865234375 984.469299316406 981.7138671875 982.708251953125 976.487731933594 974.857604980469 972.059204101562 980.6328125 984.994750976562 990.353393554688 992.785705566406 988.445190429688 984.071411132812 979.564025878906 990.224365234375 983.575378417969 981.145751953125 990.112670898438 986.899047851562 992.148559570312 993.836975097656 990.134704589844 988.491638183594 991.837646484375 992.73486328125 991.999633789062 988.090270996094 989.875366210938 985.461730957031
946.544677734375 950.201171875 954.089782714844 956.063171386719 965.827941894531 962.332580566406 963.751953125 970.25634765625 968.617797851562 971.408508300781 982.459777832031 982.918395996094 979.434020996094 969.741882324219 967.110107421875 973.904174804688 982.784851074219 975.907958984375 976.988037109375 975.071594238281 975.484985351562 977.525268554688 972.367797851562 972.298706054688 975.22509765625 976.780151367188 983.954406738281 991.384460449219 980.624694824219 975.364868164062 986.048400878906 991.221069335938 991.974365234375 983.295227050781 989.690612792969 987.747253417969 996.308959960938 991.139587402344 988.85986328125 986.01171875 985.13671875 988.511108398438 985.104858398438 993.540710449219 985.423706054688 982.241577148438
947.01416015625 952.977661132812 952.230651855469 958.196166992188 963.051818847656 968.28369140625 965.774353027344 978.636413574219 979.7626953125 980.87939453125 985.406616210938 985.877746582031 974.863403320312 972.481872558594 971.979187011719 967.914184570312 975.009460449219 979.944946289062 973.518920898438 969.9599609375 970.039978027344 969.948303222656 966.786682128906 971.118530273438 966.349426269531 971.593872070312 984.66162109375 984.033996582031 972.556762695312 971.914672851562 975.999145507812 982.918212890625 985.97216796875 989.078918457031 988.863342285156 993.250061035156 994.326904296875 998.99951171875 981.668579101562 974.88330078125 978.251281738281 973.2666015625 984.355529785156 986.372436523438 980.868225097656 981.383728027344
954.786315917969 954.930419921875 956.719177246094 966.591552734375 969.917846679688 961.057800292969 970.569885253906 976.639038085938 975.954162597656 984.591003417969 983.002624511719 980.865417480469 979.076293945312 975.921264648438 967.05810546875 970.030578613281 972.930847167969 985.894226074219 985.447021484375 975.092346191406 976.679504394531 981.495422363281 970.700805664062 972.295288085938 970.567932128906 967.5087890625 970.718505859375 976.2861328125 963.760375976562 970.966674804688 978.56591796875 987.082946777344 983.661865234375 989.065368652344 989.902221679688 985.9755859375 992.181884765625 990.252502441406 983.388000488281 971.926330566406 970.935302734375 971.358032226562 983.530334472656 980.759155273438 977.119323730469 980.163635253906
947.2216796875 953.824035644531 960.955017089844 957.841186523438 965.647583007812 966.982788085938 975.8974609375 969.466552734375 983.278747558594 989.067687988281 987.281372070312 985.865356445312 980.7392578125 970.778564453125 960.942749023438 972.331359863281 974.536499023438 981.069885253906 991.57666015625 980.73193359375 976.865966796875 976.196166992188 974.075988769531 974.659606933594 971.325134277344 973.173828125 968.533569335938 981.306884765625 974.586303710938 977.6103515625 976.233459472656 977.860961914062 984.772399902344 992.136413574219 994.252990722656 988.927795410156 980.713500976562 980.216552734375 981.424865722656 975.088623046875 971.320373535156 980.295349121094 984.606140136719 977.265319824219 986.451538085938 977.030029296875
945.800048828125 963.635009765625 964.550903320312 964.505554199219 965.88330078125 961.561096191406 962.721923828125 974.454528808594 984.938659667969 979.154357910156 976.263610839844 976.036254882812 974.301879882812 966.679443359375 966.6318359375 972.034729003906 981.216918945312 980.457580566406 978.096984863281 977.52685546875 977.261962890625 983.351928710938 973.517883300781 975.108337402344 971.5673828125 974.268859863281 970.947937011719 972.182861328125 978.075439453125 972.230651855469 974.27734375 977.211730957031 988.714294433594 992.463500976562 990.534301757812 984.362915039062 987.041381835938 985.109252929688 981.030883789062 987.103820800781 980.342590332031 976.065124511719 984.430419921875 980.998352050781 976.106140136719 973.923461914062
950.812744140625 961.3720703125 970.821838378906 965.527648925781 971.445983886719 966.173950195312 966.701049804688 967.699523925781 970.842224121094 974.155517578125 970.689392089844 968.807678222656 971.298461914062 970.331848144531 970.353515625 977.117004394531 984.735107421875 980.223693847656 981.952087402344 979.833374023438 978.811706542969 977.450134277344 982.716247558594 973.552978515625 975.857299804688 972.096618652344 976.947937011719 978.365234375 975.884399414062 971.873901367188 979.055419921875 980.375 982.61865234375 993.072143554688 988.064025878906 985.072204589844 985.652404785156 983.473754882812 988.506652832031 987.933227539062 985.567016601562 972.292114257812 967.4951171875 963.95703125 966.559814453125 967.981079101562
