data/zlatibor_dem_simulations/DEMsim91.asc
NCOLS 150
NROWS 100
XLLCORNER 7394249
YLLCORNER 4841999
CELLSIZE 30
NODATA_VALUE -9999
[rows 0 to 19 of 100, columns 0 to 45 of 150]
1019.18151855469 1010.86273193359 1005.82861328125 1015.00714111328 1004.46563720703 1009.17175292969 1005.63012695312 1011.24932861328 1017.81774902344 1013.31311035156 1026.31713867188 1022.28558349609 1015.82666015625 1016.54956054688 1013.07415771484 1022.32788085938 1012.86968994141 1011.26812744141 1015.49816894531 1015.65911865234 1014.7421875 1024.35046386719 1029.45922851562 1033.35290527344 1031.72241210938 1027.28771972656 1030.39184570312 1026.49621582031 1029.59753417969 1036.912109375 1039.54797363281 1045.01037597656 1042.20056152344 1033.31579589844 1034.13220214844 1024.03247070312 1017.45617675781 1009.41088867188 1002.81457519531 1008.59747314453 998.520141601562 998.299255371094 994.212036132812 991.132690429688 980.678649902344 982.493225097656
1020.07250976562 1019.82592773438 1013.54174804688 1002.74932861328 1000.09112548828 1000.55303955078 1005.49212646484 1004.94219970703 1014.6015625 1015.43273925781 1019.73510742188 1011.92156982422 1018.13366699219 1012.5751953125 1016.92419433594 1009.892578125 1008.23651123047 1014.08160400391 1017.20361328125 1021.08813476562 1024.84985351562 1031.30993652344 1035.58325195312 1037.05969238281 1036.24279785156 1029.80920410156 1024.61376953125 1019.72717285156 1025.70361328125 1036.67785644531 1028.55493164062 1040.51025390625 1033.36694335938 1027.125 1032.69848632812 1024.09106445312 1011.78186035156 1008.76696777344 1002.42797851562 997.891723632812 997.892761230469 994.118957519531 984.773010253906 987.886291503906 981.577819824219 984.464904785156
1007.44036865234 1017.29260253906 1012.03033447266 1002.81237792969 998.723022460938 1000.21667480469 1005.29742431641 1005.01922607422 1013.16571044922 1010.64587402344 1016.79809570312 1015.33367919922 1014.83380126953 1010.92315673828 1007.05505371094 1004.28643798828 1008.85095214844 1014.77355957031 1020.11071777344 1025.33166503906 1027.93969726562 1039.96545410156 1030.90222167969 1038.07958984375 1033.95593261719 1036.4521484375 1029.44030761719 1021.05395507812 1017.61560058594 1021.13250732422 1032.03601074219 1036.18530273438 1038.14221191406 1026.76928710938 1021.04406738281 1014.7275390625 1003.60217285156 1001.39068603516 1005.76330566406 1000.23083496094 997.995361328125 1000.82696533203 1000.49200439453 996.534790039062 991.74560546875 986.683044433594
1007.357421875 1014.09918212891 1007.76177978516 997.124877929688 996.323852539062 998.294616699219 1006.35949707031 1012.64007568359 1000.61651611328 1004.70294189453 1012.97113037109 1010.35711669922 1009.05004882812 997.867858886719 998.667907714844 1011.23187255859 1013.12872314453 1016.38366699219 1020.80682373047 1013.75347900391 1018.86309814453 1030.23986816406 1028.50732421875 1028.40588378906 1032.76599121094 1035.16149902344 1017.85968017578 1016.40515136719 1019.49731445312 1022.82092285156 1031.64794921875 1036.7919921875 1029.650390625 1029.99340820312 1021.32287597656 1022.94812011719 1003.83660888672 1004.97570800781 1006.24822998047 991.350524902344 996.971557617188 1003.44195556641 1002.36755371094 1006.97357177734 998.916137695312 989.908081054688
1007.71087646484 1011.10498046875 1002.93365478516 1004.45080566406 999.663208007812 1001.24597167969 1018.14990234375 1006.57183837891 1008.06091308594 996.319458007812 1001.34436035156 1005.67425537109 1005.68493652344 998.872436523438 998.471557617188 1005.07788085938 1008.2666015625 1021.91595458984 1026.19177246094 1020.56878662109 1019.38714599609 1024.34423828125 1025.64868164062 1036.17553710938 1032.86828613281 1020.24066162109 1020.03735351562 1012.63256835938 1015.74383544922 1023.13470458984 1022.69299316406 1020.46331787109 1029.14990234375 1030.75610351562 1020.42456054688 1016.08520507812 1016.89654541016 1017.42242431641 1010.66235351562 1004.04071044922 1003.7177734375 999.573669433594 1006.98541259766 1003.27301025391 995.908569335938 993.686218261719
1002.30059814453 1006.54907226562 996.1689453125 998.23583984375 993.660461425781 1006.26007080078 1015.44299316406 1007.32586669922 1007.92272949219 1006.91198730469 1007.46075439453 1006.35186767578 1005.07312011719 996.927490234375 1004.30200195312 1008.42181396484 1010.14544677734 1008.79718017578 1016.42071533203 1021.75250244141 1028.6748046875 1025.51916503906 1028.83044433594 1027.66589355469 1025.70373535156 1023.15234375 1021.90667724609 1018.05615234375 1019.28771972656 1022.89959716797 1017.39886474609 1016.14569091797 1023.91723632812 1023.56805419922 1024.39501953125 1012.97534179688 1020.40747070312 1012.68719482422 1006.10595703125 1008.68310546875 1014.27392578125 1011.83258056641 1006.73382568359 1000.78625488281 994.956298828125 995.850891113281
996.244323730469 1003.95623779297 993.203796386719 996.267944335938 990.964111328125 1004.66094970703 1008.05657958984 1005.82537841797 1013.37969970703 1011.69891357422 1012.1484375 1024.47290039062 1002.51159667969 999.5986328125 994.4970703125 1003.03967285156 1011.46069335938 1012.72003173828 1016.29937744141 1026.76403808594 1030.31115722656 1033.22387695312 1029.64892578125 1025.50524902344 1014.35272216797 1015.82257080078 1017.71643066406 1015.31060791016 1015.34094238281 1009.22192382812 1012.53887939453 1006.83117675781 1017.23565673828 1020.82952880859 1016.37219238281 1024.60852050781 1014.42608642578 1008.68505859375 1009.50610351562 1017.26184082031 1018.81097412109 1019.17517089844 1013.88757324219 1006.31311035156 1001.62097167969 998.585083007812
1003.91033935547 1001.35650634766 987.525390625 991.348876953125 994.053771972656 1001.93487548828 1007.01837158203 1010.49749755859 1008.89605712891 1011.15570068359 1012.08929443359 1012.49481201172 1010.10046386719 1002.27362060547 999.027404785156 996.159057617188 1008.81500244141 1019.91821289062 1018.06231689453 1023.78796386719 1030.39392089844 1026.8115234375 1024.62646484375 1021.42059326172 1014.03466796875 1006.61956787109 1007.85034179688 1013.24450683594 1003.66510009766 1010.89288330078 1004.33557128906 1007.69970703125 1014.04309082031 1011.66442871094 1017.17193603516 1023.70178222656 1007.0361328125 1001.29510498047 1012.72119140625 1009.74334716797 1018.57171630859 1010.50415039062 1018.01312255859 1011.88958740234 1003.40667724609 998.925537109375
1007.79541015625 1007.48742675781 999.002014160156 996.497680664062 992.081787109375 994.516662597656 1005.92565917969 1006.63555908203 1003.81121826172 1009.90924072266 1010.64166259766 1003.07684326172 1002.55181884766 996.712280273438 997.758544921875 1007.18310546875 1011.95428466797 1016.93341064453 1015.01586914062 1018.25793457031 1026.58361816406 1023.43670654297 1021.80548095703 1015.00860595703 1002.79315185547 1007.798828125 1000.44842529297 1001.52410888672 1005.0234375 999.978210449219 1006.89831542969 1015.03607177734 1015.08990478516 1020.63293457031 1012.54223632812 1009.73669433594 1009.47814941406 1013.67895507812 1011.12072753906 1017.33148193359 1020.63208007812 1018.40881347656 1012.94995117188 1016.47967529297 995.80810546875 998.296325683594
1004.12023925781 997.299682617188 1003.80065917969 1002.17547607422 999.897705078125 996.564880371094 1004.43695068359 999.060546875 1004.07080078125 999.494018554688 993.082885742188 992.870300292969 1004.31805419922 995.12451171875 1001.38122558594 1001.72973632812 1010.81756591797 1003.92681884766 996.945678710938 1004.35473632812 1018.81311035156 1016.06195068359 1015.86810302734 1015.64044189453 1011.86755371094 1012.70196533203 1006.07257080078 995.581665039062 1005.30584716797 1000.80108642578 1007.18640136719 1012.73345947266 1018.56066894531 1024.14953613281 1012.68731689453 1012.21826171875 1013.35070800781 1010.234375 1011.97564697266 1012.23016357422 1014.59381103516 1015.01416015625 1012.97003173828 1011.31335449219 998.615417480469 992.435729980469
1000.0009765625 994.942749023438 1004.85400390625 1005.48992919922 993.891906738281 990.283996582031 1002.77728271484 994.777099609375 996.131591796875 988.879272460938 982.142517089844 982.415100097656 998.285766601562 1007.87023925781 1007.1484375 1007.2861328125 1010.91931152344 1011.49578857422 1005.384765625 1003.82104492188 1004.51409912109 1004.28295898438 1009.31573486328 1017.38140869141 1007.55834960938 991.994873046875 993.83984375 993.8134765625 1000.06127929688 1007.53875732422 1001.43743896484 1011.833984375 1017.87957763672 1015.4443359375 1019.60595703125 1021.67297363281 1019.93688964844 1011.57989501953 1019.76824951172 1011.32647705078 1021.86352539062 1018.88342285156 1008.16595458984 1014.35430908203 1006.87591552734 1011.84484863281
1000.10546875 996.613708496094 998.404235839844 999.656860351562 998.099792480469 990.289733886719 991.323547363281 1001.05047607422 990.86669921875 984.018737792969 981.330322265625 981.768798828125 977.836242675781 988.990844726562 1003.34118652344 1007.66961669922 1012.75720214844 1007.49169921875 999.716247558594 993.752502441406 987.698486328125 999.385681152344 999.213256835938 1002.07330322266 1003.52325439453 994.350402832031 994.366577148438 988.501403808594 996.366271972656 1004.20770263672 1008.12609863281 1013.42730712891 1017.29046630859 1013.49212646484 1027.48498535156 1030.59777832031 1026.65686035156 1011.92950439453 1011.74407958984 1011.27355957031 1018.21057128906 1018.73986816406 1009.98583984375 1009.02215576172 1007.60900878906 1008.67370605469
988.397644042969 996.916625976562 990.089233398438 992.594543457031 992.2607421875 988.504455566406 992.853454589844 993.701721191406 990.842346191406 986.827453613281 983.318908691406 985.204406738281 978.360046386719 988.606140136719 1002.36401367188 1004.21105957031 1000.65728759766 1001.63732910156 997.481079101562 998.919982910156 994.603149414062 996.504211425781 1011.77532958984 1004.25207519531 1006.45874023438 997.937255859375 995.100280761719 992.735656738281 992.405639648438 995.147094726562 994.450439453125 1015.28979492188 1020.525390625 1031.60583496094 1031.20788574219 1036.12524414062 1026.4697265625 1020.60046386719 1020.88555908203 1022.59515380859 1028.26733398438 1021.67028808594 1015.02416992188 1018.0498046875 1017.55261230469 1016.03985595703
982.535095214844 983.149047851562 984.761535644531 980.544860839844 990.434814453125 976.8486328125 982.549438476562 984.253479003906 984.583984375 979.7734375 988.846557617188 986.876281738281 981.543212890625 986.962646484375 997.200805664062 1001.75726318359 992.388366699219 997.779724121094 993.059265136719 990.452392578125 986.766906738281 994.650512695312 1007.44256591797 997.588073730469 994.393859863281 992.890930175781 985.148071289062 979.295043945312 992.359375 991.275329589844 1007.11834716797 1013.57360839844 1015.20092773438 1027.3349609375 1028.33935546875 1031.74841308594 1028.08569335938 1028.3330078125 1027.83349609375 1030.07434082031 1035.16455078125 1029.30529785156 1021.87927246094 1019.27868652344 1019.76708984375 1015.06475830078
980.819946289062 983.102416992188 988.304565429688 988.454406738281 984.209899902344 975.702514648438 976.36376953125 986.186645507812 985.418090820312 979.788269042969 978.530334472656 985.205261230469 981.078552246094 985.907836914062 986.360107421875 996.261413574219 1003.92608642578 998.736694335938 993.839233398438 989.858459472656 993.262756347656 987.354309082031 993.244140625 988.464538574219 985.244934082031 975.476257324219 977.68017578125 981.162292480469 993.989562988281 1002.76611328125 1006.66693115234 1012.83270263672 1007.53259277344 1016.09930419922 1024.98132324219 1034.14721679688 1032.6494140625 1036.10192871094 1031.1416015625 1038.70593261719 1038.92077636719 1033.29211425781 1026.38635253906 1023.86083984375 1013.18121337891 1006.46453857422
971.09521484375 979.725158691406 987.234680175781 985.08935546875 989.484008789062 986.933532714844 983.130737304688 983.528991699219 979.588989257812 979.952941894531 981.1318359375 976.881103515625 976.591918945312 989.456420898438 991.6923828125 999.080444335938 996.947204589844 988.2158203125 993.108093261719 995.7568359375 986.451110839844 984.740539550781 987.206848144531 980.292602539062 977.085266113281 972.444763183594 981.707763671875 985.937683105469 996.116760253906 1009.54937744141 1008.73150634766 1009.48852539062 1010.37084960938 1013.46929931641 1019.60729980469 1031.46264648438 1033.38427734375 1039.75341796875 1042.09729003906 1042.18347167969 1051.86608886719 1041.64440917969 1031.41088867188 1031.01257324219 1022.1103515625 1011.05303955078
979.382080078125 985.461791992188 985.7744140625 983.855834960938 983.8623046875 979.867614746094 989.60693359375 988.95458984375 989.92919921875 978.920959472656 978.928283691406 973.937072753906 973.971374511719 989.458557128906 988.322387695312 1002.32464599609 992.004821777344 988.309020996094 983.137573242188 986.140625 979.82666015625 970.268310546875 972.208312988281 973.083740234375 978.209350585938 979.566162109375 984.927673339844 996.115295410156 992.454284667969 1006.57067871094 1017.53704833984 1015.92395019531 1010.47991943359 1016.16284179688 1026.46545410156 1031.30187988281 1038.87292480469 1033.98156738281 1035.69018554688 1041.44348144531 1043.05798339844 1040.39331054688 1034.86206054688 1035.29614257812 1024.03955078125 1011.46228027344
972.661743164062 980.154541015625 985.149780273438 977.42626953125 980.117004394531 972.652893066406 982.411437988281 988.300231933594 990.81396484375 982.871215820312 974.924621582031 977.980712890625 967.60498046875 976.578918457031 977.395690917969 982.327697753906 981.949157714844 975.235656738281 975.767944335938 970.10498046875 967.160522460938 962.077209472656 978.802612304688 976.215148925781 982.43798828125 992.728454589844 999.068481445312 1004.12634277344 1007.39007568359 1010.37512207031 1016.62359619141 1021.810546875 1017.19866943359 1022.67315673828 1032.64929199219 1037.52502441406 1029.12145996094 1033.25561523438 1036.22534179688 1033.35546875 1042.69897460938 1043.72265625 1036.65393066406 1041.38024902344 1033.01220703125 1012.74188232422
965.636779785156 972.333679199219 968.598754882812 978.375793457031 976.463562011719 965.385925292969 973.260925292969 978.086791992188 982.947814941406 984.945556640625 984.086303710938 976.673767089844 974.473449707031 966.224243164062 975.430847167969 976.631103515625 970.040100097656 965.231323242188 966.985168457031 965.516845703125 962.088073730469 958.192199707031 979.002868652344 982.100463867188 986.139465332031 1005.58020019531 1005.14263916016 1005.53454589844 1022.27453613281 1023.37707519531 1029.31042480469 1025.76403808594 1018.67437744141 1025.7939453125 1031.67358398438 1036.06396484375 1032.15637207031 1024.61694335938 1027.36328125 1033.66259765625 1039.24926757812 1048.97351074219 1039.96472167969 1042.81396484375 1030.18237304688 1021.49761962891
966.907104492188 963.10107421875 958.838806152344 964.189086914062 967.711120605469 964.296752929688 967.887451171875 971.168640136719 977.996520996094 983.628723144531 987.31640625 979.407592773438 970.858276367188 964.52490234375 967.000061035156 973.173950195312 965.037231445312 963.539855957031 959.293273925781 963.6806640625 961.501037597656 963.224487304688 975.787841796875 981.390686035156 993.946228027344 1008.271484375 1004.70184326172 1017.52429199219 1023.89733886719 1027.91369628906 1027.6494140625 1020.65686035156 1019.70190429688 1021.77404785156 1028.68029785156 1018.99096679688 1020.55950927734 1030.13208007812 1028.86791992188 1035.95202636719 1037.267578125 1040.08850097656 1039.53747558594 1037.6953125 1036.98779296875 1022.81970214844
