data/zlatibor_dem_simulations/DEMsim87.asc
NCOLS 150
NROWS 100
XLLCORNER 7394249
YLLCORNER 4841999
CELLSIZE 30
NODATA_VALUE -9999
[rows 40 to 59 of 100, columns 46 to 91 of 150]
967.997131347656 968.980712890625 977.262268066406 978.33544921875 973.425537109375 965.298767089844 967.261535644531 971.926696777344 978.419616699219 978.314025878906 978.498901367188 985.478149414062 981.197875976562 976.839233398438 979.409912109375 979.998962402344 989.790954589844 984.862609863281 991.279846191406 994.890747070312 987.209716796875 978.856567382812 976.768859863281 968.081848144531 965.400390625 968.451538085938 974.414733886719 981.444946289062 988.339172363281 982.850952148438 979.246887207031 975.053833007812 973.798156738281 975.587829589844 983.450927734375 999.888977050781 996.774658203125 1001.27899169922 996.441040039062 995.21728515625 984.72900390625 981.723205566406 979.730712890625 986.387268066406 987.55859375 978.587036132812
967.849670410156 969.378601074219 980.675231933594 976.587890625 963.693969726562 964.911743164062 968.454040527344 978.037414550781 976.550903320312 970.620666503906 976.125732421875 981.438598632812 980.134643554688 981.593383789062 983.7783203125 986.498413085938 983.348327636719 976.945983886719 983.955688476562 993.1806640625 991.228759765625 979.808654785156 975.009765625 969.956176757812 963.848510742188 966.75634765625 971.029724121094 971.633422851562 980.067993164062 973.989624023438 972.176696777344 975.439636230469 964.425903320312 975.589172363281 975.566345214844 987.423950195312 981.470153808594 997.944030761719 995.445556640625 997.556762695312 991.502319335938 983.076904296875 978.671997070312 980.241088867188 983.366271972656 984.44482421875
968.106689453125 978.4169921875 981.069152832031 978.538940429688 968.719299316406 964.385131835938 964.33837890625 973.995971679688 973.335266113281 969.663269042969 977.5751953125 985.531616210938 984.176452636719 985.468505859375 990.040344238281 973.018005371094 977.333129882812 979.976989746094 987.194213867188 989.557067871094 990.624206542969 988.981628417969 962.808898925781 959.331970214844 960.618347167969 963.55712890625 965.890686035156 967.412048339844 965.769775390625 970.603881835938 977.582824707031 981.103637695312 970.276306152344 970.015869140625 984.948486328125 987.566833496094 983.677490234375 989.921875 995.341064453125 995.878479003906 990.259216308594 989.821594238281 980.845031738281 983.669311523438 982.591247558594 988.62109375
965.87890625 970.862426757812 972.007629394531 979.345703125 974.188232421875 961.186340332031 971.119140625 968.370788574219 965.820739746094 967.291320800781 967.835510253906 979.088317871094 979.577575683594 979.612060546875 975.795837402344 969.087097167969 978.656188964844 971.890625 981.127136230469 980.266662597656 983.177978515625 974.132995605469 965.020751953125 962.017456054688 957.992492675781 959.246520996094 963.827575683594 977.686462402344 969.095886230469 969.614196777344 972.956848144531 980.951354980469 966.666015625 967.601440429688 973.004211425781 979.816589355469 988.457885742188 982.425964355469 989.845825195312 992.848754882812 988.7626953125 986.19482421875 980.051147460938 980.988586425781 981.882385253906 982.071472167969
962.196899414062 970.163879394531 970.71484375 969.724426269531 972.921325683594 971.544189453125 967.6611328125 956.717041015625 958.405517578125 968.683532714844 971.327514648438 970.594787597656 977.025695800781 978.590270996094 967.873107910156 964.191223144531 965.614074707031 966.925415039062 972.570556640625 973.327087402344 973.260681152344 970.869018554688 954.446472167969 949.163940429688 954.327331542969 955.781005859375 957.985290527344 964.410888671875 970.6630859375 971.939392089844 972.622680664062 969.457885742188 963.976379394531 966.871887207031 970.77685546875 974.982116699219 980.869201660156 979.24658203125 990.9072265625 989.749328613281 992.824401855469 984.807006835938 979.450073242188 982.462890625 979.751892089844 975.376525878906
973.417846679688 959.957092285156 966.492431640625 971.096313476562 972.005554199219 968.918029785156 963.185180664062 958.386535644531 956.632995605469 966.717712402344 957.109313964844 963.099914550781 967.187072753906 962.900024414062 964.703735351562 963.341247558594 965.265380859375 963.790954589844 973.172546386719 972.2744140625 970.440002441406 960.366088867188 961.580444335938 968.792785644531 966.2138671875 963.991149902344 954.656127929688 964.418823242188 966.262268066406 976.0478515625 969.9755859375 966.304748535156 970.205749511719 960.050231933594 973.362487792969 977.718505859375 979.715270996094 985.014953613281 997.382263183594 993.24365234375 996.327880859375 981.704650878906 974.155944824219 974.559997558594 978.209533691406 978.613220214844
965.495544433594 964.710083007812 964.056396484375 975.179138183594 975.754089355469 969.440673828125 962.177551269531 969.385375976562 963.552612304688 969.201171875 972.005798339844 969.609985351562 963.634582519531 962.749938964844 956.467590332031 964.519348144531 968.722839355469 974.932189941406 961.778503417969 968.072570800781 958.646667480469 963.732299804688 968.746520996094 969.4677734375 965.030212402344 959.478454589844 958.097839355469 960.645629882812 961.339538574219 971.1171875 974.787231445312 964.879211425781 963.579711914062 968.904418945312 965.189270019531 975.377868652344 972.595703125 974.3798828125 983.184631347656 985.286743164062 985.9921875 976.937744140625 974.970764160156 985.073425292969 988.793334960938 980.685241699219
960.670837402344 964.770751953125 970.846252441406 969.966613769531 966.365844726562 966.287414550781 968.762451171875 969.459716796875 968.824157714844 975.098937988281 985.615234375 977.495666503906 970.699768066406 972.780212402344 964.416137695312 959.436340332031 970.813598632812 970.713684082031 976.300537109375 967.87158203125 967.95849609375 964.616149902344 964.34912109375 956.270141601562 950.236694335938 963.2666015625 961.335083007812 972.007446289062 964.350891113281 971.057373046875 976.352966308594 967.518371582031 958.554870605469 968.011840820312 967.05615234375 965.31982421875 963.466674804688 964.101745605469 973.055480957031 969.583374023438 980.832153320312 990.861633300781 970.750915527344 982.252624511719 990.124267578125 984.518493652344
961.656127929688 955.543273925781 966.007568359375 962.623657226562 964.454711914062 967.297058105469 965.40869140625 967.573547363281 972.816101074219 975.178894042969 969.94482421875 968.262817382812 971.423889160156 969.577514648438 963.165100097656 969.566223144531 970.105590820312 969.9990234375 972.251159667969 969.417724609375 971.563720703125 973.033264160156 966.139953613281 958.565734863281 957.934875488281 966.864318847656 958.733947753906 956.814880371094 962.14111328125 976.709655761719 974.006774902344 969.181274414062 972.012634277344 969.72021484375 964.812316894531 967.480285644531 966.857666015625 968.172973632812 962.420227050781 966.392395019531 972.401184082031 982.09765625 967.436828613281 974.067016601562 982.080261230469 981.253540039062
966.284973144531 961.565490722656 965.792419433594 969.490112304688 969.777099609375 963.692932128906 961.169128417969 971.672607421875 967.679931640625 969.623291015625 966.966613769531 963.937805175781 964.534057617188 962.332214355469 955.794494628906 954.14794921875 969.025451660156 969.85791015625 969.830444335938 972.263793945312 969.308410644531 964.287170410156 973.102172851562 957.423095703125 962.439636230469 968.383972167969 956.279663085938 960.443664550781 966.32373046875 969.209533691406 968.7265625 974.173400878906 969.589111328125 963.761596679688 973.040649414062 968.118041992188 974.356262207031 967.08349609375 972.454406738281 968.102844238281 970.988830566406 973.087646484375 978.173400878906 972.410888671875 975.0517578125 980.646789550781
971.589477539062 969.089233398438 969.734436035156 964.682434082031 969.86865234375 963.804565429688 959.795654296875 972.015930175781 970.15478515625 969.372192382812 971.877868652344 959.878479003906 966.263427734375 967.94921875 962.073303222656 956.902099609375 967.931640625 967.297790527344 972.574096679688 970.309143066406 967.3701171875 964.944213867188 971.061828613281 969.963684082031 965.12548828125 966.26318359375 963.607482910156 961.172302246094 962.92041015625 972.049682617188 972.233947753906 976.53515625 974.455139160156 968.801818847656 962.531799316406 964.839599609375 971.244934082031 970.493469238281 967.252990722656 969.893615722656 975.904174804688 974.044067382812 967.6630859375 967.610595703125 974.044555664062 978.231689453125
961.590148925781 963.305480957031 960.362243652344 963.083679199219 955.794189453125 958.785949707031 962.954772949219 959.265625 958.317932128906 957.122131347656 965.959533691406 962.934448242188 954.417602539062 963.270874023438 964.668518066406 966.760986328125 964.066284179688 972.170959472656 977.048645019531 964.609741210938 974.528259277344 964.52685546875 969.141967773438 962.408630371094 958.404235839844 966.499877929688 968.292663574219 972.708740234375 967.512390136719 970.971313476562 974.899719238281 975.456298828125 973.341918945312 971.429626464844 964.964233398438 960.328796386719 963.712036132812 970.33740234375 967.504272460938 978.191101074219 972.212829589844 972.838012695312 969.752685546875 968.444152832031 978.617980957031 981.376220703125
961.360717773438 960.44873046875 954.532653808594 956.702697753906 956.504455566406 957.131530761719 959.432067871094 955.457336425781 958.437927246094 956.701293945312 961.276916503906 960.965515136719 961.440734863281 957.823852539062 958.005432128906 963.478515625 969.090515136719 972.371520996094 982.59326171875 969.009399414062 966.779296875 966.158569335938 966.653198242188 962.622375488281 955.389038085938 951.667297363281 969.43603515625 971.982543945312 968.642700195312 966.617797851562 967.726440429688 964.921508789062 970.043212890625 968.665100097656 966.281188964844 959.048950195312 962.716979980469 958.059509277344 966.790344238281 972.039855957031 967.670227050781 969.079406738281 974.154418945312 973.175598144531 969.041931152344 975.332458496094
961.01171875 964.828918457031 955.770935058594 956.430541992188 958.1259765625 963.236938476562 952.294677734375 957.864318847656 958.632019042969 956.2880859375 955.858459472656 961.257507324219 952.617614746094 955.110656738281 951.656372070312 956.551208496094 959.196411132812 951.785400390625 961.163513183594 966.734375 966.494567871094 959.244445800781 961.897827148438 955.890502929688 958.944274902344 956.061889648438 973.472778320312 973.072204589844 965.375854492188 969.120788574219 964.841979980469 968.063049316406 967.017700195312 960.692138671875 958.077697753906 960.551147460938 954.679931640625 951.803344726562 957.865173339844 965.503051757812 971.872192382812 968.852844238281 980.519836425781 978.875427246094 972.296447753906 969.557495117188
952.023315429688 953.257446289062 959.344787597656 957.774963378906 952.470520019531 953.389709472656 949.878540039062 962.885620117188 957.993469238281 962.142944335938 972.943725585938 961.793762207031 958.610778808594 956.810607910156 947.205383300781 956.123657226562 954.603820800781 951.25732421875 959.699951171875 965.396606445312 963.738037109375 962.56787109375 960.808349609375 958.877746582031 960.554565429688 959.075012207031 970.302490234375 972.603332519531 967.382141113281 965.278076171875 966.806945800781 962.934692382812 959.807800292969 973.494323730469 970.674011230469 962.911743164062 961.43505859375 954.484558105469 958.169677734375 956.534606933594 962.8330078125 966.674743652344 974.048522949219 973.751586914062 973.342041015625 969.959289550781
960.472290039062 959.4482421875 952.588073730469 958.708129882812 959.550537109375 960.405456542969 966.59521484375 963.511779785156 956.310119628906 955.303344726562 961.253540039062 959.8779296875 954.272888183594 954.269958496094 953.5615234375 956.695922851562 957.291442871094 946.757568359375 957.672546386719 962.9365234375 962.107788085938 962.497924804688 966.848876953125 961.576110839844 962.138610839844 957.631103515625 960.737548828125 961.210205078125 961.98974609375 968.8330078125 971.085327148438 968.701904296875 960.250122070312 973.386352539062 966.106079101562 959.955932617188 949.84716796875 957.481506347656 950.711120605469 953.379577636719 954.192626953125 963.155700683594 973.183166503906 976.036071777344 968.932739257812 974.733703613281
950.771728515625 956.481872558594 958.518432617188 951.467956542969 951.91943359375 959.290344238281 953.279479980469 951.6337890625 949.589660644531 947.185363769531 946.042785644531 957.808715820312 957.913208007812 953.366455078125 957.426208496094 949.229309082031 945.373657226562 946.973510742188 959.506591796875 958.325439453125 958.929016113281 965.99609375 963.293334960938 964.753662109375 965.970458984375 967.855773925781 967.754760742188 956.03271484375 958.127746582031 957.91162109375 955.927490234375 962.39892578125 967.153503417969 968.362426757812 965.750610351562 967.515625 959.259033203125 948.949157714844 949.990539550781 952.407165527344 956.904296875 964.185485839844 960.920837402344 960.998596191406 963.695190429688 973.856323242188
944.292846679688 946.574279785156 951.60986328125 953.437377929688 950.282653808594 958.705200195312 953.083679199219 949.39794921875 950.572082519531 949.066650390625 951.349060058594 958.959594726562 956.151306152344 950.76123046875 946.504577636719 947.539001464844 947.882019042969 954.155822753906 956.801086425781 963.050109863281 960.763427734375 967.630798339844 962.750244140625 959.204833984375 958.232421875 964.661987304688 963.006652832031 966.087524414062 958.089721679688 958.934326171875 954.755004882812 952.997314453125 953.7451171875 964.981872558594 964.55810546875 966.978271484375 963.53515625 957.895751953125 944.198059082031 958.963623046875 963.865112304688 964.818908691406 969.31396484375 973.032043457031 968.242492675781 967.779541015625
942.240234375 937.009338378906 947.855285644531 949.027099609375 945.763488769531 945.432250976562 956.557983398438 950.032775878906 955.789916992188 958.165954589844 951.739318847656 960.248779296875 963.116455078125 953.917358398438 940.896057128906 947.714660644531 946.876831054688 949.312683105469 956.012451171875 957.309936523438 962.955078125 966.217895507812 968.121459960938 970.79248046875 963.469360351562 963.3095703125 964.518188476562 961.631225585938 959.646057128906 958.186706542969 953.7353515625 953.504211425781 959.509338378906 967.017822265625 967.824523925781 975.730590820312 959.062683105469 957.285095214844 959.939086914062 954.298095703125 959.763793945312 971.819274902344 968.501892089844 966.7421875 968.742248535156 967.3740234375
941.6826171875 943.939086914062 949.0517578125 953.986938476562 940.58642578125 947.824645996094 952.549987792969 950.445190429688 958.247009277344 952.494445800781 960.795959472656 967.819396972656 963.208068847656 958.371520996094 944.843627929688 953.357543945312 954.298095703125 954.095764160156 955.744689941406 954.934631347656 953.435607910156 954.811889648438 962.78369140625 955.746276855469 967.254089355469 969.351135253906 967.399047851562 968.629638671875 960.632141113281 963.517639160156 960.934509277344 954.266418457031 971.295532226562 969.881042480469 966.349487304688 969.589782714844 965.491027832031 963.158264160156 960.136108398438 958.49072265625 956.543640136719 975.153625488281 966.861877441406 970.592529296875 974.202331542969 966.505676269531
