data/zlatibor_dem_simulations/DEMsim44.asc
NCOLS 150
NROWS 100
XLLCORNER 7394249
YLLCORNER 4841999
CELLSIZE 30
NODATA_VALUE -9999
[rows 0 to 19 of 100, columns 0 to 45 of 150]
1012.80621337891 1020.08551025391 1008.80865478516 1014.75927734375 1006.79498291016 998.041381835938 1006.05578613281 1005.79779052734 1011.14447021484 1012.54138183594 1016.83715820312 1013.16522216797 1020.69226074219 1013.91448974609 1018.95715332031 1012.41760253906 1002.55102539062 1010.77795410156 1012.92828369141 1009.90551757812 1016.47332763672 1020.25366210938 1015.51629638672 1018.95483398438 1020.77758789062 1025.51330566406 1027.51928710938 1023.84674072266 1029.43322753906 1028.70727539062 1032.07080078125 1035.77014160156 1034.65954589844 1040.54895019531 1042.73217773438 1043.484375 1048.50231933594 1042.78771972656 1036.7646484375 1032.77258300781 1026.64135742188 1031.01452636719 1010.82189941406 1001.76379394531 993.201843261719 985.640930175781
1016.32153320312 1019.68560791016 1002.49194335938 1003.51025390625 999.859619140625 993.267883300781 1005.57720947266 1019.80700683594 1011.77252197266 1009.77935791016 1012.89398193359 1016.85015869141 1007.95007324219 1013.38208007812 1015.85345458984 1009.40863037109 1001.48052978516 1011.51898193359 1011.92858886719 1005.14831542969 1019.9130859375 1025.00244140625 1029.36901855469 1020.15026855469 1031.36865234375 1032.70251464844 1028.00793457031 1030.005859375 1025.3115234375 1036.66271972656 1041.85363769531 1044.11474609375 1039.49548339844 1042.63610839844 1047.54736328125 1041.59240722656 1044.5283203125 1046.89611816406 1044.91088867188 1036.88073730469 1032.70629882812 1022.58453369141 1015.03942871094 1006.88977050781 1000.88024902344 995.092468261719
1008.66882324219 1013.34399414062 1008.59942626953 998.457946777344 1002.54510498047 1006.45715332031 1009.40954589844 1017.02606201172 1018.13647460938 1010.97198486328 1015.98211669922 1018.82818603516 1011.46905517578 1008.17742919922 1011.79150390625 1002.90270996094 1008.31964111328 1004.29107666016 1018.78631591797 1024.81127929688 1026.03137207031 1035.65283203125 1037.64685058594 1022.01257324219 1029.07568359375 1032.6767578125 1023.72540283203 1025.00439453125 1025.09326171875 1037.81774902344 1039.56140136719 1041.2509765625 1032.12231445312 1033.10876464844 1053.48181152344 1045.72375488281 1044.9560546875 1032.40417480469 1031.38977050781 1038.2099609375 1031.04284667969 1025.57507324219 1016.09515380859 1014.06079101562 1004.77716064453 998.138610839844
1008.10815429688 1010.5126953125 999.680603027344 996.750915527344 999.159851074219 1006.33093261719 1009.50372314453 1009.34527587891 1012.57043457031 1014.39788818359 1008.62213134766 1011.39636230469 1009.59265136719 1014.78192138672 1005.48620605469 1007.20770263672 1016.18780517578 1013.83923339844 1019.41180419922 1024.74963378906 1029.65295410156 1030.77038574219 1031.88122558594 1026.77416992188 1027.93640136719 1029.65686035156 1020.09094238281 1020.73022460938 1014.93267822266 1028.28894042969 1040.51477050781 1039.71069335938 1035.8154296875 1032.43627929688 1032.02783203125 1046.68273925781 1039.23999023438 1028.39172363281 1024.32238769531 1028.607421875 1029.0341796875 1020.28460693359 1017.68542480469 1016.26434326172 1014.14184570312 1004.88586425781
1017.03759765625 999.938537597656 995.765075683594 1001.49755859375 999.12060546875 997.490783691406 1005.18627929688 1007.27801513672 1006.93084716797 1012.99761962891 1016.21484375 1005.05010986328 1005.34844970703 1005.43237304688 1005.47265625 1006.96966552734 1018.27807617188 1023.87255859375 1021.77398681641 1023.30541992188 1024.32177734375 1029.17761230469 1019.25830078125 1020.291015625 1026.02709960938 1021.2783203125 1012.45208740234 1009.43859863281 1010.89569091797 1018.73510742188 1016.49731445312 1027.32312011719 1020.3505859375 1033.62927246094 1032.14953613281 1026.78564453125 1029.28100585938 1018.3134765625 1022.41607666016 1021.29644775391 1017.88604736328 1016.92169189453 1022.05279541016 1010.34210205078 1007.20715332031 1008.29742431641
1009.52136230469 1005.01586914062 1003.26287841797 996.989807128906 991.946350097656 1000.43011474609 1010.01727294922 1007.48413085938 1008.93878173828 1007.76629638672 1011.29113769531 1002.17730712891 1006.11761474609 1000.92370605469 996.43701171875 995.986511230469 1009.25671386719 1018.11108398438 1025.22766113281 1024.45092773438 1028.78039550781 1028.12878417969 1031.3369140625 1021.43493652344 1022.34478759766 1027.89013671875 1016.44537353516 1014.55218505859 1012.62847900391 1013.64312744141 1008.67663574219 1019.29290771484 1026.17419433594 1019.19677734375 1024.94812011719 1014.27105712891 1019.25860595703 1016.5390625 1020.75183105469 1027.63696289062 1022.98364257812 1017.24108886719 1029.65124511719 1021.10516357422 1009.90618896484 1006.62994384766
992.593688964844 1001.35534667969 993.242126464844 999.919372558594 1002.50775146484 1002.51690673828 1005.92956542969 1007.52551269531 1010.38482666016 1015.00872802734 1006.16290283203 995.626342773438 993.225158691406 998.311828613281 991.825073242188 1001.33044433594 1006.98651123047 1012.67730712891 1022.46331787109 1021.71801757812 1023.89178466797 1022.86358642578 1027.32019042969 1027.73278808594 1020.80230712891 1025.62878417969 1019.04034423828 1012.41979980469 1008.10015869141 1004.6767578125 1010.66058349609 1018.44598388672 1029.09338378906 1015.98559570312 1020.48327636719 1017.96514892578 1018.59484863281 1012.42022705078 1019.94183349609 1032.42907714844 1028.35632324219 1023.36511230469 1025.50170898438 1011.10626220703 1009.29693603516 1008.88397216797
993.639831542969 995.349914550781 989.706726074219 992.972412109375 992.328674316406 997.32861328125 1001.54235839844 997.893127441406 1005.64251708984 998.821411132812 994.347351074219 989.967590332031 991.783935546875 991.687866210938 994.216125488281 997.492126464844 1003.16088867188 1014.71496582031 1024.84326171875 1024.23522949219 1027.6279296875 1026.14306640625 1012.6259765625 1017.36773681641 1010.328125 1005.62493896484 1009.78424072266 1004.31390380859 1003.89294433594 1012.03942871094 1008.52911376953 1016.94128417969 1019.60467529297 1011.78991699219 1016.91729736328 1021.28948974609 1019.12719726562 1016.65740966797 1017.89239501953 1028.29614257812 1023.23736572266 1021.93377685547 1015.2509765625 1017.95062255859 1007.59942626953 1010.39453125
987.728637695312 990.249938964844 980.305969238281 984.594604492188 988.360656738281 997.105834960938 992.110168457031 986.912414550781 986.833557128906 992.900817871094 994.100830078125 996.140441894531 987.98583984375 994.680236816406 993.961975097656 994.593933105469 1010.29180908203 1009.3720703125 1020.55767822266 1015.48406982422 1013.26666259766 1017.81237792969 1015.10491943359 1015.32592773438 1014.10009765625 1005.22454833984 1009.52478027344 1006.01763916016 1011.59326171875 1011.88110351562 1017.77423095703 1013.63757324219 1016.634765625 1018.52862548828 1017.6591796875 1016.04150390625 1014.26220703125 1019.88446044922 1018.14776611328 1021.54669189453 1023.97930908203 1023.28051757812 1020.3994140625 1013.23229980469 1013.07073974609 1007.81896972656
982.012756347656 981.595336914062 979.821105957031 977.875732421875 981.723205566406 996.231079101562 982.26513671875 986.118469238281 989.045349121094 985.538208007812 988.727905273438 991.791809082031 998.119689941406 995.486328125 996.090576171875 996.009582519531 1002.36602783203 1001.82153320312 1000.41510009766 997.803955078125 997.212463378906 1003.66314697266 1005.51525878906 1009.74328613281 1002.85260009766 1001.35363769531 1004.27069091797 998.499694824219 1002.69549560547 1011.01971435547 1015.50482177734 1016.53753662109 1018.68023681641 1012.68249511719 1013.62023925781 1020.47180175781 1025.91906738281 1020.67340087891 1013.11578369141 1018.47216796875 1019.185546875 1016.32702636719 1017.94195556641 1016.53637695312 1018.66613769531 1005.52392578125
985.365539550781 978.2783203125 974.6181640625 980.126892089844 985.174438476562 997.252380371094 990.388671875 993.325012207031 991.361328125 977.794677734375 981.090576171875 987.774291992188 989.552368164062 987.961669921875 984.082092285156 980.715576171875 992.366760253906 994.573669433594 995.776062011719 991.396179199219 996.75537109375 996.68115234375 1005.41955566406 1006.73107910156 1003.19866943359 1003.36267089844 996.314636230469 997.553344726562 1000.23077392578 1010.90899658203 1015.28326416016 1014.99774169922 1022.79229736328 1022.03216552734 1016.15594482422 1020.22802734375 1022.30114746094 1019.97448730469 1019.77606201172 1005.76733398438 1018.26910400391 1011.69818115234 1012.30303955078 1007.8076171875 1014.45623779297 1007.89184570312
983.90576171875 983.121276855469 976.238098144531 977.500427246094 978.807983398438 985.221862792969 993.484802246094 984.160583496094 976.777160644531 989.8876953125 983.412109375 988.263061523438 991.653625488281 981.022216796875 976.740783691406 984.916809082031 988.008239746094 987.930847167969 990.966857910156 995.828857421875 998.121398925781 1006.98583984375 1006.33081054688 996.566711425781 1004.98718261719 997.494506835938 997.100524902344 994.831970214844 995.268127441406 1007.36053466797 1013.29797363281 1021.98046875 1028.33715820312 1026.20581054688 1028.62487792969 1034.07153320312 1029.88500976562 1028.84887695312 1010.95568847656 1006.30712890625 1016.42761230469 1011.83422851562 1019.671875 1012.80883789062 1019.23217773438 1014.68090820312
983.023376464844 979.7138671875 978.074401855469 981.037658691406 980.347106933594 975.357604980469 989.285400390625 976.040832519531 982.801086425781 985.411071777344 988.405395507812 986.795593261719 981.643981933594 988.493774414062 979.947448730469 980.070678710938 981.355590820312 983.514709472656 983.951293945312 989.655456542969 990.26513671875 1000.99493408203 1005.44085693359 1005.03338623047 994.642272949219 990.180725097656 988.478210449219 994.875732421875 992.966369628906 1001.42529296875 1008.39276123047 1011.08587646484 1026.21459960938 1028.64782714844 1032.29162597656 1039.65075683594 1036.55773925781 1027.51867675781 1029.55163574219 1024.73486328125 1020.25006103516 1025.24877929688 1036.30432128906 1028.44384765625 1025.87622070312 1012.52416992188
976.554138183594 979.428039550781 980.508666992188 983.0263671875 981.857055664062 985.148071289062 992.823608398438 982.800170898438 984.970275878906 989.194030761719 986.655212402344 992.557250976562 980.719116210938 983.864685058594 984.156555175781 984.403137207031 995.600036621094 997.161437988281 987.072021484375 987.073120117188 996.063781738281 995.856140136719 995.610656738281 996.753662109375 995.123168945312 995.372863769531 984.010986328125 992.438232421875 994.612487792969 1000.8076171875 1005.95391845703 1014.83660888672 1022.23052978516 1034.39416503906 1033.36572265625 1044.71618652344 1045.19348144531 1032.02978515625 1035.92578125 1036.32238769531 1030.79858398438 1039.68334960938 1046.12182617188 1042.9697265625 1029.62292480469 1013.24426269531
971.796264648438 978.564514160156 979.864196777344 986.302001953125 983.794128417969 990.210021972656 989.016357421875 981.955749511719 983.308288574219 984.58056640625 986.272583007812 974.774780273438 980.307006835938 988.404113769531 983.996398925781 979.625305175781 985.074340820312 991.056518554688 994.16015625 996.923767089844 993.135681152344 992.991760253906 987.853271484375 989.080871582031 988.673645019531 987.122375488281 982.083557128906 984.634765625 990.876403808594 994.678771972656 1002.17864990234 1016.69781494141 1017.94232177734 1032.01477050781 1033.3125 1044.27819824219 1041.19714355469 1038.40893554688 1036.529296875 1040.82336425781 1034.326171875 1039.86206054688 1044.04345703125 1043.58203125 1037.81225585938 1019.00476074219
978.178405761719 979.287719726562 986.166259765625 977.38232421875 976.862060546875 978.465209960938 985.43310546875 993.099914550781 985.237487792969 979.076232910156 976.784790039062 974.402709960938 970.805786132812 973.804321289062 978.108032226562 980.942993164062 977.444458007812 987.804382324219 995.452209472656 993.3388671875 991.493408203125 987.918579101562 987.185729980469 982.982421875 981.384460449219 983.658203125 985.134216308594 987.806030273438 995.339660644531 996.729370117188 1008.93310546875 1015.77355957031 1027.80859375 1022.03747558594 1030.03588867188 1041.74145507812 1038.95080566406 1037.30944824219 1037.30236816406 1038.89465332031 1033.9580078125 1039.95483398438 1042.11389160156 1044.40869140625 1041.95324707031 1031.17346191406
975.831298828125 981.784301757812 974.002075195312 972.641540527344 974.8203125 981.542419433594 980.088012695312 987.28076171875 986.336975097656 978.5380859375 970.254699707031 971.840759277344 967.135803222656 968.8115234375 973.378051757812 974.04736328125 974.247009277344 981.016418457031 984.723388671875 985.419677734375 982.645874023438 978.955871582031 980.1923828125 979.9970703125 983.621704101562 985.37109375 991.027648925781 1002.73449707031 1004.43646240234 996.893493652344 1008.78527832031 1014.50384521484 1023.90734863281 1038.14965820312 1039.10778808594 1041.55090332031 1046.07763671875 1031.1103515625 1031.00231933594 1043.78332519531 1038.59643554688 1035.66088867188 1038.83056640625 1042.84814453125 1033.70703125 1028.84899902344
982.566772460938 980.809875488281 985.398681640625 972.494201660156 977.021362304688 989.1630859375 982.385375976562 986.012329101562 987.508728027344 965.583862304688 960.015563964844 969.022888183594 969.080444335938 972.910583496094 969.764892578125 963.89306640625 973.322814941406 977.041137695312 977.322204589844 980.221923828125 979.207092285156 980.05126953125 978.38916015625 976.471923828125 989.577392578125 991.289672851562 999.480895996094 1007.25897216797 1003.36340332031 1012.94909667969 1013.09429931641 1022.22424316406 1027.4091796875 1032.60278320312 1031.7685546875 1039.681640625 1030.87634277344 1025.96166992188 1037.99987792969 1038.74328613281 1045.59545898438 1040.5712890625 1038.80395507812 1044.75598144531 1038.59350585938 1026.72509765625
973.512390136719 970.883361816406 977.072021484375 966.730163574219 976.706604003906 973.594665527344 983.765991210938 975.257385253906 979.371948242188 967.96240234375 962.3583984375 964.636535644531 971.461669921875 964.317260742188 972.153015136719 971.565002441406 965.075744628906 973.652282714844 969.881591796875 977.562683105469 973.471862792969 982.218444824219 979.473876953125 983.329284667969 988.041076660156 999.454467773438 1005.83746337891 1005.61242675781 1008.85345458984 1017.41955566406 1022.91931152344 1024.2744140625 1033.22692871094 1018.68872070312 1019.09075927734 1032.01025390625 1029.48693847656 1031.9775390625 1034.86535644531 1041.25476074219 1039.07165527344 1040.22631835938 1042.46508789062 1041.14428710938 1032.6640625 1024.29248046875
958.837585449219 955.555786132812 959.011596679688 961.851989746094 961.615173339844 962.927124023438 962.150512695312 970.921752929688 971.537292480469 967.331298828125 959.088745117188 962.828552246094 959.011291503906 957.208251953125 967.656372070312 972.168640136719 978.696350097656 979.128845214844 980.0361328125 969.926025390625 969.91943359375 969.582153320312 979.617004394531 986.727783203125 989.531127929688 996.551208496094 1004.23217773438 1010.80133056641 1012.43811035156 1014.4091796875 1019.39587402344 1025.81433105469 1028.35131835938 1025.87866210938 1022.25109863281 1030.54040527344 1029.11413574219 1033.0517578125 1033.36364746094 1032.75512695312 1041.74499511719 1033.20666503906 1042.93041992188 1042.80944824219 1042.65441894531 1029.10986328125
