data/zlatibor_dem_simulations/DEMsim47.asc
NCOLS 150
NROWS 100
XLLCORNER 7394249
YLLCORNER 4841999
CELLSIZE 30
NODATA_VALUE -9999
[rows 0 to 19 of 100, columns 92 to 137 of 150]
927.347473144531 912.645935058594 910.471069335938 903.820434570312 890.287048339844 892.174682617188 889.093566894531 882.799926757812 883.166381835938 869.744262695312 870.422729492188 858.776611328125 847.7109375 854.495971679688 849.717163085938 854.473449707031 849.613464355469 848.664672851562 846.029724121094 854.4638671875 865.576354980469 881.659912109375 890.034240722656 900.194274902344 905.276672363281 898.523315429688 913.412658691406 912.465270996094 918.074462890625 927.064697265625 933.621276855469 933.847412109375 945.517883300781 946.156066894531 954.929321289062 950.719848632812 958.043579101562 962.232604980469 972.791076660156 985.809448242188 996.3701171875 1006.49682617188 1007.63684082031 1019.64849853516 1035.22155761719 1051.30859375
924.459228515625 914.269104003906 907.676391601562 903.343383789062 892.867126464844 894.906494140625 885.705017089844 887.352172851562 874.51611328125 872.040649414062 873.895141601562 853.826599121094 853.007141113281 860.791870117188 856.565307617188 849.562683105469 854.403930664062 845.81689453125 848.952941894531 859.164428710938 871.499328613281 885.1591796875 899.339660644531 901.649475097656 903.985229492188 909.357971191406 911.160766601562 923.095520019531 919.316345214844 934.154968261719 942.354553222656 949.503295898438 950.865356445312 959.572448730469 953.758544921875 960.267700195312 962.099548339844 959.220764160156 968.827087402344 989.764831542969 1007.27032470703 1009.49987792969 1016.08990478516 1026.78002929688 1038.75158691406 1058.88403320312
925.47216796875 920.627563476562 905.423645019531 899.726989746094 896.403442382812 903.432861328125 889.254150390625 877.467163085938 878.008178710938 871.502685546875 862.5224609375 861.1845703125 857.377258300781 855.05615234375 867.799377441406 861.620361328125 868.951538085938 863.516174316406 865.708984375 867.931030273438 877.173645019531 884.343139648438 887.034912109375 895.003784179688 903.455383300781 900.06396484375 909.530639648438 912.957580566406 926.130859375 938.510314941406 940.070190429688 954.223876953125 954.2099609375 951.100646972656 959.875427246094 959.276062011719 968.218139648438 969.410827636719 982.900573730469 993.758544921875 1007.30383300781 1018.63366699219 1035.29138183594 1040.39306640625 1055.94177246094 1066.49279785156
923.8154296875 916.096984863281 909.951293945312 905.716857910156 900.783020019531 895.397033691406 889.657348632812 889.114135742188 884.61181640625 881.421142578125 872.531494140625 865.240600585938 867.908203125 858.350280761719 879.664978027344 876.731018066406 864.012512207031 863.604187011719 868.45263671875 874.113037109375 881.132263183594 880.638732910156 891.368713378906 890.609252929688 899.170349121094 900.455993652344 901.269104003906 915.283142089844 922.906616210938 935.717834472656 941.958129882812 952.889282226562 955.719787597656 955.675720214844 964.936828613281 964.423706054688 978.296203613281 974.488098144531 986.369689941406 999.838195800781 1005.33532714844 1020.54827880859 1034.17932128906 1049.34851074219 1061.32006835938 1063.18884277344
925.777648925781 920.678955078125 909.596618652344 901.850891113281 899.32666015625 897.372131347656 897.439086914062 898.02099609375 891.705871582031 885.008850097656 878.019409179688 868.229431152344 871.564147949219 873.627868652344 874.153381347656 876.648559570312 873.435668945312 881.097229003906 874.425659179688 871.789306640625 876.118896484375 885.984191894531 875.860229492188 889.92236328125 899.454162597656 909.121276855469 915.442687988281 918.019287109375 927.266479492188 936.482177734375 938.855895996094 946.0029296875 951.403381347656 945.800842285156 955.780639648438 961.0966796875 967.158447265625 977.622375488281 987.816955566406 998.449462890625 1011.86145019531 1025.27722167969 1035.14685058594 1051.07434082031 1067.88818359375 1078.3935546875
929.025939941406 918.007019042969 922.321655273438 918.008666992188 912.732055664062 899.194763183594 897.498229980469 890.357421875 884.066650390625 880.068054199219 873.285522460938 872.709350585938 871.4365234375 866.999694824219 881.3037109375 882.176208496094 884.631774902344 877.425354003906 876.218322753906 873.01513671875 884.304870605469 882.415100097656 891.106262207031 896.924621582031 902.180358886719 915.026062011719 927.479858398438 922.120727539062 931.142761230469 937.314575195312 934.481994628906 944.537048339844 946.209716796875 948.436462402344 955.683898925781 950.304016113281 965.351684570312 976.456298828125 989.701232910156 1003.43280029297 1012.74700927734 1028.07421875 1041.54235839844 1055.5439453125 1074.03491210938 1079.58264160156
931.009887695312 923.276428222656 924.297119140625 916.192565917969 912.330688476562 909.762023925781 904.180541992188 890.89208984375 881.202697753906 879.108093261719 886.51318359375 886.280395507812 877.891784667969 875.369201660156 880.098571777344 886.2119140625 885.718017578125 890.372375488281 882.848510742188 885.768005371094 878.330932617188 883.127075195312 889.86181640625 905.486999511719 906.152099609375 918.492919921875 930.911315917969 923.788635253906 927.290832519531 930.262756347656 933.929382324219 934.399169921875 942.111206054688 952.986450195312 950.066528320312 955.582397460938 961.324279785156 978.342468261719 988.140930175781 997.034057617188 1014.99108886719 1031.97607421875 1038.90051269531 1052.052734375 1067.16931152344 1082.4638671875
933.386169433594 928.946655273438 918.328247070312 913.089965820312 917.52294921875 918.865112304688 913.216064453125 899.6796875 888.377807617188 890.560180664062 898.02490234375 889.883483886719 879.604309082031 883.306640625 887.169372558594 891.605285644531 898.274719238281 901.773803710938 895.465637207031 893.327270507812 880.1806640625 889.982788085938 900.803283691406 909.177429199219 910.881225585938 914.153137207031 911.074890136719 928.678405761719 928.007751464844 942.646240234375 941.21044921875 937.744262695312 934.544860839844 949.646545410156 955.861267089844 961.304748535156 964.243774414062 977.028564453125 993.943786621094 1000.89855957031 1025.4208984375 1027.43688964844 1038.20568847656 1048.986328125 1068.73181152344 1074.10766601562
927.235229492188 919.486022949219 919.239135742188 908.488586425781 921.09326171875 913.443420410156 902.562438964844 899.127197265625 898.383239746094 890.383422851562 887.499694824219 894.382019042969 895.937072753906 896.229675292969 903.8349609375 910.038635253906 914.207336425781 910.219299316406 908.097839355469 895.72998046875 896.812561035156 904.495849609375 911.565795898438 919.518493652344 911.259216308594 918.172058105469 918.145202636719 929.622985839844 934.875793457031 940.609313964844 936.674255371094 944.27587890625 952.264587402344 953.733215332031 961.260314941406 961.119689941406 974.01123046875 975.231018066406 992.203002929688 1007.60858154297 1020.4833984375 1026.01086425781 1038.85290527344 1055.99987792969 1067.32629394531 1084.81811523438
917.150695800781 924.140380859375 920.945007324219 917.838806152344 917.841552734375 907.109313964844 902.566955566406 905.750732421875 911.159912109375 903.522094726562 896.5517578125 906.190063476562 896.271118164062 900.228576660156 909.515686035156 925.464782714844 916.187683105469 917.01416015625 905.880554199219 899.533447265625 905.291625976562 914.398864746094 923.31298828125 923.666198730469 915.169738769531 912.897399902344 926.920227050781 924.276123046875 934.751708984375 942.36767578125 948.0263671875 954.148254394531 958.3046875 968.429138183594 975.662841796875 971.993835449219 975.051635742188 984.05029296875 991.767700195312 1008.61584472656 1018.28338623047 1028.99768066406 1042.30200195312 1049.03540039062 1064.89025878906 1072.95458984375
926.996398925781 926.679077148438 923.918823242188 929.310607910156 921.736389160156 920.982849121094 911.390441894531 924.874694824219 917.985473632812 906.239379882812 913.093505859375 914.927551269531 920.869750976562 912.793762207031 919.719299316406 929.201293945312 928.499450683594 920.283508300781 916.082458496094 905.47607421875 916.844360351562 918.165710449219 922.158752441406 911.909729003906 910.331970214844 915.049743652344 916.412353515625 925.083374023438 934.342956542969 936.825988769531 949.87109375 963.817993164062 964.297424316406 967.134460449219 966.140441894531 981.113952636719 979.385559082031 994.882019042969 999.092956542969 1002.31433105469 1018.33221435547 1036.99609375 1045.40490722656 1046.521484375 1064.65661621094 1073.94274902344
937.649230957031 941.661376953125 931.820007324219 932.411437988281 925.785583496094 931.063354492188 928.778442382812 934.9140625 927.9951171875 928.365844726562 919.588684082031 923.673522949219 928.998596191406 927.838745117188 927.090454101562 934.421997070312 936.214904785156 929.742126464844 919.186218261719 913.3134765625 923.510864257812 931.641357421875 922.418701171875 911.3935546875 906.111999511719 911.47998046875 922.088012695312 922.924377441406 931.230224609375 942.945739746094 945.949768066406 951.229797363281 959.075317382812 957.366516113281 964.830139160156 978.885375976562 987.592041015625 993.536010742188 999.637451171875 1005.7373046875 1015.34857177734 1032.62072753906 1047.17492675781 1047.89318847656 1066.57348632812 1074.69702148438
942.854614257812 949.240051269531 944.632568359375 943.445922851562 946.750427246094 941.247436523438 934.235778808594 940.774536132812 939.590759277344 937.652099609375 934.2509765625 928.73046875 934.818664550781 931.248718261719 942.694152832031 942.431945800781 940.519653320312 937.841796875 929.689025878906 923.903015136719 934.125244140625 926.948974609375 917.643371582031 904.011840820312 905.570556640625 909.443969726562 917.467590332031 933.657836914062 943.679321289062 956.644958496094 948.347900390625 949.008728027344 961.979309082031 968.091491699219 974.207153320312 977.473449707031 993.645690917969 995.532470703125 1003.99426269531 1008.07550048828 1016.63037109375 1027.01428222656 1041.71936035156 1054.43249511719 1065.11511230469 1073.18481445312
945.337524414062 954.786315917969 951.195434570312 950.553405761719 952.394470214844 950.799621582031 937.746398925781 951.203063964844 950.374267578125 939.0693359375 947.784973144531 945.763977050781 941.766296386719 942.305480957031 954.181884765625 947.237182617188 956.744323730469 946.515197753906 941.480651855469 937.063720703125 932.135437011719 929.929626464844 920.575317382812 908.321472167969 899.038146972656 909.293823242188 918.775268554688 940.501037597656 950.344848632812 953.547912597656 960.2958984375 968.835632324219 968.12890625 973.466735839844 976.087219238281 995.076049804688 994.568725585938 1006.40057373047 1008.64190673828 1015.48541259766 1023.55010986328 1030.94580078125 1042.12048339844 1055.32067871094 1074.82409667969 1079.05944824219
941.547546386719 946.469055175781 955.94482421875 957.685302734375 961.58740234375 949.932006835938 946.886901855469 954.892700195312 959.426940917969 960.125244140625 957.714538574219 953.919006347656 946.208923339844 949.367004394531 955.548889160156 962.859008789062 974.914184570312 959.73193359375 945.693054199219 940.526489257812 936.5859375 925.87744140625 920.509521484375 917.408508300781 915.46728515625 915.891906738281 923.213684082031 943.067687988281 948.861389160156 961.022583007812 965.168701171875 966.511657714844 973.106262207031 980.884399414062 980.87060546875 992.812133789062 1001.31121826172 1007.74359130859 1007.48034667969 1010.02947998047 1025.04284667969 1032.7509765625 1043.884765625 1058.54675292969 1074.19116210938 1082.01293945312
941.969421386719 956.119689941406 963.587097167969 955.646667480469 961.233642578125 950.632202148438 959.095520019531 964.690307617188 970.57275390625 963.027282714844 960.236572265625 966.428039550781 969.305786132812 971.695434570312 965.508483886719 972.288757324219 976.031799316406 960.921203613281 956.8232421875 950.27294921875 938.892272949219 933.654541015625 922.769287109375 923.623229980469 920.317016601562 926.500671386719 928.387817382812 945.083312988281 953.171142578125 963.369018554688 973.019287109375 978.504028320312 983.848876953125 988.760070800781 995.063293457031 997.367614746094 1003.03436279297 1006.02362060547 1014.18786621094 1021.88854980469 1037.7099609375 1045.10131835938 1044.78686523438 1055.94250488281 1075.7529296875 1081.29833984375
955.734802246094 967.613647460938 971.029113769531 971.788208007812 959.8740234375 951.244140625 967.718811035156 976.930480957031 968.280334472656 970.409301757812 969.189147949219 985.067626953125 991.6708984375 981.57177734375 976.470336914062 968.31982421875 972.481750488281 968.044067382812 963.431396484375 953.275024414062 946.663818359375 940.927490234375 932.838134765625 936.206665039062 935.8603515625 929.722106933594 933.985046386719 944.858642578125 958.476013183594 965.363708496094 973.335021972656 982.028930664062 996.823547363281 996.353454589844 1000.68194580078 1005.05480957031 1002.58056640625 1004.18115234375 1022.43487548828 1030.55603027344 1044.04992675781 1044.52868652344 1045.3642578125 1060.03259277344 1070.24877929688 1081.01721191406
980.657836914062 983.651245117188 984.98974609375 972.825500488281 965.474548339844 958.546203613281 971.274047851562 971.41845703125 972.434509277344 970.659057617188 976.768432617188 986.333862304688 996.939208984375 993.140197753906 989.064636230469 979.022827148438 970.824462890625 974.802062988281 971.467163085938 961.870849609375 951.216674804688 946.484680175781 934.966918945312 932.784545898438 938.959533691406 940.78369140625 941.766540527344 944.213684082031 957.227111816406 961.165893554688 976.352905273438 989.3095703125 1004.09289550781 1004.15240478516 1009.15667724609 1012.42456054688 1005.45251464844 1009.75500488281 1012.60675048828 1028.50805664062 1035.19982910156 1042.50598144531 1058.38391113281 1053.0791015625 1070.78820800781 1076.44921875
973.222290039062 981.940002441406 982.0830078125 980.988037109375 972.104064941406 968.743225097656 970.954956054688 965.209899902344 968.552185058594 981.154968261719 985.635620117188 993.96728515625 1001.50262451172 993.50537109375 993.953369140625 993.938781738281 982.851928710938 977.650329589844 975.026123046875 957.04150390625 949.706176757812 935.314331054688 935.524475097656 943.017517089844 944.211730957031 933.946411132812 938.6396484375 949.750793457031 956.867248535156 972.238403320312 977.4228515625 997.528930664062 1004.56646728516 1007.7646484375 1010.513671875 1014.72204589844 1009.85003662109 1007.75311279297 1013.53649902344 1029.02209472656 1037.17236328125 1039.32141113281 1047.71667480469 1058.23657226562 1058.87023925781 1065.45129394531
980.123168945312 978.43408203125 990.648376464844 988.316528320312 974.537231445312 963.125244140625 971.087524414062 970.533569335938 977.555908203125 978.369689941406 984.409851074219 994.186584472656 995.695251464844 990.252624511719 987.23876953125 984.246887207031 982.593078613281 980.74462890625 967.710083007812 954.646484375 939.320983886719 943.235717773438 933.055969238281 937.907531738281 945.114074707031 940.538208007812 940.838623046875 946.846496582031 959.154052734375 972.681945800781 987.262878417969 999.519226074219 1003.23327636719 1011.82507324219 1008.07189941406 1022.92810058594 1015.74694824219 1013.18188476562 1018.12164306641 1039.67578125 1042.10632324219 1050.45654296875 1059.48718261719 1058.92663574219 1071.244140625 1064.44140625
