data/zlatibor_dem_simulations/DEMsim78 (1).asc
NCOLS 150
NROWS 100
XLLCORNER 7394249
YLLCORNER 4841999
CELLSIZE 30
NODATA_VALUE -9999
[rows 20 to 39 of 100, columns 46 to 91 of 150]
1015.96252441406 1014.92120361328 1011.89093017578 1005.59869384766 1002.80242919922 1000.43292236328 1007.04724121094 1008.90344238281 1009.01940917969 1009.88824462891 1009.08020019531 1007.02380371094 1018.88482666016 1027.22778320312 1022.74285888672 1013.62768554688 1013.76800537109 1016.24432373047 1021.23052978516 1027.21081542969 1028.24194335938 1023.07110595703 1021.10815429688 1025.14428710938 1018.49285888672 1020.30407714844 1018.59191894531 1023.52624511719 1030.25512695312 1032.34265136719 1022.13287353516 1018.96118164062 1018.74090576172 1017.84057617188 1022.51025390625 1023.78497314453 1017.15814208984 1020.07177734375 1018.28948974609 1003.92822265625 999.314575195312 992.609008789062 999.956726074219 997.571166992188 1007.89617919922 1004.14971923828
998.5908203125 1004.42364501953 1017.76751708984 1008.69659423828 1001.56817626953 1009.48291015625 1011.35076904297 1011.57958984375 1010.61547851562 1009.97930908203 1015.51165771484 1012.02319335938 1013.82879638672 1019.78637695312 1018.01135253906 1018.81604003906 1013.16961669922 1014.65002441406 1020.53619384766 1027.93481445312 1021.20318603516 1019.76477050781 1017.03564453125 1023.16967773438 1017.26391601562 1019.02319335938 1013.59747314453 1019.61560058594 1020.19836425781 1016.677734375 1012.8662109375 1014.07385253906 1022.81842041016 1020.09216308594 1013.81097412109 1020.50384521484 1016.66577148438 1024.80883789062 1008.38061523438 999.303771972656 999.345764160156 995.811340332031 1002.14593505859 1007.31384277344 1007.66491699219 1003.57000732422
997.458129882812 1004.13592529297 1012.71545410156 1008.97705078125 1001.45062255859 1003.19519042969 1005.34649658203 1001.27655029297 1002.80871582031 1004.41497802734 1007.59545898438 1013.62786865234 1010.15734863281 1006.50726318359 1005.89434814453 1009.45666503906 1013.74578857422 1012.28857421875 1021.32604980469 1015.48034667969 1019.94360351562 1016.28900146484 1019.30853271484 1020.27490234375 1017.84832763672 1014.39172363281 1018.02404785156 1016.70153808594 1013.48382568359 1010.43157958984 1022.10626220703 1011.55688476562 1013.638671875 1010.17071533203 1016.09936523438 1015.43695068359 1014.87902832031 1014.69543457031 1015.45422363281 1008.53570556641 1006.12670898438 1005.65423583984 1009.20440673828 1009.08050537109 1009.86950683594 1007.09112548828
998.056213378906 1002.03131103516 1000.25170898438 998.022888183594 1001.98059082031 996.459045410156 992.382385253906 990.278137207031 992.480773925781 997.999572753906 1009.40832519531 1017.24926757812 1003.65222167969 1006.19158935547 999.757873535156 1002.56018066406 1001.89270019531 1010.16003417969 1014.02661132812 1015.96380615234 1016.48773193359 1022.48101806641 1020.40557861328 1015.96118164062 1017.78326416016 1011.62872314453 1014.35437011719 1016.39862060547 1013.03997802734 1010.06378173828 1009.1787109375 1008.16326904297 1010.59094238281 1009.78344726562 1016.89617919922 1012.31842041016 1011.90380859375 999.872619628906 1010.98211669922 1013.98999023438 1011.8671875 1009.01104736328 1007.77471923828 1017.65887451172 1017.08551025391 1019.25067138672
999.08642578125 997.67431640625 1000.63836669922 995.8408203125 988.0390625 981.385986328125 987.017944335938 990.011108398438 989.614685058594 997.55908203125 1008.11743164062 1010.84692382812 1001.90478515625 998.10693359375 1000.01409912109 998.089538574219 992.176025390625 1004.52960205078 1015.37335205078 1021.26409912109 1018.01159667969 1020.09375 1022.08837890625 1013.96990966797 1013.25860595703 1009.21063232422 1009.88598632812 1007.64471435547 1007.35211181641 1007.68511962891 1002.68475341797 1000.02136230469 1004.84692382812 1007.65753173828 1003.66729736328 1004.07800292969 995.92724609375 998.054382324219 1013.56628417969 1012.01098632812 1014.94604492188 1013.84808349609 1014.24108886719 1017.12786865234 1022.68719482422 1024.81518554688
1003.66271972656 1006.11999511719 998.423217773438 989.592163085938 986.608825683594 974.972900390625 979.337951660156 981.946716308594 990.747863769531 1002.87518310547 1006.38732910156 1001.10803222656 996.117309570312 984.318664550781 993.173583984375 986.307922363281 993.821350097656 1002.92828369141 1005.90838623047 1017.9912109375 1017.50128173828 1015.46795654297 1021.44665527344 1014.21081542969 998.396545410156 1007.69915771484 1011.27130126953 1010.77825927734 1005.87030029297 997.081787109375 999.833557128906 1000.56085205078 998.091918945312 998.568481445312 1003.16912841797 999.556945800781 991.500061035156 998.494018554688 1008.26800537109 1007.86096191406 1020.13525390625 1010.59606933594 1021.93988037109 1017.11242675781 1024.63781738281 1032.28552246094
1003.89794921875 1004.07568359375 1003.00598144531 994.174499511719 984.830444335938 975.448059082031 983.464965820312 985.945922851562 991.403991699219 994.49365234375 989.143920898438 992.487182617188 990.132629394531 984.367126464844 995.340576171875 984.100036621094 1000.45794677734 996.437194824219 1005.83148193359 1009.55407714844 1013.90423583984 1013.43792724609 1021.80657958984 1025.91479492188 1012.77722167969 1007.16009521484 1008.97412109375 996.962158203125 997.552856445312 997.033996582031 990.558532714844 990.294494628906 995.472839355469 997.309509277344 997.269165039062 1003.20281982422 991.236511230469 993.068237304688 1004.34332275391 1005.87176513672 1007.99688720703 1011.91040039062 1024.62866210938 1036.00537109375 1032.22119140625 1030.80395507812
995.326599121094 1002.45959472656 1004.40179443359 1005.07391357422 995.344055175781 985.084350585938 985.206909179688 976.154174804688 983.287170410156 994.876098632812 989.42236328125 984.473510742188 987.009643554688 983.248352050781 985.577880859375 991.0380859375 993.723266601562 995.600158691406 997.93359375 1004.20617675781 1020.01422119141 1013.4931640625 1008.47247314453 1018.0439453125 1012.474609375 1010.91125488281 999.205139160156 995.759216308594 1001.37731933594 995.434020996094 995.365173339844 990.240600585938 991.776000976562 994.1181640625 997.746154785156 996.940856933594 995.434387207031 995.290344238281 1006.7041015625 1006.65979003906 999.059936523438 1016.76806640625 1021.41003417969 1035.99450683594 1030.9248046875 1024.7607421875
988.579772949219 992.476501464844 1000.35302734375 1010.86297607422 994.672607421875 991.436462402344 984.141906738281 979.715698242188 975.436645507812 991.792785644531 979.023620605469 975.412109375 973.624206542969 978.47412109375 982.768981933594 993.775207519531 995.961608886719 997.173767089844 987.708801269531 992.677368164062 1010.42816162109 1009.78289794922 1010.31140136719 1007.85430908203 1010.88470458984 1016.13696289062 1002.65222167969 991.740356445312 995.540344238281 988.363525390625 995.587829589844 994.775146484375 996.590515136719 996.534240722656 998.84521484375 995.688720703125 992.573913574219 990.876037597656 1001.91711425781 996.385498046875 1005.55145263672 1011.90753173828 1015.05578613281 1024.52856445312 1030.42468261719 1029.80456542969
994.127685546875 989.132751464844 992.678955078125 996.140930175781 1000.34332275391 988.094360351562 986.416809082031 977.501770019531 976.7724609375 992.257202148438 991.238159179688 982.278381347656 971.047607421875 976.801330566406 985.935546875 992.300170898438 992.535888671875 985.6552734375 979.638793945312 994.269714355469 1001.79949951172 1006.54919433594 1009.36163330078 1012.15100097656 1012.52154541016 1019.46868896484 1004.47625732422 995.165649414062 990.127258300781 992.464477539062 993.890075683594 993.151794433594 997.004211425781 1005.13879394531 996.287231445312 991.836975097656 988.564270019531 996.532409667969 992.119750976562 995.247619628906 1003.83520507812 1012.8017578125 1021.43981933594 1021.47906494141 1029.775390625 1018.90667724609
990.1640625 984.47021484375 991.287109375 997.253540039062 1003.02209472656 984.491088867188 984.799255371094 973.251647949219 981.003295898438 979.632141113281 989.656616210938 990.018310546875 979.523986816406 977.503051757812 983.677368164062 997.446594238281 990.302307128906 986.397399902344 984.118041992188 985.147644042969 997.914794921875 1004.66265869141 999.84326171875 1007.69665527344 1014.181640625 1015.41326904297 1003.88500976562 994.3759765625 1003.07440185547 997.197570800781 989.488647460938 986.861999511719 990.629516601562 997.425231933594 988.091064453125 987.09130859375 991.4169921875 990.024841308594 986.288696289062 993.025512695312 1004.46966552734 1018.15991210938 1016.72613525391 1014.06726074219 1017.60601806641 1022.52984619141
989.892944335938 968.791442871094 980.208312988281 985.159545898438 997.911193847656 984.592102050781 979.384338378906 977.852600097656 980.115051269531 987.2587890625 987.824890136719 992.2578125 982.1748046875 986.809020996094 995.548706054688 993.650390625 1003.12316894531 997.083312988281 997.4140625 994.960083007812 996.393432617188 998.415283203125 994.558837890625 1003.23181152344 1005.17578125 1002.29528808594 1000.13110351562 995.302612304688 991.060485839844 993.856750488281 985.671020507812 986.012634277344 992.206909179688 995.176940917969 988.605224609375 990.686645507812 997.205505371094 988.977722167969 986.045776367188 988.888610839844 996.193603515625 1008.98742675781 1007.93231201172 1022.72271728516 1025.71520996094 1017.97326660156
981.668579101562 977.268432617188 990.362182617188 988.298645019531 989.46923828125 978.568542480469 987.039855957031 981.296142578125 985.798889160156 984.654541015625 990.109619140625 989.061218261719 979.915283203125 989.946411132812 992.129455566406 988.313842773438 984.499389648438 998.530578613281 998.175842285156 989.982421875 998.37158203125 989.703735351562 991.148132324219 992.383117675781 991.942687988281 988.452880859375 990.432922363281 985.758666992188 989.718078613281 986.181396484375 991.61962890625 992.062927246094 998.108215332031 994.893920898438 987.817443847656 996.032775878906 990.803771972656 992.6943359375 995.335632324219 996.148071289062 998.325805664062 1002.35955810547 1001.50646972656 1005.75543212891 1010.83654785156 1019.22680664062
985.723205566406 984.865417480469 982.502624511719 986.282653808594 976.192443847656 982.318298339844 982.949829101562 985.811462402344 977.726318359375 990.037780761719 979.268798828125 983.290405273438 981.198425292969 988.934936523438 988.562927246094 994.60498046875 992.090576171875 1001.93585205078 992.118103027344 980.457702636719 983.162353515625 980.176025390625 975.038635253906 981.555969238281 991.119445800781 994.338989257812 988.730041503906 989.988159179688 988.483764648438 991.056640625 994.745361328125 987.472534179688 990.567077636719 988.561279296875 987.850708007812 997.421203613281 995.9677734375 999.159851074219 1003.68188476562 998.194580078125 990.939880371094 1004.56475830078 996.582641601562 997.178527832031 1004.46276855469 1012.82574462891
987.732421875 982.659545898438 980.362915039062 980.625671386719 973.293701171875 974.147766113281 976.542358398438 980.778198242188 970.313842773438 987.030151367188 981.171569824219 975.445190429688 974.227661132812 991.295471191406 991.268920898438 992.287109375 992.535461425781 996.569946289062 989.435913085938 978.789733886719 978.682312011719 980.489807128906 971.5634765625 978.586303710938 990.199890136719 993.55078125 992.068664550781 979.892211914062 988.859802246094 989.719177246094 989.929809570312 985.545532226562 981.007202148438 987.570068359375 992.810302734375 999.679504394531 996.672912597656 1002.65277099609 998.374694824219 1001.56530761719 998.084289550781 988.513793945312 991.456481933594 1006.27691650391 1013.17498779297 1014.59344482422
984.204162597656 983.999877929688 972.71533203125 978.493835449219 978.026428222656 970.216735839844 975.092895507812 974.998413085938 978.746398925781 980.645324707031 981.28173828125 978.379638671875 992.946655273438 987.9052734375 990.099365234375 983.711853027344 998.030883789062 993.015991210938 987.409423828125 987.199096679688 989.725891113281 990.6123046875 982.503112792969 975.626831054688 984.171203613281 991.871154785156 990.00537109375 971.487976074219 981.689758300781 983.439758300781 988.678466796875 992.315490722656 986.530395507812 990.848571777344 995.599731445312 993.298522949219 994.681091308594 998.980407714844 998.073059082031 1006.96807861328 1000.03155517578 984.888977050781 998.212463378906 1000.10021972656 1011.49847412109 1016.26794433594
983.499755859375 978.070495605469 976.322448730469 975.318176269531 976.715637207031 964.843078613281 964.281005859375 971.286071777344 974.590576171875 969.167114257812 970.530822753906 979.447631835938 984.044250488281 993.861633300781 986.719665527344 985.08740234375 983.711181640625 983.075500488281 992.526550292969 992.610534667969 992.693237304688 987.717956542969 978.835510253906 972.910095214844 985.051696777344 981.355102539062 980.794189453125 969.853759765625 980.213073730469 982.269592285156 993.411315917969 988.949890136719 997.645568847656 989.405334472656 995.822326660156 989.990478515625 990.71875 999.683410644531 1013.54577636719 1013.09533691406 1006.79565429688 994.751647949219 1002.88891601562 1008.63256835938 1008.79174804688 1015.99298095703
980.681030273438 982.679870605469 976.457458496094 973.430969238281 969.23193359375 967.275329589844 970.370056152344 968.040405273438 964.016662597656 964.121337890625 969.714233398438 973.752319335938 985.523376464844 991.301208496094 987.283325195312 984.960998535156 993.839538574219 983.934936523438 982.848571777344 994.2587890625 985.300231933594 991.885498046875 986.590270996094 978.359619140625 977.072143554688 973.814392089844 974.905883789062 965.866760253906 983.81640625 979.595031738281 979.90478515625 985.995178222656 988.514587402344 998.678833007812 994.376770019531 996.556335449219 997.273376464844 1002.60760498047 1008.78186035156 1009.33087158203 1001.03576660156 998.925964355469 996.875427246094 1001.79571533203 1008.39312744141 1015.32446289062
978.017028808594 973.717529296875 971.835266113281 977.152160644531 981.062744140625 975.154357910156 964.387512207031 963.530578613281 957.576477050781 962.042541503906 964.993835449219 984.008178710938 989.840576171875 992.130310058594 989.903015136719 984.010375976562 980.713684082031 994.790588378906 981.619262695312 991.115417480469 986.108581542969 990.076171875 988.691589355469 989.518920898438 984.959228515625 975.512573242188 974.84716796875 979.845520019531 971.507751464844 976.958129882812 978.23388671875 984.538513183594 990.156066894531 995.082946777344 996.766296386719 997.916809082031 995.527709960938 1000.46649169922 1005.08294677734 1010.86962890625 1003.21447753906 998.036682128906 995.599548339844 996.755493164062 997.034973144531 1007.23309326172
973.264465332031 967.917053222656 970.417297363281 983.110473632812 983.0791015625 971.250854492188 966.615051269531 964.961669921875 965.293334960938 960.929077148438 968.905944824219 982.413208007812 991.233337402344 986.153686523438 983.184997558594 986.955383300781 978.349426269531 987.525451660156 989.633361816406 984.271118164062 987.718566894531 986.87353515625 982.032897949219 984.690734863281 987.459228515625 984.98291015625 971.981567382812 975.309020996094 976.709167480469 975.478881835938 976.478942871094 980.92724609375 987.501770019531 987.499755859375 987.924743652344 987.419189453125 981.957641601562 993.205627441406 999.470764160156 998.438537597656 998.941955566406 989.859375 990.032836914062 997.234497070312 999.6015625 990.229919433594
