data/zlatibor_dem_simulations/DEMsim71.asc
NCOLS 150
NROWS 100
XLLCORNER 7394249
YLLCORNER 4841999
CELLSIZE 30
NODATA_VALUE -9999
[rows 20 to 39 of 100, columns 46 to 91 of 150]
1017.59423828125 1013.35015869141 1004.59497070312 1003.99096679688 1005.19555664062 999.262268066406 990.880798339844 992.919006347656 998.669677734375 999.6064453125 995.481872558594 1002.87786865234 1009.37683105469 1006.13055419922 1009.66320800781 1007.59106445312 1016.49353027344 1019.37237548828 1016.79577636719 1012.15515136719 1018.46942138672 1025.84838867188 1020.54077148438 1026.65185546875 1034.98571777344 1029.73059082031 1018.04040527344 1021.39831542969 1013.35620117188 1015.22271728516 1015.39862060547 1007.87463378906 1015.73114013672 1024.62487792969 1024.82958984375 1023.05865478516 1017.75592041016 1019.61315917969 1022.66900634766 1011.69323730469 1005.89898681641 998.521240234375 994.773498535156 995.004699707031 991.890014648438 997.924133300781
1019.09533691406 1008.98089599609 1000.81567382812 997.248596191406 1003.52600097656 995.051635742188 994.813171386719 1002.36022949219 997.381774902344 1002.50018310547 1002.96130371094 1008.20513916016 1011.5791015625 1008.74078369141 1010.31427001953 1006.65545654297 1021.83441162109 1019.87860107422 1025.39270019531 1017.26629638672 1018.18536376953 1013.45355224609 1010.65460205078 1028.36706542969 1031.95910644531 1029.77124023438 1021.93054199219 1018.29107666016 1005.80108642578 1016.39483642578 1015.59790039062 1013.57568359375 1015.5302734375 1009.68011474609 1015.41577148438 1015.02783203125 1012.55267333984 1018.77996826172 1016.63726806641 1017.91369628906 1014.47204589844 1000.46875 997.136291503906 1000.42681884766 1008.09814453125 1008.74285888672
1010.98565673828 1009.35974121094 991.557312011719 994.36474609375 989.240783691406 996.888854980469 995.317749023438 986.837219238281 994.50439453125 1000.28686523438 997.860412597656 1001.9033203125 1004.64703369141 1009.13598632812 1010.37908935547 1014.36187744141 1014.23345947266 1017.61383056641 1015.9560546875 1019.59320068359 1020.16546630859 1017.42724609375 1011.96813964844 1020.66809082031 1023.74407958984 1017.16448974609 1013.94183349609 1019.32098388672 1015.70184326172 1010.70715332031 1015.1513671875 1015.44311523438 1014.26782226562 1010.19616699219 1013.92242431641 1004.71990966797 1007.62847900391 1003.41632080078 1010.51611328125 1005.87194824219 1009.60913085938 1010.51586914062 1005.12487792969 1015.8203125 1018.27368164062 1024.66491699219
1005.11328125 1003.60369873047 995.328002929688 991.321899414062 993.918701171875 998.994873046875 995.55419921875 992.79443359375 997.738708496094 998.364013671875 1003.19213867188 1000.53582763672 1001.30749511719 1004.05517578125 1008.50805664062 1020.36138916016 1016.33709716797 1019.87579345703 1019.20831298828 1020.55578613281 1028.05981445312 1022.18634033203 1020.14208984375 1008.86511230469 1014.35406494141 1017.71807861328 1012.75213623047 1015.98028564453 1014.55999755859 1010.07403564453 1001.97705078125 1010.93395996094 1001.79113769531 1004.49792480469 999.803161621094 993.417846679688 997.202392578125 1000.05426025391 1003.71374511719 997.197387695312 1012.30328369141 1008.75140380859 1010.91979980469 1014.87396240234 1011.85528564453 1022.28057861328
999.004821777344 1001.48254394531 994.417236328125 992.704162597656 986.505004882812 987.189331054688 985.846740722656 994.333435058594 993.326721191406 1000.07843017578 1003.36999511719 1012.65698242188 1006.56158447266 1013.18615722656 1015.1455078125 1020.19909667969 1018.93188476562 1012.16821289062 1011.86297607422 1014.76940917969 1017.7939453125 1021.95281982422 1016.92449951172 1009.22991943359 1006.25665283203 999.9697265625 1004.89764404297 1009.47802734375 1007.21630859375 1006.375 1005.20227050781 1002.53588867188 994.195739746094 997.005737304688 992.132995605469 992.249816894531 999.384948730469 1002.46655273438 1001.57550048828 1007.14343261719 1004.08825683594 1010.25860595703 1015.38128662109 1020.38781738281 1010.97845458984 1015.74694824219
998.883056640625 1004.20281982422 994.108154296875 991.474365234375 988.681701660156 983.584533691406 990.706359863281 990.62548828125 996.263610839844 999.81982421875 1001.24554443359 1006.12152099609 1009.22265625 1013.2705078125 1016.58026123047 1017.98870849609 1012.27062988281 1008.2568359375 1000.36163330078 1008.74670410156 1012.94226074219 1015.05200195312 1016.30047607422 1009.48559570312 995.243774414062 998.941528320312 1001.47100830078 1003.29693603516 1003.84826660156 1002.18920898438 1003.27014160156 995.012634277344 989.387451171875 996.136657714844 991.643127441406 999.607421875 995.703430175781 1001.23205566406 1006.93389892578 1011.6318359375 1010.42736816406 1016.98315429688 1007.32122802734 1014.74096679688 1011.12542724609 1015.90228271484
999.175048828125 990.981689453125 990.942626953125 985.333740234375 985.812622070312 985.98486328125 991.556030273438 992.001892089844 990.320007324219 1003.00463867188 1000.99212646484 1003.203125 1007.40130615234 1008.80810546875 1019.12591552734 1022.67657470703 1010.98999023438 1008.49951171875 1010.69470214844 1002.10131835938 1013.94573974609 1011.35144042969 1014.06994628906 1001.14080810547 1001.78234863281 1001.20251464844 999.738342285156 996.228881835938 1001.65203857422 1000.28131103516 996.392700195312 1004.57757568359 998.982055664062 998.151611328125 993.521179199219 992.913757324219 993.456176757812 984.675720214844 1007.00506591797 1007.88439941406 1006.42700195312 1013.68792724609 1016.45867919922 1015.35614013672 1016.54254150391 1020.24279785156
997.833129882812 993.076904296875 993.562927246094 989.916625976562 981.300048828125 981.995361328125 985.091247558594 989.090026855469 993.391357421875 1000.24346923828 996.946594238281 1000.13623046875 997.117126464844 996.635864257812 1006.34002685547 1010.79357910156 1007.681640625 1004.17132568359 1006.58056640625 998.008422851562 1008.62127685547 1009.44677734375 1009.55163574219 1007.76947021484 999.018127441406 998.65869140625 996.67724609375 998.686279296875 1004.25531005859 995.783020019531 991.652893066406 1001.35766601562 1000.53796386719 999.347290039062 996.017395019531 992.437561035156 984.619018554688 990.82666015625 1001.58831787109 1004.42462158203 1018.86840820312 1016.16644287109 1022.11254882812 1017.39532470703 1012.37121582031 1015.09252929688
1002.39508056641 994.889099121094 992.049072265625 988.544616699219 983.202209472656 983.809204101562 979.51611328125 981.341674804688 988.597473144531 993.430236816406 988.710510253906 992.747863769531 993.892333984375 994.555969238281 1000.68096923828 1009.97814941406 1010.43975830078 1008.31671142578 1007.11322021484 1005.35247802734 1001.05010986328 998.104187011719 1004.86108398438 1009.45880126953 997.068420410156 999.074645996094 998.789978027344 993.519165039062 998.272827148438 997.010986328125 995.195007324219 989.80517578125 993.396850585938 991.992614746094 998.794616699219 988.634521484375 994.141296386719 994.180053710938 998.353759765625 1003.18109130859 1007.73297119141 1021.73059082031 1025.11865234375 1031.36450195312 1026.37805175781 1017.32556152344
997.172302246094 987.4013671875 990.047302246094 987.395263671875 989.683959960938 986.394226074219 989.107727050781 982.855407714844 988.105773925781 988.868347167969 982.051452636719 994.500854492188 985.285705566406 992.786682128906 998.478393554688 1005.16064453125 1004.50537109375 1002.24395751953 1002.17578125 997.607055664062 997.905517578125 993.019287109375 1000.75250244141 994.334228515625 990.990783691406 1000.15991210938 1007.39849853516 1003.59002685547 995.035400390625 998.538452148438 983.992858886719 987.173889160156 993.321105957031 990.989135742188 990.400756835938 997.005676269531 1000.88665771484 998.733764648438 992.803588867188 998.556701660156 1007.14660644531 1009.17907714844 1007.57727050781 1023.70513916016 1028.38830566406 1019.44213867188
990.615051269531 981.798400878906 986.799194335938 991.994201660156 982.155090332031 982.699951171875 974.500854492188 982.412780761719 983.8125 985.864074707031 990.486877441406 993.152160644531 993.182556152344 997.145935058594 987.832946777344 991.537902832031 994.099365234375 994.457397460938 992.838500976562 997.1796875 992.175048828125 997.677185058594 993.542358398438 991.294616699219 1000.92272949219 1005.52838134766 1006.95220947266 1014.17901611328 1006.82220458984 999.595825195312 995.1396484375 997.179382324219 999.73583984375 1005.46405029297 993.06396484375 994.613464355469 998.901062011719 1002.00506591797 1004.86010742188 993.986145019531 1003.61437988281 1005.55633544922 1010.14343261719 1019.30645751953 1014.00463867188 1011.99072265625
986.466979980469 984.453186035156 987.027099609375 984.543029785156 977.009521484375 977.287475585938 979.479858398438 982.118041992188 986.410766601562 983.133911132812 985.92041015625 988.287658691406 987.472534179688 986.934997558594 990.951599121094 991.718444824219 986.692932128906 995.690490722656 992.888305664062 990.902160644531 993.512634277344 993.012451171875 991.625671386719 996.757263183594 996.775695800781 1000.81262207031 1002.70629882812 1003.6220703125 1010.22930908203 1007.10858154297 993.111450195312 1001.15386962891 1000.97369384766 999.847717285156 991.818786621094 992.283874511719 992.465881347656 998.315673828125 1001.23718261719 1004.20501708984 999.1611328125 1002.70001220703 1012.0107421875 1016.21240234375 1012.17755126953 1015.45788574219
987.932434082031 979.979125976562 995.595764160156 991.273071289062 983.889099121094 976.903503417969 975.346374511719 980.875061035156 984.431884765625 978.323608398438 982.759582519531 984.640991210938 985.889953613281 984.867858886719 988.277954101562 983.032958984375 986.410522460938 989.588989257812 987.778198242188 993.433349609375 988.849670410156 990.369934082031 985.133850097656 983.116455078125 986.814453125 994.253723144531 991.711181640625 997.414184570312 1004.82263183594 999.338928222656 1007.74603271484 1005.56854248047 1004.43890380859 1002.55352783203 989.59765625 988.747375488281 990.314880371094 999.800231933594 1007.74749755859 1007.81506347656 1006.84582519531 1004.16033935547 1006.69641113281 1013.78747558594 1012.67004394531 1011.57159423828
979.907592773438 977.081909179688 983.810180664062 979.053405761719 980.764770507812 973.196044921875 976.617858886719 981.132263183594 977.7236328125 969.836669921875 979.520874023438 975.580444335938 984.178161621094 979.40771484375 982.962707519531 979.464721679688 989.945861816406 990.683166503906 988.842651367188 991.053833007812 995.34326171875 993.690979003906 988.987426757812 985.619384765625 979.787109375 987.677795410156 998.158508300781 999.348327636719 999.160278320312 995.171752929688 996.883972167969 1003.69647216797 998.802490234375 997.6611328125 999.527587890625 1001.53375244141 990.783264160156 988.205871582031 998.268676757812 1010.39166259766 1010.40625 1006.65661621094 1008.14703369141 1006.62084960938 1012.35144042969 1008.11029052734
982.128662109375 970.749694824219 979.719848632812 979.709716796875 977.477416992188 971.591186523438 970.76611328125 971.42724609375 976.747802734375 978.504089355469 973.046875 972.809265136719 982.29248046875 975.106323242188 984.252136230469 986.083251953125 990.805480957031 996.95703125 990.470458984375 994.586120605469 997.006713867188 988.57470703125 990.609985351562 992.0283203125 989.823852539062 993.962341308594 1005.55285644531 989.531311035156 987.628601074219 988.54150390625 992.04931640625 994.868591308594 1000.35388183594 994.250549316406 996.860290527344 996.02685546875 994.025146484375 994.016784667969 999.529052734375 1015.96392822266 1019.81610107422 1010.62652587891 1007.96185302734 1007.30212402344 1009.21520996094 1004.06665039062
978.927551269531 975.464294433594 980.5498046875 982.066284179688 982.337707519531 979.222534179688 981.48876953125 977.959106445312 969.905456542969 975.849609375 968.845825195312 978.370422363281 979.432556152344 980.286926269531 978.734191894531 983.643859863281 988.309631347656 981.252075195312 995.223205566406 991.274108886719 996.065002441406 989.885864257812 989.792663574219 988.620178222656 995.099487304688 990.580383300781 988.628662109375 988.025207519531 983.152893066406 975.736877441406 987.626953125 991.00244140625 982.391723632812 987.964172363281 993.853637695312 1000.63684082031 1000.71484375 1004.89221191406 1004.65270996094 1004.96362304688 1011.97253417969 1012.01538085938 1008.43414306641 1005.39532470703 1007.32104492188 1009.22540283203
978.357299804688 986.988952636719 978.255310058594 980.488647460938 988.957946777344 983.268371582031 978.57421875 975.831665039062 975.016357421875 972.719299316406 977.894775390625 976.10693359375 980.068603515625 988.760375976562 984.661804199219 981.251403808594 973.250854492188 978.43798828125 989.755676269531 987.162536621094 985.067443847656 989.000061035156 990.274963378906 986.3291015625 986.944946289062 983.08154296875 985.330078125 990.15087890625 980.711120605469 982.105346679688 982.966674804688 978.022216796875 979.853698730469 979.60791015625 985.016235351562 993.018005371094 1001.35803222656 996.951293945312 998.672607421875 1004.78985595703 1009.58184814453 1005.26672363281 1006.39953613281 1006.01312255859 1006.84985351562 1001.26263427734
973.804443359375 976.4677734375 976.263366699219 977.594299316406 973.818237304688 983.212646484375 977.599609375 974.997009277344 969.307373046875 975.544250488281 973.927673339844 971.770324707031 983.579956054688 987.305053710938 992.262878417969 985.187194824219 975.472839355469 989.980163574219 985.804565429688 983.479309082031 982.05224609375 974.697387695312 979.699951171875 984.013305664062 974.445190429688 977.3720703125 983.309143066406 978.590393066406 978.865234375 980.4404296875 978.669250488281 980.490783691406 977.647888183594 978.233032226562 976.414916992188 987.985961914062 1000.27020263672 999.15234375 991.840270996094 1002.17572021484 1007.29754638672 1006.50079345703 1005.13616943359 1005.63568115234 1007.67352294922 1005.47485351562
974.13525390625 973.831298828125 975.566772460938 971.187194824219 981.120971679688 978.300903320312 975.565185546875 967.973388671875 970.225769042969 967.353210449219 978.435668945312 979.6279296875 990.406372070312 986.94482421875 981.19580078125 983.742858886719 981.665405273438 989.700622558594 979.343078613281 971.501953125 965.434692382812 963.618896484375 975.363037109375 982.638244628906 984.305603027344 974.215576171875 976.306457519531 975.251220703125 971.812561035156 984.042053222656 990.111633300781 983.309997558594 975.814147949219 977.729431152344 982.027160644531 983.9541015625 990.289001464844 991.045593261719 987.612609863281 993.804504394531 997.47705078125 999.401916503906 1007.20397949219 1009.81921386719 1015.25897216797 1004.66418457031
972.282897949219 974.587097167969 966.534790039062 963.242248535156 968.865905761719 970.401977539062 972.17431640625 972.181396484375 967.198120117188 965.117065429688 973.550354003906 986.484008789062 988.414855957031 982.817626953125 978.337097167969 985.02880859375 983.298095703125 983.670776367188 974.964294433594 972.570007324219 968.958129882812 963.663208007812 982.239440917969 980.538940429688 977.799560546875 979.107421875 982.611083984375 969.084655761719 971.050170898438 974.137756347656 988.073486328125 986.189819335938 971.832092285156 977.0556640625 978.913879394531 986.56103515625 981.380859375 988.646911621094 995.788940429688 990.349670410156 991.9443359375 997.985229492188 999.344055175781 999.044616699219 1005.91436767578 1003.14562988281
