data/zlatibor_dem_simulations/DEMsim21.asc
NCOLS 150
NROWS 100
XLLCORNER 7394249
YLLCORNER 4841999
CELLSIZE 30
NODATA_VALUE -9999
[rows 60 to 79 of 100, columns 0 to 45 of 150]
973.146362304688 968.702209472656 961.255310058594 959.851501464844 965.155883789062 967.976013183594 975.27197265625 977.510314941406 975.947265625 959.86669921875 956.889770507812 952.653259277344 960.397521972656 951.116638183594 955.02734375 958.068786621094 957.466674804688 957.581481933594 956.696960449219 955.317077636719 950.486755371094 952.828796386719 949.277038574219 948.739929199219 944.656188964844 935.855346679688 943.018493652344 951.014404296875 956.325622558594 956.639282226562 954.101135253906 957.556884765625 954.019287109375 945.986572265625 946.740173339844 952.031982421875 956.938720703125 958.676086425781 960.873596191406 957.1015625 955.678344726562 953.352783203125 953.049499511719 956.464477539062 956.065307617188 953.176086425781
961.532897949219 956.5224609375 960.471313476562 962.1494140625 966.617614746094 971.268737792969 974.746887207031 970.38525390625 978.569458007812 953.761352539062 961.943664550781 952.854675292969 941.42822265625 948.0263671875 943.675598144531 950.204406738281 951.898986816406 950.898620605469 953.808044433594 949.401794433594 945.256896972656 941.739685058594 946.962646484375 946.518188476562 949.664733886719 938.566650390625 940.566467285156 945.946166992188 950.843933105469 948.738037109375 944.948059082031 950.467834472656 956.109436035156 953.179809570312 944.207824707031 950.184997558594 955.502746582031 957.169616699219 952.163757324219 961.697998046875 948.351135253906 955.879943847656 951.559692382812 948.271179199219 945.645263671875 951.658630371094
953.593566894531 957.547973632812 966.195739746094 970.98681640625 968.608520507812 969.154724121094 970.092041015625 967.946594238281 968.484375 960.765930175781 957.508850097656 940.918701171875 934.117919921875 930.697082519531 929.069152832031 936.077697753906 929.639221191406 945.646118164062 953.9326171875 950.115173339844 936.947082519531 935.354125976562 935.968078613281 941.277099609375 941.195983886719 944.287231445312 937.271057128906 929.499328613281 941.092712402344 942.933166503906 944.302185058594 947.496032714844 950.596313476562 949.267822265625 946.325500488281 942.70654296875 953.520080566406 954.654724121094 955.458190917969 959.582580566406 963.655090332031 959.049133300781 950.897521972656 954.674682617188 952.645690917969 947.467590332031
960.398132324219 953.475341796875 954.434326171875 957.607360839844 966.967163085938 966.487731933594 966.224243164062 961.861572265625 966.983642578125 961.566650390625 956.529479980469 945.791809082031 928.631225585938 930.7802734375 930.798950195312 933.265502929688 930.980163574219 934.295288085938 944.296020507812 947.016418457031 936.625610351562 937.707641601562 934.687194824219 945.259948730469 950.918334960938 948.88720703125 939.366760253906 941.862976074219 931.438049316406 935.927734375 939.700378417969 946.758728027344 947.537170410156 942.185180664062 944.869506835938 943.224487304688 955.664184570312 957.509582519531 963.676208496094 959.637817382812 961.051879882812 958.3505859375 951.412902832031 960.297119140625 964.1259765625 959.888793945312
954.914306640625 956.762084960938 951.603454589844 952.682189941406 956.460693359375 962.989929199219 964.077880859375 954.58203125 961.992126464844 959.156066894531 952.181091308594 936.378051757812 936.078430175781 929.867553710938 938.10205078125 944.046752929688 937.838317871094 941.825805664062 946.768127441406 944.240173339844 941.151123046875 939.244689941406 944.725708007812 949.497985839844 946.1162109375 939.739562988281 943.077697753906 939.48779296875 938.639953613281 932.921691894531 936.241027832031 937.603576660156 941.290710449219 941.48828125 941.591125488281 944.111389160156 949.683410644531 950.85302734375 949.34228515625 953.16943359375 952.890197753906 959.087463378906 958.406982421875 959.808898925781 967.526733398438 977.921508789062
959.213562011719 961.433227539062 963.657348632812 954.824951171875 950.0166015625 953.187377929688 953.32666015625 952.305053710938 951.635131835938 952.741271972656 948.064697265625 942.310913085938 939.42919921875 940.134399414062 943.992248535156 950.267211914062 943.510375976562 943.662475585938 944.462829589844 951.154235839844 945.993347167969 947.447875976562 948.015563964844 948.70166015625 944.158142089844 941.456970214844 945.640625 954.46826171875 939.384826660156 932.382751464844 944.354919433594 939.980102539062 950.671447753906 945.660949707031 946.573364257812 944.311828613281 937.939514160156 953.6640625 951.338500976562 941.400329589844 954.481079101562 957.523193359375 961.114868164062 960.010437011719 972.042846679688 977.285827636719
956.815368652344 959.60595703125 960.84130859375 961.475524902344 961.047790527344 950.917785644531 951.12939453125 950.783569335938 947.999084472656 941.805053710938 936.232238769531 938.604125976562 945.599853515625 947.765991210938 957.616577148438 957.773681640625 951.07470703125 941.644775390625 944.814453125 947.653442382812 944.251159667969 945.226684570312 946.062194824219 948.592956542969 950.086547851562 943.06640625 946.300415039062 948.167724609375 952.565795898438 942.333435058594 938.795654296875 937.427307128906 945.047790527344 956.191345214844 948.526062011719 934.083312988281 940.585571289062 953.002624511719 952.789916992188 950.619079589844 947.071472167969 958.804077148438 964.892883300781 964.2900390625 975.595458984375 976.49560546875
957.323059082031 956.600646972656 960.307250976562 959.360046386719 956.653259277344 953.228637695312 951.001220703125 952.295715332031 947.571105957031 942.834411621094 934.606201171875 941.185729980469 939.892517089844 953.96337890625 947.516540527344 953.303283691406 952.320068359375 953.296020507812 945.789245605469 942.622985839844 943.072875976562 937.548034667969 935.90087890625 950.799072265625 945.912841796875 944.195251464844 947.369384765625 950.59033203125 942.742492675781 943.739013671875 942.9052734375 936.508911132812 947.807495117188 951.08447265625 944.268615722656 943.400329589844 942.978698730469 939.373413085938 956.643737792969 953.045104980469 952.323791503906 947.7431640625 959.240966796875 962.122375488281 964.788146972656 969.236694335938
946.789123535156 944.048278808594 958.404602050781 951.715515136719 956.361755371094 950.96435546875 942.101684570312 949.6806640625 954.789855957031 955.293334960938 948.993774414062 937.110656738281 943.600158691406 952.113098144531 951.88037109375 949.06982421875 954.759033203125 955.992309570312 953.273559570312 945.921875 950.012817382812 941.5908203125 942.362731933594 945.621643066406 950.5078125 947.870300292969 953.352783203125 955.380004882812 954.85888671875 944.602844238281 943.497131347656 954.381896972656 954.063293457031 956.032775878906 951.285888671875 947.600341796875 947.094360351562 955.067504882812 949.930541992188 948.573120117188 946.5908203125 959.956359863281 962.572326660156 972.7529296875 963.005981445312 976.888244628906
943.157958984375 948.520935058594 949.076110839844 947.362609863281 956.74658203125 946.097351074219 945.375427246094 945.571350097656 946.28173828125 954.885009765625 953.920776367188 946.7353515625 953.125549316406 956.220458984375 957.700012207031 955.807189941406 953.92626953125 954.030639648438 957.924987792969 964.659057617188 959.304809570312 956.81689453125 953.809997558594 953.775573730469 951.256652832031 959.843139648438 961.954528808594 961.362731933594 957.226135253906 954.160583496094 953.949157714844 952.121826171875 953.196228027344 957.9150390625 957.258850097656 955.139221191406 951.053283691406 947.546752929688 956.121215820312 955.184509277344 961.072692871094 957.289916992188 970.406799316406 975.006713867188 978.008483886719 983.648132324219
950.906066894531 941.995056152344 944.512634277344 945.524047851562 951.060119628906 948.017272949219 938.284484863281 937.432189941406 941.57666015625 948.062744140625 946.00927734375 949.562133789062 959.733154296875 961.200866699219 963.052856445312 960.099182128906 959.610473632812 958.289123535156 963.232360839844 969.977844238281 966.541320800781 963.360961914062 958.174133300781 958.891723632812 948.440063476562 955.453918457031 957.601379394531 954.851501464844 958.650390625 959.440063476562 961.469543457031 954.854614257812 960.794067382812 960.603149414062 962.923889160156 962.959655761719 953.643737792969 956.150024414062 955.413024902344 956.306274414062 958.413696289062 959.050720214844 973.952758789062 983.468994140625 977.414672851562 987.30908203125
956.386291503906 940.523864746094 940.667236328125 943.594299316406 938.802612304688 941.256958007812 931.597534179688 932.010864257812 940.439025878906 941.364562988281 944.723388671875 952.343200683594 955.320068359375 970.205688476562 962.739013671875 967.575317382812 962.160522460938 961.048156738281 961.865173339844 960.2177734375 962.177185058594 962.799255371094 965.761352539062 960.275817871094 953.633605957031 956.327392578125 961.953002929688 960.297790527344 956.457336425781 959.477233886719 962.183410644531 958.984313964844 957.889770507812 957.507019042969 957.851135253906 957.607299804688 969.285095214844 970.064392089844 959.723937988281 969.461975097656 973.41845703125 970.289916992188 974.590087890625 989.680541992188 983.917907714844 980.34912109375
950.811706542969 945.119689941406 938.230407714844 942.819274902344 933.207275390625 936.291870117188 940.490417480469 931.594482421875 939.632446289062 943.929443359375 960.152770996094 969.220886230469 968.627014160156 975.892944335938 970.17919921875 968.503051757812 954.357116699219 954.594360351562 953.481567382812 960.680847167969 959.796630859375 961.318359375 967.669982910156 959.987487792969 967.841979980469 974.08544921875 969.195251464844 965.247192382812 960.461791992188 963.759582519531 967.578796386719 973.798645019531 969.804626464844 957.812866210938 961.710998535156 960.010192871094 966.030944824219 973.51123046875 974.778259277344 975.455078125 977.405151367188 971.409301757812 973.673034667969 988.868286132812 989.451965332031 988.223510742188
948.978515625 942.430480957031 947.281188964844 936.708740234375 932.6669921875 932.995361328125 936.298522949219 940.143188476562 937.136901855469 943.37841796875 964.748657226562 970.797485351562 975.025695800781 965.867431640625 966.791320800781 959.493896484375 964.74853515625 967.805419921875 963.029357910156 958.087890625 965.039672851562 966.016418457031 966.211364746094 962.3955078125 974.56201171875 976.020385742188 972.84521484375 977.083801269531 977.637451171875 967.730285644531 973.164489746094 971.070739746094 974.6064453125 968.335083007812 962.231079101562 970.024780273438 965.682800292969 977.151550292969 978.117248535156 987.667785644531 982.82373046875 984.678039550781 982.160522460938 991.928161621094 993.626281738281 996.133239746094
946.200317382812 942.296569824219 939.618286132812 932.629821777344 932.279968261719 934.676818847656 942.496459960938 939.278686523438 942.219177246094 942.507080078125 958.322998046875 972.151611328125 971.905883789062 982.617858886719 974.187133789062 962.232849121094 963.999389648438 969.793090820312 964.583435058594 969.102905273438 968.558410644531 966.51904296875 963.404541015625 976.835021972656 975.697021484375 976.016540527344 976.366088867188 978.267211914062 969.78271484375 967.001770019531 972.62109375 973.305908203125 972.727844238281 964.936889648438 971.390747070312 968.409423828125 967.420532226562 977.278930664062 983.549011230469 990.89306640625 988.988159179688 988.971618652344 989.546691894531 998.072082519531 989.014221191406 994.391052246094
940.142944335938 936.418579101562 931.824829101562 929.460815429688 932.705017089844 932.656921386719 944.356811523438 950.594421386719 944.717651367188 947.327331542969 960.552124023438 962.802368164062 971.221069335938 976.49951171875 971.620056152344 970.773864746094 962.040893554688 964.085266113281 957.64013671875 968.603088378906 968.557861328125 971.249938964844 964.914489746094 982.280700683594 977.048828125 989.190612792969 988.91455078125 983.732971191406 975.540832519531 963.261779785156 968.605590820312 972.036376953125 982.478088378906 978.762573242188 965.51611328125 954.080200195312 967.148132324219 977.9482421875 977.56884765625 989.36572265625 1000.61248779297 1001.19903564453 1003.06365966797 1004.49633789062 1001.97283935547 1002.56475830078
941.216491699219 933.429504394531 935.40234375 931.60986328125 936.234313964844 937.405212402344 937.855346679688 948.996826171875 947.15234375 948.095275878906 952.476135253906 952.447265625 966.587890625 974.484008789062 975.804443359375 975.4951171875 973.322082519531 973.993286132812 965.381286621094 965.305541992188 973.934387207031 977.940856933594 984.686889648438 993.288757324219 987.7587890625 991.332153320312 998.254150390625 989.545959472656 979.227294921875 970.859252929688 967.218139648438 979.557373046875 994.848022460938 983.035217285156 977.818420410156 972.451843261719 976.122192382812 973.513610839844 978.683044433594 985.199645996094 995.883422851562 1002.88165283203 1008.03918457031 1002.06774902344 1009.76483154297 1008.74945068359
933.914306640625 937.025512695312 928.061706542969 935.938110351562 943.835693359375 942.571472167969 936.0234375 936.318115234375 948.034118652344 948.120178222656 946.005004882812 950.021423339844 961.86962890625 966.89306640625 971.931396484375 976.70361328125 975.4287109375 988.5224609375 971.11083984375 971.823669433594 975.143981933594 972.183837890625 987.492431640625 989.888549804688 997.821716308594 1000.51104736328 998.760681152344 991.1865234375 986.157348632812 980.505554199219 976.761108398438 980.596618652344 987.325988769531 981.653625488281 984.530578613281 981.009887695312 983.798583984375 982.519592285156 984.529968261719 994.496337890625 993.2109375 996.201354980469 1002.82629394531 1009.59521484375 1013.63366699219 1011.27990722656
934.839538574219 934.433288574219 931.373229980469 938.5390625 938.593811035156 938.767883300781 935.836853027344 942.20703125 942.315063476562 943.356201171875 946.781616210938 952.241638183594 966.952026367188 969.864990234375 971.336791992188 979.109436035156 983.861022949219 983.162658691406 979.907836914062 975.695129394531 978.826782226562 982.8408203125 993.830688476562 994.1376953125 994.089965820312 1000.26715087891 995.334594726562 984.15185546875 987.720764160156 983.60205078125 984.799743652344 986.628051757812 979.741882324219 987.780212402344 984.4443359375 990.163513183594 994.312866210938 989.579956054688 990.9150390625 1001.00775146484 1003.25689697266 1003.66223144531 999.809326171875 1007.99176025391 1007.50256347656 1011.19616699219
934.515808105469 941.097900390625 935.353332519531 932.129028320312 939.584289550781 940.469604492188 937.855834960938 944.006774902344 950.484741210938 951.952270507812 962.007019042969 959.632751464844 969.809204101562 978.626525878906 983.170349121094 977.455688476562 975.116027832031 975.756958007812 980.029174804688 978.894226074219 988.418823242188 985.592346191406 989.892150878906 984.63623046875 991.620727539062 993.508544921875 992.849548339844 996.53466796875 996.072875976562 990.463439941406 980.686767578125 984.2841796875 980.493469238281 988.048461914062 990.703491210938 991.738342285156 994.112365722656 981.588500976562 985.830444335938 992.381896972656 993.982666015625 1001.97778320312 1006.10998535156 1004.59692382812 1002.01800537109 1005.06433105469
