data/zlatibor_dem_simulations/DEMsim34.asc
NCOLS 150
NROWS 100
XLLCORNER 7394249
YLLCORNER 4841999
CELLSIZE 30
NODATA_VALUE -9999
[rows 60 to 79 of 100, columns 0 to 45 of 150]
963.004638671875 959.977600097656 953.991943359375 958.461791992188 952.166870117188 957.149291992188 970.84765625 966.1572265625 961.328491210938 957.717163085938 956.078186035156 958.065551757812 958.385314941406 960.557678222656 962.569946289062 971.641357421875 975.361083984375 969.074829101562 962.074340820312 961.77880859375 961.728637695312 950.945678710938 952.75244140625 948.380798339844 946.690734863281 933.150085449219 932.221923828125 937.31640625 947.27685546875 948.907287597656 950.2705078125 947.827819824219 950.237731933594 953.415588378906 952.230834960938 951.398986816406 943.792053222656 950.4609375 953.348388671875 949.500549316406 954.558166503906 956.826904296875 952.874877929688 956.156188964844 956.701293945312 950.737365722656
956.448486328125 959.642150878906 962.95361328125 966.03564453125 954.545288085938 967.567932128906 968.629699707031 962.531372070312 959.751159667969 957.348571777344 956.714965820312 953.936767578125 952.497497558594 952.916076660156 955.944152832031 965.224548339844 966.494079589844 972.324096679688 958.608093261719 957.714050292969 957.150756835938 943.568176269531 945.702758789062 946.161682128906 942.871276855469 931.002075195312 937.417297363281 940.579895019531 954.759460449219 954.19384765625 955.629333496094 954.210327148438 953.183776855469 963.367919921875 954.009704589844 947.79345703125 945.585998535156 954.525695800781 956.898986816406 944.248168945312 946.041259765625 952.721801757812 951.430786132812 952.215454101562 948.813598632812 940.152221679688
956.850769042969 955.385803222656 957.979187011719 968.089660644531 970.306884765625 970.414306640625 965.855529785156 965.381958007812 965.170959472656 963.344116210938 956.643005371094 946.067321777344 950.394958496094 945.639404296875 943.783752441406 947.305603027344 960.726623535156 961.357666015625 959.0166015625 953.060729980469 944.992370605469 939.202087402344 941.138916015625 941.814331054688 943.152954101562 940.331909179688 942.725524902344 944.970397949219 948.491943359375 954.742919921875 945.08935546875 948.386169433594 954.612731933594 956.239868164062 951.090148925781 946.997436523438 953.4287109375 957.3564453125 948.439208984375 940.69580078125 937.45849609375 948.542846679688 950.497375488281 952.891479492188 951.953552246094 951.374572753906
959.451904296875 955.338806152344 955.294799804688 965.515441894531 966.310485839844 964.445617675781 966.395812988281 959.658630371094 960.907531738281 952.949890136719 947.068969726562 945.462585449219 938.428283691406 941.005920410156 942.054443359375 940.193969726562 951.996887207031 960.236999511719 958.830444335938 956.299865722656 949.163940429688 941.72900390625 947.05908203125 941.921691894531 950.200866699219 947.177734375 946.949035644531 940.975341796875 946.465698242188 951.95947265625 955.610595703125 945.513366699219 945.6904296875 952.792114257812 947.548400878906 951.813049316406 954.723571777344 951.212097167969 944.3701171875 945.141784667969 940.596374511719 942.490417480469 951.625183105469 947.38232421875 950.286926269531 955.710510253906
952.472106933594 943.482055664062 954.769348144531 963.24267578125 960.535339355469 962.756896972656 963.92724609375 960.771545410156 964.65478515625 953.888854980469 948.333801269531 945.935180664062 947.580627441406 939.341613769531 935.150390625 940.898376464844 947.369140625 958.093139648438 953.370971679688 951.49658203125 950.149658203125 947.537963867188 938.7587890625 939.889709472656 943.999267578125 947.564575195312 940.381103515625 938.866149902344 946.966491699219 949.090148925781 955.597839355469 952.597534179688 946.283996582031 950.005004882812 953.5146484375 952.888244628906 958.881408691406 955.879211425781 950.413208007812 941.381530761719 946.208068847656 942.767517089844 946.680419921875 951.097229003906 954.364074707031 958.589599609375
953.933471679688 957.546447753906 946.948486328125 949.933166503906 948.072998046875 963.052795410156 959.963073730469 962.642395019531 959.620483398438 954.332885742188 954.5537109375 944.933532714844 946.283447265625 943.736450195312 943.926147460938 940.681335449219 939.100280761719 958.701416015625 961.876281738281 957.977966308594 946.259460449219 950.311706542969 951.04052734375 952.8974609375 951.485778808594 950.91748046875 946.289428710938 940.129272460938 949.625305175781 949.753234863281 951.571105957031 958.370361328125 942.979187011719 949.035827636719 946.517272949219 955.157470703125 958.866943359375 959.337707519531 952.481079101562 951.182067871094 958.769165039062 952.929504394531 956.830261230469 958.635437011719 963.375183105469 963.893981933594
950.561889648438 952.096069335938 938.59521484375 930.834777832031 953.683776855469 951.473266601562 955.089050292969 957.860168457031 951.564758300781 950.017272949219 946.615539550781 941.850402832031 939.064880371094 942.54345703125 950.894165039062 953.847900390625 947.446044921875 952.574035644531 967.14208984375 957.933227539062 956.329956054688 960.573791503906 958.69189453125 958.633239746094 957.237182617188 949.893676757812 942.993957519531 944.097229003906 947.950805664062 948.675048828125 951.36083984375 952.472839355469 940.905456542969 943.483093261719 951.444885253906 954.186950683594 956.055603027344 965.4189453125 955.675598144531 961.616455078125 962.541625976562 957.797119140625 955.518859863281 955.407592773438 971.055541992188 971.738647460938
948.186157226562 948.752868652344 940.073852539062 940.035705566406 942.890441894531 946.188598632812 941.663452148438 943.938171386719 941.209411621094 940.122924804688 939.735290527344 946.151733398438 937.351196289062 944.702392578125 950.104614257812 949.340759277344 944.749084472656 947.730285644531 950.177062988281 960.095031738281 959.289428710938 958.250427246094 966.144714355469 963.685607910156 964.402221679688 952.013671875 949.939697265625 948.14013671875 942.421508789062 938.029357910156 935.640258789062 942.027770996094 936.6640625 944.3759765625 950.983703613281 952.3251953125 952.393127441406 957.396484375 967.418090820312 958.40478515625 968.523986816406 964.711242675781 961.772583007812 964.962707519531 968.911926269531 975.106384277344
954.34130859375 949.982421875 943.6142578125 941.923706054688 948.744995117188 948.471313476562 944.656799316406 941.925109863281 934.673461914062 941.982971191406 936.738098144531 943.078979492188 940.851989746094 948.063293457031 951.427917480469 951.683471679688 943.995666503906 957.413024902344 959.697509765625 953.057861328125 953.970153808594 963.357727050781 968.398315429688 955.193725585938 963.000915527344 957.787536621094 953.343322753906 954.123352050781 945.364074707031 941.2412109375 936.155883789062 948.521301269531 950.731506347656 950.612243652344 949.545776367188 958.340270996094 958.617370605469 959.002807617188 957.385986328125 963.5283203125 964.979248046875 962.514770507812 967.512451171875 960.139221191406 971.311889648438 975.576721191406
958.436828613281 953.736511230469 942.340698242188 947.325256347656 956.501159667969 963.309692382812 949.263305664062 939.116943359375 942.922973632812 940.931701660156 941.753234863281 948.576477050781 944.383972167969 944.416015625 957.665649414062 955.435852050781 947.467651367188 953.225524902344 959.874694824219 967.534729003906 964.90380859375 968.528625488281 970.158020019531 967.876770019531 968.994384765625 960.788635253906 957.124816894531 950.585571289062 950.282836914062 947.991943359375 940.084594726562 952.900512695312 956.142272949219 954.988708496094 955.5185546875 958.311279296875 965.921875 969.996887207031 968.322082519531 963.309692382812 963.998840332031 958.712280273438 962.352355957031 966.289428710938 967.384948730469 978.288269042969
950.475952148438 947.790832519531 947.695922851562 944.213439941406 951.051452636719 947.635070800781 948.874938964844 950.2548828125 945.457702636719 944.981567382812 940.6240234375 950.496276855469 954.079956054688 953.506958007812 955.899719238281 961.001770019531 957.714294433594 955.684814453125 963.058349609375 965.249755859375 964.458801269531 969.783996582031 978.093078613281 980.730041503906 971.726318359375 963.084899902344 960.686706542969 959.737426757812 948.637023925781 954.771118164062 957.701110839844 958.661743164062 956.7578125 960.617614746094 962.548645019531 960.760620117188 960.387573242188 970.44091796875 967.724609375 965.871520996094 961.240295410156 963.380676269531 968.99951171875 965.32177734375 969.855407714844 982.731018066406
963.207397460938 955.776916503906 948.241333007812 940.879760742188 943.040222167969 940.043701171875 931.246276855469 939.959106445312 946.327819824219 949.769104003906 955.949951171875 959.920166015625 956.078369140625 958.399841308594 964.928283691406 964.618774414062 962.322509765625 964.83349609375 962.734924316406 959.930297851562 965.966003417969 977.646789550781 975.257263183594 982.074340820312 981.741394042969 969.090026855469 965.132995605469 956.10400390625 948.416076660156 961.796936035156 962.0869140625 956.480590820312 958.486389160156 962.636840820312 961.424682617188 955.754943847656 966.095642089844 969.253112792969 973.213928222656 969.604248046875 972.609680175781 972.232299804688 965.54296875 973.774353027344 968.458190917969 990.179870605469
959.708190917969 953.765441894531 944.17041015625 941.0625 945.246398925781 941.5947265625 941.937194824219 935.836059570312 941.6484375 952.514282226562 960.012573242188 967.261169433594 958.325744628906 960.800842285156 956.735168457031 963.22314453125 966.870239257812 963.713562011719 962.394104003906 960.139404296875 965.462829589844 966.408203125 977.453125 989.438354492188 982.742614746094 982.735473632812 971.377136230469 968.27783203125 960.129760742188 967.12744140625 973.279602050781 962.195678710938 971.444396972656 960.746948242188 959.291625976562 962.166198730469 959.17822265625 962.878845214844 977.94921875 987.450866699219 982.078063964844 979.531555175781 983.992736816406 985.837341308594 994.761901855469 989.898254394531
946.120727539062 944.515441894531 942.507751464844 934.015258789062 934.304565429688 943.025024414062 935.840881347656 942.695007324219 947.594116210938 950.638488769531 955.102111816406 960.268005371094 965.665710449219 958.17236328125 968.403503417969 967.932495117188 969.258972167969 973.685913085938 958.706909179688 968.16552734375 961.418823242188 976.56005859375 978.303833007812 983.915649414062 977.328308105469 976.034790039062 969.699951171875 966.318054199219 962.38623046875 967.416198730469 973.877197265625 970.0751953125 968.557312011719 969.667358398438 971.500671386719 968.759582519531 973.724182128906 970.029113769531 979.61767578125 984.742126464844 986.791564941406 989.15283203125 991.679565429688 991.688232421875 993.453491210938 992.231689453125
950.96337890625 945.304138183594 932.619323730469 932.640625 945.31640625 936.417236328125 937.002319335938 943.145690917969 946.423278808594 945.89404296875 951.012573242188 966.10693359375 967.229675292969 973.420349121094 972.757873535156 968.914916992188 963.758728027344 973.531005859375 964.971984863281 972.722412109375 969.7216796875 975.857727050781 985.095458984375 983.772155761719 982.562683105469 980.930847167969 978.929931640625 979.813598632812 971.81884765625 970.734069824219 969.7275390625 967.801696777344 981.277709960938 982.075439453125 981.875732421875 977.184875488281 971.946350097656 976.082153320312 992.568054199219 993.180725097656 986.675720214844 991.140747070312 990.149230957031 995.828918457031 995.033386230469 997.044921875
939.46240234375 937.089660644531 936.463623046875 933.605712890625 935.013916015625 933.346984863281 938.554992675781 944.111389160156 951.003356933594 956.365173339844 961.763916015625 978.1591796875 973.181518554688 974.492553710938 970.3544921875 968.370056152344 965.229309082031 963.92333984375 962.772705078125 974.395324707031 971.624145507812 984.8017578125 991.355163574219 982.941589355469 988.522338867188 990.084106445312 981.059997558594 982.06201171875 977.847778320312 971.3359375 963.846862792969 969.086669921875 981.651184082031 976.002258300781 981.458679199219 978.306884765625 978.596435546875 978.945983886719 982.080200195312 990.638732910156 980.84130859375 992.94140625 996.000915527344 988.006286621094 999.447875976562 1001.39959716797
941.725280761719 940.537902832031 931.825866699219 934.418701171875 924.190551757812 929.421508789062 936.761047363281 933.706909179688 944.79443359375 954.299072265625 970.505126953125 971.9521484375 972.549255371094 976.303039550781 977.776062011719 981.977294921875 969.712219238281 970.043273925781 972.315063476562 971.313354492188 977.575317382812 985.7578125 992.490844726562 985.345764160156 990.144653320312 985.251403808594 977.970764160156 982.772216796875 984.590576171875 971.624084472656 972.231262207031 971.838317871094 975.387573242188 972.002868652344 973.452941894531 967.650024414062 970.160461425781 977.925842285156 985.487426757812 992.626586914062 988.407165527344 997.63134765625 1009.15960693359 1002.90789794922 1005.45874023438 1011.54290771484
940.367370605469 940.620544433594 938.697937011719 930.629516601562 928.064270019531 929.902038574219 930.71142578125 933.7412109375 947.569274902344 958.026306152344 963.086547851562 976.28369140625 978.015991210938 983.344665527344 979.507141113281 976.646850585938 970.632141113281 973.111389160156 980.257629394531 971.989990234375 979.262817382812 982.470886230469 992.745422363281 987.610290527344 982.538330078125 985.639343261719 979.192443847656 980.200012207031 986.136474609375 985.556518554688 977.238525390625 985.322265625 976.827575683594 977.439758300781 973.5126953125 970.028137207031 971.66064453125 978.335144042969 981.040222167969 990.098693847656 990.992370605469 1004.78833007812 1004.546875 1007.30145263672 1012.17492675781 1013.11627197266
945.248962402344 945.607971191406 944.07470703125 936.9716796875 937.894897460938 934.865173339844 935.003173828125 947.266418457031 952.692687988281 960.701538085938 964.096008300781 972.125366210938 974.994262695312 974.431640625 977.308227539062 981.18017578125 973.44921875 972.792114257812 976.066711425781 979.505859375 974.696411132812 991.388916015625 992.130187988281 993.234008789062 993.038818359375 986.696472167969 983.938842773438 990.87841796875 990.714660644531 984.809692382812 985.328186035156 983.501220703125 983.962646484375 982.902038574219 979.994079589844 980.774230957031 986.034545898438 979.383666992188 983.152893066406 990.730712890625 991.901184082031 1000.27496337891 1007.08770751953 1011.16717529297 1015.85473632812 1016.78833007812
940.541381835938 938.201049804688 933.071472167969 939.275146484375 938.986938476562 939.102905273438 935.853942871094 947.119140625 944.180114746094 956.776916503906 952.494873046875 968.3193359375 975.073486328125 977.824890136719 973.267578125 973.242309570312 977.265869140625 975.86865234375 973.992126464844 975.068237304688 978.290588378906 982.690124511719 987.916381835938 992.875610351562 991.59423828125 974.327880859375 985.363830566406 991.969848632812 995.147583007812 988.371948242188 985.324157714844 985.82373046875 987.611938476562 995.931213378906 985.943908691406 988.880615234375 993.941467285156 988.255310058594 981.368896484375 988.874938964844 990.904602050781 997.1689453125 1011.07763671875 1006.82183837891 1016.93072509766 1022.76708984375
