data/zlatibor_dem_simulations/DEMsim25.asc
NCOLS 150
NROWS 100
XLLCORNER 7394249
YLLCORNER 4841999
CELLSIZE 30
NODATA_VALUE -9999
[rows 40 to 59 of 100, columns 46 to 91 of 150]
961.345458984375 963.079406738281 969.410522460938 977.283020019531 975.807800292969 981.65869140625 976.317810058594 964.976318359375 980.82275390625 978.790893554688 973.348815917969 974.5634765625 980.674987792969 959.441223144531 966.012817382812 963.971313476562 968.031677246094 975.615966796875 987.545593261719 981.417114257812 983.554870605469 982.031677246094 981.14794921875 982.203857421875 974.025451660156 976.153442382812 976.538818359375 976.382690429688 976.563720703125 970.339111328125 975.824340820312 978.863830566406 973.402709960938 977.931945800781 979.96044921875 993.776489257812 998.275939941406 996.524658203125 998.049133300781 988.313293457031 985.561157226562 991.390380859375 996.600463867188 998.347290039062 1000.21160888672 993.971984863281
955.570190429688 961.563842773438 966.953247070312 968.5478515625 974.207458496094 966.94091796875 974.930603027344 976.191955566406 975.7607421875 970.837341308594 966.771850585938 965.775451660156 974.377380371094 979.333312988281 963.128234863281 974.006530761719 976.073913574219 977.505798339844 985.831787109375 985.718566894531 989.142883300781 986.342956542969 980.774353027344 982.830505371094 976.700805664062 970.867431640625 967.420471191406 979.101257324219 979.473999023438 971.523010253906 977.428405761719 973.033569335938 970.81689453125 967.389587402344 979.955627441406 987.303771972656 990.074279785156 983.966857910156 994.022399902344 985.453247070312 987.444885253906 984.794555664062 990.062133789062 990.119934082031 994.128784179688 992.134887695312
957.828308105469 959.073974609375 959.727661132812 970.736145019531 977.46044921875 974.267761230469 977.729125976562 981.734375 978.050476074219 970.686218261719 971.068237304688 969.316833496094 982.4404296875 980.206359863281 973.013305664062 965.710815429688 970.408752441406 975.681274414062 980.911804199219 978.592712402344 977.831176757812 978.841735839844 980.912780761719 987.533386230469 979.667785644531 968.147033691406 969.089111328125 965.325439453125 968.907653808594 974.322143554688 976.119934082031 977.194580078125 973.400451660156 971.405883789062 976.222229003906 986.410034179688 990.115844726562 988.456481933594 993.382995605469 987.713989257812 988.1025390625 987.897338867188 985.379699707031 983.628479003906 991.806213378906 989.797241210938
961.871765136719 958.861389160156 964.313415527344 967.327697753906 978.226745605469 978.550354003906 970.863830566406 968.11376953125 964.634582519531 968.560424804688 968.856567382812 973.520324707031 978.973815917969 982.225463867188 975.18310546875 966.844970703125 972.304504394531 975.296325683594 979.758422851562 984.097778320312 978.517700195312 972.433654785156 976.783020019531 977.54296875 966.705078125 965.87939453125 969.853149414062 963.633728027344 969.918334960938 965.306335449219 966.830688476562 972.711059570312 976.446838378906 979.042663574219 978.280822753906 976.771240234375 978.044799804688 982.092590332031 982.94189453125 980.441284179688 980.515319824219 979.075317382812 971.59033203125 972.749206542969 980.915100097656 977.105712890625
971.913391113281 964.178955078125 965.535400390625 972.424377441406 974.92333984375 966.19921875 964.221862792969 964.922912597656 967.028991699219 969.878234863281 977.302673339844 972.042785644531 975.686767578125 970.808471679688 969.77490234375 962.955017089844 979.345275878906 976.751831054688 981.159851074219 978.640441894531 972.608093261719 972.160827636719 976.774719238281 974.980041503906 971.065246582031 967.777954101562 971.356506347656 968.780334472656 964.762329101562 956.468139648438 975.287292480469 974.264587402344 973.907287597656 983.174499511719 976.765991210938 977.562255859375 979.064636230469 968.609252929688 971.090148925781 967.475524902344 965.468566894531 974.050598144531 975.475524902344 976.002624511719 978.869750976562 979.379272460938
978.482971191406 967.836730957031 971.408935546875 973.899536132812 973.475341796875 975.246337890625 968.888366699219 966.78125 965.3173828125 961.737670898438 961.891784667969 974.670776367188 978.464965820312 974.489929199219 966.276123046875 962.243347167969 974.456481933594 985.22216796875 976.68408203125 977.603088378906 976.158569335938 974.077514648438 979.0927734375 967.966918945312 965.860168457031 962.917175292969 966.51318359375 962.187561035156 958.015380859375 962.084411621094 975.213317871094 981.88916015625 983.081176757812 979.852416992188 979.194580078125 980.188598632812 969.478149414062 971.858459472656 974.479919433594 977.132568359375 977.015258789062 981.001831054688 979.241760253906 985.336669921875 986.638549804688 988.048889160156
969.009826660156 974.732788085938 974.12841796875 974.263122558594 964.056030273438 967.219543457031 965.216552734375 966.918762207031 956.392822265625 951.021911621094 959.302734375 970.815002441406 970.912719726562 971.65771484375 967.706359863281 965.536193847656 973.204467773438 970.012878417969 972.848754882812 972.161437988281 967.367553710938 969.685119628906 969.289733886719 970.575378417969 972.299072265625 959.582092285156 969.031066894531 959.807067871094 966.752685546875 967.237548828125 971.771179199219 975.691101074219 978.374938964844 976.958251953125 975.693237304688 968.08642578125 975.848083496094 976.784912109375 971.410705566406 971.162048339844 974.468933105469 980.801696777344 980.73486328125 982.14990234375 978.292175292969 978.720336914062
965.739501953125 975.13818359375 974.957946777344 971.698486328125 965.913696289062 957.798095703125 963.98388671875 969.527648925781 963.296691894531 959.571716308594 946.931457519531 964.152893066406 970.426940917969 973.249389648438 963.444702148438 959.850341796875 967.092590332031 965.290161132812 965.413696289062 966.674072265625 966.208129882812 973.907409667969 971.020263671875 970.039245605469 968.063781738281 961.021606445312 957.375 968.635986328125 972.935180664062 972.84521484375 976.633666992188 972.166931152344 968.93359375 967.486877441406 964.729248046875 969.541809082031 971.703002929688 962.270324707031 962.697692871094 965.201721191406 962.675659179688 975.503356933594 976.79541015625 973.012573242188 972.148132324219 971.013977050781
961.8681640625 963.802307128906 968.080810546875 968.477783203125 962.629760742188 965.756042480469 969.159790039062 963.632507324219 964.509521484375 957.982971191406 958.853271484375 967.137573242188 974.112854003906 964.469482421875 966.265319824219 958.341979980469 968.633361816406 956.050415039062 955.919982910156 961.4375 967.253051757812 974.537353515625 973.659790039062 981.217834472656 971.144775390625 966.066955566406 966.455810546875 973.1318359375 975.219787597656 978.067504882812 973.441650390625 971.239624023438 964.787353515625 967.136962890625 975.500732421875 974.116943359375 972.39111328125 967.221740722656 961.325256347656 967.076843261719 965.850219726562 971.9814453125 964.332458496094 968.516174316406 972.730407714844 974.224731445312
967.227661132812 962.823913574219 962.381408691406 962.740539550781 962.488220214844 964.886596679688 965.931579589844 969.712036132812 964.594421386719 963.121704101562 962.8271484375 972.638000488281 964.244079589844 961.609008789062 962.930969238281 965.630920410156 954.330017089844 956.564208984375 966.665344238281 961.272521972656 970.890625 974.152893066406 980.912475585938 978.966613769531 969.515869140625 963.160095214844 971.876953125 976.996398925781 974.464599609375 979.449768066406 978.734802246094 970.002197265625 971.802062988281 974.272216796875 971.489074707031 975.424926757812 968.144409179688 959.461303710938 961.30126953125 964.69921875 975.369873046875 968.058410644531 973.267578125 975.188781738281 971.688232421875 979.971069335938
963.4794921875 972.519775390625 978.899291992188 970.104187011719 969.457275390625 958.885009765625 959.893493652344 967.395385742188 965.61181640625 957.738586425781 965.61865234375 966.350708007812 964.314697265625 958.208251953125 955.216552734375 969.205871582031 960.275756835938 960.599304199219 968.603454589844 970.761413574219 970.978576660156 976.090270996094 975.629577636719 969.595947265625 969.825134277344 963.6591796875 968.677856445312 971.234008789062 975.855346679688 979.895385742188 974.828979492188 967.927978515625 969.504455566406 971.796142578125 970.597412109375 971.183837890625 964.394409179688 967.832702636719 962.201782226562 966.810729980469 965.119567871094 971.571655273438 977.267211914062 965.908081054688 971.634460449219 972.546203613281
963.876831054688 976.701477050781 987.021057128906 977.185485839844 978.2978515625 967.700256347656 963.750427246094 966.445495605469 967.883239746094 964.818115234375 964.843322753906 964.340515136719 965.352478027344 959.026428222656 967.025207519531 967.946533203125 967.235656738281 963.979064941406 965.344970703125 967.240051269531 962.1201171875 968.106018066406 963.053649902344 960.32080078125 962.387329101562 960.521179199219 965.235534667969 969.978271484375 970.840270996094 977.740966796875 966.547607421875 968.424560546875 970.118774414062 972.34130859375 967.704406738281 967.46142578125 969.370727539062 968.885498046875 965.04345703125 971.961181640625 967.5732421875 965.101501464844 967.686706542969 962.842956542969 973.294067382812 975.453247070312
960.670043945312 971.473693847656 975.934265136719 977.040222167969 972.134948730469 967.425170898438 963.488037109375 956.701721191406 951.274475097656 960.922180175781 971.18310546875 967.296447753906 965.465637207031 958.386535644531 972.991333007812 964.607788085938 954.943542480469 955.793273925781 960.052124023438 956.751525878906 957.30810546875 956.816650390625 964.8759765625 961.762268066406 956.724182128906 961.638427734375 968.975830078125 978.001281738281 970.658447265625 964.942932128906 959.2822265625 958.834350585938 967.290649414062 971.166564941406 965.976623535156 973.398864746094 965.544921875 968.35498046875 970.382690429688 972.173889160156 971.007873535156 972.145385742188 972.367431640625 964.156921386719 979.299865722656 972.115356445312
963.267883300781 960.409729003906 971.402526855469 972.463989257812 962.602966308594 956.752319335938 966.462890625 950.572509765625 958.69091796875 954.408142089844 952.671813964844 966.812255859375 960.935180664062 957.201965332031 955.469299316406 954.84765625 957.882141113281 954.030456542969 958.278503417969 955.447692871094 951.1640625 958.468994140625 955.248779296875 961.322875976562 963.301940917969 957.502807617188 970.651794433594 976.273864746094 969.518432617188 967.302490234375 967.050170898438 961.849243164062 961.8876953125 968.341186523438 970.92431640625 968.315063476562 966.587219238281 964.852661132812 964.467651367188 966.802978515625 970.791931152344 977.630920410156 975.644104003906 967.208435058594 967.293518066406 969.302917480469
959.888732910156 958.999450683594 956.896606445312 962.825744628906 956.588439941406 962.439392089844 959.214050292969 947.632263183594 951.7529296875 950.982788085938 957.405090332031 959.919921875 955.233764648438 952.061889648438 951.619812011719 954.833312988281 955.510803222656 944.868835449219 949.466430664062 947.956665039062 950.294128417969 962.3212890625 959.697265625 961.826110839844 962.599426269531 965.231811523438 968.612976074219 971.704467773438 981.5732421875 971.458801269531 978.65673828125 968.961242675781 967.180480957031 968.13427734375 970.185791015625 964.913146972656 963.334106445312 967.388549804688 963.879943847656 971.757202148438 967.458740234375 981.587890625 980.862121582031 969.569274902344 968.251403808594 978.017272949219
952.421997070312 955.507080078125 953.288330078125 954.575927734375 955.650451660156 954.023803710938 954.851867675781 947.573120117188 947.980590820312 947.848999023438 954.560302734375 959.479248046875 952.293090820312 952.155700683594 948.007995605469 954.101806640625 950.093933105469 952.59423828125 950.989501953125 951.522705078125 957.157287597656 962.471008300781 977.407653808594 967.507751464844 963.183288574219 965.16455078125 973.26171875 978.316101074219 973.716552734375 971.0517578125 975.763854980469 971.797790527344 977.230590820312 969.658813476562 968.815124511719 963.414916992188 960.785583496094 961.302490234375 970.085205078125 966.186584472656 968.498657226562 976.535278320312 969.816772460938 971.014038085938 964.260009765625 965.675231933594
954.228881835938 951.001770019531 954.377319335938 947.478881835938 945.383117675781 950.214477539062 944.1845703125 950.335083007812 945.440795898438 954.421936035156 954.340759277344 948.209350585938 944.010803222656 947.53564453125 955.872863769531 954.493225097656 952.357788085938 956.76708984375 959.110107421875 958.898559570312 951.4375 957.64697265625 970.687744140625 962.856079101562 956.656555175781 961.235961914062 965.881774902344 963.673950195312 966.655883789062 965.425415039062 969.689208984375 978.314086914062 977.320861816406 961.68798828125 964.539672851562 952.40771484375 958.273010253906 960.46728515625 961.80859375 967.909545898438 966.928833007812 967.475402832031 967.477111816406 967.672302246094 960.545532226562 961.13720703125
962.901733398438 965.558776855469 956.327026367188 955.769775390625 943.218444824219 945.640319824219 950.355041503906 955.869140625 956.037414550781 959.676452636719 957.519348144531 954.818359375 954.187072753906 955.13671875 959.483581542969 958.276977539062 960.48876953125 966.713989257812 965.210083007812 963.990661621094 957.734313964844 962.918212890625 973.481689453125 963.810546875 961.668273925781 968.195861816406 963.06298828125 957.140380859375 958.1572265625 966.197631835938 967.262268066406 967.446472167969 969.842590332031 968.638671875 963.558166503906 952.834228515625 960.897277832031 964.498168945312 965.976623535156 967.332763671875 963.003112792969 964.442016601562 954.409729003906 965.474914550781 967.4453125 968.511901855469
957.934204101562 963.423522949219 954.333374023438 961.031372070312 952.2197265625 942.712585449219 948.631530761719 955.696716308594 963.379333496094 956.768615722656 961.878173828125 960.686218261719 951.859130859375 961.781311035156 963.943542480469 962.072204589844 960.237060546875 964.723693847656 967.236938476562 961.878479003906 958.2109375 964.137451171875 970.432250976562 970.359130859375 964.849548339844 959.650512695312 965.546752929688 962.025207519531 963.740478515625 963.401916503906 971.87548828125 965.626342773438 968.702331542969 956.107299804688 956.246337890625 968.35498046875 960.873229980469 960.984558105469 964.661193847656 969.967407226562 964.96240234375 963.81396484375 970.702819824219 968.657165527344 971.3232421875 960.2236328125
953.27197265625 954.03857421875 950.721801757812 955.704284667969 944.230651855469 946.293762207031 951.657653808594 948.782409667969 953.587463378906 966.073303222656 965.013610839844 965.0087890625 960.386779785156 958.275268554688 960.152282714844 971.168884277344 966.587585449219 959.4267578125 964.034912109375 955.662475585938 962.640625 969.352294921875 970.036254882812 969.333374023438 957.711242675781 957.426513671875 961.306091308594 957.417053222656 962.184387207031 967.5986328125 965.609924316406 963.356018066406 957.517272949219 952.974975585938 958.290283203125 959.209899902344 970.638854980469 969.698303222656 974.413940429688 969.884094238281 970.711120605469 969.130493164062 974.363403320312 979.406860351562 969.973205566406 964.523864746094
