data/zlatibor_dem_simulations/DEMsim64.asc
NCOLS 150
NROWS 100
XLLCORNER 7394249
YLLCORNER 4841999
CELLSIZE 30
NODATA_VALUE -9999
[rows 0 to 19 of 100, columns 46 to 91 of 150]
981.860412597656 979.306335449219 960.791259765625 947.861572265625 946.0712890625 956.496520996094 949.357482910156 954.278564453125 956.46337890625 940.177734375 949.633544921875 958.523376464844 945.578918457031 945.36279296875 933.330383300781 932.008666992188 937.465209960938 923.07373046875 916.916625976562 905.766662597656 898.417419433594 904.398193359375 906.777404785156 918.31005859375 936.89892578125 933.823181152344 925.249633789062 924.101623535156 924.614440917969 930.871459960938 939.54833984375 949.261535644531 942.521789550781 949.25537109375 945.849365234375 951.37548828125 954.594665527344 950.555297851562 947.843627929688 942.668395996094 932.228515625 924.978637695312 934.81494140625 937.428466796875 932.560668945312 924.533874511719
985.70361328125 972.35791015625 959.214172363281 956.567565917969 956.260620117188 956.983276367188 954.809692382812 960.522155761719 961.66748046875 953.201110839844 953.77734375 955.455932617188 951.417419433594 948.289733886719 940.345336914062 943.087951660156 939.595397949219 924.933532714844 916.815612792969 909.116638183594 905.941772460938 910.463073730469 908.622985839844 915.030822753906 925.642150878906 936.92529296875 940.589477539062 936.450012207031 935.485107421875 934.840881347656 943.002990722656 953.255676269531 959.58837890625 960.506896972656 953.714538574219 954.835693359375 953.092712402344 952.064819335938 953.348937988281 947.026550292969 931.881042480469 929.500244140625 938.451721191406 940.08642578125 933.07958984375 925.167419433594
994.117980957031 982.765930175781 969.786926269531 971.564575195312 962.556884765625 963.9169921875 957.544677734375 961.431518554688 966.873413085938 961.568603515625 955.570678710938 954.439697265625 951.236206054688 941.295959472656 932.315612792969 940.989868164062 938.402587890625 931.536376953125 925.0048828125 915.78759765625 914.806457519531 915.321838378906 917.495788574219 927.231079101562 926.247680664062 943.235473632812 947.358459472656 944.892700195312 942.633666992188 946.700805664062 948.752563476562 952.048522949219 969.183166503906 973.029602050781 972.71435546875 979.627136230469 975.551513671875 960.272033691406 950.097229003906 941.094055175781 931.399780273438 939.862731933594 949.982788085938 943.277648925781 935.41162109375 927.860107421875
996.384399414062 986.024841308594 983.572631835938 968.459289550781 970.407531738281 965.44384765625 967.964233398438 967.475219726562 960.836364746094 956.276489257812 952.601867675781 957.3115234375 947.353942871094 950.895202636719 942.243225097656 944.133911132812 949.262573242188 933.928344726562 923.664672851562 917.102722167969 919.412353515625 918.901245117188 922.896728515625 923.881286621094 934.99755859375 944.657287597656 956.720520019531 960.750427246094 953.646484375 949.319641113281 956.542175292969 963.388122558594 976.191101074219 985.812133789062 1006.77789306641 996.882202148438 995.157470703125 984.643371582031 965.990600585938 954.213439941406 950.397766113281 950.076232910156 946.510192871094 942.256286621094 933.543151855469 929.245483398438
984.793884277344 994.452575683594 980.328552246094 973.198364257812 966.921875 971.238525390625 973.330871582031 972.629638671875 971.796875 967.906860351562 958.160400390625 959.73193359375 960.298767089844 950.057495117188 955.359802246094 956.19921875 957.426330566406 947.461853027344 935.26953125 930.948303222656 924.808166503906 923.479736328125 928.360595703125 935.253723144531 928.452026367188 940.4638671875 948.989196777344 958.85009765625 960.264709472656 959.765808105469 969.258056640625 985.4619140625 985.942626953125 999.075134277344 1014.40447998047 1003.94384765625 1007.19116210938 989.522521972656 983.651245117188 967.906555175781 964.552673339844 953.497863769531 953.944702148438 943.878723144531 937.969299316406 922.885498046875
973.997680664062 982.230346679688 981.73583984375 974.323547363281 973.144775390625 980.119201660156 985.875427246094 976.481567382812 973.443664550781 977.6455078125 966.691467285156 967.641784667969 963.134216308594 966.194702148438 968.462463378906 960.396362304688 957.838623046875 949.80810546875 950.480346679688 941.491333007812 934.173034667969 923.9638671875 934.433044433594 928.491088867188 937.125244140625 946.472229003906 956.974426269531 963.541809082031 970.57421875 973.261108398438 976.758422851562 989.79150390625 998.058959960938 1016.97705078125 1023.70495605469 1011.71862792969 1012.08276367188 997.040466308594 991.765625 980.168579101562 975.53662109375 960.535339355469 952.561096191406 940.989318847656 938.351806640625 929.269836425781
977.338989257812 978.027770996094 980.4560546875 982.3583984375 980.346008300781 990.790466308594 994.525024414062 990.414672851562 989.572326660156 983.080261230469 978.850036621094 971.723754882812 978.301635742188 978.031433105469 972.201110839844 969.959777832031 963.86865234375 953.539611816406 957.796691894531 947.998779296875 934.113403320312 939.127990722656 939.570068359375 941.471557617188 941.326293945312 947.39208984375 949.333618164062 958.530395507812 974.166137695312 981.6953125 992.597045898438 996.10888671875 1011.60296630859 1018.80120849609 1016.94030761719 1010.83642578125 1003.69769287109 997.741394042969 986.257873535156 979.219360351562 975.124694824219 965.201599121094 958.862365722656 946.358520507812 938.644592285156 937.634887695312
987.493408203125 985.733215332031 982.21875 989.784057617188 991.116577148438 999.751586914062 1001.29864501953 1003.69744873047 999.38720703125 995.640625 993.601013183594 997.960510253906 996.117797851562 994.284301757812 980.989135742188 974.043640136719 978.52783203125 975.671691894531 973.484069824219 953.5869140625 953.621887207031 947.8701171875 947.313354492188 949.722229003906 950.200927734375 951.433227539062 954.920288085938 957.872253417969 972.111999511719 987.375305175781 994.453674316406 1007.5244140625 1015.61968994141 1027.86926269531 1019.48510742188 1008.74700927734 1005.26361083984 996.969482421875 986.412170410156 973.070007324219 969.706237792969 964.2216796875 948.830871582031 945.525512695312 937.074462890625 932.560302734375
986.970886230469 999.146179199219 992.526123046875 991.786315917969 995.396911621094 1000.04486083984 1006.42095947266 1009.12390136719 1013.08264160156 1005.79016113281 1007.10113525391 1015.23193359375 1005.50067138672 1002.04193115234 992.443481445312 989.289184570312 979.372680664062 979.239685058594 979.658142089844 973.451599121094 974.044555664062 962.453674316406 953.997314453125 953.1279296875 951.426696777344 957.290649414062 965.817932128906 968.803100585938 974.308166503906 989.0048828125 1009.65618896484 1016.08959960938 1028.44543457031 1033.02404785156 1028.44555664062 1012.06433105469 1006.95709228516 996.4501953125 978.456481933594 970.102722167969 958.637329101562 963.952758789062 946.784912109375 943.075561523438 941.069152832031 939.584716796875
1002.79681396484 1006.30877685547 1003.03051757812 1001.39385986328 997.235534667969 1007.76696777344 1015.46508789062 1016.60864257812 1014.716796875 1019.8408203125 1013.45782470703 1009.58642578125 1011.26184082031 1000.75341796875 999.419250488281 998.122863769531 990.222595214844 982.491455078125 982.894714355469 981.3701171875 978.162658691406 978.185241699219 970.456298828125 963.372314453125 963.785888671875 974.074157714844 972.6435546875 967.64599609375 980.310729980469 985.726867675781 1008.82958984375 1018.56921386719 1037.40930175781 1036.61633300781 1024.54370117188 1018.72106933594 1007.77069091797 993.828430175781 980.4365234375 970.794738769531 963.263305664062 950.499267578125 950.385803222656 945.009399414062 942.243041992188 936.933288574219
1015.3876953125 1003.57250976562 1004.02282714844 1010.87670898438 1005.15167236328 1010.87292480469 1020.13397216797 1019.07568359375 1016.94891357422 1010.19665527344 1019.66754150391 1017.34820556641 1018.74334716797 1012.42474365234 1006.90093994141 1003.21514892578 1002.33367919922 997.404052734375 996.893371582031 1000.57287597656 994.259887695312 980.765869140625 981.789184570312 979.616882324219 975.986206054688 980.132202148438 980.429077148438 988.282653808594 987.972595214844 992.795837402344 1011.5927734375 1019.65576171875 1030.44958496094 1034.71813964844 1014.78790283203 1011.57843017578 1007.91088867188 993.129272460938 980.168640136719 968.39990234375 962.687255859375 952.389587402344 944.17236328125 943.370422363281 938.043395996094 941.618469238281
1017.93902587891 1014.75091552734 1020.06164550781 1011.09539794922 1008.49859619141 1011.96313476562 1014.04559326172 1010.64703369141 1007.27368164062 1011.32019042969 1018.57385253906 1016.30651855469 1020.45086669922 1022.13708496094 1016.23541259766 1008.16693115234 1001.40832519531 996.505493164062 999.560119628906 999.998352050781 986.198059082031 989.076843261719 985.0625 985.345336914062 983.126953125 974.330627441406 987.60693359375 996.565795898438 1002.96948242188 999.518127441406 1016.78002929688 1025.54211425781 1034.22387695312 1025.38757324219 1024.91784667969 1023.19635009766 1008.85089111328 999.412963867188 973.988464355469 972 977.237976074219 959.941955566406 955.232727050781 942.745849609375 943.703552246094 941.19189453125
1011.11077880859 1016.33514404297 1018.83471679688 1009.84539794922 1013.03399658203 1015.4970703125 1005.21563720703 1007.98132324219 1010.53942871094 1011.87481689453 1011.17565917969 1019.03363037109 1017.66021728516 1017.52142333984 1021.50982666016 1009.06182861328 1003.830078125 997.724731445312 992.620910644531 1002.72430419922 994.873718261719 980.542541503906 987.809875488281 982.117004394531 983.960388183594 981.572387695312 989.768249511719 1001.89764404297 1006.45294189453 1008.54248046875 1018.55358886719 1027.392578125 1034.12915039062 1025.95788574219 1030.36584472656 1023.32440185547 1016.12463378906 1011.36517333984 992.380676269531 985.8056640625 984.419372558594 973.183349609375 952.586853027344 941.948181152344 948.307312011719 951.043090820312
1013.63732910156 1011.49035644531 1011.51751708984 1005.45910644531 1013.08605957031 1016.99151611328 1009.55621337891 1009.89343261719 1014.80163574219 1005.26391601562 1008.14660644531 1018.35064697266 1019.04125976562 1018.05474853516 1018.7294921875 1018.36138916016 1005.41003417969 1000.21008300781 1001.67419433594 1005.71124267578 997.619262695312 984.964294433594 989.795837402344 987.411315917969 985.21923828125 990.070556640625 996.792724609375 1005.57025146484 1011.65966796875 1022.72760009766 1018.89874267578 1031.77612304688 1028.65051269531 1028.95727539062 1024.06640625 1028.50183105469 1018.73193359375 1012.13873291016 1005.43560791016 991.404113769531 982.642700195312 972.54296875 942.690856933594 946.549072265625 949.646362304688 949.377685546875
1007.02423095703 996.807678222656 993.662475585938 1002.9599609375 1008.70861816406 1009.62316894531 1004.18127441406 1009.7275390625 1013.19183349609 1009.16119384766 1012.07531738281 1017.84979248047 1022.02453613281 1013.44372558594 1020.30944824219 1016.81665039062 1015.10992431641 1016.74438476562 1009.99346923828 1013.7734375 1006.15783691406 1006.37200927734 999.109191894531 996.292785644531 993.7431640625 995.838256835938 1004.22540283203 1013.369140625 1014.95233154297 1030.9951171875 1034.94360351562 1037.34387207031 1030.51977539062 1032.39050292969 1024.537109375 1015.90258789062 1015.37390136719 1012.89886474609 1004.61108398438 1003.31976318359 991.057678222656 974.274108886719 951.436584472656 944.370483398438 940.732238769531 942.900085449219
1013.23675537109 999.52880859375 994.557495117188 997.635192871094 1010.60174560547 1005.80194091797 1009.95745849609 1005.03625488281 1017.61401367188 1015.74047851562 1013.34887695312 1025.68103027344 1026.35546875 1036.87536621094 1032.95104980469 1020.7177734375 1019.18365478516 1021.74468994141 1017.4482421875 1022.38189697266 1017.52526855469 1018.76159667969 1008.03161621094 1005.10015869141 1000.10577392578 999.995422363281 1005.94030761719 1011.73712158203 1025.76965332031 1028.25085449219 1031.74987792969 1036.521484375 1032.24267578125 1028.5791015625 1020.97027587891 1015.70935058594 1021.41314697266 1017.20666503906 1019.31231689453 1008.90051269531 990.951049804688 977.935424804688 966.744140625 955.762390136719 943.02294921875 939.1171875
1014.31378173828 1014.43298339844 998.455993652344 999.679016113281 1006.91815185547 1008.09387207031 998.974060058594 1006.12969970703 1005.98114013672 1008.84802246094 1016.0322265625 1024.2060546875 1024.76037597656 1028.98217773438 1027.05944824219 1017.95153808594 1021.18695068359 1022.13421630859 1021.75396728516 1025.46667480469 1024.37927246094 1027.74304199219 1017.15740966797 1016.33599853516 1009.31134033203 1011.28204345703 1009.6962890625 1020.43475341797 1027.71435546875 1032.02685546875 1025.35888671875 1039.92370605469 1042.24340820312 1030.85461425781 1023.17156982422 1013.56335449219 1020.68353271484 1025.66040039062 1026.56469726562 1014.70123291016 994.697937011719 982.835388183594 969.550659179688 961.740844726562 954.206115722656 950.152587890625
1015.08898925781 1002.93151855469 1002.87579345703 998.305908203125 1006.98089599609 1004.85375976562 1003.57470703125 1003.56903076172 1014.35406494141 1016.16711425781 1015.41125488281 1019.75891113281 1018.29681396484 1023.10906982422 1025.83984375 1021.63830566406 1024.96801757812 1017.78271484375 1022.52075195312 1027.94274902344 1035.08435058594 1025.35278320312 1023.85363769531 1024.00024414062 1013.39001464844 1019.76373291016 1022.00366210938 1030.15002441406 1030.73120117188 1026.93823242188 1038.67651367188 1040.11828613281 1040.73315429688 1035.07800292969 1025.79797363281 1017.71856689453 1021.94073486328 1025.12145996094 1016.64770507812 1013.8515625 996.305358886719 988.194519042969 983.501892089844 966.906799316406 968.04150390625 962.633117675781
1024.46691894531 1013.25939941406 1004.92352294922 1005.97723388672 1003.15374755859 1003.60797119141 1003.32531738281 1005.93365478516 1001.85693359375 1009.07446289062 1019.75262451172 1023.06634521484 1021.94763183594 1019.95831298828 1021.38037109375 1019.037109375 1020.00213623047 1012.11810302734 1020.74182128906 1025.51196289062 1030.94116210938 1025.94714355469 1027.294921875 1026.47595214844 1023.60827636719 1020.79937744141 1019.35974121094 1028.82104492188 1027.01489257812 1018.32263183594 1016.82946777344 1024.25964355469 1035.35388183594 1031.86157226562 1030.28833007812 1021.69763183594 1022.98260498047 1025.09399414062 1015.64916992188 1019.94152832031 1014.48999023438 1006.34613037109 997.816162109375 987.805541992188 981.786010742188 978.498474121094
1018.69293212891 1013.86663818359 1002.39526367188 1007.2568359375 1000.00823974609 1007.03839111328 997.489013671875 1002.39849853516 992.679870605469 1004.65002441406 1005.85736083984 1015.75616455078 1019.34710693359 1009.93157958984 1027.60864257812 1019.76281738281 1017.96459960938 1013.3173828125 1010.42828369141 1020.56604003906 1022.88140869141 1028.17126464844 1028.80224609375 1023.15509033203 1019.76715087891 1025.2822265625 1019.08459472656 1014.99267578125 1019.57275390625 1016.0283203125 1025.1474609375 1017.27764892578 1021.12951660156 1028.47045898438 1019.03637695312 1016.91192626953 1028.33776855469 1023.62042236328 1018.00445556641 1026.06164550781 1018.95501708984 1016.69909667969 1011.94555664062 1003.57696533203 1000.15979003906 998.069458007812
