data/zlatibor_dem_simulations/DEMsim36.asc
NCOLS 150
NROWS 100
XLLCORNER 7394249
YLLCORNER 4841999
CELLSIZE 30
NODATA_VALUE -9999
[rows 60 to 79 of 100, columns 0 to 45 of 150]
975.193054199219 967.551696777344 968.474243164062 957.287658691406 957.093139648438 960.425231933594 963.073791503906 966.194213867188 969.781555175781 969.443176269531 960.613098144531 953.6103515625 952.766540527344 948.464416503906 964.393371582031 968.857788085938 961.429565429688 954.835632324219 945.511352539062 940.063293457031 941.554626464844 944.973022460938 955.406616210938 954.542419433594 950.689270019531 942.2421875 943.2763671875 947.133972167969 951.624816894531 957.016662597656 960.520385742188 958.271911621094 952.136291503906 955.666687011719 950.479858398438 954.674499511719 950.439636230469 953.016052246094 955.608703613281 968.695068359375 962.87451171875 956.573303222656 946.892150878906 946.52001953125 954.091064453125 961.83740234375
970.828430175781 960.408203125 963.386413574219 958.918151855469 955.124389648438 963.646179199219 964.284912109375 964.94580078125 962.985168457031 965.913696289062 957.307373046875 947.654296875 951.587707519531 951.088195800781 952.5009765625 957.261840820312 958.129028320312 958.218505859375 954.748229980469 946.326293945312 953.082397460938 953.424377441406 954.872619628906 967.948486328125 956.422241210938 954.736083984375 952.170532226562 947.731750488281 947.652587890625 948.028259277344 959.722290039062 959.347229003906 953.464782714844 958.904113769531 947.076110839844 944.164916992188 949.563720703125 952.77490234375 958.922668457031 962.833251953125 958.825317382812 960.175048828125 956.680358886719 957.027465820312 952.582275390625 956.588562011719
969.142700195312 964.417907714844 960.312927246094 959.825134277344 965.421569824219 959.5166015625 959.961364746094 959.447448730469 971.990905761719 964.173828125 952.413513183594 949.317443847656 946.02734375 947.244689941406 946.604431152344 945.258178710938 945.345275878906 946.103881835938 960.143310546875 951.687744140625 961.38330078125 954.061096191406 948.11083984375 952.484130859375 956.608215332031 946.865173339844 952.155822753906 951.465148925781 951.51953125 950.552673339844 946.106140136719 949.532836914062 957.989685058594 955.414916992188 956.900085449219 954.15283203125 959.615539550781 956.476928710938 962.025573730469 959.121520996094 955.1904296875 952.556457519531 950.713439941406 945.0693359375 956.573852539062 949.908020019531
969.980224609375 961.130493164062 957.327453613281 958.914855957031 953.596557617188 960.129516601562 963.33447265625 958.090454101562 957.427001953125 959.777038574219 950.419921875 939.833984375 938.749572753906 945.684875488281 942.283386230469 944.238525390625 944.273864746094 944.227416992188 957.996520996094 955.803039550781 952.406188964844 953.646362304688 951.078674316406 944.674560546875 941.706420898438 941.902648925781 955.89111328125 956.073303222656 952.141845703125 954.870788574219 947.710327148438 949.161499023438 953.263122558594 956.358520507812 949.836730957031 962.304382324219 964.27587890625 965.940185546875 968.075012207031 961.916931152344 954.636352539062 957.301391601562 953.415710449219 943.650207519531 951.510131835938 948.825134277344
963.304870605469 957.649719238281 954.169128417969 952.847839355469 950.687133789062 954.531433105469 958.9453125 950.556335449219 948.833984375 941.063781738281 940.270385742188 940.298400878906 938.814392089844 940.866943359375 939.557312011719 944.083129882812 946.455078125 948.701904296875 953.897888183594 957.19775390625 949.439697265625 951.826354980469 949.509887695312 944.126586914062 941.062927246094 936.920715332031 944.739013671875 950.744567871094 944.102111816406 949.7158203125 956.969848632812 950.782592773438 957.857971191406 948.145935058594 950.50439453125 953.185791015625 962.816101074219 967.895751953125 962.814514160156 955.495544433594 954.511413574219 955.791320800781 958.469848632812 954.780944824219 959.885192871094 951.717651367188
952.159606933594 952.852294921875 956.7939453125 948.342407226562 948.718933105469 952.077392578125 962.382568359375 950.850463867188 940.925415039062 941.017761230469 943.607360839844 931.681945800781 940.738037109375 935.7724609375 942.649963378906 941.072326660156 945.323120117188 945.835083007812 947.774963378906 942.974670410156 943.86474609375 944.371948242188 953.279174804688 957.583068847656 949.750732421875 953.998779296875 947.597961425781 942.238952636719 940.970153808594 946.022033691406 949.402404785156 948.656921386719 957.511840820312 953.427124023438 943.583740234375 955.962280273438 958.620544433594 959.119750976562 959.35595703125 964.584289550781 958.561462402344 962.510986328125 955.372436523438 960.857055664062 964.3837890625 962.344970703125
947.34814453125 952.844848632812 959.096557617188 954.207458496094 956.60595703125 953.671691894531 953.73291015625 948.119384765625 936.447448730469 933.963256835938 942.043762207031 939.999145507812 940.103698730469 939.305480957031 946.029052734375 947.549621582031 936.639770507812 944.476928710938 953.126220703125 944.10791015625 946.932373046875 949.5791015625 951.0244140625 951.267883300781 950.928771972656 947.923889160156 949.876098632812 945.881103515625 950.607666015625 949.798278808594 950.01123046875 958.3701171875 958.829711914062 952.593078613281 951.333618164062 949.887451171875 958.744934082031 962.161926269531 962.735412597656 955.56689453125 948.263793945312 950.028869628906 957.423217773438 965.52490234375 962.733642578125 960.407470703125
950.439208984375 950.454284667969 949.354248046875 958.774597167969 947.265319824219 949.3017578125 947.591064453125 939.763793945312 936.992553710938 934.089294433594 945.5087890625 940.137634277344 943.418762207031 948.893188476562 946.78515625 950.743774414062 945.929016113281 956.806335449219 950.059753417969 948.276611328125 944.092163085938 946.154052734375 952.555419921875 953.931701660156 951.368835449219 948.586669921875 954.257202148438 955.11669921875 960.622741699219 950.094909667969 956.100769042969 955.197814941406 954.645568847656 948.742492675781 955.986877441406 961.496643066406 957.005615234375 963.180053710938 953.117736816406 949.515502929688 950.801696777344 959.662902832031 958.755187988281 964.053527832031 953.624755859375 960.112182617188
944.562683105469 947.236938476562 958.973510742188 950.31982421875 948.380981445312 942.538940429688 936.855529785156 940.569213867188 947.265319824219 937.018493652344 936.83056640625 948.052978515625 961.538024902344 953.1865234375 953.760375976562 962.443237304688 967.052673339844 959.324401855469 956.477416992188 955.460815429688 961.397583007812 956.435791015625 948.850769042969 946.149169921875 955.293518066406 954.860595703125 957.680297851562 958.977905273438 955.2138671875 952.486328125 962.053039550781 951.602416992188 955.784057617188 952.329284667969 952.110595703125 957.294128417969 958.638549804688 960.903381347656 949.240966796875 959.840759277344 961.470031738281 959.355407714844 964.057434082031 968.057250976562 963.374877929688 971.380981445312
941.318664550781 948.863159179688 955.392272949219 950.267883300781 947.341979980469 941.714599609375 933.926513671875 940.893676757812 947.363464355469 940.1396484375 942.097106933594 955.353698730469 952.622192382812 957.877319335938 965.133117675781 965.005554199219 965.7080078125 964.629760742188 960.022766113281 958.659851074219 961.909057617188 966.222351074219 958.676513671875 958.811584472656 966.197814941406 960.76953125 960.525695800781 957.987243652344 956.183227539062 960.792785644531 960.807739257812 957.244384765625 959.981323242188 954.527404785156 953.550537109375 963.581726074219 965.614624023438 957.785400390625 965.490417480469 967.082702636719 971.471130371094 969.914428710938 971.250305175781 973.22412109375 974.986572265625 981.010620117188
953.663513183594 948.91259765625 966.509643554688 952.091979980469 938.119201660156 934.008911132812 936.063598632812 934.132263183594 946.216674804688 943.459655761719 956.912353515625 964.573791503906 965.615112304688 974.673706054688 966.912902832031 975.179504394531 974.845397949219 968.686157226562 964.923278808594 968.544372558594 965.174621582031 966.007751464844 967.711791992188 968.708557128906 967.313049316406 966.792419433594 962.890197753906 960.799194335938 967.14697265625 966.788452148438 957.455627441406 963.165405273438 957.35595703125 962.140930175781 954.244750976562 966.177734375 974.368408203125 970.701171875 968.304382324219 979.923095703125 982.715148925781 978.425720214844 974.607055664062 974.167053222656 978.887573242188 983.455444335938
945.732055664062 946.252807617188 952.65234375 942.915710449219 936.464721679688 934.484558105469 935.92333984375 938.233520507812 945.7451171875 936.750061035156 948.63818359375 962.07275390625 966.533752441406 974.080932617188 980.835388183594 979.137939453125 980.643432617188 981.093627929688 974.428283691406 975.182006835938 969.968322753906 977.126281738281 979.273376464844 980.352294921875 974.704772949219 967.566467285156 964.496520996094 957.124084472656 965.494506835938 966.261352539062 961.94580078125 957.067138671875 959.853820800781 959.720886230469 967.327087402344 972.716369628906 965.942687988281 976.556701660156 976.345092773438 984.792907714844 982.071350097656 984.692260742188 981.917724609375 976.703552246094 982.239868164062 985.875732421875
937.830322265625 940.35205078125 951.395690917969 945.420227050781 934.092590332031 928.578125 933.317504882812 938.546691894531 952.042541503906 946.533020019531 956.802490234375 958.369262695312 966.74462890625 980.513305664062 982.785034179688 978.72216796875 981.144104003906 993.218566894531 987.432983398438 977.869201660156 980.332336425781 978.986389160156 981.686096191406 982.295715332031 976.189331054688 962.093872070312 966.762756347656 965.733520507812 966.796508789062 958.660949707031 958.705932617188 964.641845703125 965.600891113281 968.662414550781 974.872253417969 981.196411132812 972.457763671875 975.258666992188 970.782470703125 979.803283691406 986.367492675781 994.282775878906 992.812316894531 989.978210449219 980.349487304688 987.852905273438
937.705017089844 938.578186035156 937.365112304688 940.367065429688 936.300720214844 932.569396972656 937.916870117188 939.152648925781 948.591674804688 951.450012207031 961.231384277344 969.078735351562 970.783508300781 973.199279785156 977.186828613281 979.033386230469 982.577270507812 983.942626953125 976.607727050781 976.379028320312 983.992248535156 978.340393066406 978.715637207031 981.147216796875 970.7783203125 964.440307617188 965.869323730469 975.208923339844 976.601867675781 968.481811523438 962.069213867188 968.641174316406 977.54736328125 981.939514160156 983.993347167969 981.030883789062 977.108459472656 981.426147460938 978.220825195312 986.815124511719 998.379943847656 1000.70886230469 992.280395507812 991.033142089844 990.251770019531 996.208435058594
932.230529785156 932.59033203125 938.588684082031 933.898559570312 940.107666015625 937.906311035156 935.205383300781 943.860412597656 946.700073242188 950.833984375 958.283813476562 964.777648925781 971.54541015625 973.52978515625 972.433715820312 977.845520019531 979.201904296875 979.789001464844 983.183166503906 970.7373046875 980.372436523438 981.659423828125 981.157287597656 973.620544433594 979.13818359375 969.174926757812 977.622619628906 965.727233886719 965.955261230469 967.59326171875 971.216186523438 968.8427734375 977.948303222656 982.420471191406 980.95556640625 979.765869140625 973.541320800781 966.251403808594 976.362548828125 983.085388183594 990.883239746094 1000.78851318359 1005.34924316406 1003.20831298828 1007.87890625 996.55908203125
924.735046386719 929.315246582031 927.1318359375 928.332580566406 933.443115234375 936.553833007812 939.791076660156 939.077270507812 937.492980957031 947.933715820312 949.624633789062 956.512756347656 970.886596679688 975.736267089844 968.206420898438 976.031311035156 980.804565429688 980.713500976562 975.936889648438 972.759460449219 978.577697753906 980.97216796875 984.190307617188 992.134643554688 981.573425292969 978.021545410156 984.359985351562 978.112609863281 966.804321289062 972.340759277344 978.238098144531 976.531372070312 982.646362304688 976.466186523438 975.893005371094 978.361999511719 974.044921875 970.63818359375 978.519409179688 992.023254394531 999.217041015625 1002.23834228516 1015.67645263672 1014.38354492188 1003.06512451172 1005.43353271484
923.9677734375 935.700439453125 941.694396972656 932.850891113281 922.257568359375 933.671081542969 936.10888671875 929.132080078125 931.41943359375 938.096069335938 952.044189453125 949.809631347656 962.1357421875 966.549377441406 976.900146484375 978.610168457031 986.598999023438 985.408325195312 980.914978027344 977.409301757812 977.896423339844 993.823303222656 992.029418945312 997.429626464844 990.05419921875 986.249267578125 989.848754882812 983.038208007812 984.195922851562 985.239562988281 984.290466308594 982.73681640625 982.179321289062 970.358093261719 975.881652832031 984.304138183594 986.847473144531 977.686340332031 976.410278320312 994.158020019531 1001.91259765625 1010.18078613281 1014.67230224609 1016.73547363281 1013.21478271484 1004.45190429688
938.726867675781 943.670471191406 939.322631835938 932.979797363281 921.606994628906 927.44873046875 928.159973144531 924.080932617188 937.930297851562 938.138305664062 954.666320800781 957.578002929688 958.153442382812 975.300720214844 986.233154296875 983.96337890625 981.081481933594 983.291320800781 974.82275390625 974.641479492188 978.129516601562 984.564147949219 998.001159667969 994.415832519531 994.376098632812 998.226623535156 987.888732910156 981.572998046875 977.401977539062 984.434448242188 984.83642578125 977.839294433594 981.011901855469 976.889404296875 981.70361328125 985.630554199219 989.465515136719 972.635681152344 979.97314453125 994.942016601562 1003.59106445312 1004.55981445312 1011.27777099609 1008.50115966797 1014.04705810547 1011.43438720703
940.313781738281 937.364135742188 935.536682128906 934.390502929688 925.148193359375 925.009521484375 931.757568359375 931.619995117188 929.867431640625 941.973205566406 942.826293945312 951.780212402344 959.283874511719 969.564270019531 982.854370117188 980.937866210938 982.168762207031 977.478515625 970.69921875 969.298278808594 973.518676757812 985.495788574219 989.017639160156 992.769958496094 993.442626953125 997.617858886719 987.423767089844 983.890686035156 983.0341796875 981.017700195312 981.918640136719 984.020080566406 981.825256347656 983.015563964844 982.4384765625 985.142578125 988.6015625 993.356567382812 990.720031738281 995.739379882812 997.013671875 997.219177246094 994.437072753906 1003.203125 1002.87054443359 1008.14990234375
935.701538085938 937.043579101562 931.260986328125 924.829284667969 935.406677246094 927.963073730469 942.016784667969 938.5234375 932.380615234375 938.202758789062 947.336242675781 955.238342285156 967.002136230469 975.803894042969 979.12109375 979.445678710938 981.142822265625 977.853637695312 969.627380371094 965.544372558594 976.803894042969 981.734252929688 992.635375976562 991.399108886719 988.677551269531 991.695190429688 989.885009765625 992.037780761719 984.249938964844 983.240966796875 977.735412597656 983.368591308594 984.348083496094 977.888000488281 978.636657714844 988.069946289062 985.186279296875 998.358581542969 999.434753417969 1002.37561035156 999.663391113281 994.183776855469 988.784606933594 994.978942871094 1007.087890625 994.61767578125
