data/zlatibor_dem_simulations/DEMsim56.asc
NCOLS 150
NROWS 100
XLLCORNER 7394249
YLLCORNER 4841999
CELLSIZE 30
NODATA_VALUE -9999
[rows 60 to 79 of 100, columns 92 to 137 of 150]
970.782165527344 971.472351074219 966.284423828125 968.728088378906 969.807434082031 973.428466796875 963.921447753906 969.508728027344 982.768310546875 982.825256347656 992.093811035156 995.698181152344 993.224975585938 996.2490234375 998.496643066406 994.500610351562 990.793762207031 993.156799316406 1000.04077148438 995.566772460938 1000.37512207031 996.10888671875 994.923706054688 1000.70355224609 1004.25506591797 996.906311035156 990.936218261719 989.224914550781 998.830322265625 1001.61114501953 1000.71514892578 1003.12377929688 1008.5947265625 1022.74072265625 1034.3837890625 1028.89965820312 1020.376953125 1024.59399414062 1032.11877441406 1038.02221679688 1040.39819335938 1040.267578125 1050.39038085938 1058.74890136719 1062.14611816406 1065.255859375
964.680419921875 964.420654296875 965.94921875 965.434020996094 971.092651367188 966.806396484375 977.605224609375 968.997497558594 969.477783203125 985.333862304688 990.291748046875 988.486694335938 989.794921875 995.300964355469 999.480773925781 989.235168457031 990.533996582031 998.531066894531 994.970886230469 1007.84228515625 1002.70355224609 994.94287109375 1006.87359619141 1013.89428710938 1012.34252929688 1000.71270751953 988.158935546875 992.402404785156 995.039306640625 1002.43676757812 1002.15502929688 1007.23864746094 1007.22296142578 1015.71752929688 1021.17199707031 1020.91162109375 1014.99401855469 1022.76293945312 1023.89532470703 1035.35009765625 1041.80847167969 1047.30517578125 1048.8134765625 1045.66748046875 1050.86486816406 1056.72412109375
964.011291503906 975.836853027344 971.813049316406 981.448425292969 974.739807128906 974.936584472656 983.020202636719 971.33984375 982.552978515625 985.474731445312 994.041809082031 988.110961914062 990.624755859375 1000.84368896484 992.480102539062 994.333312988281 999.5263671875 1002.09893798828 1003.54193115234 1009.28637695312 998.45458984375 1002.16363525391 1008.97082519531 1008.97119140625 1005.07482910156 1001.20690917969 1003.87872314453 994.601989746094 995.672119140625 1003.08190917969 1001.11322021484 1002.69079589844 1007.83966064453 1014.10754394531 1019.50897216797 1014.72039794922 1018.62829589844 1022.94702148438 1026.33166503906 1028.50366210938 1039.80090332031 1048.13891601562 1050.23498535156 1046.11755371094 1044.72814941406 1048.47009277344
963.628356933594 971.005737304688 976.953308105469 982.089782714844 984.986633300781 977.287719726562 980.3271484375 977.8134765625 982.686157226562 978.44287109375 983.860778808594 990.367370605469 987.751770019531 998.281860351562 1000.47845458984 1004.52990722656 1006.56011962891 1005.70782470703 1004.45288085938 1002.48773193359 996.058166503906 1004.14135742188 1002.12261962891 1009.375 1016.64654541016 1016.3916015625 1013.42529296875 1009.69909667969 1010.67602539062 1014.77239990234 1013.88195800781 1019.41430664062 1010.46954345703 1011.35101318359 1021.86120605469 1020.17810058594 1019.19409179688 1022.24468994141 1031.06945800781 1040.71423339844 1028.92102050781 1039.45251464844 1045.51232910156 1049.51586914062 1041.31127929688 1037.63952636719
976.745300292969 973.050598144531 969.204833984375 984.269165039062 980.066467285156 984.449768066406 985.775512695312 979.836059570312 972.209655761719 973.95849609375 977.997619628906 989.368225097656 989.486694335938 993.329406738281 1007.70300292969 999.723327636719 1004.28546142578 1005.67193603516 1005.93371582031 1016.88482666016 1010.95111083984 1023.9033203125 1016.90612792969 1023.12921142578 1024.89282226562 1028.05859375 1020.67053222656 1019.51068115234 1023.21539306641 1017.53411865234 1017.90844726562 1023.65289306641 1027.34533691406 1017.12371826172 1032.79284667969 1033.31567382812 1027.09594726562 1022.34906005859 1030.306640625 1033.04516601562 1029.70825195312 1029.75915527344 1032.23352050781 1040.12805175781 1036.85375976562 1041.20349121094
979.799560546875 975.187194824219 975.561340332031 981.742065429688 984.785461425781 984.554748535156 988.034423828125 971.939453125 971.195129394531 980.930908203125 978.280395507812 982.295043945312 993.175354003906 991.09423828125 1005.99847412109 998.371459960938 1004.56701660156 1002.51898193359 1020.01568603516 1016.03796386719 1023.49548339844 1023.29711914062 1026.55749511719 1029.30725097656 1036.19897460938 1035.88464355469 1038.19189453125 1022.53790283203 1027.50439453125 1028.35290527344 1027.44140625 1018.14013671875 1031.4111328125 1027.7109375 1029.96398925781 1031.31701660156 1029.10314941406 1022.20074462891 1026.16137695312 1017.28833007812 1022.60998535156 1015.86627197266 1028.10302734375 1023.75573730469 1032.17626953125 1038.88354492188
977.38623046875 978.465393066406 985.491638183594 991.061767578125 990.494018554688 991.840698242188 986.036499023438 990.125549316406 987.913146972656 991.422485351562 978.595336914062 977.639587402344 978.0986328125 989.01220703125 995.404907226562 994.162719726562 1001.06713867188 1005.02905273438 1017.90405273438 1024.68127441406 1022.29272460938 1028.51403808594 1034.38427734375 1031.13305664062 1035.58581542969 1044.35412597656 1046.52673339844 1030.63220214844 1039.79858398438 1034.7666015625 1028.03161621094 1028.5791015625 1028.00073242188 1031.60388183594 1027.62768554688 1031.64379882812 1028.95678710938 1027.77307128906 1024.34692382812 1017.57745361328 1016.21069335938 1025.97583007812 1023.15417480469 1019.87121582031 1030.53820800781 1028.54968261719
984.851379394531 983.554443359375 982.201477050781 986.040405273438 990.163452148438 990.79736328125 987.372680664062 991.080810546875 986.966125488281 988.389831542969 989.427062988281 984.827880859375 985.606018066406 991.314819335938 989.042846679688 991.611083984375 989.114318847656 1005.38537597656 1014.15051269531 1025.85302734375 1024.07568359375 1022.03955078125 1030.88391113281 1031.02038574219 1040.73706054688 1052.25927734375 1045.05712890625 1031.775390625 1033.30212402344 1037.25573730469 1037.52001953125 1034.92163085938 1031.44116210938 1029.62280273438 1033.79663085938 1031.87646484375 1038.46594238281 1023.71624755859 1021.18725585938 1012.80328369141 1006.63970947266 1012.376953125 1017.71905517578 1019.67712402344 1024.73999023438 1030.99768066406
982.4208984375 987.119750976562 986.324890136719 990.817687988281 987.47265625 991.204162597656 994.812927246094 992.909362792969 994.4521484375 1002.90576171875 1004.97119140625 999.238891601562 1000.01770019531 995.973388671875 990.706237792969 997.897277832031 995.245422363281 1008.37225341797 1012.95806884766 1023.59741210938 1023.60192871094 1015.27807617188 1032.49462890625 1032.80847167969 1046.22924804688 1056.7783203125 1048.90026855469 1042.75036621094 1040.86779785156 1040.74401855469 1039.03442382812 1034.02722167969 1032.57971191406 1032.67980957031 1028.0849609375 1019.93176269531 1027.46264648438 1020.74963378906 1017.36657714844 1020.736328125 1010.68145751953 1010.46374511719 1014.24700927734 1008.15484619141 1009.84301757812 1022.61224365234
985.425720214844 992.078063964844 981.612731933594 989.435729980469 988.418090820312 998.116638183594 997.682434082031 996.636535644531 1002.41662597656 1009.19757080078 997.255615234375 1001.36291503906 1004.12774658203 1002.27685546875 989.654479980469 1005.85809326172 1009.09020996094 1018.72454833984 1020.25567626953 1019.44641113281 1025.43054199219 1029.3408203125 1038.7021484375 1042.48901367188 1041.40795898438 1046.85583496094 1041.22216796875 1051.90234375 1047.48706054688 1046.50085449219 1038.78283691406 1037.70617675781 1027.95690917969 1030.5869140625 1032.17736816406 1022.51525878906 1016.99078369141 1016.13446044922 1015.57824707031 1016.45288085938 1015.96636962891 1016.48266601562 1005.0869140625 1015.91400146484 1009.73583984375 1019.43420410156
988.910766601562 990.102294921875 985.5087890625 983.999145507812 986.931518554688 989.986267089844 1003.04309082031 1000.78674316406 1004.29595947266 1003.30975341797 1001.51513671875 991.405456542969 1003.02142333984 998.382263183594 999.318969726562 1000.31127929688 1016.63104248047 1016.93408203125 1019.48541259766 1022.87054443359 1026.08422851562 1023.9052734375 1027.30432128906 1036.24133300781 1039.6591796875 1047.50170898438 1050.81567382812 1056.84265136719 1051.99548339844 1044.41540527344 1048.84118652344 1038.18786621094 1025.466796875 1027.71472167969 1019.81317138672 1021.1484375 1015.2197265625 1023.06085205078 1024.44470214844 1021.99597167969 1016.20745849609 1010.47003173828 1012.23376464844 1005.32635498047 1011.70159912109 1020.44213867188
994.108093261719 989.289855957031 994.4814453125 1001.19116210938 989.358459472656 994.88232421875 1006.46783447266 1008.15142822266 1003.75091552734 1000.96368408203 999.01806640625 995.206787109375 1000.99676513672 997.016357421875 1009.06475830078 1002.87322998047 1012.55078125 1017.44378662109 1020.93255615234 1030.57556152344 1028.64416503906 1026.80334472656 1029.23559570312 1035.18566894531 1037.17834472656 1038.28918457031 1044.90405273438 1049.34033203125 1056.13293457031 1049.45861816406 1031.59936523438 1037.76623535156 1028.23620605469 1030.16284179688 1026.39453125 1017.95690917969 1015.17645263672 1016.68707275391 1023.90252685547 1020.15087890625 1025.15881347656 1022.98126220703 1013.72857666016 1012.35528564453 1013.5859375 1017.90869140625
992.543029785156 988.474792480469 993.929565429688 999.354919433594 1001.35632324219 998.797119140625 1008.77355957031 1000.21856689453 999.62890625 1006.99029541016 998.126098632812 994.381225585938 997.112365722656 990.052734375 998.651428222656 1002.43127441406 1017.08721923828 1022.22937011719 1016.59826660156 1022.4033203125 1021.05383300781 1025.95703125 1031.18298339844 1038.34069824219 1040.17065429688 1046.61926269531 1044.46557617188 1041.83837890625 1044.09106445312 1041.15380859375 1032.1142578125 1036.17126464844 1034.23132324219 1029.75952148438 1021.03753662109 1009.79962158203 1004.38812255859 1003.22869873047 1011.07897949219 1022.98028564453 1027.82983398438 1026.57189941406 1022.59918212891 1020.12213134766 1022.83282470703 1019.66284179688
987.006164550781 991.693176269531 995.855712890625 994.870483398438 1003.75256347656 1002.52490234375 1004.56475830078 1004.03143310547 1003.84631347656 1003.91094970703 1000.00274658203 1000.638671875 993.594665527344 997.691833496094 991.928100585938 1006.54174804688 1014.86267089844 1020.93041992188 1021.97039794922 1019.15411376953 1023.49285888672 1028.06372070312 1024.81262207031 1031.30651855469 1034.72241210938 1027.42700195312 1031.486328125 1038.88488769531 1034.64721679688 1031.80810546875 1025.26745605469 1030.484375 1030.56433105469 1034.62915039062 1012.47766113281 1008.01916503906 1008.12225341797 1006.08441162109 1005.14410400391 1016.98931884766 1022.38903808594 1021.8076171875 1017.87237548828 1017.73315429688 1016.92547607422 1010.93206787109
985.478454589844 992.183898925781 1000.02478027344 1000.69610595703 1006.24359130859 1003.42218017578 999.307739257812 1002.52264404297 993.677307128906 1011.04797363281 1003.9140625 1002.28826904297 1003.97265625 997.803588867188 991.2734375 1004.2724609375 1011.98828125 1017.81878662109 1022.23608398438 1028.05920410156 1034.01416015625 1030.25646972656 1022.84069824219 1026.47143554688 1021.57342529297 1021.98034667969 1028.05395507812 1032.44384765625 1033.50036621094 1033.29174804688 1032.1982421875 1024.67639160156 1029.36804199219 1023.06958007812 1009.79907226562 1002.76324462891 998.424743652344 1004.37878417969 1003.70550537109 1008.54449462891 1015.56085205078 1016.34411621094 1014.15710449219 1013.21850585938 1015.20373535156 1010.34344482422
985.928527832031 992.348022460938 992.82763671875 1001.46221923828 995.929992675781 1002.74475097656 997.742553710938 1000.37274169922 1003.79028320312 1006.96179199219 1013.64709472656 1007.84881591797 1004.49255371094 1001.47375488281 1000.87542724609 995.966918945312 1011.34527587891 1020.53216552734 1026.57836914062 1028.48156738281 1035.38305664062 1032.33764648438 1026.77221679688 1019.66412353516 1025.630859375 1021.23278808594 1018.73168945312 1026.01330566406 1036.84582519531 1037.82653808594 1028.73693847656 1022.99523925781 1027.98876953125 1015.55145263672 1006.25811767578 1000.69171142578 998.0361328125 1005.00451660156 1006.33581542969 1008.93664550781 1007.0556640625 1008.51031494141 1017.3212890625 1019.38171386719 1020.3115234375 1014.52789306641
990.385498046875 991.539733886719 997.953674316406 1002.82238769531 999.2568359375 1001.58441162109 994.106201171875 1003.93829345703 1008.11444091797 1016.26556396484 1015.56311035156 1009.72479248047 1001.72821044922 1006.25531005859 1004.65484619141 1007.775390625 1010.84655761719 1019.81005859375 1037.833984375 1038.67236328125 1033.76745605469 1028.86975097656 1030.76489257812 1025.91870117188 1025.08081054688 1018.32257080078 1016.48614501953 1028.74951171875 1031.08349609375 1030.587890625 1034.34509277344 1023.5068359375 1023.68389892578 1018.91168212891 1003.97021484375 1005.67614746094 1004.36639404297 1003.98315429688 1008.93048095703 1004.92065429688 1004.16412353516 1009.1943359375 1011.3330078125 1012.66375732422 1006.58666992188 1009.74768066406
994.160583496094 995.707275390625 993.430053710938 998.5791015625 1006.04943847656 1003.3544921875 994.635375976562 1002.07189941406 1005.00421142578 1009.69885253906 1010.41943359375 1007.58642578125 1010.99768066406 1004.17138671875 1006.70544433594 1008.06182861328 1019.57153320312 1031.22973632812 1040.78137207031 1045.13610839844 1044.14038085938 1036.13854980469 1030.77673339844 1032.21118164062 1032.94384765625 1029.58862304688 1029.18542480469 1022.75158691406 1024.36572265625 1023.58068847656 1024.9033203125 1020.83135986328 1016.79193115234 1020.40863037109 1012.57098388672 1002.39984130859 1006.76953125 999.052124023438 999.640319824219 999.5126953125 1000.31024169922 1008.14715576172 1002.39129638672 1004.810546875 999.711242675781 999.864685058594
997.698364257812 994.80029296875 991.692687988281 1004.15856933594 998.526062011719 995.567932128906 1004.99127197266 1002.39324951172 1006.33502197266 1011.06072998047 1014.44750976562 1010.46020507812 1007.48132324219 1005.61053466797 1008.39495849609 1018.14483642578 1021.552734375 1028.84997558594 1040.40783691406 1049.17932128906 1044.92053222656 1031.43212890625 1031.10705566406 1032.78698730469 1025.77978515625 1028.87622070312 1026.18200683594 1017.134765625 1017.76104736328 1016.51818847656 1011.37396240234 1011.90765380859 1013.99572753906 1009.17419433594 1017.09503173828 1011.95654296875 1012.67578125 1010.98498535156 1006.00543212891 995.607055664062 995.671875 998.7666015625 994.181091308594 990.389526367188 995.7373046875 994.661254882812
989.610412597656 989.417541503906 992.4765625 998.758544921875 1010.53234863281 998.409362792969 1002.66619873047 1004.95690917969 1005.90319824219 1007.49774169922 1009.28619384766 1006.87707519531 1006.82952880859 998.841979980469 1012.19909667969 1020.12200927734 1023.85546875 1035.89294433594 1043.39868164062 1040.92272949219 1035.21643066406 1029.37829589844 1027.51647949219 1022.49176025391 1030.15466308594 1024.69006347656 1031.2080078125 1017.24011230469 1011.09161376953 1012.68707275391 1011.49908447266 999.168395996094 1000.48950195312 1007.45288085938 1014.9794921875 1008.287109375 1007.05206298828 1012.3701171875 994.235290527344 992.100219726562 995.785278320312 992.409362792969 993.207214355469 1004.97845458984 997.335021972656 997.011291503906
