data/zlatibor_dem_simulations/DEMsim56.asc
NCOLS 150
NROWS 100
XLLCORNER 7394249
YLLCORNER 4841999
CELLSIZE 30
NODATA_VALUE -9999
[rows 20 to 39 of 100, columns 92 to 137 of 150]
988.898803710938 999.784790039062 1009.16577148438 1014.43530273438 1006.98834228516 1008.97729492188 1008.14520263672 1002.97961425781 1001.62994384766 998.014953613281 991.928649902344 992.325561523438 989.024536132812 983.930969238281 976.910339355469 974.881958007812 976.464111328125 967.717895507812 965.694763183594 959.897094726562 960.326538085938 944.016723632812 946.198486328125 944.326232910156 932.711364746094 932.46142578125 939.811950683594 950.959106445312 962.228576660156 983.852783203125 994.683837890625 998.919372558594 1008.08508300781 1013.08856201172 1017.98669433594 1027.75854492188 1027.47106933594 1036.771484375 1044.3876953125 1048.09143066406 1051.92077636719 1063.22875976562 1078.00610351562 1073.07873535156 1068.48156738281 1066.56494140625
1006.4345703125 1010.33618164062 1023.25817871094 1016.58758544922 1016.68499755859 1017.13677978516 1010.53948974609 1008.068359375 997.16552734375 993.933959960938 995.829956054688 1000.33825683594 986.055847167969 984.757080078125 982.895263671875 982.159545898438 974.712341308594 972.981079101562 968.470275878906 967.922790527344 961.792907714844 946.170166015625 944.8271484375 939.074890136719 938.458068847656 945.380981445312 950.283813476562 954.853820800781 972.390258789062 989.998413085938 998.316223144531 1003.34283447266 1010.17144775391 1020.38891601562 1019.55249023438 1033.06860351562 1040.30432128906 1041.49475097656 1044.87060546875 1049.76684570312 1058.4765625 1064.35754394531 1068.0947265625 1053.31628417969 1056.01623535156 1051.21496582031
1023.82641601562 1023.42718505859 1028.43041992188 1025.98217773438 1018.05218505859 1015.52252197266 1005.40509033203 1002.98315429688 994.881896972656 996.589782714844 1001.17486572266 992.021545410156 995.528503417969 994.657836914062 987.718078613281 986.796569824219 979.086975097656 973.144226074219 961.872924804688 963.500366210938 949.688842773438 943.979125976562 939.60791015625 938.349487304688 935.613037109375 946.720642089844 962.612854003906 968.058959960938 984.717956542969 1001.71899414062 1007.09893798828 1007.53253173828 1012.72375488281 1026.10388183594 1030.67700195312 1025.56628417969 1039.7607421875 1042.68884277344 1051.09252929688 1051.42602539062 1048.82922363281 1055.57653808594 1060.69775390625 1056.6669921875 1047.76513671875 1053.37866210938
1024.92468261719 1027.59887695312 1024.783203125 1022.21887207031 1012.26293945312 1016.44708251953 1015.38714599609 1013.06323242188 1015.88684082031 996.114624023438 994.174377441406 998.542785644531 1002.40502929688 1001.74780273438 995.46533203125 995.872192382812 985.104309082031 966.174255371094 951.73486328125 958.056274414062 951.275146484375 941.975402832031 940.948852539062 934.166198730469 934.348999023438 946.323547363281 965.526977539062 970.785827636719 991.928527832031 1008.37640380859 1014.98522949219 1002.74920654297 1018.25128173828 1028.26086425781 1030.42700195312 1037.48156738281 1041.06237792969 1052.69018554688 1050.75390625 1046.09326171875 1046.48657226562 1052.67028808594 1058.37487792969 1052.00415039062 1051.46716308594 1054.60229492188
1021.01348876953 1023.81701660156 1020.75848388672 1024.35021972656 1018.73767089844 1019.93591308594 1015.17614746094 1010.16729736328 1012.00384521484 1005.70361328125 999.427734375 1005.25756835938 1013.54376220703 1010.86444091797 1008.60650634766 992.824462890625 987.506103515625 966.895874023438 943.856628417969 946.148071289062 942.53662109375 943.391784667969 940.240661621094 945.853576660156 949.311340332031 955.664184570312 962.830017089844 983.302856445312 992.602661132812 1003.72589111328 1007.90093994141 1015.32507324219 1024.45812988281 1027.15686035156 1032.59924316406 1039.87023925781 1041.98327636719 1047.27087402344 1043.43835449219 1042.77197265625 1047.7763671875 1048.86926269531 1058.64709472656 1051.23864746094 1043.4150390625 1049.11682128906
1018.05444335938 1026.43481445312 1026.46545410156 1023.86389160156 1027.85180664062 1022.05187988281 1020.72985839844 1020.10052490234 1008.74255371094 998.520263671875 1003.5712890625 1009.21856689453 1016.14471435547 1018.67761230469 1014.4755859375 993.690795898438 981.741577148438 972.853149414062 963.14501953125 949.804382324219 938.335266113281 942.020812988281 939.808410644531 941.531372070312 951.30126953125 957.290161132812 966.198303222656 983.457336425781 991.939697265625 1006.26239013672 1011.16754150391 1020.98040771484 1026.15319824219 1031.98547363281 1035.45520019531 1039.576171875 1041.87622070312 1045.12719726562 1047.67578125 1049.27319335938 1054.85571289062 1048.5419921875 1047.82348632812 1048.74743652344 1048.05432128906 1045.14819335938
1022.16094970703 1031.61877441406 1038.91394042969 1027.03271484375 1025.49267578125 1022.94116210938 1021.27996826172 1012.04132080078 1011.19964599609 1005.92718505859 999.765380859375 1005.24639892578 1010.25164794922 1013.16656494141 997.815795898438 990.446472167969 986.402709960938 976.165283203125 968.170349121094 952.245361328125 943.805786132812 948.975280761719 939.158996582031 944.87939453125 949.863708496094 954.648315429688 969.105529785156 980.103515625 991.221801757812 1006.71203613281 1015.76196289062 1020.65698242188 1021.75427246094 1025.63330078125 1038.67553710938 1039.48364257812 1036.64782714844 1047.96057128906 1048.53112792969 1054.03173828125 1043.5341796875 1049.00842285156 1056.60681152344 1054.00524902344 1053.54858398438 1046.47973632812
1030.19689941406 1035.37475585938 1034.25280761719 1030.06945800781 1020.74310302734 1015.17242431641 1019.05456542969 1014.83032226562 1005.96185302734 1005.22210693359 1001.46527099609 996.697998046875 994.127990722656 1003.44708251953 998.607238769531 992.666931152344 987.392517089844 975.146728515625 968.604370117188 959.255493164062 950.793701171875 949.012451171875 948.78955078125 948.774780273438 953.282653808594 963.892822265625 965.948120117188 972.790771484375 1000.35241699219 1014.21978759766 1018.49359130859 1023.76159667969 1030.65759277344 1037.60339355469 1037.62915039062 1034.8671875 1035.47131347656 1041.53356933594 1045.87670898438 1042.83081054688 1042.03210449219 1038.828125 1044.56188964844 1045.40466308594 1040.01428222656 1040.57727050781
1021.16680908203 1024.15612792969 1023.61932373047 1020.56555175781 1022.23937988281 1017.7373046875 1019.01019287109 1013.64251708984 1007.54449462891 1001.32403564453 1005.54333496094 998.945251464844 992.432189941406 1001.59350585938 994.617797851562 986.635803222656 980.881896972656 980.945861816406 979.973693847656 958.680419921875 957.477844238281 945.734741210938 951.650817871094 956.578369140625 964.677124023438 959.319702148438 962.355834960938 979.043212890625 994.638793945312 1012.390625 1024.84655761719 1023.30987548828 1027.74499511719 1030.17614746094 1043.33752441406 1044.16198730469 1042.52612304688 1038.46215820312 1039.94592285156 1034.12609863281 1025.46252441406 1033.86511230469 1029.52319335938 1030.49206542969 1036.58532714844 1031.69201660156
1016.44232177734 1024.24841308594 1029.59582519531 1026.25537109375 1023.78161621094 1020.28497314453 1014.21331787109 1018.63330078125 1010.72033691406 1006.33148193359 1003.89813232422 994.119079589844 997.146057128906 991.694152832031 991.469787597656 990.048645019531 991.247497558594 977.802917480469 976.197692871094 967.074157714844 948.935913085938 943.745666503906 943.280212402344 950.812683105469 959.737060546875 966.627502441406 972.645751953125 977.206787109375 996.05859375 1001.98510742188 1018.57397460938 1016.28302001953 1015.10369873047 1029.50793457031 1034.91223144531 1040.28198242188 1037.05773925781 1046.42468261719 1045.6533203125 1023.94573974609 1030.15698242188 1030.05688476562 1028.03344726562 1026.2314453125 1023.30108642578 1025.64697265625
1019.47546386719 1025.05114746094 1032.80151367188 1021.64141845703 1018.10766601562 1015.43865966797 1017.08404541016 1014.99346923828 1014.43395996094 1011.93225097656 1009.05108642578 1008.603515625 1001.51220703125 999.794982910156 1002.70239257812 987.984802246094 986.355895996094 977.92919921875 975.192443847656 973.280578613281 958.911071777344 947.791625976562 940.151184082031 937.880859375 957.301513671875 957.776123046875 972.063903808594 983.51025390625 992.364929199219 992.960205078125 1008.65521240234 1021.58471679688 1018.67523193359 1015.97564697266 1025.7470703125 1026.94067382812 1027.15954589844 1028.30310058594 1037.34655761719 1026.89489746094 1019.68212890625 1026.47229003906 1027.17578125 1025.03979492188 1023.36114501953 1022.84252929688
1007.48950195312 1019.08740234375 1019.54962158203 1011.42596435547 1020.74890136719 1007.46228027344 1010.00897216797 1012.83288574219 1015.58911132812 1010.90399169922 1010.79364013672 1011.49066162109 1001.7763671875 999.828430175781 1004.45623779297 999.087890625 987.381652832031 985.36376953125 980.018798828125 971.946655273438 970.104736328125 948.559143066406 952.65966796875 952.227172851562 958.0419921875 960.428527832031 968.617980957031 988.039245605469 994.327331542969 991.438720703125 1001.67907714844 1012.73492431641 1018.20989990234 1023.46966552734 1024.30102539062 1032.07958984375 1027.88891601562 1027.67065429688 1029.13781738281 1027.92138671875 1020.5986328125 1016.75439453125 1014.2578125 1019.46447753906 1023.53112792969 1029.28454589844
1016.43005371094 1003.16442871094 1007.43243408203 1013.46331787109 1005.95867919922 1008.57147216797 1008.77374267578 1010.95422363281 1007.42236328125 1003.36499023438 1012.76104736328 1007.00244140625 1012.68841552734 1004.64715576172 999.026123046875 993.043640136719 1000.43231201172 985.8037109375 983.542907714844 978.698608398438 977.138488769531 952.413940429688 948.624572753906 962.957946777344 963.199340820312 968.254089355469 965.138549804688 978.470642089844 991.318176269531 992.498718261719 1001.65240478516 1010.27160644531 1018.19396972656 1024.98022460938 1018.39465332031 1025.71435546875 1029.36499023438 1026.16760253906 1031.70227050781 1019.72814941406 1005.89514160156 1014.32189941406 1011.16912841797 1019.67388916016 1021.23004150391 1027.0390625
1007.15545654297 1005.88842773438 1000.80999755859 999.400085449219 1004.59729003906 1003.98474121094 1004.70190429688 1003.60345458984 996.187805175781 1003.61975097656 1002.9716796875 1013.35809326172 1012.59118652344 1005.03387451172 1003.44946289062 992.774658203125 995.361877441406 992.1708984375 989.253479003906 986.521179199219 979.656066894531 963.574890136719 957.755554199219 959.0126953125 958.373779296875 964.469055175781 965.545104980469 975.13623046875 986.538818359375 998.139465332031 1005.31402587891 1008.62701416016 1022.04150390625 1021.03509521484 1014.33221435547 1024.78186035156 1024.33215332031 1019.61486816406 1011.87414550781 1014.37835693359 1003.23974609375 1007.10815429688 1018.88348388672 1017.54284667969 1016.88244628906 1019.65106201172
1009.06872558594 1005.91448974609 999.104919433594 1004.21032714844 1003.58746337891 998.346740722656 1001.63043212891 999.079528808594 999.74267578125 1007.62316894531 998.383361816406 1000.49108886719 1001.25115966797 998.099365234375 991.941223144531 994.768249511719 994.594787597656 994.0009765625 989.122497558594 987.999816894531 982.602478027344 975.022277832031 965.680908203125 959.127807617188 964.736572265625 969.916564941406 973.866760253906 985.674560546875 994.159484863281 998.468383789062 998.787719726562 1009.03845214844 1021.10540771484 1019.1162109375 1005.74853515625 1017.75756835938 1019.77319335938 1023.35821533203 1011.12042236328 997.296020507812 991.000305175781 1008.32678222656 1010.6796875 1016.32397460938 1019.32739257812 1024.18835449219
993.471069335938 1002.99688720703 994.859252929688 998.724975585938 992.082580566406 994.470275878906 1000.83508300781 997.54248046875 991.825500488281 996.7919921875 997.911193847656 998.270568847656 995.494812011719 999.884155273438 993.923156738281 988.3291015625 993.191955566406 994.334716796875 992.362243652344 986.623168945312 985.80908203125 992.294616699219 977.611694335938 971.670227050781 965.563232421875 973.172302246094 988.552856445312 994.657409667969 993.40771484375 996.0009765625 1003.66223144531 1005.34069824219 1015.43041992188 1011.55651855469 1011.41394042969 1013.37377929688 1016.7001953125 1021.0234375 1010.26727294922 1002.35876464844 1002.63781738281 1009.52026367188 1010.94256591797 1015.23394775391 1021.98681640625 1033.55908203125
1001.26739501953 1001.36352539062 995.1162109375 989.138549804688 988.883239746094 990.647277832031 1002.30316162109 1005.89013671875 994.605834960938 991.670532226562 994.888732910156 991.325378417969 991.755310058594 1003.48828125 998.186462402344 995.312133789062 995.558959960938 997.645080566406 997.718444824219 993.855407714844 993.228576660156 990.041687011719 984.157043457031 973.434143066406 972.317932128906 988.14306640625 990.171630859375 999.669921875 992.925598144531 999.934387207031 1001.83270263672 1003.23199462891 1006.72668457031 1011.11889648438 1007.30157470703 1007.51159667969 1013.20172119141 1020.76599121094 1011.9345703125 1012.3134765625 1010.93200683594 1015.89831542969 1023.20758056641 1022.47619628906 1031.25769042969 1038.05676269531
1007.59313964844 1008.02374267578 996.510986328125 995.820922851562 989.686157226562 992.300537109375 998.863525390625 998.056579589844 990.074401855469 990.658996582031 992.709899902344 990.63671875 992.883728027344 992.298278808594 996.5185546875 996.565979003906 995.647277832031 988.984252929688 990.580139160156 992.747314453125 995.212097167969 999.9248046875 994.486206054688 993.537658691406 987.977355957031 990.791198730469 989.55419921875 1000.98059082031 1005.71215820312 1002.66918945312 1004.62573242188 1012.75335693359 1012.06628417969 1012.12365722656 1005.47320556641 1013.20977783203 1013.91296386719 1015.966796875 1016.27905273438 1017.20428466797 1008.30090332031 1016.42999267578 1032.42346191406 1035.55310058594 1040.353515625 1036.84289550781
992.01416015625 1001.10125732422 995.541931152344 990.654846191406 996.13525390625 994.957336425781 994.184509277344 997.001953125 994.208923339844 998.58349609375 995.622985839844 986.01611328125 994.002685546875 985.443298339844 975.975524902344 980.156921386719 989.28076171875 985.253479003906 989.18603515625 995.54248046875 1007.7099609375 1004.57940673828 1001.0517578125 996.304138183594 992.254821777344 993.868408203125 999.950622558594 1000.96240234375 995.824645996094 996.333068847656 1003.55908203125 1011.86743164062 1011.53326416016 1011.02117919922 1010.37908935547 1008.87072753906 1016.56665039062 1005.01171875 1009.22711181641 1007.78704833984 1017.00555419922 1030.85998535156 1036.53247070312 1036.0791015625 1035.48046875 1052.00830078125
987.668823242188 996.365844726562 988.78173828125 985.653991699219 991.785888671875 998.629516601562 992.976989746094 997.908935546875 994.371643066406 1000.9091796875 994.197692871094 989.701843261719 985.402221679688 981.185180664062 975.751770019531 988.873901367188 982.068603515625 989.573791503906 994.724792480469 995.191162109375 998.904846191406 1006.78393554688 1006.326171875 1005.39947509766 999.954284667969 1001.23522949219 1001.19348144531 999.373107910156 991.627258300781 1002.11401367188 1003.19958496094 1009.88879394531 1007.72369384766 1000.30377197266 1003.30535888672 1011.88043212891 1012.09442138672 1008.71697998047 1014.79235839844 1018.12677001953 1018.98583984375 1032.1796875 1036.77099609375 1035.13391113281 1039.33776855469 1053.00695800781
