data/zlatibor_dem_simulations/DEMsim53.asc
NCOLS 150
NROWS 100
XLLCORNER 7394249
YLLCORNER 4841999
CELLSIZE 30
NODATA_VALUE -9999
[rows 20 to 39 of 100, columns 92 to 137 of 150]
999.94873046875 1002.20867919922 1011.21612548828 1013.43475341797 1008.7333984375 1004.97497558594 1009.32733154297 1004.8759765625 1004.44049072266 998.26318359375 997.333312988281 990.524963378906 995.695495605469 995.366149902344 981.114562988281 980.810913085938 980.400634765625 971.544494628906 971.033325195312 962.859191894531 950.978515625 941.465270996094 932.852722167969 931.581298828125 931.287414550781 934.355712890625 943.2666015625 951.106689453125 955.145080566406 970.945251464844 993.727294921875 1003.44073486328 1016.58453369141 1027.75402832031 1036.20068359375 1027.6845703125 1035.94860839844 1043.22473144531 1051.24243164062 1054.88488769531 1054.90490722656 1043.29235839844 1055.09753417969 1058.61462402344 1068.51184082031 1066.09008789062
1013.69812011719 1004.08618164062 1015.57788085938 1024.31787109375 1023.06768798828 1012.56225585938 1011.66772460938 1009.2294921875 1006.45941162109 1007.83184814453 1003.16882324219 990.330871582031 992.387634277344 998.77099609375 992.214965820312 978.053588867188 975.373718261719 975.458862304688 969.389709472656 957.776245117188 951.903137207031 942.5166015625 938.390380859375 935.158325195312 944.776794433594 945.157958984375 953.132629394531 963.437072753906 970.113891601562 983.132385253906 994.53369140625 1003.61334228516 1008.54144287109 1018.19799804688 1023.19201660156 1031.62756347656 1041.39147949219 1042.79077148438 1043.80261230469 1056.10974121094 1059.18688964844 1050.20825195312 1043.9296875 1045.2294921875 1054.85131835938 1055.84741210938
1022.96087646484 1019.59173583984 1025.06652832031 1027.39379882812 1018.99859619141 1018.31024169922 1016.86761474609 1016.41119384766 1002.82067871094 1009.79040527344 999.681091308594 993.792236328125 995.719055175781 998.865234375 992.014892578125 980.35791015625 974.798522949219 971.914489746094 973.852355957031 966.634399414062 956.398010253906 945.036193847656 944.914916992188 940.694152832031 949.190979003906 949.092895507812 964.926696777344 976.994506835938 976.689331054688 999.155395507812 1002.29797363281 1010.04632568359 1014.11315917969 1017.00775146484 1028.28442382812 1031.68310546875 1032.98620605469 1043.44445800781 1052.8974609375 1059.2822265625 1054.21240234375 1047.91162109375 1052.9970703125 1044.04846191406 1051.48388671875 1058.99279785156
1019.73455810547 1026.64074707031 1033.94091796875 1025.24462890625 1026.39953613281 1023.07232666016 1020.2998046875 1013.55004882812 1010.03259277344 1007.30450439453 1005.92230224609 1002.306640625 1005.33209228516 1006.78240966797 996.222595214844 983.503295898438 983.182922363281 974.578918457031 973.623352050781 974.087524414062 966.655578613281 951.777221679688 939.234802246094 943.372497558594 945.379028320312 951.159362792969 970.067749023438 986.756591796875 996.023620605469 1000.18682861328 1012.40216064453 1012.82800292969 1017.85382080078 1019.17102050781 1027.25939941406 1041.06799316406 1041.95397949219 1043.91687011719 1055.17211914062 1052.59680175781 1052.67712402344 1049.17419433594 1050.16650390625 1056.490234375 1054.57763671875 1056.27880859375
1022.18603515625 1026.037109375 1030.8173828125 1032.34143066406 1020.78137207031 1020.75799560547 1024.77392578125 1020.88793945312 1017.45642089844 1010.23156738281 1004.26037597656 998.947448730469 1010.2490234375 1010.67657470703 1013.04425048828 995.189025878906 977.602722167969 974.161376953125 974.858093261719 964.342529296875 954.712890625 946.289123535156 940.995910644531 946.282531738281 950.251037597656 961.275329589844 977.288757324219 983.351745605469 1005.86810302734 1013.44549560547 1006.19000244141 1016.73699951172 1020.37536621094 1021.15637207031 1030.37744140625 1034.91198730469 1039.31860351562 1040.58447265625 1044.93798828125 1040.19714355469 1044.16772460938 1045.35974121094 1052.54125976562 1051.07556152344 1057.75891113281 1060.07495117188
1027.18676757812 1030.2021484375 1023.16558837891 1022.82873535156 1016.72399902344 1019.47155761719 1016.25579833984 1026.48706054688 1022.90252685547 1012.88287353516 1010.62475585938 1006.58392333984 1012.42572021484 1004.87518310547 1010.91766357422 1005.31213378906 978.305236816406 962.652526855469 969.002319335938 960.716003417969 957.293640136719 947.576416015625 942.022338867188 950.111755371094 943.5478515625 960.389465332031 975.019348144531 977.148864746094 991.46826171875 1010.70251464844 1007.20233154297 1015.01257324219 1019.0908203125 1023.8447265625 1019.07763671875 1026.19946289062 1035.93493652344 1038.21276855469 1040.91271972656 1048.55749511719 1048.50366210938 1046.57421875 1047.17492675781 1052.35632324219 1053.17907714844 1062.95129394531
1030.26098632812 1018.94964599609 1017.62261962891 1021.65533447266 1018.5556640625 1019.98297119141 1020.80688476562 1027.01013183594 1021.79229736328 1013.53979492188 1005.72241210938 1006.27886962891 1012.67022705078 1013.10821533203 1009.82836914062 1005.69537353516 981.242797851562 965.340759277344 962.238586425781 951.432556152344 943.403015136719 943.80517578125 945.307922363281 951.164733886719 953.658935546875 967.549865722656 975.719543457031 977.678527832031 988.855163574219 1002.00933837891 1008.52099609375 1016.26019287109 1020.58392333984 1018.23217773438 1016.28057861328 1026.30358886719 1028.4697265625 1025.76635742188 1036.56762695312 1040.92443847656 1042.419921875 1042.73669433594 1049.74060058594 1055.67199707031 1051.84411621094 1064.40881347656
1027.6298828125 1021.07159423828 1020.32702636719 1013.43096923828 1019.95495605469 1025.51013183594 1020.41455078125 1025.11145019531 1020.06921386719 1015.58135986328 1015.60705566406 1011.80517578125 1011.92449951172 1005.64532470703 1002.62756347656 1002.10235595703 978.933288574219 970.727355957031 953.482727050781 944.062683105469 943.943054199219 950.44970703125 947.020446777344 953.161376953125 957.957641601562 970.772888183594 979.078186035156 979.057006835938 984.003845214844 1004.14678955078 1011.02276611328 1018.08117675781 1025.16552734375 1022.00402832031 1024.67126464844 1030.23791503906 1033.08264160156 1040.71826171875 1042.31970214844 1042.33898925781 1042.67651367188 1043.51391601562 1051.93811035156 1056.8564453125 1055.63696289062 1065.76623535156
1021.92584228516 1020.77593994141 1024.53967285156 1017.56402587891 1019.75579833984 1015.86566162109 1014.16046142578 1018.10791015625 1022.20123291016 1015.31115722656 1012.97033691406 1009.60168457031 1010.70404052734 1009.11029052734 998.071594238281 991.466979980469 976.943054199219 965.264953613281 954.589477539062 948.066833496094 940.106262207031 943.955810546875 946.090148925781 952.120483398438 956.703979492188 967.853759765625 974.77392578125 981.980529785156 982.916442871094 998.047058105469 1011.79864501953 1017.64398193359 1021.27459716797 1021.68029785156 1030.03747558594 1035.82971191406 1034.00463867188 1041.70275878906 1045.77465820312 1033.66821289062 1044.2568359375 1042.18103027344 1049.03527832031 1056.12145996094 1058.08740234375 1065.31811523438
1019.30053710938 1020.38726806641 1018.12622070312 1014.55328369141 1013.861328125 1011.29498291016 1013.18902587891 1017.02813720703 1016.57708740234 1026.75463867188 1021.08294677734 1014.5693359375 1010.88061523438 999.761535644531 991.991516113281 986.9833984375 978.967590332031 966.831420898438 964.617858886719 946.186828613281 941.155639648438 950.685241699219 945.501403808594 943.171020507812 955.747680664062 970.021484375 974.975708007812 979.802185058594 988.821838378906 1006.65252685547 1007.59838867188 1019.84887695312 1023.55358886719 1024.17114257812 1037.84875488281 1038.93884277344 1040.41723632812 1032.36962890625 1043.40856933594 1027.43273925781 1043.24633789062 1037.037109375 1038.962890625 1047.42712402344 1049.17114257812 1049.78491210938
1022.59124755859 1015.58978271484 1017.32464599609 1005.22650146484 1000.26495361328 1011.63555908203 1005.48352050781 1009.06842041016 1008.85034179688 1012.90258789062 1027.7998046875 1017.86059570312 1001.34606933594 995.157165527344 998.743347167969 990.747619628906 977.040710449219 968.9921875 960.256713867188 946.060668945312 934.860961914062 942.290832519531 945.203979492188 957.862670898438 955.791748046875 966.400695800781 978.630554199219 981.421813964844 997.574523925781 1008.12731933594 1015.97216796875 1013.33575439453 1018.22680664062 1028.44091796875 1031.42004394531 1033.4560546875 1027.44262695312 1036.58544921875 1043.72021484375 1030.41162109375 1026.66198730469 1029.72839355469 1028.84985351562 1041.87951660156 1038.1923828125 1046.91845703125
1012.88214111328 1012.86834716797 1008.0732421875 1003.07672119141 990.598083496094 991.97412109375 999.988342285156 1003.36395263672 1008.97131347656 1012.13763427734 1020.06604003906 1007.53179931641 1007.23059082031 1000.48205566406 993.0390625 995.743347167969 977.275939941406 971.603393554688 958.340270996094 953.857788085938 947.728515625 940.801818847656 946.369445800781 957.127258300781 958.943298339844 962.285583496094 967.727416992188 981.16455078125 987.647521972656 1001.17639160156 1008.22625732422 1007.20056152344 1019.421875 1022.49859619141 1027.16442871094 1028.90161132812 1023.62127685547 1030.05383300781 1029.71362304688 1028.56420898438 1023.27691650391 1016.48413085938 1021.86059570312 1030.06628417969 1033.58532714844 1044.12390136719
1001.05010986328 1004.77685546875 1004.13562011719 996.205139160156 991.451721191406 994.169982910156 996.033996582031 1001.57208251953 1005.11462402344 1003.29907226562 996.0927734375 1001.27258300781 992.860534667969 992.644104003906 986.783508300781 985.134460449219 979.263671875 975.395446777344 964.412902832031 954.969665527344 950.731628417969 950.859191894531 953.432556152344 965.150512695312 960.360046386719 962.089721679688 965.746826171875 975.338134765625 981.552307128906 993.346008300781 1002.60131835938 1011.50457763672 1015.84533691406 1017.85668945312 1018.57086181641 1019.73913574219 1022.61175537109 1019.10925292969 1021.81353759766 1015.91906738281 1014.66790771484 1021.17779541016 1019.35205078125 1022.03118896484 1031.71228027344 1036.267578125
1005.21179199219 996.502746582031 997.431518554688 997.475891113281 993.9248046875 993.118835449219 995.709533691406 1001.30383300781 1005.76184082031 998.6904296875 993.485778808594 993.769348144531 993.371948242188 995.078979492188 986.835754394531 990.990783691406 989.641357421875 979.424926757812 981.45263671875 976.173034667969 967.372985839844 955.169799804688 953.112854003906 959.210632324219 957.130737304688 967.97998046875 976.363403320312 986.611022949219 991.85986328125 996.94921875 1003.51794433594 1018.05651855469 1015.03393554688 1020.19738769531 1022.09460449219 1018.29064941406 1024.66772460938 1025.5927734375 1008.84991455078 1013.80700683594 1009.89093017578 1013.03771972656 1015.7744140625 1018.70141601562 1021.93609619141 1024.92077636719
1004.83392333984 998.45654296875 998.099731445312 995.438720703125 994.888854980469 997.7685546875 1008.02850341797 995.840148925781 999.516418457031 994.179260253906 994.280395507812 988.000671386719 991.305603027344 989.929077148438 989.367065429688 994.117797851562 989.732238769531 989.760070800781 988.697509765625 984.285339355469 973.717834472656 967.846618652344 976.205932617188 966.877868652344 969.784606933594 970.468322753906 984.91650390625 986.885009765625 1002.53088378906 1008.46673583984 1006.92004394531 1017.08709716797 1016.78741455078 1018.14965820312 1013.73248291016 1014.39996337891 1020.64251708984 1015.34387207031 1016.69671630859 1010.20703125 1011.24737548828 1013.21343994141 1021.93811035156 1017.18218994141 1023.42376708984 1023.85241699219
1005.87786865234 998.727722167969 1000.45697021484 999.216491699219 993.7021484375 1004.89166259766 988.200439453125 995.602478027344 992.665283203125 997.131896972656 996.143981933594 993.851745605469 995.662963867188 991.308776855469 1000.45269775391 994.70849609375 991.734069824219 992.52001953125 995.8935546875 995.0166015625 990.843994140625 976.619201660156 983.945190429688 973.77197265625 981.743347167969 981.464965820312 986.14208984375 994.571228027344 1005.73577880859 1011.40979003906 1015.8828125 1008.37725830078 1014.06036376953 1016.09655761719 1017.50933837891 1009.37200927734 1007.06182861328 1015.80444335938 1016.25201416016 1002.34466552734 1002.37518310547 1017.44537353516 1018.93188476562 1025.12109375 1028.55053710938 1030.44909667969
1001.80090332031 1006.66235351562 1003.00811767578 1001.36224365234 995.567321777344 996.249938964844 994.968505859375 987.697937011719 986.069274902344 986.688354492188 993.152038574219 992.38037109375 993.723022460938 995.697265625 994.200927734375 992.061828613281 992.197326660156 984.144653320312 991.640319824219 1000.05114746094 995.402160644531 999.880249023438 992.148132324219 991.3701171875 988.336608886719 992.542846679688 990.431579589844 1000.44189453125 996.05908203125 1008.708984375 1015.93731689453 1011.99603271484 1014.9951171875 1013.88684082031 1016.07165527344 1010.98693847656 1016.21398925781 1018.32678222656 1007.13128662109 1006.46600341797 1016.22540283203 1021.51831054688 1025.97119140625 1029.4892578125 1028.18249511719 1037.36706542969
1004.53283691406 1005.20739746094 999.090637207031 995.676330566406 994.477600097656 992.142333984375 989.12060546875 983.841186523438 981.31103515625 988.159057617188 989.803405761719 994.757568359375 987.970825195312 990.387512207031 994.816589355469 992.229064941406 996.569702148438 990.705017089844 987.768249511719 997.733764648438 1002.94012451172 1000.84204101562 996.114379882812 994.489440917969 1002.79370117188 1000.58123779297 999.805908203125 1002.13610839844 1007.19769287109 1006.56988525391 1009.5859375 1010.98608398438 1005.87829589844 1007.35302734375 1016.15124511719 1014.62335205078 1008.48864746094 1008.56091308594 1011.39459228516 1020.50921630859 1018.69659423828 1026.22595214844 1024.61401367188 1032.15246582031 1039.01245117188 1043.26025390625
1005.43469238281 1000.88928222656 994.532775878906 1004.53381347656 994.568481445312 986.177795410156 997.398010253906 993.371643066406 994.264709472656 988.746948242188 985.760803222656 987.049926757812 988.848022460938 986.237976074219 988.552124023438 986.437683105469 989.201171875 988.149658203125 993.915893554688 988.305725097656 1002.71545410156 992.429504394531 996.343444824219 1000.80310058594 999.007080078125 1002.67358398438 997.442504882812 997.633544921875 1003.78192138672 999.956665039062 1002.01763916016 1003.00634765625 999.086791992188 1006.37255859375 1002.91705322266 1009.74859619141 1006.24584960938 1010.77661132812 1013.16717529297 1013.91461181641 1018.24212646484 1035.59582519531 1037.18762207031 1035.556640625 1044.69653320312 1047.27453613281
994.685302734375 993.273376464844 991.8427734375 1002.09368896484 996.007873535156 983.479919433594 993.996032714844 997.619445800781 989.150634765625 985.094848632812 985.928283691406 988.051025390625 977.037170410156 982.7470703125 988.881774902344 991.351440429688 991.908813476562 993.533203125 994.439636230469 999.719970703125 990.055114746094 987.935729980469 999.645935058594 998.305969238281 994.824645996094 992.518676757812 1001.71923828125 1000.04901123047 1001.58471679688 1002.91680908203 1003.16577148438 995.543395996094 994.2421875 993.052856445312 1007.00317382812 1015.45935058594 1014.50262451172 1018.85717773438 1013.94641113281 1014.49371337891 1022.89385986328 1035.72033691406 1047.26306152344 1047.259765625 1048.30786132812 1048.81848144531
