data/zlatibor_dem_simulations/DEMsim59.asc
NCOLS 150
NROWS 100
XLLCORNER 7394249
YLLCORNER 4841999
CELLSIZE 30
NODATA_VALUE -9999
[rows 80 to 99 of 100, columns 0 to 45 of 150]
942.963745117188 938.542175292969 953.637390136719 950.538757324219 944.748352050781 940.545715332031 939.528686523438 939.217956542969 959.174621582031 962.481506347656 968.546630859375 963.417236328125 976.183532714844 973.3515625 972.099304199219 971.243286132812 971.277221679688 968.560424804688 979.979064941406 988.87158203125 991.199645996094 989.945373535156 990.736267089844 984.701843261719 982.480895996094 989.712707519531 992.936096191406 984.436279296875 989.429016113281 980.201843261719 970.973022460938 973.2890625 972.606750488281 972.978271484375 985.287353515625 991.776306152344 990.084777832031 982.013305664062 980.3525390625 988.917236328125 992.747924804688 994.884155273438 1004.1865234375 1004.73132324219 1013.33624267578 1014.25750732422
952.005493164062 952.246459960938 953.991149902344 948.095581054688 938.472290039062 945.292907714844 938.178344726562 945.78173828125 953.790649414062 956.669006347656 969.882141113281 963.195434570312 968.469604492188 976.910949707031 966.340637207031 968.687255859375 970.058410644531 975.997314453125 972.243041992188 980.70068359375 978.133666992188 988.246520996094 977.13525390625 984.884765625 987.197509765625 982.423889160156 985.829040527344 988.201538085938 986.244873046875 977.324157714844 975.979248046875 974.506469726562 968.596557617188 974.13427734375 986.992248535156 994.467163085938 997.100830078125 987.995178222656 978.595458984375 993.519348144531 990.203369140625 994.276733398438 996.482116699219 1006.87860107422 1008.51947021484 1002.18328857422
950.304443359375 954.118347167969 953.559753417969 954.489440917969 944.525268554688 938.514526367188 942.508056640625 941.162902832031 948.6845703125 956.172180175781 963.548828125 953.135070800781 954.205993652344 967.056457519531 966.068908691406 972.026733398438 973.202331542969 969.504577636719 968.498046875 972.736511230469 980.986938476562 980.085510253906 981.637573242188 983.415283203125 983.388610839844 985.219909667969 989.494079589844 980.024963378906 979.435485839844 974.763366699219 976.538208007812 966.219299316406 959.847351074219 974.345642089844 983.595703125 990.517028808594 993.037536621094 977.979614257812 980.552551269531 984.383361816406 991.765075683594 1001.11840820312 1002.36206054688 1000.42327880859 1008.58819580078 1005.88104248047
949.506774902344 944.835815429688 950.8994140625 946.972045898438 943.699096679688 938.242431640625 936.050476074219 945.957336425781 951.232849121094 956.654907226562 953.161315917969 950.268737792969 951.278991699219 962.699951171875 960.690124511719 959.579711914062 966.848449707031 966.165283203125 975.504516601562 977.559692382812 979.256225585938 977.782531738281 972.047424316406 973.675659179688 975.884521484375 978.371887207031 982.167907714844 978.214294433594 979.8193359375 968.069458007812 966.647705078125 960.969848632812 966.615112304688 974.227722167969 973.133911132812 981.321472167969 993.835632324219 983.074096679688 984.544250488281 976.001159667969 979.569641113281 993.976806640625 997.073181152344 989.126892089844 1000.81329345703 997.570007324219
945.89892578125 943.065979003906 945.051452636719 942.198913574219 943.397705078125 936.821838378906 934.447326660156 935.314270019531 933.3837890625 940.530883789062 950.450317382812 951.935546875 949.562683105469 956.033020019531 960.010925292969 956.093200683594 966.067077636719 963.915954589844 969.273254394531 976.592163085938 976.100524902344 966.348815917969 965.925720214844 962.1259765625 965.472412109375 968.085876464844 974.410522460938 971.164611816406 967.8095703125 972.93310546875 974.562072753906 969.171569824219 969.863952636719 971.23681640625 973.717956542969 976.313171386719 980.523132324219 980.660217285156 971.209899902344 979.859680175781 978.286315917969 978.475708007812 988.874450683594 986.642150878906 987.713256835938 1000.44793701172
952.221557617188 946.075805664062 943.263671875 941.773132324219 938.659057617188 936.840026855469 936.880187988281 941.789428710938 939.118408203125 934.932495117188 936.210693359375 946.518981933594 945.006652832031 947.295043945312 955.362426757812 965.351928710938 964.589477539062 965.644836425781 967.467834472656 969.861022949219 963.648376464844 951.963317871094 953.390502929688 957.0986328125 953.675048828125 966.957397460938 967.6123046875 964.675720214844 961.536376953125 960.786315917969 965.435302734375 973.688720703125 974.699951171875 971.062805175781 978.766723632812 970.515502929688 969.905151367188 977.078186035156 972.712463378906 970.779418945312 972.825378417969 971.684753417969 983.384887695312 989.734375 992.653137207031 996.704711914062
944.254089355469 946.557495117188 942.92626953125 944.475158691406 943.562927246094 936.317321777344 946.078125 945.465942382812 938.049133300781 937.087829589844 946.1298828125 941.685363769531 942.301025390625 935.262756347656 957.506591796875 957.660827636719 960.370666503906 958.151062011719 964.628784179688 960.122375488281 958.883361816406 948.0283203125 948.643981933594 957.22412109375 954.794921875 959.118774414062 956.110168457031 959.393676757812 962.667907714844 963.036071777344 960.528442382812 965.174560546875 969.197509765625 966.586059570312 973.048950195312 971.072082519531 971.567687988281 972.197326660156 974.037231445312 964.325256347656 964.107055664062 970.361572265625 985.531127929688 985.411010742188 995.742858886719 995.5888671875
951.068359375 949.557067871094 944.265869140625 957.576721191406 948.940124511719 943.281982421875 953.543579101562 952.419128417969 938.009033203125 943.15380859375 945.094848632812 940.788940429688 937.314819335938 940.626220703125 944.444702148438 953.629211425781 961.549255371094 957.273681640625 960.621337890625 958.811157226562 959.374572753906 951.392822265625 955.216369628906 956.333679199219 956.557861328125 957.559631347656 960.509765625 958.20166015625 956.404174804688 946.762145996094 950.305114746094 967.940185546875 964.956176757812 965.835876464844 970.973388671875 970.149597167969 964.540588378906 961.934326171875 970.881958007812 969.358093261719 963.481628417969 973.406127929688 989.028686523438 984.325805664062 990.645935058594 992.336669921875
949.133850097656 947.035461425781 947.658996582031 947.646484375 952.677185058594 944.153259277344 944.668029785156 954.552124023438 946.467041015625 943.645141601562 942.025451660156 945.138977050781 942.914001464844 948.23486328125 950.588623046875 945.237060546875 950.332336425781 961.837463378906 964.584899902344 962.896057128906 963.182189941406 956.624328613281 957.230285644531 949.130310058594 956.796813964844 963.84716796875 965.392272949219 965.562927246094 950.39892578125 941.959167480469 960.363525390625 964.885620117188 967.637634277344 972.251770019531 968.2275390625 968.819763183594 968.484924316406 966.909057617188 964.982543945312 972.760559082031 974.189514160156 979.038757324219 980.857666015625 986.572875976562 988.065368652344 985.485229492188
961.486572265625 960.442321777344 955.585693359375 950.245361328125 948.493469238281 942.822570800781 951.4052734375 949.76904296875 948.74169921875 944.983154296875 939.826721191406 943.512756347656 949.501220703125 951.324645996094 950.936157226562 952.738403320312 959.030090332031 957.697509765625 969.4794921875 963.493408203125 964.484924316406 964.398864746094 960.037536621094 953.54736328125 955.071960449219 960.704895019531 966.780456542969 964.666870117188 961.39306640625 938.278381347656 962.038635253906 962.091064453125 965.197204589844 968.864074707031 968.211853027344 976.2275390625 980.768920898438 973.967712402344 971.504211425781 979.280944824219 986.020202636719 982.300964355469 973.412231445312 980.258056640625 981.783874511719 983.313903808594
957.889770507812 964.224487304688 956.156616210938 940.756958007812 942.538391113281 944.487182617188 950.532958984375 949.764953613281 956.437438964844 943.150817871094 937.141296386719 946.317504882812 960.4873046875 962.372985839844 967.095947265625 962.416320800781 961.807922363281 966.285400390625 964.94873046875 961.912231445312 961.783386230469 960.990539550781 963.174133300781 958.980102539062 953.161560058594 957.081420898438 960.256896972656 964.567687988281 960.779479980469 947.964050292969 950.371276855469 955.86328125 958.473693847656 978.855224609375 968.489562988281 970.329833984375 973.918273925781 975.31982421875 966.76806640625 975.020874023438 979.48486328125 980.028747558594 968.592590332031 969.823486328125 969.601135253906 981.5732421875
963.975280761719 962.641296386719 955.402648925781 953.935546875 947.41015625 948.793823242188 943.844177246094 947.505493164062 949.491333007812 949.323791503906 953.417358398438 956.153015136719 968.740783691406 972.794311523438 977.196350097656 961.582885742188 955.807312011719 960.224304199219 967.757263183594 964.200439453125 962.119079589844 966.792114257812 974.713439941406 965.594116210938 963.177307128906 946.437072753906 948.716186523438 947.460876464844 961.437316894531 946.18115234375 963.186950683594 967.265380859375 962.263793945312 974.002746582031 964.970397949219 970.46533203125 977.236145019531 972.390747070312 961.587707519531 971.46044921875 978.073974609375 975.861267089844 971.433227539062 962.638427734375 964.622741699219 978.476745605469
968.976440429688 966.273254394531 954.187744140625 946.652587890625 952.609313964844 952.59326171875 950.072509765625 948.301513671875 949.833129882812 952.396423339844 952.425231933594 957.09228515625 964.659423828125 974.965942382812 974.935180664062 963.554931640625 968.957641601562 957.761413574219 967.699401855469 957.636352539062 956.864440917969 964.305419921875 968.0673828125 971.483215332031 969.273864746094 950.245727539062 950.014709472656 944.896728515625 956.367065429688 954.329223632812 966.187316894531 962.484558105469 961.309875488281 956.773315429688 958.959411621094 965.503051757812 980.146850585938 980.821411132812 965.90478515625 972.1904296875 974.781127929688 978.767700195312 968.932312011719 975.0849609375 973.045104980469 972.542236328125
971.240234375 965.234802246094 959.009216308594 955.563598632812 955.403442382812 956.756896972656 957.840515136719 956.180603027344 955.283081054688 955.19921875 953.234191894531 960.180419921875 974.051940917969 976.772277832031 971.471008300781 959.340393066406 961.685119628906 956.81396484375 961.927551269531 960.265747070312 961.62255859375 964.935668945312 973.603881835938 974.2763671875 968.088439941406 953.630187988281 954.760070800781 949.68603515625 951.38916015625 960.090454101562 964.259887695312 966.745910644531 964.691955566406 964.251281738281 971.233215332031 959.12353515625 964.529724121094 979.292114257812 967.913391113281 976.459716796875 978.745056152344 981.771484375 980.623840332031 967.303649902344 977.352233886719 966.162170410156
968.541015625 962.92236328125 956.315246582031 959.216552734375 962.365051269531 956.215026855469 951.038269042969 952.907836914062 957.375122070312 954.762145996094 953.883605957031 957.631164550781 965.867309570312 982.007263183594 968.728942871094 965.562255859375 967.141357421875 966.774963378906 966.077575683594 961.775756835938 964.11181640625 969.210144042969 967.185729980469 969.553039550781 965.957092285156 958.863647460938 960.107482910156 962.978820800781 946.804077148438 962.138366699219 961.524597167969 968.902038574219 978.680236816406 965.749877929688 963.29052734375 959.165222167969 966.119201660156 971.712158203125 971.866638183594 979.470581054688 978.62646484375 980.124755859375 970.78515625 966.200866699219 976.389282226562 971.714904785156
962.10595703125 957.237487792969 952.498229980469 959.373107910156 964.895874023438 951.10009765625 965.031677246094 960.011047363281 953.111145019531 948.673950195312 955.026123046875 959.709289550781 966.184631347656 973.140075683594 977.990600585938 976.968566894531 974.454833984375 968.003234863281 966.263366699219 970.158325195312 973.910339355469 975.279663085938 979.021667480469 965.684753417969 958.459350585938 963.983947753906 969.092407226562 968.2216796875 963.663879394531 965.84326171875 960.7119140625 966.863952636719 966.389343261719 971.834716796875 970.67529296875 967.960083007812 966.826110839844 973.18896484375 975.613037109375 976.838989257812 981.40625 982.59375 969.756530761719 970.106811523438 976.514526367188 975.373840332031
965.815063476562 957.281311035156 961.17529296875 947.1494140625 953.505737304688 950.138916015625 951.662536621094 954.056091308594 939.578308105469 942.495300292969 949.475769042969 955.865051269531 959.927307128906 969.007019042969 979.702392578125 971.519897460938 972.168762207031 974.886535644531 971.402038574219 972.8515625 982.483642578125 980.058715820312 977.009887695312 972.446838378906 968.144897460938 976.714538574219 979.127014160156 974.097229003906 971.962158203125 966.996154785156 958.532592773438 962.810791015625 960.337036132812 964.128234863281 966.154602050781 967.703552246094 980.636108398438 970.303649902344 978.507263183594 977.399108886719 985.073303222656 976.529846191406 968.0654296875 971.800231933594 970.690673828125 972.802429199219
965.193420410156 953.566772460938 947.976013183594 950.535766601562 950.27392578125 952.523193359375 956.051879882812 950.778686523438 951.215393066406 950.22412109375 962.744201660156 966.634460449219 964.658569335938 971.0185546875 981.552001953125 979.433227539062 976.916625976562 978.757873535156 979.578186035156 971.792846679688 977.00732421875 970.625061035156 975.553466796875 976.796691894531 970.422241210938 976.7119140625 975.584411621094 972.676391601562 969.578430175781 968.9150390625 960.889282226562 950.265197753906 959.267944335938 959.096374511719 960.941528320312 961.723571777344 968.843078613281 974.402893066406 974.394592285156 975.276672363281 984.402526855469 983.240356445312 980.391235351562 973.584899902344 977.273010253906 979.358459472656
967.353637695312 956.933715820312 945.000549316406 942.785583496094 937.004577636719 951.876403808594 943.874145507812 948.322448730469 964.847106933594 963.864562988281 965.315612792969 970.803283691406 967.14794921875 974.557006835938 983.512451171875 994.408508300781 986.850646972656 984.739379882812 983.425964355469 979.159301757812 978.660461425781 984.172607421875 979.367553710938 976.020629882812 978.222717285156 971.192565917969 972.595520019531 965.592651367188 959.870910644531 961.25634765625 957.1513671875 949.926391601562 950.371398925781 953.054138183594 954.435791015625 956.281555175781 967.763305664062 980.060241699219 975.768676757812 972.100524902344 976.396545410156 981.496276855469 983.189147949219 979.365966796875 971.547241210938 979.328063964844
952.04638671875 943.548645019531 950.242858886719 949.329895019531 944.121704101562 951.752014160156 949.959838867188 962.043518066406 962.620544433594 966.349365234375 974.299377441406 968.429138183594 964.493286132812 970.664672851562 987.529357910156 983.945983886719 977.260131835938 978.294006347656 979.117614746094 971.434814453125 979.821838378906 981.33642578125 975.615600585938 973.773681640625 974.826965332031 973.770935058594 980.457275390625 971.523315429688 964.262939453125 958.291564941406 967.541259765625 963.596374511719 950.385803222656 957.871704101562 957.279724121094 958.741821289062 968.276428222656 970.045532226562 971.680358886719 973.586975097656 970.331909179688 983.2216796875 981.234985351562 972.259460449219 966.383422851562 980.668090820312
