data/zlatibor_dem_simulations/DEMsim67.asc
NCOLS 150
NROWS 100
XLLCORNER 7394249
YLLCORNER 4841999
CELLSIZE 30
NODATA_VALUE -9999
[rows 60 to 79 of 100, columns 46 to 91 of 150]
959.100952148438 970.466491699219 959.572937011719 953.025573730469 949.368469238281 946.012878417969 945.239990234375 953.032165527344 956.783630371094 963.543151855469 955.270568847656 953.137756347656 966.0966796875 961.8623046875 958.209777832031 958.736083984375 964.942565917969 957.991333007812 959.645690917969 951.437683105469 955.870178222656 961.168701171875 967.558410644531 968.944946289062 962.356140136719 966.684204101562 959.022338867188 965.0302734375 980.971069335938 966.80615234375 962.32421875 972.363830566406 964.353393554688 967.533386230469 966.516235351562 968.609313964844 961.428283691406 969.258239746094 966.379455566406 963.371887207031 956.940307617188 969.580444335938 972.111511230469 977.373107910156 976.658264160156 974.041076660156
967.016357421875 963.220825195312 961.327819824219 954.723083496094 949.947875976562 948.628601074219 955.649047851562 954.031372070312 959.587280273438 958.377014160156 955.646301269531 958.25341796875 969.994201660156 966.748168945312 963.27734375 963.824157714844 961.167236328125 962.805969238281 956.259521484375 958.372863769531 956.276611328125 962.980529785156 961.554077148438 973.186584472656 965.987976074219 964.086791992188 968.304565429688 956.240478515625 976.38623046875 971.137756347656 976.21142578125 969.719421386719 972.271850585938 964.114440917969 959.810424804688 971.45263671875 965.89306640625 977.955993652344 978.257751464844 970.888854980469 971.362365722656 976.754821777344 973.021484375 973.193664550781 966.437133789062 977.6865234375
960.773254394531 966.814208984375 968.262939453125 954.074157714844 958.273681640625 961.817687988281 955.451843261719 954.880004882812 965.610229492188 965.310852050781 965.06494140625 964.71435546875 965.26025390625 966.127624511719 970.182067871094 962.768615722656 956.129211425781 964.198669433594 954.575073242188 963.929565429688 956.964721679688 957.713562011719 960.342956542969 969.56396484375 962.025085449219 957.299072265625 966.351440429688 967.111267089844 966.065490722656 966.647155761719 971.556945800781 969.655029296875 966.495361328125 969.514404296875 964.275451660156 970.002014160156 966.497131347656 962.600891113281 968.172058105469 975.331298828125 978.316650390625 974.51123046875 972.187316894531 965.26025390625 966.362487792969 974.064880371094
968.240966796875 967.854797363281 961.782348632812 955.650329589844 959.566711425781 964.320068359375 964.945007324219 965.591491699219 966.300476074219 964.377319335938 963.891235351562 962.073547363281 967.814392089844 968.060729980469 964.378601074219 961.488464355469 960.794616699219 964.402709960938 950.876831054688 953.159912109375 958.453796386719 961.54052734375 967.806823730469 970.974731445312 965.368774414062 964.485717773438 970.809814453125 967.124694824219 970.430786132812 968.505615234375 972.39306640625 969.872741699219 965.77490234375 970.036193847656 967.259582519531 966.213806152344 977.635009765625 976.872924804688 968.864196777344 968.819519042969 973.348327636719 977.92578125 974.808044433594 973.639038085938 976.061096191406 977.108093261719
972.25927734375 970.116271972656 971.149475097656 957.93212890625 962.431884765625 962.404235839844 966.462097167969 972.423461914062 970.065612792969 963.882751464844 965.821411132812 960.859924316406 967.843322753906 960.589416503906 961.403503417969 962.217163085938 960.459289550781 953.437805175781 955.12158203125 953.798645019531 956.16162109375 966.674560546875 971.609191894531 976.461730957031 974.82568359375 973.844665527344 978.643188476562 976.606384277344 974.009887695312 975.084838867188 977.705993652344 976.617858886719 964.80419921875 963.352844238281 963.494445800781 970.626525878906 978.634094238281 974.60693359375 972.093811035156 972.411499023438 972.676452636719 971.126403808594 977.733947753906 977.798767089844 976.60107421875 978.012512207031
973.602905273438 969.008605957031 965.612915039062 962.191345214844 963.568908691406 967.403564453125 970.535400390625 973.398803710938 967.775634765625 967.822082519531 971.030212402344 963.742309570312 965.3076171875 977.077758789062 967.794799804688 971.453430175781 961.283813476562 957.617736816406 956.433898925781 956.411437988281 958.536499023438 967.733459472656 971.120178222656 969.53466796875 971.405639648438 971.707641601562 978.458740234375 986.607055664062 977.346923828125 970.053588867188 974.009643554688 985.10205078125 976.505798339844 974.788696289062 967.1748046875 963.90771484375 965.903991699219 974.879333496094 976.109008789062 973.790771484375 975.884338378906 977.655883789062 985.07421875 988.574340820312 977.015625 976.564636230469
973.697631835938 965.338439941406 963.808776855469 963.789123535156 961.077026367188 964.403930664062 971.813415527344 976.656555175781 971.503845214844 968.404113769531 965.750915527344 965.481689453125 973.230773925781 975.565673828125 967.516723632812 965.176818847656 962.965698242188 959.815246582031 963.39794921875 958.840454101562 968.739501953125 962.942565917969 968.168701171875 975.884155273438 975.578796386719 973.840148925781 981.638366699219 986.579833984375 975.870788574219 977.074890136719 974.369140625 983.229553222656 980.241760253906 979.105224609375 969.423706054688 959.518188476562 957.666809082031 968.661560058594 976.010498046875 974.800048828125 975.61572265625 984.274291992188 983.98486328125 984.7294921875 967.728881835938 972.876525878906
978.128601074219 971.120056152344 971.655212402344 968.115600585938 967.480590820312 967.335632324219 974.272521972656 976.005554199219 979.295776367188 979.905090332031 966.424377441406 971.425598144531 972.347900390625 967.626953125 960.868957519531 966.498046875 969.791198730469 964.001708984375 971.773681640625 969.275512695312 967.99560546875 964.043823242188 971.313171386719 972.627746582031 979.017333984375 978.716918945312 986.505249023438 984.937255859375 980.639526367188 976.599914550781 970.31640625 977.078979492188 968.623046875 976.256896972656 963.3701171875 965.775329589844 959.978881835938 971.661376953125 985.12109375 984.996459960938 981.235229492188 986.395080566406 976.969055175781 971.788818359375 968.068481445312 974.182189941406
986.929077148438 983.235595703125 979.587097167969 985.6796875 980.000305175781 972.848999023438 976.952819824219 977.670104980469 977.190063476562 976.720825195312 974.950439453125 977.352783203125 977.394592285156 971.905029296875 973.744201660156 976.234008789062 974.864685058594 963.677368164062 966.907348632812 974.152038574219 970.35888671875 967.359558105469 973.83935546875 980.35107421875 980.337280273438 986.331726074219 983.6533203125 979.526184082031 982.229797363281 981.645690917969 983.412292480469 972.354614257812 972.55859375 970.14453125 970.278747558594 966.428405761719 968.092712402344 974.561645507812 982.308471679688 986.932800292969 980.140869140625 989.434143066406 987.4931640625 969.384155273438 971.104064941406 972.839599609375
987.64794921875 985.136413574219 981.985290527344 986.61767578125 980.96484375 976.415893554688 982.800598144531 981.081665039062 970.741455078125 971.800354003906 973.118347167969 976.629150390625 980.355590820312 975.408752441406 971.4365234375 968.816772460938 978.216613769531 972.728088378906 974.09912109375 974.224670410156 969.56982421875 968.26318359375 976.269775390625 979.664794921875 979.911376953125 985.154296875 983.492797851562 983.707641601562 993.971862792969 983.156799316406 984.3896484375 978.337158203125 978.645202636719 971.160461425781 970.554809570312 968.165588378906 971.324951171875 972.638244628906 978.2431640625 981.299499511719 984.994812011719 984.999572753906 982.368286132812 976.8603515625 965.37646484375 969.618957519531
988.612182617188 990.720947265625 991.491455078125 992.572509765625 990.9716796875 986.104125976562 984.134887695312 984.868469238281 963.654602050781 960.809692382812 966.603393554688 971.868835449219 986.841979980469 981.737487792969 971.760620117188 970.863098144531 976.138366699219 969.920166015625 968.765625 963.52294921875 969.913940429688 974.936767578125 978.769775390625 982.605163574219 979.941650390625 975.655700683594 980.579650878906 982.118041992188 987.524230957031 984.596496582031 984.808837890625 990.1259765625 985.294006347656 980.275451660156 969.428039550781 974.157348632812 981.825561523438 977.398864746094 985.073303222656 979.494262695312 985.27978515625 977.635681152344 980.576171875 972.825012207031 972.250671386719 971.221801757812
1000.90716552734 995.015625 993.654541015625 992.345825195312 987.568359375 988.749938964844 987.79931640625 992.964172363281 973.084289550781 974.252502441406 980.101440429688 973.525512695312 985.182495117188 974.281616210938 964.957275390625 965.947143554688 966.342651367188 962.364929199219 963.994873046875 964.708618164062 980.605895996094 969.653015136719 970.756103515625 981.170227050781 983.637756347656 978.025817871094 979.264099121094 986.027160644531 986.876586914062 982.250366210938 987.527893066406 992.71630859375 990.646301269531 978.748779296875 974.841125488281 970.175415039062 983.233703613281 989.342163085938 984.736633300781 989.887878417969 986.592651367188 983.195190429688 973.726135253906 965.000854492188 969.075744628906 971.413391113281
998.934814453125 993.952880859375 998.184936523438 991.078491210938 996.371643066406 992.164916992188 987.011901855469 987.442199707031 989.294189453125 976.326538085938 970.006896972656 977.541809082031 980.051635742188 977.248779296875 960.531311035156 958.182800292969 973.527404785156 966.879943847656 968.82080078125 973.913635253906 980.387145996094 972.800964355469 971.406127929688 982.9521484375 984.877990722656 981.446960449219 981.293029785156 987.837463378906 977.551940917969 981.933410644531 993.331665039062 993.889282226562 987.880798339844 990.109191894531 978.697998046875 975.854919433594 984.598388671875 992.091186523438 989.232177734375 990.28857421875 980.874328613281 974.70654296875 979.478332519531 971.896606445312 972.975341796875 965.376403808594
1008.45343017578 1006.35559082031 1001.13696289062 992.869262695312 983.798156738281 994.380187988281 986.636657714844 979.871826171875 989.598083496094 985.500732421875 980.94287109375 980.487609863281 975.731079101562 971.376770019531 969.649230957031 967.113220214844 973.871276855469 969.563720703125 970.542114257812 973.469177246094 986.132934570312 982.129333496094 977.229797363281 985.181762695312 983.048217773438 983.623779296875 983.692138671875 987.413330078125 990.234130859375 986.328979492188 990.917785644531 995.311767578125 989.996826171875 988.843078613281 983.381713867188 978.300170898438 983.79248046875 991.006408691406 990.655212402344 989.661926269531 987.176574707031 984.659423828125 980.042297363281 978.741821289062 976.865478515625 983.634094238281
1014.77209472656 1006.72399902344 995.445251464844 989.244445800781 990.083984375 990.237731933594 984.069152832031 995.829528808594 989.319152832031 992.114135742188 985.257263183594 984.909301757812 980.111083984375 980.520568847656 980.064514160156 969.214233398438 966.202392578125 975.278625488281 975.346923828125 975.183959960938 979.119445800781 991.611022949219 980.851196289062 982.103820800781 983.394958496094 994.14990234375 997.21484375 992.107788085938 993.974548339844 988.244506835938 991.733459472656 990.537841796875 987.848022460938 993.134033203125 987.161254882812 984.543884277344 983.536071777344 990.027282714844 990.991394042969 989.071899414062 987.150939941406 978.269165039062 979.934936523438 985.520751953125 980.603942871094 985.016662597656
1017.80871582031 1015.75024414062 1008.06048583984 1004.93151855469 997.867980957031 997.314453125 989.396545410156 998.063110351562 984.168212890625 991.625183105469 986.569091796875 984.834045410156 982.52587890625 982.657470703125 983.460998535156 971.270141601562 970.605102539062 972.704833984375 974.529235839844 976.040222167969 983.331237792969 983.256164550781 987.186218261719 987.426818847656 993.992736816406 991.733703613281 997.533264160156 984.8583984375 987.275756835938 997.688415527344 995.181335449219 995.869140625 990.248779296875 1002.89764404297 997.397521972656 992.9765625 985.109313964844 983.673095703125 980.29931640625 989.657897949219 984.911254882812 994.266418457031 987.025817871094 990.558654785156 986.265075683594 986.810546875
1019.23321533203 1020.03033447266 1009.12487792969 1001.88122558594 997.627990722656 993.801147460938 991.8583984375 990.064880371094 982.508239746094 985.97607421875 989.578186035156 987.216552734375 982.2451171875 985.624938964844 983.168762207031 975.497375488281 973.112365722656 976.146362304688 974.549621582031 971.300048828125 967.766662597656 972.536071777344 982.246826171875 988.232177734375 992.037109375 984.60791015625 993.105712890625 985.291748046875 983.733947753906 990.957153320312 988.881103515625 994.747192382812 986.577392578125 993.234313964844 1003.55847167969 1001.05010986328 994.105773925781 997.246887207031 991.454528808594 990.1142578125 1006.05108642578 1000.71185302734 1004.68817138672 986.222839355469 982.252563476562 985.916076660156
1012.74554443359 1019.24420166016 1011.88830566406 1012.3671875 1010.78149414062 1000.021484375 993.35498046875 1000.93536376953 991.567810058594 992.844787597656 980.72607421875 980.128601074219 988.145629882812 986.534301757812 983.381225585938 978.532470703125 972.312622070312 969.263977050781 969.288635253906 978.078125 967.278930664062 967.4052734375 977.199645996094 984.210083007812 993.354125976562 995.561279296875 993.747131347656 988.681457519531 980.218566894531 985.466979980469 987.722839355469 995.719604492188 995.207641601562 998.324462890625 1015.72009277344 1017.43267822266 1003.12530517578 993.936462402344 988.657043457031 991.460998535156 998.548828125 1000.2744140625 1000.80364990234 991.840881347656 990.783081054688 991.806884765625
1001.71533203125 1007.58062744141 1008.64440917969 1017.39654541016 1019.71234130859 1006.76898193359 999.836303710938 993.543579101562 996.468017578125 986.711608886719 979.719970703125 978.134155273438 985.528381347656 979.383911132812 982.899169921875 984.024291992188 979.600036621094 977.076782226562 973.152221679688 974.569702148438 971.891967773438 972.547607421875 973.36767578125 979.298278808594 984.581420898438 988.336120605469 995.914794921875 991.341064453125 976.859252929688 983.715759277344 984.247375488281 990.538452148438 1002.83837890625 1002.31323242188 1008.14453125 1011.17797851562 1002.92645263672 1002.86175537109 992.380249023438 989.684753417969 993.037536621094 999.509826660156 998.582763671875 993.393737792969 992.832824707031 986.199340820312
997.921142578125 997.236755371094 1001.03448486328 1012.44244384766 1013.58966064453 1014.00689697266 998.145263671875 992.888610839844 990.342468261719 989.682983398438 988.34619140625 983.085998535156 983.374633789062 977.625610351562 977.6328125 976.315734863281 974.293029785156 980.56689453125 977.622253417969 974.568603515625 977.431030273438 979.931457519531 976.848327636719 982.662475585938 975.661560058594 986.594421386719 998.643188476562 994.472412109375 990.991333007812 985.806640625 991.919067382812 1002.64678955078 1001.85137939453 1005.23046875 1006.93811035156 1006.59515380859 1010.46783447266 1003.56616210938 1002.24938964844 994.175109863281 995.171936035156 998.285949707031 994.995788574219 1001.25311279297 996.371765136719 993.393127441406
