data/zlatibor_dem_simulations/DEMsim33.asc
NCOLS 150
NROWS 100
XLLCORNER 7394249
YLLCORNER 4841999
CELLSIZE 30
NODATA_VALUE -9999
[rows 60 to 79 of 100, columns 92 to 137 of 150]
975.981567382812 976.859130859375 972.013122558594 978.320373535156 978.507202148438 974.325012207031 978.088500976562 979.472106933594 974.7841796875 979.917724609375 987.537414550781 984.244140625 984.417175292969 977.664733886719 984.880187988281 972.402526855469 989.98388671875 994.01123046875 997.260986328125 1001.16076660156 1000.38226318359 1002.57403564453 1009.83483886719 1006.78277587891 1008.80920410156 1014.22247314453 1010.94769287109 1015.02478027344 1000.68676757812 999.77294921875 1005.27380371094 1009.73205566406 1014.50347900391 1017.73571777344 1015.90832519531 1019.17718505859 1032.65124511719 1045.7353515625 1052.69323730469 1057.80151367188 1053.64916992188 1070.68823242188 1073.66967773438 1074.95056152344 1066.24365234375 1051.73193359375
971.481994628906 971.830993652344 979.352722167969 979.101013183594 971.28857421875 969.917358398438 977.383239746094 983.37451171875 981.915588378906 989.886657714844 985.665893554688 982.975036621094 984.684265136719 978.612365722656 982.200073242188 984.093627929688 982.900085449219 986.113830566406 987.858276367188 1003.51928710938 1012.29241943359 1020.13330078125 1017.99310302734 1013.52917480469 1012.38751220703 1009.97454833984 1006.25360107422 1003.42816162109 1000.42120361328 1003.64398193359 1008.56213378906 1011.42572021484 1008.62530517578 1017.86138916016 1017.80700683594 1018.56555175781 1029.345703125 1049.35363769531 1059.71081542969 1053.79968261719 1056.8212890625 1056.04309082031 1063.40979003906 1066.30505371094 1056.24243164062 1052.22326660156
970.324401855469 975.376770019531 973.3212890625 974.799560546875 981.474609375 981.344787597656 979.391723632812 988.342346191406 987.229736328125 1003.60583496094 1002.22534179688 990.564697265625 988.417724609375 989.348693847656 993.545532226562 988.273620605469 991.308898925781 988.055603027344 995.804626464844 1001.35711669922 1019.39978027344 1025.03491210938 1026.19653320312 1024.4287109375 1019.61865234375 1019.51184082031 1012.22943115234 1009.50567626953 1016.44586181641 1025.93237304688 1022.43908691406 1010.87188720703 1011.91796875 1012.34606933594 1003.037109375 1009.38696289062 1017.32781982422 1033.12463378906 1047.11645507812 1046.79150390625 1043.37585449219 1053.39001464844 1059.73266601562 1056.94104003906 1050.1171875 1051.46118164062
970.861877441406 971.297302246094 967.812377929688 975.3642578125 981.705139160156 982.234985351562 983.556884765625 988.033630371094 993.584045410156 999.065673828125 998.3330078125 998.112548828125 1000.30651855469 995.54150390625 983.98046875 984.972412109375 987.704528808594 989.610778808594 984.424072265625 1003.14532470703 1017.67858886719 1027.13439941406 1019.21154785156 1014.67059326172 1021.03179931641 1022.92083740234 1026.61743164062 1005.88751220703 1016.99475097656 1023.42883300781 1028.29016113281 1020.04486083984 1023.44421386719 1019.57525634766 998.519714355469 1011.41265869141 1017.06915283203 1027.75817871094 1031.671875 1033.55480957031 1040.85791015625 1043.60607910156 1049.36975097656 1046.81042480469 1042.51049804688 1040.92468261719
970.835754394531 973.789916992188 974.034606933594 977.815185546875 986.585754394531 985.845947265625 983.470947265625 993.800170898438 991.737060546875 993.982788085938 1001.88897705078 1002.61145019531 1009.16979980469 1002.35699462891 980.333129882812 988.78759765625 993.891845703125 994.029418945312 1000.52752685547 1005.04327392578 1016.61657714844 1025.36254882812 1025.08068847656 1021.02362060547 1023.19952392578 1029.78845214844 1027.84313964844 1026.46215820312 1029.23999023438 1026.96337890625 1037.65893554688 1027.31042480469 1025.16345214844 1019.92529296875 1011.10699462891 1007.43731689453 1016.17468261719 1020.07751464844 1019.96142578125 1030.32983398438 1041.80908203125 1048.04382324219 1041.16052246094 1039.99780273438 1031.33483886719 1036.0654296875
973.662841796875 977.456970214844 979.528381347656 980.687683105469 986.220458984375 982.480224609375 986.391357421875 989.030578613281 992.180419921875 988.877563476562 992.315490722656 994.371154785156 1000.93603515625 995.238586425781 999.601440429688 993.263305664062 996.207336425781 999.0947265625 1000.84954833984 1011.05700683594 1016.18829345703 1018.42919921875 1019.2783203125 1026.14172363281 1022.56817626953 1033.36584472656 1033.82153320312 1027.11804199219 1029.92260742188 1036.03308105469 1035.24694824219 1033.40808105469 1028.82446289062 1020.73870849609 1013.71923828125 1014.24322509766 1020.82769775391 1022.74670410156 1023.17120361328 1027.6640625 1043.87512207031 1045.00500488281 1045.24255371094 1037.17053222656 1030.97436523438 1030.92651367188
982.609191894531 986.233093261719 988.686828613281 998.448547363281 991.221313476562 987.50439453125 988.066345214844 989.958190917969 991.714660644531 986.244934082031 987.708801269531 990.772338867188 981.715209960938 986.260375976562 993.905029296875 1002.27410888672 1004.39978027344 999.947509765625 1001.30895996094 1008.42620849609 1011.90570068359 1019.46740722656 1016.23785400391 1021.97088623047 1029.82739257812 1037.9228515625 1028.55773925781 1029.84997558594 1036.29956054688 1040.82666015625 1029.87219238281 1034.81799316406 1037.25744628906 1025.12316894531 1014.60278320312 1018.66009521484 1029.61901855469 1025.27697753906 1022.05511474609 1020.13153076172 1036.61303710938 1038.3134765625 1039.93395996094 1031.82592773438 1029.44860839844 1029.56872558594
981.108520507812 984.162536621094 988.127319335938 997.876831054688 990.339904785156 992.831176757812 986.513061523438 990.2275390625 988.173950195312 987.85009765625 990.507446289062 985.892395019531 986.781494140625 987.590637207031 1001.41082763672 1014.42218017578 1008.34582519531 1005.22625732422 1010.40484619141 1018.73278808594 1012.40606689453 1021.41778564453 1022.54669189453 1022.45025634766 1026.15832519531 1033.58459472656 1036.80456542969 1039.84851074219 1036.84851074219 1033.02966308594 1037.07153320312 1034.13403320312 1028.01379394531 1024.8779296875 1018.87298583984 1023.83428955078 1020.15765380859 1025.05493164062 1021.93957519531 1023.83819580078 1036.62023925781 1036.58251953125 1035.77758789062 1031.2529296875 1018.89385986328 1021.20092773438
974.756958007812 985.219543457031 987.721557617188 993.000305175781 985.552551269531 999.1201171875 985.496887207031 987.449035644531 981.610717773438 985.491027832031 986.003784179688 983.818969726562 993.918212890625 1004.19525146484 1016.12872314453 1017.24859619141 1020.4970703125 1012.85729980469 1017.42645263672 1020.03155517578 1020.89477539062 1024.21618652344 1029.4638671875 1035.68395996094 1044.40405273438 1042.18676757812 1038.69250488281 1038.02685546875 1043.34692382812 1045.44201660156 1044.93017578125 1032.50073242188 1029.75231933594 1024.68530273438 1016.40771484375 1022.9267578125 1026.21618652344 1014.49835205078 1013.28668212891 1027.95593261719 1030.05920410156 1022.62738037109 1014.01617431641 1020.01794433594 1026.42993164062 1022.59655761719
968.466491699219 979.887390136719 987.239929199219 990.368469238281 994.732727050781 989.499816894531 981.469116210938 986.751525878906 992.1025390625 988.504516601562 988.940368652344 991.75244140625 996.034973144531 999.481628417969 1004.57092285156 1008.54180908203 1021.57592773438 1023.13751220703 1024.298828125 1026.89428710938 1029.42150878906 1029.61193847656 1033.58374023438 1038.21862792969 1054.31726074219 1051.4384765625 1040.08068847656 1034.25170898438 1042.84582519531 1046.41223144531 1042.341796875 1039.37854003906 1029.29052734375 1031.05688476562 1021.80316162109 1013.52935791016 1022.28472900391 1020.38946533203 1018.36437988281 1023.08959960938 1019.53991699219 1028.3232421875 1018.01733398438 1022.11700439453 1021.13458251953 1030.287109375
975.477783203125 979.992248535156 990.981262207031 988.112365722656 1000.68896484375 991.727722167969 994.618896484375 995.057312011719 996.495971679688 1000.45050048828 997.487365722656 993.805908203125 993.982360839844 1004.39398193359 1002.19012451172 1008.88647460938 1016.70104980469 1026.82446289062 1030.01245117188 1023.9853515625 1032.3134765625 1029.77978515625 1033.96936035156 1036.08056640625 1043.1552734375 1052.8330078125 1060.41418457031 1044.58898925781 1039.85119628906 1042.60998535156 1040.63110351562 1035.47277832031 1037.92443847656 1034.26196289062 1029.87341308594 1017.71295166016 1017.65875244141 1025.16381835938 1015.74884033203 1022.50140380859 1027.80883789062 1025.16955566406 1023.09295654297 1019.58349609375 1022.31072998047 1027.43371582031
975.22900390625 978.111389160156 984.82666015625 993.632629394531 988.649536132812 998.867736816406 993.830444335938 992.644836425781 995.270385742188 1002.49291992188 1004.17791748047 995.755004882812 1000.21704101562 996.665161132812 1001.38006591797 1005.40069580078 1016.50469970703 1019.95428466797 1017.58349609375 1026.37377929688 1028.54138183594 1032.36083984375 1037.1083984375 1036.05944824219 1039.81750488281 1043.990234375 1043.20666503906 1051.04028320312 1041.51245117188 1032.96313476562 1031.87622070312 1028.00744628906 1037.97973632812 1037.08923339844 1029.39453125 1020.76220703125 1012.17224121094 1019.63348388672 1031.28088378906 1029.22668457031 1017.36553955078 1019.45513916016 1018.69964599609 1019.93402099609 1023.95129394531 1020.89807128906
981.54150390625 981.363708496094 981.59716796875 996.379150390625 997.551574707031 990.353210449219 998.088012695312 1002.31732177734 1001.22320556641 1004.98693847656 1010.64099121094 1002.30505371094 998.288208007812 997.467895507812 1003.01452636719 1003.42980957031 1011.95172119141 1022.28973388672 1024.24389648438 1025.79138183594 1020.93322753906 1031.37963867188 1036.99963378906 1035.02709960938 1031.78039550781 1039.99255371094 1037.83728027344 1036.64001464844 1029.82897949219 1030.76892089844 1030.78393554688 1031.34533691406 1029.48669433594 1030.54370117188 1025.53198242188 1014.96032714844 1019.78021240234 1021.57141113281 1023.63305664062 1024.6962890625 1019.35095214844 1020.44201660156 1017.88061523438 1020.89801025391 1017.17156982422 1018.48474121094
981.171264648438 975.473937988281 979.207702636719 989.237609863281 1002.33068847656 994.929565429688 999.387573242188 1006.79730224609 998.456359863281 999.382446289062 1005.49584960938 1009.96661376953 1008.40203857422 1004.50256347656 1010.20928955078 1014.02728271484 1015.16296386719 1024.34155273438 1032.25939941406 1032.025390625 1029.54467773438 1033.75537109375 1043.13269042969 1031.13000488281 1034.21875 1029.07189941406 1027.36828613281 1031.70373535156 1023.75329589844 1035.72827148438 1027.49755859375 1018.84747314453 1022.26690673828 1024.04663085938 1021.62194824219 1016.70855712891 1014.45715332031 1022.65185546875 1017.10723876953 1020.802734375 1020.07568359375 1017.68731689453 1026.27233886719 1015.10107421875 1017.62939453125 1017.50830078125
974.900085449219 982.376098632812 993.150085449219 1000.24682617188 1000.29840087891 996.655029296875 1003.97998046875 1001.55145263672 1008.20422363281 1004.43328857422 1010.88549804688 1011.66888427734 1009.61395263672 1013.66009521484 1011.67083740234 1017.38073730469 1023.25372314453 1019.35827636719 1027.68579101562 1032.96704101562 1034.12451171875 1034.74487304688 1031.52099609375 1024.43420410156 1023.49468994141 1023.56188964844 1030.81811523438 1025.45129394531 1025.65930175781 1030.9677734375 1024.10607910156 1023.27911376953 1016.33245849609 1023.75994873047 1017.40264892578 1014.42736816406 1009.11090087891 1007.88275146484 1012.15454101562 1020.27587890625 1021.65930175781 1019.51159667969 1014.88702392578 1021.01885986328 1018.45874023438 1015.89953613281
977.2900390625 984.452819824219 990.416748046875 996.545593261719 996.842529296875 1003.8896484375 999.8466796875 1002.228515625 1007.15142822266 1015.2216796875 1013.85205078125 1017.74359130859 1015.35723876953 1009.58685302734 1015.39031982422 1027.77709960938 1030.021484375 1032.98315429688 1031.89086914062 1030.06616210938 1035.58996582031 1034.47509765625 1020.50500488281 1013.70397949219 1016.24053955078 1017.11053466797 1021.7607421875 1028.20678710938 1026.70129394531 1025.90319824219 1027.38647460938 1021.94476318359 1023.77600097656 1019.85430908203 1014.86370849609 1005.73620605469 1004.27319335938 1004.86492919922 999.239990234375 1012.27258300781 1014.86309814453 1016.72998046875 1011.03411865234 1018.16955566406 1022.54541015625 1021.23602294922
980.421264648438 984.241943359375 995.160949707031 999.182678222656 1000.44494628906 1004.95739746094 1006.59143066406 1003.56585693359 1008.80316162109 1007.27044677734 1004.40600585938 1009.18725585938 1012.70153808594 1015.46374511719 1027.03015136719 1030.36645507812 1034.04650878906 1035.1494140625 1025.79125976562 1033.29028320312 1034.6279296875 1026.79052734375 1013.12738037109 1017.57104492188 1019.02252197266 1020.37048339844 1024.40893554688 1025.2353515625 1024.1669921875 1019.26605224609 1026.60778808594 1024.70983886719 1024.3642578125 1016.87768554688 1016.09649658203 1014.33306884766 997.122314453125 1004.03784179688 998.594482421875 998.851806640625 1004.44177246094 1000.3740234375 1012.09533691406 1016.91436767578 1011.47778320312 1016.42791748047
987.350891113281 990.540954589844 991.552062988281 995.705871582031 997.082275390625 1011.57495117188 1007.29632568359 1009.80126953125 1005.96234130859 1010.43908691406 1005.74609375 1012.39398193359 1023.40808105469 1019.20831298828 1031.6337890625 1029.52954101562 1036.09851074219 1036.22924804688 1025.38452148438 1027.35864257812 1036.66284179688 1027.34838867188 1016.76483154297 1019.48040771484 1025.22778320312 1026.75671386719 1027.83129882812 1025.21899414062 1028.86840820312 1019.16790771484 1007.49377441406 1011.88061523438 1017.44860839844 1024.30297851562 1013.17718505859 1011.92407226562 1005.56097412109 1001.68798828125 997.831420898438 998.195251464844 1000.4599609375 1005.66809082031 1004.98944091797 1009.20397949219 1014.24365234375 1006.44866943359
984.271850585938 992.781066894531 993.367431640625 996.163452148438 999.250183105469 993.063110351562 996.729309082031 995.399108886719 1002.3076171875 1007.67572021484 1012.48864746094 1012.64605712891 1012.84313964844 1018.39508056641 1029.22290039062 1033.26281738281 1034.88671875 1032.56567382812 1033.06311035156 1025.03625488281 1037.67993164062 1026.53527832031 1027.484375 1021.53509521484 1027.62121582031 1025.97106933594 1020.29370117188 1023.08996582031 1016.91577148438 1018.72241210938 1025.20764160156 1007.28900146484 1012.85467529297 1015.93414306641 1016.38323974609 1009.54742431641 1010.79052734375 1003.14593505859 995.193908691406 996.569213867188 995.6484375 996.457946777344 994.565490722656 1003.10949707031 994.711486816406 1001.89178466797
994.612243652344 989.930969238281 991.470947265625 1003.10083007812 1003.18176269531 999.69970703125 1001.4580078125 1009.18591308594 1007.43994140625 1003.75445556641 1004.45880126953 1011.92535400391 1009.08166503906 1013.54425048828 1026.83642578125 1035.67358398438 1026.71887207031 1039.65319824219 1041.89916992188 1031.94360351562 1034.83178710938 1028.29223632812 1031.82836914062 1035.69970703125 1032.48840332031 1025.17321777344 1018.17419433594 1020.0361328125 1027.51098632812 1024.75927734375 1016.76727294922 1009.24359130859 1014.98327636719 1023.47686767578 1013.39685058594 1008.45776367188 1004.05560302734 1002.77563476562 994.191345214844 997.466491699219 995.824951171875 991.040832519531 993.582946777344 996.706787109375 999.536315917969 999.681335449219
