data/zlatibor_dem_simulations/DEMsim68 (1).asc
NCOLS 150
NROWS 100
XLLCORNER 7394249
YLLCORNER 4841999
CELLSIZE 30
NODATA_VALUE -9999
[rows 40 to 59 of 100, columns 0 to 45 of 150]
960.618957519531 963.926574707031 963.051086425781 961.414489746094 965.320861816406 958.308776855469 969.785461425781 972.018859863281 967.753784179688 964.438110351562 968.933166503906 980.365295410156 978.157836914062 969.407348632812 968.117980957031 973.446411132812 981.670532226562 983.366333007812 983.15478515625 981.89990234375 981.626708984375 988.947937011719 987.135070800781 983.943969726562 988.899291992188 978.922241210938 971.788391113281 970.156555175781 968.616088867188 984.706481933594 981.995849609375 984.322326660156 981.351623535156 979.638793945312 973.193969726562 977.14990234375 976.669982910156 974.27099609375 979.144592285156 974.985778808594 978.76220703125 972.187561035156 972.329406738281 965.675659179688 965.391235351562 966.904663085938
961.755554199219 960.815490722656 963.060668945312 963.910278320312 957.658325195312 964.9482421875 964.694030761719 970.173583984375 960.882507324219 962.002075195312 976.775695800781 971.864624023438 970.593322753906 977.387878417969 972.845336914062 976.686279296875 976.8310546875 977.984252929688 988.036010742188 974.456237792969 984.170532226562 988.500915527344 987.386840820312 981.213562011719 988.749694824219 977.745178222656 973.205200195312 973.043640136719 978.3828125 979.828369140625 979.391845703125 983.308410644531 984.082336425781 980.719360351562 965.990112304688 969.568908691406 979.04052734375 977.091613769531 977.880920410156 977.64111328125 973.614685058594 972.137268066406 968.762573242188 966.072082519531 977.827453613281 972.8896484375
958.904418945312 958.389221191406 959.316284179688 959.684265136719 960.607238769531 957.61669921875 957.111877441406 962.721313476562 960.594543457031 967.305541992188 967.120544433594 977.303771972656 971.045349121094 971.611755371094 975.740966796875 970.32763671875 977.252136230469 975.977600097656 980.947509765625 972.933959960938 979.648498535156 979.837097167969 983.964599609375 986.117980957031 977.5771484375 973.232360839844 970.775329589844 977.088073730469 982.077941894531 982.105712890625 973.298950195312 977.975708007812 976.216003417969 986.785034179688 967.801696777344 968.973205566406 978.12890625 980.262939453125 978.491760253906 978.631042480469 975.887268066406 965.808715820312 965.302062988281 963.870544433594 960.451232910156 968.471862792969
949.928771972656 951.919555664062 950.887451171875 945.365966796875 955.004455566406 951.501831054688 958.043640136719 964.173522949219 969.422790527344 965.71533203125 968.307189941406 963.402587890625 972.534118652344 975.830200195312 975.507507324219 973.860778808594 980.580688476562 979.513000488281 974.064636230469 977.718872070312 974.234741210938 976.281555175781 968.837585449219 968.651672363281 969.713684082031 964.773132324219 963.774536132812 966.521057128906 976.355163574219 984.472290039062 981.45703125 984.163146972656 981.852600097656 981.503112792969 973.451049804688 965.310302734375 964.747680664062 972.276550292969 976.633728027344 976.236206054688 978.536499023438 965.424255371094 964.680847167969 964.817749023438 966.991271972656 965.048889160156
938.719421386719 960.750549316406 948.879821777344 944.846008300781 952.073669433594 959.603393554688 960.997131347656 965.976013183594 965.5498046875 963.152648925781 956.303771972656 968.518493652344 973.213684082031 974.673828125 972.669311523438 982.942810058594 979.650695800781 981.501281738281 971.907653808594 977.36962890625 973.721252441406 972.949401855469 966.737976074219 972.409851074219 959.096557617188 962.121459960938 968.782592773438 975.195495605469 974.17919921875 974.099548339844 978.251342773438 985.849792480469 980.078308105469 980.9296875 979.735229492188 970.374450683594 967.485595703125 975.417785644531 978.251220703125 973.560241699219 974.395874023438 969.192016601562 961.590454101562 963.912170410156 969.42041015625 971.172607421875
942.090698242188 955.331420898438 953.890869140625 948.855895996094 947.326599121094 961.260620117188 955.242248535156 956.210632324219 964.629028320312 963.766357421875 960.374816894531 964.276184082031 969.007202148438 967.014587402344 962.410583496094 963.346069335938 977.956420898438 977.612854003906 975.7373046875 973.184143066406 974.284606933594 979.898620605469 972.745056152344 969.642211914062 958.838012695312 967.051208496094 969.683227539062 964.717346191406 972.573608398438 972.854614257812 980.095336914062 977.332702636719 976.625793457031 974.751159667969 976.698364257812 979.139343261719 970.914978027344 977.476318359375 966.731567382812 975.089538574219 973.400024414062 971.793334960938 964.444152832031 959.881652832031 961.077514648438 963.521362304688
950.910034179688 953.404357910156 958.924194335938 953.701904296875 947.959533691406 957.670532226562 959.798034667969 963.348022460938 967.719787597656 965.379211425781 966.522216796875 958.441711425781 960.313232421875 952.849304199219 949.51904296875 964.839904785156 983.504333496094 966.746459960938 962.813781738281 970.517578125 975.856079101562 976.371154785156 965.8505859375 967.856262207031 966.628662109375 964.325500488281 973.182495117188 965.849548339844 964.754760742188 969.943115234375 976.06201171875 971.865539550781 970.105712890625 976.361145019531 972.14697265625 973.884216308594 967.742492675781 963.642578125 969.15771484375 980.087097167969 973.688049316406 970.012451171875 955.080505371094 958.521057128906 966.651123046875 951.255187988281
959.729248046875 958.089050292969 952.293823242188 956.21044921875 952.942077636719 958.331176757812 971.483215332031 962.866394042969 962.63916015625 963.474060058594 966.794555664062 963.002807617188 960.355407714844 959.879028320312 949.918334960938 963.455810546875 968.095336914062 966.695983886719 963.451904296875 975.562072753906 973.97119140625 971.699951171875 964.786743164062 967.642211914062 964.033386230469 966.052612304688 975.10400390625 979.603271484375 971.258850097656 975.597473144531 976.062927246094 972.717590332031 972.226135253906 983.540710449219 980.545288085938 974.030639648438 975.810852050781 972.843139648438 964.821166992188 980.811462402344 975.304565429688 969.514038085938 961.5888671875 960.761901855469 962.480712890625 959.137878417969
953.590576171875 963.38232421875 959.696655273438 961.059448242188 952.306274414062 964.605346679688 977.560485839844 964.715087890625 967.450378417969 969.665405273438 965.91455078125 960.000183105469 958.926147460938 961.993957519531 967.512878417969 970.144714355469 981.934875488281 975.869506835938 970.64697265625 975.271301269531 971.678771972656 973.170654296875 969.1494140625 964.711669921875 960.448669433594 965.0205078125 972.416259765625 967.297546386719 973.185607910156 976.7890625 971.697204589844 970.859069824219 961.925964355469 973.658874511719 973.740966796875 973.221740722656 972.623352050781 974.25146484375 965.26953125 972.327270507812 970.91015625 961.337646484375 963.499633789062 963.010314941406 962.072692871094 962.448974609375
952.257080078125 959.339599609375 954.631408691406 955.033996582031 953.84326171875 968.421081542969 974.002014160156 972.377868652344 977.847473144531 973.159606933594 970.772827148438 960.079650878906 955.497375488281 961.948181152344 966.246276855469 977.594421386719 980.107971191406 982.935485839844 972.247192382812 975.313232421875 982.470947265625 977.735595703125 964.91064453125 960.525085449219 962.354614257812 964.517517089844 973.082824707031 969.19873046875 982.276794433594 981.528381347656 976.2568359375 969.09912109375 963.367492675781 968.4228515625 975.226623535156 974.94970703125 976.977783203125 974.80126953125 961.792053222656 962.940124511719 960.280517578125 962.577880859375 962.079345703125 959.441528320312 964.579284667969 965.036437988281
955.977661132812 956.040893554688 959.781677246094 950.788024902344 952.945251464844 963.827392578125 970.875915527344 971.1767578125 972.221435546875 975.70947265625 978.892211914062 971.824157714844 970.276733398438 968.730773925781 982.549133300781 981.074768066406 987.387878417969 981.160461425781 975.180053710938 972.335388183594 969.399658203125 961.203247070312 959.697143554688 954.974853515625 961.277770996094 961.536499023438 965.335754394531 965.625732421875 977.236206054688 980.364685058594 968.807189941406 960.654663085938 965.749267578125 973.174926757812 977.165283203125 980.827758789062 973.252075195312 972.537414550781 960.838806152344 953.560241699219 951.947631835938 954.674194335938 957.556640625 959.78564453125 953.755065917969 961.135986328125
957.82080078125 963.368041992188 957.880432128906 954.673095703125 961.632202148438 965.892578125 965.944030761719 976.163635253906 975.861999511719 976.546264648438 977.394958496094 978.259094238281 967.032165527344 970.182678222656 980.766662597656 972.509704589844 977.672546386719 987.83154296875 973.376403808594 971.242553710938 960.809509277344 965.715515136719 964.931030273438 959.936462402344 966.625244140625 968.148315429688 963.342712402344 967.201171875 972.751159667969 979.35400390625 974.550231933594 971.054443359375 966.908935546875 973.32666015625 978.042724609375 972.051086425781 966.211486816406 967.770629882812 961.918151855469 953.765869140625 956.156066894531 956.871276855469 957.64794921875 961.858459472656 966.25439453125 970.024963378906
950.944396972656 954.608825683594 950.293823242188 961.32421875 966.700439453125 975.524353027344 972.087585449219 973.075561523438 982.438537597656 969.816955566406 978.057312011719 976.444519042969 974.05029296875 971.770935058594 979.80126953125 974.715637207031 975.256530761719 970.621765136719 971.343322753906 972.843933105469 969.013366699219 970.176147460938 965.063049316406 969.161254882812 965.516418457031 961.985046386719 961.479919433594 966.289672851562 966.622436523438 970.649169921875 971.952270507812 968.096069335938 964.446166992188 964.887634277344 970.124145507812 966.214111328125 961.637878417969 967.720031738281 966.713317871094 952.168273925781 952.685485839844 952.5712890625 958.863037109375 966.117858886719 963.631042480469 963.824279785156
960.766418457031 965.5048828125 975.043762207031 972.237426757812 970.385559082031 976.079833984375 978.133361816406 971.188232421875 974.106079101562 963.605529785156 978.081726074219 973.618469238281 977.262268066406 974.200317382812 973.381103515625 977.497741699219 969.398193359375 970.381713867188 971.022399902344 972.016418457031 970.192016601562 973.523986816406 968.32568359375 970.043823242188 966.378112792969 970.495666503906 966.354614257812 967.814392089844 971.142944335938 965.003173828125 977.987854003906 970.044799804688 964.935913085938 960.988342285156 959.840148925781 967.593994140625 969.280639648438 967.535034179688 962.1494140625 952.222351074219 960.964660644531 961.119934082031 960.21630859375 957.770141601562 960.057983398438 951.1435546875
964.399536132812 971.652282714844 969.097900390625 973.917358398438 978.09716796875 977.195983886719 964.271850585938 967.438110351562 971.0625 969.560913085938 972.258178710938 971.769470214844 974.873779296875 983.827331542969 979.791198730469 974.111938476562 972.428833007812 975.221801757812 968.564758300781 972.822509765625 971.775390625 963.858459472656 957.538269042969 958.851135253906 962.881652832031 967.45068359375 965.874450683594 961.740417480469 962.326354980469 971.934326171875 966.909423828125 968.150085449219 960.904663085938 964.004699707031 959.606201171875 962.878051757812 973.222473144531 967.648681640625 966.152770996094 958.906311035156 959.729858398438 960.805908203125 946.476623535156 955.20654296875 958.279113769531 952.486450195312
959.849060058594 964.785705566406 961.088928222656 968.627258300781 971.561096191406 982.862548828125 970.276733398438 977.450805664062 979.155334472656 970.724182128906 958.436218261719 957.408142089844 963.322692871094 973.022155761719 976.694885253906 974.93310546875 967.394409179688 978.991760253906 970.582763671875 973.936706542969 961.054504394531 960.322570800781 956.380126953125 957.446228027344 963.852966308594 968.089965820312 959.506713867188 958.059143066406 964.845092773438 961.113220214844 972.959655761719 967.169006347656 962.511535644531 965.333190917969 959.112243652344 958.02587890625 957.853332519531 963.176086425781 961.994140625 948.009460449219 952.996337890625 953.330383300781 956.397888183594 959.296997070312 950.763549804688 945.636474609375
964.012878417969 957.27197265625 962.795288085938 972.880676269531 970.930236816406 976.546752929688 970.630249023438 967.587280273438 971.693969726562 959.93505859375 962.148498535156 956.026306152344 967.332641601562 968.731018066406 966.258850097656 962.738464355469 967.422119140625 973.19970703125 971.886047363281 964.264892578125 960.502807617188 958.654724121094 965.016296386719 957.695861816406 957.389526367188 947.870666503906 960.777587890625 963.510131835938 960.193908691406 962.1318359375 961.899047851562 963.958740234375 962.311584472656 962.474182128906 966.292846679688 957.65673828125 951.286193847656 963.458740234375 957.410461425781 949.473693847656 951.200500488281 957.654235839844 965.746948242188 956.240295410156 964.588134765625 962.953735351562
967.717590332031 958.292297363281 966.244689941406 971.513366699219 969.174560546875 973.082458496094 973.287353515625 966.640197753906 965.232421875 953.113037109375 961.706665039062 960.293090820312 968.557983398438 969.009216308594 969.794311523438 965.376708984375 964.282897949219 960.676452636719 964.969116210938 957.223571777344 961.639587402344 965.175598144531 956.100708007812 959.139709472656 955.941223144531 953.753356933594 952.161743164062 956.856506347656 954.809753417969 957.870910644531 956.963256835938 949.504943847656 946.780334472656 953.978820800781 965.320373535156 956.330688476562 952.915466308594 956.220092773438 954.050598144531 955.297668457031 952.07177734375 954.719482421875 962.030090332031 959.814270019531 953.939575195312 957.008056640625
966.63427734375 968.022583007812 967.247192382812 965.922790527344 971.753112792969 971.177673339844 964.004272460938 961.628540039062 959.848815917969 957.80712890625 953.36181640625 956.205261230469 965.812927246094 966.0771484375 962.974548339844 964.536865234375 959.421203613281 947.033752441406 950.343627929688 952.463623046875 963.275817871094 970.374938964844 960.944458007812 957.806030273438 954.392272949219 945.885620117188 943.80322265625 951.049682617188 952.213195800781 943.215454101562 949.538635253906 950.592895507812 946.644409179688 951.037719726562 952.068298339844 949.547302246094 953.113464355469 949.18505859375 949.634887695312 949.07275390625 951.044555664062 948.028503417969 950.668884277344 954.285949707031 953.085571289062 956.344055175781
960.025756835938 967.662353515625 973.569519042969 974.647216796875 978.067749023438 979.27490234375 973.194091796875 968.837585449219 963.512451171875 962.285400390625 962.789367675781 950.302612304688 955.819580078125 962.6171875 963.813415527344 964.728759765625 957.56591796875 954.613464355469 953.692626953125 954.826782226562 954.980712890625 951.247009277344 954.974426269531 949.594604492188 944.882446289062 944.75341796875 943.766418457031 949.794982910156 943.699279785156 947.57763671875 950.458374023438 944.498229980469 942.577758789062 940.971801757812 948.004272460938 949.348388671875 946.502136230469 949.824768066406 951.890747070312 947.824462890625 944.882141113281 946.097961425781 954.124877929688 947.267150878906 948.222900390625 952.858459472656
