data/zlatibor_dem_simulations/DEMsim69 (1).asc
NCOLS 150
NROWS 100
XLLCORNER 7394249
YLLCORNER 4841999
CELLSIZE 30
NODATA_VALUE -9999
[rows 40 to 59 of 100, columns 46 to 91 of 150]
973.256286621094 985.282836914062 984.976440429688 980.367736816406 976.582214355469 974.2470703125 971.203857421875 977.734741210938 973.32763671875 973.462280273438 972.562072753906 974.186218261719 970.045043945312 986.692749023438 986.620422363281 983.882690429688 990.717529296875 986.718688964844 992.503967285156 980.702392578125 983.185668945312 979.962280273438 986.212158203125 976.070373535156 962.2919921875 964.006591796875 967.619018554688 969.412048339844 973.799743652344 971.948059082031 975.407592773438 977.475769042969 983.561889648438 982.664489746094 992.273498535156 991.769287109375 992.305969238281 990.295227050781 996.708923339844 991.467834472656 992.352844238281 984.645751953125 992.826538085938 985.615844726562 991.52197265625 980.296752929688
990.933837890625 986.505249023438 981.236206054688 976.229614257812 978.146850585938 970.94775390625 974.173156738281 973.376647949219 971.074096679688 969.045349121094 976.085388183594 976.012268066406 981.391357421875 986.047668457031 990.254638671875 990.04736328125 983.853576660156 982.666564941406 994.898376464844 984.77392578125 980.229064941406 980.9541015625 978.117553710938 973.968627929688 966.730224609375 959.546630859375 965.609924316406 969.099365234375 971.908996582031 970.655883789062 969.822570800781 973.996337890625 975.24951171875 977.211547851562 983.764099121094 996.614929199219 994.959899902344 998.309204101562 999.129516601562 992.402038574219 990.333801269531 989.992431640625 991.504577636719 991.412048339844 989.257385253906 985.548706054688
983.681274414062 991.303649902344 979.225219726562 976.843444824219 978.964050292969 975.635864257812 975.579223632812 970.40771484375 966.27685546875 965.499572753906 973.087463378906 972.748657226562 983.909484863281 983.389587402344 983.9814453125 985.151062011719 979.415588378906 974.929931640625 985.678527832031 979.762145996094 970.902221679688 973.720520019531 980.589294433594 971.814880371094 966.9892578125 970.320556640625 972.150695800781 965.597473144531 966.633666992188 965.134155273438 967.907165527344 973.371826171875 980.994689941406 974.416320800781 975.080993652344 987.035949707031 990.459228515625 995.997619628906 995.606567382812 988.762573242188 986.025512695312 988.860107421875 989.380310058594 986.692687988281 988.038635253906 986.821044921875
976.380798339844 980.711120605469 979.91015625 978.146118164062 975.773864746094 983.806518554688 972.376586914062 969.589172363281 970.327026367188 964.971740722656 969.622924804688 972.764404296875 975.733276367188 975.528991699219 977.45849609375 977.265258789062 964.854187011719 973.708923339844 979.652404785156 976.503051757812 969.5048828125 962.793151855469 967.616638183594 964.500549316406 960.062377929688 963.273559570312 970.447143554688 979.92041015625 968.712646484375 969.697814941406 968.551391601562 978.2314453125 980.746765136719 980.309631347656 978.994323730469 975.384094238281 980.282775878906 988.6494140625 986.743347167969 984.173828125 989.869506835938 984.405883789062 990.435119628906 991.522521972656 989.02978515625 985.498229980469
965.806579589844 977.303771972656 983.9658203125 976.422424316406 976.627380371094 978.246398925781 973.466186523438 967.056213378906 968.407409667969 977.468078613281 972.431091308594 975.085205078125 977.3486328125 964.199584960938 972.386962890625 979.739807128906 972.500610351562 978.260925292969 979.120666503906 977.606201171875 970.569030761719 971.10693359375 964.254577636719 962.616760253906 961.888122558594 962.687927246094 962.553039550781 968.231506347656 969.635620117188 975.078063964844 975.955078125 979.559265136719 987.727355957031 988.351013183594 984.196716308594 986.524108886719 981.421691894531 984.429016113281 979.643920898438 986.803527832031 986.330383300781 988.599487304688 982.485046386719 989.936645507812 987.836669921875 985.074340820312
963.261901855469 968.091369628906 980.710144042969 975.154724121094 975.531066894531 972.583618164062 966.668151855469 963.858093261719 969.914489746094 977.395629882812 972.356994628906 977.599975585938 969.1376953125 971.575927734375 975.108459472656 978.093505859375 978.386962890625 973.382995605469 976.2509765625 979.863037109375 975.877319335938 974.203308105469 969.906066894531 958.327819824219 956.775939941406 962.897338867188 966.156921386719 970.384399414062 964.148193359375 975.878723144531 969.461608886719 982.816040039062 982.461364746094 972.051025390625 980.679016113281 982.874328613281 978.347412109375 980.42626953125 974.696655273438 976.995910644531 976.990783691406 971.075927734375 972.467407226562 980.916076660156 983.072631835938 990.086730957031
963.722595214844 972.804992675781 970.921997070312 971.189025878906 969.186584472656 976.527709960938 969.372131347656 964.745544433594 964.8623046875 967.118713378906 970.879028320312 961.552673339844 961.258605957031 975.798828125 974.160766601562 972.982543945312 972.119323730469 977.815002441406 976.457641601562 974.011352539062 964.2919921875 967.240783691406 971.135498046875 967.585998535156 964.9638671875 966.142822265625 963.29296875 969.464660644531 965.703247070312 970.038269042969 970.925231933594 970.659790039062 971.59326171875 962.557373046875 975.838500976562 970.707092285156 970.241516113281 969.846923828125 975.549560546875 979.788696289062 974.750183105469 970.370422363281 965.85888671875 962.092346191406 967.872985839844 979.99755859375
977.31591796875 976.697631835938 970.562561035156 971.463745117188 976.351684570312 971.611633300781 969.572326660156 968.987487792969 961.028869628906 964.276000976562 964.844055175781 972.0810546875 968.566772460938 975.707885742188 968.302795410156 964.284118652344 970.518188476562 979.172424316406 974.262023925781 971.317504882812 969.225769042969 954.386108398438 965.310180664062 969.824523925781 969.476867675781 963.257141113281 970.428527832031 971.678527832031 972.963439941406 969.773071289062 968.126342773438 967.515319824219 961.5068359375 961.794555664062 968.539428710938 964.517578125 974.40283203125 959.361755371094 969.867736816406 968.797424316406 967.451721191406 970.567810058594 967.371643066406 964.317016601562 976.6328125 972.276550292969
979.083679199219 975.263061523438 972.21484375 972.280212402344 977.105041503906 967.724182128906 962.466186523438 958.76708984375 959.278442382812 961.547302246094 964.754821777344 966.621276855469 971.005310058594 962.401245117188 959.195617675781 961.453247070312 968.011413574219 972.708923339844 976.766906738281 970.113525390625 976.784973144531 963.92236328125 963.728881835938 966.168762207031 963.770141601562 964.111633300781 967.788330078125 965.192993164062 970.86865234375 961.654968261719 969.276123046875 965.377563476562 965.289184570312 966.827331542969 968.355041503906 972.972900390625 970.8037109375 962.988708496094 960.613342285156 971.341979980469 973.531921386719 974.637512207031 975.759765625 968.950500488281 966.538452148438 974.287719726562
964.437561035156 976.866394042969 976.697937011719 974.152465820312 975.134460449219 974.908935546875 961.811462402344 959.483276367188 964.253784179688 961.829711914062 965.189331054688 965.849853515625 966.557250976562 959.041076660156 951.309265136719 957.648803710938 958.958557128906 967.32177734375 969.829833984375 974.818420410156 980.936584472656 971.647705078125 959.006774902344 955.554870605469 968.911987304688 961.623962402344 965.266418457031 961.609802246094 964.62646484375 958.256164550781 967.227600097656 962.253601074219 951.742980957031 959.072631835938 970.987365722656 969.697143554688 968.692199707031 969.989685058594 968.179321289062 973.907531738281 973.473876953125 976.432067871094 970.509033203125 965.3837890625 974.405029296875 968.455810546875
962.744018554688 956.915954589844 968.649597167969 959.711547851562 963.909423828125 970.381530761719 961.617431640625 959.000732421875 961.024841308594 959.429443359375 969.223571777344 974.839904785156 969.397155761719 956.796447753906 954.951049804688 957.403076171875 961.496154785156 964.973693847656 970.516906738281 976.520141601562 976.122192382812 974.535400390625 963.626403808594 956.926391601562 961.818176269531 969.501037597656 968.826110839844 968.081237792969 973.538818359375 969.130554199219 960.960998535156 960.257446289062 943.011291503906 961.012878417969 973.029418945312 968.917236328125 962.504028320312 965.210754394531 976.897155761719 970.890075683594 961.584106445312 971.392211914062 970.848266601562 971.323669433594 968.341247558594 973.592712402344
957.597595214844 955.346252441406 952.240417480469 957.132080078125 956.047485351562 960.345520019531 963.196838378906 954.479736328125 958.626159667969 963.166748046875 963.518005371094 966.39990234375 965.543823242188 957.409423828125 958.317077636719 957.197204589844 957.121154785156 969.696044921875 965.524108886719 972.161437988281 970.348754882812 978.938354492188 970.485168457031 969.29150390625 958.594787597656 957.563537597656 965.282653808594 967.94873046875 977.596618652344 972.843994140625 961.689270019531 951.107788085938 955.841125488281 951.624877929688 953.219360351562 961.192077636719 964.218505859375 962.759643554688 966.261413574219 964.595886230469 964.306945800781 967.895385742188 963.841613769531 968.944702148438 972.63623046875 979.1513671875
961.737854003906 959.557434082031 955.62109375 953.155456542969 961.101989746094 961.392211914062 964.059753417969 959.947326660156 958.188171386719 966.020263671875 966.483520507812 964.471557617188 966.325012207031 959.70263671875 961.070739746094 953.606018066406 959.188903808594 967.360595703125 973.697937011719 975.631469726562 972.306457519531 974.641479492188 972.651123046875 966.755432128906 961.088562011719 956.736511230469 956.755981445312 959.231018066406 971.893005371094 963.577758789062 959.474670410156 958.256591796875 963.447448730469 961.710632324219 958.13916015625 957.360046386719 954.584289550781 953.086853027344 954.303527832031 958.597106933594 967.865539550781 970.667785644531 967.810241699219 964.990356445312 972.716552734375 978.261535644531
963.493957519531 959.80078125 955.26708984375 954.0888671875 947.159423828125 957.504699707031 966.044799804688 960.796142578125 958.187866210938 960.015075683594 961.77685546875 957.247009277344 959.578674316406 957.935363769531 967.006652832031 954.220397949219 956.568176269531 961.989929199219 969.539916992188 957.065673828125 967.326721191406 955.124328613281 964.698364257812 973.356628417969 970.922119140625 969.735290527344 959.331787109375 968.356384277344 962.560791015625 969.179382324219 959.029724121094 960.031677246094 955.423034667969 953.932189941406 957.070251464844 960.333801269531 961.564636230469 956.411376953125 954.318176269531 966.736328125 970.122253417969 964.134765625 962.128112792969 967.043701171875 970.703552246094 974.84716796875
960.386169433594 965.474731445312 953.152770996094 947.995361328125 955.031127929688 952.755249023438 956.8818359375 959.54541015625 962.40185546875 953.015380859375 956.768981933594 957.979431152344 956.855102539062 957.149780273438 965.343566894531 960.325439453125 949.385559082031 956.379028320312 964.022521972656 961.3544921875 955.699035644531 961.152893066406 979.486633300781 969.255310058594 965.461486816406 960.325988769531 972.503601074219 963.631530761719 968.035522460938 966.353271484375 960.957702636719 957.285949707031 958.521728515625 954.650634765625 961.510925292969 973.307678222656 968.284301757812 958.671325683594 964.818176269531 965.722106933594 970.64111328125 965.781311035156 961.231262207031 963.19140625 974.17041015625 968.175659179688
963.819763183594 963.945190429688 950.680358886719 947.777954101562 952.940124511719 950.896606445312 961.636962890625 958.141906738281 957.294189453125 949.875610351562 950.084716796875 956.798461914062 959.8876953125 960.564208984375 959.266479492188 959.663024902344 949.75048828125 959.6162109375 959.618041992188 964.175903320312 954.69091796875 963.585693359375 968.528137207031 968.030395507812 968.068359375 968.710815429688 965.785522460938 959.1259765625 966.154174804688 966.766784667969 971.893737792969 961.411682128906 951.674865722656 952.403503417969 958.135925292969 967.002380371094 954.51611328125 960.810302734375 963.807861328125 969.21875 967.399169921875 960.648803710938 951.686950683594 956.253356933594 965.070190429688 971.845642089844
952.681518554688 957.527038574219 957.997924804688 943.199890136719 952.114196777344 951.504272460938 947.529174804688 956.930847167969 954.520935058594 947.26513671875 951.814270019531 955.240783691406 965.414611816406 958.563171386719 954.582641601562 953.452575683594 955.015991210938 961.185363769531 956.349670410156 953.017333984375 955.054809570312 953.25927734375 963.021423339844 968.994262695312 962.304138183594 967.749633789062 962.811584472656 963.225036621094 960.845947265625 965.561096191406 970.345947265625 968.2392578125 959.891662597656 954.961364746094 960.333251953125 963.005859375 960.553527832031 959.462280273438 968.594665527344 964.419616699219 971.173278808594 961.753356933594 959.693664550781 965.451477050781 971.67919921875 966.557739257812
950.912292480469 953.456604003906 950.867614746094 952.725952148438 946.95556640625 950.259521484375 951.2353515625 953.900512695312 948.708801269531 946.938598632812 952.755065917969 952.82373046875 962.347839355469 965.3115234375 966.735717773438 964.541015625 958.314208984375 950.9970703125 948.004089355469 950.689575195312 952.0888671875 948.60302734375 959.206909179688 972.60302734375 964.403381347656 973.550659179688 964.453552246094 957.130859375 959.004455566406 960.440124511719 962.47119140625 972.645324707031 970.108520507812 961.486694335938 963.704162597656 965.867919921875 960.955993652344 960.13134765625 961.758422851562 970.831848144531 966.39990234375 966.370788574219 965.98046875 961.04248046875 968.5361328125 973.180541992188
953.803833007812 955.753540039062 955.94775390625 951.125061035156 947.370849609375 941.904296875 945.083679199219 946.116455078125 943.034362792969 957.68896484375 954.570556640625 960.925354003906 959.703063964844 967.557922363281 968.217407226562 968.021057128906 966.096862792969 956.809326171875 947.739013671875 942.871215820312 954.770385742188 954.549621582031 955.010681152344 965.118957519531 959.272644042969 965.785949707031 958.597045898438 960.627380371094 965.405090332031 965.322204589844 963.391906738281 971.502136230469 958.41455078125 965.715454101562 961.978332519531 961.362365722656 966.183776855469 968.989013671875 969.863952636719 971.112487792969 967.569946289062 970.685363769531 970.127197265625 962.917297363281 959.87353515625 960.751892089844
957.082214355469 957.312194824219 954.316711425781 956.216979980469 950.469665527344 946.974487304688 942.411865234375 945.77978515625 950.414367675781 957.793212890625 962.259094238281 958.869262695312 966.601867675781 962.698303222656 969.039794921875 969.193542480469 960.767944335938 959.296020507812 949.586730957031 948.613525390625 950.579650878906 965.198791503906 960.799377441406 966.157775878906 957.991760253906 957.256469726562 957.544921875 967.224182128906 965.525573730469 960.934265136719 966.957214355469 970.112731933594 964.350830078125 971.686584472656 969.574462890625 969.035583496094 971.289855957031 970.520568847656 966.094665527344 962.995971679688 973.750549316406 976.871826171875 967.838317871094 967.918029785156 966.804504394531 956.725769042969
