data/zlatibor_dem_simulations/DEMsim66.asc
NCOLS 150
NROWS 100
XLLCORNER 7394249
YLLCORNER 4841999
CELLSIZE 30
NODATA_VALUE -9999
[rows 80 to 99 of 100, columns 92 to 137 of 150]
990.26708984375 991.864929199219 1001.38806152344 995.079772949219 991.142883300781 988.881958007812 1000.07049560547 1000.54644775391 1007.31439208984 1012.49914550781 1017.81964111328 1018.01159667969 1020.55895996094 1026.84948730469 1026.67761230469 1034.13317871094 1041.00646972656 1041.01342773438 1050.10827636719 1045.10681152344 1038.13061523438 1034.83068847656 1045.80053710938 1045.3125 1036.21655273438 1038.9287109375 1028.72033691406 1023.82867431641 1028.34912109375 1025.61511230469 1016.64105224609 1015.67175292969 1014.28649902344 1013.07745361328 1005.40191650391 1010.92449951172 1002.02758789062 997.127502441406 993.030578613281 992.107482910156 993.939147949219 1000.0419921875 999.160461425781 998.357849121094 997.084228515625 994.814025878906
989.153381347656 994.146850585938 996.742553710938 996.366455078125 990.007995605469 997.5673828125 1000.04705810547 1002.15783691406 997.257507324219 1007.82110595703 1018.85803222656 1011.35150146484 1016.84783935547 1029.19897460938 1031.56323242188 1032.26916503906 1040.96325683594 1046.61254882812 1044.20385742188 1047.52709960938 1041.546875 1035.68530273438 1044.56567382812 1052.63562011719 1042.24560546875 1035.9658203125 1036.43676757812 1035.48693847656 1025.68469238281 1017.06958007812 1015.70001220703 1015.00366210938 998.713317871094 1000.77630615234 998.5107421875 994.446105957031 995.123779296875 987.8115234375 985.29052734375 989.184814453125 994.155822753906 989.954284667969 997.875122070312 996.55859375 997.597351074219 992.225891113281
999.521484375 996.627563476562 991.794982910156 998.606994628906 996.902893066406 995.559265136719 994.585754394531 1006.47711181641 1010.31964111328 1010.26959228516 1017.708984375 1021.96368408203 1027.63989257812 1025.50268554688 1029.24462890625 1032.67407226562 1037.12109375 1048.1650390625 1048.36962890625 1047.01928710938 1031.69409179688 1035.15905761719 1035.32116699219 1045.609375 1051.21850585938 1046.74450683594 1041.61840820312 1033.27844238281 1023.65771484375 1018.32220458984 1019.0048828125 1007.81378173828 1002.75872802734 1000.50677490234 995.02783203125 997.71044921875 990.025756835938 982.539306640625 970.630126953125 978.29248046875 990.479675292969 997.38671875 994.302978515625 1001.07202148438 999.299194335938 991.25244140625
992.792236328125 995.746643066406 999.297546386719 1000.89556884766 1000.77716064453 1001.34228515625 994.347717285156 1001.67834472656 997.908325195312 1009.1826171875 1017.46606445312 1017.99304199219 1012.25231933594 1022.74053955078 1016.60589599609 1027.77429199219 1046.91821289062 1050.26879882812 1046.3935546875 1041.19470214844 1043.95153808594 1044.06677246094 1037.87536621094 1044.62451171875 1051.13208007812 1045.41015625 1041.84289550781 1041.91003417969 1022.36187744141 1019.62811279297 1021.74456787109 1020.48388671875 1010.39154052734 1005.73669433594 1000.40216064453 996.69384765625 992.373840332031 977.928344726562 972.068664550781 978.619384765625 980.846496582031 990.201904296875 989.825805664062 1000.85870361328 1000.81341552734 986.4501953125
995.022888183594 998.090881347656 1012.96942138672 1006.64575195312 999.055236816406 1009.43188476562 1005.22698974609 1011.31329345703 1002.25360107422 1012.76422119141 1022.98541259766 1015.80895996094 1001.30615234375 1010.771484375 1012.24682617188 1023.88665771484 1039.96508789062 1048.44372558594 1051.18505859375 1048.89501953125 1043.57873535156 1042.12158203125 1045.65808105469 1050.37377929688 1048.74438476562 1050.34985351562 1039.05236816406 1032.12854003906 1021.03240966797 1024.49536132812 1017.32763671875 1015.65325927734 1008.67523193359 1000.74078369141 995.983703613281 991.431701660156 989.255737304688 973.420227050781 976.678771972656 976.050537109375 993.250915527344 988.077392578125 1002.11059570312 988.136535644531 986.0234375 979.110656738281
993.334838867188 996.607421875 1007.95733642578 1011.24957275391 1012.02642822266 1004.58892822266 1008.56640625 1005.93328857422 1010.94720458984 1014.72125244141 1019.21087646484 1018.37573242188 1010.62579345703 1016.62133789062 1019.02764892578 1027.05615234375 1033.16320800781 1036.52001953125 1042.02514648438 1042.27893066406 1049.19360351562 1045.52893066406 1055.09558105469 1064.48901367188 1063.56298828125 1051.69372558594 1042.59838867188 1026.80224609375 1018.79321289062 1012.16876220703 1010.32000732422 1004.05694580078 1004.81195068359 997.048461914062 995.97265625 987.373474121094 987.253845214844 975.895202636719 984.184509277344 975.583801269531 983.200561523438 972.336242675781 981.380798339844 981.979370117188 982.489379882812 978.890563964844
997.631042480469 1005.00860595703 1002.91998291016 1012.11053466797 1018.57690429688 1012.85015869141 1004.65692138672 1010.58636474609 1006.56414794922 1016.92004394531 1010.59851074219 1013.33624267578 1016.95037841797 1019.10723876953 1019.40850830078 1032.08227539062 1041.77087402344 1043.64636230469 1038.54760742188 1045.18518066406 1054.0009765625 1055.79504394531 1060.8505859375 1058.73095703125 1065.7353515625 1055.73254394531 1047.05712890625 1030.17919921875 1024.54272460938 1013.32507324219 1012.07141113281 1010.53485107422 1002.05194091797 992.929565429688 989.637084960938 990.148559570312 984.749084472656 989.543334960938 975.77392578125 973.319274902344 982.569519042969 980.280151367188 979.340270996094 976.899169921875 978.563049316406 973.448303222656
992.293029785156 1002.02905273438 996.164611816406 1012.30725097656 1006.97192382812 1012.30749511719 1010.57623291016 1006.92083740234 1012.33868408203 1023.02777099609 1025.66088867188 1022.87048339844 1024.09252929688 1024.95727539062 1035.80224609375 1037.88488769531 1050.39196777344 1056.49450683594 1045.86108398438 1053.25402832031 1056.75061035156 1064.501953125 1074.6806640625 1063.41259765625 1063.11962890625 1053.12170410156 1050.62255859375 1044.30126953125 1029.52331542969 1020.91552734375 1016.39404296875 1001.64343261719 1005.49542236328 988.085144042969 985.197509765625 985.413269042969 986.622314453125 988.861999511719 975.440307617188 972.232971191406 978.392150878906 975.617736816406 982.005554199219 984.396484375 978.138366699219 973.34033203125
1006.58331298828 1005.685546875 1005.3115234375 1004.08782958984 1010.32110595703 1021.46801757812 1009.56805419922 1005.43060302734 1013.55346679688 1027.28308105469 1022.61163330078 1023.56768798828 1027.3251953125 1027.48791503906 1035.79431152344 1040.29565429688 1053.86889648438 1051.68859863281 1047.16540527344 1063.07019042969 1058.21032714844 1065.24975585938 1061.6337890625 1064.42407226562 1061.59033203125 1058.09790039062 1054.36108398438 1050.61474609375 1048.21630859375 1037.49829101562 1017.35363769531 999.111755371094 1003.67858886719 996.022827148438 990.674682617188 990.952514648438 982.201965332031 979.949401855469 973.068786621094 978.517517089844 978.885131835938 979.267211914062 980.444580078125 982.200378417969 973.938659667969 973.727600097656
1008.18939208984 1007.34643554688 1009.85394287109 1005.99920654297 1013.27618408203 1013.36297607422 1010.06079101562 1007.80352783203 1011.23199462891 1016.40386962891 1017.91119384766 1017.16485595703 1027.23828125 1026.96850585938 1033.72924804688 1037.79602050781 1040.01342773438 1047.81616210938 1053.64233398438 1055.39172363281 1053.51110839844 1057.9462890625 1064.07983398438 1059.93237304688 1064.80810546875 1062.57104492188 1051.86901855469 1044.57836914062 1052.57165527344 1041.36596679688 1024.64624023438 1012.19622802734 1008.77947998047 999.987121582031 1002.95739746094 991.234069824219 989.057678222656 979.269775390625 970.3212890625 974.219848632812 979.1337890625 984.876037597656 982.549011230469 980.833557128906 976.323486328125 978.234558105469
1014.33709716797 1019.31219482422 1008.69104003906 1013.32727050781 1016.25036621094 1018.67163085938 1013.95513916016 1006.62200927734 1010.53240966797 1018.49822998047 1011.92370605469 1016.62255859375 1032.04675292969 1026.888671875 1037.57348632812 1039.37670898438 1037.86840820312 1034.78588867188 1041.82702636719 1046.26818847656 1047.8955078125 1057.85754394531 1057.17944335938 1063.96533203125 1059.43371582031 1070.13598632812 1061.72131347656 1046.92224121094 1044.28747558594 1048.49060058594 1030.6357421875 1018.84558105469 1005.67022705078 1014.42041015625 1011.93939208984 1001.89007568359 1004.26690673828 988.566101074219 977.727478027344 974.510803222656 982.435668945312 984.398193359375 993.082702636719 986.017700195312 973.706420898438 974.622985839844
1017.55511474609 1021.46600341797 1015.24700927734 1011.12048339844 1014.38806152344 1014.60864257812 1014.8232421875 1013.25909423828 1017.68975830078 1017.19305419922 1009.32177734375 1012.60217285156 1026.96533203125 1027.59497070312 1029.55187988281 1042.47570800781 1036.67370605469 1031.86511230469 1039.38366699219 1043.69604492188 1051.39538574219 1052.41662597656 1060.9248046875 1061.30358886719 1060.17504882812 1066.447265625 1061.08117675781 1059.60485839844 1051.08068847656 1042.08312988281 1031.30603027344 1026.83666992188 1018.69799804688 1030.48950195312 1024.10070800781 1006.41918945312 998.86669921875 992.603515625 976.106201171875 980.514465332031 983.148803710938 986.209716796875 984.5205078125 968.880493164062 973.597473144531 972.185302734375
1019.56414794922 1016.71612548828 1004.61730957031 1022.40344238281 1019.55651855469 1028.61889648438 1024.50756835938 1021.65905761719 1021.51721191406 1012.26354980469 1017.19183349609 1024.58532714844 1024.03979492188 1031.19787597656 1028.94567871094 1027.54748535156 1042.607421875 1030.17346191406 1038.07934570312 1045.87231445312 1050.48596191406 1047.11706542969 1040.48217773438 1048.53405761719 1051.54418945312 1050.14501953125 1056.14587402344 1063.40295410156 1051.75463867188 1046.92114257812 1037.36767578125 1034.05688476562 1024.79565429688 1018.80682373047 1018.80578613281 1003.85131835938 998.766967773438 994.766052246094 989.393371582031 982.518188476562 982.0732421875 975.552551269531 974.645874023438 965.050048828125 965.495056152344 964.998779296875
1009.14440917969 1022.81884765625 1021.64794921875 1021.48443603516 1024.35681152344 1025.2607421875 1031.52734375 1034.38854980469 1029.291015625 1017.17156982422 1014.82019042969 1013.48333740234 1029.8125 1036.44067382812 1027.1337890625 1029.70153808594 1034.72155761719 1037.7021484375 1039.86181640625 1050.51879882812 1046.45788574219 1044.50732421875 1044.64636230469 1041.03173828125 1038.53271484375 1048.55554199219 1045.4755859375 1046.90661621094 1054.75744628906 1048.9013671875 1040.63293457031 1033.62902832031 1035.83422851562 1024.98095703125 1013.35754394531 1013.48382568359 993.967834472656 998.104370117188 996.230346679688 988.265991210938 977.335388183594 969.532104492188 972.432434082031 975.073852539062 967.421569824219 963.333862304688
1014.49932861328 1023.30645751953 1030.1416015625 1020.7958984375 1028.35327148438 1038.25842285156 1030.08288574219 1036.2421875 1034.1826171875 1029.35766601562 1025.38061523438 1025.89392089844 1025.794921875 1028.22045898438 1030.53381347656 1036.46020507812 1036.82800292969 1035.52062988281 1044.45434570312 1050.35327148438 1044.48608398438 1040.96789550781 1038.01184082031 1041.77551269531 1037.86315917969 1034.59851074219 1035.35534667969 1042.93237304688 1049.38342285156 1045.37658691406 1042.49584960938 1033.14086914062 1030.68127441406 1024.62561035156 1013.48040771484 1015.63214111328 1005.44311523438 998.202087402344 990.695434570312 981.814636230469 970.642272949219 971.192504882812 967.497802734375 963.237060546875 958.7880859375 962.427062988281
1015.44451904297 1025.30993652344 1030.48559570312 1022.06060791016 1025.31115722656 1032.87243652344 1036.38012695312 1038.54870605469 1038.53454589844 1041.13928222656 1037.74536132812 1036.86633300781 1026.35607910156 1030.83679199219 1031.24975585938 1039.86535644531 1026.67504882812 1030.47924804688 1039.43359375 1036.83581542969 1044.05859375 1040.46716308594 1045.65563964844 1044.19482421875 1039.67565917969 1038.32434082031 1040.23986816406 1031.48937988281 1037.08618164062 1040.02917480469 1045.86010742188 1030.10913085938 1023.83587646484 1014.99822998047 1012.84851074219 1006.00610351562 1002.75128173828 990.615051269531 989.718505859375 988.915832519531 981.296447753906 967.847534179688 971.466186523438 967.228881835938 958.919250488281 950.046264648438
1018.12921142578 1022.96643066406 1024.82849121094 1023.65612792969 1024.38403320312 1032.05322265625 1030.32531738281 1032.18701171875 1040.84912109375 1043.7978515625 1027.4248046875 1025.6474609375 1030.35595703125 1032.75268554688 1027.77331542969 1029.45825195312 1030.00378417969 1033.34399414062 1033.60852050781 1033.9296875 1036.14697265625 1039.41296386719 1043.53198242188 1040.76098632812 1039.69567871094 1038.72619628906 1041.47729492188 1033.34460449219 1036.33654785156 1038.85205078125 1034.96594238281 1019.03833007812 1017.40521240234 1004.44250488281 1007.21447753906 997.552368164062 993.514770507812 987.989440917969 986.083557128906 990.910461425781 970.802673339844 972.013671875 964.643615722656 965.774475097656 961.563293457031 963.963134765625
1021.18322753906 1015.53887939453 1020.52978515625 1024.5712890625 1024.80126953125 1034.80749511719 1039.888671875 1032.28369140625 1036.38732910156 1048.4462890625 1040.07946777344 1039.34436035156 1042.83984375 1037.63195800781 1030.96472167969 1029.09265136719 1035.92297363281 1030.66223144531 1026.90417480469 1033.11511230469 1039.60083007812 1042.55407714844 1051.74450683594 1043.6044921875 1034.10546875 1040.80700683594 1031.40966796875 1032.00354003906 1023.56469726562 1018.20092773438 1021.55828857422 1018.61236572266 1012.83453369141 1001.07995605469 1000.72692871094 999.733032226562 993.307434082031 984.175048828125 979.145324707031 982.511474609375 973.521728515625 964.884033203125 964.30517578125 963.60888671875 952.014404296875 960.457824707031
1018.87915039062 1013.58996582031 1016.39630126953 1021.74389648438 1030.947265625 1039.24536132812 1041.25866699219 1045.61560058594 1037.24157714844 1044.87670898438 1044.84851074219 1040.61889648438 1044.46569824219 1037.61926269531 1030.46740722656 1029.97778320312 1036.35998535156 1030.20092773438 1031.79162597656 1042.75415039062 1050.97326660156 1046.32250976562 1051.228515625 1047.15515136719 1041.24987792969 1031.32434082031 1030.40734863281 1014.15203857422 1021.35217285156 1015.26708984375 1013.02252197266 1009.44104003906 1008.98571777344 1003.85821533203 1000.65240478516 1000.50793457031 992.724670410156 982.293212890625 979.540710449219 979.270080566406 973.016662597656 967.358825683594 963.614685058594 955.215087890625 958.059448242188 960.162841796875
1019.67218017578 1015.55877685547 1017.93756103516 1024.970703125 1031.23107910156 1034.61669921875 1038.65515136719 1044.79895019531 1034.6884765625 1044.91418457031 1054.50256347656 1044.6103515625 1043.20141601562 1038.17407226562 1029.78332519531 1040.43432617188 1037.02673339844 1038.50134277344 1041.90307617188 1044.51159667969 1051.05236816406 1041.65197753906 1039.79504394531 1032.50354003906 1042.14245605469 1031.26867675781 1025.05920410156 1017.50708007812 1018.04803466797 1015.59710693359 1010.27618408203 992.725341796875 1001.44635009766 1000.13494873047 993.807250976562 999.678955078125 988.068176269531 979.622253417969 974.488464355469 970.911804199219 965.554504394531 959.794372558594 953.08642578125 963.736511230469 963.034912109375 965.423767089844
