data/zlatibor_dem_simulations/DEMsim95 (1).asc
NCOLS 150
NROWS 100
XLLCORNER 7394249
YLLCORNER 4841999
CELLSIZE 30
NODATA_VALUE -9999
[rows 0 to 19 of 100, columns 46 to 91 of 150]
1000.87493896484 998.365600585938 992.120178222656 985.552673339844 972.657592773438 970.552917480469 957.619018554688 944.469177246094 943.379150390625 940.777587890625 944.208190917969 939.757568359375 937.419128417969 934.573913574219 927.370422363281 919.556030273438 909.598754882812 910.092895507812 911.467407226562 914.581909179688 908.273803710938 902.152465820312 911.152709960938 903.994750976562 924.079895019531 933.654174804688 948.162109375 944.028442382812 949.926635742188 960.338623046875 958.827697753906 961.456481933594 969.264404296875 962.163879394531 964.436157226562 970.983520507812 971.629211425781 977.019836425781 972.156982421875 971.22802734375 962.749206542969 948.32568359375 946.203186035156 946.327575683594 933.264831542969 926.144653320312
1014.30487060547 1012.95568847656 995.493347167969 990.219787597656 980.926635742188 980.666809082031 963.131652832031 949.380432128906 944.377807617188 952.724487304688 943.924621582031 951.15087890625 948.003845214844 944.67529296875 929.544860839844 925.114562988281 919.075500488281 911.288208007812 904.208435058594 910.838073730469 911.152160644531 901.167663574219 902.353454589844 904.01318359375 917.474792480469 934.431884765625 945.610473632812 957.15576171875 954.664794921875 958.066223144531 960.491760253906 977.611022949219 963.904479980469 967.45751953125 973.069152832031 979.148315429688 984.769592285156 983.499084472656 978.441772460938 969.785522460938 964.746154785156 962.413330078125 955.6044921875 946.30859375 938.873291015625 923.394714355469
1022.14709472656 1017.92309570312 1003.73358154297 993.31005859375 1000.61743164062 986.597351074219 976.676818847656 957.350646972656 949.666259765625 953.127563476562 950.552551269531 950.459655761719 950.18701171875 947.572509765625 941.304260253906 941.281799316406 920.073974609375 916.516174316406 903.903198242188 909.933837890625 911.666870117188 908.326171875 908.843811035156 912.463806152344 916.963195800781 934.588745117188 940.386962890625 952.466369628906 954.990234375 962.610412597656 964.559814453125 968.973693847656 969.435607910156 975.439880371094 986.349365234375 992.7138671875 989.256469726562 989.9287109375 983.281066894531 973.847351074219 972.212829589844 975.213195800781 959.448425292969 949.826904296875 936.869873046875 924.693542480469
1011.29748535156 1015.54504394531 1012.09509277344 1003.25646972656 1000.66558837891 992.027893066406 984.186889648438 972.109313964844 967.329223632812 958.065307617188 955.949462890625 950.520141601562 947.881042480469 948.019409179688 948.486389160156 943.215698242188 941.147033691406 922.646362304688 920.544006347656 914.104553222656 914.397644042969 914.539916992188 911.82666015625 917.091918945312 928.668579101562 933.634765625 951.452819824219 950.155517578125 954.251770019531 963.79052734375 966.060974121094 979.487548828125 989.104797363281 992.208068847656 993.529724121094 995.596130371094 1001.15972900391 995.380737304688 982.617004394531 980.433410644531 980.958984375 972.094299316406 957.1982421875 941.756530761719 938.855895996094 934.886169433594
1021.91589355469 1018.94970703125 1016.07836914062 1006.2109375 1001.666015625 994.9453125 993.163818359375 981.564025878906 973.142028808594 965.486083984375 944.559204101562 947.545227050781 955.094116210938 954.550537109375 960.981506347656 963.229675292969 949.232116699219 940.76708984375 922.925720214844 928.197082519531 918.983215332031 913.899291992188 915.406616210938 920.272827148438 941.277404785156 951.893127441406 962.273803710938 957.409484863281 961.974365234375 966.204040527344 978.815979003906 997.260131835938 1003.71728515625 1007.68249511719 1008.79809570312 1011.80340576172 1005.60614013672 1004.82153320312 989.636962890625 981.593139648438 986.2646484375 975.433288574219 949.968322753906 943.265319824219 938.806884765625 933.125183105469
1022.27136230469 1016.90734863281 1010.94567871094 1007.32684326172 1005.15057373047 1001.59631347656 996.567626953125 991.862854003906 978.151428222656 959.907958984375 959.204650878906 961.153076171875 967.893981933594 967.114440917969 967.949584960938 971.288879394531 957.069030761719 949.207702636719 929.982849121094 932.868347167969 933.839599609375 928.128295898438 928.159301757812 936.034851074219 957.505920410156 958.209838867188 963.511596679688 965.373107910156 962.839050292969 978.24462890625 989.623229980469 997.127807617188 1006.33666992188 1015.73834228516 1020.81408691406 1015.44464111328 1010.02624511719 1004.88824462891 989.843627929688 984.404907226562 987.086181640625 967.717468261719 948.542053222656 945.606994628906 937.811157226562 929.929992675781
1020.27374267578 1018.72796630859 1010.58068847656 1008.12310791016 1009.41198730469 1003.75164794922 999.2724609375 995.749816894531 990.283264160156 977.692321777344 974.593444824219 968.353515625 976.940002441406 991.168762207031 972.86962890625 973.501831054688 971.101501464844 964.507080078125 951.207397460938 942.555969238281 940.549194335938 943.224182128906 943.39892578125 949.73486328125 955.045593261719 961.739135742188 969.900390625 973.869079589844 981.621520996094 989.548706054688 1003.82513427734 1010.09375 1017.56799316406 1017.98400878906 1026.77917480469 1020.91424560547 1015.67114257812 1005.25640869141 994.30126953125 995.456237792969 983.459594726562 967.885192871094 945.328857421875 940.834350585938 932.3251953125 929.971923828125
1016.65991210938 1012.11010742188 1015.17980957031 1006.72760009766 1006.37854003906 1003.53131103516 1002.93951416016 1000.13116455078 1000.59521484375 993.875122070312 991.186401367188 988.543518066406 986.984069824219 996.713195800781 985.687133789062 987.363403320312 984.11328125 972.058776855469 969.898498535156 973.238159179688 957.292602539062 953.273254394531 959.47412109375 966.648742675781 964.869873046875 971.379760742188 971.096130371094 978.286682128906 980.037353515625 996.578857421875 1008.36633300781 1014.81079101562 1026.24279785156 1025.19128417969 1029.546875 1025.63500976562 1017.50744628906 1010.11639404297 1005.14556884766 992.570861816406 989.819030761719 973.202514648438 958.384460449219 944.530700683594 934.043762207031 928.203308105469
1011.4130859375 1008.21496582031 1006.37634277344 1008.43731689453 1007.25 1009.79217529297 1002.05755615234 1011.26525878906 1006.19982910156 999.629272460938 1007.04125976562 998.16748046875 999.899780273438 999.895935058594 994.429321289062 987.01806640625 974.344177246094 976.418151855469 973.844604492188 972.373779296875 973.192199707031 966.811584472656 966.474670410156 968.846252441406 968.107238769531 978.669982910156 969.943237304688 975.89013671875 989.451538085938 1003.53680419922 1015.87756347656 1015.16217041016 1029.63940429688 1035.61999511719 1031.50158691406 1027.06384277344 1026.57897949219 1018.48931884766 1010.57415771484 1010.45855712891 991.209594726562 977.218383789062 963.156066894531 949.619873046875 928.158630371094 926.977478027344
1005.53662109375 993.0048828125 1003.11657714844 1008.96594238281 1012.51477050781 1006.52203369141 1005.04608154297 1014.81072998047 1018.84582519531 1010.94519042969 1002.16680908203 1010.45349121094 1014.71832275391 1003.45111083984 997.598999023438 991.864135742188 981.398193359375 983.759399414062 981.06787109375 982.008178710938 981.101196289062 975.815246582031 972.824829101562 972.486206054688 980.397583007812 981.314147949219 977.154602050781 987.866821289062 1000.4560546875 1012.49633789062 1023.46868896484 1018.78326416016 1027.28051757812 1036.81579589844 1032.83251953125 1032.712890625 1031.79809570312 1020.42547607422 1013.66705322266 1000.54779052734 987.0263671875 975.530456542969 959.403930664062 942.547424316406 932.491821289062 933.300659179688
1002.07501220703 1002.84454345703 1008.29504394531 1013.37213134766 1019.52685546875 1023.16314697266 1008.75012207031 1012.482421875 1024.142578125 1019.16912841797 1006.54327392578 1004.19274902344 1011.49786376953 1016.91101074219 1003.59710693359 993.686706542969 993.296264648438 989.845520019531 990.385498046875 996.062316894531 997.457641601562 988.5078125 978.637878417969 974.760559082031 978.705627441406 983.99560546875 991.980834960938 997.12158203125 1004.10479736328 1014.02703857422 1031.26745605469 1026.97644042969 1031.04064941406 1030.98815917969 1030.48742675781 1030.88415527344 1029.43090820312 1012.88208007812 1005.74468994141 986.716003417969 979.503479003906 976.473388671875 968.201599121094 948.777160644531 943.44189453125 940.075744628906
998.055236816406 1008.30590820312 1012.0224609375 1011.859375 1004.68719482422 1010.81372070312 1010.68493652344 1017.92352294922 1011.40344238281 1014.51263427734 1012.16217041016 1016.60705566406 1020.43530273438 1021.43188476562 1011.12744140625 1004.30914306641 1007.39569091797 1005.01678466797 1010.24694824219 1007.71063232422 1006.84790039062 993.321960449219 985.924682617188 982.640747070312 993.380432128906 986.014953613281 993.508178710938 1001.64141845703 1010.83215332031 1022.97174072266 1026.06469726562 1024.501953125 1024.62878417969 1033.23669433594 1032.02807617188 1029.16955566406 1020.64593505859 1008.58001708984 994.927795410156 991.346069335938 987.215393066406 970.760009765625 960.7529296875 952.934631347656 947.707214355469 951.570251464844
1002.69616699219 1008.27288818359 1013.33764648438 1014.41125488281 1013.5849609375 1008.54473876953 1012.49774169922 1006.39434814453 1007.05023193359 1004.76483154297 1013.37420654297 1012.96551513672 1017.19952392578 1019.91967773438 1013.24041748047 1008.98443603516 1014.83099365234 1018.57843017578 1015.19610595703 1015.07147216797 1006.91766357422 993.204345703125 1000.28521728516 994.904479980469 989.768615722656 992.945922851562 992.331726074219 1003.29669189453 1016.07940673828 1020.96936035156 1023.96240234375 1031.85522460938 1031.08056640625 1029.85607910156 1028.57775878906 1018.67547607422 1015.60943603516 1008.76715087891 992.414978027344 992.81494140625 991.516418457031 973.928161621094 956.301086425781 952.8828125 950.921936035156 956.919677734375
1011.69854736328 1008.79113769531 1012.49359130859 1018.32550048828 1017.09954833984 1016.71759033203 1012.90008544922 1003.41033935547 1007.50280761719 1009.23791503906 1017.23937988281 1014.04248046875 1019.45147705078 1021.30932617188 1017.92144775391 1020.1728515625 1013.19366455078 1012.85748291016 1017.61645507812 1020.05804443359 1009.40521240234 999.181518554688 1002.85607910156 993.083557128906 985.393615722656 992.094909667969 1001.45098876953 1006.89288330078 1019.13165283203 1024.40185546875 1033.10107421875 1030.86413574219 1037.60424804688 1029.76513671875 1026.35131835938 1022.72106933594 1014.86663818359 1013.28131103516 1004.87359619141 995.217468261719 987.117553710938 976.851379394531 961.423034667969 958.660278320312 956.154968261719 944.123352050781
1012.14581298828 1013.11932373047 1010.20959472656 1016.33081054688 1014.90423583984 1015.17846679688 1017.21990966797 1005.65942382812 1001.41137695312 1004.47833251953 1005.76232910156 1007.67852783203 1014.85168457031 1019.45574951172 1022.74163818359 1015.55395507812 1015.48480224609 1016.9306640625 1025.744140625 1021.09802246094 1018.33770751953 1005.54376220703 1003.04235839844 999.737731933594 993.109252929688 996.51171875 1005.84851074219 1019.83294677734 1030.66711425781 1021.57672119141 1032.52746582031 1033.33251953125 1032.5 1031.88195800781 1031.09411621094 1029.16296386719 1026.0244140625 1015.05102539062 1007.95568847656 997.558898925781 987.9775390625 977.142150878906 966.53125 961.109313964844 943.807983398438 940.108520507812
1013.15771484375 1008.73962402344 1014.6767578125 1011.21722412109 1017.93664550781 1008.32897949219 1011.52215576172 1005.70928955078 998.169311523438 994.512939453125 1001.19024658203 1002.08062744141 1014.65203857422 1024.38073730469 1030.20666503906 1018.7421875 1019.39294433594 1029.07263183594 1029.37841796875 1025.90734863281 1027.94885253906 1011.19494628906 1006.61682128906 1005.09167480469 1005.86804199219 1010.03991699219 1014.72534179688 1025.64013671875 1023.00958251953 1025.05041503906 1026.48718261719 1025.52844238281 1039.73498535156 1032.65563964844 1035.68579101562 1036.12475585938 1029.8662109375 1023.7822265625 1022.42041015625 1009.05407714844 993.334228515625 981.361450195312 972.704650878906 953.880065917969 946.485473632812 938.006652832031
1011.92822265625 1017.77526855469 1014.25787353516 1015.42547607422 1012.83776855469 1009.94213867188 1008.21246337891 1003.28625488281 1006.09429931641 1005.28002929688 999.802978515625 1002.56365966797 1016.67266845703 1018.16265869141 1026.18212890625 1029.99584960938 1016.74096679688 1028.20617675781 1028.33093261719 1025.11730957031 1011.87261962891 1014.6923828125 1009.72302246094 1011.14471435547 1020.60876464844 1021.45654296875 1024.79150390625 1024.27758789062 1023.56036376953 1020.60491943359 1022.75103759766 1020.28033447266 1032.47668457031 1048.873046875 1045.06091308594 1037.16198730469 1032.01013183594 1028.09594726562 1016.48315429688 1004.06115722656 992.891967773438 985.178588867188 974.254516601562 965.938903808594 950.70751953125 948.436401367188
1018.00183105469 1016.31915283203 1013.37902832031 1016.61761474609 1020.89978027344 1016.61083984375 1008.91033935547 1000.25354003906 998.105773925781 997.928649902344 997.40869140625 1001.88507080078 1007.55993652344 1014.26971435547 1024.30908203125 1025.20922851562 1019.76623535156 1026.91979980469 1026.47387695312 1025.23596191406 1028.19555664062 1015.220703125 1015.85223388672 1012.53582763672 1018.15026855469 1016.81848144531 1022.16491699219 1026.68994140625 1021.97357177734 1015.26605224609 1006.72351074219 1018.69396972656 1036.1474609375 1040.33471679688 1039.26928710938 1032.58728027344 1025.31311035156 1025.55554199219 1016.35119628906 1006.90240478516 1003.31060791016 991.469360351562 977.598937988281 971.726135253906 963.592407226562 959.002319335938
1032.90893554688 1022.76171875 1009.21252441406 1002.67333984375 1009.75500488281 1001.87493896484 1001.60369873047 1000.4384765625 1000.01928710938 1003.24468994141 1004.02484130859 1006.28802490234 1005.48822021484 1017.48876953125 1022.24139404297 1018.56726074219 1023.10394287109 1026.67846679688 1030.25952148438 1023.20837402344 1025.21557617188 1023.34313964844 1018.46020507812 1008.33337402344 1011.81359863281 1014.12078857422 1023.80047607422 1029.87109375 1019.90850830078 1016.96551513672 1017.25207519531 1018.69189453125 1024.72290039062 1033.81457519531 1033.46118164062 1028.43237304688 1024.8583984375 1019.17651367188 1011.5517578125 1000.96313476562 997.561950683594 988.154846191406 981.0634765625 977.804138183594 973.678466796875 978.068542480469
1029.03784179688 1018.45501708984 1005.68402099609 995.830932617188 1000.08343505859 1001.86108398438 1001.40228271484 994.2314453125 1001.50250244141 1008.78631591797 1001.9248046875 1006.4072265625 1013.47137451172 1016.83154296875 1014.32958984375 1024.63415527344 1020.52032470703 1033.05615234375 1031.26245117188 1025.630859375 1020.85974121094 1025.25366210938 1026.78503417969 1025.6103515625 1019.236328125 1022.89477539062 1019.21807861328 1026.68090820312 1016.58825683594 1023.81909179688 1015.80047607422 1016.70050048828 1025.21325683594 1026.611328125 1019.72967529297 1021.57580566406 1017.26599121094 1015.91925048828 1013.51531982422 1004.17572021484 1009.19384765625 1000.81896972656 994.86572265625 985.703430175781 991.525939941406 994.429931640625
