data/zlatibor_dem_simulations/DEMsim18.asc
NCOLS 150
NROWS 100
XLLCORNER 7394249
YLLCORNER 4841999
CELLSIZE 30
NODATA_VALUE -9999
[rows 80 to 99 of 100, columns 46 to 91 of 150]
1005.40667724609 1009.62078857422 1004.55297851562 1004.07659912109 999.401977539062 993.324462890625 995.377014160156 1001.14282226562 993.130859375 996.403137207031 990.835144042969 990.167358398438 991.572814941406 982.560424804688 983.366882324219 985.137145996094 982.074279785156 980.267517089844 983.389282226562 976.331665039062 982.139526367188 981.929504394531 977.829833984375 981.071716308594 983.652526855469 988.705139160156 991.239501953125 986.312194824219 989.769714355469 991.80078125 995.73046875 1005.71130371094 1003.75994873047 1006.57965087891 1008.95416259766 1010.97088623047 1014.01141357422 1015.59381103516 1015.27301025391 1006.29595947266 999.761169433594 1002.08776855469 999.508178710938 994.555297851562 988.128173828125 998.535766601562
1000.20623779297 1004.63983154297 1002.88897705078 998.582580566406 996.368774414062 999.221008300781 996.785766601562 988.603088378906 996.672241210938 992.623229980469 985.024108886719 975.395446777344 984.900939941406 978.054809570312 981.000732421875 992.470031738281 991.061340332031 987.177673339844 973.745483398438 977.973999023438 982.195983886719 970.518188476562 975.344604492188 982.011596679688 988.637145996094 988.286987304688 987.812927246094 983.343017578125 989.1669921875 994.148010253906 997.510131835938 1007.03643798828 1012.25909423828 1011.42102050781 1013.73364257812 1010.79418945312 1011.63171386719 1013.65795898438 1004.63201904297 1005.94415283203 1003.61102294922 1005.42211914062 993.904663085938 993.980895996094 994.556762695312 998.301208496094
991.169006347656 988.397338867188 988.887390136719 993.646728515625 993.608703613281 1001.37451171875 1003.18518066406 1001.54034423828 1007.91967773438 996.264831542969 992.33447265625 982.083251953125 980.911865234375 984.611633300781 979.961853027344 990.415832519531 988.379516601562 980.899475097656 981.568115234375 976.757995605469 976.707092285156 980.323425292969 981.8125 982.666809082031 979.412109375 985.037841796875 993.747497558594 984.898010253906 984.88232421875 995.876892089844 992.533264160156 999.121520996094 1005.68853759766 1014.46112060547 1007.78863525391 1008.55145263672 1005.78485107422 1001.69378662109 997.896911621094 998.718200683594 995.284729003906 1000.10382080078 995.975891113281 989.166015625 996.158386230469 1001.01000976562
985.85693359375 981.779052734375 990.165222167969 998.015991210938 996.671875 999.285095214844 997.014709472656 1002.95782470703 1005.61889648438 1004.92926025391 993.058898925781 993.193054199219 987.467163085938 983.079895019531 984.539794921875 989.965637207031 987.827026367188 981.244323730469 983.604309082031 984.634094238281 983.088928222656 971.423217773438 982.3193359375 985.910339355469 974.821350097656 981.211364746094 975.743469238281 979.360595703125 988.377563476562 995.275634765625 997.170349121094 1002.17736816406 1007.10577392578 1007.46154785156 1003.56506347656 1001.47918701172 1003.01287841797 1002.57086181641 997.153503417969 998.155456542969 996.659912109375 1000.01599121094 1002.07373046875 987.564758300781 992.813110351562 996.636047363281
982.821350097656 989.046813964844 997.048217773438 994.818115234375 1004.26263427734 998.398986816406 997.866271972656 999.6669921875 1008.09637451172 1003.99188232422 997.814819335938 995.170959472656 981.348327636719 975.113525390625 981.59765625 987.396057128906 982.668518066406 981.838439941406 985.618957519531 986.956359863281 989.208129882812 977.927551269531 982.051391601562 985.723388671875 987.279052734375 979.440856933594 977.549865722656 974.357971191406 989.918334960938 997.307861328125 990.482116699219 990.48291015625 1001.64813232422 1003.91473388672 1007.51373291016 1008.52453613281 1001.36798095703 1001.07537841797 996.763305664062 998.79248046875 1002.90155029297 991.428405761719 992.914306640625 990.419677734375 1002.72503662109 1002.32275390625
990.021118164062 994.220458984375 992.354187011719 988.077514648438 995.149108886719 999.139404296875 996.104125976562 1001.78771972656 999.316284179688 1002.67083740234 994.227172851562 991.620056152344 989.194152832031 988.595764160156 986.1474609375 983.6591796875 989.681396484375 985.870544433594 985.149353027344 985.580627441406 984.592041015625 980.605285644531 979.39794921875 981.903076171875 978.475891113281 974.6533203125 977.644226074219 989.59130859375 992.329956054688 989.053039550781 980.033142089844 984.396423339844 993.322143554688 998.760192871094 999.18603515625 1006.16027832031 1009.23461914062 1005.45013427734 1002.91674804688 1005.96484375 1007.22430419922 996.57275390625 996.5966796875 1006.32586669922 996.658447265625 1007.63677978516
983.83349609375 993.949584960938 989.138793945312 985.296325683594 987.186340332031 999.210998535156 1000.33624267578 996.237487792969 1005.72161865234 996.519653320312 986.012145996094 994.884826660156 990.600830078125 991.181518554688 992.790466308594 985.614013671875 993.011474609375 992.828125 985.937194824219 986.602233886719 982.638244628906 978.540893554688 979.121948242188 981.479858398438 986.216674804688 989.067016601562 990.9482421875 992.968383789062 991.8115234375 985.117492675781 984.338684082031 990.288024902344 989.096923828125 990.847290039062 996.794738769531 1017.23809814453 1009.30596923828 1008.33819580078 1013.37878417969 1014.53094482422 1001.09173583984 996.010620117188 997.632019042969 1004.14410400391 1010.66473388672 1008.21258544922
985.214416503906 976.037109375 992.556518554688 997.097412109375 989.855346679688 995.114624023438 1000.61907958984 1000.45025634766 998.875427246094 995.388122558594 991.937255859375 988.374267578125 1001.84411621094 998.895263671875 996.596069335938 990.778747558594 988.638549804688 988.994689941406 993.511657714844 984.441955566406 980.398254394531 982.686584472656 980.102966308594 984.111694335938 991.238342285156 985.478515625 991.711120605469 995.040771484375 994.83740234375 997.033935546875 1002.28698730469 1001.41448974609 998.114440917969 996.801574707031 999.358947753906 1007.04821777344 1003.80358886719 1001.98901367188 1005.40093994141 1017.03973388672 1006.70520019531 1002.90808105469 999.109558105469 1005.01635742188 1009.72094726562 1011.24865722656
986.580322265625 978.108581542969 988.059387207031 987.296142578125 996.161193847656 998.59326171875 998.823181152344 1007.18469238281 1004.84112548828 998.129089355469 997.486572265625 1001.97875976562 1002.82220458984 995.602722167969 996.226013183594 989.812255859375 990.690490722656 993.196716308594 997.343688964844 992.2734375 990.598205566406 983.598876953125 992.518432617188 995.150634765625 988.752685546875 984.570068359375 983.114501953125 993.592651367188 996.660095214844 997.500305175781 992.489379882812 996.77783203125 1004.35412597656 1001.48455810547 1006.28424072266 1000.33270263672 1002.10211181641 994.23486328125 1005.33697509766 1013.88885498047 1001.69805908203 1005.77001953125 1008.00604248047 1004.52154541016 1004.04437255859 1008.91790771484
987.112731933594 982.394775390625 981.527038574219 982.539428710938 988.551818847656 993.8388671875 1000.95776367188 1002.83441162109 1002.29412841797 1002.18182373047 1007.02130126953 1008.69494628906 1002.01800537109 1000.72033691406 1000.67175292969 997.282165527344 1001.89886474609 1001.00872802734 995.640686035156 997.189819335938 990.591247558594 988.111511230469 985.096374511719 994.361511230469 996.950561523438 991.275695800781 993.636352539062 993.391174316406 991.692993164062 988.660827636719 992.583862304688 997.123413085938 1004.43542480469 1006.05871582031 999.806701660156 999.8369140625 993.668701171875 999.363464355469 1003.97076416016 1012.14544677734 1008.38604736328 1008.04827880859 1008.15936279297 1009.21429443359 1008.96813964844 1011.91687011719
978.238952636719 993.831848144531 986.72705078125 980.846435546875 985.2109375 987.773071289062 997.719787597656 998.260070800781 997.820007324219 1007.06842041016 1014.18572998047 998.581970214844 1004.55834960938 1001.06280517578 990.569519042969 1004.06463623047 1002.09020996094 1006.41967773438 1002.83441162109 996.744689941406 993.884338378906 996.433166503906 995.671508789062 991.158142089844 984.197937011719 986.944641113281 990.350524902344 993.141723632812 991.281799316406 991.891418457031 1002.95318603516 1001.46691894531 993.906860351562 993.372680664062 1000.06127929688 995.450012207031 1000.2509765625 999.928161621094 1001.83288574219 1001.85021972656 1002.86999511719 1012.91320800781 1011.34448242188 1013.96051025391 1008.53076171875 1004.71411132812
984.960327148438 985.458068847656 983.14892578125 984.603576660156 982.683288574219 994.165466308594 997.487915039062 999.543640136719 998.481079101562 1003.96649169922 1011.02703857422 1012.15893554688 1012.42877197266 1010.03399658203 1003.93615722656 1006.72766113281 1007.32458496094 1007.10778808594 1000.140625 1006.08020019531 1001.20910644531 990.746765136719 992.620727539062 993.217712402344 989.234558105469 986.536682128906 983.286560058594 990.739990234375 1003.67346191406 1003.48687744141 1007.31640625 1004.35101318359 996.088012695312 990.507934570312 987.823181152344 990.090454101562 990.385498046875 992.621276855469 1000.29833984375 993.95849609375 1004.82867431641 1007.84271240234 1016.09008789062 1010.26574707031 1007.65802001953 1016.29876708984
982.331970214844 973.700927734375 976.158020019531 983.183410644531 976.288879394531 996.91064453125 998.519348144531 994.976440429688 1002.72387695312 1009.73364257812 1014.56085205078 1017.31323242188 1013.39886474609 1012.25305175781 1005.35601806641 1005.654296875 1010.11761474609 1010.31750488281 1002.39270019531 1002.56799316406 1004.29431152344 999.688598632812 990.341247558594 989.314453125 996.249267578125 996.507019042969 992.824157714844 988.985534667969 1003.69714355469 1005.59259033203 997.68603515625 1001.28253173828 999.8525390625 997.383239746094 992.2001953125 997.519897460938 989.357666015625 980.783264160156 996.488159179688 1003.83258056641 999.858276367188 1004.78466796875 1010.70434570312 1009.9912109375 1018.357421875 1011.56555175781
970.248657226562 975.554565429688 974.592102050781 979.169921875 985.061950683594 991.256225585938 996.784484863281 996.736633300781 993.59326171875 1009.85949707031 1007.05108642578 1009.06140136719 1010.62182617188 1021.75592041016 1021.73754882812 1010.75689697266 1013.28637695312 1005.36761474609 1003.30084228516 1008.59338378906 1005.00762939453 1008.43725585938 997.705322265625 995.782836914062 998.480224609375 1000.84674072266 998.934265136719 1005.25134277344 1003.33117675781 996.437683105469 994.097839355469 1007.486328125 1003.9423828125 994.234008789062 995.535278320312 994.570434570312 993.158935546875 985.993774414062 995.086608886719 997.767272949219 1008.54833984375 1006.44805908203 1009.42578125 1016.04473876953 1008.67718505859 1013.63958740234
975.525756835938 981.24560546875 976.849975585938 988.8759765625 988.428833007812 991.908569335938 995.058959960938 991.980163574219 994.098693847656 996.189636230469 1004.78161621094 1004.21063232422 1006.31701660156 1022.69738769531 1022.10821533203 1020.33343505859 1018.01684570312 1016.18231201172 1017.02337646484 1017.21624755859 1011.79968261719 1001.71899414062 1004.83013916016 999.144897460938 1003.25677490234 1001.71173095703 1002.83190917969 1005.52368164062 1006.12298583984 1004.73834228516 1004.57525634766 1006.75933837891 1004.26318359375 1004.49169921875 998.178405761719 988.424743652344 989.686401367188 991.905395507812 1000.87957763672 992.165588378906 1001.89953613281 1007.21044921875 1014.20288085938 1012.03558349609 1001.7421875 1006.90673828125
975.549011230469 980.040710449219 979.919738769531 978.549377441406 983.141235351562 987.185668945312 988.892456054688 993.486633300781 990.37548828125 988.177062988281 991.423889160156 998.476318359375 1004.31811523438 1016.48455810547 1024.25366210938 1021.56018066406 1020.82562255859 1017.69311523438 1016.61102294922 1023.01214599609 1008.16442871094 1008.064453125 1009.80633544922 999.492614746094 997.930908203125 1015.33642578125 1013.95880126953 1008.501953125 1007.16528320312 1010.36517333984 1008.71044921875 1008.36041259766 1005.23980712891 1003.52886962891 1001.45819091797 991.208251953125 1000.23419189453 1000.98968505859 1002.27032470703 1006.93487548828 1011.56268310547 1005.83770751953 1001.64208984375 1001.27325439453 997.451599121094 995.381591796875
970.853271484375 978.577087402344 976.068237304688 975.054931640625 987.567077636719 985.38330078125 992.709777832031 987.659851074219 983.97314453125 991.277404785156 989.537902832031 999.431335449219 998.414916992188 1011.14697265625 1020.97698974609 1020.80322265625 1012.26971435547 1017.48681640625 1021.19610595703 1010.08355712891 1006.13031005859 1009.19079589844 1008.03479003906 1007.42169189453 1006.59185791016 1008.76574707031 1013.01623535156 1020.91302490234 1006.43548583984 1001.48657226562 999.480224609375 996.369262695312 996.320373535156 996.231323242188 1001.83483886719 1002.46075439453 1003.80816650391 1006.22796630859 1009.23187255859 1001.81134033203 1002.67596435547 1007.90466308594 1010.63024902344 997.772705078125 997.331237792969 1001.9384765625
964.899291992188 970.463317871094 976.411743164062 980.943359375 978.952209472656 976.058532714844 982.662658691406 986.110412597656 993.526428222656 996.662109375 991.96826171875 997.999572753906 1005.82153320312 1003.93676757812 1013.70794677734 1014.03991699219 1010.51397705078 1018.80621337891 1023.14129638672 1013.95947265625 1012.02069091797 1008.15216064453 1001.38055419922 998.324462890625 1004.4287109375 1008.15704345703 1013.28430175781 1014.45092773438 1011.43963623047 1004.41223144531 993.69873046875 988.298095703125 992.466430664062 1000.67681884766 999.250122070312 1003.85034179688 1006.23486328125 1004.57305908203 1002.67108154297 1011.03454589844 1009.01159667969 1001.00610351562 1005.17510986328 992.103332519531 994.76220703125 1007.00341796875
972.3818359375 971.062927246094 971.725280761719 975.8359375 986.052795410156 988.08984375 992.213562011719 985.209655761719 991.757141113281 997.643981933594 1000.96148681641 1000.59094238281 1011.22576904297 1009.27661132812 1022.17242431641 1021.81854248047 1026.365234375 1028.18981933594 1023.09448242188 1014.60778808594 1012.70520019531 1008.18115234375 995.555908203125 990.929626464844 1003.90319824219 1009.66595458984 1012.65869140625 1014.7958984375 1006.93774414062 1013.08807373047 1000.12762451172 989.773498535156 993.21435546875 1000.79583740234 1000.07061767578 1003.97045898438 1007.98229980469 1006.00738525391 1003.63977050781 1004.77294921875 1004.07342529297 1001.29913330078 987.387023925781 991.217712402344 997.589477539062 1011.72503662109
974.142700195312 973.439697265625 981.435607910156 984.662658691406 987.163024902344 986.937316894531 992.079406738281 990.104736328125 990.2060546875 991.193786621094 997.321594238281 1002.06292724609 1002.27355957031 1006.34967041016 1025.72412109375 1028.05041503906 1028.61547851562 1033.33386230469 1018.98754882812 1017.28118896484 1009.16625976562 997.655822753906 996.469177246094 994.9306640625 1008.02575683594 1002.15118408203 1006.32965087891 1008.78381347656 1005.31335449219 998.870178222656 1002.74243164062 999.10791015625 997.493347167969 1006.05230712891 1007.62463378906 1003.96026611328 999.559936523438 1007.93048095703 1004.01434326172 997.904296875 1004.42120361328 995.208251953125 992.497985839844 978.414428710938 993.439086914062 1015.87896728516
