data/zlatibor_dem_simulations/DEMsim41.asc
NCOLS 150
NROWS 100
XLLCORNER 7394249
YLLCORNER 4841999
CELLSIZE 30
NODATA_VALUE -9999
[rows 40 to 59 of 100, columns 0 to 45 of 150]
948.829833984375 952.915893554688 961.067443847656 962.864807128906 971.662902832031 971.019470214844 971.396240234375 970.899291992188 969.97021484375 965.46337890625 967.439758300781 973.023620605469 973.026611328125 975.35205078125 972.785949707031 976.830993652344 973.182556152344 985.980041503906 983.766418457031 985.93359375 982.706359863281 967.26416015625 969.573425292969 971.975952148438 985.781311035156 975.169311523438 963.218322753906 969.271606445312 978.894226074219 978.326232910156 977.85888671875 977.880432128906 979.180358886719 994.544616699219 993.622253417969 982.8603515625 984.653381347656 977.220031738281 972.619445800781 979.482055664062 973.278259277344 971.215942382812 978.110656738281 973.845703125 971.349792480469 970.467529296875
947.492126464844 946.564697265625 956.878784179688 957.656860351562 953.483215332031 964.927368164062 967.447082519531 962.999267578125 963.819885253906 965.696899414062 969.322326660156 970.259216308594 974.941345214844 979.939331054688 975.153442382812 973.54833984375 972.975463867188 977.532897949219 982.140502929688 988.114929199219 979.513854980469 967.090209960938 972.319396972656 980.816162109375 974.242065429688 969.055969238281 963.956359863281 973.675842285156 974.060974121094 982.515014648438 979.006469726562 977.708618164062 990.096374511719 990.755310058594 993.758972167969 989.9716796875 985.6201171875 978.818115234375 977.920654296875 979.530700683594 974.124206542969 975.632873535156 977.420043945312 972.973754882812 972.051635742188 970.000732421875
954.974365234375 951.512145996094 953.208557128906 954.2822265625 952.056762695312 953.436828613281 959.474609375 966.625732421875 969.381652832031 972.06787109375 963.064880371094 964.242736816406 978.799011230469 972.651916503906 979.663269042969 974.244506835938 971.970520019531 970.595520019531 975.512145996094 981.147705078125 976.027648925781 984.242858886719 984.377807617188 985.349365234375 978.300354003906 976.23046875 968.672302246094 970.969116210938 976.510986328125 981.347778320312 979.9013671875 985.961486816406 992.959228515625 991.267578125 989.074279785156 991.659118652344 983.464660644531 979.843383789062 969.6865234375 977.066589355469 980.529663085938 969.11083984375 961.189147949219 962.728454589844 969.154418945312 979.30712890625
942.434509277344 951.274475097656 946.1455078125 956.34423828125 953.864624023438 953.884948730469 956.405578613281 971.655456542969 976.863891601562 974.962585449219 968.078857421875 966.739868164062 971.800476074219 978.225402832031 977.861938476562 975.265563964844 976.031188964844 969.310974121094 975.388061523438 977.36083984375 976.228210449219 977.446533203125 974.916320800781 969.827819824219 972.458618164062 978.533142089844 973.850769042969 966.266296386719 976.817565917969 982.711364746094 976.409362792969 982.023559570312 984.151733398438 990.820068359375 988.3310546875 981.741271972656 979.621337890625 976.930358886719 972.045715332031 979.093872070312 973.279724121094 968.508483886719 966.576538085938 966.700073242188 967.883361816406 969.296936035156
943.350158691406 944.636413574219 948.009765625 944.889404296875 957.187133789062 958.633239746094 961.7841796875 967.088623046875 977.541259765625 975.57177734375 967.080505371094 970.799377441406 963.396118164062 972.929931640625 970.666809082031 976.355895996094 978.617431640625 974.52001953125 978.267456054688 979.588256835938 976.565368652344 971.980346679688 973.325561523438 964.335998535156 967.5341796875 963.948852539062 962.334899902344 969.0849609375 964.4169921875 977.496398925781 980.503112792969 975.836120605469 977.001037597656 979.461181640625 978.362976074219 978.806823730469 980.251892089844 974.694763183594 980.059997558594 974.4833984375 972.917907714844 977.351623535156 971.749694824219 961.916442871094 969.422912597656 966.124267578125
943.60302734375 950.539123535156 950.297973632812 955.4189453125 958.179504394531 963.675048828125 963.651794433594 959.696838378906 967.868835449219 976.259643554688 975.727722167969 973.456115722656 977.696899414062 968.9990234375 974.085388183594 972.491333007812 978.444519042969 980.933227539062 982.520202636719 984.212951660156 980.775573730469 967.524475097656 973.774536132812 966.486022949219 967.022216796875 961.82080078125 960.622985839844 973.510864257812 965.938232421875 971.94775390625 981.3369140625 981.260375976562 974.215454101562 979.676696777344 977.713562011719 976.598388671875 969.481506347656 968.185119628906 971.967468261719 970.736083984375 967.935424804688 974.401733398438 974.334838867188 958.619812011719 963.610961914062 973.182373046875
943.130554199219 941.525207519531 947.4970703125 951.666198730469 955.895446777344 965.132141113281 960.699340820312 967.610900878906 958.41357421875 960.631164550781 975.150939941406 974.1962890625 975.829772949219 974.010620117188 970.639465332031 973.209838867188 981.464111328125 982.791259765625 988.313842773438 980.288757324219 972.8671875 965.971069335938 964.309448242188 969.602661132812 967.261901855469 959.731506347656 968.272827148438 970.427307128906 966.63037109375 968.296691894531 982.662414550781 980.305236816406 974.208740234375 973.197143554688 968.407409667969 961.420593261719 968.571716308594 966.597595214844 968.895935058594 967.718383789062 961.44580078125 961.597290039062 962.082275390625 961.511779785156 968.35302734375 962.643981933594
946.838195800781 944.651611328125 950.887939453125 956.921447753906 957.846923828125 963.8505859375 961.726379394531 967.5126953125 960.495727539062 960.753662109375 963.712036132812 970.292724609375 968.052429199219 965.330688476562 973.78369140625 970.338134765625 978.574096679688 981.85498046875 975.512756347656 970.329895019531 968.595397949219 966.747314453125 966.701110839844 965.271301269531 962.208862304688 956.946228027344 964.082885742188 962.044128417969 960.974914550781 973.743591308594 979.819580078125 979.242736816406 979.561157226562 964.773559570312 961.530944824219 956.671020507812 965.955993652344 971.540832519531 966.483032226562 968.763854980469 962.638549804688 961.705749511719 966.672912597656 966.966247558594 961.345642089844 957.137023925781
948.905578613281 959.20751953125 957.499450683594 959.8466796875 961.170471191406 969.856689453125 965.242614746094 965.041564941406 966.389526367188 961.129699707031 967.485900878906 971.08203125 973.688171386719 970.465881347656 975.39404296875 979.539306640625 978.941162109375 976.8916015625 976.837097167969 968.4541015625 968.06494140625 967.411010742188 965.410278320312 958.940612792969 964.624816894531 957.932495117188 960.251220703125 965.817565917969 970.697082519531 974.593017578125 973.270690917969 966.835266113281 975.305297851562 972.456420898438 962.681884765625 965.512756347656 964.0048828125 967.241638183594 967.0693359375 965.267700195312 965.093444824219 964.806030273438 961.379760742188 964.318908691406 956.8310546875 949.529113769531
947.583801269531 957.247131347656 963.777526855469 963.588623046875 963.462951660156 959.978088378906 959.230346679688 964.380981445312 969.567321777344 968.086120605469 964.599365234375 968.64501953125 967.3916015625 977.662048339844 980.417175292969 985.467529296875 985.213684082031 971.012023925781 968.3330078125 969.05810546875 965.227478027344 968.172790527344 968.011535644531 970.644165039062 961.71533203125 955.138000488281 957.891723632812 962.137512207031 973.562866210938 974.189392089844 972.064514160156 963.036010742188 970.705932617188 970.814392089844 971.647216796875 970.717163085938 963.083312988281 964.036804199219 963.893737792969 962.041625976562 970.909973144531 967.402221679688 960.407104492188 955.893127441406 948.080261230469 947.113403320312
959.918884277344 963.604248046875 968.511596679688 956.223388671875 957.313720703125 967.702331542969 967.453552246094 965.814147949219 968.031860351562 971.393005371094 970.092590332031 970.337585449219 975.491882324219 978.478881835938 986.86962890625 982.393310546875 973.525451660156 969.910705566406 967.817504882812 955.622253417969 971.781433105469 960.691955566406 971.834350585938 968.483337402344 961.983276367188 961.743225097656 961.250732421875 960.1591796875 969.409790039062 974.94140625 971.615661621094 969.576110839844 969.824462890625 961.034729003906 965.16015625 976.785766601562 971.756469726562 962.484558105469 968.309936523438 960.512939453125 965.360778808594 959.5458984375 952.453735351562 953.557861328125 956.317443847656 950.884460449219
955.533020019531 965.97265625 970.680969238281 955.786315917969 956.42529296875 971.899230957031 973.618591308594 972.97265625 974.791320800781 965.779846191406 971.966186523438 971.281555175781 976.694763183594 963.468627929688 982.180114746094 982.14892578125 970.921569824219 965.756042480469 972.466857910156 971.576354980469 971.959289550781 968.518249511719 968.010925292969 967.666748046875 968.137451171875 967.186462402344 965.067138671875 964.651794433594 962.267150878906 970.879821777344 970.587341308594 970.168640136719 967.930969238281 965.940002441406 965.311218261719 971.127136230469 961.214538574219 953.94384765625 956.254577636719 960.66796875 956.048950195312 969.073913574219 967.432434082031 961.841735839844 963.811462402344 961.040832519531
961.491027832031 964.730041503906 964.898803710938 961.19287109375 960.875122070312 968.203002929688 974.386840820312 976.69091796875 973.855834960938 969.711364746094 974.436828613281 979.221618652344 979.6904296875 974.315734863281 981.648681640625 981.657592773438 982.70263671875 977.312866210938 971.494018554688 970.57958984375 967.343994140625 969.517578125 967.194946289062 959.41455078125 968.276672363281 957.300659179688 964.143615722656 971.974304199219 965.793151855469 966.894165039062 971.058959960938 970.3408203125 967.215576171875 965.962951660156 962.53173828125 962.08984375 962.779357910156 950.339233398438 957.486145019531 960.853515625 968.450073242188 974.7880859375 973.232299804688 974.195983886719 971.930541992188 963.5146484375
958.224060058594 961.775207519531 955.690246582031 954.8203125 967.11572265625 978.505981445312 977.764343261719 974.725891113281 969.399597167969 964.124328613281 967.306213378906 965.5361328125 967.247497558594 972.573852539062 975.634704589844 981.236206054688 975.77880859375 971.431091308594 971.047546386719 968.105102539062 967.574523925781 964.922180175781 962.511291503906 960.198974609375 961.212097167969 958.625427246094 952.692077636719 965.083435058594 964.279724121094 966.865844726562 972.15234375 964.503723144531 963.738525390625 971.911865234375 965.068298339844 966.304809570312 954.519836425781 958.023498535156 953.142211914062 957.704345703125 965.501098632812 969.319885253906 976.438537597656 966.838195800781 963.913391113281 962.688720703125
959.906433105469 958.765014648438 957.775573730469 958.286682128906 972.891418457031 977.108154296875 984.031555175781 978.238525390625 975.281555175781 960.953552246094 957.937927246094 957.909484863281 959.182800292969 966.1943359375 973.682983398438 970.342041015625 971.039184570312 971.292419433594 973.779113769531 967.060852050781 955.477844238281 962.179748535156 966.624816894531 964.201721191406 961.060119628906 964.28759765625 959.388244628906 955.661254882812 962.38427734375 967.035400390625 965.781311035156 960.726806640625 960.198852539062 959.374633789062 963.610595703125 964.594604492188 960.03076171875 963.073791503906 955.663452148438 955.636352539062 959.526489257812 966.39453125 967.236938476562 965.708557128906 961.558410644531 953.865600585938
962.476989746094 957.498046875 961.512268066406 968.592102050781 971.202026367188 964.57421875 977.483276367188 977.484313964844 969.438720703125 964.960876464844 965.307189941406 964.54833984375 965.768432617188 972.011840820312 976.125671386719 978.761474609375 977.703735351562 965.162902832031 961.005310058594 963.553344726562 954.792907714844 971.760559082031 967.043823242188 965.331787109375 963.590637207031 954.433532714844 959.786437988281 955.251831054688 954.357604980469 960.220336914062 963.47705078125 958.052551269531 954.241943359375 964.482971191406 969.426879882812 964.887817382812 967.635070800781 963.686401367188 970.822814941406 970.715637207031 963.822631835938 963.977416992188 965.543273925781 965.9228515625 958.20849609375 959.267333984375
963.191955566406 957.426330566406 963.403930664062 965.721374511719 973.966064453125 963.560241699219 971.251098632812 966.4033203125 962.640747070312 967.947387695312 960.050170898438 952.848205566406 969.3671875 976.451538085938 979.586791992188 979.23779296875 977.350219726562 969.424133300781 960.412292480469 961.513916015625 958.813537597656 963.44091796875 966.033447265625 964.150207519531 958.8623046875 954.568786621094 953.411071777344 951.200622558594 952.28173828125 955.965881347656 957.275817871094 954.097412109375 955.048217773438 964.632019042969 963.954895019531 955.959350585938 961.473449707031 964.603149414062 968.502258300781 965.07177734375 964.212585449219 957.769165039062 968.740051269531 961.152587890625 952.246032714844 954.736206054688
954.166442871094 962.33349609375 965.570678710938 968.034912109375 970.306823730469 966.2626953125 969.683654785156 971.019348144531 963.79833984375 966.557006835938 959.92431640625 961.249877929688 963.858764648438 966.217529296875 975.812133789062 964.791259765625 971.603515625 967.401428222656 964.042907714844 961.395812988281 943.663940429688 951.247253417969 965.965454101562 963.500793457031 959.994140625 955.001647949219 958.185668945312 953.525451660156 954.338562011719 949.497985839844 958.508850097656 948.953857421875 952.240478515625 963.901000976562 960.522521972656 962.934509277344 965.136962890625 957.849670410156 968.139953613281 960.118041992188 956.254760742188 956.950561523438 957.207275390625 955.636291503906 952.057495117188 955.600952148438
960.040954589844 965.0791015625 961.329711914062 961.783874511719 962.062316894531 977.301635742188 978.595886230469 972.081848144531 967.181396484375 965.806518554688 960.367858886719 951.723205566406 951.46484375 962.56982421875 978.220153808594 971.116394042969 972.020874023438 963.777648925781 959.595825195312 951.31298828125 951.552856445312 952.293395996094 959.970703125 956.65283203125 961.110412597656 962.443969726562 953.896484375 955.047241210938 955.71044921875 950.0869140625 957.739685058594 954.703491210938 956.95703125 962.497314453125 967.867126464844 965.057678222656 951.580810546875 966.681945800781 959.685424804688 955.121826171875 951.428649902344 954.009094238281 950.923278808594 956.637390136719 950.441528320312 953.791564941406
945.269165039062 956.365600585938 957.699768066406 965.827697753906 962.841674804688 973.291137695312 970.788879394531 976.853820800781 977.767211914062 970.342956542969 963.030395507812 961.539367675781 952.888549804688 959.908813476562 971.428466796875 971.478759765625 962.02001953125 962.39892578125 955.48046875 953.461059570312 952.196594238281 953.673400878906 960.972900390625 962.10400390625 970.020141601562 969.544860839844 954.948486328125 955.448608398438 956.511474609375 954.612365722656 951.930969238281 947.408630371094 957.962219238281 963.842529296875 966.334228515625 964.064575195312 957.989624023438 957.082580566406 957.735107421875 949.73291015625 946.675903320312 949.270446777344 950.666931152344 946.16796875 946.709777832031 952.5478515625
