data/zlatibor_dem_simulations/DEMsim72.asc
NCOLS 150
NROWS 100
XLLCORNER 7394249
YLLCORNER 4841999
CELLSIZE 30
NODATA_VALUE -9999
[rows 40 to 59 of 100, columns 92 to 137 of 150]
993.346008300781 999.062194824219 1004.14099121094 998.606994628906 993.818542480469 993.07763671875 993.784545898438 984.640014648438 983.868225097656 988.415710449219 982.540466308594 979.48193359375 982.277465820312 984.999694824219 994.538452148438 991.649230957031 988.902221679688 984.998596191406 988.477783203125 996.409851074219 999.539672851562 1001.50061035156 1005.43438720703 1004.51245117188 1000.48858642578 996.467956542969 995.585876464844 998.254821777344 996.228820800781 993.220031738281 998.851013183594 996.117370605469 994.586120605469 996.27880859375 1007.75885009766 1018.43774414062 1011.72552490234 1011.18994140625 1020.12536621094 1024.76440429688 1032.671875 1027.98693847656 1036.80639648438 1034.08081054688 1051.63562011719 1059.74963378906
991.154724121094 993.377685546875 994.746826171875 994.873901367188 990.854553222656 988.425109863281 989.821594238281 988.446350097656 985.075805664062 977.268737792969 983.772583007812 986.635314941406 978.51708984375 982.847229003906 983.989074707031 990.799621582031 988.214904785156 990.097290039062 993.681518554688 997.097473144531 994.699645996094 1000.87268066406 997.924743652344 996.355590820312 1000.51641845703 999.082885742188 1001.11364746094 999.804504394531 1000.64288330078 995.624389648438 993.120178222656 1001.88385009766 1002.95318603516 1002.75109863281 1004.14007568359 1022.84582519531 1024.58740234375 1016.65551757812 1021.79425048828 1031.83459472656 1032.44714355469 1030.91088867188 1052.939453125 1053.7060546875 1052.53942871094 1064.76611328125
982.552795410156 985.670837402344 981.760925292969 990.627807617188 979.013916015625 983.783020019531 984.6787109375 982.953430175781 981.747131347656 981.701965332031 976.731872558594 984.350219726562 982.295654296875 988.055908203125 988.552368164062 989.955627441406 990.503173828125 986.022827148438 987.846496582031 992.248474121094 994.862121582031 1001.35174560547 984.096313476562 990.861938476562 995.4912109375 998.973510742188 996.276062011719 999.890197753906 996.463012695312 999.249755859375 998.661682128906 1001.32080078125 1004.38024902344 999.741882324219 1010.79022216797 1020.74719238281 1028.67297363281 1027.98803710938 1024.27380371094 1034.78430175781 1034.64770507812 1037.40686035156 1047.69482421875 1050.53161621094 1058.12536621094 1072.04248046875
983.205383300781 982.729309082031 986.11083984375 983.034851074219 980.987915039062 979.294738769531 977.803466796875 981.654724121094 980.115966796875 978.396118164062 980.956298828125 975.189453125 976.985412597656 985.76123046875 981.135375976562 984.767578125 984.052734375 984.934631347656 981.772644042969 990.841979980469 992.156921386719 983.044677734375 983.691223144531 995.025817871094 997.090026855469 991.215698242188 994.91943359375 996.956237792969 1005.51751708984 996.830200195312 1004.91015625 1006.81951904297 994.740966796875 995.785827636719 1004.06646728516 1020.29510498047 1027.16333007812 1024.16235351562 1034.64770507812 1042.14196777344 1054.69348144531 1052.93640136719 1042.58276367188 1059.01000976562 1070.95068359375 1077.48071289062
977.223327636719 985.52294921875 984.513000488281 986.751342773438 980.448486328125 982.540344238281 980.520080566406 977.989379882812 975.137145996094 977.242858886719 983.913391113281 981.623352050781 976.874084472656 983.607543945312 992.285583496094 987.80224609375 995.795043945312 996.918884277344 994.60986328125 998.029052734375 997.461547851562 987.991882324219 987.395812988281 995.6357421875 993.044494628906 999.316772460938 1001.96435546875 1002.62646484375 1006.79119873047 1008.56878662109 1008.88946533203 1012.20288085938 997.117370605469 998.891357421875 1007.57110595703 1019.29168701172 1022.68957519531 1026.158203125 1037.82165527344 1048.09851074219 1051.00036621094 1060.32678222656 1064.79638671875 1065.962890625 1074.279296875 1083.46813964844
979.891662597656 987.505126953125 982.736633300781 986.2978515625 980.519104003906 983.384460449219 981.214721679688 975.807189941406 981.899597167969 981.094970703125 979.80908203125 985.923583984375 982.520568847656 977.4443359375 987.296020507812 996.880065917969 1000.72369384766 997.15966796875 1003.04840087891 1002.33575439453 1009.58526611328 997.971984863281 994.475219726562 1004.69012451172 1001.06280517578 1005.81408691406 1012.38891601562 1009.94201660156 1015.61322021484 1023.15081787109 1025.59582519531 1014.10699462891 1016.18890380859 1005.36120605469 1012.69195556641 1012.47454833984 1021.36499023438 1019.56964111328 1039.93701171875 1051.30895996094 1058.42980957031 1060.62744140625 1063.84716796875 1073.47729492188 1076.00109863281 1091.54345703125
973.701721191406 978.741577148438 978.261169433594 974.198669433594 973.857421875 967.952941894531 971.067321777344 973.374084472656 972.643615722656 979.599548339844 978.851257324219 987.916320800781 995.378662109375 983.938659667969 989.655578613281 995.956298828125 995.183837890625 995.044738769531 997.712585449219 1003.2490234375 1010.8046875 1012.64086914062 1009.52954101562 1012.16888427734 1012.00250244141 1010.37866210938 1013.84655761719 1021.53118896484 1019.64599609375 1022.89782714844 1020.72998046875 1022.59790039062 1023.22106933594 1019.13037109375 1020.14556884766 1024.28088378906 1027.93859863281 1028.88342285156 1048.45874023438 1051.62939453125 1059.1337890625 1071.27368164062 1076.28540039062 1082.47058105469 1092.38098144531 1091.0810546875
969.389038085938 977.826354980469 972.12451171875 981.089050292969 965.621337890625 968.66650390625 966.734619140625 973.619812011719 974.442504882812 974.548828125 983.766418457031 986.915893554688 996.167053222656 994.225402832031 994.506652832031 995.783813476562 996.162048339844 998.010620117188 1004.88610839844 1011.80041503906 1017.03192138672 1017.91009521484 1010.08221435547 1012.73889160156 1008.525390625 1009.80352783203 1007.00567626953 1020.63812255859 1020.30279541016 1018.45928955078 1021.16040039062 1030.22717285156 1029.40441894531 1023.93225097656 1029.97607421875 1035.11511230469 1034.9521484375 1030.81420898438 1044.55407714844 1045.77941894531 1053.57775878906 1059.02392578125 1080.92541503906 1083.14074707031 1088.17065429688 1092.93151855469
970.102722167969 972.869079589844 975.199462890625 975.743957519531 972.168090820312 983.49072265625 971.120361328125 980.154907226562 980.109130859375 975.742919921875 984.546020507812 985.253479003906 990.534729003906 990.679077148438 991.072265625 1003.47711181641 989.300415039062 991.618041992188 995.843078613281 1006.67132568359 1011.33831787109 1012.19091796875 1007.72039794922 1016.24334716797 1018.11340332031 1015.85101318359 1008.51776123047 1012.13958740234 1020.24597167969 1014.26214599609 1019.98382568359 1020.20538330078 1032.39453125 1030.22583007812 1028.29223632812 1040.75048828125 1038.40930175781 1037.38354492188 1042.689453125 1048.46826171875 1053.17443847656 1069.33032226562 1072.67114257812 1083.87927246094 1079.78552246094 1092.87438964844
972.948425292969 974.957458496094 977.951843261719 982.382202148438 972.179138183594 985.701354980469 985.300903320312 976.228637695312 971.457214355469 971.298278808594 976.541748046875 981.325256347656 984.770202636719 998.722900390625 997.847229003906 991.006958007812 998.415649414062 998.365783691406 994.081848144531 992.623107910156 1001.01519775391 1009.40209960938 1007.86193847656 1009.32824707031 1011.32513427734 1010.62725830078 1013.05584716797 1017.13458251953 1020.80871582031 1013.20904541016 1021.20477294922 1030.18469238281 1036.58447265625 1030.74682617188 1031.13049316406 1031.30676269531 1038.74768066406 1042.38903808594 1053.24523925781 1057.482421875 1063.31945800781 1070.56689453125 1076.49072265625 1085.04321289062 1083.37060546875 1084.51635742188
975.896606445312 975.950927734375 980.015441894531 975.029113769531 973.722961425781 982.9736328125 980.513549804688 978.776794433594 969.168212890625 970.026306152344 975.941833496094 974.639282226562 978.865173339844 992.34375 986.059936523438 990.965026855469 990.0283203125 986.451171875 991.489868164062 994.350463867188 998.393920898438 1001.75378417969 1004.673828125 1007.65368652344 1006.73718261719 1013.70294189453 1016.9443359375 1020.45739746094 1029.49975585938 1026.99243164062 1023.02282714844 1033.15417480469 1022.77038574219 1029.19641113281 1029.85400390625 1031.37329101562 1032.9150390625 1041.43054199219 1051.14880371094 1067.12976074219 1076.25427246094 1072.1513671875 1076.55810546875 1084.15270996094 1084.60131835938 1088.14172363281
970.305297851562 970.768920898438 973.509765625 976.359497070312 978.007202148438 980.571655273438 980.011047363281 969.470520019531 961.26611328125 973.793762207031 973.127685546875 973.600830078125 978.890747070312 971.999694824219 976.237426757812 985.818054199219 983.903991699219 983.975402832031 989.139343261719 992.244079589844 993.979675292969 997.096374511719 992.714233398438 998.315551757812 1006.78131103516 1017.72827148438 1022.177734375 1023.8779296875 1033.62219238281 1029.14868164062 1023.50787353516 1024.56994628906 1023.98498535156 1028.73620605469 1037.8720703125 1034.82177734375 1030.861328125 1034.34399414062 1049.52111816406 1061.22521972656 1069.70812988281 1072.26000976562 1076.14001464844 1083.080078125 1078.55627441406 1089.263671875
974.725524902344 974.552551269531 987.194030761719 978.5732421875 972.204406738281 972.431823730469 974.130676269531 972.54541015625 968.20361328125 973.451538085938 975.883483886719 976.643737792969 979.291931152344 966.200622558594 975.465698242188 980.593994140625 977.832702636719 984.27685546875 986.400085449219 984.138916015625 986.05859375 983.139404296875 985.563415527344 995.416870117188 1002.07763671875 1007.82940673828 1010.27349853516 1021.95013427734 1024.96472167969 1030.04028320312 1024.45935058594 1032.75476074219 1029.61486816406 1030.32983398438 1033.59033203125 1028.12036132812 1039.19348144531 1046.33947753906 1047.84594726562 1063.83508300781 1066.97058105469 1072.03674316406 1083.36511230469 1078.64807128906 1083.84155273438 1087.23498535156
978.160949707031 981.013610839844 976.900451660156 972.625793457031 964.091003417969 963.670227050781 966.260620117188 965.4619140625 969.740417480469 975.095092773438 979.547546386719 983.506652832031 977.231201171875 976.599243164062 983.21142578125 987.695983886719 975.652282714844 983.396667480469 982.155090332031 986.266418457031 988.958190917969 989.048217773438 989.669677734375 995.515319824219 999.877746582031 999.028930664062 1010.05218505859 1019.20819091797 1017.4248046875 1019.97106933594 1023.72436523438 1027.87463378906 1026.8681640625 1029.1650390625 1026.88793945312 1025.48608398438 1038.23779296875 1047.3154296875 1049.68432617188 1063.36596679688 1065.96130371094 1077.39343261719 1088.69445800781 1089.41442871094 1089.1884765625 1101.97607421875
978.30810546875 982.622497558594 969.080383300781 975.994079589844 966.286499023438 967.121826171875 965.978576660156 959.888916015625 974.399536132812 979.058959960938 978.12060546875 977.867248535156 975.403503417969 973.095275878906 979.550964355469 980.896911621094 981.442993164062 980.068054199219 974.1015625 978.854553222656 993.444580078125 989.033203125 986.44140625 994.330810546875 985.65478515625 996.122863769531 1003.74487304688 1008.27941894531 1014.62255859375 1021.06060791016 1024.69592285156 1027.90051269531 1027.93627929688 1025.43151855469 1030.08764648438 1023.40728759766 1034.51342773438 1045.91589355469 1049.98669433594 1060.52355957031 1067.87829589844 1079.05773925781 1084.44970703125 1084.41955566406 1088.1728515625 1092.0966796875
970.775573730469 975.83154296875 972.404541015625 975.252075195312 974.313171386719 971.630065917969 971.337585449219 965.769775390625 967.095764160156 971.921569824219 983.95703125 978.833923339844 966.090881347656 968.2080078125 983.241821289062 979.4462890625 973.260620117188 985.937622070312 983.470092773438 986.79443359375 987.062866210938 991.899047851562 990.299133300781 994.34375 994.621643066406 988.763488769531 1000.69744873047 1010.50817871094 1011.27270507812 1011.20513916016 1020.88934326172 1024.94091796875 1027.53063964844 1023.47589111328 1029.984375 1024.74169921875 1028.59826660156 1048.95983886719 1057.37487792969 1059.8095703125 1065.54113769531 1071.94787597656 1084.54455566406 1088.7099609375 1081.13781738281 1079.44409179688
969.998229980469 979.028015136719 970.1298828125 977.012084960938 981.352844238281 974.210083007812 975.660522460938 978.860473632812 971.419006347656 960.704467773438 972.142028808594 980.384765625 979.558166503906 983.492797851562 986.344909667969 992.476989746094 982.977416992188 983.585998535156 989.237121582031 990.809020996094 986.956909179688 990.113403320312 994.687255859375 994.884582519531 992.715759277344 995.121215820312 999.044982910156 1005.9140625 1011.92120361328 1019.79718017578 1018.54760742188 1026.13891601562 1031.62133789062 1028.51245117188 1016.37255859375 1023.419921875 1033.97717285156 1052.92370605469 1052.88159179688 1056.06225585938 1066.59130859375 1074.46008300781 1081.27233886719 1083.47729492188 1076.07336425781 1082.60510253906
976.506591796875 974.259826660156 973.54052734375 975.007873535156 982.483032226562 984.365051269531 983.235595703125 978.8310546875 975.317932128906 966.518249511719 971.132202148438 974.908020019531 976.411376953125 985.457763671875 989.641296386719 995.350769042969 985.830932617188 982.616516113281 994.028381347656 985.973937988281 992.75 996.041259765625 995.0712890625 992.43505859375 994.687255859375 1002.82513427734 999.843383789062 996.979675292969 1005.43469238281 1009.11187744141 1017.60144042969 1024.72900390625 1030.3681640625 1027.4892578125 1022.6474609375 1027.65051269531 1036.76525878906 1058.11193847656 1062.98681640625 1064.78198242188 1070.96740722656 1075.29431152344 1076.39111328125 1082.21459960938 1076.83618164062 1075.81091308594
968.676025390625 971.996398925781 979.268005371094 984.381042480469 990.412414550781 982.949340820312 980.901428222656 985.590454101562 982.573791503906 974.319091796875 970.657165527344 971.279907226562 978.905395507812 980.262145996094 996.780700683594 991.968811035156 984.683715820312 996.02734375 1002.64825439453 993.63525390625 986.124145507812 992.733703613281 990.099487304688 990.085998535156 1003.18115234375 997.914855957031 996.14111328125 999.648681640625 1012.96801757812 1010.36145019531 1022.64978027344 1037.73364257812 1034.67797851562 1035.86206054688 1036.09594726562 1025.87744140625 1050.47204589844 1050.52746582031 1054.95129394531 1071.9541015625 1077.86364746094 1084.18933105469 1087.72277832031 1079.15234375 1078.96826171875 1077.5654296875
958.802307128906 966.61328125 969.080688476562 976.862731933594 982.712280273438 983.695068359375 986.570251464844 985.111694335938 980.869567871094 979.119506835938 972.072509765625 974.918762207031 982.226745605469 988.27880859375 988.45703125 987.582458496094 982.811157226562 992.222229003906 998.18115234375 994.687133789062 994.907165527344 998.968994140625 990.766052246094 995.764343261719 999.529907226562 1005.14025878906 1001.67932128906 996.819580078125 1007.4521484375 1019.36322021484 1020.85412597656 1031.40686035156 1037.83630371094 1032.90966796875 1028.52221679688 1026.39086914062 1036.36206054688 1044.17407226562 1053.25659179688 1070.22778320312 1074.97497558594 1076.69213867188 1083.33056640625 1077.38928222656 1071.78869628906 1077.16394042969
