data/zlatibor_dem_simulations/DEMsim31.asc
NCOLS 150
NROWS 100
XLLCORNER 7394249
YLLCORNER 4841999
CELLSIZE 30
NODATA_VALUE -9999
[rows 80 to 99 of 100, columns 92 to 137 of 150]
1003.40112304688 990.934936523438 984.633972167969 989.493225097656 992.224487304688 994.152954101562 1004.25415039062 1010.70269775391 1007.58532714844 1006.91979980469 1013.19396972656 1011.24041748047 1009.20147705078 1017.98736572266 1027.22497558594 1028.6826171875 1030.44274902344 1034.02905273438 1036.98327636719 1043.94897460938 1046.37512207031 1037.67407226562 1024.3759765625 1028.65930175781 1033.91845703125 1028.82568359375 1026.57116699219 1027.72521972656 1019.107421875 1017.02691650391 1017.12615966797 1012.53643798828 1011.02996826172 1004.1669921875 999.690612792969 996.5908203125 999.879089355469 1001.83172607422 997.210144042969 991.746459960938 994.18115234375 994.016235351562 992.642333984375 993.749450683594 994.548400878906 994.287780761719
992.564758300781 993.382507324219 993.104187011719 992.771606445312 992.714477539062 1002.42041015625 1002.42956542969 999.385192871094 1004.09405517578 1006.35083007812 1014.39996337891 1022.50170898438 1019.953125 1023.6357421875 1025.49291992188 1032.20617675781 1030.77795410156 1032.4814453125 1039.3408203125 1042.03063964844 1048.07983398438 1040.58044433594 1030.72888183594 1041.31994628906 1039.41552734375 1045.14733886719 1032.43957519531 1025.91064453125 1013.97247314453 1012.92242431641 1008.23089599609 1006.07940673828 1010.76739501953 1001.92150878906 987.901977539062 988.626098632812 997.049377441406 998.479858398438 988.114807128906 989.304443359375 992.412841796875 991.357604980469 991.210754394531 994.569763183594 995.218078613281 996.521911621094
993.5146484375 994.946716308594 996.502197265625 1002.27642822266 994.879028320312 997.088012695312 999.213928222656 993.023498535156 1007.30139160156 1010.28637695312 1000.63970947266 1023.21868896484 1021.18347167969 1028.31958007812 1034.03295898438 1024.18688964844 1036.25451660156 1032.13269042969 1035.68566894531 1037.56677246094 1051.51342773438 1049.44860839844 1037.89770507812 1044.69873046875 1040.18322753906 1041.78173828125 1035.546875 1030.08825683594 1022.89544677734 1013.23693847656 1010.21844482422 1002.23822021484 1000.28442382812 996.172241210938 987.991882324219 989.498901367188 989.813781738281 984.599426269531 985.060668945312 986.461853027344 999.633666992188 999.096862792969 992.5146484375 991.042236328125 988.89501953125 995.807312011719
998.373107910156 999.147827148438 993.923095703125 997.401062011719 998.113952636719 995.82763671875 1000.06970214844 997.83251953125 1002.49932861328 998.836853027344 1007.7607421875 1016.07275390625 1018.13635253906 1024.9091796875 1031.36047363281 1034.88317871094 1038.84619140625 1029.04028320312 1036.44128417969 1037.69506835938 1043.65502929688 1048.56787109375 1045.248046875 1050.03271484375 1046.11682128906 1051.25451660156 1047.48864746094 1035.66711425781 1029.29699707031 1019.57293701172 1009.18536376953 1008.79327392578 1000.90319824219 989.258728027344 988.836242675781 989.076782226562 988.408752441406 988.342041015625 983.988403320312 987.326232910156 988.818664550781 996.490661621094 991.347534179688 992.805908203125 991.940063476562 989.375732421875
999.370178222656 1000.51953125 1003.48327636719 1016.22326660156 1004.64392089844 997.775817871094 1003.01666259766 1009.92462158203 1007.95196533203 1001.9716796875 1008.90020751953 1008.23822021484 1008.82244873047 1019.56085205078 1027.82019042969 1030.73596191406 1031.76611328125 1031.06872558594 1037.16369628906 1051.77563476562 1054.78051757812 1054.2060546875 1051.67443847656 1057.38366699219 1055.23059082031 1051.7431640625 1051.64587402344 1040.34252929688 1030.92077636719 1016.38226318359 1007.47314453125 1002.79595947266 993.834655761719 985.160217285156 979.916381835938 979.654541015625 978.504272460938 974.996154785156 979.03466796875 988.266235351562 989.901794433594 992.488037109375 985.500061035156 994.509155273438 996.290222167969 996.137634277344
995.400268554688 1005.88854980469 1005.90142822266 1013.20373535156 1006.25823974609 1004.24383544922 1002.50463867188 1001.84185791016 1006.42779541016 1012.76776123047 1010.88732910156 1017.37561035156 1015.361328125 1023.58715820312 1018.91540527344 1026.74768066406 1032.18212890625 1038.40905761719 1048.85461425781 1059.92370605469 1053.42907714844 1065.3701171875 1057.16345214844 1055.23388671875 1063.296875 1057.84973144531 1054.35888671875 1043.77587890625 1030.8017578125 1020.43859863281 1012.66253662109 1005.88659667969 1002.26538085938 985.474853515625 976.282165527344 978.66455078125 988.076721191406 978.725341796875 965.74072265625 981.928771972656 994.290771484375 990.439453125 989.32568359375 992.601013183594 1003.27966308594 994.005798339844
996.306335449219 1000.47613525391 1004.91650390625 1007.49768066406 1008.39361572266 1008.11291503906 1010.62030029297 1006.17614746094 1011.49353027344 1018.30206298828 1018.87200927734 1019.63848876953 1016.32879638672 1021.22137451172 1018.5341796875 1035.25756835938 1042.25402832031 1040.22326660156 1051.56604003906 1055.59875488281 1057.79284667969 1060.4609375 1063.57153320312 1061.26098632812 1066.14147949219 1064.52124023438 1049.83630371094 1048.22094726562 1035.39794921875 1023.33123779297 1010.55712890625 1010.00366210938 1004.49340820312 991.748107910156 980.147705078125 982.1201171875 987.027099609375 975.791748046875 973.244323730469 982.164245605469 983.5771484375 990.059326171875 996.546752929688 997.228759765625 993.248718261719 996.973510742188
1000.16839599609 1000.02655029297 1006.60430908203 1007.07537841797 1008.86444091797 1007.72698974609 1014.98931884766 1001.91339111328 1013.06225585938 1023.3330078125 1016.09185791016 1024.62683105469 1023.86102294922 1022.44854736328 1029.12145996094 1031.37915039062 1049.04272460938 1050.03369140625 1051.85095214844 1060.92333984375 1058.97424316406 1064.50244140625 1063.783203125 1061.91845703125 1057.61828613281 1057.0869140625 1051.11254882812 1049.76745605469 1042.76330566406 1035.88793945312 1011.96978759766 1015.42218017578 1009.31420898438 991.488708496094 995.008911132812 984.624389648438 971.451354980469 979.110900878906 976.537231445312 974.582336425781 978.352905273438 985.685241699219 992.382995605469 994.623962402344 986.242126464844 984.285461425781
1000.8623046875 993.915893554688 995.286315917969 1005.57495117188 1007.68908691406 1011.27154541016 1014.84057617188 1008.32849121094 1016.07733154297 1022.87066650391 1021.47045898438 1023.34405517578 1030.72619628906 1031.10375976562 1036.39624023438 1034.52465820312 1052.14050292969 1049.02978515625 1044.76330566406 1055.76025390625 1052.87976074219 1064.47497558594 1061.63720703125 1060.7412109375 1057.16552734375 1067.47534179688 1063.27014160156 1056.43688964844 1043.59545898438 1032.0537109375 1018.20776367188 1016.36975097656 1008.09246826172 997.732116699219 990.410827636719 984.680725097656 979.533630371094 974.372314453125 977.400634765625 977.690490722656 983.492919921875 982.399841308594 983.732116699219 981.225891113281 980.86181640625 975.287902832031
1010.90008544922 1009.4423828125 1007.85400390625 1006.68377685547 1006.34289550781 1018.17260742188 1016.45037841797 1016.47283935547 1023.810546875 1029.43872070312 1028.39819335938 1023.44256591797 1019.95178222656 1025.82983398438 1032.69641113281 1033.42236328125 1043.28259277344 1046.83435058594 1045.00769042969 1052.16076660156 1052.53149414062 1055.20849609375 1054.16516113281 1055.84326171875 1059.21105957031 1058.64306640625 1063.72375488281 1053.71142578125 1043.96533203125 1038.357421875 1029.69360351562 1016.96514892578 1011.10284423828 1000.00750732422 992.478454589844 988.308959960938 994.855529785156 977.813415527344 977.192504882812 974.584045410156 982.799255371094 980.926208496094 980.342407226562 977.905700683594 973.072143554688 971.950805664062
1011.40277099609 1012.89660644531 1013.68487548828 1010.06420898438 1014.57696533203 1016.78741455078 1022.76812744141 1016.88098144531 1020.10052490234 1022.52252197266 1020.89324951172 1019.30883789062 1012.44079589844 1025.18530273438 1031.70617675781 1026.53833007812 1033.87512207031 1045.69262695312 1037.75256347656 1046.80456542969 1040.27600097656 1046.45581054688 1050.46960449219 1052.32556152344 1053.01733398438 1055.38684082031 1054.9990234375 1048.48779296875 1042.76208496094 1036.20751953125 1032.26867675781 1029.38354492188 1016.69512939453 1009.60980224609 1000.04028320312 998.892578125 986.532470703125 987.976989746094 986.827209472656 980.410339355469 979.809448242188 982.039001464844 989.377990722656 984.116760253906 979.064025878906 954.651428222656
1011.44488525391 1014.31079101562 1015.30627441406 1018.17608642578 1012.06549072266 1017.31237792969 1028.39697265625 1025.7607421875 1019.12579345703 1018.37902832031 1015.90930175781 1012.30706787109 1016.60211181641 1027.73156738281 1026.17175292969 1028.09313964844 1024.02880859375 1036.83349609375 1032.2958984375 1044.53686523438 1037.75476074219 1043.58166503906 1042.86462402344 1051.78796386719 1053.26940917969 1053.80517578125 1054.06994628906 1048.87451171875 1048.28161621094 1036.50219726562 1026.05529785156 1017.29278564453 1023.85620117188 1016.68310546875 1009.01519775391 1001.16735839844 993.147277832031 989.5107421875 985.397399902344 982.766906738281 981.0751953125 982.871948242188 986.094299316406 988.123413085938 975.417297363281 971.770751953125
1013.86602783203 1013.44152832031 1016.14489746094 1013.00036621094 1020.58917236328 1024.03564453125 1029.03735351562 1028.52734375 1017.90765380859 1021.5107421875 1021.68713378906 1018.76428222656 1026.35729980469 1027.26916503906 1028.94262695312 1023.81549072266 1020.93719482422 1025.88781738281 1034.3740234375 1032.75573730469 1042.68786621094 1043.10363769531 1044.31909179688 1052.54187011719 1057.68469238281 1054.29406738281 1050.11901855469 1046.15954589844 1048.04455566406 1045.46984863281 1028.41418457031 1026.78198242188 1021.73199462891 1022.20196533203 1013.28961181641 1007.51635742188 1006.60607910156 995.699645996094 987.493591308594 985.206298828125 979.475830078125 980.673889160156 976.444885253906 975.481872558594 976.242553710938 976.417907714844
1013.43511962891 1022.79614257812 1025.71789550781 1027.78540039062 1025.87707519531 1029.26000976562 1023.66070556641 1027.48168945312 1031.64904785156 1024.83251953125 1030.98461914062 1024.30529785156 1032.87231445312 1036.86547851562 1039.6123046875 1030.96728515625 1031.85302734375 1027.97314453125 1037.34362792969 1033.63354492188 1039.72424316406 1042.81176757812 1042.63330078125 1039.37145996094 1041.51208496094 1049.09594726562 1040.29504394531 1043.48486328125 1041.0380859375 1046.8525390625 1027.45947265625 1026.04504394531 1011.60900878906 1022.22283935547 1020.55883789062 1001.45172119141 996.188903808594 985.820434570312 990.104187011719 983.073547363281 980.997131347656 979.728820800781 971.131958007812 968.036865234375 977.449401855469 968.904235839844
1018.54064941406 1021.26312255859 1019.0205078125 1030.28527832031 1030.34045410156 1024.61779785156 1027.10314941406 1026.59582519531 1028.15966796875 1025.3212890625 1028.32482910156 1032.57507324219 1030.39575195312 1035.91943359375 1044.24877929688 1038.66333007812 1031.40124511719 1029.01147460938 1037.71899414062 1036.61450195312 1045.45703125 1045.24523925781 1042.91027832031 1036.62878417969 1038.49108886719 1047.67749023438 1049.99072265625 1037.90869140625 1035.3447265625 1033.353515625 1022.30407714844 1015.57391357422 1007.56188964844 1012.13629150391 1012.59216308594 1001.37969970703 988.190673828125 987.509643554688 982.813842773438 979.325256347656 978.443298339844 973.119262695312 966.125610351562 963.710998535156 971.412780761719 971.965454101562
1013.50793457031 1014.03393554688 1021.80291748047 1027.14636230469 1035.17565917969 1030.11315917969 1033.19445800781 1026.35925292969 1025.25463867188 1027.43298339844 1032.880859375 1033.56225585938 1028.43713378906 1024.79138183594 1028.72802734375 1031.58618164062 1030.27563476562 1024.75708007812 1027.72009277344 1044.42834472656 1046.10290527344 1050.54455566406 1041.68310546875 1038.96252441406 1037.49914550781 1033.76977539062 1037.82690429688 1035.46008300781 1036.40417480469 1020.56964111328 1010.76110839844 1015.99609375 1007.966796875 1009.46697998047 1011.80194091797 999.670349121094 988.398315429688 986.278991699219 980.273986816406 979.851257324219 972.018310546875 967.6943359375 966.376281738281 956.036804199219 967.142700195312 971.858032226562
1022.42663574219 1024.13525390625 1019.41363525391 1025.42907714844 1035.67333984375 1029.3759765625 1032.95581054688 1037.76538085938 1025.50268554688 1027.4638671875 1030.67224121094 1028.38427734375 1021.55932617188 1026.52001953125 1023.09259033203 1016.78503417969 1031.24157714844 1024.60034179688 1022.53253173828 1037.21044921875 1036.42041015625 1037.06176757812 1037.5244140625 1039.37158203125 1034.41442871094 1034.50610351562 1025.82189941406 1029.40637207031 1027.04528808594 1013.5927734375 1012.12493896484 1011.1240234375 1008.99633789062 1011.64300537109 1011.82897949219 1006.96911621094 999.586669921875 991.992431640625 985.833129882812 981.4716796875 965.754943847656 971.029357910156 965.230224609375 964.332824707031 974.626159667969 975.133056640625
1021.72723388672 1023.96166992188 1023.35314941406 1029.35766601562 1036.21496582031 1040.72875976562 1047.90075683594 1043.84399414062 1036.69128417969 1030.20190429688 1036.09936523438 1031.26586914062 1025.78894042969 1018.81091308594 1022.32623291016 1018.45367431641 1030.63781738281 1028.80053710938 1026.74731445312 1036.31176757812 1026.97705078125 1035.09143066406 1040.72631835938 1042.87829589844 1028.6796875 1027.89685058594 1023.67901611328 1024.41125488281 1016.65478515625 1013.82739257812 1015.98236083984 1013.23529052734 1007.82434082031 1004.64874267578 1002.94952392578 998.822570800781 990.303283691406 993.305786132812 983.893920898438 982.833862304688 972.312927246094 972.284057617188 975.816528320312 971.169738769531 975.201354980469 972.532775878906
1019.00256347656 1021.01727294922 1021.99584960938 1027.69165039062 1035.3740234375 1044.01892089844 1045.20202636719 1039.99108886719 1035.32861328125 1029.73315429688 1032.17565917969 1034.37292480469 1023.04541015625 1018.61309814453 1028.36389160156 1028.83679199219 1035.740234375 1026.15539550781 1034.25280761719 1031.02404785156 1034.70434570312 1044.54052734375 1043.05895996094 1034.95812988281 1031.08239746094 1029.5390625 1018.33325195312 1017.74530029297 1018.93786621094 1012.61413574219 1009.77398681641 998.909423828125 999.998962402344 1003.28448486328 1002.97204589844 995.761352539062 996.417602539062 994.309692382812 994.64892578125 981.528137207031 971.505737304688 967.700561523438 974.602172851562 977.10302734375 969.460021972656 963.273620605469
1016.96154785156 1024.76831054688 1025.72583007812 1032.20568847656 1024.41857910156 1035.11999511719 1047.16357421875 1040.60925292969 1036.71984863281 1035.25634765625 1039.20727539062 1035.65979003906 1019.99261474609 1015.67034912109 1020.22924804688 1035.20568847656 1025.44128417969 1017.15093994141 1026.30920410156 1029.56872558594 1036.68200683594 1038.95092773438 1037.23815917969 1028.67297363281 1024.02844238281 1026.53588867188 1017.53509521484 1014.50933837891 1019.17388916016 1018.62310791016 1004.66107177734 1003.26824951172 1007.216796875 1004.68194580078 1009.92907714844 994.978698730469 991.577209472656 997.193969726562 984.923583984375 975.744079589844 979.660095214844 978.154235839844 980.540283203125 972.632873535156 967.059020996094 962.759948730469
