data/zlatibor_dem_simulations/DEMsim81.asc
NCOLS 150
NROWS 100
XLLCORNER 7394249
YLLCORNER 4841999
CELLSIZE 30
NODATA_VALUE -9999
[rows 0 to 19 of 100, columns 46 to 91 of 150]
979.044311523438 976.285583496094 969.433471679688 960.986389160156 953.643920898438 947.840759277344 939.018615722656 934.600158691406 935.409790039062 940.402038574219 939.677551269531 936.497009277344 925.485900878906 927.480834960938 942.826782226562 945.599182128906 932.441589355469 924.001525878906 914.946105957031 908.97802734375 902.029541015625 901.478576660156 909.067504882812 922.184326171875 929.7421875 929.066101074219 936.477783203125 942.143371582031 960.735778808594 960.705200195312 962.740417480469 964.527526855469 968.836853027344 972.085327148438 964.791015625 965.852600097656 971.746948242188 970.398254394531 967.693359375 962.4619140625 954.608215332031 943.435241699219 935.565307617188 929.024658203125 933.062927246094 926.0849609375
972.602722167969 972.062438964844 965.359802246094 956.748168945312 947.374206542969 949.631286621094 942.974243164062 935.140869140625 936.84814453125 935.969055175781 939.694702148438 939.485778808594 941.19580078125 948.640869140625 946.588134765625 941.755554199219 933.274780273438 938.863159179688 923.882385253906 909.836547851562 905.741027832031 906.446655273438 913.488037109375 930.114440917969 930.361206054688 930.008911132812 931.142333984375 947.277587890625 961.008728027344 971.427612304688 968.84423828125 981.995178222656 969.324829101562 977.576721191406 982.150512695312 980.017028808594 979.805969238281 978.718566894531 970.794250488281 966.301818847656 952.771057128906 943.90576171875 944.038696289062 926.014892578125 926.666259765625 927.109985351562
969.110168457031 972.055908203125 967.716247558594 958.156982421875 952.613830566406 946.306274414062 946.186767578125 946.525390625 940.362243652344 939.16552734375 940.618896484375 949.499694824219 949.949645996094 958.015258789062 954.108825683594 945.225708007812 951.150634765625 938.64794921875 931.659484863281 920.697326660156 914.352355957031 915.401672363281 930.754638671875 933.040954589844 943.30029296875 945.239013671875 949.974365234375 956.696655273438 962.966064453125 974.733642578125 983.181640625 985.817443847656 984.585205078125 985.97119140625 987.677368164062 995.641906738281 1001.72833251953 985.389770507812 971.342956542969 970.099975585938 961.9609375 948.22216796875 943.596496582031 935.455017089844 935.757141113281 925.977355957031
973.764526367188 983.094360351562 975.955932617188 968.627014160156 962.184204101562 952.865783691406 943.704467773438 953.4775390625 954.579162597656 952.369689941406 945.836364746094 950.856384277344 949.736328125 960.250793457031 952.157897949219 948.963195800781 946.689086914062 954.130065917969 943.122924804688 930.120056152344 925.18310546875 934.180480957031 941.237915039062 929.892822265625 941.543395996094 941.829040527344 948.532958984375 960.637634277344 966.309143066406 976.440490722656 987.882446289062 993.328186035156 991.980590820312 993.902099609375 997.133850097656 998.743896484375 999.798706054688 1000.64801025391 984.251953125 972.053466796875 962.438720703125 952.742309570312 946.322082519531 943.589904785156 936.587585449219 919.656433105469
974.887329101562 981.690551757812 972.489074707031 968.616333007812 954.0185546875 958.032531738281 960.430969238281 963.851196289062 959.046447753906 952.695739746094 952.297607421875 958.822631835938 961.025268554688 967.819152832031 963.938293457031 963.109924316406 967.102111816406 964.447631835938 952.036193847656 952.32763671875 950.159790039062 948.60205078125 948.770141601562 944.702697753906 937.770874023438 933.813354492188 942.853820800781 958.73779296875 971.837097167969 985.869140625 994.344116210938 995.860107421875 1004.26031494141 1006.65783691406 1002.66583251953 1011.0087890625 1006.84429931641 1000.35260009766 978.0947265625 971.743103027344 963.968444824219 955.532104492188 952.802368164062 947.076538085938 937.996826171875 922.391723632812
979.216552734375 972.057495117188 966.553649902344 968.5068359375 959.154418945312 955.687561035156 966.069641113281 964.03515625 961.629150390625 964.556213378906 960.184326171875 962.775207519531 971.888610839844 969.788391113281 975.423950195312 976.630310058594 968.400573730469 975.634033203125 962.622314453125 963.760437011719 959.767333984375 960.479553222656 945.724182128906 946.724914550781 944.262573242188 942.800354003906 948.200134277344 967.862182617188 977.847595214844 987.149169921875 991.787475585938 997.768920898438 1003.00524902344 1017.30773925781 1017.43695068359 1014.6669921875 1015.19665527344 1005.16552734375 982.649719238281 970.074401855469 965.006896972656 953.205078125 949.800048828125 942.504272460938 939.910034179688 921.562683105469
984.753479003906 977.470520019531 970.665344238281 974.079895019531 976.986267089844 975.394897460938 973.44384765625 979.193786621094 980.450378417969 979.708435058594 979.517150878906 981.483642578125 989.984436035156 988.992492675781 992.404663085938 984.799499511719 981.1962890625 974.234008789062 967.907592773438 964.714599609375 962.72607421875 963.672241210938 957.942260742188 956.602783203125 953.654541015625 948.217956542969 961.738952636719 972.101440429688 974.914855957031 985.289489746094 995.092956542969 1007.57849121094 1007.80651855469 1015.74438476562 1025.29284667969 1022.37213134766 1019.73712158203 1001.85571289062 979.390258789062 970.268188476562 960.842712402344 955.502258300781 953.226745605469 944.426147460938 933.630615234375 921.009704589844
998.562927246094 989.149658203125 983.490112304688 983.09375 985.984252929688 984.266174316406 985.056518554688 992.822875976562 992.126037597656 993.928955078125 992.892761230469 993.695251464844 1007.46136474609 998.423706054688 992.939453125 1006.14697265625 987.814453125 979.685791015625 962.668823242188 969.348266601562 975.642700195312 981.47412109375 969.987854003906 962.400024414062 964.693298339844 962.97705078125 974.665161132812 976.245361328125 974.130981445312 986.516784667969 1001.8740234375 1024.41735839844 1018.92486572266 1020.68627929688 1021.40167236328 1019.86151123047 1004.78881835938 997.245300292969 982.924194335938 970.147338867188 956.286254882812 948.725036621094 940.150634765625 931.44091796875 924.857727050781 924.552978515625
1000.71813964844 998.783386230469 996.98291015625 995.067138671875 999.23291015625 1005.41058349609 996.395874023438 994.768310546875 995.558532714844 993 993.385498046875 1011.69073486328 1004.07080078125 1000.58020019531 1000.64086914062 1005.47033691406 989.133056640625 980.306701660156 970.097351074219 976.260131835938 981.890686035156 977.206237792969 981.293762207031 970.414916992188 965.934387207031 970.214721679688 980.409362792969 982.169738769531 991.47900390625 1001.41778564453 1008.73767089844 1017.72326660156 1029.39807128906 1025.26623535156 1023.71716308594 1017.30792236328 1008.11895751953 997.654174804688 982.531372070312 973.744750976562 961.142761230469 949.85791015625 947.774963378906 932.1201171875 922.944091796875 919.681213378906
1020.9326171875 1013.07836914062 1003.7197265625 1003.46435546875 1000.98266601562 1001.49700927734 1005.38000488281 985.985412597656 991.638244628906 997.235900878906 1005.16003417969 1011.7958984375 1006.98718261719 1011.40960693359 1006.64233398438 1009.63635253906 1004.62591552734 989.195068359375 983.5341796875 981.959350585938 986.325012207031 985.794555664062 982.924621582031 979.832946777344 983.615051269531 974.325988769531 991.127136230469 997.353820800781 996.359680175781 1005.67065429688 1002.80108642578 1011.46655273438 1026.17077636719 1028.91271972656 1022.58227539062 1016.17224121094 1006.74542236328 996.40673828125 986.214294433594 978.387817382812 970.388122558594 955.463256835938 945.462951660156 940.4755859375 926.106384277344 927.153076171875
1010.85571289062 1011.34564208984 1007.51104736328 1010.95587158203 1014.50311279297 1009.07464599609 1010.4140625 999.085205078125 997.133422851562 1001.74353027344 1015.67883300781 1016.38122558594 1018.24176025391 1017.1611328125 1022.185546875 1000.73132324219 1005.70465087891 991.470153808594 995.559509277344 995.198669433594 1004.09582519531 997.718139648438 988.175842285156 994.232055664062 986.187072753906 983.937377929688 990.976440429688 998.164428710938 997.947265625 997.368286132812 992.080078125 1013.5830078125 1028.93200683594 1030.93408203125 1029.24719238281 1014.13269042969 1011.67596435547 1001.36254882812 987.465454101562 981.582885742188 968.312927246094 965.684326171875 954.490173339844 940.489624023438 927.999450683594 936.107849121094
1004.75946044922 1017.37902832031 1011.46221923828 1013.58062744141 1002.15875244141 1005.21350097656 1009.15106201172 997.916625976562 999.910034179688 1004.85882568359 1011.00860595703 1023.99200439453 1020.27178955078 1015.03277587891 1021.30493164062 1008.45550537109 1003.35485839844 998.454162597656 998.109497070312 1000.91247558594 1003.2294921875 996.139770507812 992.2080078125 993.444946289062 988.635375976562 983.669921875 998.981506347656 1003.65447998047 1005.92291259766 1004.57421875 1012.17309570312 1017.13134765625 1025.78112792969 1034.55981445312 1024.87658691406 1017.6083984375 1019.15417480469 1004.93933105469 991.027526855469 977.563903808594 975.073303222656 966.925109863281 963.389099121094 950.335327148438 938.534729003906 937.941345214844
1002.01440429688 1011.78839111328 1006.97314453125 1009.79229736328 1003.73345947266 1005.36608886719 1008.61047363281 1013.69470214844 1015.26416015625 1014.93298339844 1016.43786621094 1011.44073486328 1021.31005859375 1018.65661621094 1014.1171875 1013.20697021484 1007.73980712891 1010.51068115234 1008.80065917969 1007.04577636719 1003.92797851562 1000.75659179688 999.637512207031 994.89599609375 995.346435546875 993.479675292969 1000.86395263672 1008.74035644531 1011.33270263672 1013.31817626953 1009.65289306641 1026.44665527344 1034.0234375 1031.91357421875 1030.50903320312 1024.26318359375 1017.75451660156 1002.50653076172 996.687561035156 978.279846191406 977.794555664062 972.40283203125 966.524536132812 948.027770996094 936.456176757812 939.741577148438
1002.40606689453 1005.96051025391 1005.33117675781 997.577331542969 1003.26904296875 1007.08740234375 1004.65228271484 1006.59753417969 1009.60717773438 1017.39251708984 1012.59442138672 1019.27947998047 1026.49536132812 1018.04168701172 1020.21008300781 1017.51727294922 1011.70819091797 1013.45288085938 1016.76275634766 1012.63482666016 1002.47943115234 1000.15307617188 1005.98791503906 1001.61358642578 1000.01470947266 996.728637695312 1003.00170898438 1015.11297607422 1013.56396484375 1023.04718017578 1027.05725097656 1024.72473144531 1032.06384277344 1037.39538574219 1033.64709472656 1019.65661621094 1019.82220458984 1003.20416259766 1000.58782958984 984.453796386719 973.199401855469 964.567016601562 958.928466796875 952.271423339844 945.513732910156 941.338439941406
1003.87969970703 998.110290527344 1002.07037353516 1007.80706787109 1000.33947753906 1001.54461669922 1001.47277832031 1004.37329101562 1005.88482666016 1007.94030761719 1006.36962890625 1013.79010009766 1020.81481933594 1019.59497070312 1020.04577636719 1023.57629394531 1022.16986083984 1017.15093994141 1016.94885253906 1020.19580078125 1011.54449462891 1003.52087402344 1004.20678710938 996.510192871094 994.499389648438 999.08056640625 1004.53729248047 1019.27099609375 1022.39074707031 1028.57348632812 1032.56970214844 1026.4482421875 1032.81457519531 1031.00085449219 1028.46423339844 1024.84130859375 1023.04138183594 1015.18621826172 1006.40649414062 994.877502441406 976.380981445312 968.930847167969 962.1953125 957.592102050781 952.356628417969 930.90087890625
1012.40618896484 1000.419921875 1001.22863769531 1006.55804443359 999.547424316406 998.96826171875 1002.818359375 1009.13983154297 996.734252929688 999.225830078125 1009.01452636719 1005.42785644531 1012.49694824219 1017.11877441406 1019.66223144531 1020.63000488281 1024.15075683594 1024.94128417969 1021.30944824219 1026.29248046875 1021.86730957031 1010.58013916016 1000.45233154297 995.719482421875 1001.99371337891 1008.90277099609 1008.46203613281 1015.36608886719 1024.67749023438 1031.36828613281 1037.53442382812 1032.0185546875 1027.27844238281 1031.86181640625 1030.79174804688 1024.51708984375 1025.51110839844 1017.53454589844 1010.89990234375 998.587646484375 990.916870117188 984.632873535156 964.410766601562 956.477355957031 949.590942382812 931.392578125
1009.14703369141 1008.63903808594 1011.79547119141 1000.87707519531 998.308044433594 998.495666503906 999.539733886719 1003.53662109375 994.977172851562 997.034912109375 1006.35736083984 1003.26812744141 1001.8173828125 1013.05126953125 1021.39978027344 1022.26623535156 1021.63256835938 1027.48071289062 1023.77374267578 1027.80505371094 1028.46337890625 1013.05529785156 1003.81805419922 1001.34167480469 1011.40185546875 1011.33013916016 1006.75390625 1013.01702880859 1029.49096679688 1033.82983398438 1034.9853515625 1031.82556152344 1041.01916503906 1039.86364746094 1025.78271484375 1023.09350585938 1022.55676269531 1026.97961425781 1023.22882080078 1004.80010986328 1001.16638183594 989.11767578125 975.580810546875 967.371154785156 948.460021972656 948.525207519531
998.659729003906 1006.42669677734 1004.84661865234 999.725952148438 996.55712890625 1001.62353515625 997.206665039062 989.030578613281 988.537109375 996.244079589844 1008.44085693359 1010.83648681641 1010.45367431641 1013.92669677734 1024.17431640625 1018.26940917969 1021.93322753906 1019.88055419922 1027.16931152344 1038.16967773438 1020.54351806641 1015.1630859375 1007.28747558594 1005.58294677734 1010.57897949219 1009.07196044922 1009.64947509766 1016.64526367188 1031.60717773438 1030.27172851562 1033.18969726562 1025.47839355469 1034.15625 1036.81616210938 1031.36413574219 1021.27813720703 1027.19250488281 1025.82348632812 1023.38177490234 1013.28143310547 1003.78228759766 1003.34942626953 979.06103515625 968.046020507812 966.089233398438 957.748657226562
998.482116699219 997.998657226562 1004.69000244141 1009.57891845703 995.081115722656 999.337097167969 1003.87432861328 987.888061523438 992.545593261719 996.444946289062 997.987976074219 1006.87445068359 1016.82000732422 1020.99688720703 1021.21105957031 1024.69458007812 1020.56762695312 1027.88049316406 1018.78009033203 1024.38977050781 1026.64147949219 1022.34588623047 1018.08880615234 1006.46520996094 1008.57916259766 1023.15167236328 1021.62774658203 1024.49182128906 1018.64654541016 1018.48370361328 1023.81903076172 1023.5009765625 1033.12512207031 1038.83728027344 1030.50305175781 1022.12365722656 1031.38854980469 1023.83447265625 1014.70104980469 1007.26843261719 1004.31109619141 999.203857421875 990.286743164062 984.386596679688 987.682006835938 981.487609863281
1003.41888427734 995.405395507812 1000.59429931641 994.605346679688 995.337219238281 1001.16900634766 1004.44665527344 1000.23254394531 993.096557617188 994.517333984375 1000.99078369141 1012.140625 1020.36206054688 1020.86682128906 1029.26489257812 1027.87939453125 1028.55224609375 1028.17932128906 1024.43420410156 1028.67102050781 1028.52941894531 1028.8076171875 1027.63500976562 1006.89019775391 1014.97784423828 1022.59533691406 1030.48779296875 1028.18798828125 1027.23315429688 1028.71118164062 1022.18151855469 1020.39562988281 1031.21533203125 1033.91284179688 1031.09216308594 1031.88684082031 1026.68872070312 1022.58581542969 1005.65747070312 998.132080078125 1003.65704345703 1002.58197021484 996.774719238281 992.962219238281 998.811767578125 998.152221679688
