data/zlatibor_dem_simulations/DEMsim54.asc
NCOLS 150
NROWS 100
XLLCORNER 7394249
YLLCORNER 4841999
CELLSIZE 30
NODATA_VALUE -9999
[rows 60 to 79 of 100, columns 0 to 45 of 150]
968.924133300781 961.274291992188 964.479248046875 960.563842773438 965.166259765625 974.241149902344 973.2841796875 981.050842285156 967.920471191406 979.131286621094 966.241882324219 960.3291015625 966.321533203125 964.019592285156 960.9345703125 960.531372070312 960.234558105469 960.188842773438 961.018676757812 961.202575683594 953.906982421875 937.511169433594 940.684753417969 948.655395507812 947.144714355469 950.329284667969 953.272277832031 955.381530761719 945.059692382812 946.285095214844 945.7998046875 949.188171386719 948.713684082031 951.366088867188 945.898864746094 953.580261230469 955.5615234375 947.323852539062 945.914733886719 951.714599609375 955.40087890625 947.202270507812 955.232666015625 952.928283691406 953.81494140625 950.908020019531
971.627807617188 963.26416015625 964.68798828125 961.476867675781 958.885437011719 964.82373046875 969.694458007812 968.677307128906 973.371643066406 976.772338867188 972.556579589844 956.5634765625 962.218811035156 965.496398925781 959.099792480469 949.428039550781 953.934204101562 955.651489257812 961.080688476562 955.197998046875 949.363342285156 936.979858398438 939.446105957031 944.048828125 948.287780761719 945.13232421875 955.435607910156 954.063415527344 947.132629394531 950.845336914062 948.638000488281 947.864868164062 952.136291503906 943.323120117188 946.719116210938 957.250427246094 950.326721191406 950.837036132812 943.801818847656 953.149597167969 960.271911621094 952.236022949219 951.5830078125 957.474975585938 957.856384277344 953.25439453125
967.682983398438 959.184875488281 951.919250488281 956.636169433594 959.615966796875 967.807556152344 967.921752929688 968.273071289062 972.439819335938 965.815002441406 960.86669921875 954.829040527344 959.038391113281 957.941345214844 954.955078125 950.15380859375 952.014099121094 950.092163085938 952.623413085938 950.819519042969 936.340148925781 940.559997558594 943.385803222656 939.34228515625 942.6669921875 940.831970214844 951.635192871094 951.833435058594 946.636962890625 947.202209472656 948.855407714844 944.449951171875 948.237487792969 948.536254882812 950.079956054688 948.729125976562 946.466064453125 951.692749023438 946.321716308594 950.257019042969 957.9228515625 949.912841796875 952.007934570312 945.07373046875 942.624206542969 956.721130371094
956.138732910156 953.196960449219 953.404418945312 956.733764648438 956.547180175781 967.555541992188 969.856628417969 966.868469238281 963.568359375 950.804870605469 945.756225585938 946.131225585938 945.516723632812 946.083190917969 949.38818359375 948.710388183594 950.04248046875 956.723876953125 955.047302246094 945.535339355469 944.215576171875 941.868286132812 941.165283203125 934.018493652344 939.349975585938 942.175048828125 947.249755859375 950.052490234375 954.905151367188 938.994384765625 933.542907714844 936.822937011719 945.499450683594 945.609008789062 951.447326660156 957.399963378906 952.881652832031 948.98388671875 938.863403320312 947.527709960938 946.777221679688 951.224182128906 954.17578125 938.007202148438 949.811218261719 958.008605957031
952.386169433594 951.148559570312 952.547546386719 953.815612792969 955.528564453125 962.198303222656 965.406494140625 973.86865234375 956.80029296875 947.798706054688 936.663146972656 941.971435546875 938.857727050781 945.513977050781 946.220031738281 944.358215332031 947.006896972656 943.044982910156 952.368469238281 948.906188964844 946.640930175781 944.761108398438 937.4775390625 937.37109375 943.35595703125 942.424377441406 948.799560546875 939.950988769531 944.276062011719 936.026062011719 938.312927246094 934.067565917969 937.966125488281 939.844665527344 949.945678710938 955.456420898438 958.686279296875 951.901123046875 950.5224609375 954.099060058594 961.0498046875 957.420349121094 945.195007324219 954.037719726562 947.736267089844 947.361389160156
947.218566894531 948.227355957031 950.793029785156 952.03271484375 952.831787109375 955.499816894531 963.813720703125 958.934448242188 950.103271484375 939.136962890625 938.389526367188 942.674621582031 936.289001464844 948.07861328125 944.677978515625 936.366760253906 942.234924316406 949.745056152344 945.379821777344 947.732849121094 940.975769042969 943.562255859375 940.203186035156 945.242858886719 951.981506347656 946.039123535156 949.759887695312 949.794189453125 951.929748535156 938.603088378906 940.065185546875 945.738037109375 938.342834472656 946.774353027344 951.684936523438 945.8642578125 953.03076171875 954.141906738281 956.787963867188 957.153686523438 960.720458984375 956.752502441406 949.914733886719 952.958618164062 954.366760253906 953.591674804688
949.662170410156 949.028076171875 951.461486816406 957.154663085938 949.379699707031 957.239196777344 951.688171386719 952.3994140625 944.215393066406 941.015808105469 944.358581542969 946.960571289062 943.950378417969 940.010925292969 943.110107421875 948.469482421875 946.061828613281 938.463256835938 945.637512207031 944.037170410156 938.191284179688 936.194885253906 947.080017089844 949.085327148438 948.541137695312 946.080505371094 947.344360351562 947.605773925781 949.970581054688 940.895141601562 945.599243164062 946.389404296875 951.127380371094 948.65625 953.077453613281 946.370849609375 950.796569824219 947.661010742188 960.176513671875 969.61669921875 957.130310058594 960.330139160156 955.968505859375 957.409973144531 950.397705078125 949.260131835938
953.957458496094 953.360900878906 945.569641113281 949.73486328125 951.890441894531 958.606262207031 954.168762207031 949.41162109375 950.095031738281 936.763854980469 935.474182128906 951.631896972656 947.8125 946.139038085938 956.5205078125 951.0126953125 949.084533691406 945.954467773438 943.986938476562 951.010437011719 952.086303710938 952.260192871094 956.134033203125 956.537536621094 956.88623046875 952.136596679688 959.610595703125 953.066711425781 951.981567382812 951.71923828125 955.816162109375 949.334228515625 957.255493164062 959.49072265625 949.915405273438 950.723022460938 967.23681640625 962.678161621094 960.340454101562 959.721862792969 956.576538085938 956.447326660156 957.558166503906 954.250915527344 954.720886230469 953.615173339844
957.118347167969 954.854553222656 948.993774414062 951.618835449219 953.282409667969 957.397644042969 951.396789550781 949.331970214844 942.307983398438 934.574096679688 947.320129394531 955.834777832031 949.973815917969 955.240478515625 960.530639648438 961.294860839844 961.035827636719 950.934448242188 953.266845703125 955.286682128906 950.522216796875 939.71728515625 949.931091308594 966.060668945312 956.493530273438 957.823425292969 957.198059082031 965.89453125 961.077087402344 957.587280273438 957.192260742188 951.42138671875 956.869445800781 953.68017578125 958.134826660156 966.753540039062 963.28759765625 967.980346679688 964.222839355469 956.406066894531 959.602783203125 962.381408691406 963.098327636719 967.025146484375 962.81787109375 963.771301269531
955.742370605469 957.384582519531 948.322875976562 944.250427246094 943.123718261719 941.492736816406 946.51123046875 939.60888671875 930.337646484375 937.742126464844 947.636047363281 953.973693847656 959.865844726562 963.740356445312 964.745910644531 968.13818359375 958.933715820312 957.520446777344 967.503967285156 961.126770019531 953.074401855469 953.471618652344 958.472412109375 962.251525878906 953.531677246094 963.058715820312 962.606384277344 967.901306152344 964.61669921875 962.359191894531 959.082275390625 947.836486816406 956.268981933594 958.000854492188 955.834411621094 957.787170410156 961.191040039062 964.030944824219 967.026306152344 960.32421875 967.733276367188 979.665649414062 970.696594238281 967.676147460938 971.642456054688 962.7001953125
952.192626953125 946.610534667969 946.194702148438 951.489135742188 939.471923828125 940.373046875 944.653686523438 932.817138671875 935.412231445312 936.429443359375 950.638305664062 953.869079589844 970.170104980469 972.656860351562 982.622131347656 971.402587890625 970.089294433594 967.243408203125 972.843811035156 968.215942382812 960.379943847656 964.073913574219 965.320983886719 961.467346191406 968.121032714844 960.924133300781 960.462097167969 961.446228027344 963.210632324219 958.633728027344 946.642639160156 953.990112304688 963.965148925781 962.195129394531 959.729370117188 963.429016113281 969.038635253906 966.703125 974.518432617188 974.761413574219 985.9765625 983.568603515625 974.799377441406 977.646606445312 975.196105957031 979.05224609375
950.361755371094 952.832824707031 949.552368164062 943.435302734375 937.595397949219 938.615234375 936.79541015625 937.110229492188 943.551513671875 939.084228515625 957.376159667969 963.080810546875 973.736328125 983.202819824219 984.706909179688 983.129089355469 983.990966796875 984.435974121094 982.9521484375 978.858947753906 975.837585449219 967.35009765625 964.986450195312 971.5126953125 964.786926269531 972.699890136719 959.657104492188 958.139221191406 962.850341796875 951.660522460938 948.236083984375 948.724243164062 963.021240234375 966.486083984375 972.567932128906 981.022827148438 979.553833007812 981.128662109375 986.177062988281 982.570983886719 987.10302734375 984.211791992188 974.173828125 977.854553222656 984.293151855469 982.028076171875
945.089538574219 941.995483398438 941.432922363281 931.733215332031 930.264709472656 931.878479003906 937.925109863281 933.435180664062 945.824645996094 947.381713867188 953.003479003906 965.159545898438 973.315490722656 984.775634765625 985.390502929688 982.955810546875 988.548645019531 987.8505859375 982.802856445312 980.177978515625 979.760681152344 962.624328613281 962.656677246094 974.129455566406 974.803039550781 977.516845703125 968.859008789062 969.084411621094 965.712829589844 958.144775390625 949.221984863281 949.52685546875 964.647399902344 967.987365722656 975.220031738281 977.989624023438 987.409423828125 987.703979492188 983.792236328125 982.453857421875 983.918823242188 982.511474609375 987.671020507812 976.389343261719 983.427490234375 991.251953125
941.471740722656 939.085021972656 934.221740722656 929.902770996094 926.509155273438 930.597778320312 933.238098144531 935.781555175781 943.306945800781 951.339111328125 962.137817382812 971.236022949219 977.301391601562 983.364318847656 987.683715820312 991.252807617188 979.649291992188 990.367980957031 984.222412109375 977.184204101562 976.808837890625 973.137329101562 972.425842285156 973.336975097656 972.281982421875 975.703308105469 974.906311035156 978.478637695312 972.952087402344 964.780700683594 964.144897460938 961.963623046875 969.148193359375 974.744384765625 980.078796386719 985.531066894531 981.018859863281 981.611022949219 983.807495117188 973.83544921875 984.905822753906 979.665283203125 990.205139160156 984.490600585938 986.685974121094 992.786926269531
938.0107421875 941.259643554688 932.865234375 932.941040039062 931.486022949219 932.702514648438 938.983947753906 937.811889648438 940.908935546875 955.963439941406 968.290405273438 977.44970703125 971.329162597656 977.083557128906 985.310363769531 983.474365234375 983.663513183594 980.180480957031 986.478454589844 987.574584960938 981.290771484375 979.695007324219 970.320495605469 966.415161132812 969.647521972656 978.623229980469 971.333312988281 979.118896484375 973.599060058594 968.904235839844 974.406127929688 974.906066894531 975.529968261719 977.919189453125 983.053588867188 984.255249023438 986.651245117188 979.315795898438 978.994018554688 976.954345703125 991.034301757812 985.494506835938 993.928100585938 983.079040527344 981.317443847656 994.53759765625
935.803955078125 937.951416015625 934.588256835938 932.144104003906 930.159301757812 935.18896484375 944.984985351562 944.179870605469 953.651611328125 958.231384277344 972.002197265625 971.272399902344 971.79248046875 972.006591796875 975.112609863281 971.643615722656 979.027648925781 975.946716308594 979.324279785156 985.75830078125 986.813415527344 979.655151367188 974.964965820312 969.287902832031 972.199768066406 976.250244140625 982.106079101562 978.868957519531 971.768005371094 975.599243164062 985.360534667969 984.979064941406 977.13720703125 994.398193359375 986.886474609375 991.597473144531 981.753967285156 982.354736328125 979.764526367188 988.856994628906 987.380065917969 985.765319824219 998.769775390625 995.554382324219 994.36572265625 997.953186035156
942.549438476562 935.409484863281 941.211242675781 936.537231445312 937.265197753906 936.965148925781 935.247985839844 944.001159667969 954.8349609375 956.436462402344 970.001159667969 968.057434082031 970.390014648438 977.959289550781 988.031005859375 984.020385742188 981.35302734375 981.935363769531 984.982971191406 989.051879882812 987.70068359375 991.968811035156 985.397766113281 984.200439453125 971.665710449219 980.213562011719 978.438903808594 976.97705078125 974.913024902344 975.702331542969 990.559509277344 986.369384765625 984.181274414062 992.448852539062 984.330078125 989.953247070312 986.400268554688 985.688537597656 983.607727050781 990.729248046875 995.203002929688 995.100524902344 1008.47729492188 1007.38427734375 1002.12561035156 1006.90124511719
940.578918457031 943.960144042969 939.322570800781 929.575439453125 934.008483886719 933.664367675781 928.458435058594 933.885559082031 948.152893066406 962.912719726562 965.844360351562 968.435668945312 964.520385742188 971.346374511719 980.213562011719 981.245483398438 978.2919921875 976.729553222656 983.334533691406 986.325927734375 991.252868652344 994.057495117188 990.81005859375 991.656066894531 987.692504882812 980.736999511719 983.774353027344 983.544006347656 979.331726074219 975.041687011719 984.973571777344 990.640014648438 980.530822753906 983.257385253906 990.34033203125 995.232666015625 991.225280761719 980.092468261719 994.231567382812 1000.66662597656 1000.92974853516 1003.99151611328 1011.560546875 1008.4990234375 1010.23901367188 1015.92681884766
944.508178710938 945.09033203125 941.405700683594 937.215576171875 935.075561523438 928.099609375 932.497680664062 938.271667480469 945.4560546875 960.53662109375 963.480834960938 961.110778808594 968.367797851562 965.575500488281 969.188354492188 977.080139160156 986.511169433594 970.258972167969 972.3408203125 976.99365234375 990.930297851562 994.857849121094 990.575500488281 992.144348144531 993.975219726562 985.198486328125 984.898315429688 984.315063476562 978.912719726562 971.227111816406 978.824096679688 989.53173828125 984.700866699219 985.942321777344 996.485229492188 991.689636230469 991.225830078125 982.036254882812 998.254699707031 998.584777832031 1005.34240722656 1008.97619628906 1012.99926757812 1008.02990722656 1015.52270507812 1020.60723876953
947.895568847656 946.45166015625 938.432922363281 931.073303222656 930.884521484375 935.949096679688 942.134643554688 945.204162597656 957.935485839844 959.174682617188 957.135559082031 959.236633300781 964.537536621094 971.310546875 966.450317382812 971.220825195312 975.112487792969 973.465026855469 972.218444824219 980.776123046875 991.639099121094 988.989135742188 991.759826660156 991.459350585938 989.822937011719 979.821838378906 980.441528320312 984.778198242188 983.3720703125 985.281433105469 984.605895996094 976.576232910156 988.35791015625 984.021484375 985.365295410156 977.413146972656 984.266967773438 991.451049804688 998.272888183594 999.081359863281 998.073364257812 1005.54180908203 1018.06292724609 1011.16430664062 1016.7900390625 1005.99395751953
