data/zlatibor_dem_simulations/DEMsim61.asc
NCOLS 150
NROWS 100
XLLCORNER 7394249
YLLCORNER 4841999
CELLSIZE 30
NODATA_VALUE -9999
[rows 40 to 59 of 100, columns 0 to 45 of 150]
956.525024414062 965.244201660156 965.618530273438 968.239135742188 971.321105957031 965.323913574219 965.45458984375 961.277648925781 971.766723632812 964.580749511719 970.859619140625 969.902526855469 971.141906738281 972.306701660156 974.742919921875 973.67626953125 968.500793457031 987.302612304688 980.304565429688 972.825622558594 983.893249511719 981.326599121094 975.694763183594 974.521240234375 976.919128417969 972.493469238281 976.995361328125 965.5537109375 965.821899414062 970.693908691406 976.987243652344 974.397216796875 976.844482421875 978.593627929688 978.722717285156 980.838439941406 976.281188964844 969.939392089844 970.82080078125 971.045715332031 980.265380859375 973.911376953125 980.703247070312 974.044128417969 964.955993652344 958.830200195312
956.593505859375 951.980346679688 957.698608398438 961.269226074219 967.507141113281 961.141540527344 948.158630371094 947.17626953125 961.361694335938 959.466674804688 968.850891113281 975.083068847656 970.281127929688 963.569458007812 968.94482421875 974.65576171875 981.255798339844 972.583557128906 977.387145996094 972.706665039062 971.551391601562 971.646606445312 964.8935546875 964.494018554688 968.888305664062 977.964782714844 982.786682128906 968.222717285156 961.27197265625 967.29248046875 985.915344238281 983.165161132812 973.228820800781 984.335998535156 981.36767578125 978.246032714844 980.015869140625 976.231201171875 974.373474121094 975.256408691406 972.295043945312 977.029968261719 972.897644042969 973.328796386719 965.901733398438 959.792236328125
946.51416015625 950.059814453125 950.4521484375 951.447265625 958.033386230469 955.880126953125 951.329833984375 943.927978515625 946.341125488281 956.888061523438 967.954284667969 966.88720703125 966.150024414062 973.815979003906 976.717468261719 980.125061035156 979.479370117188 974.811584472656 977.058227539062 977.980590820312 963.416687011719 961.02392578125 961.298583984375 961.665161132812 964.264099121094 969.017272949219 964.793701171875 966.216674804688 968.843078613281 970.4365234375 977.804565429688 980.39208984375 984.550476074219 975.363464355469 982.139099121094 977.549621582031 977.717407226562 976.376342773438 974.035400390625 976.176147460938 976.286804199219 969.778869628906 966.816589355469 975.711547851562 964.720581054688 965.474426269531
942.904174804688 939.292175292969 947.401550292969 949.04248046875 956.013488769531 954.440185546875 950.179748535156 954.20947265625 948.493774414062 962.772155761719 960.1640625 965.964599609375 968.687744140625 972.898986816406 975.409973144531 974.481872558594 978.810607910156 986.161499023438 986.434265136719 978.437927246094 971.777526855469 955.412536621094 948.736633300781 952.379638671875 958.225036621094 962.328491210938 962.270812988281 969.296020507812 969.872619628906 967.935791015625 978.286560058594 988.575134277344 977.6318359375 972.615600585938 973.932434082031 974.821655273438 977.071350097656 973.514709472656 976.996765136719 975.490417480469 977.917785644531 969.7138671875 966.60009765625 970.283203125 969.481201171875 969.632934570312
934.623657226562 937.317810058594 946.297546386719 952.991271972656 951.125061035156 957.119506835938 949.490295410156 947.786987304688 957.987976074219 967.847290039062 966.526184082031 956.7587890625 965.984375 972.526733398438 974.339904785156 980.881591796875 975.760498046875 975.542358398438 975.304870605469 971.1494140625 965.164978027344 963.286560058594 949.05810546875 947.083862304688 958.909301757812 964.186218261719 967.162536621094 979.949890136719 976.047485351562 976.886840820312 979.075622558594 978.698791503906 983.714782714844 967.336669921875 969.545166015625 970.877502441406 970.70849609375 970.069641113281 970.291809082031 977.954833984375 968.14697265625 975.326538085938 972.42822265625 970.635192871094 967.6357421875 970.58154296875
943.59912109375 936.0546875 957.977111816406 956.324157714844 952.648742675781 953.176696777344 949.352844238281 947.23779296875 957.290710449219 965.661376953125 959.471862792969 964.998046875 970.908447265625 972.683776855469 982.419006347656 982.329833984375 977.184997558594 972.417053222656 969.053649902344 961.341796875 956.950561523438 953.5712890625 958.502014160156 949.05126953125 956.264526367188 961.581665039062 977.012084960938 975.441955566406 976.450622558594 980.707641601562 979.343078613281 974.361999511719 980.83642578125 977.312072753906 971.616577148438 964.863708496094 969.291870117188 967.122436523438 967.125183105469 980.651916503906 969.679565429688 972.661865234375 966.904235839844 973.659851074219 971.785095214844 964.556396484375
938.776428222656 950.827331542969 951.540832519531 963.731628417969 958.901306152344 960.634765625 952.414489746094 955.288208007812 968.022155761719 972.63330078125 969.402282714844 969.003662109375 974.705383300781 977.89208984375 977.448669433594 973.844909667969 975.349731445312 972.707580566406 964.563720703125 960.252014160156 958.332763671875 949.071899414062 956.800170898438 952.983154296875 964.444702148438 968.077026367188 966.185974121094 968.632995605469 968.454040527344 965.985961914062 974.692565917969 972.273498535156 969.386962890625 970.262634277344 966.11962890625 963.109985351562 966.524108886719 970.244995117188 977.462524414062 973.023620605469 968.809020996094 971.277526855469 971.194641113281 966.503845214844 964.878234863281 965.168151855469
940.028991699219 941.513610839844 945.324829101562 960.555114746094 958.48876953125 966.001892089844 955.902587890625 953.762573242188 962.892639160156 971.808349609375 964.342346191406 967.566650390625 974.914367675781 976.281433105469 983.570190429688 977.874450683594 975.130920410156 978.271789550781 968.305969238281 960.147705078125 967.922912597656 959.345581054688 962.683959960938 955.615966796875 965.102416992188 967.030395507812 968.16845703125 973.461120605469 971.867736816406 967.7607421875 966.211120605469 959.110534667969 963.391784667969 966.619750976562 963.131958007812 958.663757324219 962.792175292969 975.004943847656 970.865356445312 969.264343261719 965.540466308594 969.492553710938 967.4716796875 966.944396972656 960.81005859375 963.9853515625
948.71728515625 960.880737304688 951.801391601562 966.020141601562 961.919555664062 959.711181640625 962.241333007812 958.993957519531 962.547546386719 964.682434082031 971.152160644531 964.301696777344 964.578735351562 974.893249511719 972.804870605469 970.425048828125 978.972534179688 980.537658691406 971.132019042969 972.80419921875 970.341491699219 965.067749023438 959.429748535156 965.299255371094 964.704406738281 963.650695800781 965.841552734375 972.953247070312 966.988464355469 965.788391113281 965.412170410156 964.244262695312 964.998718261719 970.765930175781 962.676147460938 966.153625488281 961.283081054688 968.38720703125 965.693237304688 960.216186523438 965.84326171875 961.113647460938 960.763244628906 961.346069335938 959.412841796875 955.228332519531
946.0595703125 959.351379394531 958.026000976562 968.675354003906 971.95263671875 975.335205078125 972.83203125 962.147827148438 961.360717773438 969.182495117188 966.592529296875 967.310241699219 970.127563476562 969.563171386719 965.228088378906 968.814331054688 969.692077636719 980.186157226562 980.8134765625 965.151245117188 968.600158691406 972.828430175781 967.162902832031 965 969.478454589844 968.745544433594 964.907653808594 963.884643554688 961.946105957031 973.640014648438 974.299194335938 972.736022949219 962.515319824219 969.628723144531 969.346496582031 966.48046875 960.496154785156 966.639038085938 965.848327636719 962.8154296875 964.488708496094 966.797485351562 956.660766601562 957.043762207031 959.97265625 964.072143554688
956.642944335938 964.192810058594 964.415100097656 971.919006347656 970.983581542969 963.781677246094 967.942077636719 965.516357421875 967.871276855469 972.005615234375 965.995483398438 967.364318847656 971.651245117188 971.283386230469 970.754760742188 973.510803222656 974.186401367188 979.657043457031 977.417724609375 965.757263183594 970.20654296875 967.489501953125 969.463256835938 970.072875976562 964.77392578125 957.404113769531 959.4619140625 964.522827148438 961.720764160156 965.3876953125 972.450805664062 968.488647460938 969.381042480469 970.572326660156 968.436645507812 971.167236328125 964.173034667969 963.312438964844 960.538146972656 967.77880859375 962.062072753906 959.862060546875 951.85595703125 962.104675292969 965.082336425781 964.163330078125
969.993225097656 977.065002441406 969.278381347656 966.562255859375 966.976745605469 959.861022949219 965.354309082031 974.691833496094 987.591979980469 982.261596679688 973.7197265625 963.256164550781 969.131164550781 978.582336425781 976.672973632812 974.353881835938 974.960632324219 976.100158691406 979.684143066406 970.714538574219 971.069641113281 966.814758300781 968.83447265625 960.335388183594 958.706787109375 964.283325195312 958.428283691406 964.517150878906 959.274841308594 967.818664550781 975.920349121094 974.958679199219 967.970397949219 980.598449707031 981.983764648438 979.917358398438 968.377563476562 965.461730957031 961.004455566406 966.032043457031 958.053344726562 952.502502441406 957.142028808594 957.512512207031 969.995422363281 966.508239746094
966.4169921875 971.877685546875 971.198364257812 968.9482421875 965.826232910156 968.409851074219 966.748107910156 977.442321777344 990.017944335938 984.003967285156 984.726501464844 972.959777832031 972.115417480469 976.618347167969 979.77880859375 978.757690429688 986.455505371094 988.736083984375 977.71923828125 969.4794921875 978.714111328125 971.460815429688 970.41015625 966.923156738281 967.966735839844 967.468688964844 963.122436523438 965.334411621094 973.369873046875 970.276977539062 969.991149902344 973.622802734375 976.18115234375 989.490844726562 975.856750488281 979.328735351562 975.147399902344 970.840148925781 961.858703613281 956.215637207031 948.11962890625 954.278259277344 953.456298828125 952.929809570312 959.591796875 963.614318847656
964.563720703125 967.39208984375 969.199523925781 967.129455566406 964.451782226562 976.76611328125 977.892822265625 976.215026855469 975.637145996094 978.534973144531 975.036804199219 967.917419433594 971.19482421875 976.303527832031 975.409851074219 982.200927734375 987.129516601562 977.443786621094 973.543273925781 970.979248046875 974.977111816406 968.870056152344 964.481750488281 966.227111816406 955.619384765625 963.285827636719 962.494079589844 962.761474609375 967.466186523438 968.073547363281 970.3203125 970.165771484375 968.591979980469 979.58837890625 975.065551757812 968.761169433594 964.970642089844 966.549194335938 961.099548339844 948.560119628906 946.6259765625 951.305725097656 962.3017578125 956.5 959.951049804688 966.326599121094
967.564636230469 969.670227050781 970.104797363281 974.536071777344 973.461059570312 970.473999023438 979.888549804688 976.861877441406 976.18115234375 970.398071289062 970.961608886719 970.992309570312 971.760009765625 976.518493652344 975.414611816406 977.492797851562 985.28662109375 977.361694335938 971.041076660156 976.125671386719 968.423767089844 965.983154296875 964.671936035156 960.366577148438 953.759033203125 949.0791015625 967.638305664062 967.925842285156 963.538757324219 962.904357910156 970.552307128906 958.183166503906 962.34375 968.841003417969 967.873046875 967.145141601562 963.9892578125 969.68701171875 964.6455078125 956.033935546875 949.251770019531 961.705932617188 968.744506835938 965.67431640625 959.216186523438 965.99658203125
973.982116699219 981.015869140625 979.568237304688 975.976257324219 976.321472167969 965.020263671875 974.97021484375 978.805969238281 974.908569335938 966.408203125 964.817810058594 963.783813476562 966.682800292969 972.089599609375 969.328857421875 970.730773925781 968.775512695312 965.871887207031 963.201049804688 959.603576660156 967.266784667969 962.075073242188 964.1796875 957.537841796875 957.6826171875 951.76513671875 955.50390625 962.591918945312 959.85400390625 963.812377929688 958.065979003906 955.565063476562 953.512329101562 966.4814453125 965.097290039062 966.730712890625 966.065612792969 962.369079589844 963.777099609375 955.404907226562 956.493041992188 951.695495605469 971.163146972656 966.27880859375 967.419128417969 962.9921875
974.345336914062 981.718872070312 974.097778320312 967.646789550781 979.042785644531 975.615051269531 969.562866210938 973.447509765625 967.90283203125 960.683898925781 957.638000488281 962.301330566406 966.061645507812 965.819030761719 968.792236328125 970.107238769531 971.393493652344 973.858703613281 973.049377441406 959.759582519531 963.116271972656 963.815490722656 959.611877441406 962.999694824219 959.130310058594 956.493957519531 954.070678710938 954.580444335938 954.897155761719 961.328979492188 954.6708984375 961.136413574219 956.387084960938 951.540283203125 961.124816894531 953.065185546875 958.850708007812 958.588928222656 960.412414550781 955.657470703125 953.505310058594 958.023498535156 963.413024902344 958.906433105469 961.809875488281 952.637390136719
969.982421875 967.424133300781 965.84033203125 972.266540527344 970.616943359375 969.153625488281 974.623107910156 971.343444824219 967.353454589844 963.081604003906 959.481140136719 960.2021484375 958.363952636719 957.620849609375 965.638549804688 970.372192382812 971.961303710938 982.813049316406 965.698364257812 968.006103515625 968.601989746094 962.493591308594 957.115112304688 953.351806640625 953.315734863281 953.253295898438 956.295654296875 949.635864257812 951.547485351562 962.80615234375 963.796264648438 956.651489257812 956.672119140625 951.062377929688 954.085388183594 950.174133300781 950.898620605469 954.76416015625 950.0576171875 951.049194335938 951.829162597656 952.173828125 959.823547363281 950.879455566406 954.89501953125 954.37646484375
959.669799804688 966.059265136719 970.684143066406 965.57275390625 970.411987304688 969.057983398438 973.965759277344 966.067993164062 965.915893554688 964.190124511719 966.044860839844 960.754516601562 958.153381347656 957.333312988281 963.463439941406 962.994018554688 964.043029785156 970.317993164062 972.062377929688 968.377258300781 958.203979492188 960.534729003906 956.399169921875 943.9150390625 958.587707519531 953.282653808594 951.962829589844 951.349792480469 945.39501953125 954.908264160156 960.622619628906 958.449035644531 954.50634765625 955.200927734375 962.535400390625 952.496276855469 943.173522949219 947.620178222656 952.674377441406 954.148559570312 947.127563476562 956.142028808594 953.560424804688 950.695190429688 955.030578613281 953.437072753906
967.336791992188 963.003845214844 964.972045898438 961.233459472656 966.771789550781 970.88623046875 970.470886230469 975.856567382812 970.044250488281 970.243957519531 963.812805175781 955.457153320312 949.0771484375 960.551574707031 957.539367675781 959.496337890625 964.869018554688 968.841735839844 970.449157714844 965.977233886719 958.802551269531 954.215026855469 950.718994140625 945.045349121094 945.437561035156 952.518676757812 949.791320800781 950.947998046875 956.882202148438 969.071716308594 965.521911621094 959.545654296875 958.705688476562 952.717956542969 953.640075683594 953.302917480469 944.758239746094 943.30712890625 951.793029785156 943.043212890625 956.048950195312 957.310241699219 955.397216796875 958.49169921875 959.9033203125 955.568969726562
