data/zlatibor_dem_simulations/DEMsim72.asc
NCOLS 150
NROWS 100
XLLCORNER 7394249
YLLCORNER 4841999
CELLSIZE 30
NODATA_VALUE -9999
[rows 20 to 39 of 100, columns 92 to 137 of 150]
994.552734375 994.700012207031 1001.69512939453 998.486022949219 997.024475097656 991.836303710938 987.49560546875 990.048522949219 990.840759277344 986.006408691406 992.115478515625 993.744018554688 989.652709960938 990.165588378906 989.629699707031 991.508728027344 977.533325195312 975.815612792969 967.254943847656 964.526184082031 948.154052734375 946.220153808594 936.727111816406 938.511962890625 939.838256835938 934.296508789062 940.568786621094 947.945922851562 971.049560546875 979.1962890625 978.659851074219 996.675537109375 1008.36901855469 1010.15020751953 1011.61419677734 1013.91009521484 1019.69134521484 1029.6552734375 1029.04748535156 1026.74426269531 1030.43981933594 1031.94616699219 1040.45849609375 1036.40258789062 1044.71557617188 1051.36865234375
1002.94537353516 1007.68634033203 1012.77569580078 1012.34045410156 1002.01104736328 996.85888671875 991.454711914062 992.619018554688 997.929931640625 1000.89282226562 998.821350097656 990.041687011719 988.182678222656 994.639099121094 986.692138671875 979.867248535156 975.48779296875 976.039733886719 960.586669921875 958.525512695312 951.618835449219 940.538024902344 935.070617675781 936.253051757812 947.133666992188 950.230102539062 950.443359375 957.11865234375 973.734741210938 982.635498046875 990.061706542969 1000.47497558594 1009.58502197266 1007.34124755859 1008.78833007812 1015.28997802734 1027.19030761719 1036.48669433594 1036.34655761719 1035.74157714844 1031.96252441406 1029.34777832031 1039.21362304688 1044.46044921875 1049.125 1055.99914550781
1024.19177246094 1023.13323974609 1031.33032226562 1025.68139648438 1016.71759033203 1010.25054931641 1000.05822753906 1003.03149414062 1002.96069335938 1005.13891601562 996.4619140625 996.0361328125 990.186340332031 993.442749023438 997.018981933594 986.11328125 983.556274414062 981.293090820312 963.640075683594 960.6904296875 951.841491699219 951.66259765625 945.843444824219 941.664978027344 949.887084960938 960.615417480469 960.326354980469 980.474304199219 990.858276367188 985.495056152344 991.827819824219 1002.07092285156 1010.85931396484 1014.24346923828 1017.37145996094 1020.34143066406 1032.05163574219 1038.04138183594 1036.22021484375 1032.22290039062 1038.21069335938 1036.90783691406 1046.14135742188 1043.30456542969 1049.35974121094 1065.05798339844
1019.63806152344 1025.82629394531 1037.28051757812 1030.48217773438 1019.02215576172 1013.41589355469 1006.60388183594 1014.07788085938 1008.24780273438 1011.57135009766 999.522033691406 995.333374023438 996.926635742188 1001.27105712891 1003.44116210938 1000.35406494141 995.221069335938 981.468017578125 968.841430664062 956.445922851562 954.458618164062 943.252807617188 944.553405761719 950.347595214844 952.350708007812 964.031982421875 964.789672851562 976.362487792969 991.323425292969 988.345336914062 995.429077148438 1010.93347167969 1020.40161132812 1022.08972167969 1027.71887207031 1026.73193359375 1038.04724121094 1040.93017578125 1036.79418945312 1030.62133789062 1035.30187988281 1051.45947265625 1048.0908203125 1051.23791503906 1050.68188476562 1060.61865234375
1019.24188232422 1025.19750976562 1026.56652832031 1034.80322265625 1028.99694824219 1015.15417480469 1012.07220458984 1015.73803710938 1009.07269287109 1011.76788330078 1001.56524658203 997.867309570312 1001.14361572266 1012.08032226562 1009.15203857422 1002.11437988281 993.884643554688 985.774658203125 974.357666015625 958.785339355469 950.151550292969 946.151672363281 952.371337890625 953.967712402344 954.468811035156 970.531188964844 974.685424804688 990.231079101562 995.569274902344 1010.15435791016 993.845275878906 1008.96405029297 1022.5205078125 1027.86254882812 1036.71435546875 1042.41845703125 1042.54748535156 1038.73071289062 1036.90698242188 1042.59497070312 1042.20483398438 1046.328125 1047.85229492188 1047.87805175781 1048.50390625 1059.57531738281
1022.06939697266 1016.60089111328 1023.45300292969 1025.306640625 1024.89880371094 1016.47729492188 1018.06726074219 1006.9716796875 1007.08331298828 1008.68475341797 1006.35852050781 1000.64709472656 1005.97943115234 1012.95928955078 1010.12823486328 1006.12609863281 999.261901855469 982.1201171875 973.407897949219 966.138427734375 961.007995605469 948.569702148438 943.699523925781 950.201293945312 955.864013671875 966.706848144531 977.332092285156 996.972778320312 1006.73779296875 1008.82635498047 1005.27465820312 1013.53680419922 1026.96618652344 1032.76708984375 1040.34313964844 1049.61901855469 1048.75341796875 1047.7431640625 1048.10632324219 1046.79443359375 1054.8759765625 1051.52136230469 1050.62731933594 1050.33935546875 1056.29431152344 1064.08068847656
1034.65063476562 1024.73095703125 1022.92510986328 1020.33325195312 1019.15631103516 1016.74548339844 1007.98083496094 1001.89312744141 1008.60601806641 1002.22827148438 1009.40924072266 1010.54223632812 1007.00024414062 1006.86322021484 1011.99371337891 1013.654296875 996.209533691406 986.166320800781 976.387878417969 961.727172851562 960.349548339844 947.149169921875 948.535583496094 950.249206542969 964.472961425781 966.8115234375 984.889770507812 1008.31817626953 1015.27563476562 1015.76348876953 1015.51995849609 1021.92834472656 1028.81652832031 1029.28662109375 1030.11340332031 1048.041015625 1054.87365722656 1048.60363769531 1055.04858398438 1056.98852539062 1066.86804199219 1063.36413574219 1052.56982421875 1041.64538574219 1045.76391601562 1053.13720703125
1024.73205566406 1028.96325683594 1028.63781738281 1031.82568359375 1022.42944335938 1010.380859375 1006.7109375 1007.99926757812 1005.03387451172 1003.16137695312 1003.46478271484 997.151428222656 1008.35559082031 1007.17260742188 1009.97845458984 1008.22601318359 1001.14959716797 984.653625488281 976.193786621094 965.678344726562 953.952575683594 952.062927246094 956.035095214844 952.250732421875 956.597351074219 963.43212890625 985.155883789062 1001.20758056641 1007.88708496094 1010.32269287109 1019.85461425781 1018.14807128906 1023.97900390625 1027.33081054688 1029.01086425781 1041.93359375 1045.06359863281 1045.31298828125 1053.70947265625 1057.14123535156 1052.98046875 1051.81188964844 1038.84533691406 1046.39758300781 1044.37670898438 1041.34936523438
1028.06689453125 1030.54809570312 1023.95104980469 1026.76000976562 1021.73815917969 1017.57641601562 1010.37847900391 1008.48919677734 1013.33892822266 1002.48071289062 992.4599609375 998.594970703125 1003.69891357422 1005.60864257812 1007.39782714844 1004.47839355469 997.375183105469 976.376220703125 972.574584960938 967.690979003906 957.955017089844 950.997131347656 939.114990234375 943.138732910156 949.994750976562 965.691345214844 981.577209472656 993.919006347656 1004.06134033203 1015.23999023438 1015.70043945312 1024.03918457031 1019.29449462891 1027.61779785156 1026.38940429688 1039.89624023438 1042.9140625 1052.04565429688 1058.82006835938 1058.25769042969 1051.64233398438 1051.88610839844 1041.61584472656 1043.75341796875 1044.046875 1032.99536132812
1021.68444824219 1022.54888916016 1025.931640625 1020.91833496094 1012.36206054688 1008.53051757812 1012.88262939453 1009.4912109375 995.094543457031 990.273315429688 993.556762695312 995.522094726562 1013.3115234375 1004.78942871094 1002.96551513672 1003.27770996094 996.7490234375 984.614196777344 970.981323242188 964.737426757812 946.685607910156 937.846069335938 937.173889160156 942.164001464844 946.561462402344 959.231994628906 976.344970703125 982.965881347656 996.627136230469 1004.86126708984 1011.38952636719 1018.01080322266 1022.67077636719 1030.58056640625 1031.39672851562 1037.73681640625 1044.87707519531 1047.63500976562 1051.98303222656 1042.51611328125 1037.65466308594 1042.98046875 1032.5615234375 1032.51611328125 1025.14892578125 1033.0810546875
1028.37744140625 1017.91809082031 1023.65057373047 1006.52154541016 1008.42388916016 1010.78051757812 1003.81970214844 1000.54382324219 992.877319335938 996.595764160156 999.821655273438 1000.44543457031 1018.44970703125 1008.60498046875 999.711486816406 1002.13696289062 993.193115234375 983.3115234375 966.664123535156 965.578552246094 948.92724609375 940.197082519531 937.720153808594 941.1484375 956.132507324219 959.679809570312 969.19775390625 984.794189453125 984.791320800781 992.231872558594 1005.11779785156 1011.37921142578 1023.77368164062 1028.29724121094 1032.12377929688 1040.71032714844 1041.60986328125 1039.32983398438 1035.34680175781 1037.42883300781 1035.36962890625 1037.15100097656 1029.20239257812 1022.22674560547 1022.45153808594 1029.33056640625
1021.23565673828 1020.21337890625 1019.66143798828 1010.50860595703 1011.66687011719 1002.05749511719 994.649597167969 987.117858886719 995.101501464844 1001.92767333984 997.098510742188 1001.80194091797 998.737548828125 994.944091796875 997.539794921875 993.982055664062 982.752502441406 973.233703613281 968.605529785156 963.298950195312 953.528930664062 949.764343261719 946.255676269531 949.698791503906 965.468566894531 960.713134765625 964.263549804688 970.274963378906 981.578796386719 987.557434082031 995.209411621094 1006.97332763672 1018.02893066406 1027.81091308594 1025.43823242188 1030.92309570312 1032.1298828125 1033.63891601562 1036.65051269531 1040.13781738281 1025.47570800781 1028.86901855469 1029.58898925781 1019.93188476562 1031.70922851562 1025.52307128906
1022.21008300781 1015.51458740234 1008.19555664062 1010.55511474609 1005.2421875 996.892761230469 987.776428222656 987.791198730469 994.235717773438 998.077514648438 999.327270507812 995.899841308594 997.7060546875 996.597106933594 996.698120117188 989.35107421875 988.526916503906 978.195373535156 980.411071777344 976.548950195312 970.111999511719 963.041931152344 964.545959472656 951.478332519531 955.783813476562 966.552429199219 971.97802734375 977.766296386719 975.895568847656 986.714050292969 995.54931640625 1008.10784912109 1013.99835205078 1023.16931152344 1025.56896972656 1024.64123535156 1024.55920410156 1015.89813232422 1021.51483154297 1019.64099121094 1021.67108154297 1025.63195800781 1015.00286865234 1020.72882080078 1025.00561523438 1027.37048339844
1015.18579101562 1008.52185058594 1011.01208496094 1003.04339599609 995.341796875 990.076477050781 987.711059570312 988.243957519531 983.462158203125 989.540893554688 999.426879882812 990.547241210938 999.529357910156 995.390075683594 987.983093261719 991.458862304688 984.027526855469 982.204711914062 982.820129394531 976.248779296875 976.132690429688 972.441467285156 971.454223632812 969.2548828125 964.601989746094 970.96875 979.111877441406 985.466369628906 980.169799804688 987.594116210938 1002.22351074219 1006.02880859375 1009.55871582031 1015.74987792969 1017.98254394531 1018.255859375 1011.27490234375 1000.70953369141 1011.34741210938 1011.53735351562 1024.80944824219 1021.55322265625 1017.66314697266 1016.72320556641 1018.77380371094 1020.279296875
1004.71044921875 1008.93792724609 996.705993652344 1005.24737548828 993.926818847656 994.717651367188 985.705322265625 977.890502929688 983.046264648438 992.9384765625 1004.09020996094 1001.93115234375 997.674926757812 996.401611328125 993.450866699219 997.73095703125 990.397583007812 989.605773925781 984.010620117188 987.07275390625 984.37255859375 977.809692382812 982.408508300781 970.0390625 967.884155273438 977.446350097656 979.66162109375 993.007629394531 991.667175292969 990.16015625 992.349304199219 1006.98590087891 1011.92584228516 1013.25756835938 1014.86273193359 1012.98999023438 1018.21630859375 1006.44549560547 1011.00866699219 1014.57623291016 1013.88909912109 1018.783203125 1017.41918945312 1015.15588378906 1024.9921875 1028.21948242188
1011.45660400391 1002.20330810547 995.613403320312 990.081665039062 991.279418945312 981.864074707031 981.670104980469 974.995178222656 983.669067382812 1000.39184570312 997.935668945312 998.063110351562 999.458312988281 987.815368652344 990.504943847656 997.909912109375 990.472595214844 990.770751953125 986.638366699219 983.29296875 985.847229003906 998.214050292969 993.759094238281 978.796813964844 980.240844726562 982.232238769531 978.475463867188 979.954772949219 993.195068359375 988.880065917969 1004.24139404297 1010.10430908203 1012.48040771484 1009.80700683594 1006.00750732422 1004.70092773438 1011.03582763672 1013.12310791016 1008.73944091797 1013.46215820312 1005.32269287109 1013.72521972656 1012.88494873047 1016.69860839844 1027.40637207031 1026.79809570312
1007.947265625 1001.88690185547 996.618774414062 991.861694335938 990.414794921875 981.50048828125 988.466857910156 987.488891601562 987.778564453125 989.6650390625 996.715637207031 995.740905761719 993.144592285156 989.198974609375 997.292846679688 992.807434082031 987.883911132812 988.493835449219 981.755676269531 994.436950683594 998.26611328125 995.670288085938 1000.06237792969 991.379577636719 989.675109863281 992.366149902344 979.75537109375 988.645263671875 991.407043457031 992.900207519531 1003.79638671875 1007.78717041016 1010.375 1003.36004638672 1002.64038085938 1004.74133300781 1010.43096923828 1014.85162353516 1014.02288818359 1010.66510009766 1010.50720214844 1011.76916503906 1009.57330322266 1023.67303466797 1030.99389648438 1033.08447265625
1005.5791015625 1004.57757568359 994.280151367188 1001.86779785156 997.434265136719 1001.51702880859 997.625671386719 990.762390136719 990.106323242188 987.896118164062 991.150085449219 997.647583007812 992.362365722656 992.023315429688 988.254150390625 986.737731933594 985.095825195312 991.331237792969 995.551147460938 996.033203125 992.186950683594 996.637878417969 1003.41998291016 1000.51593017578 987.006469726562 993.857116699219 992.275939941406 993.099060058594 988.913757324219 994.348999023438 999.994689941406 1002.09301757812 1004.89984130859 1002.71276855469 1010.92559814453 1001.21875 1013.81304931641 1011.43395996094 1011.90557861328 1009.93560791016 1011.38897705078 1028.44775390625 1018.84362792969 1024.58325195312 1023.80670166016 1036.59289550781
1002.39776611328 1000.95050048828 1004.20294189453 1008.50823974609 1007.57165527344 1002.98034667969 994.0146484375 982.353881835938 984.103637695312 985.225219726562 987.126220703125 991.372253417969 983.39208984375 992.321350097656 983.110900878906 979.654541015625 990.525085449219 991.209838867188 986.18896484375 993.465942382812 992.738647460938 996.985900878906 1009.16619873047 1004.75476074219 1000.18835449219 1003.09448242188 1000.39624023438 996.847717285156 988.822875976562 999.528076171875 997.86962890625 994.735412597656 1000.84887695312 1002.47430419922 1006.66931152344 1001.31677246094 1005.08441162109 1011.84155273438 1012.99548339844 1013.87921142578 1018.98858642578 1023.00567626953 1026.16845703125 1028.07629394531 1029.98217773438 1039.20910644531
989.346435546875 1005.08825683594 1005.10925292969 1009.44964599609 1004.25695800781 996.0166015625 995.575073242188 990.720886230469 987.101318359375 987.513427734375 987.272277832031 980.955383300781 977.721801757812 984.057495117188 976.760131835938 988.622192382812 991.316467285156 997.641235351562 993.008178710938 991.767028808594 995.709106445312 995.555480957031 1004.45001220703 1007.82000732422 1000.15588378906 991.436767578125 995.41455078125 1001.61096191406 987.983459472656 988.001525878906 995.027770996094 996.364624023438 985.568481445312 993.993469238281 1007.87518310547 1009.48248291016 1014.75299072266 1012.93420410156 1015.19006347656 1024.8564453125 1027.85290527344 1023.69970703125 1025.57250976562 1033.25427246094 1037.1552734375 1049.95446777344
