data/zlatibor_dem_simulations/DEMsim18.asc
NCOLS 150
NROWS 100
XLLCORNER 7394249
YLLCORNER 4841999
CELLSIZE 30
NODATA_VALUE -9999
[rows 40 to 59 of 100, columns 46 to 91 of 150]
967.935852050781 977.892456054688 969.770751953125 973.505737304688 973.130187988281 974.681640625 969.086486816406 968.179565429688 974.202758789062 977.597412109375 973.232849121094 972.670471191406 971.073486328125 963.123291015625 969.5009765625 974.338195800781 970.755249023438 971.206787109375 967.671020507812 966.128540039062 976.199096679688 981.314392089844 973.089782714844 966.509521484375 967.143188476562 967.251159667969 965.663330078125 961.077209472656 971.207214355469 975.891540527344 977.891174316406 984.912109375 988.217468261719 992.381530761719 992.857116699219 992.908996582031 986.491638183594 997.573852539062 997.697082519531 992.487060546875 997.819946289062 998.73095703125 1002.94378662109 993.43310546875 996.171630859375 992.774719238281
975.315551757812 982.990905761719 970.86669921875 977.148193359375 968.788879394531 966.316589355469 961.126098632812 964.287902832031 975.831665039062 977.95458984375 967.395812988281 967.899536132812 961.902709960938 970.208618164062 962.011779785156 967.950622558594 976.607971191406 968.201599121094 965.359191894531 963.81689453125 972.291320800781 982.476257324219 981.674499511719 979.685180664062 975.857604980469 966.844665527344 967.025024414062 961.580627441406 968.348083496094 980.943420410156 967.142333984375 981.883422851562 985.865478515625 981.748779296875 986.728149414062 986.20068359375 997.370056152344 997.598510742188 994.463195800781 986.532470703125 992.081726074219 993.478515625 998.573303222656 997.889587402344 989.436645507812 992.869323730469
967.117980957031 972.453369140625 973.026123046875 973.322814941406 971.627136230469 963.049499511719 968.458557128906 969.096923828125 970.389221191406 973.397277832031 964.200805664062 961.707946777344 968.973754882812 977.667846679688 980.904724121094 966.113708496094 967.914672851562 971.408264160156 968.894653320312 968.573608398438 975.8134765625 982.065551757812 983.313781738281 981.873779296875 973.880004882812 977.556396484375 971.311706542969 970.34619140625 972.932739257812 974.444946289062 969.855041503906 980.433776855469 984.038452148438 979.06298828125 979.498107910156 989.93212890625 983.025207519531 992.886901855469 987.344421386719 986.769165039062 984.493469238281 988.196960449219 993.415954589844 991.914978027344 991.87353515625 986.1884765625
971.741760253906 964.790466308594 972.783752441406 972.28466796875 970.778442382812 965.796264648438 966.588195800781 969.131103515625 968.942260742188 966.887756347656 969.565063476562 968.105590820312 965.168762207031 979.278930664062 974.9111328125 977.297424316406 970.555969238281 970.385803222656 970.74267578125 964.716979980469 981.705139160156 980.198425292969 984.649597167969 982.496826171875 976.887878417969 985.231140136719 974.964660644531 967.362731933594 971.685729980469 962.330444335938 966.317565917969 970.809997558594 975.0322265625 966.39794921875 977.719848632812 984.765808105469 987.969787597656 988.111999511719 985.711669921875 982.076538085938 984.13720703125 990.66259765625 993.151062011719 993.670593261719 991.090637207031 978.713928222656
965.264282226562 962.326721191406 972.748840332031 973.191284179688 970.522033691406 973.718444824219 971.151123046875 965.991943359375 965.435607910156 967.506408691406 968.738708496094 966.409240722656 973.568237304688 977.333618164062 977.396545410156 977.616516113281 980.387145996094 980.403930664062 981.195678710938 976.158081054688 978.461975097656 981.040344238281 985.175109863281 979.257507324219 980.668884277344 973.25537109375 975.980407714844 976.84326171875 962.0927734375 965.712158203125 961.746520996094 969.425231933594 963.599182128906 968.482727050781 977.07763671875 982.2060546875 987.297790527344 987.38037109375 985.615783691406 989.052062988281 990.381958007812 982.142456054688 985.5712890625 987.15576171875 990.565551757812 984.406677246094
955.288146972656 957.338562011719 963.338012695312 977.129150390625 971.725036621094 970.202880859375 967.86962890625 963.244262695312 968.168701171875 966.860290527344 975.438903808594 969.481201171875 976.66064453125 972.239379882812 975.967956542969 964.786315917969 974.386596679688 980.243408203125 975.049011230469 977.581970214844 976.028930664062 973.306213378906 975.302734375 973.348266601562 972.821166992188 973.953735351562 976.384826660156 972.397705078125 975.78271484375 967.74951171875 969.988586425781 978.444396972656 971.434143066406 971.171508789062 968.841003417969 980.095031738281 983.544311523438 980.888366699219 991.080688476562 987.258544921875 985.417236328125 976.587585449219 979.612976074219 982.424194335938 980.708129882812 987.852722167969
961.379089355469 959.458679199219 965.497009277344 966.978942871094 969.175170898438 968.361083984375 965.248779296875 969.187072753906 970.697509765625 968.873352050781 974.095458984375 977.112182617188 971.566650390625 970.843383789062 972.615478515625 965.395263671875 970.92236328125 980.024841308594 973.440734863281 965.5302734375 964.412719726562 966.069213867188 965.586975097656 968.224365234375 969.789367675781 971.999389648438 973.326293945312 982.307922363281 982.983276367188 969.09521484375 974.521057128906 971.2763671875 967.201354980469 969.362121582031 967.426696777344 971.852905273438 976.941040039062 980.959289550781 979.414794921875 976.57861328125 979.388610839844 973.028930664062 969.245300292969 972.874145507812 981.625610351562 987.26708984375
967.452331542969 975.027648925781 966.090515136719 970.995971679688 962.969787597656 970.017333984375 972.437744140625 971.902160644531 965.590148925781 969.990173339844 975.235717773438 974.078674316406 967.71484375 969.861145019531 974.28955078125 974.29345703125 976.403747558594 972.552978515625 978.825073242188 970.789367675781 968.380859375 963.147399902344 961.28173828125 975.626403808594 976.161560058594 966.376342773438 969.247436523438 977.785034179688 978.038879394531 965.771545410156 966.08544921875 970.156311035156 966.023559570312 965.469970703125 968.426086425781 968.253784179688 975.525207519531 978.054565429688 972.004638671875 972.452758789062 968.28662109375 972.853881835938 966.045654296875 974.673095703125 984.053588867188 973.761474609375
969.916564941406 979.029968261719 973.49462890625 963.671325683594 965.263427734375 965.348815917969 969.936828613281 968.719055175781 963.376525878906 967.678344726562 970.248718261719 971.386840820312 973.700439453125 967.2626953125 970.943115234375 969.517517089844 972.270690917969 971.609497070312 978.299255371094 969.517150878906 967.869567871094 977.864013671875 969.658508300781 977.062683105469 981.4306640625 973.416381835938 967.873718261719 974.390563964844 976.668762207031 971.504028320312 973.488159179688 975.942749023438 973.8466796875 966.676086425781 975.291625976562 974.973449707031 973.468200683594 973.656616210938 962.83544921875 963.938842773438 965.645812988281 980.883239746094 974.150695800781 959.648742675781 971.419067382812 961.934204101562
972.354797363281 974.448608398438 973.813232421875 968.705993652344 962.634643554688 968.623779296875 967.431518554688 967.955200195312 961.900695800781 960.876708984375 966.42822265625 966.297241210938 961.723999023438 962.525085449219 965.7431640625 969.649047851562 970.961120605469 965.150573730469 961.305541992188 965.537109375 959.47265625 965.8427734375 964.4853515625 969.847290039062 966.527526855469 969.145812988281 963.458068847656 975.743408203125 970.606750488281 977.155029296875 965.839782714844 982.379760742188 969.327270507812 970.576416015625 976.979675292969 980.970458984375 970.124938964844 965.860534667969 965.329895019531 973.742797851562 970.733154296875 978.518005371094 962.693298339844 967.468811035156 969.780883789062 969.147644042969
975.896179199219 973.006042480469 970.458984375 970.543395996094 968.152526855469 970.631225585938 965.099792480469 967.088195800781 959.788208007812 961.364624023438 960.571411132812 969.312316894531 967.681274414062 963.423828125 961.399780273438 969.790893554688 970.653869628906 966.452575683594 969.891357421875 969.2353515625 964.946411132812 960.750671386719 953.202941894531 963.156799316406 964.145629882812 959.376098632812 958.229248046875 970.259460449219 972.092712402344 960.486938476562 962.748779296875 965.186950683594 970.028198242188 973.68408203125 971.127807617188 967.649047851562 969.429626464844 967.563598632812 972.936218261719 969.804626464844 970.194213867188 968.604064941406 964.95654296875 965.795471191406 970.073852539062 967.384948730469
967.9619140625 960.585632324219 962.719299316406 961.916748046875 967.98974609375 961.469604492188 964.934143066406 959.978393554688 964.706970214844 964.917419433594 957.393859863281 961.084411621094 960.36962890625 962.447570800781 961.238037109375 962.727600097656 960.591613769531 967.597778320312 970.328979492188 971.281372070312 959.745788574219 957.507507324219 949.164978027344 951.793884277344 958.083374023438 956.527770996094 958.0078125 969.163269042969 967.959655761719 962.623291015625 959.168273925781 965.158630371094 968.529541015625 965.514221191406 961.102111816406 968.853759765625 967.681640625 967.402893066406 971.248962402344 969.029724121094 974.576843261719 974.078247070312 972.789428710938 970.392822265625 967.487060546875 968.116027832031
971.711608886719 959.322875976562 963.142639160156 952.303955078125 958.069152832031 959.615966796875 953.620239257812 951.107421875 963.727905273438 962.929870605469 959.065551757812 961.505310058594 958.290161132812 971.038696289062 968.201110839844 963.320678710938 956.823120117188 952.740966796875 961.051452636719 959.247680664062 956.781799316406 958.406677246094 955.901489257812 955.686706542969 961.5703125 962.21728515625 959.733093261719 965.193969726562 964.73193359375 966.370666503906 961.447082519531 959.130676269531 960.009826660156 959.378234863281 956.627624511719 960.882995605469 961.183898925781 967.155151367188 968.822509765625 975.807678222656 976.00439453125 962.407409667969 968.121459960938 973.292358398438 973.496704101562 972.001647949219
974.755920410156 966.245788574219 957.047485351562 953.800354003906 954.275451660156 956.883483886719 963.060729980469 962.562255859375 962.01220703125 948.812561035156 951.324951171875 957.362182617188 964.557861328125 965.069885253906 963.101806640625 959.136901855469 952.626403808594 950.615600585938 952.490478515625 949.161193847656 959.507507324219 964.720947265625 956.879516601562 949.679931640625 964.532836914062 969.885620117188 965.53759765625 961.59326171875 959.486145019531 955.428833007812 960.220031738281 958.447998046875 960.972106933594 964.705688476562 961.699768066406 960.129089355469 967.204895019531 971.7314453125 975.18310546875 970.124328613281 971.915771484375 965.861450195312 966.322204589844 965.01611328125 975.737731933594 969.546752929688
974.538391113281 972.218078613281 959.890808105469 955.844909667969 956.820983886719 957.197265625 960.258728027344 961.481323242188 965.688781738281 951.510192871094 955.959228515625 953.775451660156 953.058532714844 953.750305175781 955.982238769531 954.402770996094 951.96826171875 953.529357910156 960.262878417969 947.204956054688 955.402282714844 956.821105957031 953.60205078125 945.939636230469 956.118774414062 956.86328125 954.246948242188 954.601989746094 963.083251953125 965.646118164062 959.387084960938 957.801635742188 962.561218261719 975.4814453125 972.330139160156 961.191955566406 969.567565917969 973.878051757812 984.689514160156 979.63916015625 970.74755859375 964.357116699219 971.903869628906 969.718383789062 962.207092285156 970.446411132812
960.816101074219 967.627502441406 963.950439453125 957.31005859375 954.104553222656 956.213256835938 962.94580078125 953.955871582031 956.457824707031 956.383483886719 949.085144042969 956.049560546875 944.635498046875 942.667541503906 951.5654296875 952.264282226562 948.319458007812 954.45654296875 957.215393066406 955.736145019531 949.788146972656 949.814514160156 948.786437988281 945.480407714844 946.313781738281 947.66015625 947.831481933594 954.159851074219 957.416198730469 953.846069335938 950.606506347656 953.952758789062 963.428039550781 967.188720703125 962.723449707031 957.537841796875 966.184265136719 967.316467285156 975.467956542969 971.119018554688 966.701416015625 966.156494140625 969.629089355469 968.346618652344 970.603576660156 975.620178222656
953.02099609375 961.880493164062 958.274658203125 966.175109863281 958.6484375 949.795043945312 953.013305664062 950.803466796875 954.38671875 951.658874511719 944.523559570312 946.370422363281 946.8720703125 951.181945800781 953.522766113281 950.071655273438 953.168029785156 950.125610351562 955.888244628906 956.876159667969 954.470947265625 947.242736816406 958.577087402344 948.111267089844 949.971130371094 955.051391601562 951.247619628906 953.546203613281 954.058410644531 959.372009277344 962.495361328125 952.314392089844 960.476623535156 967.795471191406 964.264282226562 958.455505371094 966.826904296875 969.015625 965.127563476562 966.805358886719 958.799865722656 968.215270996094 971.677368164062 967.274780273438 964.397033691406 967.822082519531
953.679809570312 954.844177246094 958.670227050781 949.153503417969 950.900512695312 945.677001953125 951.668701171875 947.85498046875 947.322631835938 947.476684570312 951.130615234375 962.379455566406 956.194396972656 953.954711914062 955.930847167969 957.053344726562 959.401550292969 949.058898925781 956.642028808594 952.890563964844 960.213989257812 957.002990722656 960.505126953125 954.827392578125 955.531188964844 955.638977050781 955.630920410156 957.767211914062 956.313598632812 957.382751464844 953.260314941406 957.334106445312 961.068115234375 957.038940429688 957.456848144531 962.895751953125 978.843017578125 974.503356933594 966.661926269531 954.796630859375 962.666809082031 970.813415527344 979.41943359375 973.018981933594 968.385498046875 967.424743652344
954.736938476562 952.465270996094 954.444396972656 951.269775390625 952.729614257812 949.432556152344 950.503967285156 942.061157226562 952.825256347656 956.738891601562 953.741394042969 963.0595703125 961.780029296875 958.183227539062 956.432861328125 964.90625 955.928039550781 953.699401855469 960.809692382812 969.643188476562 955.1015625 968.330932617188 973.091613769531 961.249816894531 957.3232421875 960.931213378906 957.511169433594 965.164855957031 965.170959472656 962.229919433594 961.919067382812 960.882202148438 962.462280273438 959.508361816406 966.999084472656 966.773803710938 977.031494140625 978.217407226562 970.901916503906 960.868957519531 963.320495605469 969.749938964844 985.223937988281 981.722778320312 980.798095703125 980.482116699219
955.902954101562 952.112182617188 946.877014160156 951.735778808594 953.579956054688 953.193908691406 949.070556640625 944.903503417969 949.336242675781 950.874267578125 958.859985351562 967.293395996094 961.86279296875 956.935913085938 948.770080566406 960.656555175781 960.218994140625 957.327026367188 959.37890625 969.514465332031 966.237731933594 960.601013183594 969.053771972656 967.293029785156 965.352416992188 964.726318359375 963.611511230469 964.199829101562 957.582458496094 965.410095214844 967.06494140625 964.045166015625 972.382751464844 975.929931640625 971.298889160156 972.204162597656 967.380126953125 968.491333007812 969.733642578125 970.263793945312 962.748596191406 969.836791992188 978.307495117188 978.677307128906 975.858764648438 975.340759277344
