data/zlatibor_dem_simulations/DEMsim12.asc
NCOLS 150
NROWS 100
XLLCORNER 7394249
YLLCORNER 4841999
CELLSIZE 30
NODATA_VALUE -9999
[rows 60 to 79 of 100, columns 0 to 45 of 150]
968.640563964844 968.328674316406 973.528747558594 972.436157226562 971.449401855469 978.399780273438 967.460998535156 968.3125 965.651184082031 970.82080078125 969.801391601562 959.407653808594 949.947692871094 942.758422851562 945.535278320312 951.283752441406 953.222106933594 955.303039550781 954.630065917969 955.189025878906 952.878051757812 942.597778320312 944.777893066406 941.696350097656 945.621276855469 951.290283203125 955.270263671875 951.690124511719 957.416809082031 962.774658203125 960.578125 956.817504882812 959.993469238281 943.776123046875 945.191833496094 949.851928710938 943.4541015625 955.944274902344 954.830139160156 946.167053222656 940.936401367188 946.001159667969 945.114562988281 937.267639160156 944.989929199219 947.868103027344
972.13037109375 974.488647460938 968.928833007812 973.282104492188 975.631958007812 975.924011230469 973.070251464844 964.106323242188 965.889892578125 963.096008300781 960.617248535156 964.429809570312 953.650146484375 963.6171875 955.800476074219 954.2119140625 949.724731445312 952.157409667969 950.668518066406 955.057189941406 953.108276367188 947.575439453125 946.791198730469 945.160583496094 939.750183105469 938.854431152344 931.510620117188 945.322265625 952.766906738281 956.815490722656 960.168762207031 953.567626953125 956.999694824219 950.609741210938 948.789489746094 944.643859863281 948.364685058594 949.735412597656 942.171203613281 949.406311035156 947.306945800781 948.523315429688 942.762329101562 942.275024414062 947.85205078125 961.433898925781
968.948608398438 966.580139160156 962.742004394531 961.376281738281 962.834289550781 964.083557128906 959.37060546875 953.703186035156 957.278015136719 961.224182128906 959.876037597656 963.738525390625 952.891906738281 959.037963867188 953.5673828125 952.544555664062 952.546752929688 952.646179199219 938.705139160156 938.413208007812 943.49853515625 944.0029296875 946.783813476562 942.441955566406 937.555847167969 933.636047363281 929.004699707031 933.593078613281 949.872741699219 948.380615234375 948.536926269531 947.830322265625 948.733581542969 947.917297363281 944.796752929688 944.179931640625 949.440307617188 944.619506835938 937.323791503906 942.462341308594 946.376953125 953.058349609375 949.136108398438 944.8916015625 958.442260742188 957.179809570312
965.626159667969 961.822631835938 957.926391601562 955.579772949219 961.15576171875 974.187438964844 965.412658691406 951.458190917969 951.8828125 955.167297363281 955.304138183594 952.197326660156 949.776733398438 956.193908691406 952.941345214844 951.5703125 949.025756835938 954.413208007812 946.708068847656 940.175659179688 943.886474609375 950.426696777344 950.243591308594 945.554626464844 937.518005371094 940.253662109375 933.762512207031 942.726135253906 945.500793457031 958.656066894531 951.807373046875 954.295715332031 941.37890625 945.225463867188 950.030334472656 944.652038574219 940.222778320312 945.9365234375 948.502014160156 941.097412109375 943.895568847656 948.123657226562 951.719421386719 959.358947753906 959.661682128906 955.704223632812
959.728088378906 953.934326171875 955.11572265625 952.336303710938 962.886535644531 956.7060546875 957.851928710938 954.739929199219 958.166198730469 957.813049316406 950.6357421875 945.143615722656 936.580505371094 945.813354492188 944.990600585938 946.370239257812 939.265625 950.708618164062 946.286193847656 937.99169921875 943.594421386719 948.125854492188 949.692687988281 943.162475585938 941.2158203125 944.084350585938 938.791625976562 941.828857421875 946.05419921875 946.933349609375 949.7451171875 950.306091308594 943.409729003906 941.491638183594 949.28564453125 949.643798828125 948.497009277344 951.267761230469 955.468811035156 957.623718261719 956.85205078125 952.62841796875 952.127075195312 966.746398925781 959.611938476562 955.78857421875
961.161437988281 952.58544921875 953.225769042969 962.554138183594 955.126159667969 958.324035644531 952.419250488281 956.713134765625 948.467529296875 956.447204589844 945.16259765625 943.531188964844 945.34619140625 943.122680664062 947.80517578125 947.657165527344 944.251037597656 946.478149414062 943.973754882812 941.338439941406 942.718383789062 942.09033203125 956.007934570312 947.650390625 947.736145019531 949.14111328125 945.191772460938 949.636352539062 947.712707519531 956.534423828125 956.141784667969 942.837890625 942.257019042969 945.841796875 944.291015625 942.856506347656 942.36083984375 947.453735351562 960.492858886719 962.975280761719 960.474304199219 960.807678222656 963.749816894531 962.763854980469 956.875122070312 950.901672363281
956.902404785156 956.578857421875 954.482849121094 954.778625488281 947.658569335938 953.027526855469 954.7822265625 945.096374511719 945.401672363281 941.392028808594 942.052612304688 937.792602539062 941.351867675781 949.31103515625 950.358520507812 945.614868164062 946.670715332031 943.037353515625 942.620849609375 940.193359375 946.515747070312 946.686096191406 942.532470703125 943.710510253906 945.728454589844 950.416870117188 952.34423828125 948.094360351562 945.1240234375 956.133972167969 960.3134765625 947.705200195312 939.598388671875 941.425537109375 944.283020019531 947.254211425781 950.436462402344 949.62109375 957.825866699219 964.005187988281 958.511901855469 966.89501953125 965.001708984375 957.718200683594 956.347961425781 964.090515136719
957.439514160156 948.660827636719 951.330444335938 950.754028320312 948.072631835938 949.497802734375 954.976806640625 949.190979003906 938.098205566406 937.914367675781 946.020202636719 951.208190917969 944.414001464844 947.636474609375 949.862487792969 937.189331054688 949.841613769531 953.702941894531 943.896789550781 949.118225097656 956.247436523438 950.444030761719 952.862731933594 953.776428222656 959.396423339844 955.285827636719 950.7841796875 947.48193359375 941.635559082031 957.478210449219 954.490966796875 958.62353515625 942.970092773438 940.298522949219 947.981750488281 946.262329101562 958.618469238281 955.059936523438 954.857299804688 963.98388671875 959.66748046875 959.349853515625 963.882995605469 968.950866699219 963.460693359375 970.96923828125
952.449768066406 959.773315429688 945.887390136719 944.717529296875 946.884765625 947.587341308594 944.990356445312 944.08544921875 942.461730957031 943.324279785156 947.797729492188 951.180358886719 946.494079589844 959.880920410156 947.026550292969 947.137329101562 954.085571289062 958.446350097656 949.728759765625 967.036193847656 969.574340820312 952.864379882812 960.531066894531 965.407531738281 956.44091796875 967.185302734375 948.877868652344 946.657165527344 946.783386230469 955.387451171875 953.201965332031 951.576477050781 951.628173828125 944.676208496094 947.712524414062 955.612731933594 961.364135742188 951.831420898438 956.749267578125 957.550415039062 969.603942871094 970.207763671875 962.564758300781 965.218688964844 964.075805664062 972.521118164062
957.946655273438 955.884887695312 953.697082519531 950.445739746094 949.984191894531 943.802734375 943.458435058594 942.917846679688 944.678649902344 946.137756347656 947.345275878906 954.194030761719 963.112915039062 961.047790527344 959.031433105469 951.152160644531 949.993225097656 952.529113769531 963.426879882812 967.503601074219 972.490234375 961.953491210938 960.263366699219 959.994567871094 959.3935546875 961.130981445312 950.263366699219 953.312927246094 954.341430664062 951.627868652344 953.785034179688 962.339294433594 958.886047363281 952.595581054688 957.303894042969 961.1279296875 965.766662597656 962.357116699219 962.447509765625 966.113464355469 970.881530761719 972.491516113281 965.975830078125 965.9599609375 973.100952148438 970.075744628906
952.13916015625 949.711730957031 947.849365234375 947.787719726562 943.525939941406 943.736450195312 944.208862304688 931.673645019531 941.238403320312 948.2353515625 952.75537109375 962.799926757812 966.841186523438 965.056701660156 956.609436035156 956.140258789062 956.728576660156 957.276550292969 956.169128417969 968.552429199219 974.3671875 975.936767578125 969.91552734375 963.010559082031 958.309936523438 961.303161621094 962.484436035156 961.532836914062 967.82373046875 961.583190917969 969.949340820312 966.11669921875 963.19677734375 955.144165039062 956.789245605469 969.216674804688 966.665771484375 975.88232421875 963.421936035156 973.143737792969 963.098205566406 970.894104003906 974.639343261719 973.810791015625 977.43115234375 981.649963378906
943.536987304688 947.5419921875 940.128967285156 934.788024902344 942.647094726562 941.152709960938 942.00146484375 937.63818359375 939.169860839844 942.257507324219 955.086303710938 963.079040527344 966.085021972656 970.741638183594 965.801147460938 963.432434082031 969.269226074219 966.411315917969 964.066833496094 963.694030761719 972.088317871094 974.741943359375 979.543029785156 964.242614746094 966.518981933594 965.250732421875 960.069946289062 961.133850097656 961.94677734375 973.154479980469 971.796569824219 971.517272949219 961.875671386719 964.262268066406 968.927062988281 971.239501953125 980.777038574219 980.33837890625 972.663635253906 978.648986816406 976.656860351562 966.570739746094 970.680419921875 977.733947753906 979.447204589844 993.312133789062
936.727111816406 939.028076171875 939.589172363281 936.603515625 943.493713378906 938.456115722656 931.228210449219 942.232666015625 944.00634765625 944.717590332031 955.065185546875 968.037658691406 974.564453125 976.816711425781 966.582153320312 962.285034179688 969.948486328125 968.574462890625 966.843811035156 971.768493652344 969.868835449219 966.17138671875 967.596496582031 969.44677734375 972.267517089844 973.455444335938 973.326538085938 968.541198730469 970.842468261719 971.368347167969 971.051025390625 969.018005371094 974.589660644531 971.316101074219 974.293151855469 969.218200683594 968.111267089844 982.502075195312 972.929504394531 979.967895507812 988.349487304688 970.809509277344 973.634155273438 983.786987304688 996.363464355469 991.489074707031
939.34326171875 940.601135253906 932.958679199219 936.905395507812 944.133911132812 940.537292480469 941.470703125 946.111145019531 947.840087890625 946.09765625 956.569702148438 972.537231445312 976.682983398438 975.427917480469 968.600158691406 956.217590332031 965.904052734375 971.855651855469 964.084533691406 964.724975585938 965.991088867188 968.595031738281 967.701538085938 976.644836425781 970.859008789062 972.09912109375 975.526245117188 969.299682617188 970.681396484375 973.995239257812 971.565124511719 975.235961914062 975.974365234375 972.381286621094 972.716857910156 973.058349609375 974.354919433594 973.285583496094 978.226623535156 980.076232910156 982.933349609375 985.311401367188 989.047973632812 995.082275390625 1002.41809082031 998.151245117188
936.303894042969 934.923217773438 932.895935058594 936.0927734375 943.09423828125 936.653991699219 939.499145507812 947.279479980469 953.969421386719 950.630004882812 951.648315429688 971.800170898438 981.292175292969 981.124877929688 977.063171386719 959.313293457031 963.291015625 969.327880859375 962.502685546875 966.271484375 973.61279296875 973.255737304688 975.5517578125 979.721618652344 973.794677734375 973.053344726562 977.830810546875 970.677062988281 965.308715820312 976.087585449219 975.945129394531 984.592102050781 975.747802734375 966.180480957031 966.244812011719 976.1259765625 974.224487304688 972.73681640625 979.181518554688 978.44482421875 981.186889648438 980.673400878906 996.142578125 993.777160644531 998.529541015625 1012.56042480469
937.859069824219 942.4990234375 943.748840332031 935.88232421875 937.647094726562 937.265686035156 943.160339355469 935.167663574219 944.049560546875 953.018676757812 958.507141113281 967.278259277344 973.772583007812 969.426818847656 977.840087890625 974.606079101562 967.907470703125 968.7822265625 964.583374023438 966.996948242188 978.746337890625 979.756591796875 989.752136230469 987.127136230469 978.800048828125 975.518676757812 981.219848632812 967.798522949219 971.146911621094 975.200622558594 987.493957519531 989.781494140625 978.973449707031 978.518188476562 972.16845703125 979.876708984375 982.28076171875 982.410522460938 970.85009765625 979.845581054688 979.728393554688 989.624572753906 998.412048339844 1000.97735595703 1008.81243896484 1013.74096679688
936.812072753906 939.18896484375 931.418029785156 931.746337890625 937.932739257812 941.597717285156 936.7958984375 946.41064453125 953.147644042969 947.226257324219 958.377746582031 969.950378417969 966.325256347656 976.937377929688 976.6484375 969.767456054688 974.985168457031 965.709106445312 967.614196777344 973.236633300781 986.774658203125 987.463317871094 992.034912109375 991.074890136719 984.975646972656 985.829040527344 992.124328613281 977.909057617188 973.301086425781 978.556274414062 988.00341796875 990.899291992188 974.835205078125 978.391540527344 974.716125488281 981.970581054688 982.849853515625 979.090148925781 972.074951171875 980.161254882812 987.968078613281 995.176330566406 994.66259765625 1006.51300048828 1009.25012207031 1020.74755859375
937.522583007812 937.999633789062 933.853210449219 934.692077636719 939.501708984375 936.546997070312 942.950378417969 944.279418945312 949.182678222656 953.322937011719 955.758544921875 968.048706054688 968.806091308594 979.089172363281 986.203186035156 979.057067871094 970.456237792969 968.749145507812 969.026672363281 971.471801757812 983.016662597656 995.021179199219 989.53076171875 995.807678222656 992.460693359375 989.315551757812 987.744934082031 985.530578613281 979.664489746094 983.475891113281 987.046997070312 991.018005371094 983.6259765625 983.228759765625 974.452941894531 970.073852539062 976.631591796875 971.471557617188 974.847961425781 977.787536621094 988.8701171875 993.854858398438 1005.82458496094 1006.18719482422 1009.70007324219 1017.66394042969
937.688049316406 944.678833007812 933.171691894531 937.039978027344 932.837219238281 935.017578125 936.523498535156 942.556457519531 954.656494140625 954.569152832031 955.241760253906 956.692504882812 965.0703125 972.30126953125 980.621459960938 980.905517578125 972.593322753906 976.963562011719 964.271545410156 971.257690429688 983.132690429688 990.705078125 994.42041015625 993.303649902344 991.118713378906 988.958374023438 991.914306640625 985.272155761719 981.816345214844 977.25927734375 980.019592285156 988.891906738281 980.901428222656 982.649658203125 974.468627929688 976.757690429688 971.974670410156 972.203308105469 980.837585449219 987.793212890625 989.681274414062 992.500427246094 997.569213867188 1006.78979492188 1007.89178466797 1016.41925048828
947.188842773438 946.600646972656 935.716796875 930.836303710938 937.8564453125 934.783996582031 934.83984375 941.970153808594 952.379760742188 959.15673828125 956.3193359375 956.368286132812 961.373229980469 965.969116210938 993.7119140625 991.96826171875 975.700134277344 985.639587402344 980.314575195312 967.259948730469 984.275939941406 988.289489746094 983.186462402344 989.599182128906 982.384521484375 989.348693847656 986.537780761719 988.930969238281 993.366821289062 984.543579101562 981.190307617188 979.2119140625 989.250732421875 985.011840820312 985.435546875 988.695007324219 982.755615234375 978.555969238281 984.851318359375 985.96630859375 980.985961914062 988.428894042969 997.191528320312 1004.70935058594 1009.04089355469 1006.16253662109
