data/zlatibor_dem_simulations/DEMsim90.asc
NCOLS 150
NROWS 100
XLLCORNER 7394249
YLLCORNER 4841999
CELLSIZE 30
NODATA_VALUE -9999
[rows 80 to 99 of 100, columns 92 to 137 of 150]
987.572204589844 984.262817382812 983.875671386719 993.850524902344 995.178161621094 996.423645019531 998.798767089844 1002.76477050781 1003.00604248047 1001.30065917969 1011.11553955078 1009.17071533203 1020.86712646484 1031.09423828125 1041.16137695312 1039.40466308594 1041.15234375 1043.59020996094 1039.4296875 1035.599609375 1030.17346191406 1034.6435546875 1036.12731933594 1031.18640136719 1022.71148681641 1028.37744140625 1030.27319335938 1020.73785400391 1012.89477539062 1008.94885253906 1001.80810546875 989.832214355469 995.522888183594 1003.32501220703 1003.27368164062 1007.36590576172 1001.46313476562 999.978393554688 1002.12384033203 989.889831542969 984.369750976562 984.478454589844 994.043334960938 990.123352050781 999.566711425781 999.695556640625
992.327453613281 987.978210449219 991.543273925781 990.325744628906 991.902648925781 996.74365234375 999.949035644531 1001.48236083984 1002.07470703125 1006.97442626953 1015.19152832031 1020.05780029297 1028.97778320312 1022.9052734375 1028.86413574219 1034.32116699219 1040.01037597656 1035.73645019531 1038.04919433594 1032.70349121094 1035.49194335938 1035.82678222656 1037.50415039062 1039.41467285156 1030.59191894531 1033.31970214844 1025.85827636719 1023.81280517578 1013.13336181641 1011.22973632812 1000.54016113281 985.938415527344 989.837463378906 989.741333007812 992.04638671875 1004.15002441406 989.9794921875 992.935546875 986.58349609375 979.320373535156 973.735595703125 979.337280273438 981.520141601562 983.506652832031 997.530151367188 988.072082519531
994.906372070312 1000.0869140625 983.723937988281 995.334594726562 1002.03723144531 1003.36102294922 998.654724121094 1002.59460449219 1002.38800048828 1010.63916015625 1016.97143554688 1018.75299072266 1020.80383300781 1025.80126953125 1033.04650878906 1029.31091308594 1039.1572265625 1044.11779785156 1040.08081054688 1046.85498046875 1049.029296875 1048.72924804688 1043.23681640625 1041.79577636719 1036.53491210938 1035.08337402344 1026.01953125 1025.38305664062 1005.97888183594 1010.17077636719 994.346008300781 984.455688476562 986.372375488281 993.952270507812 995.770385742188 1001.98449707031 989.474975585938 983.859130859375 980.055969238281 983.580383300781 976.984436035156 986.2509765625 973.974853515625 978.075500488281 986.497741699219 986.794982910156
991.221984863281 997.407104492188 995.897094726562 1007.43908691406 1006.49645996094 1010.92980957031 998.047241210938 1005.16723632812 1005.65655517578 1006.04919433594 1011.98870849609 1010.53479003906 1020.98577880859 1023.31860351562 1034.82934570312 1039.86437988281 1038.57421875 1042.4072265625 1045.03369140625 1049.70886230469 1048.11450195312 1051.46594238281 1052.66564941406 1048.42626953125 1045.70227050781 1046.4638671875 1031.97131347656 1024.10607910156 1016.36865234375 1002.16326904297 991.102294921875 989.506713867188 996.1884765625 994.585754394531 997.04052734375 988.294799804688 987.129516601562 987.932373046875 983.3857421875 977.402221679688 978.874877929688 979.401184082031 977.03076171875 986.658752441406 993.961608886719 985.318237304688
993.437255859375 998.3564453125 1000.81591796875 1007.61462402344 1004.65185546875 1006.43572998047 1000.87969970703 1006.85717773438 1009.97503662109 1007.93542480469 1016.83166503906 1010.30993652344 1020.81201171875 1021.70953369141 1023.61700439453 1039.88818359375 1043.66430664062 1038.2265625 1047.599609375 1049.95703125 1053.81567382812 1068.4033203125 1062.99975585938 1063.89538574219 1057.78442382812 1044.71728515625 1030.12121582031 1029.64331054688 1029.6357421875 1015.99664306641 998.591430664062 993.470947265625 997.445617675781 991.747863769531 984.93701171875 989.156188964844 985.701171875 983.924682617188 981.470275878906 981.039611816406 985.077270507812 980.612854003906 975.123596191406 983.630310058594 987.166748046875 982.911865234375
999.408874511719 996.99169921875 1009.49768066406 1010.87524414062 1007.49401855469 1010.9921875 1005.11474609375 1005.69714355469 1001.23638916016 1000.06164550781 1021.02380371094 1018.66607666016 1012.66906738281 1035.19213867188 1040.19006347656 1049.56506347656 1055.029296875 1050.37817382812 1051.13732910156 1052.87707519531 1060.66564941406 1074.33715820312 1071.56481933594 1068.34484863281 1067.69946289062 1055.18786621094 1042.91638183594 1043.75952148438 1031.79748535156 1017.36590576172 1007.17218017578 995.264038085938 1000.28216552734 991.979736328125 983.15576171875 986.237854003906 977.433227539062 979.009948730469 979.754028320312 982.207580566406 982.365112304688 975.363098144531 978.353393554688 984.496276855469 985.128295898438 982.609191894531
998.33447265625 994.229797363281 1004.5107421875 1005.62554931641 1007.80310058594 1010.326171875 1009.71917724609 1005.38146972656 1000.96844482422 1002.61248779297 1018.7041015625 1019.12835693359 1019.54888916016 1028.48205566406 1042.94470214844 1053.04663085938 1055.28967285156 1051.36242675781 1060.81787109375 1061.15063476562 1068.552734375 1071.07995605469 1074.29626464844 1069.77978515625 1059.95764160156 1054.65417480469 1048.814453125 1045.63415527344 1037.40515136719 1024.12280273438 1008.58349609375 1006.47290039062 1001.77099609375 1003.4375 981.597717285156 979.731323242188 974.731079101562 984.594787597656 984.573608398438 972.620300292969 974.357971191406 974.486206054688 976.353393554688 975.320190429688 978.502868652344 971.559753417969
1000.20819091797 999.817260742188 999.502197265625 1009.20367431641 1009.94665527344 1014.12969970703 1016.58728027344 1011.23846435547 1003.99005126953 1001.78167724609 1012.69732666016 1016.40441894531 1020.18157958984 1021.98693847656 1045.5048828125 1043.38940429688 1047.48425292969 1055.00524902344 1053.70007324219 1065.50207519531 1066.5185546875 1061.00402832031 1061.57507324219 1062.95764160156 1063.75048828125 1058.84033203125 1052.1572265625 1047.5107421875 1040.30993652344 1023.05200195312 1009.59814453125 1007.57238769531 1003.60949707031 999.4072265625 993.884216308594 983.871032714844 977.767700195312 989.4794921875 989.108337402344 976.02978515625 979.673400878906 975.551635742188 970.574157714844 972.479858398438 981.40869140625 968.683715820312
999.110229492188 995.382446289062 1001.50378417969 1010.82739257812 1018.5458984375 1015.92883300781 1022.97778320312 1016.52557373047 1016.91717529297 1017.93585205078 1022.43743896484 1025.67468261719 1027.84350585938 1036.78271484375 1036.24279785156 1039.48510742188 1048.28039550781 1045.40014648438 1052.45104980469 1064.2783203125 1068.20471191406 1051.17419433594 1061.35021972656 1061.40124511719 1061.48071289062 1064.361328125 1060.89392089844 1056.81945800781 1039.83728027344 1025.16174316406 1019.36199951172 1016.2734375 1007.11126708984 1009.00524902344 996.724853515625 984.662048339844 990.242309570312 992.110717773438 985.39013671875 980.265441894531 980.714538574219 976.029357910156 972.394104003906 966.506713867188 969.040405273438 965.399108886719
1003.00970458984 1003.38708496094 1006.21343994141 1014.72534179688 1022.83270263672 1017.01818847656 1020.06744384766 1025.56713867188 1018.94702148438 1018.93170166016 1021.68426513672 1029.56359863281 1021.59979248047 1022.20153808594 1029.15515136719 1031.98303222656 1038.49389648438 1045.46337890625 1054.51281738281 1060.52197265625 1067.13806152344 1056.55041503906 1062.5224609375 1057.95361328125 1057.86596679688 1057.78234863281 1057.21069335938 1051.58386230469 1041.17529296875 1035.30700683594 1036.10314941406 1024.06872558594 1016.28442382812 1008.78717041016 999.579345703125 992.505310058594 987.199035644531 992.165710449219 988.187561035156 989.74658203125 985.748657226562 981.148071289062 968.683044433594 962.458740234375 973.035400390625 961.942687988281
1010.22546386719 1009.67169189453 1006.58892822266 1008.14129638672 1015.60375976562 1022.31530761719 1017.00750732422 1021.11236572266 1013.04669189453 1019.1337890625 1018.63037109375 1018.55212402344 1021.37170410156 1028.57775878906 1027.6376953125 1027.43872070312 1034.19458007812 1032.24670410156 1044.14807128906 1052.56713867188 1065.37561035156 1058.72875976562 1056.01989746094 1055.69299316406 1059.92138671875 1051.46166992188 1048.79443359375 1043.28869628906 1043.37658691406 1043.13696289062 1037.38415527344 1035.65173339844 1017.65863037109 1012.95031738281 1004.15509033203 998.91455078125 991.306884765625 993.050048828125 996.141784667969 995.829284667969 986.7158203125 978.087463378906 973.285400390625 965.598083496094 966.964294433594 966.201721191406
1008.32897949219 1017.33081054688 1012.75170898438 1012.95819091797 1018.45587158203 1017.27197265625 1016.74609375 1012.00695800781 1008.17272949219 1013.16534423828 1024.54406738281 1019.25854492188 1031.60192871094 1029.99572753906 1026.43286132812 1023.36596679688 1038.9111328125 1039.06994628906 1035.63598632812 1045.56506347656 1052.87292480469 1062.10546875 1056.13793945312 1049.35168457031 1055.126953125 1043.07312011719 1044.62219238281 1037.86193847656 1038.26977539062 1036.60388183594 1037.81579589844 1035.03039550781 1023.42266845703 1007.00921630859 1008.48822021484 1002.91198730469 1007.04479980469 989.772888183594 985.300048828125 980.634704589844 990.214477539062 978.250610351562 976.425048828125 982.625854492188 971.394775390625 965.329467773438
1018.70141601562 1025.89428710938 1024.60534667969 1021.28497314453 1024.90539550781 1020.99798583984 1017.21118164062 1015.56451416016 1021.08050537109 1024.95104980469 1023.39501953125 1026.80944824219 1029.59350585938 1020.38330078125 1025.36767578125 1029.43347167969 1034.60852050781 1044.49658203125 1036.42529296875 1032.44494628906 1050.521484375 1044.36010742188 1043.87109375 1039.62231445312 1050.7587890625 1048.09228515625 1037.52209472656 1036.25231933594 1035.70275878906 1040.14611816406 1041.98205566406 1035.34704589844 1031.31872558594 1014.78143310547 1001.57580566406 1007.14544677734 1001.2373046875 992.893432617188 990.842956542969 986.427673339844 980.964050292969 980.468688964844 985.213439941406 982.646667480469 973.563232421875 972.013488769531
1026.64392089844 1020.75738525391 1023.80883789062 1019.11828613281 1026.28564453125 1029.06213378906 1035.3251953125 1033.07312011719 1031.84997558594 1026.19543457031 1011.73443603516 1017.39947509766 1022.67761230469 1029.29760742188 1026.24658203125 1032.96215820312 1037.88305664062 1051.37536621094 1040.70544433594 1048.16455078125 1050.35412597656 1050.64001464844 1038.05517578125 1037.65075683594 1041.0107421875 1036.43395996094 1045.44409179688 1038.00500488281 1032.970703125 1042.43933105469 1045.57495117188 1031.51806640625 1022.38568115234 1008.16516113281 1004.74542236328 1005.40795898438 1004.69714355469 997.687255859375 992.965881347656 983.397827148438 977.606323242188 972.342529296875 972.527404785156 981.998107910156 976.943237304688 975.420043945312
1019.69720458984 1019.78912353516 1021.09979248047 1024.09704589844 1027.50024414062 1032.26159667969 1043.49621582031 1039.84484863281 1036.39868164062 1037.79357910156 1024.48034667969 1022.55108642578 1028.05493164062 1031.45178222656 1026.05200195312 1023.89801025391 1037.18103027344 1039.04162597656 1050.51538085938 1049.875 1050.10144042969 1045.16564941406 1034.572265625 1039.70434570312 1044.81213378906 1041.4609375 1047.82165527344 1035.63696289062 1034.99560546875 1043.04724121094 1039.89819335938 1026.17309570312 1018.11242675781 1014.04553222656 1005.52239990234 1009.35827636719 1008.75 1000.68365478516 997.853515625 987.030334472656 973.631652832031 969.845886230469 969.865173339844 975.997009277344 972.177429199219 973.602111816406
1021.16497802734 1012.23583984375 1024.59362792969 1030.88610839844 1035.62268066406 1037.27368164062 1040.7763671875 1038.47912597656 1039.30712890625 1025.9931640625 1031.11059570312 1017.44030761719 1028.08422851562 1036.70068359375 1028.42980957031 1033.38000488281 1038.11364746094 1039.73986816406 1044.63891601562 1046.79992675781 1050.59228515625 1037.77600097656 1031.060546875 1026.20703125 1031.00903320312 1039.09020996094 1042.17687988281 1040.03747558594 1035.89697265625 1035.72009277344 1028.02758789062 1021.80706787109 1011.55609130859 1016.76763916016 1009.2568359375 1009.1005859375 1006.50103759766 1007.009765625 1001.81726074219 992.780639648438 973.867858886719 960.906616210938 963.757934570312 969.813354492188 965.997314453125 971.168395996094
1020.62286376953 1022.109375 1026.85546875 1033.001953125 1033.33081054688 1040.55114746094 1044.54833984375 1038.04431152344 1036.77880859375 1038.10314941406 1028.32604980469 1015.90161132812 1023.83831787109 1035.19213867188 1030.08532714844 1037.31079101562 1029.56359863281 1035.17810058594 1035.18859863281 1042.88305664062 1045.32556152344 1036.80651855469 1021.50231933594 1022.48553466797 1022.10015869141 1026.65905761719 1030.70202636719 1026.88928222656 1023.53045654297 1024.21667480469 1034.24182128906 1025.61694335938 1024.20288085938 1023.28228759766 1021.04602050781 1009.69506835938 1013.39965820312 1008.67083740234 1002.12518310547 990.390991210938 975.946411132812 968.549682617188 965.605773925781 965.947875976562 954.666625976562 966.592163085938
1019.9375 1028.71337890625 1024.64489746094 1026.80200195312 1038.166015625 1043.09289550781 1043.70129394531 1045.72814941406 1044.20971679688 1033.033203125 1028.67980957031 1025.62524414062 1024.48083496094 1038.28918457031 1041.68798828125 1028.19226074219 1031.17297363281 1029.23083496094 1028.54357910156 1031.23254394531 1039.28894042969 1028.50036621094 1025.31396484375 1028.44580078125 1030.99548339844 1031.69616699219 1035.37023925781 1031.29528808594 1023.45111083984 1023.06207275391 1025.27612304688 1016.16302490234 1016.78479003906 1020.62890625 1018.71124267578 1014.93334960938 1011.92510986328 1008.51599121094 993.89990234375 982.773742675781 978.933898925781 975.158752441406 969.637573242188 960.805053710938 965.47900390625 962.694274902344
1020.77587890625 1021.94262695312 1020.47717285156 1017.14910888672 1037.56140136719 1044.15454101562 1040.49890136719 1040.39794921875 1039.52197265625 1031.67907714844 1021.55389404297 1024.47436523438 1023.20965576172 1027.91345214844 1033.31579589844 1034.14929199219 1028.80895996094 1028.37377929688 1021.861328125 1029.61779785156 1032.45446777344 1024.33874511719 1030.85900878906 1024.40844726562 1030.84423828125 1041.46411132812 1033.32446289062 1030.45385742188 1029.86096191406 1016.09375 1011.6025390625 1011.57135009766 1015.79736328125 1019.71966552734 1012.86810302734 1007.02026367188 1004.55780029297 999.612854003906 984.060180664062 980.762329101562 979.736755371094 983.319580078125 974.940246582031 972.265686035156 960.103820800781 955.138610839844
1013.71527099609 1020.34204101562 1022.70770263672 1023.46697998047 1032.0166015625 1036.05334472656 1035.52209472656 1031.17810058594 1032.01965332031 1026.57019042969 1023.22521972656 1024.45446777344 1027.13818359375 1029.69116210938 1026.26184082031 1030.41259765625 1019.60620117188 1029.23718261719 1033.75927734375 1033.15515136719 1034.53942871094 1030.94250488281 1021.15832519531 1023.154296875 1026.60498046875 1029.10583496094 1023.42254638672 1024.48425292969 1023.04949951172 1009.15380859375 1004.31433105469 1005.53894042969 1005.50341796875 1004.16546630859 1004.72814941406 1003.59295654297 1000.47967529297 993.295104980469 975.984252929688 977.763427734375 979.951354980469 977.951232910156 975.756225585938 967.938781738281 964.753662109375 961.30224609375
