data/zlatibor_dem_simulations/DEMsim24.asc
NCOLS 150
NROWS 100
XLLCORNER 7394249
YLLCORNER 4841999
CELLSIZE 30
NODATA_VALUE -9999
[rows 60 to 79 of 100, columns 46 to 91 of 150]
955.537170410156 956.425598144531 951.423278808594 952.074157714844 953.365234375 935.252502441406 958.178833007812 956.211730957031 954.480773925781 955.197204589844 954.958923339844 951.795471191406 957.972717285156 954.728088378906 965.380065917969 960.940551757812 962.001892089844 964.837951660156 954.469421386719 957.365478515625 958.538208007812 964.935119628906 965.173645019531 964.682678222656 969.240356445312 964.989013671875 967.637512207031 966.560729980469 968.506713867188 967.683532714844 966.08935546875 960.379577636719 963.261840820312 969.613891601562 973.527709960938 967.095458984375 965.607666015625 966.956359863281 969.281494140625 966.804870605469 966.006713867188 967.934265136719 972.613647460938 970.099853515625 973.736694335938 982.220703125
953.607055664062 956.916442871094 954.846496582031 958.707763671875 951.530883789062 949.434387207031 956.943786621094 951.951843261719 965.338317871094 963.115173339844 957.482177734375 958.057922363281 955.709167480469 958.716064453125 951.541320800781 954.786560058594 962.008422851562 965.093872070312 958.360046386719 957.651672363281 953.94482421875 959.152709960938 966.838317871094 967.602905273438 968.319702148438 963.549926757812 969.177124023438 969.778503417969 971.368713378906 973.172973632812 974.4716796875 974.115051269531 963.700256347656 965.478759765625 970.215515136719 966.293884277344 971.593688964844 975.740966796875 971.692321777344 969.165466308594 968.689331054688 975.780517578125 981.250793457031 963.652221679688 969.665710449219 976.7822265625
958.414794921875 964.405883789062 965.412963867188 961.061462402344 952.640625 955.367553710938 958.933898925781 957.60009765625 955.999450683594 961.936279296875 960.518371582031 961.828735351562 959.314331054688 963.927917480469 959.975402832031 962.713562011719 959.101745605469 966.830261230469 960.290649414062 956.009826660156 953.554992675781 962.715698242188 964.190673828125 965.389953613281 955.468688964844 960.179321289062 966.348693847656 973.80908203125 978.008361816406 973.635437011719 969.757751464844 971.336791992188 968.442321777344 970.711608886719 974.583129882812 966.689636230469 975.089111328125 977.920776367188 982.069458007812 975.597534179688 976.137268066406 976.433410644531 968.293762207031 975.651977539062 980.246704101562 976.230773925781
957.142028808594 967.228942871094 968.705322265625 963.814636230469 953.804504394531 961.703796386719 966.171081542969 969.16455078125 970.113830566406 968.107971191406 966.30859375 964.929992675781 965.012512207031 960.743774414062 955.821655273438 958.7578125 955.051513671875 962.376037597656 970.284118652344 961.379272460938 955.206420898438 958.370239257812 969.97802734375 961.954895019531 955.616333007812 956.830627441406 966.980712890625 966.453186035156 969.379333496094 968.907897949219 965.501342773438 973.671020507812 963.596618652344 968.468566894531 973.159423828125 978.111877441406 977.423522949219 976.940002441406 976.882080078125 977.838500976562 982.084655761719 979.209594726562 981.227416992188 980.237976074219 974.346374511719 973.915954589844
972.658447265625 965.251708984375 976.42578125 974.6259765625 970.598693847656 972.937683105469 970.312377929688 976.294494628906 968.340087890625 970.91943359375 981.901306152344 973.186462402344 979.047790527344 968.837036132812 963.119323730469 961.228332519531 955.237060546875 966.422302246094 968.12890625 966.507751464844 966.193420410156 966.043823242188 971.994140625 963.633422851562 962.830078125 965.982666015625 970.784729003906 980.789184570312 977.89501953125 967.238586425781 967.785400390625 970.268859863281 964.799865722656 972.451354980469 972.482971191406 981.559509277344 979.015197753906 971.109985351562 981.135375976562 980.651062011719 988.081970214844 982.348022460938 975.629577636719 976.061218261719 975.50927734375 975.143615722656
977.522827148438 976.018676757812 975.723754882812 976.04736328125 972.026733398438 974.748352050781 975.198059082031 978.68017578125 968.347045898438 978.516235351562 987.992248535156 975.196716308594 972.587219238281 973.323852539062 970.080322265625 968.169128417969 962.311462402344 962.136962890625 961.18017578125 959.705139160156 968.61279296875 966.700073242188 967.375061035156 971.756713867188 968.821533203125 968.79736328125 972.849609375 983.468078613281 980.435485839844 971.471313476562 969.916442871094 969.329895019531 971.989318847656 966.332641601562 966.731201171875 977.869873046875 976.6318359375 982.032592773438 979.038635253906 979.86474609375 982.211486816406 977.640441894531 978.371154785156 973.34765625 979.25537109375 982.801147460938
975.116882324219 971.901489257812 973.622497558594 970.956176757812 971.528747558594 968.543762207031 974.617736816406 974.130798339844 976.454345703125 977.482482910156 984.457214355469 981.649230957031 975.18212890625 976.854614257812 980.4189453125 970.611328125 965.402160644531 960.898620605469 965.742004394531 961.021362304688 963.140869140625 962.898376464844 964.133178710938 968.14599609375 975.490844726562 976.1552734375 975.63525390625 988.531066894531 979.558166503906 976.836608886719 977.026550292969 968.688293457031 968.604125976562 970.291564941406 971.526000976562 975.2109375 987.487365722656 990.437438964844 985.957458496094 986.041320800781 988.911071777344 977.791320800781 976.039245605469 981.55224609375 977.914367675781 982.317443847656
977.171508789062 977.349914550781 981.716857910156 979.855590820312 978.767456054688 972.837768554688 969.519409179688 970.1865234375 967.24072265625 974.4658203125 979.129821777344 978.492614746094 976.591857910156 974.780944824219 979.406982421875 967.540832519531 965.876037597656 971.309509277344 964.759033203125 957.227172851562 963.295043945312 962.64453125 971.231872558594 972.019836425781 978.238586425781 983.336853027344 989.802917480469 988.884521484375 990.417663574219 981.489074707031 975.856689453125 968.548645019531 967.394714355469 969.424987792969 969.67431640625 983.131896972656 984.582946777344 981.328063964844 984.275756835938 990.894592285156 990.239501953125 984.923767089844 985.360107421875 977.78076171875 976.987121582031 983.26171875
977.607788085938 982.654724121094 983.44580078125 986.183898925781 986.960632324219 980.595703125 971.643798828125 964.213195800781 969.235900878906 976.762451171875 975.200256347656 979.609436035156 974.513549804688 966.618957519531 971.853088378906 968.619812011719 970.473205566406 966.919311523438 964.052734375 968.375610351562 970.62109375 968.890991210938 973.682189941406 973.724792480469 982.8095703125 982.10009765625 988.7529296875 996.596008300781 984.537353515625 977.811828613281 969.944091796875 969.998596191406 967.619873046875 974.605407714844 974.655944824219 977.08837890625 978.572509765625 981.760070800781 992.430603027344 1000.76611328125 989.260375976562 987.068359375 979.962036132812 973.689453125 972.847717285156 981.510803222656
980.246643066406 984.563110351562 981.202514648438 992.670776367188 988.791381835938 980.762145996094 972.424377441406 965.478210449219 960.708251953125 971.256103515625 969.031188964844 973.155029296875 979.696105957031 972.520263671875 972.464172363281 966.414916992188 965.95556640625 969.267272949219 974.145568847656 970.384704589844 969.895874023438 976.803283691406 970.845764160156 971.712768554688 978.848999023438 987.369689941406 980.0224609375 979.9833984375 982.620056152344 979.503662109375 979.101135253906 975.108764648438 971.640563964844 974.523803710938 977.291259765625 979.955810546875 978.371032714844 988.881469726562 986.495544433594 986.902160644531 985.612487792969 981.287048339844 986.093078613281 977.797485351562 983.663879394531 980.565063476562
983.206237792969 991.456909179688 994.515991210938 995.560546875 981.923461914062 979.803100585938 978.087463378906 970.414123535156 964.841064453125 973.113952636719 981.779907226562 985.677062988281 987.727966308594 978.913513183594 979.274658203125 974.987121582031 968.933044433594 972.397705078125 967.515869140625 979.185668945312 981.316833496094 983.660766601562 977.278564453125 979.228698730469 984.056884765625 990.985717773438 990.520263671875 986.748352050781 990.731567382812 982.756652832031 982.903503417969 979.386962890625 980.710021972656 978.019226074219 980.1767578125 983.329772949219 981.909545898438 986.304321289062 977.491455078125 989.313049316406 982.949951171875 980.268737792969 979.121765136719 977.289489746094 978.519226074219 976.79541015625
982.892700195312 989.865417480469 992.168395996094 989.811828613281 983.396423339844 981.09423828125 974.814331054688 975.543395996094 977.873657226562 975.973083496094 977.273742675781 990.50244140625 981.828491210938 976.246948242188 975.588134765625 978.372863769531 974.071716308594 972.187194824219 971.413330078125 970.504577636719 979.87646484375 979.954895019531 982.630249023438 976.824340820312 979.755187988281 981.050537109375 980.416137695312 983.977966308594 981.846069335938 981.427185058594 986.660827636719 985.024291992188 981.126220703125 977.206420898438 986.908508300781 995.754211425781 986.858093261719 990.410522460938 986.095153808594 987.518798828125 992.626770019531 981.850158691406 974.839538574219 972.732727050781 970.905517578125 973.997802734375
987.522583007812 991.784606933594 994.141784667969 996.032348632812 995.358703613281 989.468444824219 983.644226074219 975.550231933594 969.884887695312 976.259338378906 983.069274902344 979.43017578125 967.908142089844 972.285949707031 970.11474609375 974.089050292969 977.388305664062 978.553405761719 980.369140625 972.25048828125 970.89404296875 974.618041992188 975.391174316406 975.304016113281 974.619262695312 977.042114257812 981.886413574219 984.454162597656 989.226257324219 988.377990722656 986.965881347656 979.511047363281 983.268615722656 989.290771484375 985.236633300781 985.620910644531 993.180847167969 989.768127441406 985.521484375 990.414794921875 986.387512207031 983.26123046875 977.0537109375 974.304321289062 975.680725097656 984.208068847656
1001.34313964844 1001.26916503906 1006.30261230469 995.92529296875 993.250244140625 989.188049316406 974.573791503906 976.049926757812 969.292053222656 974.731811523438 964.88134765625 973.480224609375 966.064392089844 972.997619628906 985.698913574219 973.656799316406 977.671508789062 979.327758789062 976.860168457031 973.732849121094 974.255432128906 980.863220214844 981.769470214844 977.690063476562 980.080627441406 983.364501953125 979.931823730469 993.515258789062 989.836120605469 988.809936523438 987.716247558594 987.158020019531 987.136535644531 990.098999023438 986.439575195312 987.782165527344 985.549255371094 992.07958984375 986.958068847656 990.891479492188 979.209533691406 986.223876953125 981.281433105469 980.599243164062 980.81005859375 983.948425292969
999.612121582031 1004.21069335938 1004.77099609375 994.206665039062 993.174438476562 988.138610839844 987.120910644531 986.628845214844 985.085205078125 976.476440429688 967.153686523438 969.577331542969 975.761169433594 979.132873535156 977.206726074219 974.964233398438 984.459533691406 974.690612792969 974.201477050781 971.789428710938 977.941162109375 986.8671875 976.972290039062 983.360778808594 982.197692871094 995.895263671875 993.776000976562 995.263000488281 1002.43316650391 992.918884277344 993.200012207031 987.723571777344 990.971923828125 990.628051757812 997.373107910156 997.130126953125 994.529174804688 994.563537597656 1001.28277587891 991.806945800781 980.417724609375 985.629699707031 988.584106445312 984.885314941406 981.124755859375 986.755554199219
1012.56530761719 1008.99017333984 1002.76513671875 1000.27404785156 995.658996582031 989.901733398438 987.921203613281 989.452575683594 994.911376953125 979.074584960938 976.145690917969 975.614562988281 981.4619140625 986.337890625 980.185485839844 983.423217773438 981.86279296875 979.966125488281 976.304260253906 965.205688476562 975.038513183594 978.334350585938 982.327819824219 984.936950683594 988.453796386719 991.164916992188 992.003479003906 993.122680664062 995.684814453125 997.929626464844 998.680053710938 997.992858886719 998.425537109375 995.522521972656 999.66552734375 995.355102539062 993.017150878906 994.813232421875 999.158325195312 993.266845703125 991.659912109375 992.691223144531 990.410095214844 984.851684570312 990.700073242188 988.112670898438
1008.0673828125 1009.93096923828 1004.64422607422 1000.73480224609 994.408325195312 994.688171386719 993.018493652344 991.096923828125 988.260314941406 978.769470214844 974.525695800781 971.449768066406 982.427062988281 982.341369628906 978.202697753906 981.152404785156 981.430236816406 978.243530273438 973.974426269531 968.48095703125 973.267150878906 978.283996582031 977.239379882812 980.9697265625 981.947448730469 984.202392578125 987.453186035156 996.287658691406 999.092895507812 999.666381835938 999.856262207031 1002.78509521484 1005.64593505859 1007.20709228516 1002.32562255859 998.542846679688 998.228088378906 998.115356445312 1001.33892822266 996.439453125 996.151733398438 997.491394042969 1000.13507080078 997.327575683594 983.961303710938 984.828796386719
1006.36486816406 1021.71331787109 1011.34326171875 999.550720214844 995.949584960938 1001.37829589844 998.277221679688 994.677673339844 982.698425292969 984.755004882812 976.543762207031 983.141479492188 981.839660644531 978.875610351562 973.484436035156 976.736267089844 972.956604003906 967.508728027344 971.137573242188 969.554626464844 969.311279296875 975.241333007812 983.632873535156 985.888732910156 979.578674316406 987.482299804688 990.249572753906 1001.61212158203 1002.19506835938 997.561462402344 997.354797363281 1012.16796875 1015.68078613281 1004.45269775391 1005.82641601562 1004.03125 1003.09466552734 1002.47106933594 1002.60168457031 1004.71264648438 1011.44012451172 1005.18109130859 1000.85198974609 991.1357421875 984.337524414062 983.347534179688
1011.04803466797 1022.98718261719 1005.16442871094 993.585876464844 990.91259765625 988.394714355469 993.042785644531 986.584289550781 984.5517578125 989.828735351562 983.497802734375 981.798400878906 977.661926269531 977.399169921875 977.715759277344 975.813110351562 978.968811035156 964.532836914062 970.947143554688 969.66455078125 972.501586914062 985.044494628906 984.015075683594 983.560180664062 979.823608398438 985.194396972656 988.937683105469 1001.23962402344 995.614929199219 994.577697753906 1001.35461425781 1017.84930419922 1017.41387939453 1004.37426757812 1011.66076660156 1013.70025634766 1002.97784423828 1011.71813964844 1004.58489990234 1008.50982666016 1010.01428222656 1002.30712890625 994.336303710938 991.652893066406 988.32666015625 984.506225585938
1011.80615234375 1003.17919921875 995.193115234375 995.450378417969 996.484558105469 995.505615234375 1001.05236816406 994.131225585938 990.318786621094 987.114990234375 986.541137695312 988.221313476562 984.468444824219 982.708435058594 982.30419921875 983.080505371094 976.931762695312 965.697631835938 975.90380859375 977.456481933594 971.430847167969 978.851745605469 982.752990722656 993.075500488281 987.931457519531 977.783874511719 991.4716796875 994.727111816406 993.957946777344 995.853088378906 994.423767089844 1004.19757080078 1012.45684814453 1004.69372558594 1008.98669433594 1008.40747070312 1013.01892089844 1014.20135498047 1010.34838867188 1013.05584716797 1011.31640625 998.588195800781 1001.15289306641 997.27099609375 991.016906738281 984.345703125
