data/zlatibor_dem_simulations/DEMsim5.asc
NCOLS 150
NROWS 100
XLLCORNER 7394249
YLLCORNER 4841999
CELLSIZE 30
NODATA_VALUE -9999
[rows 0 to 19 of 100, columns 46 to 91 of 150]
999.152404785156 1003.94738769531 998.083679199219 993.741760253906 996.713256835938 997.861694335938 988.917175292969 974.499816894531 962.018737792969 965.207092285156 957.429016113281 953.267639160156 958.410278320312 946.924194335938 941.958740234375 938.381896972656 945.889465332031 932.007141113281 915.263122558594 913.789794921875 906.551330566406 901.103759765625 919.238464355469 913.7685546875 920.772888183594 914.278625488281 934.407409667969 929.963989257812 935.381103515625 924.456359863281 932.855773925781 945.414978027344 953.941589355469 960.744323730469 971.817016601562 971.550109863281 976.043090820312 963.933959960938 961.605102539062 958.688354492188 950.398742675781 951.205139160156 954.073791503906 941.031311035156 939.039001464844 941.427673339844
996.943908691406 998.910522460938 993.847534179688 995.023620605469 991.53759765625 999.17578125 997.246459960938 979.483520507812 970.040405273438 962.895324707031 964.483947753906 952.858825683594 951.302856445312 950.896301269531 950.41015625 949.8076171875 934.108703613281 922.171997070312 917.081909179688 900.619689941406 898.429748535156 910.641479492188 914.656799316406 919.988403320312 925.303283691406 922.636108398438 930.917663574219 927.925048828125 945.452209472656 943.941223144531 944.922058105469 963.09814453125 971.57080078125 969.924072265625 971.674865722656 970.147521972656 972.510986328125 970.770935058594 963.8857421875 966.913757324219 954.422302246094 960.803283691406 951.732238769531 946.84130859375 930.158264160156 928.09033203125
981.9189453125 988.263671875 993.302185058594 998.354553222656 1000.84753417969 999.553833007812 995.303771972656 991.790283203125 976.421875 967.006958007812 959.823120117188 958.124755859375 955.307189941406 961.798461914062 954.554016113281 951.687072753906 940.82763671875 926.551696777344 918.373962402344 917.90625 912.819641113281 906.093933105469 913.913024902344 922.453857421875 926.096008300781 927.366943359375 942.912719726562 944.38623046875 953.937866210938 957.205749511719 958.516235351562 963.606811523438 974.84716796875 973.424133300781 974.109741210938 978.406799316406 979.759948730469 967.231201171875 971.808471679688 976.798767089844 966.527099609375 962.783630371094 945.348937988281 941.306213378906 933.987060546875 924.018249511719
979.415161132812 984.740600585938 993.340087890625 996.797973632812 994.844055175781 996.441955566406 988.966735839844 985.860717773438 979.018859863281 968.435363769531 961.791442871094 956.205749511719 955.969177246094 954.361938476562 955.078552246094 939.927795410156 940.695739746094 935.907043457031 930.26904296875 926.66748046875 920.417419433594 917.683044433594 920.142150878906 928.124267578125 925.440246582031 935.735229492188 947.138671875 953.834838867188 961.205810546875 975.403442382812 973.285461425781 979.246459960938 988.255126953125 990.807312011719 995.078491210938 994.180480957031 986.739074707031 991.987060546875 991.061767578125 982.055969238281 971.220703125 965.368713378906 956.614135742188 951.539367675781 946.968200683594 935.323608398438
975.126708984375 979.771301269531 982.788452148438 991.613403320312 996.719543457031 991.92138671875 988.575622558594 982.249145507812 981.544372558594 964.835815429688 965.143249511719 959.138793945312 961.6796875 965.121765136719 958.552001953125 949.586669921875 945.673156738281 943.905883789062 940.05615234375 936.2919921875 925.422058105469 921.156005859375 924.191040039062 921.708984375 939.868591308594 941.173522949219 946.778259277344 959.889221191406 968.079040527344 974.547058105469 988.053649902344 992.548706054688 998.850280761719 999.812194824219 1003.34307861328 1000.55633544922 1001.94805908203 999.628051757812 995.829895019531 978.23828125 972.050659179688 969.637817382812 956.9462890625 943.683288574219 948.12451171875 933.708557128906
990.58837890625 985.240356445312 977.7705078125 991.642761230469 995.320251464844 995.452697753906 990.979858398438 994.092712402344 989.556518554688 978.030517578125 966.77197265625 961.634582519531 969.126403808594 966.9208984375 974.8837890625 968.766296386719 947.922790527344 943.378723144531 949.427490234375 952.028503417969 932.692077636719 934.555053710938 926.9521484375 942.781188964844 948.360778808594 946.948181152344 958.672973632812 972.7294921875 983.756958007812 990.114624023438 1002.03216552734 1011.2021484375 1007.73040771484 1012.88238525391 1010.35125732422 1014.17852783203 1005.69439697266 999.02685546875 990.036560058594 981.163208007812 967.785827636719 967.252624511719 960.071166992188 939.942321777344 943.891479492188 926.94140625
990.103454589844 985.4658203125 985.782348632812 987.7890625 998.0390625 999.490783691406 998.678344726562 996.869812011719 995.418334960938 990.877197265625 982.587219238281 974.672729492188 973.353210449219 982.725646972656 989.697204589844 985.957458496094 975.51220703125 962.422241210938 963.227172851562 951.632385253906 939.467651367188 932.837280273438 940.087768554688 949.43701171875 947.956970214844 953.415954589844 963.434509277344 972.914855957031 988.184387207031 1001.73413085938 1011.12341308594 1023.34368896484 1019.99267578125 1012.91528320312 1014.31964111328 1020.59948730469 1008.21868896484 1008.54656982422 995.602783203125 978.143493652344 966.57861328125 954.789794921875 950.619262695312 945.395446777344 931.349548339844 925.996032714844
996.638549804688 992.662841796875 991.661743164062 996.301391601562 995.82861328125 999.488830566406 1004.39245605469 1011.05310058594 1003.90472412109 998.555358886719 991.086059570312 987.745971679688 985.103149414062 998.446655273438 994.056091308594 986.060180664062 983.592102050781 971.970642089844 971.17822265625 956.828186035156 946.904602050781 939.221740722656 941.356689453125 953.879455566406 950.441589355469 956.853393554688 959.622985839844 964.136413574219 977.510437011719 994.3095703125 1011.26135253906 1018.21911621094 1018.88879394531 1020.71661376953 1025.76696777344 1025.06909179688 1009.70794677734 1003.94500732422 993.082458496094 976.784973144531 967.482727050781 958.678161621094 950.130798339844 944.500732421875 927.386291503906 916.042419433594
998.260192871094 996.181518554688 999.698486328125 1003.94982910156 1001.19299316406 995.747680664062 1007.14215087891 1009.52984619141 1012.04406738281 1010.19268798828 1007.36248779297 1002.07989501953 1003.2138671875 1005.86743164062 1001.068359375 992.524841308594 983.706909179688 987.65380859375 978.095031738281 962.65576171875 956.830444335938 948.597595214844 954.156677246094 956.617126464844 955.200256347656 959.964538574219 955.65625 967.783142089844 974.40185546875 986.494384765625 1020.19946289062 1021.59924316406 1018.02740478516 1017.39422607422 1031.76501464844 1024.703125 1020.86791992188 1006.68127441406 989.239990234375 981.74853515625 966.89697265625 950.869384765625 938.322326660156 934.684631347656 931.4580078125 923.412231445312
1008.87365722656 999.377807617188 1003.14978027344 1002.94793701172 997.5126953125 1007.16571044922 1008.35913085938 1020.08752441406 1021.99890136719 1012.17822265625 1013.72290039062 1007.52130126953 1009.80151367188 1013.21319580078 1011.61694335938 1005.96282958984 994.172546386719 980.957397460938 976.937683105469 965.545471191406 969.6494140625 962.322570800781 957.872741699219 961.901489257812 965.053771972656 966.706298828125 969.790710449219 983.360595703125 986.827941894531 991.86474609375 1011.96740722656 1025.548828125 1025.93505859375 1026.93420410156 1026.69970703125 1020.64367675781 1010.29211425781 1008.41998291016 988.579223632812 973.935974121094 956.573852539062 955.640075683594 942.392028808594 941.603088378906 936.604858398438 926.920166015625
1007.12487792969 1005.96380615234 1002.4951171875 1001.47296142578 1003.32733154297 1006.48089599609 1010.24438476562 1015.38269042969 1016.2353515625 1010.33892822266 1015.38494873047 1016.94543457031 1019.55017089844 1014.556640625 1013.14758300781 1009.45349121094 996.464416503906 992.352905273438 986.244506835938 982.114013671875 982.582885742188 977.083374023438 980.65380859375 971.130126953125 971.416137695312 975.378173828125 977.677612304688 977.665283203125 992.375610351562 1002.26147460938 1011.71557617188 1030.72033691406 1027.66076660156 1034.88830566406 1035.14392089844 1025.28137207031 1016.35467529297 996.570556640625 987.063720703125 974.261901855469 968.145629882812 962.32470703125 954.130065917969 948.196044921875 944.729309082031 946.820739746094
1010.42163085938 1006.11566162109 1008.69006347656 1013.30993652344 998.909851074219 1000.92614746094 1011.38153076172 1010.45989990234 1012.29327392578 1011.68975830078 1020.96002197266 1005.91186523438 1004.35015869141 1016.05419921875 1020.05285644531 1014.63043212891 1010.68206787109 998.594360351562 995.108459472656 987.756225585938 982.029724121094 989.56591796875 988.771728515625 979.753479003906 974.470886230469 977.898803710938 989.116088867188 990.685546875 995.487426757812 1008.12689208984 1023.44342041016 1029.37768554688 1033.40246582031 1039.20104980469 1038.55126953125 1035.5517578125 1012.73919677734 1006.54815673828 984.137023925781 980.915161132812 974.392944335938 970.182678222656 958.837768554688 952.334533691406 954.027770996094 938.991271972656
1013.44830322266 1007.71929931641 997.984313964844 1007.00372314453 1012.29357910156 1012.43701171875 1009.39270019531 1007.32629394531 1010.15588378906 1014.34283447266 1015.37200927734 1017.52478027344 1016.07800292969 1021.45812988281 1014.60968017578 1015.67767333984 1010.88354492188 1001.67034912109 1007.88275146484 996.741333007812 990.497131347656 984.658874511719 989.076904296875 992.65576171875 982.132995605469 981.4892578125 993.842224121094 996.188781738281 1002.73895263672 1014.57696533203 1015.30773925781 1037.07922363281 1028.69519042969 1036.529296875 1033.83471679688 1020.54943847656 1001.77319335938 994.955017089844 990.431579589844 985.372985839844 980.948120117188 977.944274902344 960.37646484375 960.91796875 957.090087890625 948.680541992188
1011.93054199219 1017.95220947266 1021.08734130859 1024.2412109375 1016.96862792969 1012.37811279297 1012.73193359375 1003.79937744141 1012.93481445312 1022.81201171875 1019.33026123047 1019.84332275391 1016.01586914062 1015.98211669922 1018.91119384766 1017.8251953125 1010.86804199219 1006.44250488281 1005.70178222656 1001.60467529297 998.54931640625 992.352478027344 995.460876464844 982.807373046875 991.89306640625 980.532775878906 992.771606445312 1009.09710693359 1014.20324707031 1015.72564697266 1029.38671875 1030.89562988281 1032.83459472656 1030.85363769531 1030.13159179688 1019.81561279297 1011.82757568359 1010.42254638672 1001.66333007812 996.052734375 985.969360351562 974.996154785156 967.183349609375 960.753967285156 950.922729492188 955.078674316406
1018.41979980469 1018.59020996094 1025.35546875 1016.59216308594 1014.75469970703 1015.12823486328 1021.70904541016 1006.44287109375 1016.615234375 1013.90399169922 1011.97344970703 1019.61956787109 1017.44720458984 1024.96948242188 1019.75128173828 1020.89581298828 1023.91149902344 1016.96868896484 1012.39569091797 1011.10369873047 1006.03820800781 1002.4677734375 1006.15313720703 989.8017578125 991.981201171875 996.57763671875 999.775024414062 1007.36419677734 1021.14947509766 1030.85693359375 1039.86877441406 1038.31079101562 1043.55029296875 1034.82458496094 1029.56591796875 1025.18676757812 1021.94287109375 1015.08831787109 1010.75164794922 1004.81750488281 997.933471679688 985.915893554688 972.213806152344 950.821716308594 946.967834472656 944.446350097656
1027.54467773438 1019.97235107422 1028.28515625 1024.81469726562 1018.7373046875 1009.86486816406 1015.95867919922 1008.78021240234 1015.33331298828 1005.94622802734 1003.98571777344 1016.79040527344 1020.43109130859 1024.65954589844 1027.47875976562 1022.79132080078 1022.18096923828 1021.24395751953 1019.53588867188 1017.26727294922 1010.81567382812 1014.22473144531 997.163879394531 1004.05242919922 1008.03765869141 997.507934570312 1002.19427490234 1013.21948242188 1020.55834960938 1037.0849609375 1035.34338378906 1036.90466308594 1038.05041503906 1029.2431640625 1027.0615234375 1023.37927246094 1024.39892578125 1017.40795898438 1020.31597900391 1005.09429931641 997.959106445312 983.544067382812 974.407958984375 959.689636230469 946.324768066406 953.531677246094
1033.69226074219 1033.11474609375 1033.64672851562 1017.59924316406 1013.28967285156 1009.65924072266 1005.59722900391 1004.98870849609 1000.55773925781 991.187805175781 992.49267578125 1011.95104980469 1015.45440673828 1018.57196044922 1023.05810546875 1019.79504394531 1026.12878417969 1033.55737304688 1028.36206054688 1025.09423828125 1022.50646972656 1021.07196044922 1013.65649414062 1012.53265380859 1005.16003417969 1008.99383544922 1007.98388671875 1018.32574462891 1018.4912109375 1028.56677246094 1035.80944824219 1039.00134277344 1033.83435058594 1025.94555664062 1035.96569824219 1031.20788574219 1024.22143554688 1027.32287597656 1018.46502685547 1004.14270019531 999.826416015625 989.116088867188 971.884460449219 960.052307128906 957.916259765625 964.507019042969
1032.90466308594 1030.94860839844 1025.62060546875 1014.45184326172 1013.13610839844 1014.34606933594 1011.25109863281 1005.32342529297 995.681274414062 1000.95721435547 997.993591308594 1005.69494628906 1012.48052978516 1013.2548828125 1009.94860839844 1020.54040527344 1027.34924316406 1028.05651855469 1028.4345703125 1027.19213867188 1032.14465332031 1027.1240234375 1020.27197265625 1023.21911621094 1014.62396240234 1018.56652832031 1014.43194580078 1023.54968261719 1039.634765625 1035.6669921875 1032.63012695312 1033.07727050781 1033.96435546875 1030.68994140625 1040.21887207031 1032.16882324219 1024.85876464844 1019.46624755859 1020.71325683594 1012.25463867188 1006.65826416016 992.760986328125 974.010620117188 966.361877441406 962.51416015625 962.211303710938
1034.60302734375 1029.16162109375 1020.59619140625 1008.35302734375 1009.80517578125 1007.01599121094 1002.34515380859 1000.67401123047 995.056213378906 992.605651855469 990.230407714844 1009.52508544922 1014.50122070312 1018.43627929688 1017.47772216797 1018.72302246094 1015.97430419922 1026.79028320312 1024.39270019531 1025.02014160156 1026.23608398438 1027.09680175781 1030.08264160156 1029.46240234375 1029.31530761719 1023.22186279297 1027.75512695312 1023.97552490234 1032.27758789062 1035.06774902344 1036.08276367188 1037.6474609375 1031.59887695312 1026.72338867188 1029.32287597656 1019.08319091797 1024.06335449219 1018.79180908203 1023.93823242188 1010.79260253906 1008.35729980469 1002.00793457031 982.656127929688 979.834594726562 982.198425292969 985.0712890625
1031.88537597656 1028.08459472656 1020.05407714844 1001.05694580078 1007.25677490234 1000.26312255859 999.8232421875 993.58203125 992.197082519531 993.639404296875 1000.47674560547 1005.02502441406 1008.89520263672 1023.77001953125 1021.91229248047 1019.97082519531 1021.51995849609 1019.88439941406 1033.89624023438 1030.45251464844 1025.41931152344 1022.47711181641 1036.64111328125 1026.23828125 1027.52819824219 1027.65625 1035.25305175781 1032.71203613281 1040.28100585938 1030.70886230469 1029.982421875 1036.03979492188 1032.05822753906 1026.14343261719 1027.36059570312 1025.052734375 1017.326171875 1020.49932861328 1015.23944091797 1010.04571533203 1004.27124023438 999.765625 991.012512207031 998.588500976562 995.059204101562 994.687683105469
