data/zlatibor_dem_simulations/DEMsim1.asc
NCOLS 150
NROWS 100
XLLCORNER 7394249
YLLCORNER 4841999
CELLSIZE 30
NODATA_VALUE -9999
[rows 80 to 99 of 100, columns 46 to 91 of 150]
1012.14068603516 1001.23223876953 1008.54553222656 1009.45971679688 1000.27868652344 1007.0849609375 1000.1474609375 1000.74548339844 991.419799804688 986.64892578125 981.266296386719 981.672912597656 986.320678710938 978.217590332031 977.077087402344 984.951538085938 976.811401367188 973.011596679688 977.5400390625 970.57177734375 968.15966796875 979.466979980469 979.075866699219 975.110229492188 984.588256835938 989.80419921875 994.763671875 986.087219238281 982.164489746094 985.915405273438 996.601318359375 998.647399902344 991.863464355469 1006.12829589844 1000.73248291016 1011.09838867188 1014.59680175781 1007.82824707031 1002.73052978516 1002.69494628906 1001.66998291016 994.95703125 984.929992675781 991.880065917969 989.726379394531 989.312438964844
1008.43109130859 1007.57189941406 1006.93756103516 1009.35827636719 1004.37487792969 1008.51812744141 1011.78002929688 996.038879394531 992.957214355469 994.945739746094 984.557006835938 978.019775390625 987.712341308594 979.518981933594 974.594543457031 981.161315917969 989.116333007812 980.499328613281 972.267211914062 974.264587402344 973.294006347656 979.9228515625 976.995422363281 983.173278808594 987.419372558594 991.686645507812 988.212890625 993.089904785156 982.103271484375 984.148803710938 992.427612304688 989.176818847656 994.670959472656 998.888671875 1005.80828857422 1003.02819824219 997.511779785156 1004.39849853516 1004.50158691406 1001.12023925781 996.246215820312 989.194213867188 988.430236816406 991.409423828125 991.832580566406 985.396850585938
1003.31756591797 1014.50933837891 1002.38806152344 1003.33868408203 1000.16186523438 1001.22161865234 1004.88238525391 1002.89202880859 994.412902832031 982.392578125 981.636596679688 986.1865234375 990.3671875 984.922485351562 980.872314453125 981.450988769531 984.496276855469 981.80517578125 982.173217773438 978.677429199219 978.733032226562 978.181823730469 981.724243164062 984.132080078125 990.509033203125 988.848083496094 979.929260253906 980.290405273438 980.256164550781 987.85693359375 992.538024902344 987.591735839844 992.993041992188 999.273559570312 996.028747558594 1002.6025390625 1000.96026611328 1006.26538085938 1003.58935546875 1003.74481201172 999.979187011719 999.900390625 991.245788574219 993.264709472656 996.549133300781 993.867431640625
1006.744140625 1008.77337646484 1002.80572509766 999.304992675781 1004.78833007812 999.68994140625 1010.94177246094 988.996643066406 993.034057617188 981.90673828125 989.630798339844 988.816650390625 991.858520507812 992.407043457031 988.315551757812 983.952514648438 989.227661132812 986.598449707031 985.856811523438 978.226501464844 975.610168457031 982.20556640625 984.275939941406 982.043395996094 993.22412109375 989.0185546875 984.19482421875 986.310729980469 988.026245117188 989.587951660156 989.996215820312 988.079284667969 997.888610839844 997.92333984375 997.199768066406 996.911682128906 999.999084472656 997.039794921875 994.467102050781 1010.11114501953 1005.90692138672 1002.25476074219 999.968017578125 1007.04156494141 1000.64581298828 998.679870605469
996.794372558594 997.758972167969 990.991882324219 993.76953125 1000.48681640625 996.645568847656 1007.35003662109 988.332153320312 985.299682617188 979.124145507812 990.841979980469 992.679748535156 988.016845703125 989.285827636719 988.458374023438 978.193298339844 986.532836914062 990.01025390625 990.188110351562 979.36865234375 981.021301269531 979.916076660156 980.646118164062 990.2734375 991.735290527344 989.054321289062 985.005126953125 986.40966796875 985.084533691406 984.292358398438 990.88037109375 988.068725585938 992.445373535156 997.074401855469 1002.8857421875 1001.32073974609 1006.12646484375 996.408447265625 1003.08679199219 1006.39562988281 1001.02294921875 1003.91448974609 1007.60913085938 1011.94274902344 1001.96606445312 993.906799316406
991.363220214844 990.707641601562 986.754516601562 994.113952636719 997.932983398438 1001.66619873047 1001.21185302734 1002.42047119141 991.771606445312 981.411437988281 982.464416503906 988.681274414062 981.4189453125 994.117370605469 990.351196289062 986.53857421875 986.22021484375 987.293701171875 991.894104003906 982.947204589844 985.588684082031 985.273132324219 984.294494628906 987.211120605469 988.78369140625 991.049255371094 992.370056152344 997.437377929688 989.377136230469 984.929931640625 984.24072265625 978.922241210938 991.236694335938 1000.82818603516 1002.95855712891 1000.63360595703 1006.75659179688 1005.65008544922 1007.59405517578 1008.53771972656 1006.28619384766 1007.09692382812 1012.74761962891 1012.38287353516 1001.61865234375 994.508544921875
989.691772460938 992.575805664062 986.113098144531 989.282836914062 997.631896972656 1004.64770507812 1000.40478515625 1001.77087402344 997.521850585938 991.519592285156 992.381408691406 989.679748535156 987.005737304688 988.311950683594 987.455078125 991.372741699219 987.495788574219 988.237854003906 989.059020996094 982.6103515625 984.606994628906 990.611389160156 982.648010253906 987.743347167969 990.452087402344 992.552978515625 995.767944335938 1002.5263671875 1001.37829589844 987.711303710938 991.352966308594 988.334533691406 992.714904785156 997.309387207031 996.331848144531 993.509643554688 995.378173828125 995.850524902344 1003.49597167969 1010.69702148438 1006.80035400391 1013.40093994141 1006.73565673828 1004.83099365234 1004.57098388672 999.310668945312
988.071472167969 992.205200195312 994.368408203125 996.436706542969 1004.08618164062 1007.08703613281 996.161499023438 997.66259765625 1002.9130859375 993.842224121094 1001.95251464844 997.672058105469 998.329833984375 994.105407714844 985.546813964844 992.595397949219 984.7197265625 980.712158203125 989.043395996094 997.2646484375 991.650146484375 989.704284667969 993.322692871094 988.65966796875 990.694274902344 994.646118164062 989.840576171875 997.566040039062 996.24267578125 995.876281738281 990.394104003906 982.502990722656 993.750244140625 997.229614257812 996.686401367188 997.013305664062 992.419250488281 997.424987792969 1007.55395507812 1012.50494384766 1012.25762939453 1017.29693603516 1002.47540283203 1007.27368164062 1009.00317382812 1007.99108886719
991.136413574219 992.378234863281 1000.78247070312 1001.43737792969 1002.38568115234 1010.79400634766 1002.63098144531 1005.81109619141 1002.49475097656 997.990356445312 1002.97125244141 1002.07916259766 1001.79174804688 1000.06079101562 992.68896484375 990.93408203125 999.24609375 1001.1962890625 990.791625976562 989.750915527344 986.336608886719 994.141418457031 994.561950683594 990.4951171875 992.539123535156 989.5986328125 992.18505859375 996.02392578125 996.547058105469 988.523681640625 990.192626953125 994.631469726562 995.320983886719 994.554809570312 991.128723144531 1000.42663574219 1001.89562988281 1002.21667480469 1002.08685302734 1011.62170410156 1019.59759521484 1007.73638916016 1009.79071044922 1012.54669189453 1012.70965576172 1016.66650390625
976.490661621094 984.980590820312 998.93408203125 999.820861816406 1003.28820800781 1003.28668212891 1001.30151367188 997.597412109375 1001.46655273438 1010.82360839844 1005.28851318359 1003.87005615234 1007.63098144531 1007.17498779297 993.637023925781 999.233032226562 998.10205078125 995.853759765625 992.89892578125 989.354187011719 985.858825683594 988.564575195312 988.764526367188 990.742370605469 995.218139648438 994.887756347656 994.535827636719 996.564697265625 995.439697265625 991.564270019531 994.243835449219 995.189819335938 993.153076171875 996.501892089844 995.677551269531 1003.93469238281 1005.1376953125 1008.98553466797 1002.45251464844 1005.5888671875 1007.57824707031 1013.36846923828 1020.95764160156 1014.51422119141 1010.98199462891 1008.53527832031
981.596008300781 984.648071289062 990.103698730469 989.20361328125 988.184753417969 990.282592773438 999.03076171875 1000.55706787109 999.933715820312 1010.8056640625 1011.56671142578 1010.58355712891 1015.97216796875 1009.21722412109 991.844909667969 994.916564941406 990.266845703125 996.85595703125 993.430297851562 991.337524414062 990.715087890625 999.177551269531 995.804443359375 991.853820800781 992.329772949219 985.823608398438 988.543212890625 987.860046386719 988.033264160156 991.806030273438 996.454650878906 999.773071289062 997.884948730469 995.622131347656 1000.97003173828 996.008361816406 996.659606933594 1004.46362304688 997.209289550781 1004.74487304688 1011.16101074219 1008.20068359375 1010.32934570312 1009.07440185547 1001.17504882812 1007.99060058594
977.722778320312 972.240356445312 975.411010742188 984.605224609375 986.578796386719 1002.91906738281 1014.51373291016 1009.4560546875 1015.63928222656 1011.20837402344 1018.80096435547 1018.22119140625 1011.38177490234 1011.02252197266 1003.02880859375 1000.91766357422 998.002868652344 999.234558105469 991.198120117188 1004.64312744141 999.423217773438 998.170349121094 995.212036132812 997.274597167969 984.833801269531 995.157165527344 986.28369140625 991.113525390625 994.164184570312 996.537902832031 1002.63006591797 1001.90411376953 999.074096679688 999.510559082031 993.664794921875 991.736633300781 997.828063964844 1002.54766845703 1002.75091552734 1009.49700927734 1005.00793457031 1012.37487792969 1010.3564453125 1017.35498046875 1007.25927734375 1017.39361572266
975.286376953125 972.834289550781 974.211608886719 989.347595214844 989.974487304688 994.985046386719 1007.01495361328 1006.4140625 1017.6943359375 1022.19427490234 1019.13848876953 1012.88879394531 1014.80407714844 1020.78820800781 1005.59594726562 1001.41918945312 1001.54437255859 1001.19104003906 1004.91156005859 1007.32171630859 997.916442871094 1001.83917236328 997.289733886719 988.303100585938 999.91748046875 989.164001464844 993.275939941406 991.716247558594 994.868041992188 998.734375 1001.39392089844 1001.91839599609 991.624694824219 997.774658203125 1000.19049072266 997.767578125 1003.21063232422 1002.8896484375 1010.62316894531 1011.17175292969 1005.26171875 1008.73602294922 1013.22534179688 1011.45501708984 1005.33374023438 1016.61871337891
982.170166015625 976.532897949219 972.063110351562 985.068237304688 985.658874511719 1002.87341308594 1000.12109375 1000.64422607422 1006.47106933594 1014.83038330078 1018.63983154297 1025.01489257812 1012.8955078125 1014.12701416016 1007.95562744141 1007.98132324219 1013.34417724609 1012.41467285156 1012.05236816406 1009.14440917969 997.716369628906 997.921569824219 1000.09283447266 999.3984375 1004.11486816406 997.780700683594 1004.37902832031 999.058288574219 998.075073242188 1000.26190185547 995.798461914062 999.170471191406 999.151123046875 999.953308105469 999.87060546875 1003.63684082031 997.197631835938 1000.17346191406 1000.10601806641 1007.04803466797 1000.28912353516 1007.81524658203 1017.85583496094 1013.44158935547 1008.60992431641 1015.56854248047
983.7119140625 986.4013671875 985.561706542969 978.714111328125 983.043212890625 985.018676757812 991.14892578125 996.684753417969 1002.67828369141 1009.18756103516 1019.37603759766 1016.57666015625 1018.21697998047 1014.55224609375 1016.62164306641 1019.49871826172 1021.88604736328 1025.73107910156 1011.01110839844 1006.17669677734 993.27099609375 996.335632324219 999.418823242188 1006.17749023438 1007.58306884766 1005.55395507812 1005.90069580078 1002.66644287109 996.284301757812 1001.03570556641 997.408142089844 996.929138183594 1006.37945556641 1001.19421386719 998.756713867188 1002.50354003906 995.709838867188 997.875183105469 994.829895019531 1002.08013916016 1006.05902099609 1007.50506591797 1007.40728759766 1008.35089111328 1003.31951904297 1011.49371337891
971.698852539062 977.109436035156 988.244262695312 978.198974609375 977.782836914062 985.534301757812 989.669250488281 993.8115234375 996.141540527344 1009.50769042969 1009.81951904297 1004.21264648438 1010.18280029297 1017.26495361328 1016.79913330078 1013.14831542969 1023.10601806641 1019.40875244141 1017.52282714844 1006.74438476562 1002.53515625 999.270385742188 1000.7548828125 1002.45874023438 1005.81555175781 1023.61584472656 1022.2080078125 1013.52410888672 1004.31079101562 1002.85784912109 1000.46429443359 996.010375976562 1003.78198242188 993.471313476562 996.331481933594 1000.78887939453 997.914001464844 999.604125976562 994.932922363281 1005.58026123047 999.028686523438 1001.37243652344 1008.56842041016 1004.46502685547 1007.36383056641 1005.30187988281
969.244506835938 977.298950195312 984.474914550781 985.120300292969 981.640014648438 986.330627441406 980.991821289062 986.714599609375 993.642028808594 1001.48962402344 1001.52722167969 1002.85534667969 1004.50622558594 1010.30059814453 1020.931640625 1023.77868652344 1021.79608154297 1027.29040527344 1017.12982177734 1014.71533203125 1006.64306640625 1006.26373291016 1002.53784179688 1014.47253417969 1020.87841796875 1015.65759277344 1025.63366699219 1016.57183837891 1004.62322998047 1003.28125 1011.61077880859 1004.98205566406 1010.42059326172 1008.48571777344 988.870727539062 994.625610351562 993.108642578125 1009.28344726562 997.601623535156 1009.52478027344 1001.39984130859 1004.16705322266 1006.64965820312 1006.77252197266 1004.91418457031 1007.14587402344
976.180480957031 980.179565429688 979.670837402344 980.765991210938 980.580627441406 983.820068359375 981.813232421875 983.058227539062 994.308044433594 997.517578125 998.80224609375 994.378479003906 1002.61566162109 1010.18133544922 1019.89270019531 1031.27551269531 1032.1533203125 1026.61547851562 1024.07312011719 1021.73828125 1021.77673339844 1021.70941162109 1013.57720947266 1020.84973144531 1020.65643310547 1018.76171875 1009.21240234375 1022.04156494141 1013.49847412109 1009.00469970703 1007.10656738281 1009.65032958984 1005.50939941406 1007.28356933594 1005.63745117188 997.147216796875 1001.66137695312 1008.00555419922 998.833862304688 999.033630371094 999.094543457031 1007.64892578125 1003.65142822266 1006.52972412109 1011.46258544922 1015.46936035156
979.474670410156 980.54541015625 983.829406738281 976.170837402344 977.435974121094 976.957275390625 984.910278320312 985.973510742188 995.31396484375 989.976928710938 993.739685058594 999.379150390625 998.761047363281 1008.01977539062 1018.53228759766 1017.47839355469 1022.11895751953 1027.66528320312 1025.12536621094 1018.89434814453 1022.728515625 1023.14099121094 1021.34948730469 1025.09680175781 1020.30944824219 1022.783203125 1019.77777099609 1022.22125244141 1009.44763183594 1008.52838134766 1009.15985107422 1008.62860107422 1009.44207763672 1007.41754150391 1007.45324707031 1009.54241943359 1008.39654541016 999.369384765625 1013.24041748047 1005.35443115234 999.248291015625 1003.47100830078 1008.91204833984 1010.39337158203 1011.69537353516 1015.09161376953
989.500427246094 984.273681640625 982.593811035156 985.315307617188 981.616760253906 983.470336914062 990.802673339844 994.362731933594 986.05615234375 985.242126464844 990.891540527344 990.554992675781 1002.33776855469 1005.70794677734 1009.166015625 1000.71319580078 1009.76641845703 1022.16619873047 1025.68591308594 1016.12713623047 1016.28454589844 1020.61358642578 1024.65930175781 1018.74346923828 1015.42065429688 1029.923828125 1019.57073974609 1020.75280761719 1022.60272216797 1010.47540283203 1004.34851074219 1002.00042724609 1001.69494628906 1001.11083984375 1011.02117919922 1008.46350097656 1008.02532958984 1000.61663818359 1004.41864013672 1014.90673828125 1014.53448486328 1007.76995849609 1009.18182373047 992.416564941406 996.95751953125 1013.27331542969
