data/zlatibor_dem_simulations/DEMsim18.asc
NCOLS 150
NROWS 100
XLLCORNER 7394249
YLLCORNER 4841999
CELLSIZE 30
NODATA_VALUE -9999
[rows 80 to 99 of 100, columns 0 to 45 of 150]
971.909057617188 961.685302734375 950.995300292969 944.455505371094 941.232421875 938.954345703125 934.934692382812 944.168701171875 946.909790039062 961.874389648438 970.727783203125 975.951110839844 978.286071777344 976.534545898438 972.643188476562 974.1005859375 972.505981445312 973.751647949219 982.170227050781 970.5361328125 973.4482421875 977.402954101562 979.184143066406 984.115356445312 985.50390625 992.732360839844 993.409973144531 997.639099121094 988.341247558594 986.628601074219 984.454895019531 971.7626953125 977.406860351562 978.590454101562 988.168334960938 983.207397460938 983.706848144531 987.407897949219 983.536376953125 987.862915039062 986.130249023438 987.937438964844 999.033508300781 999.379272460938 997.596374511719 999.802062988281
965.742736816406 958.474304199219 947.891723632812 945.353820800781 940.344909667969 941.207702636719 930.482971191406 939.784484863281 941.668090820312 957.545654296875 971.945617675781 968.108581542969 970.643859863281 982.167236328125 966.987182617188 976.843994140625 976.00537109375 973.831237792969 973.566528320312 974.141662597656 967.92822265625 968.220275878906 972.324340820312 972.353881835938 978.260620117188 993.1787109375 991.278137207031 986.079772949219 980.196044921875 979.446655273438 980.453552246094 973.396179199219 970.299499511719 980.531127929688 981.990783691406 985.247924804688 981.538391113281 983.890563964844 976.418273925781 986.069458007812 982.356201171875 993.487121582031 996.76708984375 998.059875488281 994.461181640625 995.409973144531
963.067138671875 954.282470703125 952.112243652344 945.091125488281 937.583190917969 936.220153808594 939.047180175781 943.362609863281 954.309143066406 955.609191894531 971.728759765625 976.846984863281 979.190551757812 973.491394042969 963.351867675781 969.997863769531 972.454467773438 970.819763183594 973.971069335938 962.011413574219 967.12109375 976.718444824219 980.243041992188 971.759338378906 977.672790527344 985.255981445312 986.324279785156 984.00341796875 974.505676269531 968.418823242188 971.600341796875 970.476806640625 969.498779296875 974.794189453125 985.411804199219 990.834777832031 989.029357910156 983.788696289062 985.542602539062 979.932922363281 979.145446777344 989.93212890625 986.673767089844 990.221801757812 996.536315917969 999.325073242188
965.312561035156 958.648193359375 950.007690429688 941.078430175781 940.675476074219 935.070983886719 947.710754394531 949.699279785156 946.807556152344 956.418823242188 968.764343261719 975.093078613281 980.900146484375 967.712646484375 962.484252929688 967.547546386719 972.026306152344 961.701904296875 959.692199707031 964.301696777344 964.743896484375 966.839111328125 973.790161132812 978.51513671875 982.582824707031 981.457397460938 983.294860839844 974.432556152344 967.238525390625 959.262329101562 961.690490722656 961.938354492188 969.557006835938 971.817443847656 969.301818847656 977.54150390625 979.531616210938 982.208435058594 980.108276367188 980.120727539062 977.558715820312 988.617797851562 987.668151855469 979.731140136719 983.587280273438 985.747253417969
964.793640136719 955.03857421875 950.908813476562 945.947265625 949.871704101562 944.975952148438 942.662658691406 944.361938476562 947.641906738281 947.860717773438 955.9912109375 967.804809570312 959.064392089844 950.533386230469 948.02685546875 960.357727050781 963.131164550781 956.099792480469 960.010681152344 956.205078125 955.042358398438 963.515747070312 961.575988769531 967.948059082031 968.595703125 971.241760253906 976.774963378906 968.907897949219 967.325561523438 956.575012207031 961.335754394531 965.13720703125 970.681335449219 965.695556640625 971.963317871094 970.824035644531 971.022216796875 980.543884277344 979.802917480469 988.099426269531 989.156982421875 988.524719238281 989.75439453125 977.855529785156 980.849792480469 985.285888671875
955.82080078125 948.961059570312 953.298278808594 949.295166015625 943.028015136719 941.882019042969 940.658935546875 936.263305664062 938.501831054688 945.179565429688 955.928161621094 952.736877441406 941.166931152344 938.058898925781 957.768920898438 954.590087890625 953.598510742188 964.830871582031 958.530517578125 950.697570800781 948.238647460938 957.7099609375 955.821899414062 959.163757324219 960.040954589844 960.966918945312 963.364624023438 964.732727050781 960.533996582031 961.543273925781 958.203186035156 966.280700683594 970.076416015625 964.527648925781 967.377807617188 966.953369140625 979.774963378906 979.460632324219 978.250122070312 984.637878417969 981.267822265625 981.901428222656 980.846801757812 975.9072265625 977.133117675781 984.304382324219
965.552673339844 950.727600097656 946.397155761719 947.494812011719 950.110595703125 948.526611328125 942.395629882812 937.488037109375 939.703308105469 940.476257324219 943.730773925781 942.375671386719 948.674987792969 947.369262695312 949.483459472656 951.093383789062 950.049011230469 950.586242675781 950.877624511719 951.056579589844 948.371276855469 954.359008789062 949.394958496094 959.076782226562 962.927429199219 958.920227050781 955.926086425781 946.135314941406 952.168029785156 955.687744140625 959.162170410156 963.958923339844 962.585205078125 962.187866210938 957.873901367188 961.839172363281 974.799682617188 972.244995117188 972.570495605469 974.783264160156 986.230834960938 990.658996582031 977.291625976562 980.215576171875 982.7392578125 986.447387695312
959.3486328125 958.712280273438 949.517333984375 946.346740722656 946.423767089844 945.58935546875 950.390563964844 945.716064453125 941.033752441406 943.691467285156 946.127014160156 945.449829101562 946.427795410156 950.434448242188 944.354187011719 949.457824707031 950.000305175781 956.676086425781 962.241516113281 960.060119628906 955.599670410156 962.114379882812 956.908020019531 961.067687988281 962.438293457031 962.895874023438 957.803771972656 956.053527832031 956.64599609375 957.018981933594 968.642883300781 959.435791015625 954.552368164062 956.233276367188 957.126525878906 959.064270019531 967.640502929688 967.895812988281 958.129516601562 976.530944824219 978.488891601562 983.218017578125 976.5458984375 982.157958984375 992.138732910156 991.573913574219
956.442443847656 957.615539550781 957.283081054688 955.726440429688 951.081359863281 950.953796386719 949.885498046875 942.320434570312 944.533386230469 948.996826171875 950.319946289062 945.298278808594 948.640930175781 945.678344726562 947.1611328125 954.314208984375 954.286499023438 957.7109375 961.116333007812 965.30712890625 958.999206542969 970.371765136719 958.927795410156 962.618225097656 963.898071289062 963.919128417969 955.322631835938 962.792541503906 961.921752929688 963.155456542969 963.3505859375 959.829650878906 954.897705078125 959.374206542969 961.228088378906 960.548034667969 964.2783203125 970.7265625 969.878601074219 970.115112304688 973.196960449219 976.490783691406 974.864440917969 975.540954589844 981.826171875 990.418579101562
957.990783691406 965.313598632812 957.043395996094 953.182861328125 953.088989257812 953.43505859375 950.247192382812 941.937805175781 941.8828125 943.402099609375 949.193725585938 947.709350585938 954.976684570312 955.773559570312 958.182922363281 961.828796386719 966.468383789062 967.359741210938 971.940307617188 973.843566894531 972.907836914062 967.290466308594 953.4140625 956.872985839844 956.062194824219 970.807495117188 965.676025390625 955.330810546875 966.630859375 969.60205078125 969.506896972656 966.089233398438 962.770629882812 964.834289550781 968.226013183594 968.387756347656 977.766906738281 976.868408203125 970.256652832031 972.686462402344 963.737426757812 959.484313964844 960.909118652344 970.265563964844 982.080444335938 983.577331542969
970.072814941406 959.565673828125 957.944580078125 955.365417480469 956.181884765625 958.924987792969 948.573486328125 937.784729003906 942.323669433594 947.147583007812 951.770568847656 956.826416015625 964.9169921875 963.201904296875 966.109558105469 971.870910644531 972.711303710938 969.791015625 973.674743652344 975.442138671875 965.728149414062 968.347412109375 958.292114257812 963.594909667969 957.570373535156 961.482849121094 965.797912597656 964.03515625 968.619018554688 967.578735351562 965.137084960938 969.453002929688 965.051330566406 970.240051269531 977.584106445312 983.057495117188 976.081909179688 972.721557617188 974.200500488281 970.408996582031 963.690002441406 963.511291503906 969.836059570312 965.92236328125 970.382080078125 978.077392578125
965.653381347656 957.296203613281 964.038879394531 960.207153320312 956.064453125 949.805053710938 954.520935058594 951.060607910156 946.889038085938 946.766235351562 955.69921875 952.945251464844 961.131896972656 967.097961425781 972.545776367188 972.838317871094 975.900085449219 969.249145507812 970.891052246094 966.92724609375 965.699951171875 967.81982421875 963.627990722656 964.716491699219 966.339111328125 964.441772460938 957.448120117188 964.526794433594 969.428283691406 959.849670410156 961.09716796875 957.714965820312 961.974365234375 968.145446777344 969.388793945312 973.609619140625 976.475219726562 977.640075683594 974.400939941406 966.516540527344 968.269470214844 967.534362792969 965.174072265625 972.166687011719 970.925354003906 980.589965820312
964.385986328125 964.393798828125 964.240417480469 955.343383789062 948.816772460938 953.616760253906 953.846923828125 945.64208984375 955.852905273438 956.804260253906 952.992431640625 948.916381835938 962.882507324219 970.815002441406 973.525573730469 972.111145019531 974.8896484375 973.226806640625 971.073303222656 964.120239257812 972.462768554688 965.841979980469 962.685607910156 964.98193359375 966.539306640625 961.537231445312 956.772094726562 968.27587890625 963.303466796875 963.942077636719 960.981018066406 965.331604003906 968.23974609375 970.148315429688 965.752990722656 971.7509765625 981.826171875 979.479248046875 972.963317871094 971.416259765625 968.814758300781 970.491943359375 964.769348144531 966.761840820312 977.385498046875 976.341674804688
957.87744140625 950.643005371094 962.502685546875 960.667419433594 954.245788574219 951.909790039062 954.712219238281 958.505798339844 959.5859375 958.776428222656 955.252502441406 958.239868164062 967.356506347656 976.420532226562 971.560852050781 974.684204101562 975.907775878906 973.346801757812 969.732421875 965.581298828125 969.862976074219 975.413696289062 970.547180175781 970.288879394531 965.325805664062 965.1552734375 962.727355957031 964.927307128906 961.287658691406 964.381164550781 968.065490722656 976.81298828125 965.07421875 966.980712890625 971.770263671875 970.590637207031 973.313842773438 981.596557617188 978.607604980469 977.1650390625 966.020385742188 975.592102050781 973.865234375 970.922973632812 974.538452148438 972.691833496094
957.985900878906 948.330993652344 953.473754882812 962.012512207031 964.882141113281 951.739379882812 954.885192871094 960.548156738281 952.419494628906 949.351135253906 947.366882324219 954.98291015625 979.354187011719 986.515625 984.289306640625 970.781372070312 980.622924804688 972.226440429688 963.714050292969 966.953002929688 969.195556640625 969.741577148438 979.781127929688 970.503173828125 974.708618164062 969.027770996094 960.194274902344 958.378723144531 955.307434082031 964.71044921875 972.042358398438 970.635498046875 964.172302246094 967.359375 968.793762207031 974.8642578125 973.798828125 967.473022460938 969.914611816406 974.099609375 974.478454589844 977.133850097656 973.398559570312 974.737854003906 978.650634765625 974.781372070312
954.7861328125 960.835876464844 959.206848144531 963.195129394531 956.869323730469 955.079772949219 959.49853515625 960.975280761719 958.289001464844 948.945739746094 950.5849609375 968.596618652344 986.221252441406 981.581115722656 982.861999511719 973.124572753906 977.033264160156 981.253601074219 972.130554199219 972.603881835938 975.630554199219 973.672912597656 972.739074707031 981.604797363281 974.8203125 977.216796875 975.802185058594 959.003051757812 958.864501953125 967.190246582031 969.059997558594 963.492858886719 962.778198242188 971.725341796875 967.522338867188 974.932556152344 967.475158691406 960.818176269531 977.786682128906 982.437133789062 983.287902832031 981.534362792969 981.554260253906 977.759643554688 976.693237304688 978.386291503906
960.840270996094 959.032104492188 952.719909667969 953.541687011719 954.408813476562 956.9921875 961.809936523438 957.04541015625 946.923522949219 951.212524414062 963.650085449219 971.475280761719 983.524780273438 983.204162597656 978.754028320312 980.607421875 979.640319824219 980.630493164062 972.099182128906 973.739807128906 976.131591796875 986.24462890625 984.636657714844 982.319946289062 978.233764648438 977.821655273438 977.326232910156 963.319885253906 962.186401367188 963.052917480469 965.051025390625 968.27490234375 970.094909667969 965.356506347656 967.325622558594 972.575500488281 969.646057128906 968.326477050781 978.4697265625 981.203308105469 978.40234375 972.329223632812 976.513427734375 969.62939453125 976.714477539062 969.273864746094
960.974731445312 951.852416992188 949.333618164062 955.7783203125 957.926391601562 962.787231445312 960.748718261719 950.126831054688 944.506958007812 952.772827148438 961.005920410156 974.776550292969 979.430603027344 983.255737304688 990.473327636719 983.673217773438 986.973327636719 980.29541015625 973.900451660156 980.098999023438 977.561157226562 975.765869140625 979.147827148438 976.124145507812 978.700561523438 975.481323242188 977.1162109375 975.698120117188 967.935180664062 965.039001464844 962.168701171875 969.129333496094 964.978210449219 964.660034179688 968.080993652344 976.974731445312 976.272827148438 973.435180664062 972.396667480469 981.061828613281 981.749267578125 982.423278808594 979.524047851562 976.102294921875 970.814819335938 972.680236816406
960.803100585938 953.278503417969 960.071960449219 962.066589355469 965.934631347656 959.695739746094 952.165405273438 949.012817382812 953.775512695312 956.409362792969 960.376953125 967.482666015625 979.951354980469 986.506652832031 991.378601074219 987.894958496094 984.790283203125 981.787658691406 975.359985351562 989.514404296875 988.087585449219 979.631225585938 978.796813964844 986.156311035156 984.634582519531 981.143432617188 971.297607421875 976.324340820312 974.149353027344 966.548828125 963.969787597656 962.262084960938 964.797058105469 961.548278808594 969.913330078125 978.914001464844 982.13037109375 971.601806640625 969.503662109375 980.55078125 989.233032226562 981.769592285156 982.623107910156 973.015991210938 970.832153320312 976.610046386719
962.156433105469 970.543701171875 966.839538574219 960.486694335938 964.751586914062 950.134643554688 947.084411621094 948.447082519531 958.040832519531 965.631958007812 973.345397949219 976.321960449219 984.36376953125 983.735656738281 987.357238769531 985.664489746094 992.392578125 983.3701171875 978.640075683594 985.649475097656 988.011474609375 979.645263671875 977.735961914062 986.676513671875 991.158874511719 983.694458007812 979.085998535156 970.424194335938 964.391235351562 963.220458984375 960.74462890625 955.825805664062 960.732482910156 967.128173828125 969.375122070312 979.038635253906 976.752624511719 983.987548828125 974.309814453125 977.420349121094 986.844604492188 981.804321289062 978.374084472656 973.629516601562 974.203125 976.651672363281
