data/zlatibor_dem_simulations/DEMsim55.asc
NCOLS 150
NROWS 100
XLLCORNER 7394249
YLLCORNER 4841999
CELLSIZE 30
NODATA_VALUE -9999
[rows 0 to 19 of 100, columns 0 to 45 of 150]
1017.48095703125 1014.39312744141 1006.32897949219 1003.63189697266 1002.9365234375 999.574523925781 996.119689941406 1004.88323974609 1015.48767089844 1017.26385498047 1011.73773193359 1014.18286132812 1018.39562988281 1016.29779052734 1009.83123779297 1004.15240478516 1007.44085693359 1004.40698242188 1011.70867919922 1019.26654052734 1028.52954101562 1032.84704589844 1030.87731933594 1029.58264160156 1032.50122070312 1037.19128417969 1033.55053710938 1032.78735351562 1038.9453125 1037.99267578125 1032.96166992188 1032.81823730469 1032.28991699219 1026.67541503906 1031.85095214844 1029.03149414062 1024.626953125 1008.97039794922 1003.19000244141 1001.201171875 998.226745605469 990.933959960938 992.249450683594 993.852966308594 995.685485839844 994.0166015625
1016.71203613281 1014.40576171875 1000.33709716797 1007.59484863281 1005.49340820312 1001.17419433594 1005.53112792969 1011.62963867188 1018.98657226562 1010.42761230469 1020.42065429688 1013.40197753906 1009.65118408203 1010.76507568359 1007.46398925781 1009.69403076172 999.910217285156 1009.97265625 1017.91558837891 1018.94458007812 1030.6923828125 1029.87548828125 1025.68640136719 1031.58337402344 1026.97119140625 1030.82946777344 1032.04211425781 1038.06579589844 1047.15478515625 1038.87219238281 1034.20495605469 1036.94323730469 1033.95422363281 1042.47546386719 1037.19860839844 1042.13159179688 1029.18493652344 1018.58172607422 1012.67181396484 1008.23486328125 1004.39526367188 999.648559570312 996.930847167969 1005.82495117188 1005.60620117188 998.632507324219
1014.13067626953 1012.48541259766 1009.64562988281 1003.65563964844 1001.15185546875 1002.88494873047 1002.94812011719 1001.20397949219 1010.44964599609 1009.68322753906 1011.60137939453 1008.33648681641 1006.22698974609 1004.85034179688 1005.04058837891 1004.03747558594 1008.2587890625 1016.98553466797 1017.73382568359 1022.06805419922 1029.16638183594 1038.40454101562 1032.52453613281 1033.36364746094 1031.59875488281 1030.83874511719 1031.06970214844 1028.65625 1035.33483886719 1035.44030761719 1036.0185546875 1031.88366699219 1024.4140625 1035.7001953125 1036.21276855469 1037.28076171875 1037.44287109375 1023.55645751953 1013.74981689453 1008.72717285156 1000.66851806641 1004.29443359375 1001.51318359375 995.096130371094 1006.20281982422 993.874572753906
1018.37768554688 1016.44964599609 1007.3095703125 1002.48358154297 997.031188964844 1006.13000488281 1012.98754882812 1013.67364501953 1009.87829589844 1014.94421386719 1011.89239501953 1012.10070800781 1009.75970458984 1009.38409423828 1005.38488769531 1007.95745849609 1013.93316650391 1020.61956787109 1020.21734619141 1023.24981689453 1023.7900390625 1024.74377441406 1030.33459472656 1031.17663574219 1029.0830078125 1019.68731689453 1023.70129394531 1017.85241699219 1018.05053710938 1016.50390625 1030.22485351562 1030.13427734375 1024.49462890625 1038.69799804688 1037.99670410156 1041.19140625 1030.46264648438 1029.07043457031 1012.46502685547 1003.6298828125 1002.75604248047 992.660217285156 998.572265625 998.639404296875 999.473876953125 990.431518554688
1017.02740478516 1013.06018066406 1008.98779296875 994.915954589844 997.2412109375 1007.06597900391 1013.12164306641 1019.60125732422 1018.1923828125 1009.125 1011.64788818359 1017.05236816406 1004.39837646484 1002.04125976562 1003.06597900391 1007.26019287109 1012.22845458984 1021.64599609375 1023.93170166016 1020.63854980469 1024.44055175781 1036.68322753906 1034.32739257812 1030.48974609375 1029.98571777344 1020.34649658203 1018.93371582031 1018.35241699219 1018.37384033203 1013.86297607422 1024.27062988281 1026.51098632812 1029.07849121094 1022.84393310547 1027.58984375 1034.78918457031 1026.20202636719 1019.27673339844 1012.38226318359 1000.66058349609 1007.53765869141 1002.07159423828 999.669494628906 998.332946777344 997.539611816406 992.706787109375
1009.89782714844 1008.05743408203 1006.68054199219 997.158142089844 1000.67614746094 1002.80908203125 1007.57867431641 1012.16076660156 1012.31506347656 1008.03967285156 1009.21936035156 1001.41552734375 1000.83392333984 1007.25 1011.38122558594 1017.26818847656 1025.63000488281 1030.02197265625 1028.65686035156 1029.56982421875 1027.88928222656 1032.38549804688 1037.7392578125 1027.06237792969 1031.5009765625 1023.31921386719 1008.23126220703 1006.16339111328 1009.17895507812 1014.71002197266 1017.17767333984 1020.38659667969 1021.21337890625 1019.38018798828 1019.42932128906 1020.29193115234 1027.25305175781 1016.80920410156 1012.34838867188 1008.5810546875 1004.48352050781 1004.52014160156 994.998291015625 994.625732421875 997.648315429688 991.123657226562
1000.28747558594 997.006225585938 1003.40423583984 992.048889160156 1000.66131591797 999.790283203125 1011.90393066406 1012.84094238281 1007.68060302734 1013.88665771484 1012.44561767578 1007.21087646484 996.6181640625 995.518493652344 998.872375488281 1017.59948730469 1021.11187744141 1031.25134277344 1029.53271484375 1030.06787109375 1021.31298828125 1034.58349609375 1035.08520507812 1032.47924804688 1029.34130859375 1021.26177978516 1014.04504394531 1007.98291015625 1008.13427734375 1016.00549316406 1018.63354492188 1026.64575195312 1022.35705566406 1017.15045166016 1023.98645019531 1024.21850585938 1023.42822265625 1017.16314697266 1012.00036621094 1007.56567382812 1006.93090820312 995.940551757812 996.1259765625 995.16064453125 996.308898925781 991.038208007812
1001.90789794922 998.044067382812 993.144836425781 995.17236328125 994.205688476562 998.514282226562 1006.66467285156 1010.92578125 1013.84075927734 1017.33837890625 1005.916015625 1001.17102050781 994.758728027344 994.990966796875 997.245788574219 1006.43969726562 1015.92822265625 1019.20166015625 1019.44189453125 1024.259765625 1025.50146484375 1025.8251953125 1026.11853027344 1029.38757324219 1026.01550292969 1018.58349609375 1010.24481201172 1006.41723632812 1000.97381591797 1004.78527832031 1007.91101074219 1009.30291748047 1020.60339355469 1016.46398925781 1018.36853027344 1011.75592041016 1014.87933349609 1012.29425048828 1016.58648681641 1016.31475830078 1002.63824462891 994.238586425781 995.535339355469 993.958618164062 994.282287597656 985.406066894531
994.505920410156 995.937194824219 988.626403808594 994.171875 990.516540527344 1000.07855224609 998.066162109375 1007.08654785156 1014.15747070312 1007.6123046875 1004.16052246094 996.882202148438 995.963623046875 1001.86401367188 1008.12854003906 1006.3017578125 1005.8203125 1014.56164550781 1017.193359375 1012.71594238281 1024.61694335938 1028.29711914062 1024.36645507812 1029.51220703125 1023.79406738281 1017.75109863281 1012.32067871094 1002.22265625 998.191162109375 1000.01940917969 1009.70361328125 1009.33758544922 1017.94097900391 1022.94653320312 1019.42425537109 1019.90533447266 1017.72839355469 1012.03662109375 1006.50109863281 1013.04034423828 1003.10107421875 1001.39465332031 1001.46905517578 998.627746582031 992.3828125 994.617248535156
983.640808105469 985.047424316406 985.139282226562 992.957824707031 992.188781738281 987.923706054688 991.999328613281 995.9677734375 995.272766113281 999.795104980469 993.916809082031 994.643432617188 997.917907714844 999.228088378906 1008.38702392578 998.084289550781 1014.30010986328 1011.92633056641 1015.03076171875 1022.00787353516 1028.15795898438 1022.14038085938 1016.28167724609 1011.92730712891 1020.82836914062 1013.33953857422 1001.85229492188 1005.91345214844 1003.83178710938 1009.05908203125 1010.74597167969 1011.78753662109 1009.42132568359 1014.23614501953 1016.31506347656 1016.56274414062 1016.37530517578 1007.23742675781 1004.48236083984 1007.19976806641 1003.85675048828 1000.00482177734 1005.36419677734 1007.31988525391 1003.80609130859 1009.75921630859
983.863708496094 990.4306640625 989.117248535156 990.684997558594 988.158081054688 992.057678222656 997.056640625 1000.86657714844 998.002746582031 997.452026367188 991.035766601562 992.791442871094 990.776428222656 999.127014160156 1004.81213378906 1005.08392333984 1010.21044921875 1006.25958251953 1009.84521484375 1020.25103759766 1023.150390625 1010.06823730469 1016.36846923828 1013.08209228516 1012.18829345703 1005.6220703125 1002.61572265625 1004.87280273438 1001.17730712891 1003.44146728516 997.855346679688 1001.95526123047 1010.03210449219 1020.89471435547 1023.69592285156 1021.58221435547 1017.53643798828 1008.54107666016 1006.755859375 1004.40673828125 1003.92596435547 1001.09790039062 1008.57080078125 1005.26135253906 1014.24835205078 1012.61303710938
987.263854980469 993.240844726562 990.236999511719 1005.4443359375 992.610229492188 989.915954589844 993.825866699219 990.889770507812 995.455871582031 994.829895019531 983.834411621094 994.458435058594 991.439331054688 991.711120605469 996.052429199219 999.654846191406 999.598022460938 999.234252929688 1004.35455322266 1013.28149414062 1008.93933105469 1008.75671386719 1006.52789306641 1004.01641845703 1004.98736572266 1004.29333496094 1004.09460449219 1001.94470214844 1011.36700439453 1008.88989257812 1009.54669189453 1004.12725830078 1003.94012451172 1018.748046875 1018.2705078125 1019.74639892578 1009.40698242188 1009.10070800781 1007.75317382812 1008.986328125 1005.85430908203 1002.16552734375 1012.38464355469 1015.50354003906 1020.28515625 1015.83044433594
988.362426757812 988.906311035156 990.395202636719 986.770690917969 994.401977539062 992.984497070312 988.259033203125 989.870483398438 995.678894042969 990.387512207031 991.892578125 986.667846679688 982.461791992188 993.478820800781 979.910034179688 989.62353515625 999.609191894531 1006.43298339844 1009.80255126953 1019.08056640625 1014.23785400391 1011.98034667969 1003.55358886719 997.360900878906 998.359436035156 999.527099609375 999.394714355469 990.928039550781 1005.40600585938 1010.44598388672 1005.20806884766 1000.12268066406 1004.09399414062 1017.45288085938 1018.52679443359 1020.85998535156 1017.27569580078 1018.72033691406 1023.87127685547 1020.40222167969 1021.26177978516 1015.80603027344 1017.09411621094 1023.60424804688 1026.80554199219 1022.87451171875
998.499389648438 998.680725097656 997.359008789062 988.693054199219 980.277893066406 987.58837890625 986.949951171875 993.154052734375 992.444580078125 993.779235839844 980.632995605469 986.077880859375 979.582763671875 988.014709472656 987.938110351562 989.365539550781 998.491149902344 1000.77746582031 1002.04968261719 1012.34552001953 1012.48638916016 1012.75476074219 999.42919921875 997.137817382812 981.056213378906 989.447570800781 992.114379882812 995.846801757812 1003.16369628906 1008.57556152344 1006.47784423828 1019.9306640625 1031.30078125 1025.00598144531 1027.51025390625 1034.54797363281 1032.02880859375 1030.11706542969 1024.63354492188 1028.67736816406 1029.53588867188 1032.55187988281 1025.37951660156 1027.53308105469 1029.79772949219 1019.98394775391
994.051818847656 997.2421875 988.939575195312 978.548522949219 976.304504394531 982.397888183594 981.7763671875 985.505310058594 989.445922851562 985.325012207031 989.59375 981.783264160156 976.905395507812 978.681762695312 982.689880371094 978.257263183594 989.054443359375 995.524230957031 1003.46667480469 1012.68597412109 1005.88421630859 1003.1298828125 989.832397460938 986.251403808594 991.45361328125 985.398071289062 985.605834960938 994.555419921875 1005.99011230469 1013.51605224609 1016.26696777344 1018.65399169922 1025.01110839844 1029.26586914062 1023.02575683594 1031.99279785156 1040.58947753906 1040.09741210938 1035.89721679688 1038.08605957031 1041.57922363281 1043.47961425781 1034.57385253906 1030.07556152344 1020.83166503906 1020.22314453125
985.898559570312 1000.16473388672 987.307250976562 972.328247070312 964.046691894531 974.29443359375 978.69482421875 990.673645019531 989.559875488281 993.630615234375 987.381774902344 972.036315917969 976.653076171875 973.559936523438 969.625 975.65625 975.982116699219 988.950317382812 997.205017089844 1000.99517822266 1001.54357910156 997.122802734375 981.731689453125 989.873229980469 992.237182617188 988.036193847656 989.52880859375 995.983642578125 1004.95770263672 1010.35211181641 1017.22021484375 1020.2646484375 1025.34106445312 1027.62780761719 1031.69653320312 1030.77770996094 1035.32214355469 1040.65087890625 1043.40979003906 1046.42932128906 1047.06945800781 1035.93041992188 1034.3095703125 1029.99975585938 1030.02600097656 1015.71392822266
981.795104980469 989.320434570312 989.251647949219 973.059692382812 960.040954589844 967.718139648438 983.438110351562 988.073120117188 988.618103027344 984.577209472656 976.345764160156 968.977600097656 967.773559570312 974.8681640625 964.076171875 965.397705078125 973.364929199219 983.912048339844 990.5556640625 998.436767578125 997.151000976562 988.835632324219 986.637512207031 988.197448730469 997.742797851562 996.647155761719 1003.37145996094 1005.69836425781 1005.26379394531 1016.39086914062 1023.19964599609 1027.89147949219 1024.36828613281 1018.72491455078 1024.25219726562 1025.86181640625 1034.79565429688 1039.36499023438 1046.39794921875 1042.50378417969 1042.54602050781 1037.13879394531 1044.10729980469 1044.11120605469 1030.67944335938 1021.25915527344
979.455688476562 982.361633300781 990.016662597656 981.290710449219 970.359130859375 963.271423339844 979.501159667969 989.663635253906 988.213745117188 979.746337890625 972.996032714844 966.61962890625 963.513488769531 966.589477539062 965.918334960938 969.381774902344 970.092712402344 980.314697265625 983.377624511719 988.88037109375 987.111511230469 982.56201171875 977.275634765625 985.769470214844 993.461486816406 1000.52160644531 1004.56164550781 1010.23675537109 1010.3037109375 1011.00561523438 1017.32458496094 1017.43951416016 1021.90972900391 1020.60760498047 1015.60821533203 1021.20806884766 1025.86145019531 1039.30224609375 1040.95886230469 1037.2197265625 1042.65856933594 1046.41796875 1052.05554199219 1052.91015625 1028.66479492188 1016.12658691406
972.5888671875 977.509948730469 980.217102050781 969.731750488281 964.331604003906 967.094848632812 970.561462402344 984.715148925781 988.45556640625 970.742553710938 973.209899902344 973.869201660156 959.268188476562 957.865234375 970.377075195312 968.976440429688 974.288391113281 972.513061523438 978.382385253906 977.983520507812 979.467346191406 981.723205566406 975.109558105469 978.519897460938 989.940612792969 994.202270507812 1005.44116210938 1004.00988769531 1005.11791992188 1005.05242919922 1005.04284667969 1011.26715087891 1014.24176025391 1020.71667480469 1016.83453369141 1023.87084960938 1027.57775878906 1029.07702636719 1031.46520996094 1036.84362792969 1040.69714355469 1035.64172363281 1038.59765625 1049.1884765625 1033.45458984375 1022.83032226562
975.734558105469 979.315490722656 976.993041992188 969.389404296875 963.0400390625 963.015319824219 970.388305664062 969.732727050781 967.971496582031 963.211608886719 955.800476074219 958.969482421875 961.775451660156 959.828369140625 970.6552734375 972.527038574219 978.127258300781 964.446533203125 971.009704589844 975.154296875 966.688171386719 976.283325195312 982.299621582031 983.050415039062 991.828430175781 1004.328125 1008.4921875 1004.78448486328 1002.12097167969 1004.37548828125 1012.34613037109 1022.53973388672 1020.75549316406 1026.19384765625 1023.82885742188 1025.31506347656 1028.33581542969 1031.82482910156 1033.89038085938 1032.74597167969 1036.10375976562 1046.30004882812 1040.78137207031 1038.93566894531 1030.66662597656 1018.20324707031
