data/zlatibor_dem_simulations/DEMsim97.asc
NCOLS 150
NROWS 100
XLLCORNER 7394249
YLLCORNER 4841999
CELLSIZE 30
NODATA_VALUE -9999
[rows 20 to 39 of 100, columns 46 to 91 of 150]
1008.54949951172 1009.17456054688 1004.86114501953 1001.31372070312 999.99609375 1002.45196533203 1009.44342041016 1009.92718505859 1009.90325927734 1010.16516113281 1004.37707519531 1010.173828125 1013.85845947266 1009.06182861328 1016.5234375 1019.19592285156 1023.93145751953 1014.76605224609 1021.59692382812 1022.56243896484 1022.13415527344 1024.46545410156 1022.22619628906 1029.67321777344 1029.697265625 1030.32751464844 1020.53729248047 1017.37316894531 1007.66760253906 1004.50305175781 1007.74792480469 1005.94854736328 1006.22174072266 1002.23901367188 1004.65905761719 1002.71966552734 997.135864257812 1007.77471923828 1005.37371826172 999.326416015625 990.125793457031 979.705932617188 979.369934082031 982.892883300781 988.87744140625 989.646179199219
1008.35333251953 1001.33160400391 1009.31744384766 1003.21765136719 1002.14477539062 1001.81530761719 1003.70892333984 1003.60241699219 1009.77453613281 1015.55126953125 1004.89855957031 1012.51123046875 1013.63092041016 1007.04504394531 1014.72406005859 1018.40710449219 1030.55529785156 1018.87701416016 1013.55120849609 1019.61883544922 1025.10327148438 1026.05859375 1023.92767333984 1021.96594238281 1021.35772705078 1020.50219726562 1013.74114990234 1020.24639892578 1017.60046386719 1006.34741210938 1006.69537353516 1010.36901855469 1001.36822509766 1001.05950927734 1008.48944091797 1006.11370849609 997.3876953125 1002.35510253906 1008.80920410156 997.490173339844 994.181945800781 986.849304199219 990.43408203125 996.5908203125 993.058715820312 996.710205078125
1003.05682373047 1003.46997070312 1003.24353027344 1006.70989990234 1000.66076660156 991.212646484375 1001.54400634766 996.479675292969 1012.45281982422 1014.56817626953 1009.84118652344 1014.19799804688 1009.55236816406 1010.00860595703 1005.02783203125 1009.20538330078 1016.892578125 1010.10565185547 1014.05670166016 1014.55535888672 1021.44537353516 1026.24621582031 1025.58508300781 1020.59594726562 1013.04187011719 1019.06018066406 1013.38842773438 1017.08178710938 1008.51849365234 1009.00354003906 1001.71820068359 1012.20764160156 1007.07385253906 1006.28143310547 1005.3701171875 1014.28820800781 998.251831054688 1010.30743408203 1011.65502929688 1007.13110351562 1000.67370605469 996.509887695312 1001.69287109375 1005.57330322266 1002.42846679688 1004.07263183594
1001.20104980469 1010.0126953125 1005.05004882812 997.946716308594 993.440307617188 985.273010253906 988.887512207031 1006.30078125 1014.33489990234 1010.75573730469 1015.31805419922 1004.42193603516 1008.85028076172 1005.09301757812 1004.27758789062 1006.25469970703 1008.66876220703 1005.171875 1021.32971191406 1017.26531982422 1026.65551757812 1028.35107421875 1029.47863769531 1017.81243896484 1013.79693603516 1012.56372070312 1012.43005371094 1006.45318603516 1009.96740722656 1005.28204345703 1003.04913330078 1003.82818603516 1013.42230224609 1008.53979492188 1002.35784912109 998.967834472656 992.476989746094 1002.57708740234 1014.88970947266 1001.78656005859 1009.41986083984 1007.97253417969 1016.03570556641 1012.75451660156 1008.77069091797 1002.08630371094
998.898986816406 995.815673828125 995.97119140625 989.813720703125 990.105712890625 995.115844726562 990.704895019531 1000.55084228516 1004.25042724609 1001.67578125 1016.00335693359 1011.63610839844 1014.15740966797 1009.39337158203 1009.34063720703 995.064147949219 1000.33435058594 1002.07080078125 1006.43853759766 1013.91882324219 1009.78082275391 1026.72009277344 1024.54431152344 1025.52954101562 1005.84088134766 1003.740234375 1004.52874755859 1004.16070556641 1008.01501464844 1010.59558105469 1006.18286132812 1016.24938964844 1020.32385253906 1008.13262939453 1019.56640625 1005.11865234375 1001.81616210938 1002.56378173828 1011.60662841797 1007.10321044922 1009.25329589844 1021.00335693359 1019.95153808594 1015.07391357422 1008.76202392578 1005.74761962891
994.247131347656 1001.10681152344 992.224853515625 989.494567871094 989.828491210938 994.210510253906 995.584045410156 996.614562988281 1002.47735595703 1006.91979980469 1009.90551757812 1012.61303710938 1004.44616699219 1013.001953125 1006.33746337891 999.309265136719 999.39208984375 998.346496582031 1002.38726806641 1008.21398925781 1018.69165039062 1020.24267578125 1019.88000488281 1019.70928955078 1015.74859619141 1000.43255615234 1000.38049316406 1003.42077636719 999.92236328125 1007.08117675781 1010.70343017578 1008.99768066406 1007.05377197266 1002.76257324219 1009.82464599609 1005.70526123047 999.999572753906 1006.49206542969 1013.84790039062 1015.90747070312 1012.83203125 1018.517578125 1018.14007568359 1025.38000488281 1017.44909667969 1010.81597900391
992.468383789062 997.976623535156 988.208312988281 991.045593261719 987.257629394531 983.569213867188 987.69189453125 986.711791992188 994.062683105469 994.783020019531 999.173400878906 997.313720703125 1003.4853515625 1007.93334960938 1003.77331542969 994.018737792969 996.434020996094 986.303405761719 997.4521484375 1008.32830810547 1014.91394042969 1009.39971923828 1010.36492919922 1011.00152587891 1007.35443115234 1004.91668701172 1000.80541992188 997.686340332031 998.773254394531 997.088073730469 993.145935058594 999.762939453125 1001.59210205078 1005.2666015625 1000.07299804688 995.954772949219 1004.94421386719 1005.60968017578 1008.68115234375 1009.18438720703 1017.12872314453 1019.53875732422 1013.96362304688 1021.34130859375 1018.07293701172 1016.09210205078
990.484252929688 992.481689453125 985.414733886719 989.175720214844 984.16064453125 978.941833496094 973.981689453125 976.435424804688 987.713989257812 994.957336425781 996.974426269531 996.067687988281 992.940673828125 994.705261230469 1003.18670654297 1000.44384765625 993.766235351562 991.497741699219 992.894775390625 999.460205078125 1001.76098632812 1005.66259765625 1006.06140136719 1009.83758544922 1005.42742919922 999.888305664062 1003.07830810547 1000.15502929688 996.441345214844 1004.05523681641 999.518371582031 1002.92462158203 1007.85803222656 999.862854003906 990.312622070312 990.499816894531 997.837829589844 998.057678222656 1005.67358398438 1008.69763183594 1016.26763916016 1009.33850097656 1021.77209472656 1020.49169921875 1021.79516601562 1021.70135498047
985.073913574219 991.772155761719 984.708862304688 980.701904296875 972.223999023438 976.310302734375 974.797546386719 979.605529785156 979.263549804688 978.974243164062 986.642944335938 998.2451171875 991.911071777344 991.652954101562 998.098510742188 1003.46569824219 995.2236328125 994.820129394531 992.644165039062 1004.46417236328 1002.33514404297 999.305480957031 1006.96282958984 998.956909179688 1005.96081542969 998.991027832031 1001.98175048828 1008.02880859375 1004.12615966797 1003.98034667969 1005.31701660156 1005.96313476562 1001.08422851562 990.916625976562 988.25537109375 992.242614746094 1002.95819091797 1004.75103759766 1008.94091796875 1011.70660400391 1014.26556396484 1017.17956542969 1016.70080566406 1014.25122070312 1019.23052978516 1022.63677978516
992.005676269531 989.028869628906 982.522888183594 974.144226074219 966.613464355469 969.034057617188 978.086486816406 977.792053222656 983.561950683594 982.510620117188 998.052551269531 987.896118164062 991.185363769531 993.698303222656 1001.03295898438 994.249694824219 995.00927734375 996.873779296875 996.814880371094 1001.05865478516 1003.78790283203 1009.45123291016 1004.26495361328 1003.78381347656 1008.3603515625 1001.49151611328 995.295166015625 1008.59490966797 1000.27020263672 996.342468261719 1003.85284423828 1003.66564941406 998.672546386719 992.331604003906 995.549987792969 994.080993652344 1001.07086181641 1008.39819335938 1009.88299560547 1014.92327880859 1017.03094482422 1015.31378173828 1015.85949707031 1017.57836914062 1021.37103271484 1021.36517333984
990.39501953125 996.059997558594 982.064758300781 972.54345703125 972.853881835938 971.793762207031 983.502014160156 977.893798828125 990.381958007812 985.380432128906 988.4736328125 992.969421386719 993.823913574219 995.891723632812 996.42431640625 994.224609375 994.432312011719 992.396301269531 1005.29211425781 1002.82391357422 998.152282714844 1002.66540527344 1004.51940917969 1003.07995605469 1005.23486328125 994.907653808594 996.841613769531 994.535949707031 991.778930664062 996.631286621094 998.052795410156 995.100463867188 992.464172363281 994.031127929688 996.587219238281 999.782348632812 1006.24139404297 1005.22790527344 1001.69604492188 1005.90148925781 1000.46276855469 1002.30139160156 1017.50360107422 1018.01232910156 1016.74456787109 1016.58001708984
990.221069335938 995.907104492188 981.220886230469 975.443481445312 971.414245605469 975.00732421875 980.470458984375 978.98779296875 991.366027832031 992.839294433594 983.751953125 984.580444335938 994.458435058594 994.620300292969 986.553344726562 990.672973632812 990.841369628906 1001.01953125 1004.58465576172 994.443603515625 991.569519042969 996.860656738281 996.7109375 1003.57275390625 1001.28729248047 993.094665527344 992.711120605469 993.128845214844 985.927490234375 992.422058105469 993.837280273438 999.050109863281 995.301635742188 996.375061035156 996.830688476562 1008.64953613281 1008.22308349609 1003.88323974609 1002.69256591797 1001.99859619141 998.861511230469 994.299194335938 1000.59234619141 1008.8359375 1011.49975585938 1010.68646240234
982.188720703125 984.965087890625 979.80078125 979.46728515625 975.205688476562 978.640808105469 977.971130371094 977.789123535156 981.294006347656 983.610900878906 984.364685058594 978.929504394531 989.322448730469 985.342895507812 987.675476074219 987.071228027344 987.844665527344 996.304504394531 994.489379882812 983.089172363281 989.526977539062 991.043212890625 995.610107421875 995.913146972656 993.797302246094 984.207275390625 989.135437011719 995.459228515625 990.073669433594 994.215209960938 998.330383300781 1000.52209472656 996.586547851562 1003.36840820312 995.859558105469 1002.86083984375 1010.59106445312 1004.27746582031 1003.29418945312 1000.677734375 995.723754882812 997.994689941406 1001.56604003906 1007.30676269531 1020.10479736328 1010.46502685547
981.754333496094 981.372619628906 977.851867675781 988.400939941406 981.648376464844 979.842468261719 972.539489746094 972.300659179688 977.200256347656 980.757568359375 987.626403808594 984.785766601562 980.869873046875 976.746643066406 982.8828125 982.437255859375 988.155883789062 992.799865722656 997.113403320312 994.586669921875 984.896728515625 990.711120605469 992.141052246094 991.615173339844 990.405639648438 978.328918457031 987.273315429688 985.2021484375 990.955505371094 989.476623535156 989.03173828125 991.772827148438 998.9013671875 1001.68341064453 1006.56475830078 1001.0263671875 1008.41925048828 1006.80694580078 1004.25598144531 1000.32452392578 993.388854980469 990.932006835938 994.719421386719 1007.32879638672 1012.20379638672 1013.62060546875
980.529235839844 969.827392578125 978.870300292969 981.948669433594 979.680480957031 983.937316894531 981.970947265625 973.360290527344 979.171752929688 978.268127441406 984.294860839844 981.054809570312 977.042541503906 979.276306152344 977.829956054688 975.255920410156 981.091613769531 989.062377929688 976.928771972656 991.95654296875 982.647399902344 983.177978515625 989.169677734375 988.255065917969 978.903442382812 980.791137695312 980.76220703125 983.929138183594 978.940979003906 978.327758789062 982.4931640625 995.267944335938 997.211853027344 992.296020507812 990.749450683594 999.246948242188 1012.19537353516 1007.55676269531 997.274780273438 1001.61828613281 992.910217285156 986.784790039062 986.752319335938 1002.02258300781 1007.34393310547 1017.22900390625
966.893371582031 978.663330078125 976.500244140625 984.949890136719 980.324890136719 976.624938964844 975.988708496094 974.787780761719 978.487121582031 976.371643066406 975.717468261719 969.79833984375 974.323425292969 974.650573730469 975.293640136719 970.844360351562 966.128601074219 980.770935058594 987.473876953125 991.235229492188 992.175109863281 992.655517578125 994.190856933594 976.60400390625 971.978210449219 970.86669921875 971.299621582031 969.651977539062 975.821350097656 975.13330078125 979.47998046875 983.431335449219 980.242126464844 987.517639160156 992.9521484375 1000.33776855469 1004.48303222656 997.515563964844 1007.94885253906 997.520202636719 991.686706542969 981.68701171875 980.537414550781 999.750793457031 1010.25939941406 1011.20971679688
971.697204589844 977.737670898438 978.061584472656 986.186462402344 977.924194335938 966.556884765625 968.728515625 970.210144042969 970.347106933594 968.530517578125 969.053161621094 964.343872070312 977.898254394531 974.628234863281 979.647583007812 970.406921386719 971.123840332031 976.561279296875 973.640563964844 985.281372070312 996.115539550781 1000.11352539062 993.404174804688 984.648193359375 973.3447265625 967.840515136719 963.041564941406 963.828796386719 968.790832519531 971.768676757812 978.167419433594 970.974853515625 972.757141113281 976.546813964844 983.823181152344 996.555236816406 1009.77789306641 1006.66278076172 1007.34747314453 999.967468261719 992.373962402344 978.09423828125 988.167541503906 987.455139160156 998.949951171875 1008.20031738281
969.468200683594 970.559448242188 972.332641601562 974.797973632812 969.031494140625 971.20458984375 966.010681152344 960.68310546875 970.346435546875 971.764343261719 964.917724609375 961.299987792969 971.572814941406 977.945678710938 982.188903808594 983.536743164062 986.577758789062 983.233520507812 980.150512695312 987.137329101562 987.592590332031 990.346923828125 982.500122070312 976.84912109375 972.581176757812 968.160095214844 965.585144042969 967.089782714844 963.106140136719 967.66650390625 976.735961914062 979.412902832031 967.768188476562 977.774047851562 986.127258300781 1000.21618652344 1006.64916992188 1004.51007080078 1002.65905761719 1007.87847900391 1002.59094238281 990.847412109375 995.024047851562 991.069396972656 988.970825195312 1001.61181640625
971.872253417969 977.033081054688 972.771484375 976.269958496094 978.824279785156 971.200256347656 963.367004394531 963.745483398438 973.252014160156 970.793212890625 973.004943847656 966.838928222656 974.314025878906 984.884399414062 979.162780761719 981.098693847656 985.170227050781 984.954040527344 987.252258300781 993.247619628906 991.000549316406 983.812438964844 982.225036621094 974.714477539062 968.107971191406 975.391418457031 965.760864257812 964.838684082031 964.430847167969 976.537536621094 980.587097167969 979.258850097656 975.41015625 978.387878417969 984.25341796875 990.560180664062 999.884887695312 1000.66760253906 992.53759765625 998.831359863281 995.451232910156 996.204284667969 989.611755371094 989.471496582031 980.422424316406 985.947387695312
978.800598144531 973.37841796875 976.510803222656 976.822937011719 973.744140625 969.328369140625 958.155944824219 968.132690429688 972.594787597656 975.012329101562 978.423828125 968.988830566406 968.422119140625 975.653137207031 983.133728027344 978.901550292969 974.211853027344 978.316528320312 993.131286621094 996.856262207031 1004.48828125 986.912902832031 990.768432617188 981.476806640625 973.411071777344 967.083251953125 958.02685546875 962.97509765625 963.969055175781 967.938781738281 978.403381347656 980.79443359375 975.671203613281 983.419555664062 987.851379394531 987.252502441406 992.578002929688 994.8193359375 996.082885742188 996.158203125 991.725952148438 997.112915039062 990.676452636719 982.776916503906 972.515869140625 977.802856445312
