data/zlatibor_dem_simulations/DEMsim84 (1).asc
NCOLS 150
NROWS 100
XLLCORNER 7394249
YLLCORNER 4841999
CELLSIZE 30
NODATA_VALUE -9999
[rows 80 to 99 of 100, columns 92 to 137 of 150]
1003.19213867188 985.455322265625 995.669494628906 1008.37280273438 1002.44964599609 1001.91888427734 997.928039550781 996.045043945312 1013.05725097656 1013.01672363281 1009.20465087891 1016.7490234375 1023.23876953125 1029.08129882812 1019.09265136719 1023.6689453125 1031.34985351562 1030.07177734375 1031.33837890625 1032.65209960938 1045.65478515625 1035.705078125 1027.81811523438 1029.93188476562 1021.69897460938 1023.98443603516 1026.26184082031 1014.78503417969 1002.607421875 1008.48284912109 1002.59545898438 1007.68609619141 1001.38330078125 998.480102539062 1010.24456787109 1003.16815185547 999.970642089844 995.365600585938 1009.17608642578 1009.08538818359 1006.67254638672 999.964172363281 1000.16333007812 1003.18621826172 997.686401367188 988.186889648438
1002.57891845703 993.515197753906 994.779296875 1000.55914306641 999.145629882812 991.453857421875 995.633117675781 995.286437988281 1006.78216552734 1012.60198974609 1013.38830566406 1019.32623291016 1019.42749023438 1029.41345214844 1019.94970703125 1013.72705078125 1031.11401367188 1033.45983886719 1035.92810058594 1037.80505371094 1047.24536132812 1038.88354492188 1027.26684570312 1028.54833984375 1026.78283691406 1024.267578125 1027.3017578125 1016.07293701172 1005.42645263672 1008.3427734375 1004.35028076172 991.836242675781 986.376586914062 991.841918945312 1004.11553955078 996.914794921875 997.040466308594 993.481323242188 1002.37646484375 999.738952636719 998.740173339844 993.833862304688 995.8369140625 997.706237792969 993.598388671875 978.737426757812
995.8798828125 991.03466796875 994.526794433594 1000.73980712891 1003.23522949219 1001.16870117188 999.746276855469 1007.09948730469 1006.51342773438 1006.75476074219 1016.22741699219 1013.71411132812 1015.10009765625 1012.62048339844 1009.76263427734 1016.82513427734 1032.51782226562 1042.53344726562 1043.28930664062 1035.43505859375 1049.05432128906 1058.80920410156 1048.07678222656 1045.66577148438 1029.43298339844 1028.74084472656 1020.93292236328 1017.89837646484 1011.3173828125 1001.18383789062 996.44189453125 983.098388671875 974.395385742188 989.119079589844 989.574340820312 997.862365722656 985.86083984375 985.394592285156 995.066284179688 996.129089355469 995.578186035156 988.29150390625 989.404663085938 981.407470703125 979.482177734375 973.354858398438
998.136108398438 998.146545410156 997.348693847656 997.785949707031 1004.91357421875 1009.33740234375 1005.49822998047 999.986572265625 1001.44274902344 1006.28955078125 1013.96929931641 1006.76989746094 1011.88098144531 1011.39013671875 1013.48217773438 1022.63928222656 1031.50354003906 1038.42407226562 1043.63073730469 1043.81579589844 1050.10632324219 1060.06872558594 1058.73669433594 1050.64916992188 1045.63513183594 1040.20068359375 1034.72351074219 1019.025390625 1010.52270507812 1008.0126953125 996.914672851562 992.617797851562 978.82373046875 990.539978027344 977.550354003906 980.113525390625 980.728881835938 987.708374023438 984.29052734375 982.546142578125 979.0029296875 979.992309570312 980.965026855469 977.27490234375 978.6650390625 979.071594238281
996.478881835938 998.030151367188 1007.35827636719 999.103454589844 998.153198242188 1003.26983642578 1001.83038330078 1005.82409667969 1003.58514404297 1009.53814697266 1015.33575439453 1004.27172851562 1011.79595947266 1017.04174804688 1020.17388916016 1027.53771972656 1032.32019042969 1044.50939941406 1049.39733886719 1047.54077148438 1053.50073242188 1062.76794433594 1064.03442382812 1061.91101074219 1063.60144042969 1056.74011230469 1036.38073730469 1020.85534667969 1013.35198974609 1011.53106689453 1006.96380615234 1002.09289550781 995.855285644531 981.506103515625 981.772827148438 971.802673339844 973.667175292969 980.987243652344 985.789367675781 972.943115234375 975.185119628906 982.230407714844 986.398010253906 983.961547851562 986.923767089844 984.473937988281
1002.90179443359 999.438781738281 1003.50494384766 1005.40466308594 1003.10003662109 1007.23834228516 1012.02990722656 1004.22052001953 1014.05682373047 1015.37152099609 1008.62878417969 1006.99639892578 1011.08483886719 1016.67181396484 1022.14978027344 1026.71484375 1032.33544921875 1046.66955566406 1050.38073730469 1059.08471679688 1055.64489746094 1057.88171386719 1063.39086914062 1059.29187011719 1065.11938476562 1046.73364257812 1035.79467773438 1020.36108398438 1016.14117431641 1011.95111083984 1004.94268798828 1002.09948730469 999.951965332031 986.48779296875 982.32177734375 973.129272460938 975.250427246094 973.863037109375 984.270690917969 976.343017578125 978.761169433594 973.069702148438 973.833312988281 976.034118652344 970.173034667969 975.286682128906
1005.68408203125 1003.28558349609 1007.11145019531 1004.13989257812 1010.38104248047 1008.60809326172 1001.27618408203 1004.75231933594 1019.29699707031 1013.42883300781 1010.89105224609 1011.12066650391 1012.14190673828 1023.21136474609 1022.41613769531 1031.8857421875 1046.125 1044.27136230469 1048.29150390625 1058.33142089844 1061.29699707031 1074.92077636719 1068.60339355469 1065.05346679688 1061.97326660156 1052.84741210938 1041.11657714844 1037.98071289062 1023.60693359375 1020.49304199219 1011.86785888672 1005.23486328125 998.653747558594 990.635375976562 987.469299316406 981.049377441406 982.271423339844 983.048095703125 987.214172363281 975.480773925781 974.739807128906 976.792236328125 969.054443359375 966.920593261719 972.499206542969 969.202270507812
1006.04675292969 1003.09954833984 998.666381835938 997.169555664062 1007.72705078125 1007.51770019531 1015.62957763672 1014.74786376953 1006.31188964844 1015.15704345703 1008.06536865234 1027.03466796875 1029.26477050781 1020.56622314453 1023.50109863281 1035.65515136719 1034.88427734375 1048.65759277344 1054.18627929688 1054.63525390625 1068.12158203125 1064.5732421875 1068.35400390625 1057.99206542969 1058.22473144531 1050.26013183594 1048.85278320312 1049.33728027344 1034.08752441406 1026.14270019531 1019.62042236328 1010.01733398438 995.414978027344 987.159851074219 988.986511230469 984.820495605469 990.625305175781 985.436584472656 980.442687988281 979.476684570312 973.884887695312 979.499877929688 967.361206054688 965.834228515625 965.833435058594 966.291015625
1001.61004638672 999.156494140625 999.031005859375 1003.45709228516 1004.83740234375 1020.39117431641 1017.06994628906 1009.98138427734 1014.32122802734 1022.59173583984 1018.25885009766 1029.89562988281 1028.99670410156 1029.60461425781 1034.208984375 1036.02197265625 1031.81872558594 1046.77868652344 1053.80310058594 1051.89611816406 1061.05029296875 1067.19812011719 1064.82006835938 1063.84045410156 1051.09399414062 1052.361328125 1045.4638671875 1052.34106445312 1039.4736328125 1033.49975585938 1026.76806640625 1007.05010986328 996.875610351562 992.312316894531 992.905639648438 990.896240234375 976.905517578125 975.389953613281 982.526611328125 984.423767089844 977.669860839844 985.848571777344 971.337524414062 963.264770507812 963.367980957031 972.234252929688
1008.8173828125 1005.72491455078 1004.73767089844 1007.77856445312 1004.66754150391 1010.54333496094 1009.08978271484 1017.603515625 1014.88891601562 1014.42376708984 1022.37432861328 1027.81750488281 1030.46203613281 1031.37475585938 1030.01196289062 1028.28771972656 1034.57836914062 1045.99829101562 1043.19482421875 1053.96667480469 1052.85461425781 1061.404296875 1056.07434082031 1058.61047363281 1052.84020996094 1056.11804199219 1054.15368652344 1045.22924804688 1042.0126953125 1038.35961914062 1029.62744140625 1017.94079589844 1010.18725585938 1004.79370117188 1005.24243164062 993.479858398438 993.322631835938 982.552429199219 982.808166503906 991.953491210938 981.723510742188 975.445190429688 975.072326660156 975.234924316406 968.113220214844 973.336120605469
1009.01208496094 1009.34204101562 1013.58331298828 1008.86413574219 1008.32305908203 1003.16735839844 1011.08807373047 1021.14709472656 1019.91595458984 1016.55682373047 1023.63507080078 1023.24035644531 1023.33801269531 1031.51928710938 1018.42413330078 1027.08679199219 1028.20568847656 1037.16625976562 1036.98657226562 1042.76940917969 1047.94946289062 1047.65893554688 1041.81164550781 1056.39379882812 1055.74853515625 1056.42797851562 1056.36181640625 1052.005859375 1047.68725585938 1042.45617675781 1037.72399902344 1027.37463378906 1016.35717773438 1015.12780761719 1009.69750976562 1002.93212890625 1000.42565917969 990.525634765625 988.924743652344 980.173645019531 987.262451171875 978.681640625 977.796691894531 980.875366210938 975.9462890625 976.55908203125
1005.16571044922 1007.71099853516 1006.45617675781 1015.50128173828 1010.95953369141 1006.52954101562 1013.49102783203 1019.34808349609 1010.48016357422 1015.27362060547 1029.81579589844 1024.87866210938 1026.24499511719 1026.03857421875 1029.34887695312 1027.43212890625 1032.43872070312 1027.95959472656 1036.64636230469 1039.54602050781 1037.48547363281 1043.01477050781 1034.86975097656 1048.52709960938 1051.28796386719 1055.14453125 1051.91931152344 1056.79919433594 1048.1015625 1042.45556640625 1037.47021484375 1030.74633789062 1024.00866699219 1025.01818847656 1016.25036621094 1005.85583496094 1002.18170166016 993.549377441406 983.724853515625 982.125 979.731201171875 971.404357910156 970.32177734375 973.827087402344 967.623657226562 968.968383789062
1015.31500244141 1017.88189697266 1012.72735595703 1022.1396484375 1028.37670898438 1021.65570068359 1024.3876953125 1017.43707275391 1018.27038574219 1029.57983398438 1034.68798828125 1033.3486328125 1033.23107910156 1027.14514160156 1034.86962890625 1031.20690917969 1026.19165039062 1030.57629394531 1032.53369140625 1036.07397460938 1032.70568847656 1041.74841308594 1040.02917480469 1050.62072753906 1050.001953125 1054.234375 1052.93298339844 1054.25952148438 1056.51428222656 1042.88305664062 1034.37219238281 1028.41955566406 1026.21826171875 1024.74780273438 1018.42523193359 1012.04791259766 1002.19903564453 990.619873046875 982.022277832031 983.240234375 979.044921875 972.3466796875 976.477966308594 968.958984375 972.148376464844 972.427551269531
1013.60638427734 1017.72058105469 1025.91540527344 1021.10266113281 1023.09582519531 1029.52270507812 1025.36767578125 1025.29052734375 1027.96801757812 1033.95227050781 1036.54528808594 1030.29797363281 1023.24401855469 1029.369140625 1035.81323242188 1031.58532714844 1031.49682617188 1039.46508789062 1035.84252929688 1031.96044921875 1038.84924316406 1042.30871582031 1044.001953125 1046.5458984375 1046.28735351562 1048.43908691406 1050.22497558594 1050.15515136719 1040.60852050781 1041.29956054688 1032.58837890625 1027.35070800781 1021.28967285156 1020.58673095703 1012.76647949219 1008.27032470703 1007.21923828125 992.607116699219 990.383422851562 981.796447753906 976.642395019531 975.2626953125 974.072570800781 962.724426269531 962.5693359375 964.412292480469
1017.53387451172 1017.76733398438 1022.42504882812 1028.02526855469 1036.93737792969 1031.21459960938 1036.36083984375 1028.42980957031 1027.52429199219 1029.95861816406 1037.84582519531 1032.06652832031 1030.32446289062 1024.55456542969 1028.16223144531 1028.64294433594 1036.61755371094 1041.00939941406 1036.62292480469 1031.5849609375 1032.43762207031 1034.88330078125 1041.01013183594 1045.37683105469 1045.35009765625 1042.10327148438 1046.70202636719 1038.17517089844 1031.3818359375 1031.02294921875 1026.96545410156 1024.28137207031 1019.00225830078 1022.51599121094 1013.2822265625 1017.06921386719 1007.36810302734 996.320190429688 994.878845214844 987.696411132812 980.243896484375 972.534301757812 962.117492675781 968.879760742188 963.382995605469 959.306762695312
1021.15826416016 1021.87475585938 1025.67407226562 1028.93090820312 1041.33740234375 1033.36682128906 1035.99853515625 1038.84582519531 1039.39868164062 1033.99731445312 1039.53051757812 1028.11474609375 1018.39251708984 1028.08349609375 1030.26379394531 1025.1845703125 1032.70007324219 1028.54455566406 1028.94372558594 1028.60034179688 1028.11145019531 1034.39428710938 1037.31848144531 1040.51232910156 1045.81652832031 1042.29809570312 1034.80078125 1038.75366210938 1028.25952148438 1028.34997558594 1026.42749023438 1014.44873046875 1013.98370361328 1010.02117919922 1013.51007080078 1001.07318115234 1002.94366455078 995.75146484375 994.538391113281 985.897155761719 970.587219238281 971.419067382812 963.388366699219 966.799377441406 973.847595214844 977.578918457031
1013.6533203125 1026.1474609375 1034.47729492188 1038.4326171875 1036.0947265625 1045.14892578125 1047.34484863281 1047.84741210938 1034.83679199219 1031.6494140625 1033.65991210938 1026.35498046875 1007.09545898438 1015.44958496094 1026.73486328125 1020.89141845703 1024.93359375 1018.82366943359 1021.83563232422 1027.59777832031 1024.27770996094 1033.67932128906 1027.22741699219 1031.26586914062 1032.49011230469 1041.39270019531 1037.83923339844 1028.59790039062 1023.81433105469 1019.62384033203 1009.09039306641 1009.46563720703 1008.93402099609 1002.35107421875 1012.18408203125 1007.08990478516 996.489562988281 992.6591796875 992.332275390625 982.521362304688 978.447814941406 968.440856933594 962.136657714844 965.14794921875 971.154541015625 966.947082519531
1011.89410400391 1015.07049560547 1024.69580078125 1028.24914550781 1038.82055664062 1038.92907714844 1045.46350097656 1045.67797851562 1037.18957519531 1030.67529296875 1036.66467285156 1030.18774414062 1021.99896240234 1014.34539794922 1017.25982666016 1015.126953125 1021.0068359375 1016.65032958984 1025.23803710938 1021.94500732422 1031.09729003906 1027.80639648438 1031.69689941406 1032.19201660156 1034.77954101562 1034.89465332031 1029.11865234375 1029.01892089844 1024.52136230469 1015.91613769531 1011.94665527344 998.183410644531 994.146911621094 996.430297851562 1003.95965576172 1005.04864501953 993.0029296875 982.23876953125 984.591247558594 980.379272460938 973.157165527344 974.156066894531 963.587829589844 963.623229980469 959.194396972656 964.743103027344
1018.65576171875 1023.29028320312 1018.74792480469 1030.78686523438 1028.4453125 1045.26123046875 1043.49340820312 1035.92053222656 1026.91748046875 1029.75769042969 1036.81982421875 1039.60693359375 1023.22619628906 1027.21118164062 1016.30889892578 1020.20092773438 1017.34161376953 1019.82830810547 1022.80755615234 1030.05688476562 1028.59265136719 1029.96362304688 1019.02856445312 1023.08044433594 1026.5791015625 1023.85162353516 1025.46801757812 1027.63830566406 1028.93835449219 1020.30194091797 1014.42492675781 1004.05334472656 991.840881347656 993.423278808594 993.540405273438 999.281860351562 985.625549316406 983.542541503906 983.6357421875 970.333557128906 973.384948730469 976.817321777344 972.2041015625 960.462829589844 964.093383789062 960.304504394531
1016.296875 1024.01477050781 1017.29278564453 1023.06317138672 1026.71875 1033.796875 1036.13244628906 1034.96069335938 1032.28308105469 1025.41796875 1031.09814453125 1027.77319335938 1024.95959472656 1030.12902832031 1016.59704589844 1006.71966552734 1012.68646240234 1013.19836425781 1018.02752685547 1022.05517578125 1029.38806152344 1030.15832519531 1014.37774658203 1021.68200683594 1025.33386230469 1024.7138671875 1025.55212402344 1022.25549316406 1012.56958007812 1015.58850097656 1008.84161376953 1005.88201904297 995.278381347656 986.104431152344 988.115295410156 990.569213867188 989.198547363281 982.533020019531 978.056762695312 975.4716796875 984.734191894531 981.042541503906 966.884399414062 962.579345703125 961.421997070312 959.998657226562
