data/zlatibor_dem_simulations/DEMsim35.asc
NCOLS 150
NROWS 100
XLLCORNER 7394249
YLLCORNER 4841999
CELLSIZE 30
NODATA_VALUE -9999
[rows 20 to 39 of 100, columns 46 to 91 of 150]
1015.53497314453 1012.44256591797 1010.61840820312 1008.83251953125 1002.13336181641 1003.47357177734 1001.70239257812 1000.72216796875 994.876831054688 1002.0029296875 1009.0615234375 998.141418457031 1009.82379150391 1013.77734375 1010.77526855469 1008.43469238281 1009.29229736328 1006.11029052734 1012.31640625 1017.61920166016 1027.40270996094 1025.12707519531 1029.07922363281 1031.25891113281 1030.15222167969 1028.99694824219 1020.16552734375 1024.62915039062 1018.64538574219 1024.30346679688 1024.85595703125 1025.37182617188 1024.69677734375 1018.02642822266 1011.13403320312 1000.71472167969 995.298706054688 997.174133300781 993.238159179688 1006.76525878906 1006.2626953125 1003.58825683594 1005.85455322266 1007.74182128906 1000.19171142578 1005.51550292969
1009.87371826172 1008.37139892578 1006.96588134766 1003.77728271484 1001.01995849609 1001.5712890625 1005.67980957031 1011.62072753906 1005.74005126953 1003.67443847656 1006.75146484375 1012.26019287109 1015.54754638672 1018.76776123047 1021.33142089844 1012.33374023438 1018.55560302734 1011.57189941406 1017.41613769531 1021.03643798828 1018.66418457031 1028.25439453125 1030.22412109375 1025.87048339844 1025.91943359375 1022.88629150391 1016.50634765625 1022.52337646484 1010.74401855469 1012.15557861328 1018.12145996094 1014.64410400391 1015.89642333984 1017.60223388672 1010.57989501953 1006.08575439453 1002.10394287109 1004.05407714844 1000.61102294922 1007.79571533203 1002.0302734375 1004.48876953125 1004.52770996094 1001.89245605469 1001.22100830078 1008.015625
1013.83178710938 1007.47698974609 1002.11712646484 1006.02313232422 1009.34686279297 1014.87261962891 1013.07696533203 1013.28192138672 1012.68853759766 1007.88873291016 1000.13238525391 1006.91174316406 1012.81304931641 1014.06262207031 1020.93505859375 1016.29907226562 1021.28204345703 1017.60650634766 1018.78509521484 1021.57171630859 1019.32537841797 1024.40991210938 1019.14605712891 1023.25537109375 1026.28881835938 1018.87536621094 1014.23889160156 1005.79443359375 1008.5234375 1006.21569824219 1016.50219726562 1011.10345458984 1002.97161865234 1008.08050537109 1001.49658203125 1001.17016601562 1004.15930175781 1008.97540283203 1011.80255126953 1009.68890380859 1008.59045410156 1015.12091064453 1009.72204589844 1014.02850341797 1010.10491943359 1002.22332763672
1018.29522705078 1005.46270751953 1000.87365722656 1007.16394042969 1009.16326904297 1018.71154785156 1010.28558349609 1002.12756347656 996.665161132812 995.910034179688 997.571716308594 1007.81030273438 1004.39617919922 1009.28375244141 1011.8134765625 1011.73504638672 1010.82287597656 1012.97802734375 1018.95922851562 1019.27691650391 1018.89245605469 1018.25939941406 1019.84808349609 1016.78570556641 1029.47326660156 1024.13708496094 1016.72955322266 1009.14971923828 1009.17059326172 1007.83770751953 1010.81262207031 1003.10076904297 991.666870117188 1000.33795166016 993.2216796875 990.929138183594 1005.78967285156 1009.89111328125 1016.41644287109 1006.94311523438 1009.21630859375 1008.73931884766 1014.28570556641 1016.30389404297 1012.37005615234 1015.17956542969
1000.41906738281 1004.32025146484 997.490844726562 990.824523925781 1000.72802734375 1003.71173095703 995.201049804688 992.118469238281 990.251647949219 984.419555664062 992.587341308594 996.207580566406 1003.18304443359 1001.19714355469 1012.22235107422 1012.03674316406 1004.27868652344 1002.72448730469 1003.02209472656 1003.45458984375 1016.36883544922 1019.37585449219 1022.65924072266 1018.94702148438 1017.33050537109 1026.52600097656 1013.06317138672 1004.84197998047 1005.87335205078 1004.13195800781 1002.57543945312 1010.24066162109 1002.47595214844 1000.59973144531 999.295166015625 1004.77069091797 1009.09436035156 1005.20050048828 1009.18365478516 1011.43878173828 1015.55792236328 1022.20568847656 1015.21954345703 1015.7373046875 1020.30651855469 1026.08984375
1003.90661621094 1006.26818847656 995.086853027344 990.140991210938 1005.95318603516 998.7373046875 991.777038574219 987.134399414062 982.043884277344 980.926818847656 988.292358398438 1000.11102294922 999.840698242188 1010.01232910156 1018.24371337891 1016.51568603516 1009.50415039062 1002.95831298828 1002.67456054688 999.523071289062 1009.21563720703 1020.97021484375 1021.32312011719 1014.95831298828 1002.03491210938 1006.21533203125 999.990539550781 1002.80682373047 996.848815917969 992.636169433594 1002.45166015625 1002.58850097656 1005.31079101562 1008.18218994141 1001.36364746094 1010.16058349609 1015.96783447266 1008.99450683594 1004.89111328125 1007.09100341797 1010.5478515625 1011.51373291016 1010.34069824219 1006.5126953125 1019.53540039062 1030.30456542969
1000.63653564453 998.604736328125 995.611145019531 994.490905761719 999.405517578125 997.059204101562 984.039306640625 974.131103515625 983.83349609375 988.982055664062 993.507690429688 990.4345703125 999.259155273438 1008.76782226562 1009.20526123047 1013.80670166016 1009.90972900391 1004.60223388672 1010.25604248047 999.93212890625 1002.61529541016 1014.23101806641 1012.96795654297 1009.88348388672 1000.52716064453 995.514587402344 1000.51324462891 998.598815917969 993.858276367188 1001.32537841797 998.475708007812 1004.87915039062 1007.19641113281 1008.45874023438 1009.70483398438 1011.52685546875 1013.70013427734 1009.84344482422 1013.66906738281 1010.09344482422 1008.04870605469 1005.42956542969 1006.36614990234 1017.36846923828 1021.27252197266 1027.84716796875
991.015075683594 989.765197753906 991.481323242188 1001.58380126953 997.807434082031 993.199584960938 992.191528320312 987.050964355469 991.920166015625 993.739562988281 989.471801757812 982.238830566406 995.298645019531 1001.02319335938 1003.18353271484 1004.37548828125 1008.10021972656 1001.48901367188 1003.53253173828 1002.40045166016 1006.06036376953 1004.49188232422 997.199523925781 1003.72900390625 995.647888183594 995.973876953125 996.79443359375 994.672912597656 994.55908203125 996.338500976562 1000.80609130859 999.303833007812 998.960021972656 999.861938476562 995.308532714844 996.288818359375 1006.29772949219 998.207885742188 1004.25720214844 1006.85870361328 1004.28295898438 1001.30029296875 1006.07678222656 1018.68341064453 1012.04302978516 1027.0654296875
990.130310058594 990.297729492188 984.591125488281 989.875732421875 992.721862792969 995.054809570312 995.531799316406 995.901794433594 999.942321777344 995.67138671875 981.068725585938 988.402954101562 989.008117675781 993.95703125 995.160705566406 998.870422363281 996.24072265625 1004.0654296875 1006.28094482422 1011.34967041016 1007.04913330078 1002.81085205078 996.114929199219 1001.20709228516 990.295532226562 989.679443359375 999.233581542969 999.66259765625 998.325927734375 993.16796875 1001.51312255859 988.532592773438 998.681396484375 989.727844238281 992.343383789062 994.388793945312 999.697082519531 999.564208984375 999.6796875 1005.28875732422 1005.1064453125 1006.41943359375 1012.17706298828 1015.66900634766 1010.76312255859 1025.98718261719
995.204650878906 988.345458984375 978.985717773438 984.466613769531 988.854309082031 990.948425292969 990.068481445312 992.653930664062 996.591674804688 991.86865234375 995.011779785156 986.879333496094 989.731750488281 987.201232910156 985.802429199219 985.45458984375 997.502136230469 1008.1884765625 1003.59954833984 1008.0126953125 1001.79052734375 998.880981445312 999.152465820312 988.447814941406 996.543090820312 1005.73889160156 1003.95629882812 1003.462890625 1007.28735351562 994.858276367188 988.456298828125 991.80712890625 990.861877441406 994.288146972656 997.560485839844 1002.39752197266 998.999206542969 999.854675292969 1002.82611083984 1002.15948486328 1006.63549804688 1010.94348144531 1008.73406982422 1005.93072509766 1012.09228515625 1015.99066162109
986.448120117188 975.407348632812 968.96728515625 980.257080078125 989.495361328125 987.64453125 984.984985351562 978.580871582031 983.096130371094 982.799865722656 987.469299316406 992.404235839844 982.916931152344 985.10205078125 994.161071777344 990.32080078125 994.207214355469 999.293273925781 1002.92932128906 1006.06774902344 999.595947265625 997.63330078125 993.685302734375 996.675476074219 998.269592285156 1004.24328613281 1000.93432617188 995.893676757812 993.762939453125 994.977355957031 987.769165039062 995.822631835938 985.055908203125 983.478576660156 995.015930175781 1004.97576904297 1004.17132568359 1008.61041259766 1001.32891845703 1005.05743408203 1007.50604248047 1007.06396484375 1003.76672363281 1011.10260009766 1017.70764160156 1010.98651123047
981.999328613281 972.892822265625 968.006591796875 977.216918945312 990.15185546875 986.036804199219 982.86181640625 976.968811035156 976.451538085938 974.353698730469 981.781372070312 979.432739257812 983.862670898438 984.146057128906 986.105590820312 992.388732910156 993.675476074219 1000.13916015625 1004.65844726562 1012.19000244141 1001.89373779297 999.66259765625 996.891052246094 1002.34527587891 1000.93957519531 990.10986328125 992.0234375 986.984558105469 971.490112304688 979.265869140625 977.684448242188 985.689147949219 990.197998046875 986.983337402344 991.329162597656 1002.85406494141 1000.73162841797 998.819274902344 1007.30194091797 1004.83990478516 1011.71527099609 1006.87451171875 1005.85723876953 1014.90887451172 1008.67419433594 1009.04040527344
982.7587890625 973.754028320312 984.020874023438 975.42724609375 979.4326171875 979.070739746094 979.977233886719 972.725646972656 974.504760742188 975.390441894531 980.595825195312 982.810363769531 980.706298828125 972.503112792969 977.244140625 991.50244140625 997.836242675781 999.059997558594 1006.29187011719 1014.46588134766 1008.92944335938 996.955444335938 998.453063964844 997.213134765625 993.66748046875 989.037536621094 994.207397460938 990.138854980469 970.744995117188 970.697570800781 980.305297851562 990.984741210938 991.423583984375 982.947509765625 985.777221679688 997.34765625 1003.01086425781 1004.7490234375 999.546752929688 1006.99719238281 1007.24700927734 1010.1435546875 1011.30407714844 1010.63446044922 1013.41955566406 1006.8798828125
976.540710449219 973.82373046875 979.465393066406 975.025390625 984.530517578125 975.81298828125 980.182861328125 974.703186035156 976.344116210938 978.699096679688 988.128295898438 981.585021972656 975.045532226562 971.270263671875 975.633666992188 991.106323242188 993.449523925781 993.390808105469 997.493347167969 997.548645019531 995.491271972656 1000.02069091797 1006.64483642578 1002.92376708984 1001.705078125 991.986755371094 990.925109863281 979.525573730469 979.563598632812 970.507385253906 971.977416992188 978.673950195312 971.674682617188 978.769287109375 989.900268554688 998.349548339844 1005.82116699219 1000.68725585938 1006.86187744141 1006.95513916016 1010.70288085938 1018.37322998047 1020.48284912109 1019.93566894531 1013.86712646484 1008.85870361328
983.651794433594 981.721801757812 986.222412109375 979.136840820312 978.285278320312 975.743957519531 982.535034179688 973.825561523438 970.35205078125 976.710021972656 985.025268554688 985.096313476562 973.982177734375 975.950805664062 968.9638671875 989.571166992188 991.850463867188 981.639770507812 987.292541503906 992.877990722656 997.145751953125 1008.06524658203 1010.40057373047 1009.38537597656 1006.29998779297 999.732238769531 986.420349121094 973.659606933594 971.285278320312 967.215637207031 965.653137207031 969.04736328125 974.513488769531 972.290954589844 983.303161621094 988.654052734375 992.372680664062 1003.29608154297 1001.50073242188 1007.31304931641 1005.83020019531 1012.46252441406 1016.93859863281 1026.19848632812 1020.14672851562 1008.14697265625
989.406555175781 979.797119140625 980.107482910156 972.597045898438 976.117065429688 970.972412109375 975.769470214844 971.769165039062 966.937255859375 969.047119140625 979.640258789062 974.417785644531 977.030212402344 967.2705078125 979.502990722656 980.474609375 987.643737792969 986.397338867188 982.805786132812 988.475646972656 1002.49359130859 999.319519042969 996.222229003906 998.510559082031 997.134399414062 992.235473632812 985.309509277344 978.741638183594 971.3759765625 964.9375 965.9140625 970.346069335938 973.115783691406 980.481384277344 976.698791503906 987.467529296875 994.284912109375 1003.35571289062 1000.71295166016 1013.30804443359 1006.37658691406 1013.88946533203 1017.76806640625 1020.67132568359 1019.55004882812 1013.30554199219
983.89501953125 983.250366210938 980.057739257812 977.009643554688 979.200012207031 980.087829589844 975.904541015625 979.638122558594 977.632507324219 976.564880371094 978.220397949219 973.74462890625 967.71533203125 968.002746582031 967.466735839844 967.118835449219 974.639587402344 975.03564453125 979.224426269531 992.049499511719 994.740112304688 989.373718261719 982.040222167969 986.473876953125 984.3056640625 980.724853515625 984.301452636719 982.498779296875 966.566284179688 963.794311523438 963.633850097656 964.945495605469 973.897521972656 978.059692382812 975.913696289062 984.555908203125 994.329406738281 1006.92553710938 1008.59478759766 1005.30389404297 1001.88067626953 1006.95971679688 1017.82220458984 1010.90008544922 1023.09057617188 1016.66052246094
977.312072753906 969.807556152344 969.752746582031 968.49609375 971.439636230469 971.867736816406 967.955200195312 979.19921875 979.416931152344 977.947448730469 970.541564941406 971.268493652344 965.451843261719 960.502624511719 963.156005859375 963.3740234375 968.28564453125 970.2216796875 974.861267089844 977.424499511719 980.743225097656 980.966369628906 983.888793945312 975.520324707031 971.85009765625 984.151245117188 981.048889160156 977.629577636719 963.044738769531 965.678955078125 959.314453125 964.843872070312 969.988098144531 976.273681640625 977.535949707031 980.271728515625 987.953979492188 996.495727539062 996.826599121094 999.304992675781 1010.92077636719 1008.66259765625 1004.01019287109 1013.72503662109 1015.03723144531 1007.84771728516
969.914855957031 966.568603515625 969.58447265625 979.406921386719 977.782470703125 978.513732910156 979.691955566406 988.266418457031 981.451293945312 977.894775390625 979.003051757812 970.619506835938 962.677551269531 963.448669433594 959.146118164062 958.499206542969 959.369873046875 970.465393066406 974.599670410156 973.578430175781 968.873352050781 969.437927246094 971.141723632812 972.161987304688 972.342346191406 978.869445800781 976.861999511719 978.692321777344 963.613159179688 958.579406738281 971.252563476562 970.223205566406 968.147094726562 973.534606933594 979.823547363281 984.1748046875 983.845947265625 989.421936035156 996.373718261719 1004.68646240234 999.675109863281 1000.26513671875 1005.15771484375 1008.5751953125 1008.55346679688 1005.8994140625
974.491882324219 973.43798828125 988.274047851562 983.609558105469 984.31689453125 989.622741699219 974.247863769531 977.092956542969 975.870422363281 975.6806640625 971.473510742188 971.980712890625 973.23388671875 964.080078125 966.319213867188 958.048400878906 957.797546386719 968.339233398438 964.521667480469 965.330993652344 965.656188964844 965.101379394531 964.166015625 951.375244140625 962.858276367188 969.974975585938 966.960754394531 963.454467773438 965.171691894531 966.242431640625 971.633361816406 965.895202636719 972.112854003906 977.763488769531 982.827941894531 988.114501953125 986.140075683594 988.308166503906 992.004760742188 996.212646484375 1004.20452880859 996.346313476562 997.648803710938 997.518493652344 996.851501464844 1005.99951171875
