data/zlatibor_dem_simulations/DEMsim9.asc
NCOLS 150
NROWS 100
XLLCORNER 7394249
YLLCORNER 4841999
CELLSIZE 30
NODATA_VALUE -9999
[rows 0 to 19 of 100, columns 46 to 91 of 150]
963.075012207031 954.472839355469 959.307983398438 954.896362304688 957.572204589844 953.659606933594 949.251708984375 947.915771484375 934.905822753906 930.536010742188 933.747985839844 939.339477539062 938.624877929688 931.651550292969 924.726623535156 917.252746582031 923.4228515625 916.956970214844 904.234985351562 901.151977539062 897.163513183594 908.445434570312 911.147521972656 911.507629394531 921.646484375 928.208801269531 927.985473632812 940.546325683594 941.354919433594 937.721862792969 956.367309570312 958.414001464844 967.812438964844 964.980590820312 963.721862792969 957.943786621094 966.243469238281 964.033020019531 965.953674316406 968.588562011719 964.515197753906 956.737426757812 954.99267578125 939.748413085938 935.841369628906 917.852172851562
970.717102050781 969.793762207031 962.346496582031 965.295227050781 960.892761230469 951.972229003906 948.036682128906 946.751403808594 951.86767578125 944.735046386719 940.275817871094 950.907836914062 945.760314941406 941.026489257812 928.41455078125 925.241027832031 919.268432617188 930.101684570312 919.225524902344 907.218994140625 905.65966796875 908.266540527344 914.970764160156 918.989501953125 930.307373046875 931.841369628906 942.359252929688 952.283508300781 943.116394042969 947.750732421875 958.522583007812 963.518859863281 971.823791503906 972.976745605469 977.513793945312 981.880432128906 972.737854003906 973.760070800781 979.626037597656 979.570861816406 962.179565429688 949.8583984375 944.585571289062 938.95849609375 926.995178222656 919.373962402344
983.331787109375 975.42333984375 969.760070800781 965.370971679688 970.745178222656 955.656799316406 945.511108398438 951.381958007812 956.16259765625 956.337158203125 951.165588378906 949.500061035156 951.36962890625 952.11376953125 938.885070800781 921.134887695312 929.803833007812 931.412292480469 926.038818359375 919.297302246094 916.843933105469 915.691101074219 916.33837890625 922.198120117188 930.874450683594 937.58056640625 935.496032714844 945.706604003906 947.554626464844 959.05029296875 962.052551269531 970.815673828125 974.893920898438 987.611694335938 986.981323242188 989.714050292969 999.374755859375 983.752624511719 983.693420410156 978.201904296875 956.457214355469 953.765441894531 949.17529296875 944.290405273438 929.973449707031 920.439147949219
988.968017578125 975.684509277344 974.5283203125 977.329406738281 970.120544433594 960.294189453125 951.70751953125 949.428100585938 956.4287109375 958.418579101562 962.788696289062 960.696899414062 958.129577636719 943.537841796875 931.538269042969 928.814208984375 940.918823242188 942.0888671875 942.285339355469 929.338256835938 925.126281738281 928.311767578125 922.917663574219 925.739807128906 939.471008300781 943.56640625 937.860717773438 950.252014160156 958.043212890625 970.396362304688 980.441162109375 985.758422851562 991.588623046875 1000.55627441406 1003.10418701172 997.980895996094 1001.71362304688 999.763793945312 984.888305664062 967.594543457031 967.871337890625 960.995727539062 953.301574707031 948.211181640625 939.808715820312 924.819458007812
982.515991210938 985.706176757812 972.296752929688 977.330078125 967.718933105469 961.773559570312 960.38818359375 950.430358886719 951.252258300781 963.723693847656 962.940063476562 967.661071777344 965.585632324219 956.78466796875 950.758422851562 944.208312988281 956.841674804688 960.608947753906 954.38330078125 946.540283203125 944.695190429688 940.603332519531 931.325866699219 929.673522949219 941.477111816406 940.244934082031 946.671569824219 957.466186523438 969.811767578125 983.323120117188 993.001647949219 999.803955078125 1001.24145507812 1000.70135498047 1004.86651611328 1011.27325439453 1009.25317382812 995.709411621094 986.932067871094 970.991577148438 960.563903808594 946.053894042969 950.239318847656 949.662536621094 944.966796875 937.239013671875
987.258605957031 985.899597167969 980.948791503906 978.301513671875 969.516479492188 956.4794921875 954.921691894531 962.601623535156 965.318298339844 965.035034179688 967.789794921875 974.072692871094 972.548950195312 971.830078125 971.980712890625 963.598876953125 962.097900390625 967.06396484375 968.489318847656 970.315002441406 964.287658691406 945.539306640625 941.622863769531 949.089965820312 947.08984375 944.356567382812 955.301574707031 962.229187011719 973.765747070312 984.678649902344 996.963928222656 996.011413574219 1001.9599609375 1006.00622558594 1005.12457275391 1013.25189208984 1012.67138671875 1003.73913574219 994.079223632812 974.166625976562 963.964660644531 951.833923339844 949.548889160156 946.59228515625 946.958618164062 932.826782226562
989.696899414062 991.529602050781 979.023315429688 983.102111816406 973.110168457031 967.26416015625 969.834533691406 979.544372558594 978.458801269531 971.553894042969 973.9306640625 980.800964355469 988.75048828125 982.767517089844 978.714172363281 973.865905761719 977.013305664062 978.830139160156 978.103088378906 973.587585449219 962.319458007812 947.039184570312 955.100463867188 961.407165527344 954.007629394531 947.284484863281 956.526733398438 966.669860839844 977.90185546875 985.110473632812 1003.90338134766 1005.71472167969 1006.82989501953 1009.71624755859 1008.51379394531 1022.4482421875 1019.74230957031 1018.98614501953 1004.83227539062 985.741333007812 966.67138671875 950.604309082031 949.983032226562 946.169677734375 936.63232421875 931.239685058594
998.054870605469 993.435363769531 986.190002441406 985.241943359375 982.764282226562 982.736389160156 986.73193359375 990.008911132812 996.719665527344 993.215454101562 988.639282226562 987.289428710938 987.459045410156 994.825561523438 997.755554199219 986.961364746094 990.288635253906 984.81884765625 985.182800292969 985.379089355469 972.513366699219 966.726318359375 958.784973144531 964.144897460938 959.426147460938 963.048095703125 965.001708984375 969.107299804688 972.397705078125 984.185485839844 997.072998046875 1009.70166015625 1011.18676757812 1018.47674560547 1016.15472412109 1023.30505371094 1019.48962402344 1021.3603515625 1010.37036132812 987.240600585938 969.65771484375 953.665588378906 941.138061523438 943.3603515625 936.572204589844 937.29296875
1008.20947265625 998.446044921875 994.208984375 987.360534667969 986.915893554688 999.657409667969 993.263977050781 1005.20080566406 1004.97814941406 998.173583984375 998.9765625 1010.60345458984 1006.79235839844 999.41015625 1013.77685546875 1004.05725097656 996.464782714844 990.97509765625 986.536743164062 985.796569824219 983.070007324219 977.910095214844 972.505615234375 976.967834472656 984.353759765625 973.860900878906 970.237365722656 976.192565917969 972.9609375 988.396118164062 1001.23107910156 1020.18914794922 1025.86596679688 1022.94415283203 1028.47045898438 1021.63897705078 1016.31811523438 1007.98083496094 1000.68927001953 985.64892578125 970.319946289062 950.8994140625 939.950073242188 934.509216308594 931.985595703125 929.494934082031
1006.13061523438 1005.20208740234 1004.53546142578 997.982849121094 990.846740722656 1000.12176513672 1003.31048583984 1004.57708740234 1011.72839355469 1008.546875 1002.69854736328 1007.44512939453 1014.70745849609 1010.75952148438 1009.46496582031 1009.30944824219 1007.935546875 999.263305664062 996.842834472656 993.0400390625 990.485107421875 988.797668457031 992.897644042969 998.170654296875 996.673034667969 983.251342773438 979.2001953125 978.260131835938 982.321838378906 994.356018066406 1011.505859375 1021.75280761719 1024.52233886719 1031.05163574219 1031.07373046875 1024.04626464844 1011.24737548828 1014.22552490234 1005.51776123047 987.761535644531 971.883056640625 961.246520996094 940.718994140625 934.613647460938 940.092468261719 932.203491210938
1012.57446289062 1004.95471191406 1007.28833007812 1006.29644775391 1009.78283691406 1007.58587646484 1006.14367675781 1010.13269042969 1019.14813232422 1017.25463867188 1007.3095703125 1013.24438476562 1015.77044677734 1021.72302246094 1018.04937744141 1012.82086181641 1008.48992919922 1007.16345214844 1001.00378417969 996.895263671875 997.359985351562 991.593139648438 1002.32214355469 1016.40441894531 1003.00750732422 994.996765136719 987.932067871094 987.704956054688 993.692443847656 998.354431152344 1012.87066650391 1019.79858398438 1025.55383300781 1026.72351074219 1023.20550537109 1023.06909179688 1015.38549804688 1017.71850585938 1013.07604980469 998.397216796875 982.526611328125 967.974304199219 958.953186035156 950.707580566406 933.539123535156 945.472290039062
1010.41900634766 1009.79638671875 1010.36376953125 1017.12188720703 1015.88916015625 1010.12744140625 1009.91253662109 1019.25030517578 1013.67059326172 1014.36401367188 1018.65502929688 1024.52490234375 1021.71795654297 1017.56335449219 1012.83331298828 1011.54223632812 1004.01043701172 995.81396484375 1001.70001220703 995.032470703125 997.2802734375 1002.95526123047 1009.95843505859 1017.21472167969 1010.45068359375 1005.64154052734 992.830505371094 997.09765625 1001.73083496094 1009.51678466797 1025.64758300781 1029.17761230469 1027.66955566406 1024.37963867188 1022.89276123047 1019.01605224609 1026.10778808594 1022.86853027344 1020.06329345703 1005.62744140625 991.666381835938 988.094482421875 965.12939453125 954.379760742188 943.311889648438 942.19921875
1013.30645751953 1007.90045166016 1010.19921875 1009.76519775391 1017.44738769531 1012.98107910156 1004.79187011719 1006.32360839844 1009.60565185547 1006.86199951172 1016.50347900391 1018.81640625 1022.81982421875 1028.40087890625 1022.65557861328 1009.98162841797 1007.25805664062 1006.15386962891 1000.24853515625 1000.78039550781 1004.17712402344 1006.79132080078 1008.13842773438 1010.71624755859 1003.74304199219 1000.55377197266 999.563903808594 1001.25842285156 1005.39294433594 1019.90216064453 1018.66857910156 1030.93908691406 1030.3251953125 1025.31079101562 1024.42053222656 1019.93133544922 1022.76458740234 1025.3330078125 1026.12451171875 1005.74139404297 991.280090332031 984.186950683594 971.375793457031 956.414123535156 947.167785644531 939.793151855469
1017.15185546875 1015.85174560547 1009.46752929688 1014.53985595703 1013.97515869141 1013.13177490234 1005.88415527344 1008.00555419922 1008.63922119141 1010.00793457031 1015.80102539062 1023.79522705078 1016.02520751953 1021.07830810547 1021.07666015625 1011.58355712891 1015.38269042969 1006.78973388672 1002.82684326172 1007.27307128906 999.384887695312 1010.45550537109 1007.66821289062 1007.22192382812 999.4208984375 1005.95050048828 996.813171386719 1007.42858886719 1015.57708740234 1020.06231689453 1030.31103515625 1037.52526855469 1036.36633300781 1027.1826171875 1023.56671142578 1023.83447265625 1026.4990234375 1024.24621582031 1012.16394042969 1005.44128417969 991.851196289062 976.157165527344 967.768310546875 958.757141113281 944.735046386719 945.159851074219
1027.08190917969 1023.13031005859 1015.78125 1015.57666015625 1014.91925048828 1007.93701171875 1004.11090087891 1008.03973388672 1010.16473388672 1015.53143310547 1013.14099121094 1014.96228027344 1020.96484375 1018.95159912109 1019.171875 1019.42413330078 1018.21893310547 1014.64569091797 1010.24975585938 1004.671875 1010.21496582031 1011.49633789062 1000.91070556641 992.056213378906 993.795776367188 1000.63537597656 1002.09289550781 1018.06134033203 1027.80688476562 1031.28344726562 1044.8623046875 1046.46166992188 1038.87548828125 1039.53955078125 1041.41857910156 1032.54260253906 1033.50012207031 1022.84899902344 1013.20135498047 1000.46234130859 992.199401855469 980.521362304688 963.254821777344 961.352905273438 946.691589355469 942.246215820312
1026.09533691406 1024.43347167969 1007.94055175781 1006.43383789062 1002.41424560547 1001.06524658203 1000.50268554688 1005.38940429688 1006.8505859375 1011.15905761719 1006.11822509766 1019.92645263672 1019.61395263672 1011.35308837891 1021.32580566406 1014.11688232422 1011.67785644531 1021.08673095703 1016.70574951172 1013.59161376953 1017.98052978516 1017.74987792969 1010.0107421875 1001.1298828125 996.133850097656 1004.35430908203 1012.05401611328 1019.08306884766 1027.21240234375 1030.50317382812 1034.65844726562 1038.72875976562 1032.47448730469 1038.39807128906 1043.66784667969 1035.986328125 1030.20971679688 1034.63793945312 1019.98986816406 994.526977539062 993.94677734375 976.3671875 968.622863769531 966.439331054688 938.724792480469 941.357849121094
1027.26477050781 1020.51336669922 1006.24945068359 999.075805664062 997.764587402344 1003.9130859375 1011.07562255859 1009.78070068359 1011.77764892578 1014.73449707031 1009.38635253906 1015.07781982422 1013.91448974609 1014.04473876953 1015.49047851562 1015.79626464844 1031.82019042969 1031.25378417969 1032.39038085938 1025.72937011719 1022.71472167969 1019.66540527344 1021.71124267578 1007.55639648438 1002.41241455078 998.574279785156 1013.60101318359 1024.52099609375 1032.61596679688 1027.19958496094 1026.48828125 1033.205078125 1038.75964355469 1028.81677246094 1041.16918945312 1038.66125488281 1029.87634277344 1025.90502929688 1021.41375732422 1007.67114257812 984.957946777344 972.642639160156 968.699829101562 961.297729492188 951.079956054688 953.446228027344
1023.97802734375 1017.13629150391 1013.13061523438 1007.82348632812 1004.24505615234 1002.86419677734 1002.29443359375 1005.97180175781 1012.37634277344 1009.53289794922 1005.87341308594 1009.92926025391 1005.54443359375 1009.95172119141 1022.87872314453 1021.71557617188 1032.77819824219 1025.79187011719 1030.16345214844 1025.80993652344 1027.61096191406 1026.80773925781 1025.59167480469 1018.21246337891 1008.48602294922 1007.07434082031 1017.76947021484 1024.31958007812 1021.67047119141 1018.12634277344 1026.34545898438 1033.2734375 1036.56103515625 1033.2802734375 1039.78869628906 1037.73950195312 1036.82739257812 1022.79034423828 1021.99084472656 1011.82672119141 992.10107421875 984.490600585938 981.49951171875 976.625366210938 972.044494628906 968.075866699219
1023.5166015625 1016.78961181641 1008.45324707031 1002.63671875 996.225524902344 999.442749023438 995.633850097656 997.130859375 1011.783203125 1004.09753417969 999.835327148438 1001.703125 1012.00329589844 1017.37097167969 1020.88873291016 1023.8544921875 1020.51440429688 1022.14324951172 1028.53491210938 1026.13146972656 1025.64807128906 1027.94396972656 1024.03942871094 1020.02117919922 1023.21832275391 1023.25891113281 1027.67431640625 1028.62451171875 1031.87927246094 1024.28125 1027.16064453125 1025.98913574219 1025.77600097656 1027.29650878906 1032.17712402344 1037.24743652344 1027.27722167969 1021.66058349609 1020.02984619141 1002.61572265625 996.77001953125 996.468383789062 993.962707519531 992.916442871094 983.072937011719 983.021728515625
1028.80639648438 1014.85815429688 1005.57104492188 1003.81311035156 1002.19512939453 1003.81860351562 1003.78479003906 998.698120117188 1006.81085205078 1002.63714599609 1000.24450683594 999.716064453125 1007.00201416016 1014.21563720703 1024.54992675781 1029.94567871094 1025.53527832031 1024.33898925781 1022.83612060547 1031.95129394531 1024.958984375 1025.70532226562 1032.21435546875 1017.91552734375 1025.51928710938 1023.28814697266 1019.68597412109 1025.16320800781 1029.56787109375 1027.33032226562 1015.16229248047 1016.83190917969 1017.90490722656 1026.53735351562 1030.50732421875 1033.74182128906 1029.8623046875 1024.75927734375 1013.10479736328 1014.55993652344 1011.86761474609 1008.48773193359 1003.28662109375 997.030822753906 994.200927734375 989.175720214844
