data/zlatibor_dem_simulations/DEMsim22.asc
NCOLS 150
NROWS 100
XLLCORNER 7394249
YLLCORNER 4841999
CELLSIZE 30
NODATA_VALUE -9999
[rows 0 to 19 of 100, columns 0 to 45 of 150]
1010.06176757812 1004.19030761719 1012.99377441406 1021.10296630859 1016.75561523438 1018.10845947266 1005.13446044922 998.9462890625 1007.95825195312 1004.86187744141 1006.00573730469 1014.00738525391 1012.06109619141 1023.37493896484 1009.10369873047 1009.82916259766 1004.55560302734 1014.1376953125 1014.86004638672 1028.15185546875 1033.05517578125 1036.84753417969 1036.26831054688 1028.71313476562 1026.83532714844 1023.28289794922 1028.96997070312 1028.77612304688 1030.69018554688 1027.74914550781 1034.03881835938 1040.18957519531 1036.17395019531 1039.54638671875 1041.07641601562 1025.38293457031 1022.87414550781 1022.62707519531 1015.65045166016 1009.17749023438 1000.88317871094 1002.99865722656 992.683227539062 991.585571289062 990.927673339844 994.03759765625
1009.37768554688 1010.65399169922 1015.82092285156 1016.24224853516 1017.44287109375 1009.8427734375 1000.32580566406 994.095031738281 994.345947265625 997.044677734375 1014.17633056641 1007.12316894531 1017.42572021484 1018.69927978516 1013.58770751953 1009.27545166016 1000.55786132812 1008.71154785156 1014.33996582031 1027.35864257812 1038.19580078125 1037.76440429688 1032.41809082031 1030.84912109375 1025.91479492188 1026.83422851562 1020.97412109375 1018.80194091797 1028.58251953125 1023.63928222656 1026.01611328125 1037.46740722656 1039.15222167969 1043.66040039062 1039.9130859375 1036.45690917969 1028.85412597656 1020.08160400391 1007.5888671875 1004.39312744141 1007.45703125 1006.79705810547 999.679382324219 991.119689941406 992.085815429688 987.853088378906
1011.0537109375 1008.28509521484 1004.15936279297 1015.23248291016 1007.07562255859 1000.70941162109 1003.84185791016 995.961608886719 999.736267089844 1010.6181640625 1011.50628662109 1010.11157226562 1015.60119628906 1017.10845947266 1015.24188232422 1004.439453125 1010.71691894531 1016.2509765625 1018.55377197266 1028.00549316406 1039.52465820312 1043.00512695312 1033.48327636719 1035.53747558594 1032.7451171875 1031.80908203125 1022.67572021484 1021.59161376953 1026.74499511719 1025.71923828125 1025.5908203125 1031.18994140625 1036.80700683594 1038.45092773438 1051.31481933594 1037.41162109375 1031.05981445312 1020.06353759766 1015.9208984375 1002.07110595703 1003.63580322266 998.409545898438 996.576049804688 992.596618652344 995.097229003906 989.763366699219
1007.63000488281 1005.08361816406 1002.78118896484 1009.34002685547 1006.42791748047 1003.96978759766 1006.11840820312 1003.71374511719 1000.76123046875 1009.85668945312 1009.00219726562 1013.59265136719 1006.87951660156 1008.79754638672 1007.64636230469 1012.69403076172 1018.33813476562 1018.91418457031 1017.61029052734 1024.74096679688 1031.89880371094 1033.46240234375 1038.791015625 1039.80578613281 1026.87719726562 1023.54302978516 1014.95886230469 1014.03643798828 1010.03015136719 1023.95251464844 1027.92712402344 1026.45874023438 1034.2890625 1031.16491699219 1042.52746582031 1037.02722167969 1033.96936035156 1021.93432617188 1016.80163574219 1010.19769287109 1001.04418945312 1004.50787353516 1000.30731201172 1001.1728515625 995.499084472656 991.157470703125
999.249389648438 1008.36364746094 1006.92858886719 1007.44549560547 998.067199707031 1008.39770507812 1004.72418212891 1007.54461669922 1005.70471191406 1014.48461914062 1010.63031005859 1007.43151855469 1003.64025878906 1006.09118652344 1000.30322265625 1009.11944580078 1014.74548339844 1014.88500976562 1022.11083984375 1022.23590087891 1018.32177734375 1030.15490722656 1039.27087402344 1046.38696289062 1034.62561035156 1020.103515625 1018.68127441406 1008.36444091797 1008.85467529297 1011.20806884766 1023.48095703125 1021.98718261719 1025.50720214844 1025.99328613281 1027.58227539062 1026.66528320312 1025.47058105469 1014.12353515625 1011.51214599609 1003.69342041016 1001.90728759766 1006.3251953125 1005.37133789062 999.660827636719 998.1201171875 1002.93823242188
999.096862792969 998.415100097656 1006.55499267578 998.984191894531 993.460388183594 1002.32269287109 1004.06646728516 1003.88726806641 1009.32409667969 1011.31164550781 1012.31878662109 1007.79974365234 997.423400878906 1010.30529785156 1013.78692626953 1020.42175292969 1012.01141357422 1021.13360595703 1018.62634277344 1018.50854492188 1022.82867431641 1027.30053710938 1034.9638671875 1033.77893066406 1027.13500976562 1019.54870605469 1017.041015625 1005.82421875 1000.63848876953 998.587280273438 1009.80181884766 1017.73992919922 1018.55493164062 1017.28289794922 1020.41522216797 1016.06518554688 1011.07110595703 1002.91656494141 1006.68969726562 1008.97937011719 1000.83666992188 1007.38348388672 1009.73480224609 999.707336425781 997.476318359375 998.771362304688
996.647766113281 995.219177246094 1009.84631347656 1001.51177978516 999.015747070312 1008.45635986328 1008.79534912109 1009.34002685547 1006.41424560547 1004.48980712891 1003.84796142578 1009.39428710938 999.667541503906 1001.87268066406 1009.61853027344 1013.92889404297 1012.35266113281 1026.63134765625 1027.99780273438 1027.8662109375 1023.26263427734 1026.33166503906 1020.78369140625 1020.47747802734 1018.91094970703 1026.39294433594 1015.02496337891 1005.42681884766 999.111633300781 1002.67449951172 1011.48352050781 1021.09698486328 1016.85198974609 1019.50366210938 1011.28503417969 1015.86596679688 1013.40521240234 1004.00842285156 1007.76843261719 1005.02386474609 1003.90856933594 1011.77868652344 1012.62841796875 1009.06787109375 1004.28125 999.746948242188
996.305603027344 995.252990722656 997.882446289062 996.877319335938 1000.67309570312 1013.04449462891 1009.82293701172 1007.85412597656 1006.72796630859 1005.46801757812 999.480285644531 997.089538574219 998.611877441406 1006.55358886719 1005.87298583984 1018.21429443359 1028.8994140625 1031.52868652344 1031.78662109375 1027.31140136719 1022.99658203125 1028.47448730469 1018.77722167969 1012.54437255859 1015.07965087891 1013.33935546875 1008.99627685547 1003.73449707031 996.65380859375 997.690124511719 1010.43157958984 1016.30120849609 1011.29583740234 1013.24676513672 1026.80810546875 1022.34210205078 1016.05578613281 1006.91632080078 1008.75140380859 1002.34625244141 1000.78961181641 1003.13787841797 1007.01647949219 1006.41369628906 1009.08410644531 1003.97515869141
996.876892089844 992.353149414062 998.9365234375 997.637329101562 1002.45166015625 1000.77282714844 997.310913085938 1000.20263671875 1003.48852539062 997.092346191406 999.344665527344 1003.50500488281 1003.2431640625 1007.75592041016 1001.68395996094 1011.91851806641 1017.08758544922 1027.14892578125 1027.86047363281 1032.92822265625 1027.4072265625 1026.27697753906 1011.95086669922 1000.85198974609 1001.3017578125 1001.73980712891 1003.53826904297 1006.17791748047 1001.75726318359 1000.01336669922 1011.96466064453 1015.53399658203 1009.20220947266 1012.48400878906 1023.37719726562 1022.23120117188 1022.26531982422 1016.77484130859 1010.03985595703 1001.72149658203 1002.84942626953 1000.23864746094 999.940856933594 1006.16241455078 1013.17248535156 1008.40075683594
999.942077636719 994.824462890625 996.760070800781 988.394287109375 991.989501953125 999.709045410156 998.731628417969 1000.23217773438 1001.03314208984 995.04638671875 994.967712402344 989.86376953125 997.608825683594 1004.30700683594 992.128601074219 992.067504882812 999.814575195312 1019.69519042969 1030.408203125 1026.87475585938 1027.02514648438 1005.78112792969 989.948547363281 998.809020996094 988.575561523438 1000.67962646484 1001.04455566406 1001.01141357422 998.109741210938 998.572509765625 1006.45782470703 1006.72320556641 1012.24884033203 1013.75354003906 1019.85784912109 1023.70556640625 1018.8681640625 1020.1767578125 1014.98352050781 1008.87420654297 1000.13714599609 1001.3369140625 995.761474609375 1001.54821777344 1006.41088867188 1010.06060791016
1000.50903320312 995.447204589844 994.284118652344 989.044372558594 984.71875 994.040771484375 995.417785644531 998.521484375 994.635498046875 986.407287597656 985.028503417969 986.742736816406 991.809753417969 993.90380859375 983.009948730469 995.124572753906 1003.88671875 1014.6669921875 1027.87036132812 1021.07598876953 1017.50628662109 1008.00726318359 995.401977539062 989.328247070312 992.049865722656 995.320922851562 998.75927734375 999.496887207031 999.246704101562 998.970886230469 1005.97961425781 1016.16143798828 1016.61938476562 1011.79827880859 1017.97644042969 1024.11853027344 1016.74987792969 1019.30163574219 1009.16711425781 1000.93603515625 1002.14324951172 998.673095703125 998.105773925781 999.550170898438 1019.04931640625 1013.15686035156
988.661743164062 987.63232421875 985.597412109375 983.839233398438 979.638061523438 979.635681152344 988.24755859375 998.08984375 991.300354003906 986.960693359375 986.491027832031 981.657653808594 981.012451171875 992.992858886719 994.401550292969 990.981384277344 997.448852539062 1011.89752197266 1014.72833251953 1013.97155761719 1012.5927734375 1007.22589111328 1006.94836425781 998.184204101562 994.267639160156 988.647521972656 998.534729003906 994.963134765625 998.30029296875 998.620300292969 1008.13641357422 1008.15380859375 1015.49609375 1016.56207275391 1019.45471191406 1014.96624755859 1012.88549804688 1014.36401367188 1012.62493896484 1008.5400390625 1007.96514892578 995.58740234375 997.702453613281 999.079956054688 1000.55737304688 1004.61547851562
985.328918457031 976.96923828125 968.553161621094 977.542297363281 978.181274414062 979.936706542969 990.904663085938 995.454956054688 987.609436035156 986.775573730469 980.311767578125 972.534545898438 977.420166015625 988.420837402344 988.003173828125 994.022644042969 991.991088867188 1001.93731689453 1006.74249267578 1003.41119384766 1008.18243408203 1002.76226806641 1002.97778320312 989.577514648438 998.906005859375 984.752502441406 985.860473632812 997.0537109375 1002.8486328125 1007.31555175781 1008.84490966797 1010.78594970703 1010.79034423828 1019.39404296875 1025.92102050781 1023.47979736328 1018.26678466797 1022.79125976562 1032.1083984375 1022.07971191406 1023.85632324219 1009.27795410156 1000.8056640625 999.335327148438 1003.56091308594 1001.89984130859
979.329040527344 980.2021484375 975.236450195312 981.359191894531 984.443908691406 979.970092773438 991.332275390625 993.3759765625 982.284790039062 976.754760742188 972.34033203125 969.325134277344 980.528991699219 980.341430664062 985.4970703125 986.733581542969 995.176940917969 1000.91943359375 990.073120117188 1000.87542724609 993.116943359375 986.3701171875 982.509704589844 987.840637207031 989.484375 986.598022460938 993.84326171875 997.132507324219 998.503845214844 1016.23864746094 1009.91723632812 1009.28912353516 1015.66925048828 1019.98510742188 1018.83843994141 1029.32531738281 1028.28759765625 1028.8896484375 1034.62658691406 1040.23010253906 1031.40502929688 1011.89770507812 1003.001953125 1004.31079101562 1012.59020996094 1011.71478271484
976.004272460938 973.029479980469 973.658142089844 983.7744140625 980.783569335938 983.287353515625 980.518615722656 994.01904296875 991.880310058594 983.06591796875 975.644409179688 977.995727539062 985.8701171875 986.218872070312 986.2900390625 986.704711914062 983.461242675781 987.388977050781 987.323913574219 988.135131835938 983.793701171875 983.555786132812 979.946411132812 981.437377929688 990.24267578125 997.715270996094 996.204223632812 993.497131347656 997.497314453125 1007.43054199219 1004.23944091797 1012.82666015625 1017.65875244141 1016.76794433594 1019.15460205078 1031.82702636719 1034.25 1037.07580566406 1035.54187011719 1038.96020507812 1036.87829589844 1018.39465332031 1012.79443359375 1007.68182373047 1016.42889404297 1018.72796630859
968.130676269531 974.583679199219 989.161865234375 986.073364257812 981.408874511719 975.0146484375 982.990905761719 984.910949707031 985.216003417969 978.959289550781 976.691284179688 969.663757324219 982.570739746094 982.238098144531 985.399047851562 982.988586425781 978.851806640625 985.240661621094 988.484130859375 983.752990722656 981.402893066406 981.596923828125 972.54150390625 981.373474121094 987.053100585938 993.667419433594 998.028869628906 997.031494140625 997.808654785156 1004.78686523438 1011.09552001953 1009.62390136719 1012.03265380859 1020.34136962891 1028.115234375 1025.72045898438 1038.5654296875 1036.73156738281 1037.14978027344 1040.09130859375 1045.45715332031 1031.7861328125 1027.46472167969 1022.48785400391 1022.59692382812 1023.0029296875
974.369506835938 976.98046875 983.050415039062 983.091369628906 975.363708496094 974.306396484375 975.825256347656 986.183959960938 987.783996582031 980.131591796875 980.82275390625 973.605285644531 970.233581542969 974.041931152344 979.623352050781 973.4150390625 968.320556640625 978.515380859375 985.132873535156 984.118896484375 983.550170898438 978.16357421875 971.217712402344 979.887084960938 988.709899902344 986.3984375 997.890319824219 1000.91473388672 1000.89538574219 1008.48358154297 1014.53881835938 1029.4169921875 1030.25048828125 1027.18359375 1029.25561523438 1027.41076660156 1037.63659667969 1041.51391601562 1039.63745117188 1043.14392089844 1041.22668457031 1041.88049316406 1044.06457519531 1030.99768066406 1035.93713378906 1024.11120605469
980.013305664062 980.594055175781 974.813598632812 976.329162597656 977.955200195312 979.690734863281 981.44677734375 983.241394042969 987.673217773438 988.408325195312 986.220886230469 980.748901367188 980.447265625 972.493774414062 973.298828125 971.7587890625 968.319580078125 977.400756835938 980.536560058594 986.287780761719 983.38525390625 977.437072753906 971.726867675781 981.049987792969 993.46337890625 998.765930175781 994.555541992188 999.240356445312 999.240539550781 1005.96612548828 1013.48718261719 1024.71655273438 1023.22619628906 1025.49829101562 1027.89270019531 1029.177734375 1029.3203125 1038.57250976562 1035.16967773438 1040.06176757812 1039.42358398438 1045.81970214844 1035.87121582031 1040.44189453125 1031.68078613281 1028.84155273438
970.417114257812 973.396362304688 975.662292480469 974.419982910156 971.968994140625 974.787841796875 977.200622558594 981.931884765625 986.926452636719 981.683654785156 977.352416992188 977.087097167969 973.27197265625 966.912109375 972.861633300781 969.747131347656 976.839538574219 976.7802734375 981.869750976562 984.000610351562 986.732849121094 975.499877929688 969.421569824219 984.911437988281 991.199584960938 996.69091796875 1005.24145507812 1010.01708984375 1009.83648681641 1016.49505615234 1014.52331542969 1034.01635742188 1021.98608398438 1021.08489990234 1028.72985839844 1030.0595703125 1024.01049804688 1036.43664550781 1031.9501953125 1037.31799316406 1030.09838867188 1032.51672363281 1039.82067871094 1030.76159667969 1036.58239746094 1025.37255859375
961.309020996094 957.093444824219 965.972290039062 970.922607421875 961.993041992188 971.516418457031 969.08837890625 975.782958984375 978.343383789062 978.299987792969 970.991271972656 972.027954101562 966.004089355469 961.521057128906 967.728515625 969.440673828125 973.359069824219 980.930053710938 985.451538085938 988.236755371094 987.289855957031 977.563415527344 977.893615722656 980.720947265625 996.224304199219 997.261413574219 1004.96417236328 1015.43316650391 1008.89215087891 1016.81610107422 1022.16979980469 1021.14141845703 1023.26519775391 1019.03399658203 1018.07647705078 1016.9443359375 1028.2607421875 1030.77709960938 1028.91687011719 1041.05676269531 1039.23486328125 1041.96557617188 1045.22351074219 1043.54870605469 1039.82543945312 1023.97509765625
