data/zlatibor_dem_simulations/DEMsim31.asc
NCOLS 150
NROWS 100
XLLCORNER 7394249
YLLCORNER 4841999
CELLSIZE 30
NODATA_VALUE -9999
[rows 20 to 39 of 100, columns 0 to 45 of 150]
959.408752441406 972.557678222656 958.86328125 957.903259277344 955.9814453125 957.367919921875 960.9052734375 973.841430664062 966.212829589844 948.693054199219 944.920349121094 952.544494628906 954.831176757812 953.846069335938 957.913635253906 952.885131835938 957.051696777344 962.059997558594 966.889221191406 969.608032226562 984.903930664062 980.626525878906 986.141296386719 988.544189453125 993.262084960938 1000.94732666016 1005.34655761719 1014.16394042969 1008.19323730469 1009.40667724609 1010.88952636719 1009.39666748047 1019.05444335938 1024.54833984375 1030.95727539062 1032.20593261719 1029.3896484375 1035.84887695312 1035.71459960938 1043.05285644531 1040.57629394531 1039.13439941406 1038.51501464844 1028.35583496094 1031.96533203125 1026.83801269531
959.910400390625 962.517456054688 956.36572265625 959.670104980469 953.795715332031 950.573547363281 946.4990234375 954.653930664062 957.162414550781 957.319519042969 952.716369628906 951.5869140625 962.205017089844 957.183471679688 959.010314941406 949.034912109375 955.594848632812 962.240051269531 962.196960449219 964.090209960938 984.036926269531 983.400939941406 987.218933105469 987.787719726562 993.198791503906 999.927368164062 1008.77819824219 1013.94689941406 1008.40399169922 1002.46002197266 1014.39489746094 1018.43395996094 1016.33801269531 1019.24401855469 1019.13702392578 1022.41143798828 1019.17431640625 1030.50256347656 1033.82592773438 1032.00891113281 1021.03118896484 1029.77380371094 1030.74560546875 1022.44519042969 1025.15588378906 1016.97058105469
961.34912109375 955.848449707031 957.289672851562 963.469421386719 954.150268554688 951.430847167969 945.402221679688 948.389343261719 956.658203125 958.993103027344 944.460815429688 954.509460449219 951.280212402344 956.872497558594 958.05029296875 955.843200683594 956.361206054688 968.418823242188 965.836669921875 976.098022460938 985.012329101562 986.263000488281 992.048706054688 997.431457519531 1002.52239990234 998.630859375 1005.91595458984 1014.01953125 1019.45501708984 1006.68951416016 1012.80694580078 1005.82196044922 1009.99859619141 1012.44024658203 1016.03851318359 1019.36883544922 1019.42553710938 1031.59582519531 1035.81958007812 1028.60620117188 1025.43859863281 1026.57214355469 1016.90924072266 1020.78448486328 1015.6796875 1015.92388916016
953.822265625 963.580749511719 950.284301757812 947.573059082031 946.178405761719 937.23876953125 945.357421875 950.874633789062 946.242126464844 953.090026855469 958.36474609375 945.643615722656 954.43017578125 945.954833984375 954.191162109375 958.500610351562 960.300415039062 957.550903320312 966.454284667969 977.263549804688 981.748291015625 993.163452148438 990.377075195312 993.163818359375 1000.74029541016 995.728393554688 1001.14221191406 1015.66625976562 1006.44232177734 1002.16558837891 1004.21350097656 1009.49053955078 1010.61254882812 1013.92999267578 1008.57159423828 1010.57818603516 1015.66809082031 1021.76025390625 1026.64074707031 1023.93719482422 1022.99090576172 1022.32855224609 1007.54034423828 1017.85211181641 1006.556640625 1003.63446044922
948.820922851562 958.218139648438 946.658813476562 944.249328613281 934.850219726562 941.444885253906 944.326477050781 944.680053710938 944.752197265625 954.911499023438 957.029113769531 964.627685546875 956.490417480469 957.422912597656 961.787353515625 963.645629882812 957.845581054688 952.578063964844 967.165161132812 982.317138671875 975.330688476562 981.996276855469 977.626403808594 985.113586425781 993.254516601562 1000.73455810547 1006.45281982422 1005.11688232422 1012.43640136719 1001.18200683594 997.835693359375 1006.95587158203 1007.58422851562 1014.04412841797 1016.2099609375 1010.75469970703 1011.57678222656 1018.73498535156 1020.15447998047 1021.86114501953 1024.33813476562 1011.16552734375 1003.72601318359 1007.52496337891 1007.00579833984 996.891235351562
944.834777832031 949.649475097656 946.383972167969 949.233581542969 949.978881835938 946.665405273438 950.791442871094 944.050109863281 944.001586914062 952.512023925781 960.001953125 971.919555664062 970.574951171875 967.866149902344 966.146484375 971.119201660156 956.171020507812 966.937194824219 973.488586425781 982.504211425781 981.959106445312 977.552917480469 980.069763183594 985.803771972656 986.138122558594 991.3154296875 998.940002441406 1002.05438232422 1006.72692871094 994.971923828125 998.117126464844 1001.02825927734 1001.87817382812 1010.31231689453 1010.82092285156 1008.03137207031 1008.07177734375 1013.16448974609 1018.50823974609 1021.05090332031 1016.51025390625 1010.06689453125 1000.6455078125 1009.69183349609 1001.888671875 997.176574707031
948.790100097656 955.860412597656 950.472717285156 946.871337890625 949.602294921875 949.688232421875 957.023742675781 951.06298828125 950.954650878906 961.683288574219 961.610900878906 971.8701171875 975.105773925781 978.737365722656 977.34619140625 965.848510742188 966.944152832031 971.476684570312 979.766418457031 980.613891601562 976.696838378906 982.832153320312 991.261779785156 988.740905761719 996.585998535156 981.416137695312 990.431274414062 994.921508789062 995.65673828125 999.251892089844 1004.16864013672 994.528442382812 1000.07012939453 1012.90612792969 1009.22894287109 1006.97302246094 1012.49078369141 1009.82147216797 1011.03814697266 1014.01147460938 1012.09594726562 1005.61639404297 996.951477050781 1007.90087890625 1000.60809326172 997.826538085938
960.906555175781 955.240478515625 958.03125 955.4912109375 965.730712890625 955.698791503906 962.341979980469 954.607360839844 958.298400878906 960.662109375 968.933837890625 974.183837890625 979.99609375 983.373168945312 974.5244140625 969.54541015625 973.111145019531 973.650817871094 972.100524902344 988.734558105469 983.157104492188 983.763488769531 984.372253417969 992.280334472656 991.408325195312 991.656982421875 994.933898925781 987.1923828125 990.0078125 995.089721679688 997.283569335938 1001.0341796875 1000.48480224609 999.966491699219 1006.53424072266 1004.5693359375 1010.45458984375 1008.66046142578 1007.51977539062 1007.38305664062 1002.16979980469 992.70166015625 996.943542480469 997.252319335938 987.8173828125 996.387145996094
968.29248046875 964.127197265625 964.770874023438 967.840576171875 964.676513671875 967.2685546875 961.574401855469 957.773864746094 962.858093261719 964.986938476562 967.282470703125 972.489807128906 973.465759277344 981.242370605469 972.261169433594 977.689575195312 968.588317871094 981.913208007812 979.038269042969 986.90673828125 985.445007324219 989.857116699219 981.868530273438 982.623840332031 990.303588867188 991.062072753906 988.850769042969 986.857482910156 985.928100585938 988.739318847656 993.388916015625 997.523010253906 996.165100097656 994.562805175781 1005.11016845703 1010.04119873047 1010.43939208984 1012.20166015625 1006.76348876953 995.364074707031 993.059448242188 990.575256347656 982.327453613281 989.036682128906 993.378356933594 993.34326171875
963.830810546875 964.8828125 967.964904785156 966.839538574219 966.085815429688 963.853454589844 956.120666503906 965.132568359375 968.736572265625 960.13916015625 953.810974121094 958.903137207031 970.4423828125 974.722839355469 977.744812011719 969.315856933594 968.389038085938 981.213623046875 984.313537597656 986.31494140625 987.751220703125 990.090454101562 989.436279296875 985.677490234375 979.073486328125 982.73583984375 984.898559570312 983.637939453125 978.970703125 986.06787109375 989.5478515625 993.99609375 994.503234863281 992.966125488281 995.00146484375 997.232360839844 1000.82171630859 1006.67077636719 1007.51159667969 997.143127441406 987.5390625 997.677185058594 993.017517089844 982.713256835938 986.237548828125 989.352294921875
951.349060058594 964.264770507812 971.10888671875 967.6591796875 968.903076171875 976.228332519531 968.906127929688 962.845642089844 965.425354003906 963.00146484375 963.281799316406 962.155029296875 979.250854492188 978.631469726562 981.552307128906 973.596435546875 979.795776367188 986.409240722656 983.027648925781 982.619812011719 995.810791015625 987.172546386719 988.56005859375 984.337585449219 985.008972167969 983.751953125 979.251159667969 980.78271484375 984.276000976562 984.234130859375 978.291687011719 987.810241699219 990.977905273438 996.183288574219 986.552490234375 988.55029296875 994.249633789062 993.895751953125 997.787109375 992.303527832031 988.156311035156 988.035278320312 990.000183105469 987.469970703125 988.026428222656 992.482421875
953.807739257812 957.993896484375 962.982727050781 964.730773925781 964.536804199219 973.521362304688 977.01123046875 967.966186523438 968.585205078125 960.614013671875 960.410217285156 967.548889160156 980.888061523438 982.490356445312 973.400573730469 982.538391113281 974.998779296875 974.220886230469 980.046325683594 984.190734863281 991.374633789062 984.067810058594 991.328552246094 989.405883789062 986.49365234375 985.917419433594 983.825256347656 987.043579101562 987.801635742188 983.091003417969 983.684814453125 983.446594238281 987.3779296875 988.124206542969 990.286193847656 983.681640625 979.298217773438 983.504699707031 991.224243164062 989.828308105469 985.526245117188 994.900085449219 988.086120605469 985.594665527344 983.427124023438 988.682983398438
945.024780273438 950.594970703125 961.234680175781 959.935119628906 971.885070800781 973.376525878906 974.400573730469 971.67333984375 969.37060546875 966.952331542969 963.090637207031 973.740661621094 980.233032226562 983.357177734375 976.711181640625 981.029052734375 974.972290039062 973.488830566406 973.467346191406 971.34326171875 985.68359375 986.980712890625 986.692810058594 991.973083496094 997.810180664062 984.902526855469 983.285400390625 985.302124023438 987.318908691406 983.081237792969 985.796875 989.964721679688 980.679077148438 982.908203125 980.348327636719 980.388793945312 984.229797363281 988.338439941406 982.575866699219 978.450317382812 988.978210449219 983.650817871094 986.132690429688 993.078369140625 994.590026855469 983.989135742188
949.249694824219 947.539611816406 955.431762695312 957.327697753906 958.318298339844 968.160949707031 972.4189453125 968.135192871094 965.8291015625 972.688049316406 981.957458496094 976.998352050781 986.110229492188 986.800903320312 981.916198730469 985.759338378906 980.692626953125 967.512084960938 968.15087890625 973.617431640625 977.190795898438 993.674621582031 998.723205566406 990.619323730469 999.395812988281 982.24169921875 977.288208007812 982.622680664062 985.679016113281 996.091674804688 984.438354492188 983.632873535156 988.39794921875 978.902404785156 979.320495605469 983.962768554688 980.956787109375 980.553405761719 985.996154785156 979.179870605469 984.722900390625 991.660034179688 980.226257324219 985.109680175781 983.37939453125 982.384582519531
944.740417480469 942.686889648438 958.872924804688 958.865234375 965.071899414062 974.593566894531 977.099182128906 977.749694824219 973.552001953125 975.629272460938 981.038513183594 982.318420410156 978.601684570312 989.437316894531 977.623779296875 975.161743164062 974.872497558594 971.158020019531 973.82177734375 979.799011230469 972.724914550781 991.042663574219 990.816101074219 989.223388671875 991.293090820312 988.171325683594 980.305297851562 984.320007324219 982.726623535156 982.915649414062 976.445068359375 989.160461425781 985.197387695312 977.583129882812 982.294799804688 981.165771484375 980.461120605469 985.601501464844 984.212585449219 982.0751953125 981.189270019531 978.450805664062 986.014343261719 985.215148925781 983.03076171875 980.273071289062
951.994812011719 951.823852539062 957.177795410156 957.166870117188 968.502258300781 969.135070800781 970.3154296875 971.499450683594 975.968811035156 983.454040527344 982.294250488281 977.006286621094 969.860656738281 972.534057617188 964.254272460938 969.732299804688 973.649536132812 972.544128417969 977.304870605469 978.332153320312 979.928344726562 981.766906738281 991.787048339844 991.865661621094 991.324340820312 978.33154296875 972.831237792969 980.037048339844 979.724060058594 987.397399902344 981.786254882812 983.079711914062 983.817932128906 990.48486328125 983.060302734375 976.396240234375 983.829711914062 981.61376953125 975.84716796875 976.757202148438 975.681762695312 972.388427734375 982.46923828125 981.251708984375 974.786315917969 985.006958007812
956.850769042969 964.118591308594 958.466735839844 959.113220214844 969.824157714844 965.111755371094 968.446228027344 974.373413085938 974.737060546875 986.607849121094 985.224426269531 976.778503417969 969.069274902344 971.057739257812 961.540405273438 958.392578125 972.740112304688 979.257629394531 983.164916992188 983.309265136719 976.706359863281 974.722717285156 984.840942382812 983.485046386719 983.373779296875 974.519897460938 976.886779785156 977.190612792969 973.128601074219 977.904113769531 979.612854003906 973.955749511719 979.822509765625 989.112182617188 980.0791015625 978.805053710938 979.149536132812 976.396911621094 971.333129882812 978.956115722656 979.103393554688 966.751525878906 979.3115234375 973.259338378906 978.563415527344 983.787048339844
950.34814453125 958.362976074219 962.939453125 967.356567382812 962.055847167969 968.06591796875 970.765625 974.81689453125 983.464660644531 983.571838378906 978.07568359375 973.996704101562 969.001037597656 965.191833496094 965.650451660156 969.087463378906 978.565734863281 986.152648925781 989.956237792969 967.746459960938 982.040954589844 979.893676757812 978.816589355469 971.652893066406 980.7265625 977.443908691406 974.450439453125 973.77587890625 969.466369628906 968.683776855469 970.520629882812 973.470642089844 974.566589355469 985.284118652344 972.836547851562 973.246398925781 977.127868652344 976.691223144531 974.895446777344 972.451965332031 973.654479980469 979.450317382812 967.471618652344 975.169250488281 971.146789550781 968.907958984375
945.744567871094 951.803405761719 962.742919921875 973.689147949219 974.057250976562 968.479919433594 974.914428710938 974.363647460938 980.951232910156 979.396545410156 973.732360839844 969.2119140625 973.372314453125 972.954650878906 971.752624511719 971.408081054688 975.939147949219 980.066223144531 980.735412597656 974.309448242188 983.440673828125 977.396240234375 981.766052246094 976.709045410156 977.855102539062 985.370056152344 968.550720214844 969.182312011719 963.026489257812 969.11572265625 967.150146484375 972.632202148438 978.82763671875 987.081665039062 978.557189941406 973.667846679688 979.474365234375 981.037109375 974.639709472656 969.764099121094 967.879089355469 978.823791503906 975.607177734375 972.384887695312 973.068664550781 975.981689453125
946.05859375 958.018005371094 962.274108886719 970.775024414062 970.213745117188 969.450927734375 971.186950683594 970.383972167969 962.623168945312 969.625854492188 969.157043457031 973.018859863281 977.070861816406 980.425109863281 979.725036621094 973.139038085938 970.791931152344 971.330017089844 973.857177734375 976.931884765625 983.92626953125 986.005065917969 979.832336425781 981.650573730469 985.10302734375 984.769714355469 973.559265136719 974.230102539062 968.677368164062 967.706970214844 968.285095214844 977.219909667969 980.375427246094 982.243835449219 978.786315917969 984.359802246094 983.536560058594 979.664611816406 973.415100097656 978.213256835938 979.329406738281 974.553649902344 978.508422851562 973.93896484375 970.505981445312 971.195068359375
