data/zlatibor_dem_simulations/DEMsim58.asc
NCOLS 150
NROWS 100
XLLCORNER 7394249
YLLCORNER 4841999
CELLSIZE 30
NODATA_VALUE -9999
[rows 40 to 59 of 100, columns 92 to 137 of 150]
991.116149902344 1000.47412109375 1001.37481689453 1001.70959472656 996.534301757812 994.546264648438 993.475036621094 981.375183105469 980.678649902344 983.667297363281 984.0673828125 990.405090332031 992.088439941406 980.503356933594 979.806335449219 976.765014648438 984.700805664062 988.336669921875 996.837097167969 999.102783203125 995.565307617188 999.64892578125 992.917724609375 1003.43560791016 998.287902832031 987.676574707031 994.211303710938 998.190185546875 999.129638671875 998.312255859375 1005.89434814453 998.264343261719 1005.18432617188 1009.26959228516 1011.67681884766 1018.97094726562 1011.98425292969 1016.9794921875 1025.04467773438 1025.08984375 1021.14410400391 1034.35815429688 1040.90185546875 1039.80541992188 1042.08837890625 1046.61206054688
981.191101074219 985.478149414062 989.782165527344 992.327941894531 984.634094238281 992.396728515625 980.960693359375 979.664489746094 978.70703125 984.206970214844 980.950500488281 987.233215332031 993.581115722656 988.457336425781 983.159423828125 984.970458984375 979.6865234375 983.0322265625 991.486389160156 990.5244140625 990.480651855469 993.356262207031 991.231567382812 1004.0927734375 996.780090332031 995.932250976562 996.8779296875 994.349975585938 996.679504394531 998.414489746094 996.418151855469 996.729553222656 1003.76049804688 1008.27569580078 1013.67260742188 1015.05877685547 1024.96520996094 1027.98486328125 1029.22216796875 1035.18811035156 1032.67333984375 1046.29565429688 1050.8466796875 1046.26232910156 1057.44689941406 1049.62756347656
978.752624511719 981.247253417969 983.974670410156 988.145446777344 984.694458007812 981.057800292969 973.928405761719 987.168273925781 980.593872070312 978.860656738281 980.912780761719 984.834594726562 986.48779296875 984.100219726562 982.711853027344 981.441162109375 981.72216796875 981.790893554688 988.427978515625 980.797302246094 988.242065429688 993.39794921875 988.8251953125 994.776916503906 1001.88879394531 1003.12878417969 992.606872558594 1002.724609375 993.016479492188 992.183959960938 991.611694335938 996.548034667969 1003.80792236328 1006.06494140625 1009.42260742188 1015.86102294922 1025.13098144531 1027.33605957031 1032.7529296875 1033.75134277344 1036.70886230469 1044.89831542969 1050.82580566406 1056.17504882812 1059.73962402344 1058.20727539062
973.201538085938 973.294067382812 978.820983886719 984.392761230469 984.917358398438 983.04052734375 979.027893066406 984.610717773438 985.772521972656 985.885559082031 980.048278808594 986.148803710938 982.056030273438 982.885375976562 975.961547851562 990.648010253906 983.614379882812 981.890258789062 986.7607421875 989.131652832031 989.247619628906 990.010314941406 988.304809570312 993.218078613281 1000.35729980469 994.57861328125 995.491088867188 999.52783203125 1000.6318359375 999.747863769531 994.889099121094 992.732360839844 1006.86828613281 1013.4853515625 1012.263671875 1014.90081787109 1023.71343994141 1018.14892578125 1031.27111816406 1030.23461914062 1033.54333496094 1047.88842773438 1050.86572265625 1062.57189941406 1062.59521484375 1071.21984863281
968.662658691406 976.408813476562 978.909545898438 987.221740722656 982.282409667969 980.027587890625 981.32373046875 979.011108398438 979.39013671875 997.308776855469 987.487182617188 988.622741699219 975.324462890625 982.019775390625 984.833679199219 985.628112792969 982.302551269531 976.303466796875 983.520446777344 987.112426757812 988.62060546875 982.863708496094 988.480346679688 991.337463378906 999.7841796875 1003.39752197266 1012.13427734375 1013.69696044922 1009.18310546875 1009.32293701172 1008.66748046875 1004.5263671875 1007.01025390625 1010.06793212891 1006.99969482422 1015.99700927734 1024.2880859375 1020.95812988281 1034.34448242188 1032.17004394531 1030.06909179688 1044.23571777344 1047.49475097656 1055.02734375 1069.64514160156 1082.13879394531
958.626586914062 968.899475097656 970.769653320312 968.028503417969 978.282836914062 971.634521484375 975.809753417969 977.201416015625 979.8056640625 988.73681640625 985.208435058594 976.933227539062 977.917236328125 984.918518066406 988.446044921875 985.794189453125 974.505615234375 976.646789550781 987.311340332031 992.441162109375 993.141418457031 993.088745117188 993.276306152344 990.213439941406 1001.11895751953 1018.59222412109 1023.53735351562 1017.58758544922 1018.78845214844 1019.11041259766 1019.92535400391 1012.85247802734 1004.18060302734 1008.06518554688 1012.98614501953 1012.8779296875 1023.64916992188 1023.51818847656 1031.35607910156 1034.29833984375 1039.57763671875 1044.82666015625 1045.77294921875 1061.21484375 1062.73413085938 1067.12805175781
969.396789550781 973.385986328125 956.891174316406 963.824035644531 974.111694335938 965.636657714844 967.419982910156 969.334777832031 980.508239746094 986.229064941406 983.769226074219 986.415344238281 988.337036132812 988.909301757812 997.398864746094 995.073303222656 985.940002441406 983.650817871094 996.599487304688 999.201354980469 1007.97253417969 1007.59716796875 1004.26885986328 998.42529296875 1009.06768798828 1010.90423583984 1023.00628662109 1021.72772216797 1020.94421386719 1014.64178466797 1018.40887451172 1025.2138671875 1012.85565185547 1011.86676025391 1017.62493896484 1021.60778808594 1032.42883300781 1029.46032714844 1031.08264160156 1037.27490234375 1048.51770019531 1052.63110351562 1060.05493164062 1067.77587890625 1059.91223144531 1077.7158203125
977.462280273438 968.463623046875 966.050354003906 971.162475585938 960.709655761719 968.184326171875 972.247985839844 973.125549316406 979.263916015625 979.616271972656 978.402282714844 990.515258789062 987.513366699219 997.939086914062 991.702270507812 996.020080566406 985.684692382812 985.001831054688 1001.7978515625 999.359191894531 1000.13854980469 999.513061523438 1008.50524902344 1007.29876708984 1015.29992675781 1013.43304443359 1010.06927490234 1013.40533447266 1014.068359375 1019.67071533203 1015.23254394531 1026.72497558594 1025.54614257812 1019.45397949219 1023.60601806641 1026.671875 1031.03515625 1033.40344238281 1038.29504394531 1042.26818847656 1049.31506347656 1061.91748046875 1057.69311523438 1068.10791015625 1075.41223144531 1079.66320800781
965.619079589844 971.718444824219 963.518188476562 964.504943847656 972.3896484375 981.239807128906 978.156677246094 978.111022949219 977.422241210938 985.60498046875 994.881164550781 989.540466308594 990.363159179688 991.622802734375 980.689331054688 983.963134765625 983.307373046875 983.797668457031 996.307556152344 991.682861328125 1002.00830078125 1001.91613769531 1003.80261230469 998.785217285156 1004.39282226562 1012.11901855469 1004.93157958984 1013.28839111328 1016.48126220703 1020.98492431641 1026.55981445312 1029.60180664062 1025.46716308594 1031.74829101562 1029.03955078125 1036.12194824219 1030.20446777344 1041.41882324219 1038.44750976562 1049.42724609375 1055.59216308594 1063.70227050781 1070.55310058594 1071.0859375 1079.66528320312 1085.98901367188
954.311340332031 968.883605957031 968.127319335938 964.272094726562 974.17919921875 977.885009765625 976.001098632812 980.147338867188 980.354248046875 987.348510742188 991.349060058594 988.169006347656 987.523620605469 988.300476074219 977.769958496094 973.3837890625 979.080932617188 978.917297363281 986.956420898438 1000.19915771484 1001.51171875 993.842407226562 991.188720703125 999.51123046875 1000.13134765625 1006.51898193359 1012.87774658203 1006.35827636719 1006.3837890625 1010.9091796875 1027.638671875 1030.318359375 1031.04089355469 1029.52185058594 1042.63586425781 1032.60107421875 1028.94665527344 1041.46545410156 1045.724609375 1050.47961425781 1053.52282714844 1060.54626464844 1066.00744628906 1077.18151855469 1080.61499023438 1087.9326171875
972.290588378906 966.112915039062 972.464782714844 966.183166503906 978.29345703125 981.356750488281 976.078674316406 987.590393066406 987.770080566406 988.953552246094 980.372802734375 981.073059082031 974.382873535156 973.560729980469 967.841918945312 972.170654296875 983.405639648438 984.511901855469 987.671875 996.074096679688 999.549255371094 992.093139648438 988.27490234375 988.317260742188 999.345764160156 1005.81237792969 1003.67694091797 1006.21490478516 1008.25927734375 1015.16778564453 1027.19384765625 1030.68798828125 1029.39953613281 1028.47143554688 1038.16784667969 1040.80004882812 1038.56030273438 1036.12121582031 1046.64282226562 1047.19787597656 1050.23022460938 1064.240234375 1067.11193847656 1074.34460449219 1091.91259765625 1089.3662109375
972.852416992188 974.072448730469 978.287536621094 972.2021484375 978.415771484375 982.322082519531 979.801025390625 985.14111328125 986.828674316406 991.968383789062 993.556091308594 990.119812011719 981.502868652344 973.851623535156 964.279174804688 972.165405273438 985.024963378906 993.078552246094 986.149658203125 991.293701171875 988.390380859375 986.927368164062 983.198364257812 993.3564453125 998.566101074219 998.944641113281 1006.59802246094 999.629272460938 1010.92718505859 1016.53179931641 1015.25402832031 1025.24169921875 1027.80822753906 1032.8173828125 1034.10571289062 1048.708984375 1040.26147460938 1036.99145507812 1048.34265136719 1049.50573730469 1071.11694335938 1063.19079589844 1076.86010742188 1076.42810058594 1092.814453125 1102.70568847656
972.6025390625 980.610778808594 977.648315429688 972.672058105469 978.205383300781 973.8544921875 974.173400878906 985.452392578125 987.392639160156 986.611511230469 992.681762695312 989.149536132812 982.016479492188 968.150695800781 960.772766113281 963.790466308594 971.468139648438 981.722290039062 987.082763671875 984.24462890625 983.777465820312 992.617858886719 994.236572265625 987.320495605469 998.505065917969 1001.65771484375 1011.16973876953 997.975952148438 1003.98046875 1012.12127685547 1023.734375 1025.25134277344 1031.51220703125 1034.21264648438 1034.69372558594 1031.15954589844 1030.74951171875 1042.30017089844 1046.19775390625 1061.65979003906 1068.53210449219 1072.96130371094 1086.93115234375 1084.00720214844 1095.54736328125 1102.79577636719
979.754089355469 983.465209960938 976.441528320312 972.108642578125 976.158752441406 970.7060546875 973.677307128906 977.405883789062 980.901184082031 987.078002929688 994.099304199219 997.85400390625 977.206604003906 974.312133789062 968.798889160156 970.392211914062 978.009826660156 990.105895996094 991.351135253906 990.270629882812 981.262573242188 990.280883789062 992.034301757812 991.421630859375 1003.28918457031 1002.34014892578 1010.92645263672 1005.71142578125 1011.03637695312 1015.71459960938 1027.49780273438 1030.94396972656 1032.91186523438 1028.03259277344 1034.05969238281 1033.033203125 1030.58386230469 1048.60754394531 1051.52954101562 1062.99755859375 1070.38916015625 1073.83374023438 1078.64135742188 1087.25524902344 1089.53869628906 1088.76257324219
979.5966796875 978.947387695312 976.23388671875 974.240356445312 977.980102539062 979.00048828125 982.128173828125 975.518859863281 977.4462890625 983.302978515625 983.074279785156 984.974060058594 980.406555175781 977.929748535156 973.835083007812 968.268493652344 981.954895019531 991.168334960938 991.760375976562 994.749206542969 986.739074707031 979.872802734375 987.978210449219 1002.69274902344 994.39990234375 994.430236816406 1001.19879150391 1005.31219482422 1010.14599609375 1030.7080078125 1035.92150878906 1039.98620605469 1034.35119628906 1038.46325683594 1037.15295410156 1036.12121582031 1040.26794433594 1034.74145507812 1046.12585449219 1061.42663574219 1072.04870605469 1062.43090820312 1080.82214355469 1080.95703125 1080.6650390625 1093.18090820312
973.256896972656 971.959167480469 971.100891113281 978.072631835938 976.403076171875 974.550964355469 970.819274902344 973.780456542969 972.547668457031 977.865173339844 979.751159667969 978.59326171875 984.365356445312 981.1591796875 976.834228515625 983.209594726562 984.73095703125 985.218505859375 998.471069335938 994.361694335938 986.771667480469 988.631408691406 993.576965332031 995.1259765625 995.261596679688 995.533020019531 992.0576171875 1009.65972900391 1010.86108398438 1023.94244384766 1034.13610839844 1037.41955566406 1033.09448242188 1040.77014160156 1041.23083496094 1042.74401855469 1041.89904785156 1043.38452148438 1046.13415527344 1062.4560546875 1062.21801757812 1068.98352050781 1075.7607421875 1090.97692871094 1095.83178710938 1094.88818359375
970.652526855469 969.838073730469 972.664978027344 979.002990722656 980.759948730469 981.750305175781 980.796081542969 979.330139160156 977.673095703125 978.890930175781 974.777709960938 975.859741210938 977.857482910156 980.932006835938 977.380798339844 979.886596679688 987.76513671875 990.255859375 991.944213867188 988.850341796875 987.616821289062 992.382934570312 985.296508789062 987.750366210938 995.115539550781 991.093383789062 996.710205078125 1003.25793457031 1012.14276123047 1023.52258300781 1021.51879882812 1023.23065185547 1025.06164550781 1032.79406738281 1036.24658203125 1046.00903320312 1040.96862792969 1046.28137207031 1049.189453125 1052.93273925781 1062.37719726562 1068.67858886719 1085.56298828125 1085.49145507812 1088.96789550781 1097.7646484375
973.975463867188 966.645935058594 969.249084472656 982.142211914062 981.542846679688 994.443542480469 988.475341796875 979.831909179688 976.852355957031 981.748107910156 968.359619140625 973.6650390625 985.189270019531 982.622192382812 984.840454101562 979.055419921875 985.835632324219 994.518005371094 990.878967285156 991.209106445312 994.112731933594 997.460144042969 984.467590332031 989.051696777344 992.043884277344 1002.38372802734 1000.67303466797 1006.47747802734 1011.83264160156 1012.27478027344 1015.16186523438 1015.10546875 1018.6728515625 1021.20092773438 1036.22375488281 1029.95690917969 1039.93981933594 1037.69104003906 1035.50854492188 1043.51550292969 1064.458984375 1072.34655761719 1076.52282714844 1085.04113769531 1088.2333984375 1092.03259277344
975.146484375 972.785461425781 978.882629394531 983.699890136719 984.072021484375 988.197204589844 980.593566894531 976.740417480469 981.3291015625 980.492309570312 977.067565917969 976.948303222656 985.419982910156 983.10791015625 981.230285644531 976.597473144531 983.81787109375 988.862060546875 992.646728515625 992.583679199219 992.064514160156 1001.82946777344 999.416320800781 985.520080566406 992.550720214844 996.082458496094 1000.43811035156 1003.98651123047 1009.64764404297 1012.37145996094 1015.40643310547 1020.44055175781 1014.06378173828 1019.75134277344 1027.85302734375 1024.4619140625 1034.9638671875 1039.31091308594 1040.478515625 1038.87719726562 1060.17517089844 1072.02783203125 1068.72802734375 1075.15222167969 1079.49291992188 1075.41943359375
971.764038085938 975.90771484375 973.836303710938 979.648620605469 972.445190429688 984.972900390625 975.566711425781 978.874267578125 982.485656738281 983.318664550781 978.413208007812 986.11328125 987.304931640625 1001.23431396484 992.752136230469 992.649963378906 996.372619628906 997.671203613281 996.940795898438 1003.677734375 996.384948730469 997.51953125 990.567260742188 992.928894042969 985.441284179688 994.074890136719 1000.32800292969 1002.70397949219 1008.09698486328 1015.27593994141 1020.2001953125 1019.46142578125 1016.51318359375 1019.70825195312 1027.47644042969 1029.07373046875 1031.03735351562 1034.27429199219 1033.98413085938 1043.00268554688 1058.75317382812 1060.14440917969 1068.78564453125 1059.75378417969 1061.54406738281 1061.18054199219
