data/zlatibor_dem_simulations/DEMsim72.asc
NCOLS 150
NROWS 100
XLLCORNER 7394249
YLLCORNER 4841999
CELLSIZE 30
NODATA_VALUE -9999
[rows 40 to 59 of 100, columns 0 to 45 of 150]
940.192626953125 942.3359375 951.653747558594 958.71630859375 962.842224121094 954.242492675781 949.875183105469 957.898864746094 961.438659667969 959.970520019531 968.007751464844 967.819152832031 971.005676269531 971.910034179688 975.226196289062 977.505676269531 981.128845214844 976.784606933594 980.580871582031 976.805969238281 979.603393554688 980.434875488281 977.01416015625 978.888061523438 966.815612792969 975.355041503906 971.042846679688 974.660095214844 969.295776367188 975.736267089844 982.123779296875 981.564086914062 983.912353515625 975.932922363281 984.647338867188 979.796447753906 980.131103515625 980.481079101562 980.330261230469 985.827880859375 980.895690917969 973.244750976562 967.77099609375 966.794555664062 971.08984375 969.9814453125
939.749755859375 943.422912597656 953.475708007812 960.719299316406 952.787658691406 952.980163574219 948.680908203125 947.53564453125 947.922241210938 958.906982421875 972.190246582031 967.792541503906 967.28173828125 966.929077148438 971.85546875 978.406066894531 975.609802246094 980.443603515625 975.504638671875 977.659057617188 976.626159667969 976.243041992188 971.596740722656 973.813903808594 970.811157226562 973.374206542969 968.972717285156 974.47265625 971.927612304688 975.064147949219 979.338928222656 978.667724609375 970.136840820312 975.526672363281 988.143798828125 995.768249511719 980.781799316406 975.527648925781 977.14404296875 979.771728515625 972.992736816406 972.378845214844 972.151794433594 964.552490234375 978.169982910156 970.830810546875
937.793518066406 941.634704589844 944.280029296875 952.299133300781 955.3671875 961.452026367188 948.358337402344 952.534484863281 955.05615234375 964.547668457031 972.18994140625 961.284057617188 965.085205078125 957.803588867188 967.46923828125 977.777770996094 979.73681640625 976.242065429688 976.158996582031 987.977294921875 975.438537597656 970.21728515625 972.594116210938 969.263977050781 970.0263671875 972.982666015625 970.489074707031 971.279357910156 976.317260742188 977.960083007812 976.647705078125 984.656127929688 971.477172851562 976.5380859375 981.9951171875 985.904846191406 971.590454101562 969.990173339844 975.816040039062 972.288513183594 974.899475097656 979.846862792969 966.753540039062 967.457214355469 972.671508789062 969.083923339844
942.567138671875 944.779296875 949.605285644531 945.657775878906 950.345886230469 955.628967285156 951.159912109375 952.848815917969 960.305908203125 969.910705566406 964.373718261719 961.534484863281 963.228454589844 962.576232910156 966.081420898438 977.816528320312 981.077209472656 978.604248046875 974.334777832031 980.612426757812 976.755798339844 972.467346191406 964.501281738281 963.402709960938 958.383117675781 975.377136230469 965.864440917969 971.755676269531 978.39599609375 983.034484863281 977.764221191406 975.458312988281 975.981994628906 981.586975097656 978.424987792969 972.769836425781 964.280456542969 974.174743652344 975.889343261719 979.182556152344 978.867492675781 973.505004882812 969.832946777344 963.316223144531 965.252380371094 964.8115234375
948.381103515625 948.021850585938 948.626892089844 953.630615234375 958.035766601562 957.917236328125 955.112121582031 959.102478027344 966.848083496094 971.775817871094 971.730163574219 966.900451660156 966.371520996094 964.955871582031 967.959777832031 978.685852050781 977.478271484375 981.110534667969 974.303955078125 973.81494140625 981.352722167969 968.5771484375 960.236999511719 959.458679199219 967.99072265625 970.591674804688 971.913757324219 971.007507324219 971.585266113281 972.292541503906 972.481262207031 979.359252929688 983.287536621094 977.819946289062 972.914978027344 969.790283203125 972.818603515625 979.715270996094 985.721557617188 974.005737304688 965.716430664062 964.515686035156 969.720092773438 964.1640625 968.095764160156 967.217956542969
951.972412109375 952.451782226562 938.074157714844 946.435302734375 951.170104980469 956.637573242188 956.285095214844 958.140502929688 963.390380859375 967.250854492188 968.081420898438 968.036193847656 973.775695800781 963.119323730469 970.654663085938 981.023681640625 976.951721191406 975.30859375 970.88330078125 966.307067871094 963.141357421875 963.730834960938 952.71923828125 962.095764160156 976.643432617188 973.823791503906 969.51318359375 979.066650390625 976.3955078125 973.362121582031 977.568054199219 972.12353515625 979.31103515625 974.663696289062 964.388488769531 971.420532226562 969.669799804688 978.523620605469 984.000854492188 974.085205078125 969.29638671875 961.572509765625 964.981262207031 963.407287597656 961.778991699219 963.790588378906
950.259704589844 947.369445800781 935.161743164062 943.775207519531 952.451782226562 957.951782226562 962.030212402344 966.196594238281 959.673645019531 958.580505371094 971.76806640625 970.990478515625 969.247192382812 964.080322265625 974.667297363281 973.104431152344 983.824829101562 976.327209472656 969.087951660156 971.799255371094 965.766174316406 963.067810058594 954.59130859375 967.068237304688 982.143798828125 981.028564453125 975.52392578125 969.735778808594 966.783264160156 976.750122070312 977.469299316406 976.764343261719 981.209045410156 974.956359863281 966.450744628906 965.945434570312 961.165588378906 972.852172851562 974.124938964844 974.675415039062 965.834655761719 958.808776855469 962.822448730469 959.566284179688 958.965637207031 960.550537109375
950.114562988281 948.300537109375 942.477111816406 949.963623046875 959.197448730469 959.424865722656 965.431335449219 971.346740722656 963.666320800781 966.7021484375 964.464782714844 970.995361328125 971.699584960938 967.133361816406 969.728149414062 977.963134765625 979.048034667969 976.595642089844 976.608093261719 981.476440429688 971.297424316406 968.091918945312 961.897338867188 958.556884765625 967.631896972656 976.198303222656 974.418884277344 971.337707519531 964.145080566406 963.737854003906 972.552795410156 976.828125 979.703674316406 970.607360839844 971.209045410156 959.424438476562 967.798828125 968.882751464844 965.078735351562 961.836853027344 961.383239746094 967.193298339844 969.629089355469 958.666137695312 962.304565429688 958.302673339844
947.9482421875 948.55224609375 938.8505859375 953.069152832031 963.493591308594 972.713928222656 970.676025390625 962.529113769531 955.609069824219 968.424987792969 972.586059570312 970.519165039062 969.658081054688 966.298583984375 968.5009765625 976.536315917969 982.449401855469 976.211853027344 981.843688964844 981.261779785156 980.990905761719 970.443054199219 970.190551757812 961.279418945312 962.785400390625 967.487121582031 971.834838867188 972.965270996094 962.2392578125 961.829772949219 973.237915039062 977.029357910156 979.642517089844 969.966735839844 973.154296875 972.116821289062 969.729125976562 966.754333496094 962.84130859375 966.736206054688 956.889953613281 962.384094238281 964.965637207031 963.189025878906 963.783386230469 964.969360351562
948.466125488281 950.318786621094 945.483581542969 946.789428710938 956.412048339844 968.682189941406 969.741333007812 972.122985839844 960.204345703125 970.656860351562 967.298156738281 974.841613769531 968.107788085938 962.782287597656 969.220764160156 973.392944335938 978.440856933594 977.599426269531 975.575439453125 975.626281738281 978.049377441406 963.639770507812 958.453552246094 962.417358398438 963.555908203125 962.083679199219 959.333679199219 968.738525390625 960.698608398438 967.800842285156 976.050231933594 972.943786621094 967.914672851562 973.344665527344 973.497863769531 963.342468261719 963.872985839844 957.068664550781 962.120361328125 964.346496582031 969.884399414062 965.91748046875 965.156127929688 961.532958984375 966.940795898438 963.522094726562
959.569213867188 956.641357421875 949.5390625 950.878051757812 958.772583007812 971.0595703125 972.536376953125 975.414306640625 967.325073242188 971.238342285156 972.509155273438 968.648864746094 963.872863769531 966.804504394531 977.2978515625 978.4736328125 976.860778808594 973.587280273438 972.673400878906 970.912963867188 978.626708984375 962.237854003906 958.161499023438 959.154724121094 966.258728027344 952.366516113281 957.371032714844 958.398010253906 971.189025878906 968.846130371094 973.473510742188 973.3349609375 972.294921875 970.008666992188 964.296142578125 950.164794921875 958.772644042969 972.021789550781 957.855529785156 956.377258300781 969.266357421875 973.226867675781 975.522705078125 967.380554199219 966.897521972656 964.120727539062
958.199157714844 955.461303710938 956.399841308594 966.575866699219 965.247985839844 966.0634765625 966.145751953125 974.811828613281 973.559997558594 969.514221191406 974.342651367188 970.42041015625 967.5693359375 980.160278320312 980.768005371094 979.526672363281 973.957641601562 982.82763671875 971.146118164062 970.657836914062 965.37060546875 964.156616210938 953.775573730469 957.675354003906 960.015502929688 959.133728027344 953.402465820312 962.940246582031 968.452819824219 968.617309570312 974.098022460938 979.020263671875 971.491088867188 960.078308105469 956.422241210938 954.26025390625 958.7275390625 964.011779785156 957.163146972656 956.765197753906 960.277160644531 970.92724609375 963.303955078125 966.93359375 967.72900390625 967.048461914062
972.910095214844 959.648986816406 958.542602539062 962.58203125 970.324584960938 969.710144042969 971.136169433594 973.996032714844 964.92138671875 962.047058105469 970.821533203125 970.68505859375 971.049621582031 972.347106933594 980.160339355469 980.136779785156 980.084777832031 978.246765136719 972.584411621094 965.519653320312 965.325866699219 963.95361328125 965.852355957031 959.902770996094 960.265991210938 952.46826171875 959.402709960938 963.018310546875 962.737548828125 972.944030761719 967.448608398438 975.935180664062 972.044006347656 970.982482910156 965.41796875 966.638366699219 966.849914550781 961.610473632812 959.252563476562 960.456115722656 954.378967285156 956.113586425781 957.057067871094 957.529174804688 961.608947753906 971.708190917969
977.237670898438 971.934997558594 967.456970214844 976.240356445312 969.6279296875 968.517028808594 966.063171386719 974.952941894531 972.087158203125 968.056335449219 971.223754882812 974.244018554688 981.983215332031 984.263610839844 986.267883300781 981.060363769531 978.655395507812 968.082824707031 974.629638671875 972.447998046875 970.693908691406 968.701843261719 967.274597167969 963.878967285156 961.67041015625 954.683715820312 966.361328125 972.947265625 967.812255859375 964.493530273438 975.090759277344 973.571166992188 970.305603027344 973.72900390625 967.423400878906 964.214965820312 964.32470703125 963.198059082031 967.753356933594 962.705383300781 961.419799804688 953.925842285156 958.788269042969 957.730224609375 960.910583496094 970.343688964844
969.392761230469 972.054931640625 977.648620605469 985.960876464844 978.281799316406 977.214477539062 971.930358886719 967.450988769531 976.0126953125 964.234252929688 961.3984375 971.520324707031 974.562255859375 987.204467773438 981.298156738281 980.690246582031 980.944458007812 970.591125488281 968.835266113281 971.674438476562 970.802368164062 973.038269042969 970.05712890625 954.40234375 965.407775878906 962.104675292969 958.98388671875 964.647827148438 964.014831542969 965.457092285156 969.780822753906 964.73291015625 958.445129394531 971.141174316406 965.883605957031 965.666015625 961.107604980469 960.353942871094 960.665954589844 959.71142578125 958.077392578125 971.512634277344 963.423278808594 962.925659179688 968.498596191406 965.849548339844
962.930969238281 969.563110351562 979.62646484375 983.217590332031 985.331420898438 971.004455566406 976.570007324219 975.214538574219 971.896179199219 971.405639648438 971.3955078125 978.307922363281 970.889526367188 972.526916503906 968.691101074219 981.662414550781 976.312438964844 975.191711425781 969.266357421875 968.354431152344 967.767395019531 968.200012207031 968.289611816406 964.8662109375 959.70654296875 952.061889648438 958.078796386719 967.745544433594 967.830749511719 966.201171875 966.282287597656 962.475646972656 971.532775878906 974.551391601562 968.94140625 958.247924804688 954.016540527344 965.571960449219 954.951843261719 952.910888671875 951.3681640625 952.968200683594 960.411193847656 958.34716796875 969.430786132812 970.558654785156
964.77978515625 969.581787109375 973.062561035156 973.445007324219 972.828430175781 973.177124023438 973.187866210938 972.874206542969 968.913024902344 974.080627441406 973.270568847656 976.395141601562 972.706115722656 972.920349121094 968.757507324219 968.621032714844 973.053344726562 969.941284179688 967.652160644531 966.84228515625 968.22607421875 963.084777832031 957.736694335938 951.662841796875 959.935607910156 961.87646484375 964.027648925781 963.419372558594 963.979431152344 965.908569335938 964.3994140625 963.025024414062 968.610046386719 977.69140625 970.073852539062 957.772766113281 954.643615722656 957.906127929688 954.739929199219 951.775085449219 954.293701171875 952.391723632812 962.783996582031 952.981506347656 961.462158203125 967.458190917969
958.082336425781 962.389099121094 970.135070800781 971.111511230469 975.041137695312 979.471069335938 969.3876953125 971.182434082031 974.254150390625 965.282409667969 966.817016601562 966.244262695312 974.870910644531 965.576232910156 969.8076171875 960.078491210938 967.498107910156 969.169921875 967.862854003906 965.694519042969 959.977783203125 957.617126464844 949.146667480469 945.222595214844 949.792724609375 953.735168457031 952.366943359375 953.414611816406 959.226196289062 963.077697753906 963.468139648438 959.851379394531 966.666564941406 976.706237792969 969.261291503906 963.995727539062 952.487487792969 959.667846679688 952.134094238281 949.884948730469 946.521362304688 958.371154785156 957.727844238281 946.927673339844 943.593811035156 952.537719726562
966.218078613281 964.472534179688 970.047973632812 969.611999511719 970.298278808594 974.113830566406 968.964965820312 971.684997558594 960.456298828125 954.404174804688 965.209777832031 963.553039550781 960.338439941406 964.490783691406 961.021728515625 965.942565917969 960.747314453125 972.237976074219 963.035766601562 961.868408203125 959.888671875 956.490600585938 939.772155761719 945.658081054688 942.103759765625 948.82958984375 955.121398925781 955.288024902344 956.516357421875 956.586608886719 966.836303710938 958.586120605469 957.560241699219 966.444885253906 972.389404296875 962.0908203125 961.440612792969 956.969360351562 951.100646972656 954.107604980469 953.143249511719 951.14892578125 962.061645507812 944.984741210938 946.307373046875 948.349426269531
964.575134277344 960.190551757812 962.806030273438 968.861694335938 972.759216308594 969.716857910156 967.846801757812 971.511108398438 969.838928222656 962.634155273438 956.6591796875 960.421691894531 958.069274902344 962.831237792969 961.041381835938 966.262756347656 968.2978515625 973.68603515625 966.48681640625 971.026794433594 958.70068359375 943.947143554688 934.600708007812 939.270385742188 941.941589355469 941.604553222656 944.9140625 950.004150390625 955.025146484375 955.937866210938 959.562866210938 961.036865234375 959.365783691406 963.056457519531 964.041198730469 959.2802734375 955.201293945312 955.307495117188 949.527160644531 947.791931152344 944.439819335938 945.020690917969 948.291381835938 946.628845214844 954.244323730469 941.796020507812
