data/zlatibor_dem_simulations/DEMsim25.asc
NCOLS 150
NROWS 100
XLLCORNER 7394249
YLLCORNER 4841999
CELLSIZE 30
NODATA_VALUE -9999
[rows 20 to 39 of 100, columns 46 to 91 of 150]
1023.62133789062 1016.10180664062 1012.56317138672 1012.00390625 1003.25836181641 999.343505859375 996.860595703125 1005.74011230469 1021.14764404297 1025.05529785156 1031.98474121094 1024.93115234375 1019.32360839844 1036.04638671875 1035.51586914062 1028.78662109375 1017.82678222656 1029.32080078125 1034.49047851562 1029.77856445312 1025.24230957031 1031.13659667969 1023.8984375 1023.46435546875 1019.07434082031 1017.369140625 1021.71411132812 1016.35308837891 1008.80645751953 1018.98937988281 1011.56823730469 1013.73260498047 1017.51593017578 1011.36932373047 1013.47607421875 1009.57678222656 1004.29742431641 1012.77252197266 1008.94061279297 1001.78790283203 999.21630859375 999.886962890625 997.674743652344 993.714965820312 993.176879882812 990.534790039062
1014.44921875 1006.27703857422 1000.29089355469 996.94970703125 1002.92840576172 1001.03338623047 996.263427734375 1007.28912353516 1023.36187744141 1026.06640625 1030.89892578125 1020.76690673828 1026.89404296875 1026.17614746094 1033.0546875 1033.54235839844 1023.53741455078 1027.62756347656 1030.68994140625 1039.34802246094 1029.08605957031 1027.99230957031 1026.85241699219 1026.32629394531 1014.59020996094 1009.90057373047 1012.65362548828 1015.36767578125 1011.12817382812 1015.95739746094 1016.13067626953 1015.79516601562 1015.90808105469 1010.34796142578 1002.51055908203 1001.09735107422 1002.16644287109 1005.71020507812 1010.541015625 1010.69592285156 998.429931640625 1002.76647949219 1006.99139404297 1002.46142578125 1001.8623046875 1001.85125732422
1015.12921142578 996.775207519531 998.184448242188 1004.93170166016 997.6728515625 989.690979003906 992.342834472656 1002.97381591797 1022.38513183594 1019.35754394531 1018.96929931641 1016.86120605469 1016.17175292969 1016.78430175781 1022.15594482422 1027.26245117188 1027.0146484375 1026.75512695312 1020.98852539062 1029.10046386719 1030.81774902344 1017.73461914062 1022.74572753906 1020.58404541016 1017.31567382812 1011.39727783203 1015.29046630859 999.77587890625 1006.90496826172 1010.82849121094 1015.63793945312 1008.53637695312 1005.75848388672 1005.43420410156 997.558532714844 994.739929199219 1004.09503173828 1006.95306396484 1010.66778564453 1011.02880859375 1006.71759033203 1003.5830078125 1006.86157226562 1005.11065673828 1009.02301025391 1013.396484375
1003.51116943359 993.632446289062 994.469177246094 1000.72235107422 991.818481445312 998.014892578125 991.792724609375 1007.85577392578 1004.02648925781 1013.50665283203 1016.74938964844 1013.54943847656 1014.42346191406 1013.75933837891 1017.41296386719 1019.40509033203 1023.275390625 1029.43334960938 1019.61431884766 1020.24328613281 1025.89123535156 1015.30151367188 1012.26379394531 1020.19958496094 1011.50952148438 1009.35998535156 1009.1337890625 994.640380859375 1008.83410644531 1010.06408691406 1010.36376953125 1004.19915771484 1004.17858886719 998.567321777344 996.183227539062 997.285766601562 996.305969238281 999.91650390625 1004.47937011719 1010.83905029297 998.443176269531 1009.83435058594 1014.43493652344 1017.41046142578 1011.47705078125 1013.6865234375
1000.51202392578 996.888366699219 996.260803222656 995.559448242188 988.404418945312 988.101684570312 994.228515625 994.43603515625 1004.71551513672 1006.90277099609 1001.35235595703 1005.59631347656 1015.32995605469 1012.73358154297 1012.45861816406 1023.31677246094 1023.92071533203 1017.46618652344 1018.03485107422 1010.44030761719 1009.42449951172 1011.18786621094 1012.09429931641 1007.96832275391 1004.09008789062 1008.56372070312 1002.23742675781 1003.86853027344 1004.43212890625 1011.20776367188 1009.48260498047 1000.13812255859 1002.52642822266 998.087036132812 997.982055664062 1005.44506835938 1001.74157714844 994.911254882812 1000.29168701172 1006.51776123047 1004.45300292969 1009.11260986328 1012.61175537109 1016.30609130859 1010.29455566406 1013.07916259766
1002.80981445312 999.56689453125 999.564575195312 990.139404296875 989.875122070312 986.007507324219 991.238708496094 989.743835449219 996.742065429688 994.167602539062 993.042419433594 1001.81555175781 1013.81732177734 1003.06896972656 1002.75311279297 1011.99688720703 1015.865234375 1011.83984375 1011.95935058594 1010.83770751953 1016.66864013672 1012.36712646484 1010.14294433594 999.224304199219 999.318176269531 1005.20147705078 1001.78051757812 1008.44842529297 1005.42205810547 1005.33746337891 1000.08642578125 1000.87353515625 993.653381347656 1001.61749267578 1007.57928466797 1004.19091796875 1011.75805664062 1005.28240966797 1000.50482177734 1008.06964111328 1005.63226318359 1009.599609375 1011.99682617188 1019.25512695312 1018.39123535156 1023.9423828125
1006.31793212891 996.811096191406 999.621276855469 987.651184082031 984.035278320312 981.030700683594 976.985717773438 977.419799804688 982.390502929688 983.756103515625 985.714172363281 998.036499023438 999.135864257812 996.949645996094 995.395202636719 996.859375 1004.06286621094 1010.25384521484 1017.23229980469 1014.90612792969 1012.82312011719 1009.95861816406 1012.26336669922 1000.53625488281 1002.74877929688 999.684509277344 998.014709472656 1007.09558105469 1005.44525146484 1007.3994140625 1000.62603759766 1000.09320068359 991.806396484375 1006.97375488281 1006.47393798828 1006.96405029297 1009.34448242188 1005.56463623047 1005.89465332031 1006.52624511719 1005.41046142578 1006.64971923828 1010.54730224609 1010.44537353516 1014.19122314453 1026.42138671875
994.909606933594 994.581359863281 995.036987304688 994.176513671875 988.915100097656 984.444396972656 984.338439941406 986.622741699219 980.653259277344 983.475463867188 985.477844238281 994.664978027344 994.921020507812 987.002868652344 981.165954589844 984.674621582031 993.26171875 1006.75079345703 1005.97790527344 1005.85223388672 1009.43157958984 1003.85571289062 1002.43103027344 1006.08489990234 1005.43450927734 1002.73052978516 999.491638183594 1001.32305908203 1002.57995605469 1005.34393310547 1000.05718994141 995.483642578125 989.981018066406 993.452758789062 997.481689453125 1000.86730957031 1009.64770507812 1011.36358642578 1002.81329345703 1005.60034179688 1011.94671630859 1005.3466796875 1007.25823974609 1001.09149169922 1012.19616699219 1021.47045898438
1002.43969726562 1001.22973632812 992.488586425781 994.598510742188 985.932006835938 982.4423828125 979.925964355469 984.947692871094 980.175048828125 986.043701171875 987.366271972656 984.081604003906 978.461120605469 988.563842773438 976.023376464844 986.210571289062 979.746398925781 995.690612792969 1005.58471679688 1002.07000732422 1000.62054443359 1002.70483398438 998.780029296875 1002.77496337891 995.732849121094 996.410583496094 996.839477539062 994.007202148438 991.7470703125 992.147766113281 987.875854492188 987.426025390625 989.083618164062 995.653259277344 997.274597167969 992.155883789062 998.926147460938 998.522644042969 998.348449707031 1007.71478271484 1015.29040527344 1007.27386474609 1004.94091796875 1010.85192871094 1017.10278320312 1022.86407470703
999.800476074219 993.191040039062 989.393188476562 980.980041503906 978.7998046875 980.625671386719 975.799499511719 980.864196777344 984.919799804688 987.832946777344 993.51318359375 983.207275390625 981.900695800781 983.772155761719 980.153930664062 973.408996582031 981.20458984375 1002.49157714844 1006.47094726562 1005.45593261719 1005.28228759766 1008.23376464844 1008.62786865234 1013.00939941406 1005.40740966797 989.623474121094 993.153503417969 984.365295410156 984.493896484375 975.180297851562 978.452026367188 983.392333984375 989.921630859375 989.578857421875 990.646545410156 991.550598144531 994.66162109375 993.347961425781 997.880004882812 1004.86944580078 1007.37933349609 1004.11657714844 1009.73211669922 1013.33660888672 1015.76220703125 1019.26214599609
995.899597167969 988.449768066406 993.009338378906 986.434753417969 979.86279296875 973.950622558594 977.190612792969 980.188598632812 985.512023925781 988.272216796875 985.302856445312 991.949157714844 989.864074707031 984.392272949219 979.251586914062 979.138793945312 986.82373046875 994.236755371094 998.832336425781 1002.17987060547 1002.09503173828 1002.69946289062 996.502319335938 1007.82470703125 1005.98760986328 1000.46740722656 988.965881347656 980.45361328125 977.433898925781 975.894409179688 977.540100097656 974.528259277344 979.013366699219 992.806213378906 996.932067871094 1000.3076171875 999.723510742188 999.473754882812 1006.05932617188 1005.56683349609 1004.88311767578 1002.89801025391 1009.87164306641 1011.05065917969 1017.00115966797 1016.78356933594
985.929870605469 988.195129394531 990.976379394531 983.579467773438 977.009155273438 976.508422851562 973.131103515625 976.90673828125 985.993347167969 995.107055664062 990.603454589844 988.086669921875 990.3564453125 981.063049316406 985.440307617188 992.132202148438 996.42431640625 997.306457519531 993.513061523438 997.449523925781 995.222778320312 999.226928710938 999.750061035156 998.44140625 999.839477539062 995.636840820312 988.168273925781 979.335510253906 972.505859375 969.624755859375 975.796997070312 976.631225585938 976.77294921875 985.763244628906 997.917846679688 1005.29705810547 993.556762695312 1002.96655273438 1000.96936035156 997.799377441406 999.828125 998.708190917969 999.167846679688 1000.84979248047 1016.154296875 1010.63818359375
982.213134765625 979.428161621094 976.488098144531 977.675903320312 981.429077148438 977.544128417969 969.749450683594 979.014831542969 979.365966796875 980.259521484375 983.256103515625 982.307312011719 984.020446777344 993.312805175781 995.61474609375 992.57080078125 999.263366699219 988.559143066406 1000.90350341797 994.180297851562 994.995483398438 1000.60223388672 998.489990234375 997.845764160156 991.873474121094 988.645629882812 982.37939453125 982.836547851562 973.971740722656 968.660583496094 971.655456542969 976.988464355469 975.510681152344 988.927185058594 1000.71716308594 1001.02789306641 995.578735351562 1006.46154785156 1007.15454101562 1006.95166015625 998.643981933594 1005.35974121094 1009.71466064453 1008.20153808594 1021.58868408203 1013.2021484375
978.659545898438 984.706481933594 977.885559082031 989.394775390625 983.959899902344 974.531982421875 965.880615234375 965.849304199219 972.817443847656 977.24462890625 976.248718261719 976.563293457031 975.856750488281 990.544921875 1001.30303955078 993.534790039062 996.661315917969 994.76416015625 991.1240234375 992.480529785156 1005.32708740234 1013.97143554688 1005.79486083984 997.62939453125 999.660400390625 998.075256347656 987.434326171875 978.529479980469 972.405883789062 974.907897949219 977.253845214844 980.18603515625 973.776062011719 988.697143554688 995.773193359375 993.314453125 996.180603027344 997.743286132812 998.029968261719 1005.80584716797 1010.70227050781 1012.97149658203 1015.05218505859 1016.70043945312 1012.02880859375 1007.73297119141
978.350524902344 979.400756835938 983.208862304688 979.253479003906 986.179382324219 980.740966796875 975.89208984375 977.453186035156 978.629272460938 977.956604003906 977.070556640625 965.471008300781 982.156921386719 982.953796386719 988.586547851562 981.935241699219 990.502502441406 987.532653808594 993.109313964844 994.677673339844 1004.02166748047 1000.30615234375 996.470886230469 993.682922363281 995.042663574219 999.168762207031 986.927978515625 980.7216796875 977.332458496094 976.720886230469 978.302795410156 980.078918457031 978.53369140625 984.748046875 990.306701660156 991.783081054688 1000.42742919922 1006.65991210938 1004.46539306641 1009.5107421875 1008.98199462891 1015.59606933594 1011.64056396484 1005.50231933594 1006.64263916016 1004.90148925781
972.837463378906 972.712097167969 972.570495605469 975.912414550781 980.953002929688 980.869201660156 986.555297851562 979.781860351562 978.417602539062 971.705627441406 977.843688964844 971.003662109375 976.376403808594 970.831481933594 980.21728515625 972.565734863281 972.76708984375 976.432983398438 982.982604980469 981.076416015625 992.577453613281 996.124572753906 989.368286132812 988.139099121094 986.712890625 994.081115722656 984.241943359375 979.617919921875 980.869934082031 968.099243164062 978.182922363281 983.765625 988.203491210938 987.973937988281 990.495788574219 1003.78259277344 998.418090820312 1001.74578857422 1008.01947021484 1013.49499511719 1010.33874511719 1007.50469970703 1005.54107666016 1004.42700195312 1007.86920166016 1007.25494384766
973.751770019531 973.102722167969 975.491943359375 976.911254882812 976.40869140625 974.193176269531 980.898986816406 980.45703125 974.510803222656 979.59912109375 978.632568359375 974.045654296875 973.312255859375 960.176879882812 970.411193847656 978.2265625 976.513793945312 974.233215332031 972.541320800781 983.91650390625 986.832702636719 994.922424316406 980.739868164062 978.239379882812 981.910827636719 975.506958007812 974.343811035156 971.934326171875 970.368774414062 970.886657714844 967.893371582031 981.139953613281 990.479125976562 991.936584472656 995.331359863281 993.948669433594 998.713989257812 1000.45941162109 1010.59210205078 1006.20251464844 1002.88330078125 1003.59796142578 1009.17907714844 1002.20074462891 1006.15399169922 1011.46392822266
962.915466308594 970.202941894531 971.845397949219 974.929443359375 976.389526367188 977.000732421875 976.821533203125 979.731628417969 974.924682617188 975.407958984375 976.902465820312 972.589904785156 969.767700195312 965.7509765625 962.996643066406 967.372253417969 972.934936523438 979.951416015625 981.456359863281 983.659912109375 988.151916503906 993.204895019531 984.477722167969 982.403198242188 976.419494628906 970.406860351562 984.486083984375 971.885620117188 972.838134765625 971.161804199219 976.265319824219 988.176147460938 978.848083496094 981.062438964844 986.311645507812 991.3056640625 996.131042480469 1001.17077636719 1004.896484375 997.548645019531 1000.20477294922 1002.65942382812 1012.09661865234 1004.66339111328 1009.45123291016 1012.47937011719
972.843078613281 964.701110839844 977.625610351562 979.686279296875 979.922058105469 978.323486328125 981.089416503906 978.546020507812 972.665466308594 973.469299316406 975.24560546875 973.41650390625 972.429138183594 963.766540527344 962.699462890625 970.296752929688 972.108947753906 975.208923339844 984.252380371094 986.780517578125 983.53857421875 990.631530761719 983.683166503906 980.727600097656 977.097106933594 971.482177734375 981.4912109375 975.611206054688 977.132751464844 979.015930175781 981.647399902344 988.679138183594 988.251159667969 980.312255859375 979.446105957031 982.743041992188 987.44873046875 987.306823730469 995.62353515625 993.87353515625 998.525390625 1005.14654541016 1002.876953125 1000.87371826172 1007.57495117188 1013.94689941406
966.340515136719 971.960327148438 968.25341796875 976.355346679688 975.952880859375 982.1884765625 984.140319824219 979.390869140625 971.640258789062 973.092956542969 973.547546386719 971.739501953125 972.665100097656 965.437561035156 962.892456054688 970.502319335938 971.986999511719 979.622863769531 984.54638671875 982.3798828125 983.811401367188 987.441467285156 983.217712402344 986.100830078125 981.415710449219 974.492614746094 971.926818847656 979.0673828125 978.682495117188 978.529602050781 982.572448730469 991.346618652344 983.570434570312 979.103881835938 981.782287597656 988.209533691406 989.513061523438 988.717590332031 990.331726074219 990.627014160156 987.579467773438 997.554077148438 1001.75592041016 1002.87426757812 1009.13140869141 1006.91467285156
