data/zlatibor_dem_simulations/DEMsim20.asc
NCOLS 150
NROWS 100
XLLCORNER 7394249
YLLCORNER 4841999
CELLSIZE 30
NODATA_VALUE -9999
[rows 20 to 39 of 100, columns 0 to 45 of 150]
964.835510253906 959.518981933594 965.022216796875 967.048156738281 959.431274414062 966.8759765625 968.971069335938 968.987426757812 963.9306640625 965.1572265625 956.735961914062 962.6328125 963.741394042969 958.192016601562 969.233947753906 972.744323730469 971.046691894531 971.508728027344 969.330200195312 975.831970214844 978.162902832031 973.171264648438 984.847045898438 982.964233398438 991.252258300781 999.672241210938 1008.69476318359 1007.89849853516 1012.93927001953 1006.31378173828 1018.17401123047 1026.48510742188 1028.09118652344 1028.84692382812 1030.9326171875 1032.70690917969 1033.65808105469 1033.64868164062 1029.67077636719 1042.37194824219 1039.61511230469 1040.25805664062 1040.41809082031 1033.490234375 1020.39093017578 1013.29620361328
966.223510742188 956.283569335938 942.219787597656 954.059326171875 952.398193359375 952.421325683594 966.039733886719 955.559753417969 960.873657226562 955.154113769531 957.604736328125 954.337524414062 955.510009765625 946.669982910156 960.370361328125 966.411682128906 974.45654296875 968.435852050781 967.747131347656 972.63134765625 979.518371582031 975.548156738281 974.900024414062 979.546325683594 990.295349121094 1000.21429443359 996.9013671875 1005.75421142578 1001.83508300781 1006.08599853516 1009.19299316406 1014.62005615234 1015.87145996094 1026.84509277344 1018.15588378906 1026.22058105469 1025.21447753906 1036.42456054688 1038.60974121094 1037.20947265625 1037.51794433594 1034.59362792969 1031.97705078125 1025.95202636719 1030.94519042969 1016.85046386719
960.517700195312 944.183776855469 943.233581542969 939.025817871094 948.252685546875 957.73046875 953.21826171875 947.7890625 944.54638671875 948.368530273438 953.3642578125 950.089477539062 954.94384765625 954.626098632812 944.671264648438 961.681518554688 977.52392578125 968.432189941406 967.477172851562 973.9931640625 977.933471679688 974.65576171875 983.032287597656 984.713256835938 994.190490722656 986.825439453125 996.673645019531 999.467834472656 1002.26934814453 1005.49035644531 1006.02111816406 1010.48791503906 1008.70788574219 1017.20812988281 1022.9306640625 1020.73291015625 1020.43090820312 1031.28247070312 1033.8623046875 1029.24365234375 1028.27038574219 1036.72570800781 1030.96862792969 1021.60186767578 1027.90246582031 1019.46813964844
946.714538574219 941.132263183594 942.08203125 944.0166015625 951.207763671875 946.603576660156 945.606750488281 951.351013183594 946.256713867188 942.725158691406 951.815551757812 949.213623046875 957.414794921875 949.620544433594 944.895935058594 954.631774902344 951.288146972656 963.076110839844 963.527648925781 968.977783203125 972.291931152344 973.957092285156 976.165466308594 980.397583007812 981.818725585938 988.163269042969 990.912963867188 996.161376953125 992.882934570312 1002.10943603516 1002.79962158203 1004.82513427734 1003.99426269531 1006.26892089844 1001.572265625 1015.48901367188 1024.95190429688 1026.62976074219 1028.52954101562 1022.34936523438 1026.27478027344 1035.88439941406 1033.85693359375 1028.50085449219 1017.80450439453 1016.68743896484
932.959716796875 937.845703125 943.858581542969 945.55078125 938.8232421875 943.469421386719 949.117553710938 940.441772460938 942.579345703125 945.525451660156 958.869445800781 959.47412109375 964.916015625 956.375 951.765380859375 957.735778808594 951.832214355469 965.949401855469 966.197937011719 971.366516113281 977.414733886719 972.497619628906 976.760864257812 985.682189941406 986.281982421875 989.951843261719 995.558227539062 992.380249023438 995.146362304688 999.988952636719 1004.56866455078 997.322021484375 998.781555175781 992.411926269531 994.621276855469 1004.05511474609 1017.14636230469 1019.78753662109 1020.88104248047 1023.09191894531 1021.71655273438 1024.13806152344 1026.99438476562 1028.03735351562 1023.93908691406 1014.91912841797
940.221496582031 934.915954589844 939.425476074219 940.954772949219 947.489318847656 956.392944335938 949.620849609375 945.101989746094 938.694030761719 956.459167480469 953.663391113281 968.227722167969 968.487976074219 964.8251953125 961.531555175781 969.969421386719 969.857238769531 962.187255859375 971.211181640625 975.071655273438 985.69287109375 988.872680664062 987.699890136719 987.1748046875 987.943176269531 991.946960449219 988.748840332031 985.729553222656 996.328430175781 994.214477539062 997.304992675781 996.171447753906 993.499206542969 987.493408203125 989.70703125 1002.03247070312 1008.79498291016 1007.91119384766 1005.50451660156 1017.95141601562 1022.65960693359 1016.21649169922 1021.89324951172 1027.87084960938 1021.23321533203 1023.57861328125
944.049133300781 940.889282226562 941.752319335938 944.509948730469 950.292724609375 952.917297363281 953.534545898438 957.722473144531 958.320373535156 965.408203125 960.489135742188 965.845947265625 977.865539550781 976.330932617188 973.618286132812 972.560546875 972.628112792969 972.068481445312 971.395080566406 971.711242675781 985.679138183594 982.761108398438 979.830688476562 986.980773925781 989.225341796875 994.827575683594 996.369689941406 985.938354492188 996.515441894531 997.109680175781 999.27490234375 994.81201171875 993.029357910156 990.745239257812 980.865966796875 994.2265625 1002.00854492188 1003.15014648438 1007.93505859375 1021.21362304688 1023.17596435547 1019.09039306641 1020.02215576172 1020.73474121094 1019.61358642578 1017.12811279297
939.609313964844 937.704772949219 949.247192382812 947.497741699219 948.425231933594 952.897888183594 956.722717285156 958.754699707031 963.369018554688 962.103149414062 969.881469726562 970.128112792969 988.016479492188 979.177734375 988.292907714844 977.086853027344 972.448303222656 963.461364746094 972.742980957031 978.419006347656 984.280334472656 979.333374023438 977.473083496094 983.980651855469 982.945373535156 987.91259765625 993.6904296875 997.606140136719 1001.06207275391 1001.67950439453 999.285522460938 1000.97912597656 1002.23919677734 980.731140136719 979.819030761719 998.002075195312 1000.02032470703 1004.40905761719 1008.33557128906 1012.16748046875 1013.65643310547 1011.73065185547 1016.89050292969 1012.37365722656 1008.04907226562 1002.36077880859
946.867431640625 942.538696289062 947.811645507812 946.281799316406 951.432861328125 956.847595214844 963.237426757812 973.021179199219 968.478393554688 962.971984863281 965.613403320312 971.163391113281 978.049499511719 981.350769042969 975.791809082031 981.41064453125 971.025207519531 974.211059570312 966.397399902344 969.637817382812 983.068786621094 981.725830078125 980.656494140625 979.410461425781 984.076416015625 986.201843261719 989.547912597656 985.056945800781 988.522338867188 998.05029296875 996.495483398438 994.901672363281 1001.82458496094 984.63330078125 987.020141601562 996.154479980469 993.938171386719 996.61767578125 1001.32733154297 1008.12976074219 1005.82446289062 1004.21746826172 1002.47314453125 1012.35455322266 1003.212890625 1000.70123291016
955.414855957031 947.741394042969 960.048217773438 951.228210449219 959.662719726562 961.650085449219 961.915588378906 966.804077148438 972.220275878906 971.699645996094 964.982727050781 979.562866210938 979.594665527344 979.3642578125 975.959289550781 977.452270507812 973.566589355469 969.6201171875 966.991943359375 972.617126464844 978.666870117188 978.494506835938 978.730407714844 979.487609863281 983.272277832031 988.203552246094 987.515563964844 983.555053710938 986.419982910156 983.421936035156 992.174255371094 1000.53118896484 991.254943847656 996.183776855469 985.797790527344 984.996948242188 987.07421875 987.459777832031 997.671020507812 1002.06500244141 998.055297851562 995.901000976562 994.4345703125 994.062438964844 998.417236328125 989.219604492188
953.303039550781 950.738159179688 963.001647949219 961.246459960938 968.879333496094 969.914611816406 968.732604980469 966.453430175781 974.032897949219 965.85302734375 971.894470214844 972.364807128906 973.622009277344 981.386291503906 970.466552734375 976.321044921875 974.092041015625 973.516174316406 980.045166015625 988.040771484375 985.49951171875 985.632080078125 984.263732910156 975.611450195312 974.297180175781 982.270812988281 990.223449707031 990.373413085938 982.675598144531 986.757141113281 985.231384277344 989.108642578125 998.419799804688 996.17724609375 988.416076660156 989.734741210938 989.278076171875 987.841796875 993.266357421875 994.75390625 996.000854492188 988.984069824219 987.73876953125 976.05712890625 993.464965820312 997.529113769531
956.231811523438 960.600036621094 963.857055664062 966.038024902344 967.505249023438 970.123901367188 970.108581542969 967.562072753906 972.918029785156 965.31005859375 979.031372070312 977.775024414062 977.487609863281 985.49951171875 978.062683105469 975.828552246094 980.441772460938 976.881652832031 975.768676757812 984.240234375 986.84375 983.818969726562 987.130187988281 977.743896484375 980.203063964844 984.505493164062 980.726379394531 997.161926269531 989.80810546875 990.449584960938 984.085510253906 989.453918457031 997.259033203125 993.563537597656 986.66748046875 991.997619628906 990.435852050781 989.532531738281 994.900207519531 990.02099609375 984.552368164062 977.187622070312 985.807556152344 989.888549804688 985.759338378906 998.005859375
961.091064453125 959.974365234375 959.878173828125 971.632263183594 976.749755859375 968.661193847656 965.131042480469 964.886901855469 969.341674804688 976.421630859375 982.61328125 982.363891601562 981.463134765625 975.918579101562 976.680480957031 982.192749023438 980.624084472656 970.79443359375 974.821228027344 972.127868652344 990.828735351562 986.659118652344 992.050170898438 984.794738769531 982.348999023438 984.2958984375 987.008972167969 984.927124023438 982.304260253906 980.326782226562 981.256042480469 985.861145019531 992.281066894531 992.535461425781 989.167053222656 990.931945800781 986.972839355469 980.432373046875 982.597839355469 979.450317382812 978.183715820312 981.773681640625 985.820190429688 985.976501464844 988.817077636719 995.156311035156
956.477478027344 960.761291503906 964.583618164062 974.934753417969 975.091796875 975.250732421875 972.499938964844 970.087097167969 967.358520507812 977.990051269531 986.395629882812 984.433837890625 974.309692382812 965.284912109375 973.585327148438 976.870056152344 971.404174804688 977.993835449219 976.107116699219 968.781616210938 983.393005371094 984.709045410156 982.746398925781 985.966613769531 983.326416015625 979.809814453125 981.499084472656 977.80908203125 975.297546386719 976.524780273438 981.671325683594 986.743835449219 996.037902832031 983.231201171875 979.040832519531 979.516357421875 975.614624023438 978.264221191406 979.2841796875 973.700744628906 983.27197265625 988.983703613281 993.624877929688 993.343383789062 990.21337890625 991.434814453125
957.411865234375 962.639465332031 963.814208984375 965.049133300781 968.188781738281 975.696838378906 974.007019042969 973.646911621094 968.946716308594 974.787902832031 982.535522460938 976.657043457031 973.227783203125 973.89697265625 973.257141113281 969.378540039062 979.472778320312 980.869506835938 971.213806152344 969.917724609375 978.782958984375 978.559631347656 982.775939941406 984.238403320312 983.467346191406 985.340026855469 986.932800292969 981.504638671875 977.690185546875 980.696655273438 982.056335449219 983.678161621094 982.179565429688 976.455444335938 977.507629394531 971.364318847656 979.205383300781 970.524963378906 981.777221679688 976.369506835938 979.671997070312 992.975830078125 995.212951660156 988.166198730469 992.0654296875 985.904724121094
949.16015625 955.487487792969 958.969299316406 963.448181152344 960.996948242188 972.811828613281 972.882629394531 975.900695800781 967.460632324219 977.853576660156 971.641296386719 972.158874511719 967.712219238281 967.44921875 967.44580078125 974.387939453125 980.912048339844 977.467163085938 975.163391113281 981.825317382812 977.074645996094 986.979248046875 974.942687988281 979.721374511719 987.939331054688 983.463073730469 984.844482421875 981.527160644531 982.389770507812 988.634155273438 989.427124023438 988.851745605469 983.522399902344 983.536499023438 988.548461914062 973.701843261719 971.394897460938 970.196350097656 971.209838867188 978.918273925781 979.665344238281 984.412658691406 984.58251953125 985.618713378906 988.659790039062 992.117431640625
945.91552734375 958.676147460938 956.592834472656 963.919677734375 954.150756835938 972.271484375 976.972229003906 976.579772949219 967.616516113281 973.423767089844 970.113159179688 972.278381347656 967.537048339844 957.591674804688 964.239929199219 977.404907226562 988.073120117188 976.558044433594 989.007690429688 988.9560546875 983.670715332031 985.206848144531 975.183410644531 976.699279785156 983.456420898438 987.235168457031 981.931701660156 985.604248046875 987.767700195312 991.024719238281 987.491088867188 983.695861816406 986.674377441406 987.177429199219 986.451538085938 980.077819824219 969.626037597656 973.417419433594 984.080993652344 978.444519042969 970.581237792969 969.084716796875 970.152648925781 981.299987792969 989.595947265625 987.576171875
953.021240234375 966.252014160156 959.664978027344 961.105285644531 959.599792480469 974.190673828125 966.735595703125 973.533996582031 964.843566894531 963.02294921875 963.723388671875 967.849975585938 966.324584960938 966.657775878906 969.953308105469 973.319458007812 985.797424316406 979.000183105469 982.344970703125 989.291076660156 981.252746582031 980.942993164062 972.969177246094 978.445373535156 987.805603027344 979.829528808594 981.389526367188 980.865173339844 980.047607421875 985.89599609375 985.64794921875 976.60595703125 982.229064941406 985.358825683594 979.71875 984.110717773438 980.740417480469 979.768127441406 977.52587890625 971.841186523438 971.799072265625 963.117797851562 974.5146484375 986.504333496094 982.445495605469 981.715454101562
961.10400390625 971.891479492188 970.870422363281 966.76416015625 970.87060546875 970.006469726562 970.319763183594 958.583312988281 963.131652832031 961.362121582031 962.806274414062 962.285034179688 961.443420410156 966.9365234375 977.245849609375 982.856140136719 991.484924316406 986.516296386719 983.686950683594 987.328369140625 984.850708007812 983.288818359375 985.799072265625 984.943908691406 977.91796875 974.59375 974.254516601562 976.165222167969 972.1259765625 972.107543945312 977.278015136719 980.179016113281 976.457763671875 981.259887695312 981.305480957031 986.970886230469 986.875183105469 985.927917480469 971.48486328125 968.202514648438 975.196960449219 968.401306152344 966.082702636719 971.58984375 977.4892578125 977.622802734375
958.758911132812 963.231628417969 963.811767578125 956.365417480469 964.72265625 968.606750488281 970.246826171875 974.560119628906 963.00634765625 961.720520019531 969.685974121094 967.577026367188 966.829467773438 966.4921875 969.385803222656 974.110778808594 986.052062988281 975.735473632812 982.875305175781 982.363159179688 977.634338378906 974.969421386719 984.700256347656 985.630981445312 975.006958007812 968.6591796875 970.545166015625 984.539184570312 977.741516113281 975.929077148438 981.656372070312 977.0322265625 980.522216796875 982.02490234375 979.371032714844 984.930114746094 980.611206054688 989.278930664062 977.499267578125 970.390258789062 968.761474609375 971.02490234375 962.2900390625 955.880859375 973.433715820312 973.31005859375
