data/zlatibor_dem_simulations/DEMsim58.asc
NCOLS 150
NROWS 100
XLLCORNER 7394249
YLLCORNER 4841999
CELLSIZE 30
NODATA_VALUE -9999
[rows 0 to 19 of 100, columns 92 to 137 of 150]
923.387878417969 926.686218261719 917.384460449219 917.060119628906 914.480163574219 908.698425292969 894.867126464844 888.519104003906 881.827575683594 881.479431152344 870.659545898438 865.738098144531 860.303161621094 853.827941894531 863.517272949219 857.741577148438 867.579406738281 872.52392578125 878.552307128906 879.075988769531 877.178649902344 894.341796875 905.076293945312 911.555480957031 907.886779785156 908.408386230469 917.190673828125 926.598510742188 929.524719238281 930.738830566406 950.201110839844 955.198608398438 958.812072753906 961.526916503906 960.864013671875 975.168090820312 976.8701171875 986.951354980469 988.952819824219 1001.24145507812 1001.32336425781 1009.07141113281 1024.74438476562 1039.06970214844 1049.24328613281 1051.02429199219
921.753112792969 922.101928710938 913.067687988281 915.356628417969 904.879821777344 902.684875488281 895.143981933594 888.774536132812 883.299865722656 884.271911621094 873.670654296875 880.178527832031 872.592895507812 867.732421875 862.779907226562 862.65283203125 869.758056640625 869.440795898438 865.85888671875 875.524780273438 876.865478515625 883.85400390625 895.097900390625 901.737670898438 909.449951171875 914.059509277344 914.493408203125 912.354675292969 923.523315429688 925.891418457031 939.863159179688 945.498657226562 947.072937011719 956.490173339844 966.456604003906 978.4599609375 977.759704589844 984.311950683594 993.715698242188 996.516235351562 1002.46557617188 1016.47369384766 1026.13928222656 1038.45056152344 1054.67102050781 1063.89855957031
920.174621582031 916.984436035156 915.241455078125 909.901489257812 906.640991210938 903.052917480469 885.799072265625 884.128112792969 879.705322265625 881.542297363281 879.946533203125 884.024108886719 881.299987792969 871.291687011719 860.380981445312 874.626525878906 872.254821777344 867.823181152344 866.778747558594 882.704467773438 878.059020996094 878.967956542969 891.330078125 901.046325683594 907.564270019531 911.021179199219 914.721862792969 919.000427246094 929.093078613281 928.338195800781 934.159790039062 935.860168457031 943.174560546875 960.173461914062 965.415283203125 979.334777832031 981.078918457031 981.719543457031 988.916625976562 1003.94470214844 1003.97509765625 1015.27325439453 1029.33679199219 1041.01440429688 1060.45031738281 1072.95495605469
920.095031738281 913.850402832031 908.491638183594 921.4150390625 909.403137207031 897.085693359375 892.01513671875 886.6025390625 884.053527832031 878.309326171875 886.015441894531 885.060729980469 875.58349609375 864.93017578125 869.544738769531 872.561950683594 874.616821289062 870.253051757812 871.782836914062 876.344909667969 880.396606445312 886.18310546875 890.751525878906 900.638916015625 909.645324707031 913.3876953125 931.6865234375 932.010070800781 929.027709960938 930.295959472656 939.443115234375 945.255798339844 948.415161132812 947.135803222656 954.517211914062 970.360961914062 982.123657226562 989.740844726562 991.253967285156 1001.11657714844 1008.96197509766 1025.95812988281 1034.91284179688 1048.24401855469 1069.3232421875 1079.1494140625
925.129943847656 914.442138671875 912.638916015625 905.131164550781 903.668151855469 899.606689453125 895.108032226562 890.852233886719 890.208190917969 876.012817382812 879.2880859375 876.000244140625 880.146057128906 879.737670898438 877.979553222656 876.537719726562 870.227478027344 875.250244140625 881.80419921875 876.724487304688 878.305908203125 883.528869628906 894.080078125 899.380065917969 908.531860351562 913.621215820312 926.843627929688 923.197875976562 922.17529296875 926.8056640625 937.398254394531 952.570190429688 950.838745117188 958.0888671875 959.029113769531 964.19287109375 970.57958984375 984.380004882812 993.442016601562 1001.14080810547 1007.54760742188 1026.30017089844 1046.41967773438 1057.65405273438 1068.22790527344 1079.09423828125
930.107727050781 922.565246582031 909.842651367188 895.654663085938 905.895202636719 909.277709960938 899.908996582031 899.85595703125 892.091064453125 875.975158691406 870.845397949219 873.660278320312 874.818054199219 883.700439453125 884.242492675781 880.882019042969 884.567687988281 884.667053222656 880.80126953125 876.901611328125 877.944213867188 883.195190429688 894.501586914062 899.771728515625 906.345947265625 914.1669921875 921.385925292969 921.882385253906 920.790893554688 926.025939941406 939.639465332031 962.403015136719 960.377197265625 958.471435546875 961.923217773438 965.566040039062 969.101867675781 983.920288085938 990.944580078125 995.209106445312 1005.38500976562 1028.00756835938 1053.29528808594 1070.34118652344 1073.771484375 1084.62634277344
930.729187011719 916.9375 915.434753417969 917.398620605469 912.584289550781 908.21728515625 903.932983398438 901.618286132812 897.396362304688 892.8740234375 883.180908203125 882.01904296875 882.599670410156 886.484375 891.60693359375 891.740539550781 893.744934082031 900.385375976562 884.044555664062 881.044067382812 880.7138671875 903.026489257812 896.282470703125 894.959045410156 902.4140625 915.0107421875 920.396728515625 921.887023925781 916.970703125 930.515686035156 936.877502441406 951.219421386719 962.154052734375 961.166198730469 970.353515625 967.659790039062 972.256591796875 981.068420410156 992.630676269531 996.674926757812 1008.19079589844 1033.47583007812 1052.74621582031 1074.57678222656 1082.59143066406 1083.54125976562
918.900817871094 924.772399902344 924.832946777344 920.278137207031 915.08935546875 915.369934082031 901.324157714844 896.801879882812 901.329223632812 893.162292480469 890.982238769531 885.243835449219 883.653686523438 893.986206054688 897.05712890625 904.423583984375 905.505615234375 901.913757324219 898.399169921875 889.347045898438 890.396179199219 900.625183105469 905.240661621094 903.833740234375 908.76611328125 918.343444824219 917.310852050781 921.023193359375 927.139831542969 923.989196777344 931.341796875 944.476806640625 946.515502929688 956.849609375 972.375671386719 974.089050292969 986.690246582031 979.6865234375 990.193420410156 1000.32000732422 1018.12744140625 1032.04565429688 1051.4384765625 1067.06506347656 1078.94018554688 1086.68444824219
918.478698730469 926.967163085938 925.264282226562 908.778442382812 908.405395507812 915.129577636719 910.725708007812 911.639343261719 913.304809570312 903.447692871094 899.395629882812 903.763732910156 895.838745117188 898.969787597656 898.528503417969 912.074462890625 911.970825195312 901.321716308594 891.666564941406 896.350158691406 902.23095703125 905.696350097656 903.756469726562 909.972961425781 916.478515625 924.453979492188 925.053894042969 924.829895019531 929.014343261719 935.86572265625 936.194641113281 942.538757324219 943.214538574219 955.291625976562 974.328979492188 966.431945800781 978.47412109375 982.826782226562 994.686767578125 1005.49957275391 1018.79479980469 1037.48107910156 1051.57250976562 1065.35791015625 1077.02258300781 1082.14807128906
925.325866699219 919.937133789062 914.043579101562 912.687744140625 917.89892578125 923.572143554688 918.464965820312 916.412353515625 910.194458007812 915.7353515625 909.768798828125 905.830017089844 912.555847167969 906.268920898438 899.339538574219 915.364501953125 924.721069335938 909.676513671875 899.822998046875 910.503051757812 913.375 921.726257324219 923.762451171875 912.844299316406 914.490539550781 915.836242675781 926.102172851562 930.434936523438 926.68359375 939.426391601562 936.269287109375 935.263793945312 947.875 959.089660644531 977.481689453125 969.803344726562 981.097106933594 988.388549804688 1001.59790039062 1015.59185791016 1026.28112792969 1038.41467285156 1050.19201660156 1066.90356445312 1073.24890136719 1078.29016113281
921.855590820312 921.052368164062 920.103637695312 915.530944824219 929.407836914062 919.05908203125 926.363708496094 926.214965820312 916.526000976562 917.440795898438 919.356567382812 919.755065917969 922.515075683594 913.685729980469 913.597351074219 923.583435058594 921.182739257812 917.985656738281 911.566040039062 906.747802734375 925.794616699219 927.459045410156 925.220458984375 911.014099121094 911.650329589844 911.760131835938 915.375366210938 927.176635742188 930.226501464844 932.736145019531 935.458251953125 939.962219238281 948.138366699219 957.71826171875 974.82470703125 983.247314453125 983.015991210938 1002.15814208984 1003.30432128906 1010.64807128906 1006.89892578125 1033.21728515625 1044.78540039062 1060.68078613281 1071.48181152344 1071.65185546875
929.613952636719 922.3642578125 916.663269042969 923.904907226562 932.978210449219 934.704345703125 931.900451660156 936.328125 940.774963378906 926.534606933594 932.101684570312 936.101623535156 930.903381347656 930.415283203125 933.275146484375 934.307312011719 931.944885253906 932.373291015625 926.766174316406 919.943176269531 921.582214355469 929.998229980469 911.222473144531 908.334045410156 902.929138183594 903.128479003906 918.113037109375 925.872924804688 934.391723632812 935.88330078125 941.45947265625 948.672668457031 963.609069824219 968.25048828125 980.882019042969 986.948974609375 998.663146972656 1003.38055419922 1007.78601074219 1019.49975585938 1026.71752929688 1039.33544921875 1044.041015625 1053.53271484375 1067.27551269531 1082.29846191406
933.696899414062 930.915710449219 919.207214355469 932.799194335938 936.5849609375 939.503051757812 930.599426269531 933.901245117188 950.883850097656 948.681701660156 936.806091308594 944.99560546875 942.659545898438 943.725463867188 942.817626953125 950.080871582031 949.071655273438 941.796142578125 934.472534179688 939.273864746094 930.551391601562 925.929504394531 921.237060546875 911.523742675781 902.916687011719 906.599670410156 909.563781738281 924.902770996094 943.797973632812 945.260314941406 959.468200683594 965.506530761719 963.354187011719 977.313659667969 993.292419433594 1001.83746337891 1004.63403320312 1011.37347412109 1010.15588378906 1009.53747558594 1024.6103515625 1029.01513671875 1046.52075195312 1052.99694824219 1063.4990234375 1062.53527832031
945.282348632812 938.591125488281 930.340637207031 941.330322265625 939.721557617188 937.996826171875 930.190368652344 945.040893554688 951.250610351562 957.759887695312 953.782287597656 950.339172363281 953.199462890625 948.682006835938 950.820678710938 956.667358398438 953.951965332031 950.165283203125 942.012023925781 941.962158203125 936.511596679688 929.882934570312 929.144958496094 919.015930175781 906.920104980469 911.868896484375 910.842590332031 923.068237304688 942.026306152344 947.080810546875 958.052062988281 957.997619628906 973.744567871094 987.267700195312 997.530639648438 1002.27813720703 994.562927246094 1001.5390625 1008.21081542969 1005.58197021484 1008.8837890625 1022.09216308594 1042.90686035156 1050.62475585938 1061.2197265625 1071.88671875
943.241149902344 946.487182617188 946.421752929688 942.263061523438 949.906188964844 948.711547851562 939.904357910156 949.341979980469 958.849060058594 959.1123046875 957.62158203125 961.957153320312 965.691528320312 954.316101074219 968.669494628906 961.509948730469 963.8203125 960.85107421875 954.657104492188 945.4892578125 937.288696289062 929.808959960938 932.353759765625 919.660766601562 916.431823730469 928.313293457031 925.088073730469 933.3759765625 943.161315917969 946.899597167969 954.694152832031 962.016479492188 972.948669433594 986.297790527344 1001.13073730469 1007.25311279297 1009.75653076172 1002.19915771484 1005.54992675781 1010.60107421875 1019.79931640625 1027.77770996094 1038.17932128906 1059.86486816406 1066.51416015625 1081.02819824219
946.477905273438 952.60888671875 946.242370605469 956.917297363281 960.032653808594 955.486450195312 951.571411132812 958.761962890625 960.072265625 966.09228515625 967.304016113281 971.077514648438 971.187927246094 965.990112304688 969.764404296875 974.688537597656 974.445007324219 968.375244140625 965.203491210938 954.275329589844 946.645751953125 932.135803222656 932.93359375 925.429443359375 920.756958007812 934.296020507812 933.838012695312 945.677307128906 952.704223632812 950.671447753906 956.796142578125 964.260131835938 974.337097167969 987.888061523438 1006.15637207031 1005.73474121094 1005.10333251953 1005.17803955078 1013.96508789062 1011.28118896484 1022.54248046875 1029.68371582031 1043.30261230469 1057.20678710938 1065.97692871094 1079.49145507812
954.548522949219 943.6982421875 950.140747070312 959.5517578125 974.635925292969 970.104553222656 973.628295898438 980.4267578125 982.456604003906 980.871337890625 981.045593261719 984.084106445312 973.883544921875 973.859069824219 980.521057128906 976.365173339844 973.922607421875 973.1455078125 974.98583984375 957.218200683594 949.661682128906 938.969909667969 933.238830566406 932.767395019531 924.477661132812 936.705505371094 936.726318359375 946.747192382812 955.353332519531 954.789978027344 960.510986328125 969.799926757812 982.151306152344 988.278686523438 1004.78558349609 1005.06573486328 1013.40966796875 1015.15289306641 1023.22375488281 1027.33386230469 1024.70288085938 1027.470703125 1042.95849609375 1058.69555664062 1068.90710449219 1076.60925292969
962.558349609375 969.763305664062 967.417785644531 969.975341796875 986.910705566406 990.447204589844 1000.65399169922 998.713012695312 1000.03717041016 994.277587890625 982.773376464844 980.828430175781 983.398010253906 984.452209472656 978.965637207031 971.990844726562 966.606201171875 970.630920410156 967.173522949219 961.489074707031 938.191101074219 939.037536621094 936.918212890625 927.884948730469 928.460144042969 928.202575683594 924.682983398438 938.6787109375 941.86865234375 960.763122558594 975.967834472656 984.965881347656 988.520935058594 996.324584960938 1005.8955078125 1013.22332763672 1019.46014404297 1025.54821777344 1023.07965087891 1024.06469726562 1018.61108398438 1023.04156494141 1033.88232421875 1051.16796875 1070.1748046875 1079.98657226562
985.345092773438 985.523254394531 987.981872558594 987.171508789062 994.040710449219 1006.56414794922 1013.20947265625 1005.78686523438 1006.21697998047 1001.47668457031 994.472412109375 988.083374023438 988.703735351562 983.259399414062 985.063110351562 980.408935546875 979.62060546875 968.970458984375 956.565307617188 955.198547363281 938.314147949219 938.172302246094 943.864440917969 932.185668945312 926.343688964844 933.055541992188 930.82958984375 939.646606445312 961.348999023438 972.282104492188 984.641296386719 995.443908691406 1001.07012939453 1002.65484619141 1010.03442382812 1021.53857421875 1029.70263671875 1035.01318359375 1025.06530761719 1034.04553222656 1017.79138183594 1028.13220214844 1045.85400390625 1050.9384765625 1068.05212402344 1074.70544433594
996.013793945312 992.658081054688 1002.72131347656 1003.64739990234 1001.43090820312 1004.55621337891 1005.38067626953 1007.39862060547 1009.02185058594 997.793884277344 1002.53289794922 993.350891113281 995.603210449219 984.549926757812 985.7392578125 978.746032714844 971.436401367188 961.145141601562 967.640808105469 957.875732421875 950.963684082031 942.204223632812 935.644287109375 933.544006347656 928.110595703125 928.725280761719 933.630615234375 954.122497558594 969.781066894531 977.651977539062 978.774780273438 992.414184570312 1001.33294677734 1000.0830078125 1012.10772705078 1019.22424316406 1026.36499023438 1030.2978515625 1037.19567871094 1033.96240234375 1025.31518554688 1033.12707519531 1043.60766601562 1053.71801757812 1054.03503417969 1068.69201660156
