data/zlatibor_dem_simulations/DEMsim21.asc
NCOLS 150
NROWS 100
XLLCORNER 7394249
YLLCORNER 4841999
CELLSIZE 30
NODATA_VALUE -9999
[rows 20 to 39 of 100, columns 46 to 91 of 150]
1020.0654296875 1016.56457519531 1008.21875 1006.0703125 1004.89221191406 1000.16937255859 993.046936035156 988.022583007812 988.583801269531 1002.41754150391 1008.94110107422 1016.24731445312 1024.93444824219 1013.90844726562 1018.9482421875 1028.283203125 1040.84729003906 1030.45654296875 1024.89709472656 1027.24206542969 1023.22741699219 1012.765625 1020.98779296875 1030.38879394531 1020.29412841797 1014.57971191406 1016.93151855469 1021.33941650391 1023.01635742188 1008.47375488281 999.272644042969 1004.01513671875 1009.55676269531 1016.833984375 1012.27252197266 1018.97998046875 1022.98229980469 1017.39874267578 1006.06872558594 1003.27337646484 1000.96331787109 994.6513671875 986.585021972656 995.013793945312 994.60205078125 994.890380859375
1021.3271484375 1012.71099853516 999.345886230469 1003.73455810547 1001.61669921875 999.470031738281 991.829895019531 992.045471191406 984.3056640625 987.6474609375 1002.95947265625 1014.48687744141 1024.318359375 1023.83178710938 1022.49328613281 1031.552734375 1019.34393310547 1020.75952148438 1026.82409667969 1016.55548095703 1019.99249267578 1010.95904541016 1013.3037109375 1021.39392089844 1021.12274169922 1026.71179199219 1019.96875 1020.58276367188 1012.07647705078 1006.67651367188 1007.42987060547 1008.12908935547 1009.58483886719 1003.45703125 1008.60925292969 996.73779296875 1006.65985107422 1015.08111572266 1006.67431640625 1001.50964355469 1005.05584716797 996.083374023438 994.451354980469 997.960021972656 1003.00054931641 1005.14239501953
1010.99969482422 1006.49267578125 995.51318359375 993.369506835938 994.606872558594 996.474365234375 1003.31085205078 997.109680175781 997.085205078125 984.769714355469 998.147338867188 1009.17535400391 1012.55108642578 1013.40850830078 1008.23138427734 1020.76977539062 1020.33489990234 1014.70068359375 1022.21081542969 1014.61010742188 1013.42913818359 1011.28607177734 1016.28973388672 1026.22631835938 1018.44372558594 1026.16088867188 1023.74237060547 1023.4619140625 1009.81616210938 1008.13189697266 1009.6142578125 1007.79833984375 1003.24536132812 1004.80419921875 1010.75848388672 1009.71704101562 998.720886230469 1006.66571044922 1011.82867431641 1005.50317382812 1001.263671875 1004.1845703125 1009.71215820312 1018.88488769531 1019.51831054688 1018.18872070312
1003.00726318359 998.084106445312 995.495544433594 997.986328125 991.77734375 992.945983886719 999.584228515625 1002.92291259766 1002.67895507812 1005.80700683594 998.568054199219 1002.63159179688 1001.92944335938 1012.10046386719 1003.30480957031 1024.20556640625 1016.43548583984 1020.16619873047 1018.66235351562 1016.84606933594 1013.36053466797 1013.77935791016 1016.16943359375 1026.46643066406 1021.50952148438 1021.72521972656 1018.33251953125 1018.81500244141 1008.03570556641 1003.69665527344 1005.83569335938 1005.05102539062 1006.46282958984 1002.95343017578 1005.03918457031 1007.61193847656 1005.35003662109 1011.17309570312 1012.13323974609 1005.76708984375 1007.94543457031 1004.83483886719 1014.90740966797 1021.00811767578 1023.79357910156 1025.65283203125
999.394836425781 1003.35461425781 994.1318359375 999.881042480469 1003.59918212891 1001.6962890625 996.065063476562 994.835510253906 995.855346679688 1000.26361083984 1002.27728271484 993.490539550781 1001.25756835938 1000.95672607422 1007.39367675781 1012.64916992188 1014.35772705078 1015.40594482422 1020.99780273438 1024.97973632812 1011.45812988281 1018.73193359375 1018.92999267578 1018.20550537109 1012.50958251953 1008.37609863281 1005.73284912109 1010.91351318359 1005.25537109375 1003.35479736328 1002.72296142578 1004.13891601562 1001.68896484375 1006.68518066406 1012.21978759766 1013.68798828125 1009.27905273438 1007.75158691406 1015.16290283203 1010.52716064453 1019.71575927734 1013.65936279297 1018.02764892578 1017.2626953125 1014.34600830078 1020.37902832031
999.873779296875 1002.58697509766 996.185119628906 995.4345703125 998.125366210938 994.513305664062 991.771362304688 995.483154296875 989.168823242188 990.63232421875 1004.4892578125 997.95703125 995.918212890625 997.289184570312 1009.13659667969 1007.57232666016 1013.99871826172 1023.64916992188 1029.59936523438 1020.03540039062 1016.35888671875 1010.95642089844 1020.57336425781 1019.84259033203 1010.72991943359 1013.35369873047 1007.42712402344 1005.21710205078 1014.19311523438 1009.25860595703 1009.48767089844 1009.73223876953 1017.55010986328 1016.46203613281 1011.23779296875 1001.64862060547 1001.84008789062 1006.28631591797 1013.65631103516 1018.43267822266 1011.12573242188 1000.56982421875 1010.92242431641 1016.61645507812 1014.40893554688 1021.55932617188
990.936584472656 992.97900390625 997.418029785156 996.419006347656 989.566467285156 991.322937011719 985.674194335938 982.709899902344 989.333557128906 990.437255859375 997.066833496094 1002.82604980469 1001.04144287109 1005.89672851562 1003.10375976562 1007.92443847656 1007.57568359375 1021.4013671875 1031.34741210938 1025.35949707031 1007.96752929688 1004.90045166016 1014.26690673828 1011.03558349609 1012.09844970703 1018.42419433594 1013.42346191406 1004.15814208984 1012.37969970703 1008.83514404297 1005.18615722656 1014.95239257812 1007.58465576172 1008.96887207031 998.191528320312 1003.26574707031 1006.20092773438 1007.34387207031 1008.33795166016 1007.43487548828 1009.45526123047 1018.4560546875 1014.62548828125 1014.0732421875 1013.33679199219 1014.68859863281
993.263366699219 993.382263183594 998.075866699219 1003.05749511719 995.032531738281 994.828857421875 985.956726074219 986.384338378906 986.232177734375 991.615417480469 993.679382324219 1002.27136230469 999.081481933594 997.558044433594 1010.05603027344 1008.84307861328 1017.45812988281 1018.091796875 1015.61773681641 1011.86328125 1000.98718261719 998.599487304688 1003.54754638672 1013.54187011719 1015.63403320312 1007.58959960938 1012.83795166016 1005.54034423828 997.080627441406 997.31982421875 997.821716308594 996.626708984375 1005.76794433594 998.260986328125 990.354553222656 995.572570800781 995.451843261719 1000.34057617188 1003.83416748047 1003.42419433594 1005.64129638672 1025.71557617188 1020.60980224609 1011.93719482422 1018.31811523438 1023.64440917969
993.80810546875 985.680480957031 992.934814453125 998.032958984375 995.941345214844 996.448913574219 988.480651855469 989.771362304688 993.077453613281 985.148681640625 987.302185058594 992.427795410156 992.694091796875 996.277709960938 1007.63244628906 1007.46661376953 1015.720703125 1012.91607666016 1010.55480957031 998.124633789062 994.686950683594 996.367858886719 1002.51031494141 1013.47381591797 1021.28619384766 1000.38665771484 1002.04693603516 1011.12030029297 997.831298828125 992.082580566406 990.469360351562 990.483825683594 1000.10833740234 1000.22100830078 997.353881835938 992.806579589844 993.521545410156 989.644836425781 996.636413574219 1003.93969726562 1012.50494384766 1014.13049316406 1015.74407958984 1016.89337158203 1018.8076171875 1016.46649169922
994.116271972656 987.070922851562 991.827453613281 997.606018066406 997.340270996094 998.132446289062 990.032165527344 989.331359863281 993.016784667969 992.68212890625 987.501403808594 979.716247558594 982.335754394531 997.953430175781 999.912109375 998.955200195312 1003.40808105469 997.673278808594 987.506896972656 990.538452148438 999.222412109375 993.997924804688 1003.80102539062 1003.81317138672 1012.95904541016 1005.60968017578 1000.36401367188 994.847106933594 994.211669921875 991.263000488281 989.877990722656 990.598449707031 1004.99896240234 1000.50354003906 999.679138183594 991.057250976562 994.980529785156 997.265197753906 1002.60540771484 1006.71948242188 1012.87561035156 1009.44720458984 1013.66668701172 1018.97570800781 1017.27569580078 1018.37609863281
984.955139160156 988.411499023438 996.900024414062 988.567016601562 991.557312011719 981.657897949219 981.057678222656 972.913757324219 982.8564453125 978.246643066406 975.252563476562 977.461303710938 981.718566894531 981.919677734375 990.193725585938 994.288391113281 1000.18371582031 996.180786132812 994.36328125 985.250793457031 998.588928222656 994.070434570312 996.976379394531 995.6484375 1007.03747558594 1004.87573242188 994.813842773438 986.385559082031 988.865905761719 985.340270996094 983.705383300781 988.033447265625 992.941955566406 992.542236328125 988.662048339844 992.848327636719 1007.28930664062 1005.67987060547 1006.32269287109 1016.76837158203 1005.05242919922 1009.63336181641 1017.41119384766 1014.23449707031 1010.15557861328 1012.45220947266
980.394714355469 989.774841308594 989.821716308594 981.261291503906 979.065185546875 973.298583984375 974.06103515625 972.526428222656 977.40625 974.899719238281 978.974975585938 977.839782714844 977.62646484375 978.747863769531 984.463134765625 994.588012695312 991.722351074219 989.538818359375 991.420349121094 987.732238769531 991.921142578125 994.122314453125 997.632385253906 1003.14129638672 1002.93743896484 1006.04180908203 988.015869140625 989.776550292969 984.967895507812 989.023498535156 984.471862792969 988.706848144531 993.514038085938 991.089172363281 992.864318847656 1003.17431640625 1011.86175537109 1014.23284912109 1008.05725097656 1010.96752929688 1008.25695800781 1013.81683349609 1019.61608886719 1014.08453369141 1002.85791015625 1017.15753173828
985.552490234375 979.890319824219 982.203125 980.518798828125 979.339172363281 978.500610351562 979.027648925781 972.991394042969 969.965637207031 969.815673828125 978.287719726562 982.377502441406 973.055358886719 971.642578125 979.37939453125 986.487060546875 986.735290527344 989.072143554688 989.911010742188 991.828918457031 995.413818359375 995.492309570312 994.879089355469 989.352294921875 981.613220214844 989.439575195312 978.022888183594 992.429748535156 990.737976074219 979.229187011719 983.240539550781 982.914489746094 989.527221679688 992.478271484375 1000.37890625 1002.17376708984 1008.6083984375 1010.87567138672 1001.10095214844 1000.13177490234 1000.73486328125 1004.74145507812 1002.28259277344 1006.27984619141 1012.51666259766 1018.56860351562
988.769897460938 975.391174316406 977.280822753906 979.664611816406 984.184936523438 982.853698730469 975.695495605469 970.2470703125 968.781799316406 965.752563476562 973.519165039062 977.535400390625 975.045166015625 972.999206542969 976.534545898438 987.077453613281 984.514221191406 983.154541015625 985.512329101562 988.64453125 989.18896484375 988.023681640625 990.425109863281 986.654296875 983.05126953125 980.824096679688 981.528381347656 988.543518066406 982.978332519531 985.046447753906 985.315002441406 994.679626464844 994.798156738281 1004.02758789062 1001.50378417969 1009.20904541016 1014.72930908203 1011.34698486328 1006.77600097656 1002.11981201172 1002.85656738281 1001.52435302734 1006.5185546875 1005.8515625 1009.53833007812 1021.90960693359
992.046997070312 978.463928222656 978.120178222656 981.993225097656 981.541320800781 982.539611816406 975.369750976562 976.421752929688 976.142150878906 964.64599609375 972.022277832031 978.616821289062 978.184997558594 980.289672851562 978.329223632812 986.493408203125 982.979614257812 980.895263671875 990.43505859375 994.306945800781 997.41455078125 993.735961914062 988.084899902344 985.547302246094 977.444274902344 987.642211914062 989.662719726562 988.953552246094 986.880676269531 989.475402832031 989.398376464844 998.043579101562 993.243896484375 991.74658203125 995.47998046875 1000.78491210938 1012.51611328125 1007.1552734375 1013.54895019531 994.615600585938 1008.10180664062 1007.91357421875 1004.85223388672 1007.87408447266 1011.00592041016 1016.39898681641
978.624267578125 982.672180175781 981.165344238281 966.307861328125 978.442993164062 967.9287109375 974.585388183594 980.239685058594 974.138671875 980.796020507812 979.7587890625 980.183959960938 979.511962890625 981.836791992188 985.812072753906 985.248291015625 988.023010253906 992.991577148438 991.885375976562 995.536682128906 1001.45922851562 1000.59619140625 1000.78057861328 987.693969726562 983.6259765625 982.871215820312 981.984130859375 987.243469238281 985.42138671875 990.132080078125 993.56787109375 988.25 987.746337890625 984.652954101562 985.844055175781 983.904052734375 993.397827148438 1002.71551513672 997.935241699219 999.799682617188 996.843383789062 1008.45379638672 1014.048828125 1011.71069335938 1010.92492675781 1019.55444335938
991.63525390625 988.862976074219 979.701171875 975.312072753906 971.259338378906 973.310546875 960.251525878906 972.844543457031 975.953674316406 975.490478515625 974.763610839844 979.433837890625 981.500793457031 986.915710449219 994.423828125 996.929626464844 989.60791015625 991.987976074219 984.572631835938 980.715270996094 995.296813964844 995.624450683594 992.746032714844 977.991638183594 982.685913085938 983.162475585938 980.193298339844 985.551513671875 984.879150390625 983.855285644531 984.490112304688 981.343627929688 980.783630371094 983.54443359375 986.174621582031 985.568298339844 991.979309082031 992.808959960938 994.240234375 995.078063964844 993.272583007812 996.95458984375 1005.03100585938 1004.07293701172 1016.62542724609 1016.67828369141
983.258178710938 980.540893554688 978.083801269531 977.487182617188 982.120056152344 965.920776367188 973.077453613281 973.844360351562 977.138488769531 972.539489746094 968.021423339844 972.229248046875 986.360229492188 991.150207519531 988.154846191406 996.985595703125 992.250732421875 986.546936035156 985.946838378906 981.642578125 983.447998046875 982.982116699219 983.779052734375 975.102416992188 972.288208007812 968.465759277344 972.83251953125 975.712707519531 973.914306640625 976.412963867188 977.350769042969 983.588134765625 998.238891601562 987.089660644531 988.009216308594 988.710327148438 982.692993164062 990.300476074219 991.909851074219 987.637023925781 989.153930664062 987.643432617188 996.263427734375 1005.8662109375 1013.22320556641 1010.69470214844
968.951049804688 980.77783203125 984.312072753906 977.59130859375 975.594787597656 969.845275878906 971.453247070312 967.3310546875 970.615051269531 968.327819824219 973.821899414062 979.18408203125 976.984924316406 981.578979492188 983.738037109375 987.875793457031 992.126281738281 992.137023925781 987.445678710938 983.427185058594 984.727355957031 983.637939453125 979.886901855469 964.250366210938 969.681457519531 968.631408691406 971.826416015625 964.743041992188 967.054016113281 982.597290039062 976.149291992188 994.881408691406 993.916076660156 993.041931152344 981.875732421875 986.496887207031 987.671936035156 988.851440429688 991.43994140625 996.839294433594 996.082458496094 990.024108886719 996.8818359375 1001.17626953125 1003.57458496094 1003.22406005859
970.130126953125 968.210083007812 968.406494140625 969.146850585938 971.252563476562 970.757080078125 968.65087890625 969.616821289062 978.302368164062 980.216125488281 970.1240234375 972.107604980469 977.441772460938 975.682739257812 980.753723144531 979.145446777344 974.804748535156 978.015563964844 976.231811523438 980.70166015625 984.517700195312 972.608581542969 972.74560546875 968.786376953125 973.882507324219 970.792358398438 976.335998535156 968.039611816406 966.257080078125 974.262451171875 981.3046875 986.612365722656 990.551208496094 984.192932128906 983.981140136719 985.751037597656 984.627990722656 981.782592773438 987.077453613281 991.217102050781 993.383056640625 991.100891113281 995.257507324219 993.307373046875 998.340698242188 994.111755371094
