data/zlatibor_dem_simulations/DEMsim74 (1).asc
NCOLS 150
NROWS 100
XLLCORNER 7394249
YLLCORNER 4841999
CELLSIZE 30
NODATA_VALUE -9999
[rows 20 to 39 of 100, columns 0 to 45 of 150]
965.137512207031 957.812866210938 956.540466308594 958.957763671875 960.614379882812 963.065124511719 963.300842285156 966.094055175781 947.945861816406 963.8955078125 968.178161621094 963.19384765625 968.405212402344 955.30126953125 957.739501953125 966.695251464844 967.198364257812 975.777282714844 965.852355957031 963.793884277344 971.489868164062 968.535888671875 970.222900390625 987.822692871094 999.333618164062 994.193115234375 999.728332519531 1008.42749023438 1009.89617919922 1010.90118408203 1006.21258544922 1018.32299804688 1029.69470214844 1024.5732421875 1024.19958496094 1027.47778320312 1032.32885742188 1037.84912109375 1045.11547851562 1051.25366210938 1039.86865234375 1038.72082519531 1028.24365234375 1027.10046386719 1022.32147216797 1021.47497558594
960.340087890625 951.478088378906 943.81591796875 946.325317382812 958.411987304688 959.430725097656 964.630310058594 957.591979980469 952.151733398438 956.396728515625 964.979919433594 961.017150878906 960.972473144531 961.028137207031 955.781982421875 950.548767089844 959.896789550781 964.040466308594 966.052673339844 964.117370605469 965.169067382812 962.45068359375 968.555908203125 984.852661132812 986.58203125 999.573547363281 995.539428710938 996.138916015625 1000.92095947266 1007.56109619141 1006.39819335938 1016.28234863281 1018.64624023438 1022.89172363281 1014.86096191406 1012.10235595703 1033.31457519531 1032.41064453125 1046.63842773438 1038.68530273438 1041.26477050781 1036.041015625 1033.173828125 1033.00769042969 1022.56909179688 1015.15710449219
950.179077148438 946.686462402344 944.078918457031 950.195922851562 963.663146972656 959.56494140625 953.198425292969 947.194885253906 948.427429199219 966.442077636719 962.039306640625 957.6044921875 953.467407226562 952.101501464844 948.40771484375 949.976135253906 955.300231933594 959.637390136719 956.632446289062 970.13671875 972.433166503906 973.91357421875 974.176147460938 980.434631347656 990.401489257812 998.424865722656 1004.93463134766 997.101501464844 1005.40899658203 1006.56848144531 1005.150390625 1015.18737792969 1012.9453125 1014.42791748047 1012.07476806641 1015.35327148438 1029.58996582031 1030.78503417969 1038.73791503906 1036.17004394531 1044.33349609375 1035.82629394531 1025.8193359375 1024.85107421875 1016.47668457031 1011.64422607422
947.765502929688 941.627258300781 955.029174804688 956.200866699219 957.7509765625 957.724548339844 957.824035644531 954.4091796875 952.424133300781 954.200866699219 956.345642089844 951.776916503906 955.26318359375 953.336791992188 951.500305175781 953.516174316406 966.316345214844 968.751220703125 969.525146484375 972.716918945312 974.798767089844 974.951049804688 976.913330078125 977.7880859375 989.883605957031 1002.61309814453 1004.09228515625 996.200134277344 1005.90649414062 998.138610839844 1020.77349853516 1020.22271728516 1013.23950195312 1009.38500976562 1018.54858398438 1026.49609375 1024.69311523438 1025.82214355469 1028.26904296875 1031.00854492188 1032.96911621094 1029.80859375 1020.5185546875 1015.22473144531 1020.33630371094 1009.93176269531
942.443298339844 944.699890136719 946.759399414062 945.363891601562 952.383666992188 956.242248535156 960.449890136719 961.955749511719 953.265258789062 948.725769042969 952.145324707031 951.665161132812 965.208435058594 968.797607421875 963.869079589844 972.98193359375 975.384094238281 975.11376953125 973.553771972656 981.390197753906 973.188537597656 981.899658203125 981.230041503906 988.963500976562 995.207092285156 1001.41955566406 1002.33239746094 994.348022460938 1003.24737548828 1000.375 1005.27612304688 1008.98010253906 1005.26336669922 1011.42608642578 1014.95208740234 1025.57385253906 1028.154296875 1018.77062988281 1015.86016845703 1019.98297119141 1025.25268554688 1025.19299316406 1009.88677978516 1009.36535644531 1009.96905517578 1007.21844482422
943.068237304688 944.036499023438 936.938354492188 948.940490722656 956.754699707031 967.711791992188 955.13916015625 955.622985839844 951.064636230469 949.882751464844 952.008666992188 962.435363769531 970.084533691406 973.298645019531 959.733032226562 968.775939941406 972.695373535156 986.099731445312 982.0751953125 983.833374023438 984.683410644531 980.605041503906 981.716613769531 993.739318847656 998.868347167969 1002.87554931641 999.384338378906 997.107299804688 994.603942871094 1004.91931152344 1004.48352050781 1003.49884033203 1004.67724609375 1008.38317871094 1011.06982421875 1011.57464599609 1019.43109130859 1023.923828125 1021.59130859375 1018.67010498047 1022.80474853516 1024.09020996094 1011.01019287109 1001.28240966797 1005.31768798828 999.645324707031
942.010192871094 944.460510253906 958.172973632812 957.942260742188 962.845947265625 959.072998046875 960.636413574219 958.388427734375 949.03564453125 952.488647460938 958.332153320312 968.072509765625 970.359375 975.328308105469 966.66162109375 966.668762207031 969.887023925781 974.312316894531 977.3876953125 979.658569335938 983.238830566406 988.288940429688 989.75 995.62939453125 1004.74096679688 994.953918457031 996.170654296875 992.826904296875 994.591674804688 1004.30249023438 991.305541992188 994.651306152344 1008.44232177734 1002.52746582031 1000.67999267578 1005.78662109375 1013.64068603516 1015.84625244141 1011.01635742188 1008.95874023438 1018.58209228516 1008.66705322266 1001.94921875 999.986572265625 996.277648925781 1006.12243652344
946.721862792969 943.198303222656 945.759643554688 949.660949707031 959.848937988281 960.077880859375 958.585266113281 959.907653808594 951.226501464844 967.667114257812 963.230224609375 972.208740234375 975.869079589844 976.715209960938 969.947875976562 971.622009277344 966.818420410156 970.695556640625 970.15673828125 972.931274414062 976.549560546875 982.600708007812 988.74609375 991.498229980469 992.138000488281 998.226196289062 991.862365722656 987.170227050781 987.3828125 993.974670410156 989.860290527344 991.177490234375 992.694641113281 994.06201171875 1001.48046875 1003.14025878906 1012.43835449219 1016.08288574219 1006.78057861328 1009.02008056641 1008.00854492188 999.469604492188 1001.623046875 997.978576660156 985.651916503906 993.683410644531
949.745910644531 948.154541015625 951.204345703125 955.519348144531 960.160766601562 954.645446777344 955.580383300781 963.228637695312 963.360412597656 960.269714355469 961.547546386719 962.460632324219 981.365112304688 977.875244140625 975.214294433594 974.071228027344 971.233581542969 973.253784179688 977.520629882812 968.509155273438 978.263977050781 986.397094726562 984.8388671875 989.114685058594 990.08056640625 985.19580078125 989.600280761719 989.835998535156 984.305419921875 989.5302734375 991.570434570312 986.842102050781 995.321472167969 995.771850585938 997.164489746094 991.306030273438 1009.5771484375 1012.31103515625 1006.78594970703 1009.4287109375 1007.45294189453 1000.55407714844 997.64404296875 992.75244140625 985.829284667969 992.631530761719
936.125366210938 941.358459472656 949.9189453125 960.301025390625 963.197814941406 954.651977539062 966.413635253906 966.204956054688 966.055419921875 960.537780761719 967.075866699219 965.798645019531 986.956237792969 980.828735351562 981.551696777344 978.982604980469 980.611755371094 978.642395019531 979.559204101562 974.691223144531 984.40576171875 989.497680664062 989.110290527344 990.950073242188 979.575378417969 981.269775390625 986.887634277344 983.98486328125 985.439086914062 988.367919921875 985.963562011719 995.029602050781 990.592163085938 990.174377441406 999.985778808594 989.303771972656 1001.81634521484 1003.12408447266 996.55322265625 998.234558105469 991.225036621094 984.208801269531 994.395324707031 998.302551269531 1001.052734375 991.441772460938
944.538269042969 943.1796875 951.305053710938 966.247741699219 965.917724609375 966.996215820312 963.180297851562 961.220825195312 961.849914550781 967.086547851562 968.423095703125 964.944091796875 978.74755859375 986.504150390625 978.893432617188 975.045532226562 980.027587890625 985.734558105469 987.16015625 982.452209472656 980.353454589844 986.281982421875 987.552001953125 992.273559570312 981.249389648438 982.550537109375 987.923706054688 984.230590820312 980.208740234375 986.992553710938 987.721435546875 992.993835449219 1000.326171875 990.677978515625 990.615173339844 983.32275390625 990.360534667969 996.284851074219 988.405944824219 979.803649902344 982.889892578125 982.664367675781 989.230346679688 990.053894042969 992.444396972656 991.927124023438
947.365783691406 945.413879394531 954.211791992188 962.56103515625 964.402648925781 964.841491699219 964.807312011719 971.053527832031 967.670837402344 972.038879394531 980.798828125 976.196838378906 981.121032714844 977.61181640625 967.712158203125 968.289855957031 971.13037109375 974.856567382812 984.442565917969 984.257263183594 978.309326171875 977.204284667969 981.780822753906 987.018920898438 987.7939453125 981.106689453125 982.960876464844 986.549011230469 984.869506835938 984.675109863281 982.800109863281 987.035949707031 998.087158203125 993.015075683594 988.680908203125 981.382446289062 991.271301269531 983.06396484375 983.109497070312 982.919067382812 986.651000976562 988.103759765625 979.672485351562 976.699890136719 983.065246582031 994.792785644531
946.032592773438 947.315673828125 956.997009277344 963.322998046875 968.625183105469 972.154235839844 967.281982421875 967.732666015625 965.964416503906 963.635620117188 978.596313476562 982.1201171875 981.803161621094 975.45751953125 978.07080078125 972.46923828125 971.204162597656 978.52587890625 988.954711914062 990.367309570312 984.413879394531 986.475280761719 980.030578613281 977.9013671875 977.108642578125 978.672790527344 974.340515136719 980.040893554688 982.018981933594 977.103332519531 977.113159179688 987.540710449219 987.634155273438 991.705444335938 987.710510253906 983.164184570312 973.930847167969 975.694396972656 986.327514648438 981.4560546875 981.037109375 977.616149902344 976.389038085938 977.316101074219 978.751281738281 988.819885253906
947.124206542969 946.647827148438 962.220336914062 965.362060546875 967.054260253906 974.834716796875 970.190673828125 970.421325683594 969.538452148438 971.432189941406 974.736633300781 979.955810546875 981.554748535156 986.017028808594 979.549560546875 968.804870605469 977.085754394531 976.174987792969 979.208435058594 989.229553222656 990.777465820312 986.874694824219 982.187255859375 979.762451171875 970.149536132812 984.287292480469 976.541564941406 979.201171875 981.092590332031 980.835144042969 979.934204101562 989.534423828125 985.306457519531 983.164489746094 988.877624511719 986.317504882812 982.926391601562 981.866455078125 989.009094238281 985.123352050781 987.178405761719 984.379821777344 977.892028808594 979.615905761719 979.089721679688 981.987182617188
942.618835449219 957.890380859375 966.690307617188 973.548461914062 968.098022460938 970.489379882812 974.950439453125 980.827697753906 972.602661132812 976.144653320312 965.899780273438 979.235778808594 985.549438476562 979.453186035156 969.667236328125 966.91748046875 975.597473144531 975.055725097656 980.473205566406 981.823913574219 984.890075683594 980.131286621094 977.635314941406 975.589721679688 974.810363769531 972.845947265625 972.613708496094 983.840942382812 987.739318847656 986.510925292969 987.657775878906 983.456359863281 981.519836425781 984.087890625 976.700866699219 983.035217285156 983.412902832031 991.572021484375 985.229675292969 983.088745117188 982.004760742188 976.088684082031 974.393432617188 976.464477539062 977.832153320312 980.783569335938
952.276550292969 962.287048339844 959.870727539062 961.149719238281 969.803833007812 964.819702148438 975.451171875 969.622802734375 968.699401855469 968.177917480469 969.645629882812 976.176818847656 973.739501953125 967.393005371094 968.724060058594 974.054138183594 978.728149414062 978.63525390625 976.187866210938 972.393615722656 977.314086914062 980.096130371094 981.326232910156 978.325927734375 977.000549316406 976.348754882812 982.179809570312 970.634094238281 983.587585449219 994.805236816406 994.863220214844 987.191345214844 973.204467773438 975.771911621094 977.126403808594 975.822814941406 991.481689453125 986.424987792969 978.333862304688 974.819519042969 971.018005371094 977.124633789062 985.385437011719 973.76904296875 985.204833984375 982.0205078125
951.854553222656 954.083801269531 954.5087890625 960.567199707031 964.796936035156 967.357849121094 966.187255859375 969.2333984375 974.355163574219 969.946655273438 968.281555175781 976.439758300781 972.202270507812 965.389587402344 973.096496582031 975.23681640625 980.601379394531 978.916259765625 983.092590332031 979.469055175781 977.191101074219 975.407409667969 988.491271972656 986.705261230469 980.337707519531 977.858032226562 970.858459472656 979.141418457031 996.322998046875 987.817687988281 983.823608398438 989.273986816406 975.997497558594 973.568115234375 972.133544921875 980.908325195312 981.538208007812 987.641235351562 982.382995605469 981.2353515625 970.242614746094 981.354125976562 980.7177734375 984.995483398438 980.953369140625 991.765502929688
952.710632324219 965.723266601562 958.212951660156 960.678894042969 964.434997558594 960.837036132812 966.831909179688 976.31591796875 984.377685546875 975.328308105469 977.481262207031 979.062072753906 968.578796386719 963.422119140625 971.376647949219 964.155639648438 970.218383789062 981.184936523438 982.995971679688 984.8203125 984.591979980469 976.387878417969 975.079711914062 980.065246582031 978.293090820312 971.545837402344 966.769470214844 981.0107421875 984.382690429688 985.201171875 981.2333984375 971.715576171875 971.619140625 970.554565429688 967.123779296875 971.503112792969 981.547302246094 982.9287109375 987.695556640625 982.281555175781 971.970092773438 979.298828125 982.56640625 974.516357421875 969.024536132812 978.709899902344
951.763671875 958.479431152344 968.947082519531 965.833068847656 969.404907226562 964.159423828125 973.022583007812 980.7578125 978.482421875 977.684448242188 971.596801757812 966.834899902344 980.90966796875 972.107604980469 975.064025878906 978.46142578125 974.636474609375 971.50537109375 973.953247070312 980.3447265625 989.889221191406 982.897277832031 969.849731445312 976.117126464844 974.737060546875 967.744934082031 967.338073730469 974.314147949219 975.180969238281 968.303344726562 973.417724609375 974.585571289062 974.643127441406 971.841918945312 974.115234375 979.733581542969 982.427001953125 982.740478515625 987.598510742188 988.16845703125 974.828125 971.623107910156 973.977355957031 968.841064453125 971.208801269531 980.16943359375
949.611938476562 958.471435546875 963.834411621094 967.771667480469 969.619140625 968.50732421875 980.31396484375 979.265258789062 979.083374023438 973.501892089844 973.031433105469 974.463500976562 980.375915527344 978.57958984375 984.535034179688 977.707397460938 973.560607910156 974.350646972656 973.424987792969 978.713562011719 981.119506835938 975.5458984375 969.587707519531 975.020935058594 975.4716796875 975.141174316406 970.531860351562 971.270629882812 969.260864257812 965.120361328125 968.538330078125 980.850341796875 981.336303710938 982.711608886719 978.000183105469 980.438049316406 982.960632324219 977.225219726562 980.460327148438 978.451904296875 967.862548828125 971.360412597656 974.100463867188 971.816467285156 977.857299804688 978.728881835938
