data/zlatibor_dem_simulations/DEMsim39.asc
NCOLS 150
NROWS 100
XLLCORNER 7394249
YLLCORNER 4841999
CELLSIZE 30
NODATA_VALUE -9999
[rows 40 to 59 of 100, columns 0 to 45 of 150]
946.900817871094 944.728210449219 949.354125976562 955.539978027344 964.747009277344 971.927978515625 973.313293457031 975.647399902344 971.900207519531 963.764953613281 962.251403808594 966.753784179688 971.687377929688 968.737365722656 972.094116210938 975.663208007812 973.673889160156 977.748840332031 977.439575195312 979.480224609375 974.330139160156 975.901733398438 972.299926757812 964.022094726562 962.617126464844 963.760620117188 966.125854492188 980.211791992188 979.478210449219 973.459228515625 979.953857421875 978.231872558594 981.6337890625 988.752319335938 983.36083984375 978.901977539062 971.747253417969 972.056518554688 965.656311035156 959.476257324219 959.650756835938 969.91162109375 963.078308105469 963.364318847656 967.058227539062 971.694641113281
949.232482910156 940.651245117188 946.452209472656 943.966857910156 956.301330566406 957.377380371094 965.023132324219 975.594177246094 976.391052246094 975.426391601562 974.190368652344 968.328735351562 964.920593261719 961.502075195312 974.7431640625 983.050354003906 978.516662597656 976.373596191406 980.116394042969 982.876647949219 981.381469726562 980.314392089844 970.147888183594 967.834350585938 970.110107421875 971.631591796875 970.355346679688 985.425476074219 995.529113769531 982.0283203125 987.304016113281 976.710327148438 982.641174316406 983.8173828125 988.748352050781 982.715942382812 975.720520019531 975.844970703125 976.133544921875 968.541442871094 968.879150390625 969.610900878906 967.750244140625 971.49267578125 972.873107910156 978.68017578125
943.893005371094 941.561279296875 934.984741210938 943.257934570312 952.743408203125 960.2216796875 966.3876953125 972.52392578125 969.773620605469 970.270141601562 975.862243652344 969.162292480469 967.134460449219 964.881225585938 978.907287597656 983.481262207031 978.407287597656 978.883850097656 979.961120605469 983.475708007812 988.129028320312 992.174621582031 980.623107910156 964.525939941406 964.237182617188 963.066101074219 974.515441894531 983.340942382812 986.411560058594 986.913146972656 981.1953125 981.619750976562 990.123107910156 996.582214355469 986.839965820312 982.54736328125 985.090026855469 981.598205566406 977.233459472656 975.931640625 972.440673828125 962.680786132812 962.861267089844 967.530029296875 980.288024902344 973.072570800781
939.370910644531 935.208740234375 944.905212402344 944.970275878906 958.300048828125 953.672607421875 959.118408203125 967.411865234375 972.379699707031 969.551025390625 971.083984375 968.727294921875 973.148742675781 967.841735839844 983.414916992188 990.409240722656 978.038024902344 976.022277832031 980.998229980469 987.601379394531 996.915710449219 987.153076171875 982.036682128906 975.365783691406 967.18994140625 965.226806640625 970.576416015625 974.492126464844 978.335754394531 979.850524902344 984.939453125 986.884643554688 987.994018554688 987.129150390625 985.35595703125 986.758666992188 981.420227050781 979.479797363281 977.402648925781 974.546630859375 969.620849609375 970.501403808594 965.331909179688 963.1982421875 962.165771484375 975.523681640625
947.376281738281 948.310241699219 946.50732421875 949.363037109375 953.515563964844 953.166809082031 967.57958984375 968.669067382812 963.410095214844 959.509887695312 963.496459960938 971.164611816406 979.711486816406 971.0234375 981.121704101562 980.982666015625 981.928344726562 976.234375 978.893188476562 979.467163085938 990.612243652344 980.185119628906 979.176086425781 978.27685546875 977.222839355469 975.971984863281 972.780151367188 968.818481445312 975.588928222656 978.961364746094 979.473205566406 977.765258789062 986.008911132812 976.215515136719 979.791137695312 982.951416015625 975.293762207031 967.817749023438 972.324890136719 978.75341796875 966.942321777344 963.1533203125 973.100830078125 968.208923339844 961.563354492188 963.548828125
951.286193847656 949.963195800781 942.360229492188 949.677185058594 958.6708984375 961.905090332031 960.809265136719 963.181823730469 963.1123046875 963.001770019531 967.708435058594 975.018310546875 965.911071777344 968.648681640625 972.376525878906 973.756652832031 975.192443847656 975.908447265625 975.25439453125 968.180847167969 973.551818847656 966.861389160156 966.51611328125 966.189880371094 969.737670898438 965.472595214844 970.541381835938 973.422912597656 972.333923339844 973.175537109375 979.226623535156 968.486328125 976.406677246094 977.306640625 972.655517578125 979.213317871094 975.099914550781 954.03076171875 970.083374023438 970.080810546875 970.801940917969 965.176635742188 967.080078125 963.748962402344 959.605163574219 957.396423339844
955.921691894531 960.143188476562 959.054809570312 959.935729980469 961.544860839844 961.393798828125 959.582885742188 956.083312988281 968.738708496094 973.300964355469 964.386596679688 963.354858398438 968.920043945312 967.334594726562 975.717407226562 970.289123535156 964.409790039062 965.948791503906 971.506958007812 969.754943847656 965.836364746094 966.320251464844 959.510437011719 965.306213378906 968.695983886719 973.951599121094 971.574951171875 976.15478515625 975.921813964844 972.833740234375 968.411254882812 967.309204101562 969.799621582031 973.072692871094 970.851135253906 967.067749023438 967.564453125 965.512573242188 967.322509765625 972.5810546875 964.399353027344 967.912414550781 965.640258789062 962.020812988281 958.108764648438 962.609497070312
968.491333007812 971.673156738281 957.391235351562 952.557861328125 957.7607421875 959.908752441406 959.669799804688 964.523559570312 965.277526855469 967.631408691406 965.392211914062 965.050109863281 965.50732421875 972.715148925781 967.792297363281 975.942260742188 970.368530273438 965.231384277344 963.544006347656 972.10888671875 972.710998535156 963.736022949219 958.445129394531 959.323913574219 963.923522949219 972.458068847656 965.34765625 971.212707519531 973.024963378906 973.828857421875 970.0927734375 965.937805175781 968.389038085938 975.40673828125 974.231140136719 967.968017578125 969.773681640625 973.995483398438 968.15478515625 967.994018554688 971.448791503906 965.9189453125 959.784973144531 960.969116210938 964.579162597656 963.650024414062
962.044616699219 957.171691894531 953.589111328125 964.777893066406 967.391662597656 957.1396484375 962.830749511719 970.053100585938 973.018371582031 972.151062011719 966.220947265625 965.687377929688 968.139831542969 972.716735839844 974.3642578125 978.075073242188 968.674499511719 968.052734375 974.96142578125 977.862365722656 972.562255859375 965.864135742188 961.2841796875 961.769104003906 959.031799316406 969.2294921875 968.840209960938 966.973815917969 969.21923828125 967.972229003906 964.675354003906 970.609619140625 971.833251953125 978.706848144531 978.789978027344 964.293640136719 969.525268554688 968.270568847656 966.291870117188 958.339965820312 965.039794921875 970.781066894531 969.029541015625 961.659851074219 955.040405273438 967.091491699219
962.651000976562 948.423156738281 948.586120605469 957.973449707031 959.561584472656 965.063903808594 966.569213867188 975.793640136719 969.640075683594 970.892883300781 968.698669433594 966.329162597656 972.858520507812 976.770202636719 970.241149902344 969.259582519531 973.939819335938 977.346923828125 978.607849121094 980.19580078125 974.454467773438 973.963195800781 967.115051269531 964.096313476562 972.073364257812 969.4453125 965.770629882812 961.529663085938 957.897766113281 962.466918945312 972.907348632812 966.828125 971.216613769531 969.046569824219 974.408508300781 974.3466796875 971.476867675781 963.27783203125 968.514892578125 963.964233398438 961.690673828125 965.65234375 964.393737792969 963.028869628906 958.271240234375 965.568054199219
966.234008789062 954.418334960938 955.32373046875 956.09326171875 951.035766601562 969.983337402344 968.982421875 967.145812988281 967.872009277344 973.797119140625 968.458801269531 957.095520019531 967.33056640625 965.666564941406 969.355224609375 969.573364257812 972.057800292969 977.003356933594 983.851257324219 982.212585449219 979.64208984375 975.243835449219 973.774230957031 961.552734375 965.578369140625 960.25537109375 958.808532714844 957.479736328125 963.419067382812 966.381591796875 972.112426757812 983.494384765625 978.573425292969 977.127258300781 984.964477539062 975.62548828125 966.054504394531 972.068542480469 963.931518554688 956.7421875 952.362548828125 969.459533691406 962.484985351562 957.745788574219 956.692321777344 968.115173339844
959.940856933594 965.236206054688 960.991333007812 964.66748046875 961.975402832031 975.729370117188 971.74365234375 974.425476074219 975.210083007812 980.971740722656 971.524108886719 969.738342285156 970.64501953125 970.586364746094 972.2021484375 965.415771484375 971.441162109375 984.578857421875 977.622863769531 977.803833007812 966.034851074219 972.426879882812 977.550476074219 963.057006835938 964.45947265625 965.225891113281 961.728088378906 959.02197265625 958.158386230469 965.715881347656 978.818054199219 988.382507324219 979.37841796875 980.741760253906 978.266357421875 971.171936035156 968.681762695312 961.526672363281 962.709289550781 962.098266601562 957.494995117188 956.097290039062 959.476440429688 954.40234375 961.841003417969 965.34033203125
966.074829101562 964.8017578125 957.765869140625 955.6943359375 973.70751953125 976.533386230469 977.717590332031 969.3125 965.768310546875 978.007995605469 978.298217773438 974.532897949219 974.525451660156 964.890625 965.953979492188 967.113647460938 975.986145019531 974.345092773438 967.193908691406 968.748229980469 968.686645507812 964.413940429688 979.869079589844 966.235534667969 958.116516113281 963.819763183594 963.053283691406 955.935791015625 964.066162109375 959.22900390625 969.883239746094 972.353759765625 974.349426269531 974.157958984375 970.148559570312 961.610229492188 962.192077636719 957.62890625 958.958068847656 966.054504394531 963.669616699219 959.372192382812 952.421813964844 954.757446289062 949.887573242188 947.250244140625
961.358276367188 964.908447265625 958.009643554688 962.51123046875 975.889892578125 974.108215332031 975.172973632812 974.9189453125 971.390930175781 977.3251953125 975.82177734375 968.34228515625 974.995727539062 967.56396484375 967.170104980469 973.223083496094 968.113952636719 975.735290527344 973.43994140625 968.758666992188 972.795288085938 968.462097167969 968.019104003906 961.379028320312 963.680541992188 967.092468261719 967.470642089844 973.348999023438 963.302062988281 951.369201660156 959.152770996094 966.080993652344 976.41357421875 969.944763183594 970.74609375 960.17333984375 962.585876464844 955.690673828125 953.595825195312 963.879699707031 964.465698242188 952.363098144531 959.606750488281 955.361694335938 941.869018554688 951.848876953125
966.665893554688 962.1015625 959.8642578125 967.01904296875 970.0224609375 974.014404296875 969.517211914062 974.919494628906 974.080139160156 974.44482421875 976.196166992188 967.734191894531 970.16162109375 972.083862304688 968.176391601562 971.775451660156 969.956604003906 969.847717285156 973.093444824219 972.173522949219 976.344909667969 968.646362304688 964.952453613281 961.629577636719 966.353576660156 967.409118652344 972.123474121094 974.569274902344 970.227905273438 964.075012207031 961.496459960938 959.381530761719 964.348571777344 966.840759277344 971.928771972656 968.806823730469 966.334594726562 966.569946289062 955.496337890625 959.111938476562 953.486083984375 957.148376464844 964.911499023438 964.861328125 953.510498046875 948.187927246094
970.251342773438 969.091369628906 968.088745117188 960.837280273438 963.915161132812 971.502624511719 966.156982421875 974.074279785156 977.349365234375 967.317749023438 961.48095703125 968.712890625 959.626342773438 974.242431640625 977.048461914062 975.16943359375 969.424255371094 968.668090820312 973.201416015625 967.895751953125 965.620239257812 963.702941894531 961.13671875 959.789978027344 968.23193359375 972.233154296875 962.579895019531 965.265930175781 964.870544433594 963.968505859375 971.888793945312 962.29150390625 956.714904785156 956.662109375 969.082336425781 964.631164550781 961.498474121094 959.577758789062 957.606201171875 952.202575683594 952.882934570312 957.651245117188 963.372741699219 962.170654296875 956.09912109375 959.376098632812
975.892333984375 962.569030761719 974.27880859375 969.9140625 966.783081054688 968.345703125 969.26708984375 975.825561523438 974.358703613281 966.27783203125 956.05908203125 964.831726074219 962.071411132812 965.831176757812 969.167541503906 974.210632324219 972.431518554688 976.559020996094 966.277648925781 961.66162109375 962.806640625 955.892822265625 951.559509277344 957.089965820312 965.828674316406 965.997131347656 947.716796875 956.607971191406 962.503173828125 976.041137695312 971.498046875 957.400817871094 959.658325195312 961.330383300781 962.636291503906 970.748352050781 963.362548828125 950.872314453125 945.053405761719 949.153198242188 951.877868652344 951.421203613281 950.397399902344 956.393737792969 963.189270019531 955.618286132812
978.695190429688 968.263793945312 977.36376953125 978.393005371094 976.30517578125 973.047180175781 973.207885742188 962.748596191406 967.796020507812 964.007019042969 957.632934570312 959.910888671875 960.016845703125 960.659240722656 974.547790527344 970.505676269531 971.884643554688 975.635620117188 967.740295410156 956.570068359375 949.471252441406 945.594299316406 954.541625976562 953.998718261719 956.693481445312 955.950317382812 948.786437988281 952.146240234375 951.840270996094 958.3818359375 953.231689453125 949.62255859375 946.745178222656 953.666320800781 963.540771484375 967.590026855469 965.159423828125 954.777770996094 954.749084472656 949.05517578125 954.822631835938 951.309387207031 954.632690429688 958.681884765625 957.117797851562 952.66015625
980.241760253906 977.374267578125 987.574401855469 975.190490722656 976.448913574219 978.65283203125 968.944885253906 967.6953125 964.064697265625 965.337219238281 952.842102050781 951.779541015625 954.192504882812 962.17041015625 966.769653320312 971.994812011719 967.015869140625 964.2021484375 957.082275390625 953.122375488281 945.589477539062 942.015075683594 945.681579589844 951.329895019531 948.7001953125 940.58447265625 945.937194824219 954.500610351562 953.129211425781 957.343627929688 951.214538574219 953.774353027344 950.176452636719 957.677185058594 959.264282226562 955.4091796875 957.665466308594 956.995300292969 958.425170898438 954.042114257812 953.694641113281 955.519714355469 952.474243164062 952.399597167969 952.588500976562 945.498718261719
973.427185058594 975.399108886719 974.0703125 974.770874023438 981.411010742188 977.76708984375 972.530822753906 964.638305664062 965.022766113281 952.722106933594 953.3564453125 956.0234375 946.961242675781 950.504577636719 957.115661621094 962.295288085938 954.466857910156 960.356750488281 953.506469726562 950.983459472656 942.493530273438 934.137756347656 939.253540039062 943.447631835938 943.919372558594 945.915649414062 940.507446289062 940.075378417969 944.597534179688 952.992614746094 950.120056152344 955.151245117188 949.795166015625 951.402404785156 949.859436035156 955.074340820312 955.173095703125 957.349304199219 954.98388671875 947.299987792969 950.222045898438 953.35400390625 959.994445800781 950.202819824219 951.720642089844 954.574462890625
