data/zlatibor_dem_simulations/DEMsim40.asc
NCOLS 150
NROWS 100
XLLCORNER 7394249
YLLCORNER 4841999
CELLSIZE 30
NODATA_VALUE -9999
[rows 60 to 79 of 100, columns 0 to 45 of 150]
959.066345214844 951.611389160156 964.02685546875 973.198120117188 968.19775390625 968.341186523438 971.098449707031 972.329956054688 964.848388671875 963.838928222656 963.899597167969 961.778259277344 961.106567382812 957.136840820312 967.139099121094 969.869323730469 965.149230957031 961.792419433594 968.682922363281 955.550659179688 951.287231445312 944.644897460938 947.100830078125 947.369079589844 945.465454101562 947.799194335938 956.175231933594 947.839965820312 946.523681640625 944.920776367188 941.919311523438 944.119567871094 947.17041015625 949.71240234375 948.915283203125 950.888610839844 956.702819824219 951.22607421875 952.630859375 951.842041015625 945.37890625 947.984069824219 945.4033203125 945.670776367188 945.675720214844 947.096557617188
959.898986816406 960.593994140625 962.795715332031 969.971008300781 963.968872070312 965.265197753906 970.803039550781 963.756103515625 970.119506835938 965.025268554688 954.842895507812 964.254150390625 965.583801269531 968.3125 973.083862304688 975.629150390625 967.024719238281 957.649108886719 960.418518066406 961.150817871094 947.8408203125 943.943664550781 949.833862304688 948.163696289062 945.613464355469 947.019958496094 949.570922851562 954.995239257812 952.206176757812 949.366027832031 947.278869628906 949.109924316406 945.416564941406 958.189270019531 951.336181640625 950.037353515625 954.946105957031 952.590270996094 949.526184082031 946.8251953125 939.745178222656 948.100463867188 956.15283203125 953.241882324219 952.096984863281 955.215026855469
945.8564453125 961.055358886719 966.458374023438 962.74951171875 957.041015625 968.782531738281 979.495666503906 972.537902832031 966.131164550781 964.262939453125 961.329040527344 965.194396972656 955.849182128906 971.14404296875 976.021789550781 973.048828125 956.925354003906 957.205993652344 955.433532714844 953.352905273438 946.987426757812 942.015991210938 955.182922363281 947.43994140625 939.861328125 942.754272460938 952.848815917969 954.336547851562 953.073425292969 943.797912597656 944.230712890625 940.791015625 947.968505859375 944.532104492188 952.995666503906 952.77392578125 951.068176269531 956.508666992188 961.270202636719 948.054260253906 946.210876464844 950.707946777344 949.834533691406 957.330139160156 958.425109863281 957.903137207031
948.947082519531 962.089538574219 964.705688476562 966.336364746094 959.446166992188 960.408142089844 965.900146484375 963.429626464844 962.351257324219 951.052856445312 959.885009765625 957.107360839844 960.572570800781 960.961181640625 960.848449707031 962.540954589844 955.458862304688 946.741394042969 948.362915039062 945.47265625 945.372314453125 945.397705078125 941.223327636719 942.106323242188 945.035461425781 939.245727539062 939.411010742188 947.317138671875 939.039123535156 936.750305175781 941.813903808594 948.505004882812 951.65673828125 956.00439453125 950.512756347656 960.77978515625 964.055603027344 963.564575195312 948.0146484375 947.929931640625 952.787658691406 960.621398925781 957.151184082031 963.610229492188 958.885986328125 962.449157714844
953.790588378906 961.817138671875 960.566223144531 958.241149902344 962.483337402344 951.403137207031 963.776245117188 967.6962890625 962.88330078125 950.100341796875 948.533569335938 949.615966796875 951.659545898438 950.876159667969 945.135986328125 945.259887695312 950.102600097656 949.8603515625 935.909423828125 948.037902832031 945.258361816406 941.213745117188 939.103942871094 939.038940429688 938.073425292969 932.882934570312 933.795837402344 945.269287109375 944.671508789062 940.983154296875 945.195739746094 945.849975585938 944.400024414062 951.405334472656 950.885437011719 960.625854492188 958.527282714844 947.306701660156 948.634094238281 948.578369140625 947.87255859375 958.27685546875 961.358154296875 967.974060058594 978.869384765625 963.868591308594
951.865966796875 950.855773925781 959.8857421875 957.530944824219 958.567626953125 958.357055664062 960.608154296875 962.658569335938 956.345520019531 942.433288574219 941.202392578125 939.467224121094 945.411987304688 947.254211425781 940.279357910156 938.506774902344 944.800170898438 941.574645996094 941.559326171875 938.978088378906 949.264587402344 940.26025390625 947.028991699219 946.560729980469 938.263000488281 935.228393554688 938.266052246094 947.78076171875 952.525451660156 949.394653320312 952.582214355469 952.880126953125 947.685791015625 948.419006347656 956.552917480469 957.090637207031 956.703918457031 947.958618164062 942.098388671875 947.246276855469 948.387817382812 961.654418945312 959.050354003906 967.676025390625 972.682678222656 973.125122070312
949.884216308594 941.684265136719 948.804931640625 948.2822265625 960.886962890625 963.5673828125 954.921691894531 955.888916015625 954.16015625 946.078979492188 944.538513183594 940.656921386719 947.369018554688 949.149108886719 938.497436523438 939.90087890625 945.446105957031 944.471618652344 950.820983886719 942.87744140625 947.509704589844 944.164855957031 940.525634765625 947.856201171875 939.743530273438 938.475463867188 938.669067382812 941.88037109375 957.602233886719 965.6259765625 955.8330078125 950.8330078125 951.048767089844 948.236328125 950.992553710938 957.985534667969 954.703369140625 944.908386230469 935.577758789062 944.795959472656 948.292785644531 960.122009277344 959.864318847656 968.016540527344 972.732727050781 968.632568359375
937.245239257812 942.574829101562 949.546081542969 951.32080078125 953.593566894531 956.654479980469 952.998229980469 957.734191894531 948.539428710938 944.388671875 938.169250488281 932.205200195312 934.066467285156 944.279174804688 947.692626953125 950.206604003906 962.462585449219 953.902893066406 953.162109375 959.671508789062 949.120361328125 948.549011230469 952.547546386719 951.588439941406 939.876647949219 947.679870605469 950.534606933594 945.31396484375 960.666870117188 966.303771972656 964.506958007812 953.074340820312 951.507141113281 951.821472167969 948.551086425781 958.362854003906 951.028259277344 948.216796875 949.157287597656 954.74365234375 961.342468261719 968.538696289062 962.311401367188 958.556945800781 970.903381347656 972.416442871094
949.769409179688 937.935424804688 940.297241210938 945.321899414062 945.865051269531 941.503173828125 949.477905273438 951.671875 948.528503417969 932.107971191406 939.9658203125 942.035522460938 941.596618652344 952.182556152344 960.411010742188 967.537475585938 971.84814453125 963.378295898438 952.709106445312 960.765808105469 961.653198242188 959.642028808594 955.406372070312 958.572570800781 950.955139160156 949.494140625 948.735412597656 961.13916015625 959.430786132812 957.335510253906 959.748352050781 956.255432128906 956.374206542969 955.181945800781 957.65771484375 959.535034179688 958.675537109375 953.682373046875 952.082153320312 957.715515136719 959.987426757812 965.177978515625 965.984558105469 966.328002929688 979.125854492188 974.904357910156
955.560241699219 954.838439941406 943.458251953125 948.556579589844 943.753051757812 949.147399902344 943.952209472656 942.138488769531 937.80908203125 936.424255371094 943.016662597656 945.3564453125 955.88720703125 956.042724609375 961.675415039062 963.840148925781 962.8408203125 961.716369628906 959.131713867188 965.375061035156 972.276733398438 968.649108886719 967.492614746094 959.063720703125 961.475402832031 963.894958496094 954.749755859375 953.761169433594 952.901062011719 958.466064453125 963.357177734375 959.946044921875 963.812683105469 956.0341796875 956.283752441406 959.03564453125 961.171997070312 953.588989257812 960.680297851562 959.302856445312 971.319396972656 970.316467285156 968.018676757812 969.258850097656 973.657348632812 970.963317871094
951.930725097656 955.523742675781 950.128295898438 947.047912597656 941.20361328125 947.323547363281 940.769287109375 937.313842773438 933.4599609375 937.037536621094 940.126281738281 951.165771484375 957.1962890625 960.180969238281 963.462890625 970.750549316406 966.88232421875 961.16064453125 957.307983398438 963.346923828125 971.536743164062 970.619934082031 971.739135742188 970.791442871094 964.803894042969 955.813842773438 958.368347167969 954.704711914062 955.633666992188 958.589660644531 969.249389648438 962.557250976562 959.675598144531 966.857666015625 961.897338867188 967.763488769531 974.435546875 968.085998535156 964.772155761719 971.5673828125 972.178894042969 979.079528808594 972.110168457031 978.248168945312 986.195068359375 980.208129882812
947.563598632812 949.288513183594 950.494873046875 955.074523925781 943.6171875 939.041809082031 936.410095214844 928.954528808594 929.536254882812 928.199768066406 942.257751464844 952.320190429688 954.424865722656 963.094360351562 972.018859863281 976.901062011719 967.708923339844 972.720031738281 964.509460449219 967.993041992188 971.782104492188 979.396667480469 975.17578125 967.61083984375 966.188659667969 963.329345703125 958.602905273438 971.076599121094 961.597717285156 963.808532714844 962.325134277344 971.042602539062 972.184814453125 972.106567382812 970.661804199219 975.284423828125 980.851745605469 975.559265136719 969.209777832031 969.323364257812 978.979431152344 981.152648925781 978.304992675781 983.710693359375 990.559997558594 990.909606933594
943.413208007812 941.975769042969 940.718017578125 945.996398925781 945.779968261719 939.929138183594 936.105407714844 935.541687011719 929.510192871094 936.303527832031 956.279235839844 961.737854003906 965.2470703125 964.853881835938 973.058837890625 966.836364746094 967.815246582031 966.478698730469 962.550659179688 967.164611816406 972.377014160156 975.130676269531 983.062377929688 974.226745605469 971.658020019531 973.352783203125 963.979614257812 969.492614746094 968.833557128906 974.1806640625 970.911437988281 977.529541015625 977.325866699219 981.093688964844 974.446533203125 984.233642578125 979.721862792969 972.963989257812 976.623046875 976.334899902344 984.651184082031 989.161926269531 987.52978515625 993.210144042969 996.134704589844 996.195007324219
926.142578125 935.773559570312 939.268005371094 934.935546875 936.642395019531 940.240112304688 942.121276855469 937.508178710938 944.301574707031 943.557861328125 959.348510742188 963.734985351562 968.931091308594 975.895812988281 970.126403808594 970.458129882812 976.261535644531 974.560302734375 978.267150878906 972.397155761719 977.210266113281 986.564575195312 993.314636230469 980.869018554688 975.567321777344 975.867309570312 976.004089355469 981.238342285156 979.635498046875 983.09814453125 977.41796875 976.80810546875 987.273193359375 980.583984375 974.080322265625 977.418029785156 974.388305664062 968.900451660156 976.046936035156 989.955993652344 992.010559082031 992.827270507812 996.678405761719 997.136047363281 994.13037109375 997.892944335938
931.244323730469 931.92626953125 933.9267578125 932.347534179688 931.079833984375 933.246704101562 936.414245605469 940.309753417969 948.823120117188 954.5439453125 962.752075195312 963.675720214844 976.043823242188 976.765991210938 972.519714355469 973.31103515625 979.800964355469 975.419372558594 979.372741699219 983.025817871094 980.530822753906 982.562133789062 992.677429199219 986.045776367188 985.248901367188 981.121032714844 977.069030761719 987.248596191406 974.04296875 975.075805664062 977.930969238281 989.440612792969 989.529541015625 985.5830078125 987.575134277344 976.235900878906 979.868957519531 981.491882324219 984.113403320312 985.731689453125 992.641418457031 995.136047363281 1001.15515136719 1003.91900634766 1011.81878662109 1010.66058349609
930.058715820312 925.903625488281 924.294494628906 935.327453613281 927.813415527344 934.935180664062 936.766662597656 942.756103515625 945.108337402344 952.544616699219 956.619873046875 961.388366699219 971.449096679688 981.18603515625 970.805541992188 972.737976074219 979.694396972656 973.355773925781 971.275817871094 973.846801757812 982.97216796875 981.313903808594 988.208190917969 987.036071777344 987.685363769531 983.287109375 975.657836914062 976.264099121094 964.869506835938 968.453430175781 974.623474121094 985.770141601562 989.407653808594 989.075378417969 993.296203613281 994.232360839844 995.488403320312 985.44189453125 993.467590332031 993.825805664062 1002.43841552734 994.884399414062 1002.13256835938 1008.19372558594 1017.18444824219 1023.65423583984
930.987243652344 919.826477050781 922.129821777344 924.381469726562 926.843139648438 934.010314941406 941.350891113281 946.332336425781 951.946166992188 950.425964355469 951.912963867188 957.859802246094 967.008544921875 972.237182617188 967.752624511719 974.571350097656 970.54833984375 967.918762207031 983.826538085938 974.403198242188 978.927612304688 983.781311035156 998.280334472656 1000.75762939453 989.400451660156 986.186279296875 978.328918457031 973.388427734375 968.084899902344 971.816772460938 975.4599609375 979.732604980469 985.565002441406 994.493041992188 998.208068847656 997.53759765625 996.919006347656 996.705383300781 991.421325683594 999.341064453125 998.39599609375 1000.59161376953 999.043579101562 1003.88616943359 1015.13836669922 1016.60113525391
922.37744140625 932.302978515625 924.538146972656 934.092163085938 923.377990722656 930.310791015625 939.159729003906 945.283996582031 953.417053222656 952.349670410156 954.2080078125 954.883117675781 959.550231933594 974.351013183594 972.308532714844 975.962585449219 980.287719726562 967.484497070312 974.59228515625 974.142456054688 989.442749023438 995.038452148438 998.045227050781 994.373107910156 998.971496582031 995.315002441406 981.068664550781 973.5390625 965.906677246094 972.437561035156 972.726501464844 973.738586425781 979.616027832031 982.623474121094 987.656921386719 990.858520507812 985.504516601562 991.744445800781 1000.94207763672 1006.37585449219 993.188293457031 995.055847167969 998.272766113281 1004.65417480469 1005.73901367188 1011.99841308594
929.842407226562 932.052551269531 932.641662597656 942.178588867188 943.555847167969 945.530883789062 935.808715820312 943.422058105469 949.593505859375 954.141418457031 954.576171875 951.432800292969 956.188232421875 967.431884765625 974.178405761719 978.259826660156 987.814819335938 972.012023925781 972.064086914062 970.702697753906 981.55908203125 992.7060546875 1000.84649658203 1001.02685546875 996.886474609375 1001.00695800781 986.408935546875 972.816467285156 978.29931640625 978.85888671875 977.940612792969 976.990844726562 983.728820800781 978.531921386719 986.086547851562 988.065551757812 987.194274902344 983.954895019531 998.374267578125 1009.048828125 1003.03668212891 996.956115722656 996.395874023438 1011.01849365234 1008.91168212891 1003.87854003906
921.138671875 929.105041503906 938.390441894531 933.375427246094 943.933471679688 945.424499511719 937.634948730469 948.786071777344 955.291076660156 965.372253417969 955.360534667969 949.058288574219 959.667358398438 969.180297851562 977.742736816406 979.026672363281 979.588012695312 976.901794433594 977.344177246094 973.542724609375 986.289306640625 993.173278808594 993.703308105469 1002.58068847656 1003.03460693359 997.460388183594 985.253723144531 976.503295898438 978.686401367188 980.327331542969 983.14208984375 980.76416015625 987.038452148438 984.664794921875 989.626098632812 989.789123535156 985.288635253906 982.167053222656 997.803466796875 1005.380859375 999.129760742188 1003.6455078125 997.37548828125 1002.52484130859 998.521179199219 997.067077636719
