data/zlatibor_dem_simulations/DEMsim99.asc
NCOLS 150
NROWS 100
XLLCORNER 7394249
YLLCORNER 4841999
CELLSIZE 30
NODATA_VALUE -9999
[rows 0 to 19 of 100, columns 46 to 91 of 150]
993.365051269531 999.484802246094 997.261291503906 999.23095703125 995.195678710938 984.387634277344 977.735717773438 965.10009765625 964.398803710938 963.316711425781 968.529174804688 959.513793945312 962.297058105469 957.426025390625 956.92431640625 948.929443359375 933.758666992188 931.329345703125 918.617370605469 905.858093261719 909.673706054688 908.268432617188 919.895324707031 909.487915039062 903.842407226562 911.689880371094 915.011901855469 928.832763671875 927.456176757812 935.948364257812 940.555480957031 947.013244628906 944.552612304688 965.179931640625 967.611206054688 955.278747558594 968.262939453125 967.441040039062 963.280090332031 965.444580078125 967.104248046875 954.515563964844 949.715454101562 938.284362792969 927.390075683594 935.374206542969
1000.51599121094 992.036987304688 1003.63317871094 1009.06976318359 989.642761230469 987.393005371094 983.794799804688 969.2783203125 964.240478515625 958.205383300781 967.943603515625 969.544006347656 959.038024902344 954.611083984375 956.01708984375 946.884704589844 935.615051269531 933.900756835938 920.881225585938 908.624755859375 899.923583984375 904.186279296875 917.380615234375 920.702331542969 916.126342773438 923.674133300781 925.380187988281 933.995727539062 938.247497558594 948.498962402344 961.608825683594 963.220275878906 966.58837890625 977.350708007812 979.593383789062 969.81494140625 974.764404296875 963.996948242188 971.440612792969 966.259216308594 963.3828125 958.131042480469 944.827209472656 942.487487792969 928.774475097656 931.21435546875
1009.51788330078 1003.84893798828 1010.03149414062 1004.40673828125 987.877990722656 990.700744628906 982.564331054688 972.752807617188 962.304626464844 959.319763183594 958.003051757812 968.897338867188 958.732788085938 958.105407714844 958.429626464844 950.674743652344 944.268005371094 926.054992675781 923.314208984375 913.03271484375 904.700805664062 913.775817871094 915.641845703125 923.815246582031 917.548889160156 926.158508300781 935.244140625 947.021362304688 943.118835449219 956.997436523438 973.032897949219 968.996887207031 972.960571289062 984.294494628906 989.758972167969 993.273010253906 991.809936523438 969.604736328125 967.713134765625 958.130249023438 950.529235839844 958.160278320312 945.655517578125 933.179748535156 932.451110839844 930.964477539062
1015.28393554688 1006.22845458984 1008.80688476562 1003.72729492188 995.337524414062 990.671081542969 985.182678222656 971.565063476562 959.671264648438 962.284545898438 961.965881347656 959.713989257812 965.019409179688 964.177185058594 966.516479492188 959.958679199219 943.568542480469 930.100891113281 930.372436523438 925.52294921875 918.307800292969 924.06201171875 919.387939453125 926.583740234375 928.1689453125 934.324523925781 945.76806640625 946.570556640625 955.401245117188 968.020751953125 975.562255859375 975.557678222656 981.891296386719 986.3515625 994.279418945312 996.568237304688 997.699157714844 981.847534179688 964.503234863281 957.246765136719 955.365844726562 954.466918945312 949.27734375 944.530029296875 938.973510742188 929.891784667969
1018.73968505859 1011.76959228516 997.820861816406 1001.38952636719 990.064636230469 984.769104003906 983.233032226562 973.991821289062 971.451477050781 962.715454101562 963.424987792969 966.410278320312 972.326599121094 970.293884277344 969.8134765625 962.913818359375 953.023193359375 943.864685058594 937.258850097656 935.571044921875 935.020446777344 942.209716796875 939.849060058594 933.592529296875 936.130187988281 947.583068847656 954.823547363281 960.096069335938 954.551025390625 975.895324707031 980.983215332031 981.109619140625 991.298095703125 994.778259277344 1003.58288574219 1008.06463623047 988.815246582031 978.496704101562 964.286254882812 957.783142089844 949.305603027344 953.966186523438 957.350524902344 946.924377441406 939.90283203125 933.804382324219
1009.76666259766 1005.90454101562 1001.63494873047 1001.93383789062 991.502685546875 992.606872558594 992.67919921875 983.281677246094 976.673095703125 972.477478027344 969.155151367188 970.216003417969 983.838806152344 974.574890136719 972.755004882812 969.791442871094 963.260314941406 960.689819335938 956.016906738281 947.058471679688 943.756042480469 958.52001953125 947.750305175781 951.909912109375 950.912536621094 954.651611328125 961.919799804688 971.568725585938 971.797790527344 975.438537597656 984.503112792969 991.72900390625 1000.32702636719 1003.41607666016 1018.94165039062 1017.4453125 1002.16778564453 979.456298828125 975.400024414062 960.015441894531 961.605346679688 956.091003417969 944.659240722656 944.615051269531 937.578125 935.504333496094
1004.26965332031 1004.77026367188 1001.51953125 994.763977050781 1004.37060546875 1004.25567626953 997.82421875 992.796142578125 985.754211425781 986.732421875 983.583374023438 974.312805175781 982.540832519531 971.113098144531 971.509094238281 982.887390136719 982.147888183594 977.801147460938 963.58837890625 966.710205078125 959.423461914062 969.285461425781 964.317932128906 969.499877929688 965.32763671875 964.918762207031 971.179382324219 970.817993164062 975.565551757812 986.175354003906 988.572509765625 1002.37292480469 1008.25366210938 1013.13421630859 1013.97778320312 1018.57281494141 1008.11474609375 992.005554199219 977.713989257812 959.146606445312 959.222595214844 959.28662109375 949.900207519531 933.781066894531 930.884399414062 931.204284667969
1011.03826904297 1000.45941162109 1001.60113525391 998.139892578125 999.908752441406 998.132934570312 1004.72863769531 992.359069824219 995.983032226562 993.99267578125 997.705017089844 988.603332519531 988.709289550781 977.529846191406 983.967407226562 978.600036621094 986.157043457031 988.840026855469 974.950073242188 963.242248535156 967.640930175781 974.440063476562 973.049011230469 980.883972167969 969.876281738281 973.709899902344 972.807434082031 974.724792480469 979.349548339844 988.779602050781 1000.39300537109 1010.265625 1008.96356201172 1013.04412841797 1024.099609375 1015.81701660156 998.6025390625 984.648315429688 975.737121582031 960.672790527344 961.106140136719 964.2373046875 954.575622558594 933.69140625 923.920715332031 919.371948242188
1008.44451904297 1010.17401123047 1007.42736816406 1006.72680664062 1009.62414550781 1004.00213623047 1002.65515136719 1008.92224121094 1010.90496826172 1009.58111572266 999.574829101562 996.155029296875 996.996643066406 997.568420410156 991.744201660156 989.350036621094 989.048522949219 982.993774414062 982.766784667969 972.732116699219 973.585266113281 979.761840820312 988.341857910156 984.8798828125 987.047241210938 978.857971191406 982.916137695312 975.831604003906 981.309448242188 995.473815917969 1013.14819335938 1016.74127197266 1021.11950683594 1024.56665039062 1020.20758056641 1017.12811279297 996.680297851562 983.826782226562 962.627868652344 961.909545898438 955.931457519531 959.768676757812 948.14697265625 939.943908691406 925.221374511719 927.464721679688
1012.52191162109 1003.95233154297 1002.60510253906 998.745300292969 1000.92565917969 1009.22979736328 1007.50750732422 1019.09991455078 1014.88171386719 1018.39093017578 1009.61669921875 998.006591796875 996.833618164062 1008.17864990234 997.723022460938 988.742553710938 986.210693359375 981.935302734375 976.148864746094 970.259155273438 973.750915527344 983.023864746094 988.133605957031 997.203430175781 997.480163574219 990.534912109375 986.716735839844 990.533264160156 986.100158691406 1000.00500488281 1019.29553222656 1030.97119140625 1028.79113769531 1027.57580566406 1031.341796875 1016.66918945312 1003.84405517578 983.992858886719 966.1953125 955.615539550781 949.290405273438 950.259094238281 944.062377929688 934.803039550781 931.74853515625 938.834167480469
1014.71752929688 1004.42517089844 1013.77569580078 1006.09222412109 1010.4541015625 1011.18859863281 1010.62756347656 1012.72308349609 1011.68920898438 1011.65447998047 1008.13024902344 1007.57012939453 1003.05395507812 1006.05444335938 1006.88525390625 991.659851074219 989.845031738281 985.6533203125 986.711853027344 984.984802246094 975.085327148438 981.0849609375 990.307006835938 996.140563964844 997.130432128906 995.734497070312 999.242004394531 990.935607910156 994.353576660156 1009.04034423828 1020.18383789062 1023.2255859375 1024.34985351562 1028.35876464844 1020.78576660156 1010.22009277344 998.23046875 987.036376953125 972.367614746094 963.184387207031 958.4775390625 949.281066894531 944.217468261719 937.438659667969 934.613586425781 945.644836425781
1005.29364013672 1007.58081054688 1010.2265625 1010.01794433594 1009.64935302734 1009.59790039062 1009.86810302734 1014.03997802734 1016.01940917969 1010.68615722656 1001.21228027344 1004.89337158203 1015.84405517578 1009.36529541016 1005.30682373047 1002.271484375 1004.80169677734 1000.9306640625 994.673034667969 992.052917480469 992.258483886719 991.541381835938 993.496215820312 997.351135253906 996.577209472656 998.998352050781 994.702453613281 994.948425292969 993.897766113281 1012.51190185547 1024.6630859375 1028.23889160156 1028.97570800781 1023.35461425781 1019.37249755859 1011.76098632812 995.452758789062 985.050354003906 979.444885253906 969.625061035156 958.998291015625 954.541809082031 952.646911621094 947.685791015625 939.631652832031 942.588073730469
1008.77935791016 1013.34039306641 1009.73004150391 1009.47760009766 1003.20361328125 1010.26336669922 1007.85986328125 1005.18481445312 1015.06774902344 1011.64526367188 1009.63696289062 1013.45050048828 1014.03295898438 1016.47595214844 1011.97229003906 1014.89782714844 1012.31427001953 1007.22222900391 1000.82861328125 994.691162109375 986.038757324219 994.397521972656 1002.23492431641 993.312927246094 991.795043945312 997.142150878906 987.450561523438 994.803833007812 1009.7939453125 1020.51330566406 1031.07568359375 1042.61059570312 1031.81787109375 1026.06591796875 1017.83563232422 1014.30285644531 1010.52337646484 986.159057617188 985.754760742188 969.328979492188 962.5712890625 956.898498535156 956.350341796875 946.48388671875 948.281433105469 941.599853515625
1014.32110595703 1019.53680419922 1016.14532470703 1001.42730712891 1003.70275878906 1007.19622802734 1006.16156005859 1006.69024658203 1008.63165283203 1004.42401123047 1010.27508544922 1022.58923339844 1013.79577636719 1017.45416259766 1011.03259277344 1012.87219238281 1017.87121582031 1012.91418457031 999.548828125 997.922180175781 998.838989257812 993.967102050781 988.729431152344 990.461303710938 994.534790039062 996.200561523438 1000.07110595703 1006.90551757812 1012.7470703125 1020.93951416016 1028.01391601562 1033.6103515625 1034.06140136719 1032.83947753906 1024.19140625 1019.82672119141 1018.24273681641 1004.58764648438 993.046142578125 984.385498046875 972.795715332031 962.445678710938 959.443481445312 942.862060546875 941.653991699219 944.843566894531
1022.72839355469 1023.18627929688 1023.69378662109 1016.62164306641 1004.9873046875 1006.24163818359 1012.13824462891 1001.31762695312 1005.19842529297 1007.11767578125 1012.69744873047 1011.46337890625 1012.51782226562 1018.02423095703 1010.82458496094 1020.39385986328 1013.77838134766 1022.70355224609 1010.67590332031 997.116882324219 1002.72064208984 992.709106445312 995.426391601562 993.842529296875 989.479614257812 1003.27331542969 995.38916015625 999.308837890625 1017.63275146484 1025.7158203125 1026.32360839844 1032.19970703125 1039.03454589844 1036.14770507812 1031.83959960938 1026.46826171875 1026.31127929688 1014.80517578125 1001.91650390625 995.041381835938 979.499572753906 969.764465332031 956.175842285156 933.841735839844 945.709533691406 942.26416015625
1038.38134765625 1031.37719726562 1024.51123046875 1022.94519042969 1021.14447021484 1006.99792480469 1009.60540771484 1007.72790527344 1015.72192382812 1018.88067626953 1017.49389648438 1012.11651611328 1008.52178955078 1011.72302246094 1012.0986328125 1015.98712158203 1023.42309570312 1020.25378417969 1013.77978515625 1018.87475585938 1006.43139648438 999.485961914062 998.001525878906 996.118713378906 990.99658203125 1000.66766357422 997.454956054688 1006.06939697266 1019.05261230469 1015.51702880859 1019.84600830078 1032.1728515625 1037.32666015625 1037.59790039062 1036.73364257812 1032.30725097656 1030.43408203125 1018.34448242188 1007.439453125 993.095458984375 982.454162597656 976.328918457031 956.547607421875 951.330810546875 939.012084960938 944.555236816406
1034.00561523438 1031.38232421875 1020.76104736328 1010.71234130859 1019.19586181641 1020.46643066406 1015.60247802734 1005.49645996094 1005.63336181641 1008.09423828125 1005.47106933594 1012.83343505859 1017.09136962891 1022.2099609375 1017.6328125 1026.42163085938 1039.18603515625 1028.56188964844 1034.66796875 1027.1103515625 1009.70538330078 1004.17205810547 1000.37084960938 1000.40832519531 1006.08764648438 1010.15734863281 999.446044921875 1014.07385253906 1017.90057373047 1030.22302246094 1018.85766601562 1016.50482177734 1018.97131347656 1030.5859375 1037.51513671875 1036.50219726562 1031.66296386719 1024.89721679688 1010.68933105469 998.950561523438 995.247436523438 983.015319824219 971.638732910156 956.814331054688 947.100341796875 946.954223632812
1028.17565917969 1024.296875 1023.15222167969 1016.78796386719 1020.69036865234 1017.15905761719 1012.96569824219 1004.47619628906 1000.88623046875 1006.51501464844 1003.50964355469 1010.42669677734 1011.7314453125 1010.76861572266 1022.52233886719 1026.49536132812 1034.51867675781 1027.87622070312 1033.97619628906 1019.91497802734 1014.95043945312 1010.23883056641 1004.90869140625 1010.84661865234 1020.140625 1016.49084472656 1018.87609863281 1018.63464355469 1023.07354736328 1015.26647949219 1019.11010742188 1019.46447753906 1023.00885009766 1030.19384765625 1034.59899902344 1036.85461425781 1028.91845703125 1019.00628662109 1028.28210449219 1010.87097167969 1001.64361572266 979.242370605469 971.061157226562 968.9931640625 958.582336425781 959.13623046875
1033.49682617188 1029.08532714844 1012.25756835938 1015.04217529297 1008.97943115234 1017.77301025391 1007.14190673828 1006.17529296875 1001.30859375 1008.11309814453 1000.13543701172 995.473937988281 1000.02490234375 1006.69891357422 1010.72418212891 1023.21588134766 1027.443359375 1028.61291503906 1029.85852050781 1023.27807617188 1022.94226074219 1019.96905517578 1012.47973632812 1024.98608398438 1021.82330322266 1021.99108886719 1023.60998535156 1015.49493408203 1030.15649414062 1018.58819580078 1015.931640625 1016.9794921875 1024.71606445312 1021.8720703125 1025.23742675781 1031.74523925781 1027.72900390625 1026.27563476562 1023.03277587891 1012.97125244141 1001.40118408203 979.632202148438 968.114868164062 975.563842773438 970.815185546875 972.922485351562
1030.74597167969 1018.56176757812 1014.14819335938 1005.16271972656 1000.98309326172 1005.14172363281 1006.22515869141 1002.72216796875 1000.1923828125 989.967102050781 986.604370117188 992.788513183594 989.731872558594 995.973999023438 1008.77789306641 1022.66082763672 1033.4013671875 1033.29895019531 1026.25354003906 1027.87023925781 1028.85144042969 1021.09802246094 1031.13415527344 1035.1357421875 1023.04821777344 1025.12976074219 1018.84100341797 1017.55053710938 1020.25598144531 1023.83514404297 1021.44012451172 1018.70556640625 1022.57287597656 1023.76489257812 1024.4296875 1025.34582519531 1030.9423828125 1028.02465820312 1020.58459472656 1008.44665527344 992.266357421875 979.706237792969 974.213989257812 977.929443359375 979.081848144531 980.385009765625
