data/zlatibor_dem_simulations/DEMsim44.asc
NCOLS 150
NROWS 100
XLLCORNER 7394249
YLLCORNER 4841999
CELLSIZE 30
NODATA_VALUE -9999
[rows 60 to 79 of 100, columns 46 to 91 of 150]
939.283508300781 952.768798828125 953.926818847656 951.531982421875 948.120361328125 954.964416503906 953.982116699219 960.879211425781 959.782897949219 951.733337402344 952.150268554688 954.670532226562 959.551635742188 957.022705078125 967.309509277344 964.684204101562 968.393981933594 966.167236328125 963.403991699219 961.212585449219 966.706237792969 956.7431640625 955.437622070312 965.461730957031 956.825073242188 964.15283203125 968.321166992188 963.953491210938 965.0068359375 976.000915527344 967.403259277344 971.386657714844 969.491577148438 966.681945800781 972.028686523438 969.512451171875 966.677124023438 966.588439941406 964.367919921875 960.588562011719 964.191040039062 970.300537109375 968.413452148438 966.535522460938 963.919799804688 970.089416503906
954.415466308594 947.067932128906 954.015747070312 951.7626953125 955.56787109375 951.922424316406 959.872802734375 953.65283203125 957.4658203125 961.486999511719 956.3076171875 954.578552246094 960.614807128906 961.297180175781 957.77734375 958.180847167969 972.244140625 971.080261230469 961.8330078125 960.302917480469 974.570129394531 959.958374023438 959.157409667969 964.739685058594 965.114440917969 967.230285644531 976.712463378906 973.153259277344 968.822021484375 981.820678710938 975.2939453125 972.614501953125 973.828308105469 972.888061523438 970.344482421875 967.431579589844 966.144348144531 968.126586914062 972.316040039062 969.480346679688 972.331604003906 970.187622070312 967.770690917969 966.850402832031 964.912475585938 970.371398925781
943.988525390625 953.269409179688 955.530639648438 945.51708984375 945.6279296875 959.833984375 950.49609375 959.234375 964.346069335938 963.612609863281 957.937377929688 958.317077636719 966.806396484375 970.670288085938 968.935241699219 969.002197265625 976.855041503906 975.40576171875 967.976867675781 967.816040039062 974.173278808594 974.008850097656 967.866394042969 971.369567871094 973.697937011719 979.033142089844 969.310302734375 974.191040039062 983.819152832031 973.236877441406 973.419677734375 966.217407226562 976.44921875 972.549621582031 970.465454101562 967.928039550781 964.704895019531 966.074523925781 964.882629394531 962.556396484375 968.365905761719 973.375427246094 972.778015136719 977.563537597656 971.975402832031 967.544982910156
955.767028808594 956.407592773438 949.208801269531 949.805847167969 942.526733398438 947.747253417969 964.874145507812 956.911010742188 964.009399414062 968.460998535156 958.084350585938 968.849182128906 980.758850097656 984.789916992188 979.53173828125 976.227966308594 977.847106933594 973.455993652344 970.956298828125 977.811340332031 975.837707519531 975.632385253906 969.877075195312 978.214416503906 973.474853515625 967.335693359375 964.064514160156 966.260314941406 965.409912109375 968.235717773438 965.03564453125 970.607177734375 966.348266601562 969.32421875 969.734497070312 963.983825683594 964.757873535156 973.443542480469 965.479187011719 974.614440917969 982.478881835938 982.500610351562 984.405578613281 976.090881347656 969.638977050781 970.53076171875
959.323974609375 959.95849609375 954.561401367188 954.352844238281 942.207641601562 952.523620605469 964.736206054688 962.47265625 967.382507324219 967.402587890625 965.257995605469 970.457641601562 972.867919921875 967.419677734375 980.569946289062 969.626586914062 967.553283691406 973.941650390625 972.784545898438 974.705932617188 975.705322265625 976.278259277344 976.353454589844 979.256286621094 981.83984375 982.753295898438 972.45947265625 962.877258300781 970.598022460938 972.67626953125 963.946899414062 970.685180664062 976.131713867188 979.645385742188 981.164855957031 976.246337890625 978.983276367188 970.474304199219 967.478393554688 979.910217285156 991.001159667969 995.007385253906 979.628173828125 974.917846679688 972.861877441406 962.23974609375
956.1171875 957.036437988281 958.979614257812 957.421569824219 955.760803222656 967.243469238281 958.075134277344 967.414794921875 969.420837402344 969.446228027344 965.942016601562 963.976684570312 967.707458496094 972.455139160156 970.51904296875 964.019836425781 963.063842773438 966.246154785156 962.665588378906 974.036437988281 978.157653808594 978.455993652344 976.786926269531 974.758850097656 978.36669921875 978.586791992188 991.390686035156 987.786804199219 980.607482910156 975.969848632812 975.530883789062 978.887451171875 984.408264160156 984.612548828125 976.882690429688 972.629028320312 977.291931152344 976.262878417969 980.889892578125 992.024291992188 997.075256347656 994.896545410156 993.036743164062 977.514282226562 969.751098632812 972.093505859375
967.843200683594 968.144592285156 967.98388671875 974.696350097656 972.271240234375 983.669860839844 975.0234375 965.634582519531 971.206115722656 973.302795410156 966.263427734375 969.6875 967.491760253906 967.239074707031 968.923767089844 958.124755859375 961.789123535156 961.928894042969 965.676940917969 972.733276367188 969.231384277344 967.834045410156 975.858703613281 969.379150390625 975.393371582031 981.242370605469 988.187927246094 992.063293457031 988.143737792969 973.355041503906 983.864379882812 984.170043945312 973.002319335938 981.726440429688 981.535522460938 974.952392578125 988.084228515625 980.375549316406 978.470581054688 993.450744628906 988.913146972656 990.830810546875 987.485107421875 980.202209472656 984.8115234375 979.702758789062
978.363342285156 972.746948242188 974.557800292969 986.315734863281 989.543640136719 988.776977539062 979.899963378906 977.174072265625 982.623596191406 981.200378417969 970.098388671875 976.74072265625 973.183532714844 977.908569335938 969.892639160156 960.041137695312 955.560180664062 961.31689453125 958.922729492188 970.703125 971.516540527344 970.166442871094 963.3466796875 962.591003417969 969.946472167969 986.163635253906 991.318969726562 989.038635253906 983.490844726562 977.377807617188 978.691101074219 985.390686035156 981.89404296875 975.005859375 976.219665527344 987.558715820312 984.917419433594 987.625671386719 984.036743164062 983.843383789062 991.970275878906 989.870239257812 982.152526855469 974.164611816406 977.568420410156 977.753967285156
974.568054199219 976.556945800781 991.40771484375 994.925903320312 995.242797851562 985.461364746094 986.000305175781 977.407897949219 974.397338867188 982.991149902344 976.191223144531 968.650207519531 974.378051757812 976.870849609375 980.381408691406 969.375610351562 969.848571777344 967.515380859375 961.558471679688 963.605712890625 968.592590332031 967.552124023438 974.482238769531 971.263854980469 975.755432128906 976.663696289062 978.873229980469 990.357299804688 992.275451660156 973.584167480469 975.261108398438 977.620178222656 980.303161621094 972.757751464844 972.362548828125 978.991394042969 984.94580078125 985.007568359375 985.422790527344 985.508544921875 986.610168457031 992.103210449219 979.089416503906 968.234619140625 977.334228515625 979.914428710938
983.550048828125 996.453186035156 996.080749511719 998.44775390625 984.656555175781 984.822509765625 983.511169433594 974.641357421875 974.948669433594 974.734741210938 970.096923828125 969.958068847656 969.848693847656 973.321472167969 973.534606933594 968.989990234375 964.434265136719 974.066284179688 963.702026367188 970.992858886719 973.287353515625 968.576477050781 969.877258300781 979.686096191406 978.178466796875 971.278137207031 978.22705078125 984.685424804688 989.189270019531 991.221862792969 986.284484863281 976.818481445312 985.449951171875 983.483215332031 979.514831542969 984.340637207031 986.980224609375 989.067565917969 986.42041015625 986.607727050781 983.123352050781 987.814697265625 982.1884765625 970.540710449219 968.594299316406 973.514770507812
987.489562988281 989.071716308594 994.306884765625 994.556213378906 987.5869140625 985.720458984375 979.348815917969 979.010009765625 968.929626464844 970.892028808594 972.231201171875 975.013732910156 968.454956054688 969.516296386719 971.709411621094 972.393798828125 974.226379394531 970.981628417969 970.36328125 972.887756347656 974.166076660156 977.595458984375 980.702026367188 975.548095703125 970.824340820312 970.572631835938 978.132141113281 983.107421875 989.537170410156 989.421508789062 978.620788574219 983.838195800781 988.587829589844 982.848937988281 974.257080078125 980.277160644531 989.085144042969 992.831115722656 986.313598632812 979.835754394531 978.130615234375 982.451293945312 976.91796875 975.566345214844 980.573059082031 975.868591308594
990.38623046875 986.493713378906 992.190307617188 995.919250488281 988.630981445312 977.075561523438 968.300720214844 979.448913574219 977.379516601562 974.29931640625 972.656494140625 971.801940917969 969.907897949219 974.868896484375 974.041198730469 966.672485351562 970.647827148438 964.755859375 968.126037597656 970.338500976562 969.91748046875 974.545654296875 976.074157714844 974.708068847656 976.381103515625 976.257873535156 981.28662109375 987.302307128906 987.448669433594 985.719909667969 975.519470214844 980.701171875 981.931335449219 980.069396972656 973.877868652344 986.140991210938 989.21728515625 987.362548828125 981.906494140625 982.214660644531 981.238342285156 985.017700195312 984.31005859375 974.995422363281 976.350524902344 975.780395507812
1001.169921875 998.136291503906 988.180725097656 984.298706054688 974.460266113281 968.017211914062 964.163757324219 975.111450195312 979.593139648438 977.064331054688 969.986389160156 974.36767578125 977.643798828125 979.053649902344 975.776672363281 970.912353515625 968.588684082031 976.341369628906 976.818359375 978.313598632812 973.774963378906 970.169494628906 974.327453613281 973.265563964844 978.347900390625 986.695495605469 992.123901367188 988.312561035156 995.781433105469 987.084411621094 984.534484863281 983.103576660156 990.114135742188 985.788513183594 982.8642578125 981.059875488281 993.185974121094 993.101135253906 990.037048339844 996.283752441406 984.450439453125 986.702392578125 988.605651855469 989.362243652344 991.191650390625 984.818115234375
996.850708007812 991.264038085938 991.871032714844 982.241638183594 975.108947753906 976.814086914062 978.966735839844 988.638061523438 979.576293945312 975.24951171875 969.471740722656 979.619812011719 974.389343261719 978.619995117188 978.30419921875 974.0439453125 965.786071777344 975.991027832031 979.599304199219 983.502502441406 979.503601074219 985.733581542969 986.981872558594 978.278503417969 981.669494628906 987.406677246094 986.821594238281 994.376525878906 993.529052734375 996.051147460938 990.246520996094 982.927001953125 984.333435058594 983.850646972656 985.527160644531 989.292846679688 999.240173339844 995.229797363281 997.575561523438 994.496704101562 982.819091796875 986.809265136719 989.600219726562 992.130249023438 990.864440917969 980.299011230469
1000.08404541016 994.454711914062 999.304504394531 993.691467285156 986.242065429688 988.592590332031 989.73779296875 987.253540039062 979.001708984375 977.1298828125 987.973815917969 977.471496582031 971.575561523438 973.493591308594 975.136169433594 979.0283203125 974.272644042969 969.416198730469 974.831481933594 980.307434082031 973.090270996094 982.614074707031 989.318908691406 985.57373046875 978.378540039062 983.299438476562 986.074340820312 988.530700683594 996.310424804688 1003.65826416016 992.5556640625 987.120239257812 991.660888671875 991.879455566406 989.040161132812 997.403259277344 1001.53985595703 1001.91577148438 982.482116699219 982.467529296875 978.074401855469 981.460632324219 986.458862304688 986.707824707031 990.197937011719 978.675109863281
1008.87731933594 1003.35876464844 1007.11315917969 1004.10717773438 999.31787109375 1005.68530273438 990.247619628906 983.18115234375 980.609558105469 979.162475585938 986.600402832031 985.32861328125 986.937438964844 980.521362304688 978.038757324219 974.003051757812 968.761169433594 969.539367675781 965.941101074219 972.50830078125 977.819274902344 985.600036621094 994.247924804688 989.975891113281 981.543334960938 983.708923339844 992.069152832031 995.734985351562 1001.32977294922 1003.07299804688 998.266418457031 989.348754882812 995.469482421875 999.126220703125 994.157409667969 1000.84594726562 1005.40783691406 1006.71203613281 984.503234863281 974.635559082031 975.514099121094 979.077758789062 984.937744140625 989.330749511719 997.404113769531 991.1650390625
1016.5927734375 1011.05584716797 1011.40270996094 1010.35852050781 1001.25970458984 1001.13897705078 986.288513183594 989.558044433594 988.893249511719 987.455871582031 990.89208984375 985.138000488281 980.193359375 980.924011230469 981.600830078125 978.60791015625 974.768371582031 967.188415527344 973.355102539062 976.532470703125 977.786071777344 984.457458496094 989.80810546875 983.642150878906 986.806518554688 985.131042480469 992.084533691406 1001.98559570312 1005.93249511719 1001.0166015625 998.088073730469 999.514953613281 997.864807128906 996.910400390625 995.541687011719 993.21923828125 996.717651367188 1000.47509765625 990.624206542969 995.005004882812 990.787536621094 983.019958496094 994.683532714844 989.957824707031 1000.41809082031 989.889282226562
1017.17004394531 1016.07635498047 1014.56469726562 1011.77575683594 1005.93670654297 1002.85186767578 997.819641113281 992.331909179688 990.108215332031 981.832275390625 979.204223632812 980.771911621094 981.198608398438 983.029724121094 981.03759765625 978.345581054688 976.955810546875 964.379333496094 961.734252929688 966.973022460938 972.1875 980.148681640625 989.730773925781 985.163940429688 982.670288085938 986.736633300781 996.538757324219 1010.29858398438 1009.89312744141 1003.64831542969 998.543640136719 996.415771484375 1003.24749755859 1000.72094726562 999.914245605469 995.052856445312 997.056335449219 986.664855957031 995.187683105469 1004.76806640625 1006.03387451172 998.578552246094 988.17041015625 988.231567382812 988.414306640625 991.644226074219
1023.36309814453 1024.57995605469 1016.11145019531 1014.17828369141 1015.08557128906 1006.08331298828 998.576293945312 995.527282714844 993.326599121094 985.81884765625 980.440734863281 978.937683105469 987.281799316406 984.515319824219 979.859741210938 977.491394042969 980.629638671875 977.282104492188 972.057922363281 968.517883300781 965.890441894531 975.25048828125 976.997619628906 979.894958496094 979.530334472656 984.391662597656 990.614074707031 1006.92022705078 1002.02301025391 1000.83850097656 1002.31378173828 997.664245605469 1002.48071289062 1008.02178955078 1006.47076416016 1008.92736816406 1006.59344482422 998.175476074219 998.776428222656 1000.39703369141 1003.77093505859 1001.31481933594 995.229187011719 989.309387207031 990.907958984375 986.347106933594
1018.29827880859 1022.04791259766 1020.73626708984 1020.84381103516 1014.95971679688 1004.89862060547 1006.54144287109 994.314636230469 998.213256835938 980.173767089844 984.178833007812 983.4833984375 990.826965332031 977.493469238281 983.669860839844 981.626159667969 979.882568359375 974.393493652344 975.628662109375 979.164123535156 971.192504882812 978.460632324219 974.251281738281 971.829223632812 984.08203125 997.324462890625 994.71923828125 990.299743652344 1000.27648925781 998.4951171875 996.958618164062 997.007873535156 1007.31799316406 1012.95794677734 1003.57800292969 1003.40966796875 1003.35345458984 1005.13165283203 1008.50268554688 1010.45574951172 1005.47613525391 1005.11926269531 996.860046386719 996.323852539062 993.246398925781 987.886352539062
