data/zlatibor_dem_simulations/DEMsim54.asc
NCOLS 150
NROWS 100
XLLCORNER 7394249
YLLCORNER 4841999
CELLSIZE 30
NODATA_VALUE -9999
[rows 40 to 59 of 100, columns 0 to 45 of 150]
945.841918945312 953.093200683594 949.458618164062 960.273864746094 974.577758789062 969.359985351562 968.516784667969 965.551208496094 963.2734375 962.438720703125 968.247802734375 976.450805664062 970.867492675781 976.528503417969 978.441833496094 981.175903320312 985.680908203125 977.864807128906 964.678649902344 972.3359375 972.008239746094 976.150939941406 978.625244140625 981.462463378906 974.5283203125 972.875915527344 981.591186523438 971.403015136719 969.725036621094 978.944274902344 975.568115234375 976.817749023438 985.416015625 979.285888671875 972.715148925781 979.371643066406 976.676086425781 981.347717285156 977.517395019531 976.787719726562 982.778381347656 972.900024414062 972.144653320312 974.900451660156 980.086486816406 977.6875
948.777038574219 952.470642089844 950.318054199219 951.847045898438 960.995056152344 969.426818847656 966.770141601562 962.061706542969 960.764099121094 958.617248535156 959.374633789062 970.775268554688 974.359375 976.728393554688 986.39599609375 980.680053710938 979.739868164062 975.925659179688 971.935852050781 970.10986328125 964.524291992188 970.282836914062 972.117065429688 979.663940429688 976.432067871094 975.314636230469 972.409973144531 972.187438964844 980.385986328125 982.306091308594 979.463500976562 978.939331054688 986.060119628906 985.221374511719 972.913696289062 971.012145996094 978.886901855469 975.501892089844 975.944152832031 983.39794921875 982.2490234375 972.374206542969 967.166931152344 970.729553222656 973.801025390625 972.372253417969
944.139282226562 942.806823730469 946.033203125 951.219970703125 953.840881347656 965.649475097656 961.717590332031 969.19921875 962.384521484375 955.996887207031 966.024780273438 966.234924316406 970.482116699219 969.575439453125 979.984680175781 969.450317382812 982.809448242188 981.001708984375 974.717895507812 978.642700195312 971.797668457031 971.710144042969 982.810180664062 976.414123535156 972.547302246094 963.309020996094 964.040954589844 968.942932128906 978.90673828125 977.452514648438 982.754089355469 986.553344726562 977.839233398438 977.642883300781 977.469848632812 974.812866210938 977.888977050781 985.204284667969 972.312622070312 982.431518554688 982.002319335938 975.686340332031 969.299865722656 965.851379394531 976.922241210938 981.86376953125
945.36083984375 941.229919433594 944.501220703125 947.438659667969 955.446533203125 954.901733398438 964.898193359375 964.898193359375 964.595031738281 968.770629882812 968.034423828125 966.331787109375 970.17236328125 966.032470703125 973.020080566406 975.742858886719 983.205383300781 987.001770019531 977.771118164062 975.337829589844 969.813842773438 971.352844238281 967.905395507812 968.990417480469 968.355529785156 970.2529296875 962.855834960938 965.941040039062 966.2578125 970.4111328125 984.644226074219 980.223937988281 974.917785644531 966.603393554688 978.889953613281 971.842834472656 971.429504394531 973.652465820312 975.579467773438 976.467651367188 982.480163574219 968.5927734375 961.617797851562 965.906311035156 970.311645507812 967.726745605469
942.483947753906 943.856811523438 947.348327636719 951.059875488281 961.665954589844 959.78173828125 964.380737304688 966.490905761719 968.859130859375 969.313110351562 964.25439453125 966.059020996094 973.248474121094 971.498474121094 964.321472167969 974.948425292969 976.838317871094 970.5234375 974.582702636719 973.811706542969 966.101196289062 965.439758300781 973.529968261719 968.239501953125 962.326782226562 953.257019042969 947.354309082031 955.669616699219 964.819885253906 966.918334960938 973.259826660156 985.771057128906 974.758666992188 975.080627441406 972.466613769531 966.949829101562 967.168518066406 969.459838867188 969.865234375 973.914367675781 969.787109375 966.238647460938 960.533264160156 956.811950683594 967.508422851562 963.032470703125
925.493835449219 945.52685546875 952.650390625 958.712524414062 965.592834472656 965.088928222656 967.385864257812 971.882141113281 962.499206542969 966.923950195312 971.165588378906 972.279479980469 968.091247558594 960.449768066406 968.104187011719 971.794494628906 975.837951660156 971.164001464844 974.415954589844 971.204711914062 966.834777832031 966.233276367188 968.796936035156 972.792175292969 966.163269042969 950.4619140625 946.155578613281 947.946594238281 963.45361328125 973.861267089844 981.210998535156 981.393920898438 978.507202148438 980.835815429688 971.931823730469 967.672668457031 962.460388183594 963.024291992188 955.628540039062 962.498962402344 967.460510253906 971.51416015625 963.734680175781 960.581237792969 963.383544921875 957.087890625
942.153442382812 946.708679199219 957.630432128906 961.466552734375 966.450500488281 965.947387695312 970.559692382812 971.897888183594 957.739929199219 969.147094726562 971.774719238281 976.626159667969 971.568115234375 966.155151367188 972.305114746094 968.565734863281 975.031860351562 978.486083984375 966.986450195312 963.762268066406 966.847351074219 959.869934082031 973.522827148438 965.404296875 963.201538085938 956.050842285156 957.826477050781 958.793823242188 963.408081054688 975.789978027344 985.096923828125 980.213256835938 982.410095214844 974.961975097656 967.340576171875 964.179443359375 965.760925292969 963.494262695312 953.787719726562 962.485717773438 962.78857421875 965.309265136719 961.065856933594 957.104858398438 958.951354980469 962.280639648438
945.34130859375 949.730102539062 960.818115234375 967.614868164062 971.429138183594 971.367980957031 972.982238769531 974.541198730469 965.038391113281 974.345092773438 972.014282226562 972.221557617188 968.49267578125 975.664978027344 970.095581054688 981.690551757812 977.03759765625 976.841186523438 970.278564453125 969.3251953125 970.4814453125 963.2353515625 965.724914550781 963.072448730469 964.98583984375 958.351440429688 962.395080566406 968.393493652344 967.784912109375 973.053405761719 983.221313476562 984.311096191406 983.246215820312 978.390319824219 974.587280273438 961.755859375 967.501770019531 955.715393066406 955.104919433594 960.545471191406 964.140808105469 961.809020996094 962.518188476562 952.24267578125 964.729370117188 962.278991699219
949.644653320312 960.254638671875 962.306701660156 961.516479492188 966.268249511719 966.326049804688 976.369079589844 968.476196289062 964.599670410156 969.378540039062 975.088562011719 969.931457519531 965.97314453125 973.292663574219 975.978576660156 977.110900878906 975.974487304688 976.943603515625 980.001647949219 976.82666015625 970.662170410156 961.984924316406 960.542602539062 962.106567382812 962.79150390625 959.569213867188 956.364440917969 960.913635253906 963.513977050781 967.239196777344 969.869384765625 981.168701171875 980.531799316406 974.401794433594 970.349792480469 964.683349609375 959.275085449219 960.017028808594 952.762023925781 958.161926269531 956.981140136719 959.672485351562 960.338317871094 958.945373535156 966.16796875 961.4697265625
954.491882324219 958.50244140625 966.826049804688 971.099792480469 963.861999511719 965.5888671875 967.334594726562 970.567565917969 964.554748535156 969.855346679688 971.112121582031 971.444702148438 967.016357421875 974.2001953125 972.381591796875 973.2314453125 976.824279785156 969.075622558594 974.902648925781 977.755249023438 968.486694335938 957.244995117188 961.33154296875 963.799621582031 955.246704101562 957.388854980469 956.131469726562 961.015930175781 961.527648925781 957.12060546875 965.0703125 976.040588378906 988.223205566406 979.368225097656 971.988708496094 975.397827148438 963.453308105469 958.667175292969 959.242919921875 962.2255859375 955.159484863281 953.9326171875 958.881652832031 963.672485351562 963.233581542969 971.244506835938
964.321594238281 960.537292480469 960.433959960938 966.152465820312 965.20703125 970.548950195312 976.800170898438 965.182373046875 971.050964355469 968.156066894531 965.7001953125 969.036071777344 967.264038085938 973.417053222656 976.765808105469 968.519104003906 969.944458007812 974.813110351562 979.516174316406 965.046020507812 960.877380371094 972.494140625 969.539611816406 968.220886230469 962.426696777344 961.696655273438 959.891906738281 967.203918457031 963.855163574219 961.323059082031 972.84033203125 975.869445800781 982.193908691406 986.211181640625 972.590759277344 968.76171875 976.723205566406 958.890380859375 957.618896484375 957.603088378906 965.644165039062 955.037902832031 956.773986816406 965.517822265625 967.061706542969 971.477416992188
975.25830078125 977.03857421875 970.096435546875 975.22509765625 967.2978515625 968.706298828125 968.066467285156 972.129577636719 969.8427734375 966.445251464844 973.581359863281 965.896057128906 966.815368652344 968.580383300781 975.978149414062 974.649169921875 968.618713378906 969.934204101562 962.884948730469 956.594421386719 961.952087402344 966.336547851562 971.796569824219 963.99462890625 959.1435546875 950.858947753906 953.900817871094 960.667663574219 979.760437011719 963.471313476562 968.6533203125 972.88037109375 979.997009277344 979.254333496094 977.250244140625 968.873901367188 960.378173828125 955.490295410156 954.706298828125 958.294189453125 958.833374023438 961.015930175781 966.5166015625 960.7763671875 958.0556640625 967.413330078125
969.635803222656 961.559631347656 967.960205078125 973.210510253906 969.398498535156 977.212097167969 983.632568359375 979.793884277344 978.798034667969 978.447998046875 977.00830078125 973.180847167969 978.119812011719 971.731994628906 978.730407714844 981.237915039062 979.056823730469 976.22314453125 977.901245117188 964.36279296875 953.951721191406 964.177795410156 966.000732421875 963.941772460938 953.804931640625 957.547241210938 956.921630859375 963.108764648438 957.707214355469 969.877136230469 967.437683105469 962.829345703125 964.727294921875 968.853576660156 970.027526855469 957.902770996094 957.938537597656 961.855773925781 957.693359375 960.120483398438 963.899475097656 966.308959960938 960.36767578125 953.258666992188 958.582702636719 962.877502441406
966.653991699219 946.318115234375 955.876953125 972.008544921875 970.844543457031 973.897399902344 984.864868164062 976.475280761719 977.407287597656 977.3251953125 980.7119140625 977.574035644531 975.655883789062 974.013305664062 979.015319824219 986.13818359375 978.50244140625 973.729370117188 965.041687011719 963.466918945312 950.628295898438 953.949279785156 960.804565429688 962.099853515625 965.988037109375 956.952941894531 961.548095703125 959.596801757812 962.518737792969 974.567932128906 964.692687988281 960.208435058594 961.964721679688 963.629455566406 962.536010742188 954.677490234375 963.382995605469 961.709777832031 959.077270507812 958.780822753906 966.039245605469 961.138916015625 962.76220703125 957.285095214844 957.417114257812 951.032348632812
961.640258789062 948.510559082031 952.926208496094 957.814392089844 969.936767578125 975.087341308594 977.472045898438 969.456604003906 975.771240234375 978.69091796875 980.135375976562 978.306030273438 975.282897949219 976.9248046875 976.418395996094 977.38818359375 979.043212890625 971.66796875 967.844177246094 964.526000976562 952.307556152344 960.397399902344 961.627136230469 969.878723144531 964.319580078125 953.994323730469 959.91845703125 957.638305664062 964.582824707031 964.961181640625 960.352172851562 954.719299316406 958.381042480469 955.186828613281 955.376525878906 967.999572753906 966.651672363281 964.790222167969 956.448913574219 960.591796875 960.479187011719 962.409484863281 960.428527832031 957.608032226562 963.263671875 957.632873535156
965.577697753906 962.734741210938 962.636474609375 962.141357421875 965.7060546875 965.66455078125 970.485717773438 977.09326171875 978.39892578125 972.1064453125 974.507751464844 971.084716796875 973.143676757812 977.587646484375 976.981323242188 978.344116210938 973.4697265625 974.535339355469 967.60205078125 960.397644042969 957.239868164062 957.664123535156 958.840026855469 958.200134277344 961.214233398438 959.306457519531 960.92626953125 959.235961914062 953.364013671875 967.727783203125 959.096557617188 965.062622070312 951.748718261719 956.554504394531 959.119934082031 964.532470703125 969.021118164062 967.509338378906 957.617004394531 958.884399414062 953.049072265625 964.143005371094 960.666564941406 959.483215332031 958.04150390625 955.290771484375
963.723510742188 961.106689453125 963.826538085938 964.141845703125 967.128845214844 971.256896972656 970.645385742188 969.635498046875 968.362854003906 971.99072265625 969.095336914062 971.448974609375 968.448669433594 969.455627441406 971.899658203125 972.474182128906 963.28759765625 957.966613769531 965.9404296875 962.5693359375 960.90478515625 961.752258300781 961.3056640625 960.318359375 955.496154785156 958.357360839844 955.877258300781 953.700134277344 949.80859375 959.3671875 959.855590820312 954.967407226562 947.881652832031 958.546142578125 967.194580078125 967.360168457031 964.049743652344 959.247741699219 960.279235839844 966.678466796875 958.021789550781 964.366271972656 962.778259277344 962.611145019531 954.163940429688 955.676086425781
955.765197753906 959.05322265625 970.87353515625 968.31396484375 974.556823730469 974.130126953125 970.421752929688 973.299682617188 976.327880859375 975.3095703125 967.651733398438 973.77490234375 974.910034179688 975.099975585938 973.004760742188 966.239562988281 965.480285644531 957.708129882812 970.273132324219 963.936706542969 953.785522460938 960.768432617188 958.467956542969 946.474548339844 952.881225585938 954.39208984375 955.166625976562 948.780822753906 959.360229492188 958.45751953125 953.485595703125 948.227661132812 948.347229003906 952.094909667969 956.3740234375 954.842590332031 962.086120605469 960.971801757812 966.479370117188 954.524475097656 957.52685546875 952.556884765625 958.317077636719 964.124145507812 961.259948730469 958.7919921875
957.904174804688 954.55908203125 963.695495605469 970.666564941406 969.843322753906 976.844360351562 970.018310546875 966.77783203125 974.20703125 967.81494140625 975.59814453125 971.3896484375 978.140258789062 978.05126953125 963.890380859375 966.515380859375 971.138366699219 962.822937011719 961.307312011719 956.203186035156 948.98828125 942.497924804688 950.168640136719 948.120971679688 955.589111328125 950.075378417969 950.573913574219 952.64697265625 952.994873046875 948.972778320312 953.107788085938 958.805541992188 952.277709960938 942.223815917969 949.367370605469 957.618896484375 955.446105957031 953.304016113281 959.204406738281 950.833740234375 949.713928222656 957.647827148438 957.304443359375 960.245666503906 959.50732421875 955.117553710938
960.625549316406 959.416381835938 964.857482910156 966.532836914062 962.61865234375 973.976440429688 970.641357421875 975.114868164062 977.557983398438 966.928039550781 964.334899902344 961.0947265625 969.929870605469 969.380798339844 963.5380859375 965.087768554688 971.147766113281 961.010375976562 958.831420898438 951.771789550781 945.330078125 936.674255371094 945.767517089844 951.163208007812 944.446228027344 951.003112792969 948.148681640625 950.91162109375 943.460693359375 940.838256835938 940.298950195312 949.082397460938 943.842529296875 950.154479980469 945.244812011719 952.592712402344 952.029846191406 953.802917480469 951.181884765625 950.034423828125 948.147155761719 953.38525390625 955.361572265625 956.0927734375 951.09619140625 951.837707519531
