data/zlatibor_dem_simulations/DEMsim22.asc
NCOLS 150
NROWS 100
XLLCORNER 7394249
YLLCORNER 4841999
CELLSIZE 30
NODATA_VALUE -9999
[rows 0 to 19 of 100, columns 46 to 91 of 150]
994.2509765625 995.994201660156 993.070373535156 981.466552734375 981.351806640625 988.504211425781 982.1142578125 983.995422363281 979.278137207031 963.150634765625 953.842163085938 947.501403808594 944.897521972656 943.367980957031 936.101013183594 929.454650878906 918.537170410156 901.4912109375 908.456848144531 894.942260742188 890.74755859375 899.422668457031 915.459045410156 916.072875976562 925.999938964844 933.933959960938 949.482604980469 963.776977539062 966.572021484375 964.417297363281 974.245910644531 980.959533691406 986.18896484375 982.980773925781 985.014709472656 989.447082519531 989.110046386719 975.075500488281 974.944030761719 969.762512207031 957.736083984375 950.126708984375 949.363403320312 936.408264160156 935.351806640625 930.121032714844
987.933532714844 995.763000488281 988.510559082031 984.528747558594 986.495666503906 983.6767578125 985.952697753906 982.763305664062 971.639709472656 959.8720703125 952.653747558594 952.181457519531 952.423950195312 944.470886230469 941.038391113281 934.588012695312 920.8984375 913.148071289062 897.881225585938 906.676940917969 900.60400390625 897.315185546875 904.579162597656 915.103515625 927.75390625 937.975036621094 954.749633789062 969.423400878906 974.584106445312 973.282531738281 981.808227539062 980.916198730469 988.036804199219 987.902954101562 990.703918457031 986.963806152344 985.405517578125 975.787353515625 970.60693359375 971.203674316406 959.856811523438 957.691833496094 956.04443359375 943.573974609375 931.326782226562 919.426574707031
987.249389648438 989.09521484375 990.500244140625 987.190063476562 984.458129882812 981.989990234375 974.739135742188 967.765014648438 957.130920410156 957.565795898438 954.6748046875 954.208740234375 955.11376953125 947.107055664062 941.071228027344 939.128112792969 928.769653320312 916.725158691406 913.847473144531 907.5712890625 907.944702148438 906.22802734375 910.172058105469 927.113037109375 927.213439941406 937.590087890625 947.631225585938 961.264892578125 972.585205078125 985.949890136719 989.923095703125 989.643615722656 989.222717285156 994.471801757812 993.437133789062 994.05615234375 990.234985351562 976.9306640625 974.8525390625 968.485778808594 961.383972167969 967.249267578125 956.521789550781 946.792236328125 933.037780761719 928.423278808594
989.291625976562 994.700927734375 993.352355957031 992.190673828125 993.826721191406 984.703979492188 977.982849121094 974.101806640625 967.532531738281 958.824340820312 964.351989746094 955.352661132812 967.740661621094 956.294128417969 951.560485839844 948.28955078125 938.684387207031 926.46484375 922.867370605469 915.380065917969 908.940612792969 924.768737792969 920.198608398438 929.250732421875 943.455017089844 938.445190429688 946.982482910156 959.028747558594 971.141418457031 984.365600585938 986.570739746094 990.71923828125 993.514221191406 995.531188964844 995.224182128906 991.556274414062 998.535339355469 994.170349121094 979.971252441406 966.808898925781 963.844848632812 970.536743164062 959.82568359375 945.704711914062 934.420166015625 928.0185546875
994.796508789062 997.233276367188 1001.33605957031 988.272277832031 988.475769042969 986.015991210938 987.684875488281 977.349731445312 977.709777832031 968.792663574219 969.065307617188 968.978515625 970.156616210938 966.736572265625 957.369995117188 950.23828125 946.254211425781 931.870910644531 939.767883300781 926.79736328125 927.465393066406 929.440124511719 934.439270019531 944.3720703125 947.023132324219 943.355407714844 946.650817871094 961.432312011719 957.219909667969 977.647766113281 984.826477050781 997.051635742188 1000.11798095703 1011.9384765625 1016.05194091797 1007.24853515625 1005.74584960938 999.795654296875 991.199462890625 973.630920410156 964.610229492188 958.585144042969 948.171691894531 944.553039550781 939.247192382812 925.870056152344
994.241271972656 999.59033203125 1007.39398193359 992.871154785156 995.671264648438 986.947509765625 985.009643554688 980.077331542969 975.231689453125 975.5341796875 968.020202636719 968.335632324219 971.876098632812 973.423889160156 952.9951171875 944.209289550781 949.427062988281 942.671691894531 941.630859375 941.806457519531 936.613891601562 944.174255371094 941.253356933594 945.677856445312 955.242919921875 949.782287597656 948.746643066406 952.948486328125 955.206848144531 972.407897949219 989.372192382812 995.642150878906 1007.0458984375 1016.70843505859 1010.75750732422 1013.09045410156 1005.42962646484 997.873291015625 994.276733398438 985.130981445312 969.153564453125 963.302978515625 955.8828125 951.881225585938 945.287841796875 936.69384765625
1001.55291748047 1007.33575439453 1002.28778076172 1004.91125488281 1006.76226806641 1001.22711181641 995.242126464844 986.896484375 986.140441894531 982.197265625 972.231262207031 972.263366699219 972.764343261719 978.874389648438 971.554870605469 955.7216796875 955.865417480469 958.409423828125 945.906799316406 952.404602050781 958.743286132812 966.109985351562 959.745727539062 953.215087890625 959.953002929688 951.46484375 952.786254882812 954.799865722656 969.974304199219 988.318054199219 991.8115234375 997.865051269531 1008.67071533203 1010.49780273438 1012.94830322266 1014.25933837891 1012.08813476562 1001.94635009766 995.385681152344 979.903564453125 973.632934570312 957.429870605469 949.963806152344 947.871520996094 940.664306640625 935.550476074219
1003.775390625 1011.50012207031 1003.88250732422 1011.78442382812 1010.10369873047 1000.57995605469 995.416137695312 996.1279296875 1000.57275390625 984.906433105469 984.689758300781 982.692932128906 970.266418457031 979.853881835938 975.889465332031 972.093078613281 964.486389160156 964.313659667969 962.1064453125 970.335754394531 975.099853515625 979.079711914062 974.871520996094 965.953735351562 976.138366699219 965.73095703125 958.924560546875 961.303039550781 974.507080078125 989.570251464844 1001.66204833984 1011.37933349609 1014.82055664062 1019.72857666016 1016.71160888672 1014.49346923828 1010.99658203125 1004.97595214844 993.354919433594 982.682800292969 968.6337890625 963.324401855469 954.724609375 945.549438476562 938.966125488281 934.760314941406
1005.0400390625 1004.48822021484 1000.27697753906 1006.62091064453 1001.16107177734 1001.31585693359 1005.93737792969 1007.31646728516 995.915405273438 993.535278320312 1005.94189453125 989.585388183594 983.637756347656 987.916870117188 981.752502441406 985.609680175781 982.192016601562 979.239501953125 974.159423828125 974.738891601562 979.374572753906 983.002319335938 988.718322753906 984.771606445312 978.554870605469 978.80859375 970.745788574219 975.055603027344 983.3896484375 998.593444824219 1007.71148681641 1015.43701171875 1026.83666992188 1027.92443847656 1026.53869628906 1023.03704833984 1011.02630615234 998.2744140625 993.047485351562 985.695861816406 977.556396484375 967.4794921875 958.008911132812 938.172790527344 938.776672363281 931.853637695312
1000.00103759766 1007.89416503906 1005.93957519531 1003.36090087891 1003.87133789062 998.026733398438 1008.39288330078 1006.11584472656 997.727172851562 999.786804199219 1002.13006591797 997.227416992188 994.771484375 996.773559570312 998.958740234375 994.708618164062 988.40966796875 988.33544921875 985.196716308594 985.1474609375 989.6416015625 992.856079101562 996.4736328125 998.819702148438 993.036743164062 982.558715820312 980.796813964844 985.243896484375 991.382141113281 995.192260742188 1014.42462158203 1026.87170410156 1024.74694824219 1031.2294921875 1028.12829589844 1021.3173828125 1013.10064697266 999.435791015625 993.792358398438 984.985412597656 989.156555175781 973.385375976562 948.912109375 936.259216308594 931.153869628906 933.563903808594
1010.35699462891 1015.42266845703 1006.54748535156 1006.15380859375 1008.50598144531 1008.15924072266 1012.95257568359 1014.62036132812 1007.21917724609 1011.47235107422 1013.50756835938 1012.82055664062 1008.31964111328 1003.62347412109 1005.04205322266 998.429931640625 997.5517578125 989.333984375 1002.09338378906 1000.28765869141 1004.10357666016 1008.80639648438 1001.16070556641 996.224609375 992.297912597656 994.265808105469 993.601989746094 1005.48828125 1001.97045898438 1009.57696533203 1012.88317871094 1026.07055664062 1021.50073242188 1023.01287841797 1015.93347167969 1014.53308105469 1004.6201171875 1010.11071777344 998.79736328125 995.432861328125 989.015319824219 984.205200195312 958.41943359375 948.236572265625 934.803527832031 939.519592285156
1020.78942871094 1011.84613037109 1002.16369628906 1010.56469726562 1012.48840332031 1009.33068847656 1011.90545654297 1018.23931884766 1010.02075195312 1008.92260742188 1013.22271728516 1013.41497802734 1009.92193603516 1011.00592041016 1011.01214599609 1000.97662353516 996.900756835938 997.327819824219 1003.57189941406 999.388977050781 1002.40832519531 1003.22778320312 1002.27380371094 1000.42639160156 995.15673828125 991.597778320312 996.413330078125 1011.45452880859 1008.29254150391 1010.69934082031 1017.89538574219 1027.26843261719 1015.61968994141 1027.57604980469 1015.38098144531 1015.388671875 1010.56182861328 1010.71771240234 998.757080078125 988.76025390625 988.031494140625 982.761657714844 976.418640136719 955.353210449219 948.443237304688 945.374145507812
1012.78955078125 1015.40350341797 1015.62152099609 1013.31280517578 1005.69665527344 1005.66418457031 1007.07427978516 1009.07635498047 1016.34350585938 1011.18157958984 1010.61730957031 1012.20031738281 1015.52978515625 1012.98968505859 1009.71997070312 1009.28796386719 1001.81097412109 1002.71984863281 1002.18029785156 999.296752929688 1001.53491210938 1005.14093017578 1007.7490234375 1001.30456542969 998.540161132812 994.430114746094 994.4287109375 1005.96472167969 1006.63952636719 1016.8115234375 1021.46856689453 1032.65051269531 1033.53723144531 1023.43505859375 1019.00518798828 1012.48162841797 1004.3642578125 1003.59637451172 1001.01281738281 1002.20593261719 990.851867675781 986.386291503906 975.644409179688 965.76123046875 946.264770507812 945.995483398438
1008.31530761719 1012.38464355469 1011.87164306641 1009.76477050781 1013.49108886719 1007.46826171875 1004.27105712891 1007.17248535156 1012.47210693359 1008.54180908203 1008.56732177734 1019.27905273438 1013.32684326172 1016.80010986328 1008.87371826172 1010.69201660156 1013.97210693359 1007.57055664062 998.5986328125 996.431213378906 1011.49237060547 1009.56060791016 1002.43176269531 999.208435058594 995.91259765625 994.897094726562 995.250183105469 996.638244628906 1010.98236083984 1020.77142333984 1026.97265625 1032.6689453125 1035.00244140625 1032.87365722656 1030.8408203125 1027.37768554688 1014.30474853516 1003.43316650391 996.406372070312 1008.46331787109 996.772583007812 996.759155273438 983.226684570312 970.413146972656 955.373107910156 951.159057617188
1011.38751220703 1004.45654296875 1000.80017089844 1000.56359863281 996.514770507812 1004.70776367188 1011.27105712891 1016.40936279297 1015.85437011719 1008.53356933594 1016.40875244141 1016.29418945312 1021.00329589844 1020.12982177734 1020.36407470703 1010.86279296875 1007.46185302734 1007.35168457031 1014.86059570312 1015.50122070312 1017.09790039062 1004.88983154297 993.738830566406 995.324035644531 997.881652832031 994.29638671875 1002.30236816406 1000.27911376953 1013.48474121094 1025.38842773438 1034.76989746094 1036.88146972656 1039.69641113281 1040.25 1032.69909667969 1020.962890625 1020.08209228516 1020.72961425781 1018.43658447266 1016.74847412109 1017.53765869141 1007.8271484375 983.526489257812 965.830261230469 958.267639160156 955.439331054688
1008.74432373047 1001.86791992188 1001.39831542969 994.693054199219 1003.92718505859 1007.90863037109 1008.80718994141 1014.86010742188 1015.35998535156 1013.99230957031 1018.6376953125 1019.01629638672 1021.59808349609 1024.35375976562 1023.40490722656 1017.32598876953 1017.19256591797 1023.05651855469 1020.556640625 1015.07202148438 1020.90692138672 1008.42315673828 1007.39147949219 999.190307617188 993.987487792969 997.342651367188 1002.28167724609 1007.88879394531 1020.91076660156 1022.11779785156 1038.70642089844 1034.65112304688 1035.77124023438 1038.32971191406 1028.2060546875 1013.10339355469 1022.91027832031 1021.806640625 1016.54650878906 1015.63800048828 1017.83776855469 1009.30047607422 996.101989746094 979.659729003906 960.463317871094 942.100891113281
1015.02795410156 1008.66833496094 1006.79376220703 1008.04040527344 1010.17077636719 1016.99035644531 1010.19018554688 1013.13299560547 1015.7744140625 1012.86303710938 1024.927734375 1028.96020507812 1024.72619628906 1019.85919189453 1020.20782470703 1025.15979003906 1026.18566894531 1031.19689941406 1028.70690917969 1021.59527587891 1014.42388916016 1011.88220214844 1010.86309814453 1003.52020263672 1004.30255126953 1012.19036865234 1009.53448486328 1030.58264160156 1022.18444824219 1038.66259765625 1033.15124511719 1037.81799316406 1035.85388183594 1040.98376464844 1029.7666015625 1021.19152832031 1029.49011230469 1034.26135253906 1016.40625 1015.63824462891 1014.43005371094 1002.20690917969 991.882690429688 976.401245117188 958.825012207031 957.674499511719
1019.45654296875 1005.02807617188 1005.04455566406 1006.28778076172 1010.51232910156 1021.59832763672 1009.01086425781 1016.60968017578 1021.80242919922 1021.08575439453 1019.95074462891 1023.09191894531 1027.828125 1024.98400878906 1027.67529296875 1032.86401367188 1024.01965332031 1027.46032714844 1039.86376953125 1027.61279296875 1017.58959960938 1018.7607421875 1014.62030029297 1005.98919677734 1019.02722167969 1021.93872070312 1021.92608642578 1019.85992431641 1034.10131835938 1029.185546875 1035.17102050781 1042.84375 1039.51708984375 1031.8203125 1030.2177734375 1018.60772705078 1024.85327148438 1028.43249511719 1021.01934814453 1018.63696289062 1011.74041748047 1009.54968261719 999.725036621094 986.3818359375 981.708312988281 972.121398925781
1019.57574462891 1010.61163330078 1005.85437011719 1005.99304199219 1005.96350097656 1017.93908691406 1012.26245117188 1014.44110107422 1016.44165039062 1020.45599365234 1016.30261230469 1018.67407226562 1027.49792480469 1023.03839111328 1022.87780761719 1018.58880615234 1018.88812255859 1021.54443359375 1025.05505371094 1027.96057128906 1026.34826660156 1026.69445800781 1020.22174072266 1020.83911132812 1020.19274902344 1027.66479492188 1020.48303222656 1019.99816894531 1038.33093261719 1034.65393066406 1041.10620117188 1039.62817382812 1029.53747558594 1021.45385742188 1025.927734375 1028.21069335938 1026.50500488281 1036.03039550781 1027.02429199219 1017.11285400391 1018.75024414062 1002.02587890625 1003.91192626953 995.609313964844 990.588562011719 984.580322265625
1016.44989013672 1010.41760253906 1010.89300537109 1004.42913818359 1005.56866455078 1008.34777832031 1004.21270751953 1007.14385986328 1010.279296875 1012.99005126953 1015.47985839844 1020.00128173828 1018.42486572266 1016.41265869141 1023.81213378906 1013.80737304688 1019.78784179688 1009.59832763672 1017.0634765625 1027.54028320312 1028.81848144531 1027.36145019531 1017.60571289062 1028.98095703125 1026.10583496094 1026.34289550781 1027.56994628906 1032.7470703125 1034.37377929688 1043.48669433594 1029.2578125 1042.38195800781 1033.87927246094 1030.02124023438 1032.23681640625 1032.640625 1032.40356445312 1039.61450195312 1026.58703613281 1021.84765625 1011.01873779297 1009.58264160156 1009.40423583984 1003.13391113281 994.553283691406 990.87841796875
