data/zlatibor_dem_simulations/DEMsim69 (1).asc
NCOLS 150
NROWS 100
XLLCORNER 7394249
YLLCORNER 4841999
CELLSIZE 30
NODATA_VALUE -9999
[rows 60 to 79 of 100, columns 0 to 45 of 150]
949.494934082031 961.612182617188 969.942626953125 968.032043457031 968.862670898438 971.90185546875 963.882202148438 963.789855957031 970.493041992188 972.941101074219 964.725341796875 958.906311035156 953.386108398438 961.48388671875 962.015014648438 954.942321777344 957.942626953125 951.852355957031 956.870544433594 951.585998535156 950.595825195312 956.898498535156 967.775268554688 965.36572265625 953.964477539062 947.001525878906 941.996704101562 944.836608886719 946.67724609375 947.331237792969 950.47119140625 948.6875 953.241821289062 955.800720214844 949.980224609375 954.162048339844 955.888366699219 960.934875488281 957.930725097656 952.73486328125 950.347229003906 964.150207519531 959.160705566406 960.197814941406 950.960632324219 952.894287109375
953.882873535156 956.481689453125 961.566528320312 960.680297851562 964.916748046875 963.323059082031 968.060607910156 964.723327636719 966.508483886719 968.2685546875 964.202392578125 964.037536621094 959.64404296875 952.939025878906 954.137817382812 955.544982910156 944.825988769531 941.476196289062 949.870239257812 948.639282226562 953.0546875 958.190368652344 959.782287597656 954.892028808594 953.147583007812 950.508728027344 953.414184570312 946.938171386719 947.601257324219 944.072631835938 952.7734375 950.884155273438 951.956420898438 949.342956542969 944.697570800781 951.098022460938 955.473999023438 949.814086914062 948.3369140625 951.675598144531 945.269226074219 954.184936523438 959.509521484375 955.696350097656 950.268615722656 951.422973632812
950.730285644531 948.460327148438 955.903076171875 962.995178222656 962.418640136719 965.421691894531 959.579406738281 960.824523925781 953.323486328125 959.787719726562 957.305053710938 959.556213378906 956.734497070312 943.03076171875 940.896240234375 944.892333984375 936.100280761719 938.626892089844 937.88232421875 954.976135253906 961.648132324219 954.263061523438 950.588134765625 948.692932128906 953.719543457031 955.602294921875 960.30712890625 947.492614746094 946.0576171875 946.217956542969 946.467407226562 953.523498535156 953.524719238281 949.89306640625 937.574035644531 943.739929199219 947.544128417969 952.471923828125 945.709533691406 945.864135742188 948.260498046875 953.191833496094 946.857727050781 955.290344238281 963.187072753906 954.684204101562
939.466247558594 946.845092773438 954.863830566406 957.276794433594 961.796447753906 956.081909179688 962.29052734375 957.074462890625 947.805847167969 953.526672363281 952.955078125 952.8134765625 944.209106445312 941.091735839844 936.732360839844 935.181274414062 940.19482421875 934.549194335938 944.978149414062 957.91845703125 951.722229003906 946.352966308594 938.227661132812 945.8056640625 943.617858886719 956.859130859375 952.704833984375 947.343566894531 938.411071777344 945.833679199219 942.295288085938 946.746215820312 946.114624023438 949.335144042969 941.935607910156 943.828186035156 947.6103515625 953.237976074219 951.995056152344 949.117553710938 950.439147949219 948.075744628906 950.673034667969 949.276428222656 957.445068359375 954.630981445312
948.165161132812 954.59033203125 949.554260253906 959.518188476562 960.489868164062 963.773864746094 960.504333496094 946.884521484375 950.444396972656 941.213989257812 945.006225585938 937.732788085938 941.288208007812 948.186401367188 943.932861328125 939.359924316406 933.178039550781 933.929565429688 944.134033203125 942.3916015625 948.508239746094 947.022277832031 944.5927734375 948.551513671875 944.521545410156 946.685180664062 955.694091796875 949.170776367188 940.433410644531 944.048645019531 945.768615722656 955.318786621094 955.361022949219 950.085388183594 944.617736816406 944.393615722656 957.867614746094 961.56396484375 959.345703125 960.542541503906 954.332824707031 953.4521484375 941.752136230469 945.977172851562 957.946594238281 956.516723632812
950.999572753906 951.456115722656 954.331787109375 958.052185058594 959.366088867188 961.112548828125 950.42822265625 943.923889160156 940.916748046875 943.844177246094 939.438415527344 939.170471191406 942.677368164062 943.262023925781 943.08544921875 943.937377929688 945.963012695312 940.196411132812 941.745544433594 946.45703125 943.495849609375 946.606689453125 952.003662109375 945.803161621094 943.628784179688 947.464660644531 953.318603515625 949.209411621094 941.261596679688 947.712890625 944.690307617188 954.854736328125 961.461303710938 955.539428710938 956.527160644531 948.441711425781 951.600280761719 960.323852539062 960.678527832031 951.909973144531 954.559326171875 956.10009765625 950.451965332031 956.802429199219 958.771911621094 969.746765136719
954.02001953125 957.777465820312 961.357727050781 953.670532226562 964.584838867188 956.288330078125 946.487365722656 949.342468261719 940.794860839844 941.517822265625 940.581359863281 941.67431640625 941.970825195312 941.480102539062 947.662292480469 955.976623535156 946.613342285156 943.510314941406 945.28466796875 950.537963867188 950.462219238281 954.722473144531 946.295043945312 948.084228515625 945.53662109375 943.912841796875 951.78515625 946.569030761719 945.265563964844 948.280639648438 953.658508300781 959.840148925781 960.968078613281 956.488525390625 951.078247070312 948.684143066406 949.146728515625 961.346252441406 961.409118652344 963.109985351562 958.406616210938 958.081237792969 955.281127929688 967.220886230469 972.624816894531 973.839233398438
957.46240234375 969.756713867188 962.648559570312 959.385681152344 956.957397460938 952.621948242188 946.290283203125 943.375244140625 939.054748535156 940.522338867188 937.382751464844 941.440307617188 947.564270019531 951.259338378906 956.670959472656 957.810180664062 954.232666015625 955.112243652344 949.74072265625 950.8125 955.83837890625 953.251281738281 954.257995605469 966.362731933594 959.945251464844 956.495971679688 961.145446777344 950.883666992188 953.810729980469 952.813110351562 948.862670898438 956.809509277344 962.116516113281 957.32421875 944.790832519531 940.882019042969 949.608825683594 954.714416503906 963.7275390625 958.779296875 964.234680175781 963.929382324219 966.615478515625 968.619018554688 974.301818847656 982.751831054688
956.274963378906 954.518737792969 949.275695800781 958.764892578125 957.790283203125 957.060607910156 954.276306152344 941.364624023438 945.191223144531 946.131164550781 945.713500976562 939.803344726562 944.694763183594 954.655151367188 954.346069335938 967.877197265625 962.91357421875 963.212768554688 955.110046386719 967.532165527344 968.981750488281 955.898986816406 951.179138183594 953.736755371094 961.49609375 965.841247558594 964.428649902344 958.423156738281 969.054504394531 959.622680664062 962.1474609375 960.520446777344 956.05615234375 958.826232910156 950.780029296875 947.074035644531 945.761840820312 952.347351074219 954.55029296875 960.829895019531 967.455688476562 967.087463378906 963.357055664062 969.477905273438 967.491455078125 979.002746582031
951.941284179688 946.268615722656 945.4765625 945.307067871094 949.146850585938 947.455749511719 946.755187988281 947.419311523438 945.672485351562 934.486206054688 939.843139648438 948.291442871094 954.514953613281 956.240356445312 958.460144042969 965.89306640625 963.965148925781 960.725891113281 961.948425292969 972.604675292969 960.806030273438 962.511352539062 959.004638671875 967.499328613281 968.450988769531 961.366638183594 959.854736328125 960.189331054688 958.370666503906 958.806701660156 959.631896972656 957.7568359375 951.528076171875 950.48974609375 953.651245117188 951.345520019531 947.666198730469 955.685485839844 955.851745605469 958.709411621094 964.11474609375 966.699768066406 966.703125 973.233154296875 975.658203125 983.33740234375
954.595947265625 942.965576171875 945.656066894531 941.907409667969 951.986938476562 940.667419433594 936.782104492188 934.168029785156 938.52587890625 940.494079589844 943.601196289062 951.051696777344 963.53076171875 956.039916992188 966.690979003906 964.218322753906 959.292053222656 962.674560546875 964.902526855469 970.5810546875 965.451416015625 968.592590332031 972.398864746094 971.486511230469 966.310852050781 964.541259765625 965.757629394531 956.075744628906 960.780639648438 962.303527832031 965.092834472656 959.591857910156 957.010681152344 962.8173828125 963.854614257812 956.999206542969 961.489013671875 951.761535644531 951.895141601562 967.258483886719 968.809326171875 976.680786132812 973.558959960938 978.504577636719 976.648315429688 980.730651855469
939.48681640625 945.373657226562 948.465454101562 936.915161132812 934.406433105469 929.001525878906 930.342346191406 927.906066894531 926.410339355469 946.060424804688 954.237243652344 957.736511230469 959.54296875 957.962768554688 961.092956542969 955.76953125 955.690673828125 958.575927734375 965.157043457031 960.186706542969 963.498718261719 971.318237304688 974.952941894531 975.414184570312 964.836181640625 970.713500976562 968.939086914062 963.123413085938 958.9384765625 973.191833496094 970.026428222656 968.351257324219 959.71484375 957.419372558594 962.295532226562 971.575256347656 959.2587890625 962.188110351562 967.644775390625 967.576904296875 979.46875 980.844787597656 980.383239746094 981.605529785156 989.021179199219 986.344787597656
943.266418457031 947.566101074219 947.083129882812 936.692687988281 934.804931640625 933.635375976562 939.733703613281 940.022338867188 939.124572753906 943.671569824219 951.641235351562 959.716918945312 974.582153320312 973.341186523438 969.144165039062 964.352661132812 961.845947265625 968.429992675781 971.261596679688 956.949035644531 967.247680664062 974.357360839844 969.942138671875 966.894836425781 964.939086914062 976.878356933594 973.585510253906 970.83203125 958.205688476562 978.13818359375 977.068969726562 977.755615234375 966.728149414062 975.791381835938 975.921264648438 967.409423828125 971.483093261719 966.095153808594 971.726440429688 978.889038085938 981.748596191406 987.835205078125 985.065124511719 986.100646972656 988.339782714844 992.414428710938
934.906433105469 937.178283691406 945.254272460938 934.175842285156 926.956665039062 938.939208984375 940.045959472656 942.315612792969 938.559265136719 947.133728027344 957.409362792969 967.895324707031 972.679260253906 974.794311523438 973.808532714844 975.988403320312 971.19775390625 969.077941894531 969.846069335938 969.865783691406 970.804443359375 968.603881835938 964.61962890625 963.712158203125 968.52783203125 979.633361816406 976.226684570312 978.094421386719 968.377746582031 975.405517578125 974.050109863281 978.709594726562 976.944946289062 985.698669433594 975.097290039062 978.124694824219 969.024108886719 980.438171386719 983.857849121094 987.831115722656 997.087524414062 996.088073730469 981.667053222656 981.440856933594 985.206970214844 991.095825195312
930.887878417969 932.289428710938 940.84375 936.985656738281 931.794799804688 933.838928222656 938.2822265625 947.34375 943.014404296875 949.433227539062 963.304016113281 963.93505859375 962.814697265625 963.13232421875 976.283020019531 976.47412109375 961.344482421875 966.894775390625 976.137023925781 973.65673828125 970.798461914062 970.771484375 974.526550292969 978.910766601562 972.306457519531 973.094665527344 973.683959960938 970.261413574219 972.6025390625 969.40771484375 975.153442382812 986.962585449219 988.419921875 988.007690429688 984.363403320312 975.218322753906 976.591674804688 978.900329589844 989.9638671875 990.692810058594 998.758972167969 993.258972167969 987.87841796875 986.557678222656 986.478637695312 990.887451171875
932.38720703125 936.556701660156 944.002807617188 935.386657714844 933.796203613281 938.210327148438 948.252868652344 955.080688476562 947.07958984375 950.131286621094 962.292846679688 966.0126953125 971.769470214844 967.037780761719 971.107849121094 971.222045898438 966.215454101562 968.349975585938 970.876098632812 973.909118652344 983.841552734375 980.425231933594 981.480590820312 972.118957519531 976.379699707031 977.782043457031 975.31298828125 968.486938476562 962.293334960938 976.297241210938 976.005126953125 980.270629882812 989.855834960938 986.270568847656 975.711486816406 967.932250976562 984.588012695312 990.919372558594 997.065673828125 1004.67578125 1002.78234863281 999.640197753906 995.440856933594 996.846801757812 993.868835449219 995.260986328125
935.524597167969 930.931091308594 929.942077636719 930.054626464844 934.349731445312 939.916137695312 948.226379394531 943.498352050781 948.914733886719 950.42724609375 949.9443359375 962.188720703125 963.802001953125 967.960632324219 976.655090332031 972.137329101562 975.381469726562 970.448486328125 970.851623535156 973.214782714844 984.587036132812 977.986206054688 985.461181640625 977.039367675781 978.51806640625 975.860961914062 977.948974609375 973.801635742188 961.949951171875 973.440307617188 976.383666992188 982.888427734375 985.155395507812 982.358154296875 979.459777832031 972.875061035156 980.539916992188 994.349487304688 1004.27587890625 1013.70703125 1011.37036132812 1018.58990478516 1001.38751220703 1002.69665527344 1007.83087158203 993.961059570312
926.546691894531 929.631408691406 931.814819335938 931.269470214844 935.353698730469 939.162536621094 938.943969726562 942.158203125 948.028259277344 955.505554199219 959.634033203125 964.378601074219 962.918273925781 961.877746582031 974.59716796875 975.485778808594 982.231628417969 975.270812988281 983.067260742188 986.269409179688 990.876525878906 984.590454101562 988.697204589844 986.832580566406 980.771911621094 975.8154296875 976.166809082031 979.98681640625 971.707397460938 976.589233398438 974.29150390625 967.571105957031 979.929382324219 979.741333007812 983.341918945312 991.227905273438 989.304260253906 992.634521484375 1007.51721191406 1014.22912597656 1011.72814941406 1014.697265625 1007.96850585938 1007.341796875 1006.77319335938 1010.52990722656
927.038635253906 931.247985839844 927.890747070312 933.481262207031 938.492126464844 941.963439941406 938.897155761719 945.908264160156 955.70068359375 953.33203125 956.912658691406 965.588195800781 970.189331054688 967.443969726562 970.284973144531 977.922973632812 978.3427734375 977.987487792969 989.392639160156 989.275146484375 994.727416992188 1001.59057617188 997.577026367188 987.029357910156 979.69287109375 986.713623046875 978.60009765625 973.997131347656 976.751647949219 971.498779296875 973.7041015625 971.693481445312 977.40283203125 982.882385253906 984.406066894531 989.132568359375 985.664184570312 1003.12805175781 1007.08703613281 1022.28985595703 1021.92779541016 1017.17633056641 1015.07092285156 1013.52703857422 1015.31158447266 1019.10797119141
934.669128417969 937.966857910156 938.952819824219 936.493103027344 941.252502441406 941.457275390625 938.299987792969 946.166198730469 957.965698242188 962.463134765625 959.037048339844 962.6376953125 972.304809570312 967.095703125 971.373840332031 981.160766601562 976.77978515625 979.300231933594 984.941589355469 988.156005859375 991.718078613281 991.409057617188 990.076599121094 992.195983886719 986.131225585938 987.579833984375 994.343017578125 980.953674316406 976.916442871094 984.610168457031 979.78564453125 983.493225097656 978.040283203125 985.683776855469 990.638671875 986.713439941406 988.930541992188 994.918823242188 1002.29034423828 1010.74151611328 1011.21563720703 1011.54833984375 1017.13092041016 1015.29479980469 1012.40936279297 1014.08935546875
