data/zlatibor_dem_simulations/DEMsim100.asc
NCOLS 150
NROWS 100
XLLCORNER 7394249
YLLCORNER 4841999
CELLSIZE 30
NODATA_VALUE -9999
[rows 40 to 59 of 100, columns 0 to 45 of 150]
952.926147460938 962.150634765625 962.949096679688 962.284912109375 969.027954101562 968.265319824219 962.615844726562 956.087585449219 960.368103027344 964.534240722656 964.561645507812 965.636474609375 964.850952148438 973.883850097656 970.77685546875 975.274230957031 979.913696289062 978.775207519531 984.75146484375 976.357238769531 982.819580078125 984.673278808594 982.321533203125 972.411743164062 976.952697753906 971.101745605469 968.709411621094 969.136901855469 963.185852050781 966.626159667969 976.013427734375 976.777587890625 977.979614257812 974.632080078125 980.239685058594 978.789916992188 979.879821777344 976.374145507812 978.072021484375 973.440246582031 975.806762695312 972.400146484375 973.315856933594 974.025695800781 969.477233886719 967.364562988281
943.566345214844 953.800598144531 957.193176269531 961.595397949219 963.157653808594 963.838989257812 966.638549804688 959.744262695312 959.94970703125 962.683471679688 964.223205566406 967.343688964844 966.276977539062 966.194580078125 962.469055175781 972.825317382812 979.072998046875 976.721008300781 978.654663085938 978.308654785156 979.82177734375 982.195007324219 981.201049804688 971.495666503906 972.934326171875 973.2392578125 969.836730957031 964.246765136719 966.901977539062 969.532836914062 982.809509277344 978.041809082031 970.664428710938 969.113403320312 971.600708007812 973.084533691406 976.41064453125 975.709350585938 979.508178710938 975.893188476562 982.515625 980.108947753906 976.110290527344 978.435180664062 975.368835449219 968.625671386719
941.436584472656 947.743896484375 954.251586914062 953.70556640625 951.18359375 954.914978027344 962.791076660156 964.015258789062 960.197570800781 955.864562988281 963.8037109375 962.943420410156 961.190979003906 967.569946289062 972.473876953125 971.269165039062 974.944519042969 978.177062988281 979.691772460938 977.990295410156 979.047485351562 982.577026367188 974.15380859375 967.416015625 963.045776367188 971.297668457031 966.478515625 969.947326660156 972.380310058594 982.606201171875 988.623901367188 979.065002441406 981.442443847656 978.864562988281 975.431823730469 977.203857421875 980.822509765625 979.060607910156 968.70068359375 972.87841796875 972.272277832031 963.718872070312 964.343872070312 975.27294921875 975.20166015625 972.464172363281
943.59130859375 943.293762207031 952.444274902344 947.303771972656 953.124328613281 953.335876464844 959.061462402344 959.630676269531 958.021911621094 967.381896972656 969.751647949219 966.944519042969 967.369934082031 964.386291503906 976.707214355469 975.747131347656 978.539001464844 983.80859375 985.692016601562 976.447265625 972.826904296875 975.269104003906 975.250549316406 968.953918457031 969.856384277344 973.327819824219 974.088928222656 974.643371582031 973.541137695312 980.684814453125 979.590087890625 980.655395507812 974.782836914062 973.586547851562 977.405395507812 976.852661132812 973.490234375 974.644592285156 975.215454101562 971.043823242188 972.993347167969 965.812744140625 966.244140625 970.146850585938 970.288452148438 970.32666015625
944.398620605469 953.89697265625 955.670166015625 951.789306640625 953.527282714844 957.304870605469 954.279479980469 955.465393066406 965.4873046875 969.914123535156 968.498352050781 967.625671386719 965.743774414062 963.6787109375 978.337707519531 980.157043457031 973.533752441406 982.445129394531 983.875610351562 966.968200683594 966.067932128906 964.063598632812 972.802429199219 972.420104980469 979.71435546875 969.1376953125 967.85546875 973.162963867188 980.207702636719 981.88623046875 977.374206542969 971.483276367188 975.881530761719 977.286437988281 971.884826660156 978.055847167969 975.445556640625 985.212280273438 972.577453613281 971.693298339844 974.040649414062 970.10791015625 976.203491210938 972.915771484375 966.572387695312 968.619384765625
946.703918457031 949.267395019531 961.496154785156 958.03955078125 961.7431640625 962.508422851562 961.785278320312 960.588439941406 963.515991210938 964.78955078125 962.576416015625 969.7939453125 971.867248535156 976.830749511719 975.806274414062 981.940368652344 976.130187988281 978.293273925781 972.431335449219 968.154113769531 961.516357421875 961.736328125 971.183410644531 978.541625976562 970.446899414062 963.24755859375 966.329528808594 973.708618164062 981.441467285156 983.751953125 984.5263671875 974.456481933594 971.217346191406 972.997192382812 972.842163085938 974.633911132812 966.5888671875 969.533813476562 970.977600097656 972.139465332031 964.343811035156 965.272216796875 971.60595703125 972.084899902344 972.975952148438 974.797912597656
943.921203613281 953.950012207031 960.527587890625 957.258117675781 958.526733398438 960.610168457031 962.970886230469 963.832214355469 966.714965820312 966.694641113281 966.645751953125 969.173706054688 971.249938964844 974.84521484375 974.023315429688 985.027648925781 978.933654785156 966.955261230469 969.644897460938 972.543151855469 967.970397949219 960.896850585938 972.833435058594 976.528869628906 961.467651367188 959.258056640625 964.870666503906 975.534362792969 980.056457519531 976.689025878906 977.295776367188 982.418395996094 983.735961914062 978.871826171875 969.016540527344 967.147888183594 962.932495117188 961.281616210938 964.568420410156 965.85595703125 964.468017578125 965.743713378906 967.525512695312 968.948364257812 971.368041992188 971.093383789062
943.464050292969 952.56689453125 949.251831054688 958.193481445312 961.3935546875 962.859802246094 958.284484863281 963.819274902344 967.812255859375 973.586120605469 964.369018554688 966.125427246094 963.987731933594 972.99169921875 971.228210449219 973.15380859375 972.681213378906 972.832824707031 968.918884277344 965.006469726562 966.061950683594 965.723083496094 967.921325683594 967.594848632812 962.758361816406 965.613464355469 964.762023925781 970.863159179688 964.590515136719 968.898864746094 969.07470703125 977.990417480469 979.920837402344 969.90576171875 964.988891601562 969.1025390625 966.77001953125 951.5087890625 959.614990234375 956.110900878906 968.582946777344 972.822692871094 960.56396484375 959.743530273438 961.15673828125 964.293762207031
944.8984375 944.796813964844 956.853820800781 952.19873046875 959.867553710938 955.650085449219 960.782958984375 963.268676757812 969.033508300781 974.824890136719 965.447143554688 961.940307617188 961.859558105469 965.128295898438 972.902099609375 979.875305175781 979.282531738281 971.5986328125 970.080749511719 964.321472167969 971.403198242188 969.09521484375 971.710205078125 969.580993652344 961.760559082031 978.389099121094 967.318237304688 965.931762695312 965.328125 966.242553710938 972.546569824219 969.115600585938 980.611145019531 973.534362792969 971.447692871094 977.281616210938 964.8818359375 954.262756347656 959.934326171875 960.814270019531 966.084533691406 974.670959472656 966.485961914062 958.796508789062 953.359741210938 957.742431640625
950.497497558594 959.628601074219 965.291381835938 961.231506347656 959.359619140625 965.026184082031 973.255676269531 962.005676269531 965.285095214844 971.14453125 969.761108398438 966.695007324219 970.046936035156 977.811950683594 974.453430175781 968.408142089844 974.74169921875 977.459899902344 963.635925292969 965.969177246094 969.376159667969 972.693786621094 976.526428222656 972.341613769531 970.942138671875 970.740661621094 966.0537109375 962.822692871094 962.844543457031 968.6484375 966.278259277344 970.782043457031 973.948425292969 967.270324707031 975.886657714844 972.364807128906 963.801513671875 959.203857421875 960.797424316406 959.064270019531 963.244750976562 971.6376953125 960.468811035156 962.99072265625 958.748168945312 958.6455078125
947.489379882812 950.746459960938 960.607360839844 963.4873046875 953.870666503906 952.308349609375 967.68994140625 968.629211425781 971.254638671875 972.531616210938 968.484741210938 969.13623046875 970.749877929688 983.370544433594 977.788635253906 972.504272460938 965.807983398438 979.400512695312 967.441345214844 960.58203125 958.739074707031 970.153198242188 975.771545410156 968.855102539062 961.2314453125 967.225524902344 962.443603515625 957.945495605469 961.632751464844 967.796752929688 972.451721191406 970.414855957031 966.681396484375 968.516174316406 967.525756835938 970.507690429688 972.005432128906 970.187072753906 956.637145996094 967.091613769531 964.028503417969 961.216674804688 961.526794433594 953.931640625 954.497985839844 963.760864257812
946.698120117188 947.764221191406 951.929077148438 959.586608886719 966.046752929688 957.130126953125 964.09716796875 971.271301269531 978.118896484375 973.383056640625 972.071411132812 969.212036132812 975.295593261719 975.100158691406 981.742736816406 977.042907714844 975.525085449219 965.102600097656 965.954650878906 962.223754882812 963.095153808594 963.952880859375 970.42041015625 966.580688476562 963.192199707031 956.601318359375 960.289123535156 962.099060058594 965.213806152344 966.407043457031 968.854064941406 973.256103515625 967.171630859375 960.901550292969 963.703552246094 967.894287109375 969.106323242188 968.594665527344 967.808715820312 962.03271484375 955.768615722656 963.966125488281 965.999145507812 957.909973144531 961.169555664062 958.388916015625
951.255859375 955.554260253906 956.113647460938 962.97509765625 966.34033203125 971.17724609375 974.775939941406 972.214416503906 980.716674804688 964.495971679688 975.655700683594 978.003295898438 976.545654296875 975.804260253906 980.5068359375 973.72021484375 966.110229492188 961.702575683594 966.31591796875 971.142517089844 959.086608886719 960.138854980469 956.236511230469 963.098083496094 956.44287109375 957.042297363281 959.003662109375 961.232666015625 965.274841308594 972.297058105469 969.130004882812 967.602600097656 963.324279785156 962.166564941406 962.549743652344 962.798034667969 970.967834472656 952.233642578125 963.75 960.472839355469 964.1455078125 967.63037109375 969.210083007812 960.101257324219 958.839111328125 958.879821777344
958.924072265625 960.766418457031 958.972900390625 957.768676757812 961.634155273438 968.080810546875 975.697326660156 975.500366210938 978.013610839844 967.45654296875 973.638671875 972.493896484375 980.941345214844 978.955444335938 975.184753417969 973.27490234375 958.570190429688 965.980590820312 976.011108398438 964.945251464844 955.322265625 963.819946289062 969.066101074219 962.991394042969 962.963073730469 952.052734375 955.078552246094 959.407531738281 958.966613769531 972.175415039062 966.609741210938 963.142700195312 959.641784667969 957.341369628906 965.347045898438 969.414184570312 960.727355957031 960.488952636719 965.166625976562 963.035339355469 957.904113769531 964.25634765625 964.611938476562 964.957153320312 958.393676757812 961.170288085938
961.499694824219 966.873901367188 961.896850585938 962.748168945312 976.720581054688 985.946594238281 979.718566894531 981.519226074219 969.515930175781 962.907287597656 974.248046875 979.013366699219 981.972473144531 977.463684082031 978.796447753906 973.653137207031 959.316040039062 965.469909667969 972.994689941406 968.986450195312 965.074096679688 964.096618652344 960.922485351562 960.881164550781 960.533813476562 952.652221679688 953.722961425781 955.107666015625 959.8232421875 967.988220214844 955.538696289062 960.131225585938 960.395751953125 958.426147460938 963.997680664062 969.8017578125 961.694213867188 964.140930175781 970.1796875 959.876892089844 964.018920898438 960.781311035156 959.947875976562 956.755981445312 963.195434570312 960.567626953125
969.437561035156 970.625610351562 963.982055664062 971.363891601562 976.543151855469 974.587036132812 989.266967773438 976.288146972656 967.123413085938 975.555908203125 972.643310546875 973.140869140625 973.17578125 967.144470214844 969.149658203125 973.806030273438 967.595397949219 969.928344726562 971.375915527344 967.884643554688 967.230285644531 974.236694335938 963.014465332031 962.173767089844 960.612426757812 961.078125 952.228393554688 948.420959472656 960.918273925781 954.343994140625 953.232177734375 952.038208007812 958.592834472656 957.044372558594 968.662170410156 961.305786132812 958.242736816406 959.217834472656 955.783569335938 949.982849121094 955.8291015625 957.325622558594 957.562194824219 963.438171386719 964.123901367188 963.9052734375
959.684387207031 964.326538085938 971.752319335938 975.157409667969 975.106811523438 972.644348144531 971.444763183594 971.574645996094 968.530334472656 965.433898925781 967.644226074219 965.75390625 959.654113769531 962.102416992188 968.273071289062 976.183471679688 981.724426269531 973.148986816406 968.784484863281 965.67919921875 964.498962402344 963.126342773438 964.930358886719 964.3505859375 964.637756347656 958.659851074219 953.762756347656 953.693176269531 953.378295898438 957.167663574219 955.836486816406 949.186767578125 959.067443847656 966.104797363281 971.346008300781 961.807983398438 954.507446289062 956.184875488281 955.7080078125 950.673217773438 953.148132324219 949.061950683594 949.296997070312 961.475402832031 956.727661132812 952.359008789062
954.472717285156 958.273681640625 959.144775390625 966.353637695312 971.855895996094 970.736511230469 970.831909179688 973.124877929688 972.962158203125 974.593872070312 976.500732421875 975.492431640625 960.590698242188 960.824951171875 974.792175292969 980.371276855469 979.365295410156 968.141784667969 968.768371582031 962.42626953125 974.527160644531 972.279541015625 967.684875488281 959.022094726562 960.160095214844 951.543029785156 945.431640625 955.462829589844 954.298828125 958.504150390625 947.201049804688 950.711547851562 965.76220703125 961.361328125 962.203063964844 959.939819335938 955.185607910156 961.123596191406 951.877685546875 942.60986328125 954.83642578125 952.396484375 948.780822753906 960.2880859375 957.932495117188 954.006774902344
958.557739257812 967.838439941406 963.768798828125 966.708984375 971.158325195312 967.77392578125 971.368774414062 977.087158203125 973.950317382812 983.934265136719 974.729309082031 967.761352539062 965.396728515625 963.087646484375 966.611450195312 975.526489257812 977.241943359375 970.078979492188 968.930236816406 972.43505859375 974.010009765625 970.216491699219 967.284301757812 960.577453613281 956.288818359375 947.712280273438 943.934387207031 949.815856933594 960.370300292969 954.219787597656 953.412292480469 952.620910644531 965.758117675781 962.853454589844 958.701354980469 952.868103027344 959.8505859375 952.855895996094 957.148315429688 948.808959960938 949.713012695312 955.373046875 961.525695800781 956.604370117188 953.876953125 950.128295898438
964.791625976562 969.166137695312 964.4267578125 972.621398925781 980.2666015625 971.062438964844 968.487487792969 972.749877929688 974.123779296875 982.742492675781 969.331604003906 963.669311523438 952.660400390625 964.865295410156 965.739135742188 966.103576660156 968.273803710938 973.812072753906 975.3173828125 973.037170410156 965.519165039062 958.130187988281 960.403869628906 955.531188964844 949.398559570312 954.373718261719 940.016784667969 953.067138671875 955.752014160156 948.40576171875 953.316650390625 951.160217285156 958.213928222656 958.516174316406 953.816711425781 947.478759765625 951.7607421875 959.4765625 957.076110839844 953.513732910156 952.333618164062 954.494873046875 955.088684082031 950.518188476562 950.430908203125 957.823913574219
