data/zlatibor_dem_simulations/DEMsim9.asc
NCOLS 150
NROWS 100
XLLCORNER 7394249
YLLCORNER 4841999
CELLSIZE 30
NODATA_VALUE -9999
[rows 20 to 39 of 100, columns 0 to 45 of 150]
948.974182128906 948.902221679688 950.0869140625 954.932678222656 954.995910644531 953.198913574219 960.3271484375 967.177307128906 968.207580566406 975.784118652344 967.75537109375 961.462951660156 962.934875488281 964.151306152344 963.508117675781 965.255920410156 963.033996582031 973.277282714844 960.957275390625 966.462951660156 964.840087890625 970.392822265625 981.043273925781 978.128356933594 988.983459472656 995.370849609375 999.555725097656 998.882202148438 1006.69750976562 1013.94195556641 1014.67834472656 1011.99609375 1023.67596435547 1027.3798828125 1020.72113037109 1021.33190917969 1017.84228515625 1014.01782226562 1024.89636230469 1029.98376464844 1034.05590820312 1038.04907226562 1034.38891601562 1036.60083007812 1026.91162109375 1027.77783203125
949.409973144531 948.243347167969 950.644348144531 954.961547851562 952.653747558594 946.567199707031 947.745056152344 952.900634765625 964.606872558594 963.436096191406 966.818786621094 953.943176269531 957.287170410156 954.577819824219 951.184020996094 955.357177734375 957.532287597656 953.715637207031 960.354125976562 957.178771972656 961.531372070312 967.833374023438 972.173583984375 981.265747070312 989.311584472656 995.503356933594 1004.71319580078 1007.32446289062 1012.14221191406 1015.8994140625 1018.03784179688 1017.7109375 1013.64910888672 1014.90783691406 1016.72613525391 1017.61157226562 1019.4951171875 1019.69567871094 1017.87524414062 1027.82177734375 1029.33935546875 1027.55725097656 1035.62902832031 1034.22253417969 1022.80871582031 1025.68872070312
943.689758300781 947.866516113281 949.715148925781 947.954650878906 941.679626464844 951.398315429688 950.823669433594 949.545959472656 957.103881835938 956.372619628906 960.494506835938 949.293334960938 950.501281738281 946.093200683594 947.259643554688 949.428161621094 951.19384765625 947.025024414062 949.018859863281 952.260192871094 964.947204589844 963.92529296875 964.4931640625 971.788818359375 985.682922363281 992.64111328125 1000.87475585938 1018.46234130859 1016.75836181641 1013.81524658203 1011.66552734375 1011.70379638672 1015.22924804688 1009.42388916016 1015.26062011719 1016.41149902344 1017.77435302734 1017.57922363281 1014.55212402344 1024.09143066406 1031.13366699219 1031.99182128906 1029.2138671875 1027.22424316406 1023.6884765625 1019.43579101562
946.470581054688 943.658569335938 942.230224609375 947.875549316406 953.633911132812 950.552978515625 951.01025390625 950.4306640625 949.155822753906 956.475524902344 958.38037109375 956.802062988281 953.434387207031 944.826416015625 949.719055175781 956.149841308594 949.526184082031 953.260864257812 955.811950683594 953.730041503906 963.620483398438 961.289672851562 961.435424804688 981.147338867188 985.04541015625 993.914733886719 994.918518066406 1003.14495849609 1003.73205566406 996.023132324219 1004.52001953125 1002.73413085938 1003.91558837891 1008.03674316406 1005.96984863281 1010.85717773438 1014.87780761719 1018.14337158203 1017.50469970703 1022.29144287109 1022.30035400391 1020.68054199219 1019.04736328125 1016.61932373047 1017.95556640625 1018.36859130859
937.21435546875 946.739013671875 940.28564453125 950.88427734375 954.853759765625 956.835266113281 960.578002929688 955.313720703125 950.766418457031 953.87890625 960.777160644531 954.464416503906 949.9404296875 952.561828613281 953.519409179688 950.728271484375 952.26513671875 942.821044921875 943.880004882812 963.933898925781 961.261901855469 963.86572265625 968.560546875 969.220458984375 988.316223144531 993.814758300781 991.612121582031 994.81787109375 999.585327148438 992.861083984375 1002.98382568359 1002.02880859375 989.343933105469 998.832885742188 995.813781738281 1001.33093261719 1013.80194091797 1011.11889648438 1009.31518554688 1015.60998535156 1016.72473144531 1025.55651855469 1017.85168457031 1014.98809814453 1009.76434326172 1016.95404052734
945.87158203125 946.915771484375 942.472595214844 952.25146484375 959.062683105469 970.469604492188 967.204284667969 961.189880371094 964.89306640625 956.338195800781 956.441772460938 963.789672851562 966.913635253906 954.263305664062 954.767944335938 957.106201171875 961.849060058594 957.498779296875 956.127075195312 964.629516601562 960.404113769531 967.538879394531 979.891418457031 979.702087402344 986.189392089844 984.001586914062 994.640930175781 1000.6337890625 995.010681152344 995.433227539062 997.237854003906 994.623168945312 992.460083007812 994.275085449219 995.37548828125 1007.73645019531 1006.28118896484 1011.43054199219 1010.81329345703 1012.51416015625 1012.89825439453 1016.14202880859 1018.9150390625 1018.57141113281 1018.61682128906 1009.84710693359
954.841247558594 956.517883300781 960.824096679688 960.832275390625 952.233154296875 963.100952148438 966.591735839844 961.108947753906 961.307434082031 967.272033691406 956.742065429688 960.3642578125 966.88720703125 956.686279296875 968.655456542969 969.158630371094 958.939025878906 968.469970703125 970.455688476562 969.42138671875 969.699951171875 976.131713867188 981.228271484375 987.93212890625 993.264587402344 993.687622070312 998.122863769531 993.403564453125 991.176940917969 990.334289550781 993.649780273438 993.005187988281 992.053833007812 996.450805664062 993.775207519531 1001.09991455078 1005.59875488281 1009.64337158203 1008.75238037109 1007.47497558594 1014.24255371094 1015.75939941406 1018.62158203125 1013.888671875 1005.79083251953 1007.45111083984
962.014465332031 955.299865722656 962.018310546875 963.548645019531 961.959411621094 957.992614746094 960.269348144531 958.320861816406 959.208068847656 966.781921386719 966.819396972656 968.234313964844 974.623596191406 973.637023925781 966.94677734375 966.985595703125 973.18017578125 977.640319824219 979.211853027344 974.782653808594 979.411010742188 983.016052246094 985.560668945312 981.7548828125 991.45703125 988.678466796875 985.720458984375 991.729125976562 996.69091796875 993.425048828125 989.23583984375 988.4013671875 989.938659667969 994.222839355469 991.2333984375 1001.27801513672 1000.77233886719 1001.38446044922 995.713623046875 999.965759277344 1003.62823486328 1005.34289550781 1011.76782226562 1009.38879394531 1005.87896728516 1005.42913818359
955.485229492188 961.518737792969 955.644836425781 957.278625488281 961.202880859375 965.111755371094 962.950073242188 964.292846679688 965.721435546875 979.107971191406 974.311218261719 978.834533691406 981.297302246094 979.999328613281 971.043029785156 964.697326660156 975.669494628906 983.910217285156 972.137268066406 974.603942871094 983.461547851562 994.220336914062 987.407775878906 987.053527832031 987.444519042969 981.307189941406 985.692993164062 989.098754882812 987.294555664062 991.5634765625 986.534301757812 993.139099121094 983.800720214844 987.444396972656 989.044555664062 1000.06048583984 999.762817382812 995.056518554688 997.409362792969 991.93115234375 996.269348144531 1010.15911865234 1011.39904785156 1004.42181396484 998.444396972656 995.989868164062
955.026672363281 953.056579589844 954.664123535156 963.579467773438 962.59375 962.157592773438 959.299133300781 956.798034667969 962.741760253906 971.991088867188 973.776611328125 985.947387695312 980.755798339844 971.853820800781 968.372741699219 970.12353515625 978.795532226562 984.532653808594 975.479919433594 986.98291015625 993.596618652344 993.574951171875 998.15087890625 993.304321289062 989.803283691406 989.867797851562 982.119750976562 984.895812988281 985.367065429688 985.412231445312 982.275634765625 990.853820800781 991.498413085938 988.157836914062 990.825073242188 994.24755859375 988.245727539062 990.644348144531 983.847412109375 990.075805664062 989.818359375 998.988586425781 1002.07263183594 996.397033691406 999.401062011719 996.834533691406
962.095886230469 957.108520507812 960.102478027344 960.4765625 969.554748535156 962.908447265625 958.682373046875 958.430541992188 967.110229492188 971.317077636719 974.348327636719 982.475952148438 980.435546875 970.920471191406 979.881103515625 973.082641601562 975.698913574219 982.05419921875 979.326232910156 990.453918457031 993.700744628906 992.55029296875 989.204223632812 993.007385253906 993.473571777344 982.485046386719 975.448669433594 984.674438476562 980.658020019531 987.5810546875 986.72607421875 990.611511230469 991.95263671875 998.343200683594 992.40673828125 989.334289550781 990.019348144531 985.544006347656 980.109436035156 986.471984863281 989.268493652344 991.621887207031 988.247009277344 990.924682617188 1002.52166748047 1000.24719238281
960.826782226562 965.239379882812 961.945373535156 963.793029785156 969.558532714844 971.054321289062 958.818237304688 964.015319824219 970.615783691406 972.591247558594 983.024230957031 980.316711425781 977.026062011719 975.687072753906 977.485534667969 977.104431152344 976.529663085938 983.735168457031 987.620239257812 982.362976074219 990.641540527344 986.22705078125 987.252380371094 992.325073242188 991.091613769531 982.784790039062 978.044006347656 979.809326171875 987.249755859375 981.17822265625 988.136169433594 992.772094726562 1008.05096435547 994.813842773438 992.09033203125 990.296813964844 990.240905761719 977.9013671875 978.658203125 982.822631835938 995.511840820312 988.123229980469 993.575439453125 985.383117675781 992.533935546875 988.205139160156
961.249389648438 966.208984375 970.358947753906 969.79931640625 970.240661621094 962.237365722656 964.603942871094 972.206359863281 964.757568359375 976.8154296875 975.751342773438 978.198486328125 981.912780761719 973.913452148438 969.863037109375 970.881958007812 977.065673828125 975.978698730469 985.398376464844 981.230346679688 976.348937988281 988.382080078125 989.554931640625 990.234191894531 984.302001953125 987.9267578125 981.166381835938 981.4736328125 982.494079589844 981.020690917969 993.435546875 998.233032226562 994.324401855469 994.189208984375 992.280212402344 987.003845214844 982.182067871094 978.88720703125 982.066101074219 986.7099609375 984.205688476562 984.550537109375 994.717529296875 995.66259765625 993.400451660156 984.138427734375
954.862487792969 961.287231445312 963.283325195312 968.700073242188 969.316345214844 975.593872070312 973.760498046875 974.599792480469 974.344421386719 975.53076171875 981.453369140625 970.331298828125 974.374206542969 976.005737304688 978.150939941406 969.776916503906 976.300537109375 975.319458007812 987.640808105469 985.154541015625 981.364318847656 987.832641601562 987.514038085938 987.954956054688 989.433349609375 985.022338867188 982.18994140625 982.323181152344 978.018615722656 981.556579589844 979.758483886719 989.7685546875 987.968505859375 999.851745605469 988.135131835938 987.944946289062 984.781005859375 979.589904785156 984.750183105469 981.336730957031 983.176696777344 982.201293945312 990.894897460938 996.027404785156 986.325561523438 983.5146484375
948.136596679688 951.449584960938 961.937744140625 968.022827148438 963.074951171875 977.876770019531 965.244750976562 976.751037597656 979.152099609375 977.17236328125 976.083374023438 977.945983886719 980.02001953125 974.903747558594 978.106750488281 972.04833984375 979.236999511719 981.930480957031 976.827392578125 994.253967285156 985.210388183594 991.518981933594 988.867614746094 981.289184570312 981.943969726562 983.146057128906 973.868408203125 982.776062011719 978.325012207031 980.678771972656 991.390930175781 982.358947753906 991.343627929688 992.332092285156 986.788513183594 985.179443359375 975.460571289062 988.353454589844 982.102600097656 979.490112304688 981.520751953125 993.714050292969 993.513854980469 993.591613769531 985.032287597656 978.392333984375
944.752807617188 951.591247558594 965.898010253906 959.474243164062 959.350769042969 968.961364746094 968.15576171875 975.124938964844 970.308227539062 971.316650390625 984.632202148438 977.732543945312 975.134887695312 979.856018066406 980.041748046875 984.327514648438 970.440246582031 961.600769042969 973.763305664062 984.403991699219 983.7099609375 982.586242675781 982.149658203125 981.835693359375 978.182983398438 981.972717285156 975.085327148438 977.24365234375 973.804748535156 983.119873046875 983.776428222656 977.298156738281 974.399108886719 982.273620605469 974.908752441406 975.498413085938 986.376708984375 978.180358886719 981.087280273438 973.943481445312 973.963195800781 986.465026855469 985.13037109375 989.940612792969 982.584899902344 973.163940429688
947.145263671875 961.632934570312 961.0498046875 962.31884765625 965.52685546875 967.557434082031 964.347412109375 976.027587890625 970.444763183594 961.193786621094 973.504028320312 972.488403320312 971.501953125 969.830932617188 974.330139160156 976.131958007812 971.897155761719 962.804077148438 968.244506835938 980.83447265625 987.838562011719 978.860107421875 980.439575195312 983.876770019531 984.103271484375 986.111511230469 985.854248046875 981.27197265625 981.059204101562 981.539367675781 987.660400390625 976.455261230469 974.451049804688 981.974670410156 981.815307617188 976.182556152344 974.406982421875 971.837951660156 974.16943359375 975.874633789062 975.78759765625 973.704467773438 981.10693359375 975.565246582031 972.08447265625 967.568054199219
959.655151367188 968.555297851562 968.573669433594 972.384582519531 969.303955078125 968.767272949219 966.249389648438 971.477478027344 955.041625976562 951.959411621094 964.279663085938 960.974975585938 965.530517578125 962.543334960938 968.524475097656 973.72998046875 974.98095703125 967.381530761719 975.8212890625 978.647033691406 977.108032226562 983.164916992188 980.867492675781 979.399230957031 983.169860839844 980.807189941406 979.802673339844 974.449401855469 980.251098632812 976.378784179688 983.625183105469 980.725952148438 971.898864746094 969.474182128906 976.103454589844 984.613159179688 984.56982421875 977.14306640625 977.546875 974.477722167969 976.084411621094 975.2080078125 975.42431640625 973.6640625 968.089233398438 964.060791015625
960.596862792969 975.243713378906 964.060485839844 972.351196289062 976.956176757812 970.93408203125 970.537902832031 963.4296875 957.735473632812 957.448425292969 962.027770996094 971.126342773438 968.721008300781 967.372985839844 967.726257324219 970.632141113281 968.323425292969 973.818176269531 974.822326660156 982.805236816406 971.857299804688 978.361145019531 975.215454101562 976.713806152344 975.755859375 967.804382324219 968.177612304688 975.412963867188 981.221008300781 977.800109863281 978.895324707031 978.513427734375 971.126037597656 975.703979492188 983.06494140625 986.780212402344 987.75 977.509704589844 980.840698242188 977.386108398438 967.095886230469 967.567626953125 971.0087890625 979.256286621094 975.265625 966.799438476562
964.568115234375 966.365112304688 962.279357910156 963.304626464844 969.230834960938 967.18798828125 964.427429199219 957.720153808594 963.044311523438 960.645629882812 962.656860351562 963.039306640625 975.365478515625 967.583801269531 969.6318359375 975.555786132812 972.403930664062 982.643249511719 978.310119628906 979.592529296875 979.326232910156 976.465515136719 966.034057617188 969.08251953125 954.433898925781 961.06396484375 966.133666992188 976.758239746094 975.717102050781 978.791870117188 981.805847167969 979.245361328125 980.4521484375 987.945068359375 983.673461914062 988.594482421875 983.641479492188 982.637634277344 984.236328125 980.491577148438 979.724914550781 979.65283203125 978.905700683594 983.075561523438 969.5439453125 969.799072265625
