data/zlatibor_dem_simulations/DEMsim62.asc
NCOLS 150
NROWS 100
XLLCORNER 7394249
YLLCORNER 4841999
CELLSIZE 30
NODATA_VALUE -9999
[rows 20 to 39 of 100, columns 92 to 137 of 150]
981.9853515625 984.128234863281 983.352172851562 988.746948242188 998.755432128906 1003.04486083984 1001.15069580078 987.035888671875 983.669677734375 983.617309570312 990.089599609375 979.341003417969 982.393981933594 979.055358886719 983.694885253906 991.361694335938 988.736022949219 974.372436523438 970.508544921875 958.649291992188 952.044921875 950.986083984375 938.424072265625 933.352172851562 944.898681640625 949.606872558594 943.69970703125 950.810180664062 973.505676269531 985.340026855469 986.749328613281 995.757629394531 1006.80578613281 1013.77276611328 1013.18634033203 1029.21545410156 1035.740234375 1044.02893066406 1048.00476074219 1046.39855957031 1050.44934082031 1052.82885742188 1055.17028808594 1053.85217285156 1057.31823730469 1057.755859375
1008.81188964844 1005.62451171875 1005.34637451172 1003.83776855469 1006.23083496094 1008.19641113281 991.878479003906 988.468200683594 990.197448730469 988.724243164062 990.751831054688 989.870971679688 987.972351074219 987.408508300781 988.816528320312 993.763305664062 983.761535644531 974.801818847656 972.916381835938 963.223083496094 943.822875976562 945.380187988281 947.326843261719 942.0341796875 945.754028320312 948.640502929688 956.657409667969 963.464538574219 988.857360839844 1001.45391845703 1006.36187744141 1010.70428466797 1019.04296875 1017.73553466797 1021.16064453125 1022.78704833984 1032.80651855469 1047.30920410156 1045.33325195312 1049.83154296875 1047.48693847656 1047.26086425781 1055.11584472656 1061.42687988281 1052.32604980469 1057.2666015625
1004.51239013672 1018.54162597656 1022.15753173828 1020.78820800781 1013.81866455078 1007.16979980469 995.053039550781 991.730590820312 992.011108398438 991.480712890625 1003.58404541016 1001.21447753906 1001.48907470703 999.480773925781 999.889831542969 995.448120117188 990.458801269531 973.5478515625 962.7060546875 954.705261230469 946.509460449219 943.521179199219 941.213562011719 948.284118652344 945.775451660156 951.909057617188 964.736755371094 979.652709960938 987.785461425781 998.386901855469 1009.39331054688 1019.23822021484 1029.28759765625 1030.85961914062 1028.97253417969 1033.81787109375 1039.50085449219 1044.30322265625 1047.85668945312 1050.61437988281 1054.29541015625 1041.70690917969 1046.18713378906 1058.24572753906 1052.34460449219 1047.30932617188
1011.42419433594 1030.52734375 1028.85266113281 1027.32360839844 1019.37603759766 1009.05108642578 998.719970703125 992.864807128906 984.206481933594 990.939758300781 1004.98101806641 1001.83850097656 1008.54620361328 1009.09802246094 1009.85778808594 996.555419921875 987.550842285156 977.239807128906 962.469970703125 949.797790527344 946.585266113281 940.667358398438 946.30419921875 950.780883789062 950.799255371094 956.26708984375 975.476989746094 994.527282714844 992.638671875 1011.88775634766 1014.82366943359 1026.64990234375 1037.78674316406 1039.10046386719 1031.10095214844 1042.64416503906 1043.18603515625 1049.76965332031 1048.74926757812 1056.14343261719 1055.07275390625 1047.98510742188 1041.17919921875 1045.82592773438 1054.87634277344 1053.31872558594
1014.12554931641 1026.78295898438 1032.4091796875 1029.767578125 1025.99548339844 1013.71411132812 1000.51641845703 992.771179199219 990.329956054688 999.330871582031 1000.57330322266 997.124816894531 1011.14440917969 1011.69921875 1012.21044921875 992.291870117188 989.830078125 969.862365722656 960.334289550781 948.905578613281 937.732360839844 939.201354980469 944.585327148438 948.072875976562 948.723449707031 959.944213867188 981.079833984375 992.778503417969 1005.62243652344 1014.90167236328 1025.13171386719 1034.40979003906 1044.05139160156 1038.53125 1037.939453125 1042.10168457031 1047.56506347656 1039.07141113281 1040.56921386719 1044.52746582031 1043.90991210938 1046.25439453125 1040.82312011719 1045.65185546875 1050.96228027344 1052.61682128906
1020.64135742188 1025.92211914062 1027.55969238281 1030.56689453125 1024.63488769531 1006.16223144531 1007.37707519531 999.609558105469 1002.86553955078 999.821533203125 1011.95434570312 1004.33270263672 1009.28839111328 1007.49932861328 1009.96319580078 996.082092285156 976.999633789062 970.028076171875 958.050842285156 953.359069824219 939.367858886719 948.75830078125 948.603393554688 957.908874511719 959.447692871094 972.223449707031 987.621459960938 991.176452636719 1002.79473876953 1009.63830566406 1018.45928955078 1033.8115234375 1038.6279296875 1039.8447265625 1033.49658203125 1044.97387695312 1035.60778808594 1044.15393066406 1041.20812988281 1038.92797851562 1041.50085449219 1045.49133300781 1042.49304199219 1049.29382324219 1055.14782714844 1051.98364257812
1019.98760986328 1025.69384765625 1030.68859863281 1021.74755859375 1017.44146728516 1008.11444091797 1003.72052001953 1007.56097412109 1003.35150146484 998.426574707031 998.260803222656 1006.01129150391 996.552001953125 1000.69573974609 994.812316894531 990.711791992188 980.092956542969 974.774719238281 966.454833984375 944.837707519531 943.343139648438 956.792419433594 953.603820800781 961.809936523438 969.450073242188 982.516052246094 989.512939453125 996.86181640625 1000.53247070312 1006.17749023438 1014.74621582031 1029.64343261719 1039.9765625 1037.28186035156 1038.84606933594 1037.90905761719 1038.09790039062 1042.90209960938 1042.63110351562 1035.95971679688 1046.50830078125 1048.9326171875 1039.69812011719 1046.94421386719 1060.29943847656 1055.38330078125
1028.02453613281 1031.74304199219 1026.59460449219 1021.43768310547 1016.97705078125 1009.00054931641 1000.58697509766 992.932006835938 989.591125488281 1001.32824707031 992.437805175781 995.2333984375 988.513854980469 985.764221191406 985.015014648438 985.147705078125 977.425720214844 968.425842285156 957.994201660156 957.305053710938 954.982055664062 963.349426269531 960.360961914062 963.948181152344 975.866516113281 982.860961914062 986.884155273438 993.959228515625 999.487976074219 1009.75677490234 1020.32403564453 1020.15887451172 1034.89892578125 1043.47399902344 1037.83959960938 1042.99987792969 1044.72253417969 1041.59973144531 1043.63842773438 1037.02490234375 1042.3369140625 1043.28454589844 1041.61682128906 1053.791015625 1064.44372558594 1059.5947265625
1022.98889160156 1025.66369628906 1013.41925048828 1017.86273193359 1015.60260009766 1000.94812011719 1000.47052001953 986.141418457031 984.604431152344 991.156677246094 981.598449707031 984.399291992188 996.173706054688 995.825317382812 992.073303222656 984.044128417969 981.453857421875 965.834655761719 963.393432617188 956.546142578125 961.057495117188 957.547668457031 957.265380859375 967.391662597656 975.722900390625 985.587585449219 990.0439453125 995.503845214844 1001.626953125 1018.42498779297 1018.95166015625 1036.39123535156 1025.16284179688 1035.54602050781 1039.19897460938 1037.86889648438 1037.15930175781 1037.17126464844 1031.79992675781 1032.73388671875 1035.6220703125 1036.48559570312 1041.3251953125 1044.369140625 1054.25244140625 1056.47802734375
1018.83734130859 1022.6083984375 1006.16687011719 1014.25946044922 1008.36730957031 996.885803222656 994.663940429688 984.611633300781 982.142578125 982.685974121094 990.903564453125 986.094116210938 992.018676757812 1003.90368652344 1002.98559570312 995.927001953125 985.527648925781 972.395935058594 962.502624511719 958.004028320312 939.069458007812 942.197631835938 952.317932128906 959.843200683594 971.052856445312 981.921203613281 992.078369140625 1001.06719970703 1000.06921386719 1002.36798095703 1011.083984375 1025.83862304688 1027.64758300781 1033.203125 1037.18347167969 1036.12426757812 1029.97375488281 1023.07806396484 1030.42932128906 1029.17260742188 1029.09741210938 1027.16259765625 1037.45593261719 1036.00329589844 1045.01623535156 1048.64184570312
1015.97711181641 1015.6728515625 1007.32952880859 1013.31011962891 1005.25604248047 989.358520507812 983.124206542969 975.859008789062 978.950927734375 981.217407226562 989.986022949219 991.561157226562 998.058044433594 1000.73010253906 1001.09356689453 998.66845703125 985.400573730469 976.068298339844 962.757934570312 958.459228515625 945.30126953125 947.49072265625 954.069946289062 962.496154785156 962.585144042969 972.950927734375 985.695068359375 998.485778808594 1005.57879638672 1002.62835693359 1003.18481445312 1012.16973876953 1021.17749023438 1022.51550292969 1036.06005859375 1036.63842773438 1024.45568847656 1027.81433105469 1027.53796386719 1031.20837402344 1028.85266113281 1023.10778808594 1031.64514160156 1032.47863769531 1026.16589355469 1037.31677246094
1012.58380126953 1012.41882324219 1015.16015625 1005.61419677734 996.911865234375 986.68505859375 987.240844726562 978.223754882812 981.630920410156 986.16357421875 991.484802246094 1002.23541259766 1005.21960449219 1002.58972167969 1004.45037841797 991.5673828125 982.971740722656 981.645446777344 967.506042480469 956.242309570312 952.112609863281 957.939636230469 957.9677734375 952.151611328125 961.559936523438 971.397277832031 981.252380371094 988.286010742188 994.540832519531 1007.4169921875 1008.03424072266 1009.25860595703 1009.98577880859 1024.65734863281 1022.39916992188 1027.099609375 1027.81225585938 1036.62573242188 1027.94909667969 1030.20104980469 1028.66796875 1028.40319824219 1030.291015625 1029.01403808594 1020.89501953125 1029.83056640625
1016.63305664062 1015.52215576172 1009.66625976562 999.381225585938 999.897399902344 994.408203125 992.755981445312 983.346862792969 985.458923339844 983.478942871094 994.580871582031 1006.1806640625 1002.71423339844 999.701171875 1003.20379638672 990.771240234375 992.078491210938 986.876220703125 974.223754882812 970.436401367188 969.8310546875 959.27197265625 956.7158203125 957.062622070312 961.611022949219 972.274108886719 980.348388671875 989.97412109375 994.814636230469 1003.92474365234 1006.77508544922 1001.66271972656 1004.74945068359 1018.61437988281 1020.89770507812 1025.1181640625 1033.88537597656 1022.85260009766 1019.80072021484 1023.34613037109 1027.11804199219 1022.69512939453 1019.14831542969 1019.29602050781 1021.51586914062 1029.83959960938
1009.39886474609 1013.06683349609 1009.74249267578 999.930358886719 995.66162109375 1002.27972412109 997.82568359375 989.162780761719 988.730041503906 981.395935058594 996.240356445312 1002.73852539062 1000.69903564453 994.87841796875 996.529907226562 994.088317871094 994.889343261719 984.43798828125 982.712768554688 976.692138671875 969.6103515625 964.650573730469 969.121948242188 961.93798828125 965.177978515625 971.903930664062 981.032653808594 994.752197265625 996.2060546875 1001.89813232422 1005.75347900391 1004.60974121094 1012.66778564453 1021.58044433594 1017.02990722656 1017.80535888672 1027.90588378906 1013.39117431641 1005.23571777344 1023.65863037109 1023.50512695312 1019.1171875 1018.24621582031 1015.92071533203 1019.45239257812 1027.94653320312
995.569519042969 1009.06524658203 1002.30926513672 998.386169433594 999.68115234375 1002.20538330078 995.069274902344 993.632507324219 992.465942382812 988.936706542969 986.098327636719 999.236999511719 994.043518066406 997.777954101562 999.977355957031 998.003540039062 988.095886230469 984.944396972656 981.856750488281 984.017883300781 976.761169433594 974.161376953125 965.048767089844 968.7900390625 978.772338867188 977.181213378906 986.658264160156 993.66796875 995.138488769531 993.375915527344 1006.822265625 1014.65661621094 1008.59027099609 1025.08337402344 1014.97021484375 1009.46368408203 1021.12091064453 1011.18701171875 1009.40112304688 1016.74291992188 1021.37292480469 1016.67364501953 1013.89489746094 1008.59008789062 1017.46673583984 1022.83636474609
1001.91387939453 997.493469238281 999.730407714844 996.332214355469 1003.97973632812 1002.54614257812 998.37109375 993.002868652344 988.313720703125 991.718322753906 988.469482421875 991.529846191406 993.461547851562 1001.73608398438 999.266418457031 999.520812988281 989.36083984375 988.675354003906 986.471008300781 986.616577148438 983.977294921875 983.217529296875 980.926208496094 985.432006835938 989.86279296875 989.576904296875 989.711181640625 995.663269042969 1001.96710205078 993.888427734375 1008.11999511719 1003.64855957031 1012.982421875 1021.56921386719 1022.29058837891 1017.4482421875 1013.25701904297 1020.01129150391 1017.10559082031 1017.15716552734 1017.22149658203 1018.07055664062 1012.05047607422 1015.87054443359 1019.50494384766 1024.232421875
1004.279296875 1008.65765380859 1003.85876464844 995.82568359375 1000.8359375 1001.99676513672 998.374633789062 981.050720214844 986.826049804688 986.414733886719 990.455505371094 986.457092285156 998.773315429688 996.29638671875 1004.83312988281 1002.54748535156 994.69091796875 986.084716796875 987.424255371094 991.724792480469 997.085571289062 993.389221191406 992.753356933594 989.011291503906 998.625305175781 994.784973144531 996.930786132812 998.267211914062 1008.55139160156 1012.04083251953 1009.7744140625 1008.42834472656 1013.39666748047 1014.43707275391 1022.30786132812 1023.33831787109 1015.76947021484 1019.12286376953 1007.32470703125 1008.0087890625 1021.71887207031 1012.39306640625 1012.46179199219 1017.06561279297 1017.31524658203 1028.93090820312
1007.23126220703 1000.87811279297 998.799926757812 989.525756835938 997.82373046875 990.660766601562 991.508056640625 984.833801269531 980.911560058594 978.9326171875 989.740966796875 988.813842773438 997.472351074219 998.626953125 1001.81610107422 996.553344726562 990.094787597656 992.98291015625 993.703002929688 994.849487304688 1005.01110839844 997.289733886719 994.133972167969 996.348449707031 1001.90783691406 1002.45385742188 1003.12524414062 1004.79144287109 1005.70489501953 1015.53845214844 1011.39587402344 1006.67535400391 1011.39489746094 1015.16589355469 1022.71850585938 1016.47985839844 1010.64312744141 1016.75183105469 1011.97991943359 1016.14825439453 1020.44476318359 1018.61083984375 1018.56256103516 1022.623046875 1018.79119873047 1031.86804199219
995.415405273438 991.641418457031 995.421325683594 990.742248535156 992.583068847656 999.24951171875 996.910827636719 992.238159179688 986.719177246094 984.803527832031 988.329284667969 989.865356445312 992.137573242188 993.442443847656 999.299865722656 993.730407714844 993.717712402344 990.655578613281 997.243041992188 994.931823730469 1005.32690429688 1003.60632324219 1001.49560546875 1002.666015625 999.846618652344 1005.51385498047 999.41259765625 1012.52093505859 1013.90747070312 1010.76672363281 1012.76477050781 1007.35711669922 1003.4130859375 1017.72467041016 1006.86999511719 1014.36682128906 1006.69281005859 1014.6513671875 1021.05792236328 1021.77203369141 1025.8779296875 1027.9609375 1025.88220214844 1022.18536376953 1025.48974609375 1040.42431640625
991.866394042969 995.326904296875 994.7802734375 990.836547851562 986.2099609375 989.812561035156 994.124389648438 994.575927734375 992.280517578125 989.538940429688 979.558776855469 981.011962890625 983.521118164062 993.641174316406 994.21826171875 1001.09930419922 993.909362792969 998.156982421875 991.830261230469 996.713317871094 1001.69805908203 1007.12640380859 1006.37908935547 1002.49114990234 1006.20526123047 995.746765136719 994.37890625 997.41015625 1004.27911376953 1003.26281738281 1007.99267578125 1005.97552490234 1012.29901123047 1006.45379638672 1001.72082519531 1010.65197753906 1011.76470947266 1008.68609619141 1013.65264892578 1008.99597167969 1023.31707763672 1032.59252929688 1033.99536132812 1036.15173339844 1033.55834960938 1046.00708007812
