data/zlatibor_dem_simulations/DEMsim77.asc
NCOLS 150
NROWS 100
XLLCORNER 7394249
YLLCORNER 4841999
CELLSIZE 30
NODATA_VALUE -9999
[rows 20 to 39 of 100, columns 46 to 91 of 150]
1004.24188232422 1000.08807373047 1007.44342041016 1003.83514404297 1004.25653076172 1003.79089355469 1008.33984375 1015.38500976562 1017.12542724609 1023.49322509766 1026.13537597656 1019.01416015625 1009.18133544922 1013.10668945312 1016.23297119141 1013.86614990234 1022.27276611328 1031.73840332031 1021.42578125 1017.60546875 1023.07159423828 1026.98645019531 1022.89086914062 1022.72900390625 1028.73303222656 1031.40649414062 1020.71417236328 1011.53869628906 1004.56811523438 1011.99444580078 1010.06988525391 1012.51031494141 1011.45294189453 1006.09710693359 1008.99060058594 1006.83190917969 1009.83489990234 1015.021484375 1016.40118408203 1013.9267578125 1009.23645019531 1014.51330566406 1006.01257324219 999.080017089844 1000.22637939453 1002.18499755859
1001.77954101562 1008.26214599609 1007.43334960938 1010.64947509766 1001.71685791016 1004.86102294922 1007.66979980469 1010.22473144531 1009.17633056641 1015.05828857422 1015.78521728516 1017.04437255859 1015.47192382812 1014.79541015625 1014.96081542969 1006.67620849609 1012.23040771484 1024.15502929688 1024.13256835938 1020.17266845703 1026.74865722656 1016.26434326172 1020.22778320312 1024.01477050781 1018.59356689453 1027.31848144531 1024.57495117188 1012.94177246094 1011.29241943359 1011.55017089844 1011.90295410156 1014.19323730469 1008.38079833984 1014.17712402344 1018.87841796875 1008.90563964844 1012.2236328125 1013.72375488281 1016.62194824219 1017.62652587891 1011.12640380859 1007.79376220703 1005.85815429688 1000.93707275391 1011.30493164062 1010.85357666016
1010.34039306641 1006.03552246094 1005.08160400391 1007.34045410156 1000.46813964844 1004.22015380859 997.626831054688 997.391967773438 1002.66741943359 1010.03356933594 1008.97381591797 1010.44500732422 1018.51135253906 1010.95935058594 1015.39086914062 1008.65869140625 1011.33941650391 1016.89727783203 1019.33996582031 1022.56494140625 1027.97192382812 1017.84912109375 1020.41284179688 1020.91723632812 1014.65301513672 1017.09356689453 1024.16137695312 1018.37689208984 1016.62719726562 1008.53436279297 1004.45343017578 1007.54901123047 1009.72827148438 1006.33758544922 1011.86761474609 1020.28363037109 1018.77380371094 1019.61071777344 1013.64685058594 1007.74633789062 1017.64154052734 1006.04022216797 1011.98907470703 1011.99829101562 1022.19104003906 1018.98449707031
1017.35565185547 1018.07440185547 1013.92962646484 999.033142089844 990.776672363281 999.636108398438 1005.56323242188 993.018798828125 991.408508300781 1000.30554199219 1006.89764404297 1013.28594970703 1015.90515136719 1014.72790527344 1014.30853271484 1009.78381347656 1004.75225830078 1008.01824951172 1016.16198730469 1021.22839355469 1015.7421875 1015.63232421875 1017.20404052734 1016.28198242188 1013.85272216797 1022.74365234375 1022.89770507812 1021.37231445312 1017.40588378906 1004.50909423828 1006.00573730469 1003.1982421875 1006.76831054688 1020.97540283203 1018.23889160156 1021.76550292969 1013.603515625 1012.18115234375 1011.25738525391 1013.23315429688 1011.60363769531 1009.18804931641 1009.6728515625 1013.48663330078 1029.51000976562 1034.74597167969
1018.54083251953 1005.77172851562 1005.20245361328 997.095275878906 988.548706054688 989.273193359375 994.796691894531 988.998352050781 987.733520507812 995.635192871094 1001.04248046875 1015.5107421875 1004.03131103516 1001.84759521484 1002.63494873047 1000.53631591797 1013.89801025391 1012.59777832031 1008.80944824219 1010.88610839844 1016.91381835938 1028.58703613281 1018.86743164062 1015.58782958984 1007.65466308594 1021.34051513672 1016.65441894531 1009.55114746094 1004.19458007812 996.180786132812 991.927124023438 989.276916503906 1005.15472412109 1012.50500488281 1008.77093505859 1014.91864013672 1016.31634521484 1009.41058349609 1002.93505859375 1016.11480712891 1010.60894775391 1009.94891357422 1011.83160400391 1017.39111328125 1022.06958007812 1033.09741210938
1007.63250732422 995.126098632812 996.399108886719 988.20361328125 980.583984375 982.681457519531 986.849853515625 988.375366210938 982.301330566406 995.653686523438 1003.77941894531 1007.69818115234 1001.98828125 1006.21990966797 1004.72827148438 1007.59643554688 1019.44189453125 1021.28692626953 1014.26342773438 1010.67755126953 1016.38916015625 1011.09051513672 1004.97528076172 1010.36273193359 1002.84887695312 1014.69506835938 1001.86022949219 994.025024414062 996.721252441406 987.464904785156 980.902954101562 989.039001464844 991.511596679688 1008.51873779297 1000.58050537109 1009.62426757812 1003.58154296875 1009.83178710938 1012.86090087891 1010.77880859375 1016.58428955078 1017.37097167969 997.745056152344 1006.72955322266 1005.47045898438 1021.13323974609
1006.83837890625 993.692443847656 996.140319824219 993.180541992188 974.178466796875 969.53076171875 980.013427734375 989.197082519531 988.669372558594 995.616088867188 989.372924804688 992.961120605469 1000.53771972656 998.518798828125 1000.93670654297 1004.35925292969 1016.90124511719 1008.83422851562 1011.69464111328 1004.74945068359 1005.39038085938 1005.70336914062 1013.84887695312 1009.6201171875 1001.79388427734 1001.134765625 995.659362792969 989.401123046875 995.712524414062 991.31884765625 984.719177246094 984.02978515625 983.143615722656 993.335754394531 1000.83160400391 1003.81427001953 1000.87945556641 1008.29840087891 1012.88201904297 1010.662109375 1012.99639892578 1005.35986328125 999.935852050781 1002.72668457031 1012.40362548828 1015.36749267578
1002.98791503906 997.614929199219 994.580383300781 994.51220703125 979.97705078125 975.989990234375 978.772583007812 986.421875 993.759704589844 989.376708984375 986.496643066406 981.728393554688 991.884826660156 998.595764160156 1002.18676757812 1003.39849853516 995.133361816406 1001.91741943359 1002.1162109375 1006.11407470703 1010.19268798828 1002.61889648438 999.49462890625 1003.02032470703 997.044311523438 997.997009277344 1002.43322753906 998.238830566406 994.901428222656 998.033020019531 991.239440917969 988.015197753906 985.008605957031 991.471252441406 989.291564941406 992.614990234375 1002.40264892578 1001.20288085938 1008.56219482422 1006.97821044922 1003.90734863281 1003.14477539062 998.990173339844 1009.58074951172 1019.94689941406 1015.75067138672
1003.80462646484 993.539733886719 989.369995117188 990.103576660156 988.224365234375 987.168273925781 986.522705078125 991.810729980469 992.7333984375 995.573791503906 990.688537597656 987.817932128906 990.108764648438 994.445434570312 996.492126464844 1002.5517578125 1002.84393310547 997.689575195312 997.233032226562 994.834411621094 1001.69421386719 1009.32684326172 999.640258789062 998.643249511719 990.557800292969 999.497009277344 1000.96295166016 995.673706054688 992.553161621094 995.135314941406 983.24853515625 990.585266113281 998.023376464844 989.661254882812 994.994873046875 993.017700195312 1001.80395507812 1002.84735107422 1008.49786376953 1007.40057373047 1007.72637939453 1006.64587402344 1011.12481689453 1010.72686767578 1024.1767578125 1009.33935546875
997.1015625 991.834106445312 986.3525390625 984.822021484375 989.254272460938 985.330932617188 985.193481445312 988.664733886719 987.179565429688 988.527587890625 986.172424316406 985.464172363281 991.00244140625 995.751281738281 1001.65667724609 1001.46942138672 999.205749511719 997.518859863281 999.110107421875 1002.51599121094 999.342651367188 1003.54064941406 1001.87609863281 992.532653808594 992.863952636719 1005.27258300781 997.792541503906 998.948974609375 995.465637207031 1001.63122558594 993.524658203125 989.562438964844 994.197326660156 998.232543945312 995.8251953125 989.228149414062 997.159423828125 1007.93060302734 1007.85302734375 1014.49096679688 1012.79559326172 1007.80224609375 1005.75811767578 1009.77563476562 1017.56323242188 1015.06066894531
991.559204101562 992.723083496094 989.149475097656 982.990051269531 978.505554199219 977.139343261719 990.892639160156 980.188781738281 978.877990722656 989.662292480469 988.455261230469 992.752136230469 991.352172851562 999.526184082031 992.786193847656 995.742736816406 1001.91821289062 997.199584960938 982.971313476562 990.819091796875 992.381896972656 996.110656738281 998.112487792969 999.949157714844 997.122924804688 995.416931152344 1003.14184570312 999.943237304688 1006.73101806641 1001.67352294922 1001.52172851562 988.627868652344 991.247131347656 991.384887695312 997.66748046875 995.405212402344 995.100280761719 1010.15753173828 1009.38220214844 1009.50518798828 1013.95013427734 1008.47430419922 1005.83038330078 1013.42401123047 1019.85424804688 1023.01715087891
988.152893066406 990.425598144531 989.773193359375 983.813232421875 994.003845214844 981.218933105469 984.431274414062 973.011108398438 974.575317382812 982.188049316406 979.203918457031 982.059814453125 994.254028320312 992.992919921875 996.9921875 994.14208984375 993.471130371094 990.743774414062 982.668151855469 989.630187988281 991.308715820312 999.708679199219 998.738647460938 999.950012207031 997.911437988281 995.187316894531 992.822998046875 985.140869140625 993.449645996094 996.345275878906 993.200256347656 994.6494140625 992.70068359375 994.052917480469 995.101318359375 1001.97424316406 1006.21612548828 1011.36431884766 1009.76959228516 1011.10577392578 1013.47882080078 1022.70239257812 1014.14849853516 1010.88409423828 1022.20544433594 1020.04577636719
987.586181640625 976.847595214844 983.975769042969 984.937622070312 985.374816894531 981.117858886719 972.094665527344 970.777221679688 973.070007324219 981.6015625 979.240234375 988.578125 987.605224609375 995.14013671875 989.850341796875 990.955688476562 983.914733886719 982.807922363281 985.387634277344 985.86181640625 988.159118652344 996.081298828125 1002.22393798828 988.987854003906 987.140197753906 985.233215332031 979.942749023438 982.146423339844 989.044311523438 990.563293457031 991.186279296875 998.070495605469 999.7197265625 1003.53790283203 1001.19909667969 1010.41656494141 999.8193359375 1002.20330810547 999.405029296875 1007.76232910156 1014.08740234375 1018.88031005859 1017.18530273438 1015.62103271484 1011.20141601562 1015.37371826172
983.046447753906 982.436706542969 978.216674804688 981.772827148438 981.635314941406 980.764526367188 977.846252441406 973.359802246094 971.246765136719 978.012390136719 972.898498535156 979.69140625 976.239624023438 982.157165527344 993.83056640625 998.279968261719 989.892944335938 980.113037109375 989.751708984375 991.003051757812 985.467834472656 1002.4345703125 1000.04644775391 997.255676269531 989.575134277344 982.313842773438 977.971313476562 989.016723632812 991.522827148438 988.940795898438 994.512329101562 996.204162597656 997.888610839844 992.67626953125 985.726440429688 995.863586425781 999.961975097656 996.553955078125 1003.86236572266 1001.16674804688 1010.51593017578 1020.45739746094 1017.77978515625 1017.51013183594 1015.00811767578 1014.46215820312
981.698974609375 984.4091796875 979.551879882812 980.297119140625 977.784851074219 979.253173828125 976.513122558594 969.449768066406 969.02392578125 971.629272460938 981.32568359375 972.999877929688 978.303894042969 979.103149414062 993.225891113281 991.607604980469 984.102111816406 980.125305175781 994.683288574219 994.215087890625 993.042175292969 1000.56719970703 1001.36889648438 989.977172851562 985.698181152344 982.474304199219 986.003662109375 987.029174804688 987.317321777344 986.08251953125 988.212524414062 989.120361328125 991.564270019531 996.530456542969 996.084106445312 995.775695800781 991.919921875 998.973937988281 1007.70397949219 1000.46966552734 1014.75390625 1015.40173339844 1011.02374267578 1012.07214355469 1018.90447998047 1011.13391113281
982.501281738281 978.270141601562 982.001708984375 986.332702636719 985.665832519531 977.986206054688 975.328247070312 967.853332519531 961.644104003906 966.293212890625 969.701477050781 977.368774414062 982.192993164062 984.964294433594 997.895324707031 987.295715332031 984.97998046875 981.715881347656 986.131103515625 989.690063476562 994.620849609375 987.425170898438 998.4638671875 995.204406738281 992.912841796875 999.526672363281 981.665283203125 984.910400390625 977.676818847656 972.397705078125 981.169189453125 989.281311035156 986.586791992188 993.169067382812 992.94677734375 994.158569335938 1001.67419433594 998.226135253906 1003.66259765625 1002.00897216797 1001.73211669922 1009.76196289062 999.576049804688 1002.53411865234 1012.06884765625 1010.9833984375
990.530700683594 983.109375 973.112548828125 966.217468261719 977.588256835938 978.020568847656 982.423828125 974.417114257812 969.177368164062 968.279052734375 975.93017578125 976.459106445312 988.736022949219 992.665771484375 991.460083007812 977.762023925781 982.68798828125 978.739074707031 982.723327636719 989.662353515625 987.124572753906 988.989318847656 989.770141601562 993.051696777344 992.151672363281 988.480590820312 986.352478027344 974.280822753906 977.411499023438 969.552795410156 976.492858886719 984.221435546875 986.835754394531 997.235961914062 990.975952148438 986.146057128906 991.968200683594 992.876037597656 993.491882324219 1000.16717529297 997.466186523438 998.052734375 999.323303222656 1001.19488525391 1007.00744628906 1009.25073242188
981.838928222656 979.432861328125 971.578796386719 972.124877929688 982.254943847656 982.302001953125 992.565795898438 986.493713378906 980.912841796875 974.458374023438 986.941711425781 985.494262695312 981.5380859375 983.343017578125 985.963562011719 983.110046386719 979.347106933594 977.803588867188 985.129638671875 986.291564941406 982.847839355469 981.815124511719 982.923889160156 978.768005371094 980.229797363281 984.830627441406 973.030212402344 973.149353027344 974.4501953125 974.091430664062 969.758972167969 979.433776855469 985.904541015625 989.556762695312 994.385437011719 980.636413574219 988.176940917969 990.699951171875 988.117736816406 989.344665527344 988.947204589844 996.462524414062 1000.43646240234 999.218078613281 1006.09857177734 1009.21661376953
975.108581542969 971.455688476562 966.597290039062 970.553771972656 973.127685546875 982.984802246094 990.240600585938 984.3916015625 981.61083984375 982.16748046875 991.476501464844 978.415588378906 977.673461914062 980.861633300781 983.479187011719 979.87158203125 974.958740234375 976.586364746094 976.120361328125 982.840026855469 979.300842285156 981.053527832031 980.621765136719 974.057922363281 968.264404296875 973.364501953125 976.371215820312 976.488220214844 966.193542480469 969.544128417969 972.905700683594 975.778869628906 982.802368164062 990.249084472656 990.226745605469 993.564880371094 997.167297363281 993.393981933594 986.767395019531 990.190979003906 994.643432617188 999.422241210938 997.944702148438 999.421630859375 1000.36169433594 1008.86444091797
970.9921875 970.808410644531 974.27685546875 974.22021484375 982.795532226562 979.76318359375 983.425903320312 980.976745605469 982.481567382812 980.230041503906 983.523803710938 974.754760742188 971.840393066406 984.193908691406 980.144470214844 972.539978027344 967.968872070312 964.90234375 960.644104003906 970.353820800781 972.264404296875 977.495422363281 969.430297851562 968.740661621094 965.592651367188 970.611450195312 965.569946289062 960.130981445312 970.797790527344 969.948547363281 972.109924316406 982.769104003906 986.753051757812 989.830444335938 988.163452148438 989.818176269531 995.489562988281 995.963745117188 994.720275878906 998.156616210938 1002.22503662109 1004.20587158203 1002.75549316406 1004.79638671875 1004.0810546875 998.490539550781
