data/zlatibor_dem_simulations/DEMsim45.asc
NCOLS 150
NROWS 100
XLLCORNER 7394249
YLLCORNER 4841999
CELLSIZE 30
NODATA_VALUE -9999
[rows 40 to 59 of 100, columns 46 to 91 of 150]
969.601623535156 969.859558105469 975.544677734375 972.519775390625 978.41357421875 974.979614257812 966.295959472656 967.007080078125 971.613159179688 974.297180175781 974.695739746094 978.642028808594 975.736450195312 975.279907226562 986.734497070312 991.191040039062 983.549133300781 972.824951171875 968.519409179688 971.892272949219 970.730834960938 966.786499023438 962.99658203125 955.383056640625 955.126586914062 965.858581542969 964.732055664062 959.703063964844 956.764953613281 958.255615234375 968.849487304688 970.397521972656 980.170288085938 970.906311035156 985.862060546875 993.690734863281 990.221740722656 984.85302734375 979.292297363281 981.424377441406 992.453491210938 998.149536132812 995.472045898438 992.291381835938 992.743591308594 998.391174316406
974.046325683594 967.883056640625 977.154174804688 974.715698242188 974.657775878906 971.101379394531 968.221801757812 969.428344726562 967.18115234375 969.240234375 968.102233886719 971.659912109375 969.731384277344 976.038024902344 984.146484375 989.277221679688 978.544372558594 981.310119628906 969.918273925781 970.069152832031 965.832763671875 960.95263671875 968.092224121094 965.838500976562 965.327270507812 967.587341308594 973.780334472656 966.638427734375 962.575134277344 963.9033203125 965.117614746094 970.599975585938 972.912048339844 974.941772460938 984.488342285156 983.319580078125 980.7109375 977.989074707031 984.937683105469 989.585327148438 984.6279296875 998.805847167969 993.25439453125 991.472717285156 981.152770996094 991.978576660156
971.461791992188 974.008666992188 977.334228515625 979.655151367188 973.428894042969 971.079711914062 969.060241699219 962.008972167969 966.520080566406 968.83642578125 969.62060546875 966.508911132812 967.013549804688 967.651306152344 980.772277832031 981.545288085938 978.106079101562 979.931762695312 970.213134765625 967.110717773438 965.309692382812 959.42578125 964.426086425781 973.76025390625 962.636413574219 960.387939453125 968.002136230469 971.873657226562 963.388366699219 967.636657714844 970.613159179688 977.915893554688 972.121276855469 974.036743164062 975.571472167969 973.261596679688 979.217712402344 983.437072753906 990.729614257812 988.950500488281 983.883544921875 987.484375 988.046997070312 990.902648925781 987.924987792969 988.316284179688
962.994995117188 974.973266601562 970.121398925781 979.134765625 971.609802246094 969.611694335938 973.027099609375 968.594116210938 973.549865722656 969.673706054688 967.222717285156 960.57470703125 959.626159667969 973.098999023438 976.239074707031 979.960205078125 980.364318847656 974.205261230469 970.511657714844 972.319763183594 973.075439453125 965.814331054688 969.400024414062 961.530151367188 955.601928710938 958.54931640625 962.748046875 966.475891113281 961.881713867188 962.490417480469 972.575622558594 977.810668945312 971.397155761719 973.073059082031 975.981079101562 978.870422363281 974.30224609375 985.123718261719 984.150512695312 996.882141113281 989.351013183594 978.525512695312 987.59716796875 989.672729492188 990.290161132812 983.159545898438
967.612426757812 967.818054199219 967.683837890625 970.479309082031 963.041198730469 966.537048339844 972.780395507812 970.678405761719 972.083251953125 965.151977539062 958.144226074219 964.083923339844 963.051208496094 974.808837890625 974.569458007812 969.80859375 982.736694335938 973.00146484375 969.200012207031 976.960083007812 979.437622070312 978.409362792969 977.829223632812 963.006225585938 953.039184570312 962.078552246094 964.862426757812 960.709228515625 959.573486328125 963.552307128906 974.072204589844 971.485473632812 971.223876953125 972.5458984375 974.546203613281 980.395629882812 973.185302734375 981.227111816406 988.363586425781 983.209899902344 982.423522949219 985.268005371094 977.118347167969 982.560791015625 974.858947753906 976.639709472656
968.205200195312 967.4423828125 969.143493652344 969.471557617188 964.05419921875 958.566345214844 965.846496582031 964.56494140625 968.666564941406 960.218566894531 966.935607910156 978.808959960938 968.74365234375 978.47705078125 980.367614746094 976.142395019531 977.983703613281 975.812561035156 969.940612792969 969.646728515625 983.600158691406 974.4638671875 967.732360839844 964.535705566406 966.906372070312 971.616394042969 960.551879882812 960.784606933594 962.182312011719 970.236145019531 974.679504394531 976.267883300781 968.180358886719 959.888732910156 966.509338378906 967.388732910156 974.427368164062 983.366333007812 989.415344238281 984.272827148438 982.817260742188 979.097229003906 978.464721679688 973.463073730469 968.530822753906 974.085388183594
965.846374511719 959.040588378906 965.683410644531 965.54931640625 967.93505859375 973.222290039062 969.265930175781 959.140991210938 966.536926269531 963.547180175781 965.173278808594 974.436950683594 970.361755371094 978.686157226562 979.269836425781 981.573181152344 973.860412597656 976.856628417969 969.489562988281 974.753662109375 978.906921386719 975.671569824219 970.586547851562 977.309692382812 966.577575683594 962.840026855469 962.057556152344 963.106262207031 961.738464355469 973.56884765625 970.707092285156 979.544372558594 973.444396972656 971.370788574219 964.855712890625 968.027099609375 973.054016113281 983.956237792969 984.30859375 977.615417480469 980.29345703125 970.652893066406 976.246154785156 967.274841308594 966.194091796875 966.796752929688
961.792297363281 973.022888183594 972.3076171875 959.492309570312 968.735290527344 974.768676757812 968.794799804688 962.176208496094 959.721069335938 959.788818359375 966.866821289062 967.039733886719 973.587951660156 979.410400390625 984.604736328125 973.694458007812 970.470764160156 973.581665039062 974.6611328125 968.111999511719 976.372314453125 968.876220703125 974.660461425781 977.504760742188 971.282653808594 964.901306152344 959.753112792969 958.763244628906 971.336242675781 970.123229980469 976.862548828125 972.020141601562 972.682006835938 974.658569335938 970.351257324219 978.648681640625 975.902526855469 984.030883789062 976.442077636719 974.666015625 966.866149902344 972.671936035156 977.142028808594 967.271118164062 973.498352050781 972.856506347656
972.499938964844 977.977966308594 980.036804199219 970.4384765625 971.827270507812 967.903503417969 962.466003417969 962.054626464844 961.888061523438 951.059692382812 964.229614257812 967.792175292969 967.940856933594 968.781494140625 977.507263183594 975.901611328125 961.22998046875 972.890258789062 971.631164550781 972.432678222656 973.46923828125 976.483520507812 973.158020019531 979.617126464844 965.762817382812 965.374877929688 969.306945800781 963.119873046875 971.884460449219 966.242370605469 969.101623535156 974.323791503906 966.40966796875 975.502868652344 975.24365234375 972.455749511719 967.729248046875 971.824096679688 971.564025878906 970.242370605469 971.610778808594 973.695190429688 971.612548828125 961.9931640625 968.646118164062 974.643737792969
973.716979980469 981.599243164062 975.986572265625 970.253051757812 974.498229980469 965.339416503906 961.07861328125 960.359619140625 961.798278808594 958.636291503906 963.775268554688 968.832824707031 963.153625488281 964.954833984375 962.095397949219 966.247802734375 970.778686523438 977.543762207031 977.948547363281 970.727294921875 964.28515625 971.384643554688 962.020690917969 964.682067871094 963.594787597656 965.767700195312 961.98486328125 966.879211425781 972.193115234375 976.421997070312 967.721618652344 967.035400390625 969.095947265625 964.744567871094 966.992065429688 979.48828125 974.414916992188 966.910827636719 974.253540039062 970.335144042969 965.320190429688 961.304748535156 967.05615234375 959.401916503906 968.515319824219 968.496276855469
964.715148925781 970.567077636719 975.894897460938 968.217041015625 960.708374023438 967.16650390625 965.7109375 964.7890625 955.652160644531 962.312316894531 964.397521972656 968.681396484375 960.224731445312 963.249267578125 961.460266113281 962.606201171875 968.472473144531 979.665588378906 976.793273925781 970.161315917969 973.080444335938 973.041625976562 964.039855957031 960.792541503906 963.346252441406 961.329772949219 964.328491210938 969.701354980469 971.832214355469 973.026184082031 972.958923339844 969.419250488281 967.239501953125 967.279602050781 971.849792480469 976.284973144531 978.082458496094 969.559631347656 972.064575195312 974.809997558594 967.854675292969 968.11083984375 970.111938476562 967.903747558594 973.591674804688 975.65185546875
963.949890136719 969.273193359375 966.332214355469 969.631652832031 963.086547851562 969.748779296875 970.2333984375 969.32666015625 965.899169921875 954.692077636719 955.321166992188 960.919799804688 947.805847167969 951.322875976562 960.032897949219 963.553588867188 967.360595703125 976.240051269531 978.033142089844 976.437377929688 978.69677734375 967.994812011719 957.753723144531 956.9736328125 964.442687988281 958.123718261719 967.589904785156 967.330505371094 967.978149414062 968.01171875 967.563049316406 964.591369628906 971.73095703125 966.983703613281 974.012145996094 971.61328125 970.506774902344 974.923278808594 975.860290527344 967.798583984375 964.486328125 963.894287109375 964.614929199219 965.265319824219 966.509033203125 969.98193359375
958.802429199219 963.972229003906 955.324035644531 955.432250976562 962.560302734375 970.528015136719 967.903015136719 964.4736328125 956.646240234375 961.973815917969 958.283081054688 956.5 950.130920410156 955.323486328125 960.629150390625 952.961059570312 958.174621582031 974.089965820312 976.739990234375 977.566772460938 966.827209472656 966.568908691406 957.279541015625 966.321960449219 957.501708984375 965.105407714844 959.225524902344 961.176391601562 961.545837402344 966.554504394531 961.907531738281 962.50927734375 967.821472167969 963.658935546875 971.152038574219 968.326599121094 970.674377441406 980.911499023438 978.164794921875 976.128173828125 973.003967285156 962.943664550781 965.00732421875 971.089050292969 963.378601074219 967.716125488281
957.427307128906 957.806579589844 959.549987792969 958.687805175781 960.305847167969 968.1357421875 954.174072265625 961.994934082031 958.666198730469 956.466613769531 959.714050292969 953.211547851562 953.740539550781 953.899047851562 959.153259277344 961.237854003906 962.622009277344 969.704833984375 968.033020019531 965.7490234375 958.586547851562 958.985168457031 949.28759765625 952.981323242188 957.578491210938 961.2392578125 958.561279296875 956.594970703125 952.014221191406 953.936340332031 962.536926269531 962.199462890625 967.219970703125 956.896667480469 958.269592285156 968.739196777344 972.818359375 975.78857421875 985.999084472656 979.421875 963.92529296875 965.99072265625 970.632629394531 972.099426269531 973.985717773438 973.147216796875
957.069885253906 956.697326660156 958.530944824219 963.226257324219 959.366027832031 957.903198242188 961.730712890625 957.309020996094 960.340881347656 956.64013671875 954.926879882812 955.05029296875 956.124816894531 957.411926269531 958.315307617188 955.702331542969 964.510314941406 958.435363769531 959.895141601562 963.674011230469 957.399841308594 962.241882324219 957.27587890625 950.604187011719 956.501037597656 964.112121582031 954.294677734375 956.232116699219 960.102600097656 955.566650390625 961.219055175781 955.654235839844 956.239196777344 953.8212890625 955.03759765625 962.676147460938 967.078491210938 974.104431152344 980.036560058594 976.262145996094 970.828308105469 970.503784179688 967.204284667969 980.821044921875 979.598083496094 974.965454101562
957.568603515625 954.491577148438 950.138305664062 964.099670410156 959.091369628906 954.916748046875 951.280883789062 951.436889648438 951.59375 957.351440429688 946.683715820312 952.381103515625 961.691711425781 960.428833007812 957.606384277344 954.625671386719 960.411437988281 954.801147460938 953.360717773438 961.513488769531 961.632568359375 960.826843261719 960.649108886719 959.616333007812 959.606628417969 961.843078613281 962.012329101562 960.303100585938 960.284912109375 957.578857421875 959.763671875 954.6748046875 954.3505859375 943.872436523438 955.475341796875 971.727966308594 972.080383300781 976.461120605469 978.946411132812 977.89111328125 972.659912109375 967.901428222656 974.781188964844 971.317138671875 969.81396484375 973.965393066406
952.819519042969 957.175659179688 946.689575195312 954.568481445312 954.990783691406 950.394226074219 944.719543457031 951.001281738281 955.927673339844 946.992431640625 951.90185546875 949.077819824219 951.280456542969 956.625793457031 958.82080078125 947.875366210938 949.123413085938 955.76904296875 955.386596679688 954.143920898438 961.9033203125 961.973571777344 968.692016601562 968.119995117188 964.677795410156 970.008483886719 962.688598632812 956.753784179688 963.987243652344 962.801696777344 954.975341796875 952.300354003906 956.387817382812 953.674987792969 958.217712402344 972.439147949219 961.239196777344 973.867492675781 975.685241699219 969.65478515625 973.929870605469 970.609680175781 968.449890136719 965.199279785156 969.030334472656 968.668640136719
947.077270507812 951.637573242188 945.749084472656 952.111206054688 944.960327148438 941.506164550781 943.0732421875 952.557373046875 948.902465820312 955.312622070312 952.607849121094 957.060424804688 956.816711425781 960.932006835938 965.412719726562 951.140563964844 947.179565429688 947.926574707031 951.282287597656 955.142944335938 965.1240234375 953.122680664062 961.516784667969 966.305236816406 962.449523925781 968.054626464844 960.256225585938 957.687255859375 956.382385253906 955.331115722656 959.384521484375 965.83984375 964.699951171875 958.629821777344 960.984191894531 975.682373046875 977.637084960938 976.665588378906 966.817199707031 971.772216796875 965.8427734375 958.723937988281 960.673278808594 966.591552734375 965.187133789062 973.903442382812
953.908386230469 952.07177734375 954.664489746094 954.645263671875 946.922485351562 940.283142089844 947.727416992188 941.617919921875 956.871459960938 953.872863769531 955.952575683594 965.178283691406 964.376831054688 961.627197265625 960.38916015625 953.238464355469 947.775329589844 958.004028320312 956.843688964844 962.626220703125 962.526245117188 957.554077148438 959.077819824219 953.852478027344 953.080871582031 959.835815429688 967.257568359375 959.550659179688 956.903198242188 955.803283691406 961.635009765625 963.624572753906 969.75390625 968.025939941406 969.290588378906 963.747314453125 977.986022949219 976.118835449219 967.441955566406 969.625610351562 962.186584472656 950.6708984375 948.4716796875 958.543151855469 966.14599609375 971.54833984375
953.637084960938 953.296325683594 958.39453125 963.019104003906 955.662475585938 957.060852050781 947.248962402344 947.358520507812 953.857849121094 954.788757324219 954.532958984375 959.517333984375 960.629638671875 955.509765625 951.900634765625 953.654052734375 964.604797363281 962.942749023438 961.811096191406 956.784545898438 959.414001464844 961.189025878906 966.507202148438 962.493103027344 961.34130859375 954.482666015625 959.205444335938 958.768798828125 955.480712890625 958.626525878906 968.146667480469 966.636474609375 962.933776855469 969.679382324219 965.053283691406 957.7138671875 962.698486328125 963.336242675781 965.271423339844 964.824951171875 966.870483398438 964.689453125 959.452514648438 963.187072753906 965.351745605469 971.044860839844
