data/zlatibor_dem_simulations/DEMsim34.asc
NCOLS 150
NROWS 100
XLLCORNER 7394249
YLLCORNER 4841999
CELLSIZE 30
NODATA_VALUE -9999
[rows 0 to 19 of 100, columns 46 to 91 of 150]
978.377624511719 976.320861816406 971.921142578125 972.81640625 966.583923339844 962.8759765625 964.5693359375 966.352600097656 956.527587890625 943.155395507812 940.519714355469 934.951171875 927.991943359375 923.96630859375 919.048706054688 918.684204101562 915.33203125 909.647827148438 909.47900390625 901.284484863281 899.199768066406 903.617004394531 913.548583984375 920.4326171875 946.41845703125 939.388549804688 957.696044921875 964.313903808594 970.682983398438 973.810485839844 971.256103515625 975.941955566406 995.416381835938 994.043334960938 984.983154296875 982.157348632812 985.397827148438 973.944396972656 975.553649902344 968.454956054688 955.020324707031 951.753540039062 939.290710449219 941.326293945312 922.543823242188 925.023498535156
971.203796386719 966.814086914062 970.706909179688 964.43212890625 966.851989746094 959.382934570312 963.898559570312 964.1640625 961.569519042969 952.209106445312 943.489807128906 938.484069824219 929.306457519531 926.900390625 927.0595703125 928.220886230469 918.831115722656 917.260437011719 913.103820800781 905.36767578125 899.808410644531 905.703125 922.26953125 924.485412597656 941.718505859375 947.135314941406 950.777587890625 962.307373046875 968.371643066406 977.949890136719 974.973266601562 976.940979003906 988.473815917969 1006.46936035156 997.463439941406 991.841796875 986.873352050781 986.832885742188 976.925109863281 978.915283203125 966.190307617188 957.5029296875 949.298767089844 941.980590820312 924.433471679688 920.611206054688
978.785766601562 968.242736816406 964.660034179688 968.381103515625 971.799072265625 971.53466796875 964.1904296875 964.729431152344 969.987854003906 961.533020019531 952.477111816406 939.619689941406 939.303100585938 939.7099609375 939.172424316406 933.793273925781 933.839294433594 926.862121582031 918.404907226562 913.031860351562 903.454650878906 906.688537597656 915.96533203125 926.217956542969 936.030456542969 939.550231933594 953.551391601562 963.585266113281 968.76416015625 978.483276367188 978.550903320312 985.150451660156 991.364624023438 994.950622558594 996.312805175781 996.34716796875 989.5107421875 994.904357910156 991.494323730469 984.047485351562 971.633178710938 959.664489746094 959.107299804688 946.148742675781 937.75439453125 927.914733886719
977.685668945312 971.751831054688 975.33349609375 972.356506347656 981.721374511719 984.499694824219 975.214721679688 974.863708496094 971.728210449219 966.29931640625 964.2392578125 955.414855957031 948.831115722656 949.279113769531 952.21337890625 938.358947753906 934.136962890625 929.606140136719 928.974365234375 923.57666015625 908.996948242188 906.884704589844 917.669006347656 925.873962402344 936.292236328125 940.331420898438 952.650329589844 960.974670410156 966.562072753906 975.360900878906 986.128479003906 989.081176757812 983.162719726562 990.500305175781 989.035461425781 994.346069335938 998.6220703125 996.986755371094 996.10791015625 984.69580078125 976.695007324219 961.106323242188 946.784301757812 950.222229003906 939.309265136719 932.529235839844
985.497314453125 986.152160644531 982.416137695312 983.480712890625 989.378662109375 995.382263183594 988.612548828125 986.656555175781 982.322570800781 975.976745605469 969.594360351562 965.895874023438 957.19873046875 957.634155273438 953.618103027344 947.049377441406 933.96240234375 934.122375488281 937.650634765625 927.494934082031 925.048461914062 920.706237792969 919.943115234375 925.644348144531 932.441955566406 946.5908203125 955.141723632812 957.13330078125 961.100158691406 973.324096679688 987.490356445312 988.172119140625 997.285583496094 999.8779296875 1003.76861572266 1004.47296142578 1002.39019775391 1002.04602050781 1006.35198974609 998.063781738281 980.446960449219 965.6455078125 947.888305664062 938.413940429688 937.196350097656 938.198791503906
990.710998535156 993.46142578125 999.8388671875 994.728820800781 1002.28265380859 1001.84008789062 997.327697753906 992.09912109375 989.96142578125 970.795104980469 961.710754394531 967.230834960938 972.892944335938 960.878601074219 960.518005371094 961.538513183594 950.524230957031 948.599243164062 939.092163085938 934.957458496094 932.096130371094 930.354553222656 930.493591308594 927.791320800781 937.337036132812 949.883117675781 951.894409179688 949.843505859375 964.884216308594 980.8818359375 983.694946289062 994.212158203125 1006.87994384766 1002.28582763672 1005.52465820312 1015.05487060547 1014.80731201172 1006.19372558594 1006.57733154297 1002.15124511719 979.6630859375 967.019470214844 947.242004394531 935.219604492188 930.821594238281 939.308715820312
998.615600585938 995.114501953125 997.465515136719 994.547058105469 997.984985351562 1001.45532226562 998.119079589844 997.203552246094 989.485473632812 984.440124511719 974.776611328125 979.403991699219 983.986083984375 978.462707519531 974.288940429688 963.155822753906 961.087341308594 957.55029296875 949.493896484375 938.929138183594 935.279235839844 931.260375976562 940.433288574219 932.854187011719 940.343994140625 942.581481933594 949.408508300781 956.688049316406 974.290344238281 984.886535644531 994.223999023438 1003.25573730469 1006.18591308594 1009.91967773438 1010.76812744141 1018.06262207031 1017.130859375 1004.36492919922 1002.32946777344 996.643737792969 984.616088867188 977.776977539062 954.574523925781 937.79150390625 931.146911621094 926.287841796875
999.859008789062 999.146545410156 1000.06512451172 1000.66760253906 995.258605957031 993.739074707031 994.653503417969 1005.36614990234 995.583190917969 992.782043457031 995.331726074219 993.037048339844 982.754699707031 979.013061523438 977.184631347656 974.379516601562 964.976501464844 959.655334472656 949.196716308594 952.18359375 935.595581054688 943.135375976562 953.506225585938 940.184997558594 947.428833007812 953.886169433594 962.253540039062 964.306884765625 975.623596191406 989.842956542969 1001.87872314453 1005.08135986328 1010.95330810547 1027.04675292969 1023.17950439453 1033.146484375 1018.34155273438 1011.26910400391 1007.87408447266 999.371032714844 994.957214355469 982.975708007812 968.02978515625 946.503723144531 933.602661132812 927.754028320312
1002.25750732422 996.420532226562 998.794006347656 997.964233398438 1011.97869873047 1007.22106933594 1006.13189697266 1000.57440185547 1005.69720458984 1002.43939208984 1001.76226806641 1003.61254882812 992.049865722656 977.427734375 979.026794433594 973.818908691406 964.514526367188 970.72509765625 963.291870117188 949.492126464844 950.003540039062 949.104309082031 946.394165039062 943.739868164062 947.470764160156 953.191162109375 959.903869628906 964.751159667969 980.923522949219 989.241271972656 1005.03088378906 1012.27111816406 1015.19030761719 1021.94561767578 1029.43237304688 1028.49584960938 1019.56665039062 1025.60327148438 1016.03863525391 1003.27593994141 1000.20227050781 977.58154296875 959.0009765625 944.46533203125 936.568542480469 932.817687988281
998.925109863281 993.192993164062 1001.68426513672 1002.82318115234 1009.83862304688 1011.23834228516 1009.05926513672 1002.75451660156 1013.77984619141 1013.90576171875 1015.41650390625 1013.78332519531 1002.41467285156 994.848999023438 988.457336425781 976.707946777344 983.016540527344 982.31982421875 971.854064941406 963.876708984375 961.259765625 958.03955078125 950.601379394531 955.926208496094 960.289855957031 965.398498535156 977.018798828125 974.340698242188 986.924865722656 1002.95550537109 1010.63513183594 1022.70538330078 1029.85131835938 1027.26574707031 1032.21765136719 1036.69604492188 1018.11505126953 1019.23333740234 1013.63525390625 1004.115234375 994.539733886719 975.4755859375 965.154174804688 945.925842285156 935.558654785156 931.168823242188
1003.87231445312 1002.29376220703 1004.37414550781 1007.78295898438 1015.12316894531 1012.23712158203 1008.92999267578 1002.46783447266 1009.78515625 1014.544921875 1018.19390869141 1016.86145019531 1005.70941162109 1006.18963623047 995.331970214844 992.558837890625 1001.06518554688 989.061401367188 985.578369140625 976.875610351562 972.048522949219 973.872375488281 962.563598632812 959.368408203125 964.810974121094 972.144348144531 977.845458984375 996.841369628906 1000.59002685547 1005.74505615234 1011.94091796875 1022.93792724609 1035.72192382812 1030.32043457031 1033.13989257812 1029.005859375 1026.14294433594 1023.79150390625 1019.13391113281 1012.34051513672 992.847473144531 976.483032226562 967.033752441406 956.176696777344 941.659912109375 941.424072265625
1006.70294189453 1008.59057617188 1009.95550537109 1015.12121582031 1017.55194091797 1011.26824951172 1010.92785644531 1009.3212890625 1003.91821289062 1008.85559082031 1012.28985595703 1009.32250976562 1006.08831787109 1008.84118652344 1007.77142333984 1012.97326660156 1004.94177246094 1003.72113037109 993.050415039062 989.209411621094 984.627075195312 976.444396972656 977.67822265625 972.462951660156 976.666870117188 977.783874511719 987.463562011719 996.448486328125 1005.25555419922 1013.35314941406 1021.13403320312 1022.67297363281 1040.935546875 1027.82580566406 1024.28698730469 1026.2392578125 1021.06506347656 1021.87951660156 1016.72601318359 1008.66693115234 989.896057128906 982.063354492188 978.327514648438 961.596008300781 949.275817871094 941.277221679688
1018.00262451172 1011.30950927734 1008.83605957031 1009.50970458984 1006.62438964844 1013.78558349609 1005.14630126953 1003.96081542969 1000.10559082031 998.086853027344 1009.07830810547 1013.27825927734 1008.95684814453 1014.46343994141 1019.7880859375 1021.64752197266 1024.36791992188 1005.15167236328 999.457824707031 1000.6689453125 992.895385742188 984.338012695312 986.103149414062 986.435791015625 982.62158203125 989.542907714844 1003.50616455078 1006.07476806641 1011.95727539062 1018.71624755859 1029.4140625 1032.04711914062 1028.69104003906 1028.31298828125 1030.49682617188 1020.51397705078 1017.16900634766 1014.49542236328 1014.56018066406 1000.83380126953 989.835693359375 982.950378417969 978.035339355469 958.906372070312 951.231994628906 945.321716308594
1020.77764892578 1022.88342285156 1014.53076171875 1013.14270019531 1010.43341064453 1005.24768066406 1000.06280517578 1006.45361328125 1005.90118408203 1006.63793945312 1011.36865234375 1012.71392822266 1014.07763671875 1012.41754150391 1015.86047363281 1020.61602783203 1025.06457519531 1011.77191162109 1002.87408447266 1010.01947021484 1003.13641357422 994.95947265625 996.242736816406 988.920776367188 993.564147949219 990.795104980469 1005.70977783203 1006.58697509766 1017.37164306641 1027.955078125 1030.556640625 1030.09741210938 1031.84533691406 1029.67651367188 1028.13000488281 1018.72113037109 1019.80523681641 1019.02294921875 1015.50561523438 1007.33050537109 992.190124511719 986.463073730469 974.624755859375 964.706237792969 950.127624511719 942.515625
1028.37780761719 1023.69476318359 1015.42504882812 1016.11584472656 1009.2109375 1016.04443359375 1009.08843994141 1010.46838378906 1014.43841552734 1006.35614013672 1009.34692382812 1010.10357666016 1015.14904785156 1019.81988525391 1021.38677978516 1022.79071044922 1029.40710449219 1024.17590332031 1009.10870361328 1003.11883544922 1006.41656494141 1014.50366210938 1015.53625488281 1000.78582763672 990.897888183594 996.52978515625 1007.07452392578 1008.29058837891 1023.02386474609 1027.39135742188 1027.21875 1029.65100097656 1036.36279296875 1029.77172851562 1021.11846923828 1019.46636962891 1014.77087402344 1020.28302001953 1016.23797607422 1015.95574951172 997.832214355469 988.688598632812 970.396484375 959.163024902344 945.786682128906 942.51123046875
1024.36572265625 1025.23254394531 1035.85241699219 1025.94372558594 1015.80523681641 1017.61907958984 1012.02740478516 1004.26678466797 1005.13818359375 1010.47937011719 1004.36456298828 1007.45031738281 1017.31433105469 1018.24859619141 1024.62390136719 1026.29064941406 1035.01477050781 1027.8232421875 1026.11267089844 1014.79333496094 1016.38110351562 1023.30560302734 1019.06176757812 1012.53625488281 1005.82263183594 1008.31555175781 1015.9755859375 1021.36993408203 1019.25915527344 1020.43835449219 1010.46325683594 1020.02368164062 1033.17932128906 1033.88037109375 1031.28735351562 1024.69519042969 1024.43774414062 1021.40063476562 1021.63525390625 1010.84063720703 998.712097167969 985.819152832031 973.977172851562 962.124328613281 953.372741699219 935.614074707031
1026.30615234375 1032.14294433594 1024.90441894531 1013.36151123047 1005.73175048828 1004.22113037109 1001.611328125 998.900817871094 1003.66357421875 1004.52990722656 1004.61511230469 1014.11828613281 1013.59100341797 1023.71118164062 1026.45239257812 1030.38891601562 1032.58984375 1022.57318115234 1022.20239257812 1030.73547363281 1019.7626953125 1021.55993652344 1020.64996337891 1021.09033203125 1015.63861083984 1008.24621582031 1008.32080078125 1017.47326660156 1024.06079101562 1016.4375 1007.29016113281 1014.58679199219 1020.26556396484 1028.35827636719 1024.24841308594 1016.19201660156 1025.14416503906 1030.10766601562 1030.64807128906 1013.58111572266 985.132934570312 980.494018554688 966.272338867188 966.759948730469 962.797485351562 944.664367675781
1017.52569580078 1024.56994628906 1014.75537109375 1005.99664306641 999.482971191406 996.968872070312 1000.82049560547 1003.25079345703 1009.83251953125 1004.88977050781 1008.32727050781 1013.66961669922 1009.76153564453 1022.99163818359 1021.22595214844 1027.72827148438 1026.10144042969 1025.93432617188 1032.8203125 1022.04791259766 1018.17993164062 1023.65930175781 1034.49841308594 1027.26538085938 1018.72631835938 1005.25598144531 1015.81237792969 1023.56848144531 1022.91326904297 1018.93933105469 1013.74591064453 1021.00360107422 1019.17071533203 1016.7060546875 1014.75427246094 1016.052734375 1020.31768798828 1018.35046386719 1013.15411376953 1013.96350097656 992.111450195312 975.461059570312 974.102966308594 966.696716308594 967.845275878906 960.667541503906
1014.26849365234 1021.60992431641 1013.66125488281 1011.54077148438 1005.48748779297 993.419738769531 1003.01214599609 1007.16271972656 1002.59991455078 1000.77465820312 1008.32208251953 1015.7119140625 1013.87603759766 1031.14428710938 1015.31665039062 1018.24615478516 1016.42858886719 1023.63818359375 1029.82263183594 1023.10894775391 1025.53881835938 1029.5673828125 1031.15063476562 1023.58685302734 1031.96984863281 1026.93579101562 1018.00909423828 1013.46997070312 1016.67102050781 1015.28594970703 1021.64245605469 1012.88214111328 1014.41589355469 1017.54254150391 1015.16998291016 1017.53527832031 1016.82415771484 1014.04998779297 1016.08764648438 1006.39782714844 997.89599609375 989.25634765625 981.784606933594 975.152954101562 972.762451171875 968.219848632812
1011.83294677734 1015.72222900391 1015.08880615234 1012.79510498047 1001.21716308594 1000.55773925781 1002.56341552734 1012.42224121094 1011.0341796875 1012.55041503906 1007.87048339844 1004.26196289062 1010.42602539062 1008.38366699219 1008.75024414062 1007.26287841797 1010.88446044922 1015.10125732422 1021.71423339844 1026.392578125 1031.14685058594 1031.90759277344 1028.1806640625 1029.87512207031 1030.97778320312 1025.36791992188 1018.73425292969 1008.60699462891 1007.29138183594 1008.34613037109 1013.31372070312 1014.08618164062 1016.42858886719 1018.24981689453 1017.53070068359 1010.17999267578 1012.48156738281 1017.70697021484 1007.51531982422 1007.32983398438 995.759338378906 988.445251464844 988.956970214844 984.078002929688 983.948181152344 982.062805175781
