data/zlatibor_dem_simulations/DEMsim35.asc
NCOLS 150
NROWS 100
XLLCORNER 7394249
YLLCORNER 4841999
CELLSIZE 30
NODATA_VALUE -9999
[rows 0 to 19 of 100, columns 0 to 45 of 150]
1007.31958007812 1001.80377197266 1004.984375 1001.62530517578 1012.71862792969 1002.39691162109 996.757263183594 1000.31536865234 1005.74499511719 1008.75482177734 1002.46820068359 1009.20074462891 1008.76208496094 1005.57885742188 1011.57879638672 1010.68572998047 1003.07958984375 1010.94903564453 1016.37701416016 1024.29650878906 1031.42016601562 1028.81909179688 1031.93029785156 1036.01916503906 1039.46716308594 1027.4306640625 1018.82366943359 1013.91577148438 1026.994140625 1031.25720214844 1042.06713867188 1041.53479003906 1040.18933105469 1039.66906738281 1032.62036132812 1023.92114257812 1012.52368164062 1007.71984863281 1001.62622070312 997.952331542969 987.624450683594 995.197204589844 998.622619628906 999.608459472656 988.838195800781 990.664855957031
1011.61767578125 996.278869628906 1007.14965820312 1003.34930419922 1010.24145507812 1006.81219482422 1003.05084228516 1002.59259033203 1008.83074951172 1018.79956054688 1011.79364013672 1011.75329589844 1015.84729003906 1014.03747558594 1013.50366210938 1010.38153076172 1009.64379882812 1013.17193603516 1019.20275878906 1017.41937255859 1027.94323730469 1030.22766113281 1036.16564941406 1037.87097167969 1034.53137207031 1027.00012207031 1024.48901367188 1027.67541503906 1027.84436035156 1023.48883056641 1036.20849609375 1036.13586425781 1043.17626953125 1037.43835449219 1032.642578125 1035.36804199219 1019.19757080078 1011.16326904297 1007.09130859375 998.742065429688 988.215026855469 999.828308105469 1005.53698730469 999.677429199219 995.976318359375 985.864562988281
1013.33929443359 1005.97351074219 1006.52893066406 1001.56854248047 998.962585449219 1003.18408203125 999.092468261719 1009.90887451172 1016.01861572266 1015.95227050781 1011.82891845703 1007.45538330078 1019.52355957031 1017.88275146484 1014.23950195312 1003.22692871094 1002.35205078125 1003.61041259766 1015.49713134766 1017.02685546875 1026.89453125 1034.21081542969 1042.70837402344 1041.9375 1029.96081542969 1026.22180175781 1026.07202148438 1020.38757324219 1027.95202636719 1026.22277832031 1036.68334960938 1034.8955078125 1037.51110839844 1032.45080566406 1034.37878417969 1033.85107421875 1020.17736816406 1011.31890869141 1003.15771484375 1003.43475341797 1007.14947509766 1011.2177734375 1014.7685546875 1006.95922851562 989.780151367188 983.702270507812
1006.78033447266 1003.65911865234 1004.13110351562 1004.68572998047 993.689392089844 1001.49676513672 1003.7216796875 1007.96398925781 1012.5390625 1014.36743164062 1011.15087890625 1006.98797607422 1021.53424072266 1031.48498535156 1026.69360351562 1006.93603515625 1010.61547851562 1007.84558105469 1007.09906005859 1020.99285888672 1020.30847167969 1018.19989013672 1031.16723632812 1032.99487304688 1031.50146484375 1026.31726074219 1023.54992675781 1019.18902587891 1023.30224609375 1021.89691162109 1026.11804199219 1029.32397460938 1028.09350585938 1030.41662597656 1024.63220214844 1025.85632324219 1019.59027099609 1012.20904541016 1002.36895751953 1018.26666259766 1018.13745117188 1016.73321533203 1008.08972167969 1001.18774414062 1003.74176025391 989.036071777344
1000.01348876953 997.8232421875 997.22998046875 996.495544433594 997.256042480469 996.123718261719 1007.09338378906 1007.84027099609 1010.01141357422 1010.97821044922 1002.14398193359 1007.61029052734 1019.19946289062 1014.44909667969 1010.95031738281 1008.49603271484 1012.53131103516 1012.14660644531 1010.56341552734 1012.37036132812 1016.38983154297 1019.55206298828 1018.90563964844 1024.91784667969 1024.50732421875 1026.11608886719 1018.97827148438 1016.28332519531 1015.314453125 1017.63244628906 1015.85998535156 1022.18951416016 1029.79162597656 1024.994140625 1021.53881835938 1035.64819335938 1029.29565429688 1012.86212158203 1008.44714355469 1008.84912109375 1021.82977294922 1022.40777587891 1013.57733154297 1015.10375976562 1012.10986328125 1000.70062255859
1003.27795410156 993.431457519531 999.910705566406 1000.70825195312 1003.69842529297 993.222900390625 1003.9873046875 1011.69793701172 1006.87030029297 1007.09802246094 1006.05633544922 1000.30499267578 998.891784667969 1013.71038818359 1008.50207519531 1009.05047607422 1007.81469726562 1004.06439208984 1006.16357421875 1012.06134033203 1019.84539794922 1023.15850830078 1024.53112792969 1018.86981201172 1018.87408447266 1020.27496337891 1020.96423339844 1016.38122558594 1015.29455566406 1015.92999267578 1014.23889160156 1018.93786621094 1019.84924316406 1019.63000488281 1023.89752197266 1026.34875488281 1027.27648925781 1007.89709472656 1014.88598632812 1018.85656738281 1023.83618164062 1009.71643066406 1006.96673583984 1013.8837890625 1018.32489013672 1008.47155761719
988.279724121094 986.825378417969 997.744812011719 995.857238769531 995.786315917969 1001.04577636719 1010.11260986328 1009.88446044922 1005.05645751953 1007.39178466797 998.517150878906 993.993347167969 994.704345703125 1009.54992675781 1006.02380371094 1010.75915527344 1007.26300048828 999.733215332031 1006.05200195312 1028.57739257812 1025.3125 1024.56945800781 1026.63830566406 1019.47344970703 1017.92370605469 1020.68280029297 1016.6962890625 1011.85833740234 1018.95428466797 1010.45819091797 1007.45135498047 1011.32592773438 1019.64282226562 1023.98974609375 1020.19409179688 1023.66461181641 1024.79895019531 1015.9521484375 1026.78369140625 1020.19897460938 1019.685546875 1013.32611083984 1009.78936767578 1010.50408935547 1011.97882080078 1018.28717041016
987.825378417969 984.747497558594 989.178405761719 987.554382324219 993.304016113281 994.595764160156 1003.97106933594 999.073852539062 1012.28619384766 1009.49670410156 1007.99066162109 1002.85986328125 994.942504882812 1000.02502441406 1008.92218017578 1011.92449951172 1006.74340820312 1018.25628662109 1014.72351074219 1026.33166503906 1026.83642578125 1026.92395019531 1027.21899414062 1018.51458740234 1013.71734619141 1008.78442382812 1011.3515625 1006.763671875 1004.13800048828 1010.85571289062 1013.94738769531 1012.53576660156 1013.50213623047 1018.28448486328 1020.38208007812 1019.27648925781 1026.24060058594 1019.81207275391 1020.82135009766 1017.26824951172 1011.86297607422 1010.04827880859 1006.21435546875 1012.32769775391 1013.83306884766 1006.15130615234
986.297058105469 985.0595703125 985.966430664062 987.528442382812 986.278076171875 989.898132324219 995.806579589844 993.1064453125 1004.98608398438 1007.17584228516 1006.82568359375 997.933532714844 1002.24401855469 1006.64715576172 1009.11767578125 1008.18017578125 1012.95178222656 1010.36254882812 1009.66070556641 1019.07348632812 1020.6865234375 1021.27508544922 1016.49444580078 1012.93438720703 1001.45141601562 1006.35272216797 1000.99652099609 1004.20782470703 1003.31713867188 1006.38238525391 1013.17913818359 1013.72766113281 1015.11151123047 1013.16693115234 1014.22131347656 1017.78887939453 1022.14422607422 1020.83203125 1016.35028076172 1011.85565185547 1003.84875488281 1004.62664794922 1010.81616210938 1008.40069580078 1015.6083984375 1011.23657226562
987.379089355469 989.23046875 981.31884765625 990.693969726562 996.521179199219 993.329406738281 1001.28094482422 994.063293457031 999.727478027344 999.135620117188 994.102355957031 992.122375488281 998.824035644531 1001.67559814453 1014.31683349609 1019.27746582031 1011.49078369141 1003.2685546875 1003.55352783203 1001.24523925781 1005.16900634766 1018.22082519531 1015.83197021484 1010.74847412109 1000.22991943359 993.734313964844 993.801391601562 1000.63928222656 1001.95611572266 1000.47180175781 1004.72888183594 1011.35961914062 1015.43786621094 1016.40661621094 1015.7021484375 1012.39825439453 1014.27874755859 1023.07415771484 1018.94671630859 1006.35693359375 1010.09631347656 1002.70092773438 1002.12469482422 1007.76715087891 1014.80212402344 1015.96746826172
988.126220703125 988.834716796875 982.604370117188 987.233459472656 998.313659667969 997.150390625 994.946960449219 1000.12268066406 995.262329101562 995.903076171875 988.117431640625 989.003845214844 996.684265136719 996.374877929688 1009.79309082031 997.346923828125 997.111938476562 995.682373046875 994.141357421875 1001.31225585938 1002.57385253906 1009.22308349609 1011.03765869141 1005.47021484375 1004.18170166016 997.922119140625 992.970458984375 1002.26281738281 1005.89239501953 1007.40679931641 1002.78558349609 1008.77380371094 1008.67730712891 1013.64898681641 1010.67742919922 1009.98187255859 1019.36450195312 1014.85858154297 1013.18933105469 1015.75329589844 1005.59564208984 1009.25329589844 1007.51837158203 1009.14184570312 1009.38531494141 1013.94598388672
982.240661621094 993.321594238281 988.446044921875 978.12939453125 987.136779785156 997.820495605469 995.215087890625 998.660827636719 986.381042480469 990.971923828125 985.209655761719 985.460693359375 986.97998046875 980.55224609375 990.323425292969 990.101867675781 985.273254394531 979.890625 987.123901367188 1000.86315917969 1007.33056640625 1011.93743896484 1001.83050537109 1002.39251708984 997.492919921875 996.939208984375 999.571594238281 999.322082519531 998.635498046875 1002.75427246094 1005.17199707031 1010.80444335938 1008.28717041016 1016.47778320312 1017.12396240234 1020.54479980469 1022.55932617188 1023.44689941406 1019.11779785156 1012.61865234375 1015.21691894531 1026.75659179688 1017.71795654297 1008.51641845703 1011.44049072266 1024.27978515625
982.480590820312 992.579345703125 988.550354003906 978.601928710938 986.093688964844 988.659973144531 990.739501953125 989.970397949219 979.376586914062 988.095764160156 986.025634765625 983.30126953125 979.545166015625 977.708068847656 989.776550292969 980.351135253906 992.892272949219 985.712219238281 987.42138671875 995.612731933594 1006.48870849609 1000.50659179688 1002.21209716797 997.905212402344 999.934753417969 995.498718261719 993.022766113281 1002.55181884766 1002.48822021484 1005.75665283203 1012.22534179688 1011.08129882812 1008.63555908203 1012.95904541016 1009.34411621094 1020.35266113281 1017.54028320312 1017.37921142578 1028.31872558594 1028.68627929688 1034.87036132812 1034.5654296875 1031.54040527344 1021.62524414062 1017.09954833984 1025.00744628906
979.309204101562 988.552368164062 996.682556152344 985.000610351562 978.069152832031 979.475280761719 984.492980957031 986.605712890625 994.339782714844 990.495422363281 983.9423828125 984.822326660156 981.258117675781 985.33056640625 980.789245605469 980.542907714844 998.346069335938 992.4501953125 993.754699707031 1002.78674316406 998.31640625 990.542663574219 996.427673339844 988.852111816406 982.415222167969 987.619812011719 986.119812011719 988.044738769531 993.076721191406 1004.99255371094 1003.24230957031 1007.14807128906 1005.20947265625 1015.79876708984 1012.02142333984 1013.79211425781 1025.60571289062 1023.67437744141 1032.59655761719 1036.92858886719 1037.46765136719 1035.9189453125 1030.43896484375 1033.54821777344 1021.59515380859 1025.1123046875
978.577453613281 992.579345703125 989.178771972656 989.681579589844 986.400817871094 977.222839355469 978.673034667969 994.027709960938 987.525512695312 988.03125 987.748657226562 992.7041015625 984.504943847656 975.911865234375 984.852966308594 984.583923339844 991.878051757812 998.650024414062 996.475646972656 996.343200683594 999.126037597656 998.532897949219 987.913940429688 987.06396484375 984.22705078125 984.74267578125 988.660278320312 994.440002441406 994.896606445312 1002.56799316406 998.689758300781 1001.48974609375 1009.61077880859 1007.5322265625 1018.07641601562 1016.37683105469 1027.37268066406 1033.09118652344 1037.82446289062 1042.57080078125 1046.93701171875 1034.69958496094 1030.90905761719 1032.88745117188 1040.31018066406 1026.61975097656
991.243530273438 983.492858886719 986.110412597656 984.190185546875 981.33984375 969.695556640625 980.785827636719 984.134338378906 989.642517089844 984.4677734375 977.315124511719 981.681640625 977.971008300781 973.176452636719 973.577758789062 974.006408691406 982.846984863281 985.4306640625 989.926452636719 986.678100585938 992.698303222656 992.789611816406 991.1357421875 982.350524902344 980.94189453125 986.643127441406 983.521789550781 1002.14996337891 1002.21246337891 1006.27795410156 1011.59002685547 1010.93774414062 1009.60137939453 1007.53918457031 1015.51330566406 1024.03771972656 1030.38208007812 1033.94995117188 1038.70349121094 1048.93688964844 1039.98303222656 1035.44445800781 1031.73596191406 1042.1708984375 1043.20593261719 1028.56701660156
976.732971191406 980.069702148438 984.595764160156 984.425109863281 977.641296386719 977.10546875 974.248840332031 981.574951171875 983.7490234375 985.827392578125 979.106262207031 972.4638671875 968.241394042969 972.711242675781 972.999267578125 969.149841308594 976.792663574219 980.969787597656 979.393676757812 977.772766113281 982.943786621094 983.516662597656 982.380859375 977.113647460938 988.177795410156 986.558471679688 992.971069335938 1010.21459960938 1007.86834716797 1010.11834716797 1021.95208740234 1018.67419433594 1013.66802978516 1016.13793945312 1022.04132080078 1025.65856933594 1033.40673828125 1035.60791015625 1042.173828125 1040.21081542969 1038.81323242188 1042.99719238281 1030.78442382812 1032.69909667969 1028.63391113281 1022.00805664062
979.561767578125 980.877563476562 978.74072265625 979.555786132812 979.027099609375 983.309326171875 987.369140625 980.072875976562 986.815979003906 987.891723632812 980.042053222656 975.627319335938 974.820434570312 972.618469238281 974.006286621094 973.09521484375 974.127685546875 973.414611816406 974.53857421875 974.574035644531 978.344909667969 979.469055175781 974.057495117188 979.890686035156 993.479125976562 997.41845703125 997.588684082031 1010.15838623047 1010.166015625 1025.71130371094 1016.45556640625 1022.25598144531 1014.31970214844 1019.72338867188 1020.99871826172 1018.54309082031 1028.32250976562 1029.06372070312 1039.61743164062 1032.53295898438 1042.27844238281 1045.90307617188 1043.41345214844 1039.10632324219 1022.80120849609 1014.03015136719
970.187744140625 977.682373046875 975.794189453125 974.806884765625 978.707946777344 981.509643554688 989.544921875 984.277709960938 986.091735839844 983.422424316406 988.623840332031 980.2216796875 972.468139648438 971.632385253906 974.572570800781 976.573486328125 969.90283203125 963.448059082031 962.299926757812 972.593933105469 975.717224121094 972.816772460938 976.083312988281 978.694091796875 995.266052246094 998.894836425781 1006.7158203125 1014.75177001953 1017.24017333984 1022.79827880859 1024.52416992188 1025.869140625 1025.59912109375 1029.02563476562 1029.94738769531 1022.50250244141 1017.23864746094 1019.05944824219 1027.10974121094 1029.62219238281 1037.0390625 1042.67553710938 1046.58093261719 1043.45629882812 1031.2060546875 1023.36340332031
957.152404785156 964.38671875 963.6650390625 970.771911621094 969.141479492188 965.044311523438 972.091430664062 973.892150878906 974.308898925781 974.568786621094 974.599914550781 980.090209960938 969.07470703125 961.574096679688 977.212097167969 966.008117675781 962.63232421875 962.307250976562 966.801513671875 971.713684082031 975.514526367188 972.409851074219 972.558898925781 992.232788085938 997.596252441406 1004.12060546875 1008.31561279297 1001.53668212891 1011.96813964844 1021.89801025391 1022.92822265625 1024.63818359375 1020.01593017578 1022.57135009766 1031.021484375 1026.5947265625 1026.06311035156 1026.9033203125 1020.42126464844 1030.1552734375 1035.3095703125 1041.78491210938 1041.51916503906 1044.29235839844 1034.29431152344 1029.11218261719
