data/zlatibor_dem_simulations/DEMsim21.asc
NCOLS 150
NROWS 100
XLLCORNER 7394249
YLLCORNER 4841999
CELLSIZE 30
NODATA_VALUE -9999
[rows 40 to 59 of 100, columns 46 to 91 of 150]
966.683166503906 970.577575683594 974.298828125 968.992309570312 971.411315917969 971.108703613281 968.683471679688 970.92578125 974.616821289062 974.649475097656 976.839050292969 977.023803710938 982.937194824219 982.089111328125 979.333923339844 971.769287109375 973.88916015625 982.223327636719 977.333557128906 977.388305664062 978.441833496094 971.904357910156 967.531616210938 969.040161132812 965.669128417969 974.072265625 967.408020019531 968.765930175781 961.276672363281 973.711242675781 985.043640136719 988.246887207031 992.243774414062 990.465270996094 976.146667480469 988.698791503906 984.586242675781 978.281188964844 980.372863769531 982.568176269531 980.20166015625 982.352905273438 987.251953125 989.110595703125 996.956420898438 993.713317871094
958.592651367188 969.999450683594 973.552124023438 979.930908203125 969.4482421875 964.729125976562 972.931030273438 971.922241210938 975.420776367188 968.379028320312 974.197021484375 973.7294921875 979.878051757812 986.869018554688 980.1962890625 973.4814453125 971.067260742188 975.840209960938 975.127014160156 979.251892089844 976.765197753906 971.302429199219 961.900939941406 957.661682128906 964.561706542969 964.244018554688 966.726135253906 968.235290527344 958.758544921875 980.336059570312 990.499450683594 982.786315917969 989.716064453125 985.006591796875 981.172607421875 982.270629882812 985.269165039062 979.531799316406 983.918762207031 982.136535644531 985.882934570312 991.703552246094 987.790588378906 998.176452636719 995.212524414062 991.341186523438
967.502319335938 969.024963378906 963.560546875 969.125854492188 969.377502441406 967.122192382812 969.379760742188 965.137573242188 967.500854492188 968.222839355469 968.594604492188 977.163146972656 983.182067871094 984.281677246094 979.323608398438 980.595153808594 974.177001953125 972.331237792969 980.853393554688 975.864318847656 972.661315917969 973.782958984375 968.138061523438 960.113525390625 959.495422363281 963.737670898438 963.500183105469 964.071044921875 974.539489746094 968.697082519531 977.590209960938 977.978088378906 983.822265625 979.658996582031 971.387878417969 972.669128417969 970.178771972656 981.41162109375 985.679443359375 989.343872070312 989.439880371094 987.467468261719 984.875610351562 992.582763671875 992.585998535156 990.999633789062
967.506774902344 969.800231933594 970.136535644531 966.480895996094 962.423706054688 968.567504882812 964.667602539062 966.260620117188 968.89501953125 962.8837890625 965.460815429688 969.727233886719 972.25146484375 975.066589355469 976.773071289062 973.7236328125 976.50537109375 977.652526855469 972.211181640625 969.057678222656 972.617919921875 970.862976074219 957.947692871094 958.28955078125 958.334716796875 964.214721679688 967.166259765625 965.638061523438 968.285461425781 965.839965820312 976.323425292969 972.82177734375 976.133361816406 971.6767578125 973.073608398438 966.356201171875 976.500793457031 975.191528320312 984.7109375 989.804626464844 985.853149414062 982.545715332031 986.245422363281 978.799255371094 983.962890625 986.372863769531
960.880310058594 968.518371582031 973.643798828125 965.442993164062 971.472412109375 965.891723632812 960.605285644531 962.408508300781 972.86669921875 974.127258300781 980.886840820312 983.5654296875 973.717041015625 968.631774902344 976.55908203125 974.068725585938 980.304443359375 976.0537109375 973.632385253906 978.475830078125 973.982971191406 975.405517578125 965.265441894531 964.716552734375 964.826416015625 961.535766601562 968.247314453125 963.890014648438 960.056396484375 966.331665039062 976.084777832031 968.714111328125 973.863464355469 968.882141113281 966.106994628906 963.8876953125 962.438720703125 976.699584960938 986.871826171875 985.125549316406 980.175476074219 973.828552246094 982.137634277344 980.938171386719 981.436401367188 985.129577636719
967.171691894531 966.866394042969 969.693603515625 971.017822265625 969.069458007812 966.676635742188 969.017456054688 968.101928710938 972.877563476562 980.092346191406 978.446411132812 976.3701171875 970.046997070312 973.011962890625 974.038452148438 978.473693847656 969.716369628906 967.752746582031 971.666442871094 972.170043945312 980.123229980469 967.801818847656 966.561096191406 972.906982421875 969.437744140625 960.539306640625 956.909973144531 966.644409179688 960.926330566406 967.002319335938 970.051391601562 972.2451171875 976.446411132812 964.504760742188 961.060974121094 962.615295410156 959.5439453125 974.235412597656 971.740478515625 969.484191894531 975.419250488281 978.936889648438 970.770629882812 971.797302246094 993.175354003906 989.2958984375
964.748718261719 966.840148925781 959.655639648438 970.529663085938 978.006164550781 972.602844238281 965.570068359375 976.355651855469 968.457702636719 971.995483398438 967.8466796875 977.083374023438 974.346740722656 968.806640625 971.761779785156 970.433898925781 972.04248046875 968.481994628906 969.638061523438 968.124572753906 971.700256347656 962.013305664062 964.768676757812 967.510437011719 975.189880371094 970.548706054688 959.900756835938 957.2958984375 967.169799804688 966.208801269531 969.735229492188 974.53662109375 973.799499511719 969.716735839844 966.242553710938 961.867858886719 966.550842285156 959.286315917969 964.337707519531 965.364685058594 966.7138671875 973.577941894531 971.3759765625 976.840454101562 989.120666503906 992.205200195312
965.477172851562 969.209716796875 968.617126464844 968.642761230469 965.65478515625 967.889404296875 959.638671875 972.507995605469 970.753112792969 965.989868164062 969.827819824219 975.972839355469 970.016845703125 971.662536621094 972.068786621094 969.021850585938 964.702087402344 964.805786132812 970.833557128906 969.451171875 960.987121582031 955.010375976562 964.707763671875 969.780578613281 975.857421875 968.139892578125 958.681396484375 968.316833496094 971.500854492188 966.654968261719 970.619201660156 977.917053222656 969.958862304688 970.858032226562 973.058410644531 965.250305175781 961.600341796875 964.039733886719 969.184692382812 966.655151367188 966.032165527344 969.724304199219 971.409240722656 971.548828125 976.335021972656 983.302795410156
965.367553710938 975.966491699219 966.238098144531 972.249694824219 969.635192871094 965.4169921875 963.019592285156 964.49609375 969.292297363281 967.907043457031 969.774536132812 966.097900390625 963.541381835938 964.797119140625 964.671875 962.023864746094 974.325988769531 960.506164550781 965.26220703125 965.536499023438 954.501220703125 955.231872558594 963.994750976562 966.275939941406 966.854248046875 961.8232421875 972.636474609375 961.742614746094 973.799560546875 971.662231445312 964.540710449219 968.200378417969 965.967407226562 970.073303222656 975.76171875 978.439758300781 971.885559082031 976.287719726562 971.177734375 969.18603515625 974.775390625 983.140930175781 971.535034179688 972.272155761719 974.501647949219 977.580871582031
970.76513671875 966.873779296875 969.888916015625 975.923156738281 971.47216796875 968.620300292969 965.860595703125 960.169982910156 960.404968261719 965.944702148438 969.040710449219 967.085266113281 964.784606933594 965.562561035156 957.97216796875 960.091918945312 965.035705566406 957.238952636719 963.670593261719 957.22705078125 962.003173828125 956.402282714844 966.753051757812 970.305114746094 959.310974121094 962.398620605469 971.060180664062 973.051147460938 974.803894042969 973.727355957031 972.258911132812 968.595947265625 971.805725097656 969.665954589844 966.748596191406 969.932800292969 969.897705078125 972.334838867188 966.568237304688 969.007385253906 978.628234863281 986.782775878906 969.341186523438 966.227294921875 968.745788574219 975.274047851562
957.61669921875 961.567138671875 967.229309082031 971.438049316406 965.291015625 961.554626464844 961.669494628906 953.994140625 953.688110351562 954.997802734375 964.755004882812 965.452575683594 964.360046386719 954.928955078125 947.254211425781 957.135131835938 951.188842773438 955.167846679688 967.825927734375 963.740478515625 958.118774414062 957.545166015625 965.012329101562 969.342895507812 971.760314941406 974.877014160156 981.398986816406 975.677307128906 972.581787109375 966.980285644531 967.059875488281 973.625122070312 964.088500976562 962.213623046875 956.118713378906 966.214172363281 968.052856445312 970.940551757812 977.526428222656 976.297058105469 968.743896484375 974.906311035156 968.658142089844 970.426513671875 972.139404296875 979.149475097656
958.371826171875 958.076232910156 967.177917480469 965.177368164062 967.852844238281 956.700256347656 953.335571289062 945.555236816406 953.930480957031 959.513916015625 965.130981445312 959.783874511719 959.496948242188 953.512023925781 951.16455078125 945.7705078125 950.739440917969 959.746887207031 961.962097167969 958.747192382812 960.68408203125 972.348999023438 973.440368652344 968.080932617188 976.619689941406 973.820007324219 978.110168457031 965.633239746094 968.79345703125 965.654907226562 966.324279785156 974.760375976562 971.674255371094 962.3388671875 953.964477539062 958.852722167969 966.96435546875 972.733032226562 973.688049316406 975.824401855469 968.346313476562 969.098022460938 978.434509277344 986.66650390625 974.711303710938 968.24951171875
965.537902832031 958.0087890625 970.824401855469 957.138488769531 958.842224121094 955.287841796875 965.93212890625 955.876708984375 953.571838378906 962.8564453125 965.978881835938 966.36767578125 961.005310058594 964.135620117188 955.258911132812 957.836791992188 957.817138671875 958.067565917969 961.205688476562 949.680114746094 960.509826660156 966.388000488281 963.787231445312 966.101623535156 969.582641601562 966.76513671875 970.39111328125 964.894775390625 963.004516601562 963.697814941406 959.891357421875 962.837280273438 955.265563964844 959.62939453125 958.240844726562 958.81787109375 964.479370117188 970.902282714844 967.117492675781 967.439086914062 968.312072753906 960.028198242188 968.301574707031 974.108947753906 973.311828613281 969.775512695312
956.296325683594 957.801940917969 968.597595214844 956.118408203125 964.642395019531 963.305847167969 962.30859375 964.157958984375 955.901306152344 958.476867675781 949.078796386719 960.563537597656 956.671447753906 956.747924804688 963.463073730469 957.436157226562 965.122314453125 961.484436035156 951.0361328125 948.7705078125 951.727233886719 957.612243652344 965.149291992188 960.446655273438 962.142639160156 959.237426757812 958.159240722656 959.324462890625 965.740234375 958.531494140625 961.645935058594 962.458984375 952.566223144531 961.203002929688 963.382019042969 965.948608398438 965.868591308594 967.162170410156 964.483764648438 964.897033691406 965.28515625 954.151000976562 961.714294433594 971.916748046875 969.605895996094 960.327209472656
951.873596191406 954.590270996094 953.337951660156 962.244262695312 961.555786132812 955.772033691406 959.99267578125 967.169128417969 959.917297363281 955.221557617188 949.294250488281 954.807067871094 955.873474121094 952.184936523438 956.944641113281 966.636169433594 964.322509765625 958.780090332031 959.734558105469 956.17333984375 952.229553222656 959.965393066406 956.7109375 959.789733886719 962.015380859375 953.554870605469 955.041625976562 972.357421875 962.628967285156 962.064147949219 952.490051269531 961.135559082031 967.80419921875 965.152221679688 974.74267578125 958.534912109375 958.788208007812 960.179443359375 966.794738769531 962.952270507812 956.136535644531 957.989562988281 961.754760742188 975.037292480469 978.249694824219 965.766662597656
953.502319335938 950.931762695312 959.3115234375 962.250732421875 967.542541503906 961.205932617188 962.565185546875 960.760864257812 968.190490722656 963.947937011719 956.950500488281 953.059143066406 954.209716796875 951.777038574219 955.014282226562 965.404174804688 970.656311035156 959.488403320312 956.492492675781 953.612670898438 957.030029296875 960.798522949219 953.628295898438 959.749328613281 957.671447753906 961.241943359375 967.128723144531 960.0400390625 954.848937988281 956.794799804688 954.596923828125 960.973999023438 964.8515625 968.492980957031 973.347717285156 959.670104980469 952.864624023438 952.4921875 955.677062988281 956.5751953125 962.996520996094 970.860168457031 968.976989746094 981.079650878906 969.298522949219 963.238952636719
952.675903320312 948.070861816406 947.335083007812 952.325927734375 958.495483398438 957.462219238281 961.143676757812 954.421203613281 954.662231445312 953.880859375 961.9619140625 949.163940429688 951.487182617188 950.6865234375 951.265380859375 969.0576171875 964.061096191406 963.585510253906 956.554748535156 957.021240234375 952.06884765625 963.389038085938 958.85546875 971.328430175781 969.538818359375 973.077087402344 960.628479003906 961.062194824219 962.107055664062 958.340087890625 955.416931152344 961.693725585938 958.319458007812 963.750061035156 960.635620117188 963.1279296875 952.613464355469 951.23486328125 955.681640625 960.8310546875 969.003723144531 970.542846679688 969.695373535156 969.536804199219 964.879272460938 963.944458007812
947.290161132812 948.884399414062 944.708923339844 947.769470214844 951.821533203125 948.805541992188 945.668395996094 949.743103027344 949.91552734375 951.59375 950.811584472656 954.012878417969 950.71728515625 958.905944824219 956.507934570312 960.245178222656 963.396728515625 960.376708984375 947.6337890625 950.257263183594 957.0810546875 956.592956542969 962.393798828125 968.000732421875 966.767944335938 970.352355957031 965.1640625 962.257019042969 956.914428710938 955.434448242188 964.268188476562 972.279663085938 959.842346191406 960.800231933594 955.127990722656 953.217468261719 954.958557128906 957.423583984375 954.44677734375 960.033508300781 966.457641601562 966.912536621094 969.723876953125 969.47265625 967.6328125 960.755249023438
953.215393066406 957.193542480469 952.031127929688 956.966491699219 949.371459960938 952.151794433594 943.796997070312 948.123474121094 951.400146484375 954.753112792969 951.375061035156 951.572692871094 957.96484375 965.82470703125 967.583251953125 970.430297851562 964.703979492188 955.767456054688 954.989013671875 952.933776855469 959.519836425781 957.274230957031 954.551147460938 961.571228027344 965.351501464844 966.80810546875 967.689880371094 963.727172851562 967.814514160156 963.45556640625 967.256713867188 969.907287597656 963.237182617188 963.785339355469 966.644409179688 953.931640625 961.269287109375 960.139526367188 949.214111328125 959.071105957031 956.959655761719 967.350341796875 968.629638671875 965.686584472656 965.352783203125 955.266662597656
952.963806152344 956.926574707031 954.308044433594 950.747314453125 957.885681152344 951.2041015625 951.276794433594 947.730529785156 944.951110839844 954.659240722656 954.98291015625 951.945861816406 960.352172851562 960.459289550781 968.790283203125 966.866455078125 971.795776367188 962.863830566406 958.776916503906 949.926635742188 964.139221191406 961.236694335938 963.072998046875 965.983276367188 973.146118164062 969.4150390625 961.912902832031 959.483337402344 970.040588378906 973.69775390625 969.050476074219 964.715881347656 967.105712890625 965.153015136719 957.093933105469 960.1953125 966.48876953125 964.025268554688 962.850708007812 961.604064941406 963.268859863281 960.249206542969 963.943237304688 966.890808105469 965.095642089844 971.611633300781
