data/zlatibor_dem_simulations/DEMsim20.asc
NCOLS 150
NROWS 100
XLLCORNER 7394249
YLLCORNER 4841999
CELLSIZE 30
NODATA_VALUE -9999
[rows 40 to 59 of 100, columns 92 to 137 of 150]
988.356079101562 982.687927246094 984.720092773438 987.675903320312 999.293640136719 991.391662597656 992.060363769531 989.087280273438 986.664916992188 983.078063964844 989.408447265625 997.4921875 992.361267089844 983.586181640625 984.444213867188 989.079528808594 996.388427734375 995.269470214844 995.667846679688 987.441101074219 994.496032714844 995.606506347656 996.418884277344 996.56640625 997.206420898438 1000.93688964844 998.951049804688 998.134521484375 994.88232421875 992.332824707031 1002.59790039062 1004.34167480469 1000.78717041016 1001.81823730469 1014.24005126953 1020.02740478516 1021.54327392578 1019.24780273438 1023.67700195312 1025.51586914062 1030.80810546875 1026.72253417969 1037.63916015625 1046.22302246094 1051.30529785156 1052.75708007812
982.471435546875 984.349426269531 988.668212890625 988.268981933594 990.283386230469 997.034973144531 994.050964355469 991.974670410156 982.904052734375 976.596130371094 981.322998046875 974.738159179688 980.822021484375 983.808410644531 987.561889648438 984.540710449219 985.031188964844 989.043029785156 986.294921875 976.113586425781 981.864440917969 989.543579101562 988.740539550781 983.913269042969 996.691711425781 992.431945800781 1002.740234375 996.828125 995.169555664062 995.971130371094 996.553039550781 1000.74542236328 998.592834472656 1007.37951660156 1019.58868408203 1028.29357910156 1029.98937988281 1027.60009765625 1021.96978759766 1029.10595703125 1031.28283691406 1038.83959960938 1045.31945800781 1058.27270507812 1058.96667480469 1062.958984375
987.655883789062 984.85791015625 987.596069335938 995.020874023438 993.105895996094 994.144714355469 991.478088378906 985.856079101562 982.631042480469 983.333312988281 981.646728515625 977.664733886719 982.36279296875 981.836975097656 982.831176757812 990.121704101562 986.663146972656 984.623962402344 982.594482421875 974.265625 980.708740234375 986.301513671875 987.085327148438 996.625122070312 1000.93609619141 996.304870605469 991.654846191406 991.886047363281 992.319641113281 995.565795898438 1001.42236328125 993.4443359375 1007.67651367188 1011.63726806641 1026.04174804688 1041.40930175781 1038.00451660156 1036.88818359375 1043.35009765625 1037.08935546875 1046.35754394531 1043.32373046875 1046.09790039062 1054.51257324219 1054.32678222656 1062.01721191406
984.619262695312 985.267700195312 986.8388671875 990.444519042969 990.663513183594 986.081726074219 983.665893554688 974.699523925781 978.155212402344 977.695129394531 971.873229980469 983.093383789062 978.169982910156 980.527587890625 978.716918945312 980.730895996094 982.923461914062 983.691467285156 986.717834472656 981.605346679688 992.279846191406 993.594055175781 994.158630371094 994.872741699219 1001.72821044922 1006.26879882812 992.832946777344 1000.68182373047 1001.75201416016 1000.20318603516 1000.35809326172 1002.97064208984 1010.16815185547 1015.03240966797 1022.52514648438 1037.3115234375 1035.03149414062 1041.02197265625 1044.06494140625 1049.08215332031 1058.75061035156 1061.06994628906 1056.98181152344 1057.06433105469 1069.69775390625 1067.45849609375
985.468078613281 988.766540527344 983.4580078125 979.673950195312 984.424560546875 984.728515625 973.019897460938 977.655029296875 983.73681640625 972.076171875 970.313293457031 982.107238769531 982.92236328125 980.458435058594 980.712585449219 987.442565917969 996.437683105469 997.313171386719 997.55322265625 992.558715820312 993.954711914062 996.623352050781 999.853149414062 1003.62432861328 1014.76330566406 1015.25866699219 1003.91119384766 1013.88018798828 1013.71185302734 1012.44830322266 1010.01129150391 1004.71264648438 1013.27709960938 1018.83532714844 1021.22003173828 1027.10998535156 1041.15710449219 1036.15368652344 1050.26684570312 1061.13513183594 1057.59448242188 1064.23889160156 1069.31115722656 1068.78247070312 1071.9326171875 1077.96740722656
983.124755859375 981.619384765625 977.667602539062 970.883117675781 969.597473144531 979.494140625 977.858093261719 974.816772460938 977.162353515625 977.432067871094 982.626098632812 981.001953125 981.124938964844 983.621459960938 988.231872558594 986.899169921875 997.030395507812 994.218200683594 997.037048339844 998.830261230469 998.220703125 1002.26550292969 1009.13165283203 1011.29302978516 1018.74261474609 1020.29675292969 1012.39593505859 1009.63830566406 1007.33032226562 1006.03387451172 1003.78729248047 1013.28234863281 1016.89440917969 1015.27886962891 1020.44567871094 1025.87963867188 1024.13061523438 1028.15393066406 1040.75024414062 1053.91345214844 1066.53198242188 1068.06018066406 1080.390625 1079.2412109375 1074.10949707031 1078.12353515625
972.9970703125 974.190795898438 974.416015625 965.299255371094 972.113830566406 974.4619140625 978.693908691406 982.045654296875 979.083557128906 981.878662109375 985.540893554688 981.85400390625 985.2236328125 985.533996582031 991.37255859375 991.393920898438 993.332336425781 998.97021484375 992.762390136719 993.558959960938 989.825012207031 994.987426757812 993.151184082031 1001.09204101562 1015.16937255859 1007.67565917969 1007.23687744141 1002.50317382812 1015.71813964844 1009.58587646484 1006.89434814453 1012.37701416016 1020.73602294922 1010.43432617188 1019.45642089844 1025.03601074219 1023.02264404297 1033.52600097656 1042.43371582031 1049.43359375 1067.41467285156 1073.98413085938 1072.265625 1084.87841796875 1081.69421386719 1085.50024414062
971.953125 982.064331054688 978.146789550781 975.665649414062 984.273132324219 973.6513671875 974.368957519531 976.0810546875 981.1591796875 981.903259277344 987.397216796875 982.191711425781 983.919860839844 991.126647949219 991.089111328125 994.716552734375 986.303955078125 988.390930175781 995.945251464844 1001.74530029297 991.292602539062 988.095153808594 986.887573242188 994.280578613281 1007.38427734375 1009.673828125 1007.759765625 1010.06231689453 1008.75903320312 1004.49920654297 1005.75903320312 1010.27313232422 1019.38684082031 1020.10107421875 1025.44580078125 1017.71173095703 1023.36242675781 1037.80444335938 1039.66015625 1046.55773925781 1067.3916015625 1072.48876953125 1065.83728027344 1076.38000488281 1091.22705078125 1089.43078613281
980.232849121094 979.713745117188 986.337036132812 984.879516601562 986.645751953125 971.915466308594 975.006591796875 974.694946289062 973.837219238281 976.797729492188 986.117736816406 984.631469726562 987.452331542969 984.7265625 990.977294921875 986.039245605469 983.047546386719 989.640747070312 987.019287109375 1004.34912109375 996.840026855469 992.744689941406 978.933410644531 985.597778320312 992.766052246094 1006.32781982422 1010.95544433594 1007.85675048828 1005.55792236328 1005.90838623047 1007.01867675781 1006.55755615234 1022.06005859375 1023.66082763672 1033.7685546875 1034.0478515625 1029.89233398438 1034.79724121094 1042.99609375 1056.62475585938 1066.72900390625 1080.90588378906 1074.66442871094 1072.65625 1081.38330078125 1088.75732421875
975.664611816406 981.271057128906 987.706481933594 986.8076171875 987.618896484375 976.785583496094 980.861755371094 972.790710449219 980.110534667969 976.146545410156 972.805725097656 975.321411132812 979.859313964844 977.049377441406 980.788513183594 967.620483398438 971.645812988281 981.749816894531 991.840759277344 995.49755859375 990.414489746094 989.404296875 990.90234375 983.647888183594 996.466857910156 1002.87384033203 1008.97143554688 1012.15661621094 1014.29345703125 1005.27624511719 1013.77954101562 1019.14337158203 1031.37170410156 1030.880859375 1033.55969238281 1040.55053710938 1037.79968261719 1037.84155273438 1042.13464355469 1053.23791503906 1069.19165039062 1074.84240722656 1072.60961914062 1078.181640625 1088.14868164062 1090.73046875
966.852844238281 969.660400390625 976.238159179688 986.20849609375 981.690795898438 983.877319335938 978.659423828125 970.363342285156 968.4580078125 969.4501953125 966.485717773438 974.303833007812 981.238098144531 987.721984863281 974.476928710938 967.185180664062 970.725952148438 977.780395507812 985.743835449219 991.86962890625 994.144165039062 999.337585449219 990.31640625 995.8701171875 988.466003417969 1000.16320800781 995.842468261719 1007.60339355469 1010.12866210938 1007.58276367188 1010.67736816406 1021.47375488281 1033.86901855469 1042.06384277344 1039.55554199219 1033.88098144531 1036.15026855469 1040.32495117188 1042.83544921875 1064.16967773438 1074.55676269531 1077.33813476562 1081.96752929688 1084.3623046875 1087.99890136719 1088.60668945312
975.083984375 972.850891113281 976.30322265625 985.862182617188 985.385375976562 980.444580078125 980.802062988281 968.477905273438 971.592224121094 966.848571777344 978.058227539062 977.482604980469 985.884765625 980.377563476562 984.064758300781 972.128112792969 978.575561523438 982.4462890625 992.806030273438 988.2626953125 995.300659179688 991.638671875 994.139587402344 997.047546386719 997.240112304688 1003.22424316406 1006.72137451172 1004.27545166016 1008.79180908203 1015.76190185547 1020.15374755859 1028.8095703125 1033.6845703125 1031.42163085938 1035.01818847656 1029.38635253906 1034.67175292969 1038.70104980469 1043.88696289062 1060.36437988281 1066.73962402344 1082.98376464844 1086.18688964844 1091.07092285156 1092.16162109375 1094.71862792969
970.266418457031 970.418273925781 971.007446289062 978.819091796875 975.519714355469 975.547546386719 971.947631835938 982.416076660156 978.633239746094 980.603820800781 986.342956542969 978.640014648438 984.045166015625 971.215393066406 973.691284179688 976.678161621094 979.061401367188 979.377319335938 988.001342773438 995.952392578125 1000.18762207031 987.311279296875 986.924438476562 997.449401855469 999.505310058594 1002.52868652344 1004.49743652344 1014.02630615234 1017.56762695312 1011.77825927734 1019.32287597656 1029.30151367188 1029.01550292969 1024.68273925781 1035.52319335938 1033.57946777344 1034.14135742188 1029.57885742188 1040.86547851562 1060.24523925781 1073.61328125 1073.32470703125 1083.75732421875 1090.85131835938 1094.15783691406 1102.42309570312
963.619567871094 973.527465820312 970.913208007812 968.109985351562 976.655334472656 967.418273925781 969.334838867188 977.98876953125 982.82275390625 982.805969238281 979.383605957031 982.992004394531 981.979125976562 980.846801757812 975.80908203125 975.057556152344 987.516418457031 982.332336425781 988.21337890625 994.671020507812 1000.91467285156 996.755859375 991.715454101562 983.154479980469 996.43505859375 1002.60778808594 999.684204101562 1009.92108154297 1012.73480224609 1015.59429931641 1017.48492431641 1027.39172363281 1025.13903808594 1027.12170410156 1034.97412109375 1029.64294433594 1025.99597167969 1026.37512207031 1048.20568847656 1054.71325683594 1068.48791503906 1073.73742675781 1090.36108398438 1098.30847167969 1093.66833496094 1112.01623535156
964.518859863281 966.521606445312 961.801086425781 970.468811035156 967.544189453125 970.135925292969 969.411010742188 973.9189453125 973.311584472656 978.918518066406 977.114990234375 976.346496582031 981.682373046875 984.27001953125 980.235168457031 985.294311523438 989.634582519531 978.299987792969 980.860656738281 988.711853027344 989.959045410156 987.815673828125 992.611450195312 988.060607910156 995.326721191406 988.619140625 1001.12426757812 1004.23962402344 1009.09301757812 1006.54626464844 1011.64739990234 1008.87139892578 1016.44000244141 1028.89331054688 1023.21209716797 1031.27453613281 1017.20831298828 1026.38854980469 1041.85595703125 1054.26037597656 1069.34094238281 1084.7890625 1089.56506347656 1095.40222167969 1096.38366699219 1100.39575195312
971.752380371094 971.109008789062 963.664367675781 963.229919433594 972.208435058594 971.652709960938 974.268859863281 976.296875 973.929443359375 984.964660644531 989.693969726562 985.285461425781 987.00390625 986.822265625 979.826904296875 987.762145996094 992.5908203125 991.899353027344 983.454711914062 982.675109863281 982.650939941406 987.5830078125 988.989440917969 990.287841796875 993.386474609375 1001.36376953125 1001.04406738281 1002.40258789062 1002.58990478516 998.070434570312 1000.13293457031 1010.56579589844 1016.29888916016 1029.65441894531 1027.96789550781 1033.021484375 1036.05883789062 1031.39404296875 1044.00402832031 1054.35791015625 1058.66662597656 1069.33361816406 1084.21520996094 1097.60766601562 1094.95288085938 1091.96069335938
975.613525390625 977.250732421875 970.126770019531 967.936462402344 977.906372070312 977.389343261719 972.799865722656 967.532531738281 978.108703613281 984.650756835938 986.722778320312 1000.15734863281 986.130859375 984.40771484375 980.716369628906 985.19189453125 994.507751464844 989.733459472656 984.356201171875 990.844787597656 987.369445800781 990.126098632812 996.412963867188 994.924560546875 1001.18041992188 998.384826660156 988.425842285156 989.620727539062 1004.10198974609 999.868408203125 1002.48272705078 1009.37255859375 1014.65423583984 1026.93493652344 1025.22595214844 1031.42407226562 1029.18713378906 1034.21838378906 1048.5673828125 1049.09533691406 1054.27587890625 1072.44567871094 1080.12426757812 1096.53076171875 1093.61157226562 1082.83740234375
981.148254394531 977.667785644531 977.027465820312 978.057739257812 978.909729003906 983.953735351562 981.202087402344 980.616943359375 977.619140625 978.682373046875 985.243469238281 990.302978515625 989.983764648438 988.239501953125 985.27294921875 985.255432128906 987.000854492188 992.149353027344 992.5146484375 999.340148925781 1005.19757080078 988.006042480469 992.117858886719 993.028747558594 997.355102539062 996.605712890625 984.173400878906 991.384094238281 1005.87469482422 999.194885253906 997.710205078125 1000.93756103516 1011.66326904297 1026.34631347656 1021.89868164062 1031.29638671875 1029.87841796875 1037.0546875 1054.46447753906 1057.23059082031 1061.30395507812 1070.74060058594 1077.17016601562 1088.33984375 1082.69775390625 1086.93371582031
977.426147460938 977.325256347656 976.637268066406 982.996154785156 977.174743652344 980.269165039062 977.7060546875 980.240478515625 981.105285644531 987.278381347656 980.729736328125 991.037048339844 994.73046875 987.866394042969 991.921447753906 982.586975097656 990.107849121094 989.704284667969 998.887634277344 996.068237304688 998.176330566406 991.376647949219 984.379699707031 989.107055664062 997.171203613281 996.535400390625 996.057250976562 994.052612304688 992.893249511719 995.742309570312 1000.15539550781 1008.91845703125 1015.029296875 1021.41510009766 1025.91796875 1034.34765625 1035.76062011719 1034.51489257812 1046.78344726562 1061.62280273438 1067.73657226562 1062.09020996094 1070.74475097656 1075.91491699219 1072.90063476562 1073.79956054688
970.51123046875 985.401794433594 984.102966308594 982.99658203125 982.603454589844 975.383911132812 979.980346679688 980.236999511719 982.045104980469 985.216674804688 978.259704589844 995.252258300781 996.304626464844 994.991149902344 989.561584472656 995.583801269531 988.781616210938 1001.22564697266 997.377685546875 995.281066894531 991.321350097656 991.903381347656 983.815368652344 991.790283203125 990.240539550781 996.124572753906 998.145568847656 995.63720703125 990.451843261719 999.481018066406 1003.87347412109 1007.63287353516 1021.21655273438 1029.03125 1029.75939941406 1029.62890625 1029.88684082031 1037.60498046875 1045.3408203125 1054.14196777344 1058.33581542969 1061.66284179688 1063.24609375 1059.05590820312 1064.94970703125 1069.67687988281
