data/zlatibor_dem_simulations/DEMsim33.asc
NCOLS 150
NROWS 100
XLLCORNER 7394249
YLLCORNER 4841999
CELLSIZE 30
NODATA_VALUE -9999
[rows 0 to 19 of 100, columns 46 to 91 of 150]
975.906066894531 982.8193359375 979.607666015625 981.051635742188 980.573852539062 968.703308105469 969.720825195312 959.140808105469 951.247802734375 952.254577636719 944.277404785156 935.500854492188 933.367431640625 938.730346679688 932.655395507812 930.429260253906 916.890502929688 912.899780273438 918.081604003906 905.25341796875 902.963623046875 911.285522460938 912.749633789062 916.505187988281 926.410217285156 930.700500488281 937.100708007812 935.797546386719 940.319946289062 947.717163085938 957.322387695312 963.561584472656 968.632019042969 974.145690917969 974.731140136719 979.788635253906 981.162048339844 969.794555664062 969.6357421875 969.956848144531 967.906799316406 953.157836914062 950.599670410156 948.23095703125 945.65478515625 934.309875488281
990.716430664062 981.989440917969 979.649597167969 978.190368652344 974.411010742188 969.239196777344 965.478698730469 963.989013671875 949.3466796875 948.192321777344 943.99072265625 934.664916992188 938.481323242188 942.632934570312 946.761352539062 936.640502929688 924.088500976562 913.991271972656 909.034545898438 905.690246582031 911.276062011719 909.166748046875 911.414611816406 922.243530273438 928.300720214844 924.0107421875 929.066345214844 937.346008300781 941.699279785156 957.243896484375 956.216369628906 971.227966308594 972.802429199219 986.849975585938 996.104919433594 995.191833496094 988.775268554688 978.344787597656 972.264892578125 968.298522949219 962.818176269531 949.469543457031 944.712951660156 950.036437988281 943.321411132812 926.466552734375
986.731140136719 982.558959960938 975.793212890625 978.951110839844 968.394592285156 970.400085449219 965.819885253906 957.53515625 952.455932617188 950.578369140625 948.150695800781 941.660095214844 946.777099609375 953.085083007812 951.037048339844 946.056457519531 936.763000488281 924.325256347656 915.024230957031 909.975891113281 914.716003417969 901.857238769531 915.599914550781 923.32666015625 929.980285644531 926.879699707031 936.854797363281 949.392822265625 952.189331054688 957.565734863281 968.767517089844 972.033752441406 981.293823242188 998.216247558594 994.690246582031 996.522399902344 990.631958007812 985.293151855469 979.17724609375 971.250183105469 967.256652832031 960.884643554688 955.121398925781 949.498046875 936.579345703125 925.042297363281
981.002746582031 982.628051757812 979.315673828125 972.861267089844 972.705200195312 970.1845703125 977.921325683594 971.133483886719 961.472961425781 952.01025390625 946.695007324219 951.559509277344 951.905029296875 959.684204101562 957.974548339844 944.158813476562 931.471008300781 926.188110351562 921.239562988281 912.470520019531 918.821166992188 911.386108398438 921.295471191406 921.367309570312 938.116821289062 938.780883789062 946.752990722656 959.520690917969 960.842407226562 969.566101074219 980.862060546875 975.54052734375 988.424987792969 995.682556152344 1001.68121337891 1001.64758300781 992.006225585938 978.040649414062 987.048217773438 973.40283203125 963.751159667969 957.23486328125 945.761413574219 944.634826660156 940.013610839844 932.84423828125
979.178771972656 980.2939453125 973.530822753906 979.4833984375 969.876281738281 971.611694335938 981.269470214844 967.790893554688 962.158813476562 956.000366210938 954.527893066406 960.054382324219 961.024047851562 966.077758789062 959.689331054688 950.563598632812 947.789916992188 933.985473632812 931.952819824219 925.858764648438 927.402648925781 923.456359863281 927.617797851562 921.45703125 936.535583496094 944.778625488281 960.7685546875 961.003295898438 967.035949707031 983.413635253906 985.4765625 988.007873535156 998.12353515625 1000.78820800781 1007.98034667969 1008.67260742188 993.64892578125 983.352355957031 974.036682128906 965.967407226562 957.848815917969 955.959289550781 950.524353027344 942.863708496094 936.29296875 932.995910644531
980.162048339844 982.853332519531 976.506225585938 979.032348632812 978.131896972656 982.178405761719 975.165649414062 962.473022460938 956.613159179688 954.989807128906 956.970947265625 972.11572265625 974.686218261719 967.262268066406 964.571411132812 968.092712402344 963.619995117188 958.804870605469 951.388793945312 954.532653808594 943.131652832031 936.14404296875 930.256530761719 928.54443359375 941.252868652344 946.496215820312 958.4736328125 964.713073730469 976.308471679688 989.076599121094 1000.4306640625 1001.2548828125 995.081420898438 1006.13763427734 1018.90502929688 1012.78942871094 1003.08416748047 986.916687011719 971.54638671875 966.020874023438 957.458251953125 962.760803222656 948.933166503906 936.264465332031 933.650695800781 937.252990722656
984.105285644531 980.764038085938 982.194641113281 980.337951660156 980.781616210938 989.069274902344 977.055053710938 970.911987304688 972.187622070312 969.828308105469 973.761901855469 983.357604980469 977.585144042969 977.206909179688 976.146179199219 976.309753417969 975.329162597656 964.447875976562 965.0400390625 962.095703125 951.698181152344 950.9140625 938.880554199219 933.726013183594 944.183532714844 951.544494628906 949.892578125 963.432067871094 972.454162597656 990.227172851562 1001.30120849609 1014.69030761719 1006.89978027344 1012.50048828125 1009.65496826172 1015.16870117188 1002.00433349609 990.888427734375 978.062377929688 983.181213378906 962.626953125 956.390502929688 951.189086914062 940.839599609375 937.104919433594 931.136962890625
997.683227539062 988.466186523438 982.311218261719 994.074096679688 987.178955078125 987.937377929688 980.162109375 984.074829101562 984.6767578125 976.201232910156 986.165649414062 981.012878417969 979.998901367188 987.418090820312 980.195617675781 983.016723632812 977.6083984375 972.147155761719 969.684936523438 964.911926269531 953.880981445312 956.55615234375 950.235168457031 950.70703125 945.863586425781 947.434326171875 950.508666992188 965.706665039062 977.208557128906 991.873229980469 1004.75750732422 1009.23260498047 1011.87188720703 1018.75305175781 1018.57739257812 1019.92736816406 1001.57861328125 993.850463867188 977.707885742188 980.4951171875 974.34423828125 954.837341308594 951.099304199219 942.962280273438 932.341613769531 930.424987792969
998.363891601562 994.940795898438 991.151733398438 997.186584472656 990.122985839844 986.965881347656 997.919982910156 998.01806640625 992.210083007812 992.472534179688 1001.36047363281 1001.94110107422 992.765686035156 988.712463378906 991.360412597656 990.178527832031 984.91845703125 977.639526367188 970.1572265625 967.602844238281 963.751831054688 964.913818359375 952.939086914062 954.627075195312 950.914611816406 956.069152832031 959.578247070312 974.758056640625 974.911987304688 995.412292480469 1006.21997070312 1018.99694824219 1022.93493652344 1022.69348144531 1021.46459960938 1016.20269775391 1006.01257324219 995.215576171875 991.891662597656 990.280639648438 983.678405761719 967.525146484375 954.101196289062 939.966979980469 931.143615722656 923.971374511719
1012.00714111328 1005.52294921875 1002.326171875 999.335021972656 998.039306640625 1000.83837890625 1008.62384033203 1004.30242919922 1008.30926513672 1002.25280761719 1005.46899414062 1005.16357421875 1000.57745361328 990.460571289062 999.948547363281 999.137878417969 991.271911621094 987.288940429688 982.500244140625 972.804565429688 974.055541992188 972.96240234375 966.217407226562 968.551879882812 974.582641601562 966.585754394531 971.559631347656 981.682373046875 983.971374511719 1002.17608642578 1009.62030029297 1026.72412109375 1025.72900390625 1030.50537109375 1027.90356445312 1018.04754638672 1018.40234375 1008.41967773438 994.378051757812 987.536193847656 985.399780273438 970.80908203125 951.699890136719 941.620788574219 925.531005859375 917.569641113281
1010.14233398438 1006.68231201172 1005.80609130859 995.286743164062 995.844177246094 1009.60589599609 1008.70263671875 1010.63348388672 1006.9833984375 1003.62133789062 1010.97521972656 1011.18084716797 1009.00885009766 1005.23992919922 1000.17138671875 1002.45983886719 1006.67932128906 1004.87420654297 993.746520996094 982.421020507812 974.557250976562 974.429809570312 971.358032226562 979.819885253906 983.962585449219 978.910766601562 979.352722167969 987.859680175781 998.849243164062 1002.0654296875 1017.96990966797 1022.39978027344 1034.01635742188 1030.21166992188 1033.97497558594 1019.31103515625 1012.00549316406 1007.20642089844 1001.43774414062 993.0986328125 984.817077636719 970.306579589844 958.791687011719 946.118225097656 930.501098632812 935.349304199219
1013.62005615234 1010.91247558594 1008.20831298828 1007.58526611328 1011.37847900391 1007.83636474609 1019.53991699219 1012.74993896484 1000.689453125 994.144226074219 1001.27227783203 1003.64324951172 1019.13879394531 1020.64916992188 1008.19323730469 1019.23236083984 1019.19396972656 1011.42010498047 996.369445800781 994.272216796875 985.069274902344 976.683776855469 975.71630859375 994.116271972656 986.600036621094 981.858947753906 989.674560546875 991.659851074219 1006.24664306641 1007.662109375 1018.21594238281 1023.3515625 1036.31176757812 1029.74243164062 1018.45288085938 1018.75103759766 1015.96563720703 1007.90222167969 1004.75909423828 999.854553222656 985.75390625 973.902648925781 956.701965332031 949.49365234375 943.952880859375 942.496643066406
1023.81433105469 1013.17199707031 1014.9892578125 1012.05810546875 1012.63171386719 1018.44097900391 1016.02990722656 1009.7763671875 1010.17138671875 1009.10327148438 1009.17242431641 1012.44934082031 1029.19958496094 1019.19769287109 1015.58056640625 1024.46728515625 1029.96936035156 1019.83544921875 1001.57940673828 1001.05963134766 991.946228027344 979.48779296875 991.798950195312 991.08447265625 984.753051757812 987.93115234375 996.173461914062 1005.58880615234 1012.10546875 1018.87658691406 1024.9658203125 1028.55163574219 1031.85083007812 1031.84143066406 1027.84033203125 1022.82244873047 1025.53381347656 1023.529296875 1014.90350341797 1002.90826416016 988.199401855469 975.65576171875 969.240356445312 952.338073730469 941.697265625 942.639892578125
1016.94451904297 1005.70611572266 1010.24536132812 1020.60083007812 1020.30120849609 1019.94360351562 1016.29693603516 1012.36297607422 1007.56262207031 1005.56805419922 1004.95159912109 1006.24969482422 1018.14324951172 1020.88366699219 1015.06176757812 1016.17572021484 1023.47894287109 1024.85314941406 1012.62506103516 1011.20031738281 997.051574707031 991.03369140625 995.039733886719 986.322021484375 984.662292480469 995.268310546875 995.012451171875 1001.79193115234 1020.11785888672 1025.70446777344 1026.74230957031 1025.66259765625 1035.53869628906 1032.8505859375 1028.66638183594 1028.20446777344 1027.3525390625 1031.033203125 1019.21350097656 1003.03295898438 980.3095703125 972.077270507812 968.5087890625 956.103881835938 961.440734863281 945.316040039062
1022.95251464844 1004.12060546875 1010.57196044922 1012.451171875 1021.73809814453 1010.08367919922 1015.56793212891 1008.02551269531 1009.25439453125 1002.28656005859 1008.26348876953 1010.98522949219 1015.34747314453 1017.6650390625 1015.92449951172 1022.9853515625 1024.62915039062 1032.49780273438 1019.79254150391 1014.65264892578 998.985046386719 993.429809570312 995.265930175781 993.366455078125 994.58935546875 997.330749511719 999.933349609375 1003.88543701172 1013.8896484375 1025.18969726562 1028.59558105469 1030.17565917969 1026.88073730469 1025.09033203125 1023.59130859375 1025.67297363281 1028.08483886719 1023.13397216797 1015.96319580078 1012.9453125 991.554870605469 970.702941894531 975.879272460938 975.727111816406 958.800964355469 941.971252441406
1022.77239990234 1010.4951171875 1016.52410888672 1013.60650634766 1007.83203125 1006.33740234375 1014.97497558594 1010.82580566406 1010.08782958984 1010.14569091797 1021.58666992188 1013.77886962891 1022.55609130859 1020.14776611328 1020.77166748047 1025.67614746094 1027.53869628906 1027.20617675781 1018.64727783203 1009.29498291016 1004.708984375 1005.08209228516 1006.39764404297 1012.34857177734 1005.86938476562 1004.77508544922 1000.94323730469 1008.15936279297 1012.08404541016 1012.01446533203 1025.76159667969 1023.96673583984 1019.63226318359 1021.41760253906 1026.28967285156 1024.9541015625 1022.45611572266 1021.78442382812 1018.53778076172 1021.26751708984 1001.73205566406 987.159790039062 984.541870117188 971.489318847656 955.181030273438 944.394226074219
1015.96429443359 1010.18487548828 1013.87860107422 1003.64331054688 1000.52349853516 995.587951660156 1008.60113525391 1003.2431640625 1002.55822753906 1009.44354248047 1021.00054931641 1010.82385253906 1018.18695068359 1020.61547851562 1027.798828125 1025.09948730469 1025.21520996094 1024.46459960938 1019.33239746094 1019.40441894531 1013.09808349609 1013.08178710938 1014.03515625 1021.60516357422 1018.02581787109 1017.24792480469 1006.68536376953 1016.00799560547 1020.1337890625 1011.85699462891 1024.79711914062 1018.71978759766 1015.83843994141 1018.60369873047 1028.19970703125 1036.59802246094 1033.05651855469 1023.31719970703 1030.23083496094 1012.17138671875 1007.85504150391 994.565002441406 986.709716796875 974.068786621094 959.060607910156 959.017395019531
1015.09307861328 1007.69372558594 1010.30383300781 1002.67254638672 997.295776367188 995.687561035156 998.090698242188 1004.90014648438 1003.12084960938 1010.05358886719 1009.16918945312 1010.38488769531 1011.07830810547 1017.10980224609 1019.94866943359 1027.22924804688 1027.40588378906 1028.48974609375 1024.83923339844 1026.03039550781 1014.05670166016 1019.86840820312 1016.44128417969 1020.39837646484 1019.80224609375 1020.62158203125 1016.81604003906 1018.21295166016 1017.70574951172 1024.05065917969 1013.14733886719 1020.20043945312 1015.30670166016 1022.22564697266 1026.32604980469 1030.28796386719 1023.21069335938 1021.29541015625 1017.67816162109 1011.11010742188 998.570861816406 996.095947265625 989.223754882812 983.164306640625 970.309020996094 970.07861328125
1024.64245605469 1009.7412109375 1009.22448730469 1011.86938476562 1003.15112304688 1002.57421875 1004.19354248047 1012.07684326172 1001.13006591797 998.905456542969 1000.98498535156 1006.12829589844 1006.09362792969 1012.00054931641 1017.62890625 1019.56530761719 1024.04077148438 1024.66882324219 1019.39782714844 1025.10192871094 1028.82019042969 1026.24353027344 1026.52185058594 1025.4501953125 1016.20440673828 1025.59191894531 1020.65942382812 1022.21942138672 1027.17712402344 1017.34545898438 1013.95635986328 1010.97613525391 1017.09063720703 1017.64001464844 1026.61254882812 1021.00079345703 1016.54260253906 1019.60845947266 1011.59967041016 1005.89593505859 996.178833007812 993.73779296875 1002.98718261719 993.486694335938 976.6494140625 977.267395019531
1026.24230957031 1013.74664306641 1012.64666748047 1006.37762451172 998.8154296875 1012.70739746094 1002.52258300781 1005.416015625 1000.31610107422 1005.85070800781 998.937072753906 1006.03076171875 1010.14190673828 1013.55395507812 1027.29467773438 1018.32006835938 1021.94226074219 1031.1337890625 1029.8662109375 1020.17993164062 1029.06555175781 1029.25732421875 1023.71203613281 1024.13598632812 1013.0791015625 1026.55529785156 1031.17517089844 1016.35668945312 1022.50317382812 1024.21960449219 1018.77899169922 1014.40203857422 1016.30749511719 1018.18273925781 1014.14184570312 1019.74127197266 1009.52069091797 1004.50042724609 1009.86590576172 1006.11688232422 1001.62976074219 996.669616699219 1002.59051513672 1003.62579345703 988.625671386719 988.513427734375
