data/zlatibor_dem_simulations/DEMsim98.asc
NCOLS 150
NROWS 100
XLLCORNER 7394249
YLLCORNER 4841999
CELLSIZE 30
NODATA_VALUE -9999
[rows 80 to 99 of 100, columns 92 to 137 of 150]
986.790283203125 986.027099609375 986.96923828125 985.489318847656 992.259155273438 998.422790527344 1003.52593994141 1002.09967041016 998.480834960938 1010.10546875 1009.69079589844 1009.91418457031 1011.72143554688 1014.2587890625 999.790405273438 1002.19030761719 1003.51019287109 1015.1904296875 1020.04449462891 1027.05834960938 1036.57312011719 1026.08264160156 1024.26550292969 1031.36242675781 1028.93981933594 1023.5947265625 1019.63250732422 1015.26037597656 1024.35656738281 1011.27185058594 1008.83935546875 1014.634765625 1008.00622558594 999.289367675781 1000.75140380859 1008.34436035156 1002.48693847656 1003.64654541016 1001.63995361328 990.162719726562 991.910339355469 1000.51275634766 1001.98040771484 1000.49957275391 995.687377929688 1001.6640625
986.708679199219 985.2626953125 984.884887695312 991.962341308594 1001.56457519531 993.87353515625 1003.1875 1008.88830566406 1014.76452636719 1006.37445068359 1010.49090576172 1015.21655273438 1017.91412353516 1014.51684570312 1005.39263916016 1004.79425048828 1010.43011474609 1009.07720947266 1024.25622558594 1028.50036621094 1019.88177490234 1029.46118164062 1019.12847900391 1028.14477539062 1023.93237304688 1032.99523925781 1030.1640625 1030.18090820312 1018.80865478516 1021.90240478516 1013.02917480469 1009.54803466797 1007.73645019531 996.522033691406 988.222412109375 997.61376953125 992.398620605469 992.60595703125 998.156127929688 996.602172851562 992.373229980469 988.996398925781 1002.96759033203 995.862060546875 993.359619140625 995.055480957031
991.5478515625 989.745849609375 986.6337890625 991.211486816406 997.947509765625 996.040954589844 1004.96362304688 1010.29809570312 1008.12561035156 1005.50885009766 1005.12835693359 1005.85803222656 1011.55395507812 1008.86175537109 1011.60064697266 1011.0263671875 1019.78918457031 1013.82696533203 1017.33367919922 1028.4052734375 1026.84338378906 1029.17590332031 1026.6982421875 1032.74108886719 1038.84521484375 1036.208984375 1029.5341796875 1029.71459960938 1017.59454345703 1013.95544433594 1005.68988037109 1001.61901855469 1004.15423583984 1000.38952636719 997.276916503906 981.028198242188 985.870727539062 984.129699707031 984.465759277344 985.10009765625 980.962707519531 993.981750488281 997.154724121094 1000.9521484375 995.050170898438 991.769714355469
997.527282714844 1002.46160888672 994.38916015625 996.800354003906 997.313415527344 999.129333496094 995.742919921875 1007.59967041016 1006.31030273438 1002.96795654297 1012.67877197266 1004.65753173828 1011.53149414062 1015.02575683594 1017.13189697266 1020.12884521484 1022.41003417969 1017.45715332031 1030.09204101562 1037.35412597656 1028.56323242188 1034.40368652344 1037.60729980469 1046.11303710938 1048.02941894531 1046.41394042969 1032.63159179688 1024.55676269531 1021.70227050781 1025.08923339844 1007.13800048828 998.927795410156 996.858276367188 998.328002929688 983.68896484375 975.929077148438 978.552612304688 986.564147949219 979.50341796875 981.175598144531 979.411682128906 981.443481445312 986.896911621094 990.012817382812 986.539367675781 987.460815429688
998.069519042969 997.171936035156 1001.94635009766 1001.74230957031 999.082275390625 997.424926757812 999.026000976562 1003.86029052734 1000.58081054688 1004.49694824219 1011.72351074219 1010.00164794922 1008.66497802734 1008.83874511719 1022.81262207031 1031.12731933594 1032.50634765625 1032.94091796875 1038.45300292969 1032.23571777344 1043.12182617188 1041.55065917969 1042.40832519531 1054.98828125 1058.60327148438 1047.44384765625 1034.47033691406 1028.00415039062 1030.90112304688 1026.35217285156 1009.83459472656 998.04833984375 996.47314453125 991.991394042969 977.212951660156 978.245849609375 976.222839355469 989.032104492188 978.995910644531 972.535705566406 978.32861328125 978.751098632812 977.080139160156 981.028991699219 977.368286132812 981.350036621094
996.693481445312 999.721496582031 1008.19744873047 1005.75396728516 1008.61224365234 1007.89215087891 1010.95281982422 1011.64416503906 1009.45989990234 1015.30981445312 1009.669921875 1013.16638183594 1012.63153076172 1017.89147949219 1023.45623779297 1037.27233886719 1047.18615722656 1048.49169921875 1047.47607421875 1053.34899902344 1053.00341796875 1054.34875488281 1061.41784667969 1062.24584960938 1055.05688476562 1047.92663574219 1050.31274414062 1037.921875 1032.009765625 1021.52697753906 1017.28057861328 998.415466308594 994.43017578125 988.925964355469 984.458129882812 975.079345703125 975.963806152344 983.1923828125 981.989379882812 985.366577148438 994.168823242188 989.071716308594 980.755310058594 979.814697265625 985.525451660156 991.364501953125
994.275817871094 1004.65454101562 1007.736328125 1006.96514892578 1020.24572753906 1016.70782470703 1017.69171142578 1013.05133056641 1015.45397949219 1023.22937011719 1023.84094238281 1020.57769775391 1024.99340820312 1015.69128417969 1029.31018066406 1035.67358398438 1049.35400390625 1056.74291992188 1056.34729003906 1068.99572753906 1071.70092773438 1058.45031738281 1063.533203125 1065.85925292969 1058.18188476562 1057.60632324219 1045.82043457031 1038.4130859375 1032.92602539062 1020.00280761719 1007.53747558594 997.649780273438 997.068176269531 986.277709960938 987.9853515625 988.136901855469 988.092041015625 979.237854003906 982.220642089844 987.9501953125 986.935363769531 986.065307617188 982.196228027344 984.74267578125 995.088806152344 991.986389160156
986.261413574219 999.050170898438 1008.83221435547 999.882751464844 1015.94775390625 1017.48779296875 1020.69342041016 1013.07495117188 1023.41137695312 1024.62292480469 1032.05212402344 1027.18627929688 1021.57989501953 1021.01379394531 1028.92810058594 1043.81127929688 1045.76147460938 1046.83093261719 1061.59204101562 1062.48388671875 1067.36987304688 1071.19665527344 1069.30590820312 1064.82458496094 1064.90551757812 1059.18383789062 1047.92443847656 1046.30432128906 1044.32727050781 1026.53405761719 1009.95825195312 1011.57440185547 1003.95642089844 989.465209960938 989.97021484375 990.582946777344 985.565856933594 978.639770507812 977.526733398438 980.474792480469 985.481018066406 985.974792480469 979.364013671875 986.410095214844 987.059814453125 979.870849609375
995.248901367188 999.443603515625 1003.63916015625 1017.09777832031 1020.15490722656 1013.74920654297 1018.80438232422 1017.87237548828 1017.99969482422 1021.50891113281 1019.56848144531 1028.22473144531 1024.99890136719 1025.115234375 1030.43383789062 1037.40173339844 1039.173828125 1044.3095703125 1056.29333496094 1057.76013183594 1056.39343261719 1062.3095703125 1065.13720703125 1055.83520507812 1070.58276367188 1058.60009765625 1056.68737792969 1050.556640625 1036.80041503906 1037.11059570312 1015.0302734375 1015.66662597656 1004.94940185547 1002.06799316406 997.460327148438 995.455322265625 985.56884765625 976.531311035156 976.533508300781 980.129516601562 979.325988769531 976.354919433594 971.538696289062 983.205749511719 981.118225097656 979.378295898438
997.458068847656 1003.46142578125 1012.02142333984 1009.04833984375 1013.31475830078 1021.63507080078 1021.20043945312 1021.55816650391 1016.46337890625 1017.87219238281 1023.16448974609 1020.83245849609 1024.03210449219 1030.66979980469 1027.56994628906 1035.08776855469 1047.43908691406 1050.11926269531 1056.70959472656 1054.9150390625 1054.4638671875 1053.03063964844 1057.90954589844 1056.94006347656 1064.25830078125 1059.09057617188 1051.38757324219 1048.31201171875 1043.07592773438 1034.30444335938 1026.58129882812 1023.43731689453 1011.73297119141 1015.73687744141 998.791198730469 1003.49053955078 995.706909179688 984.152587890625 983.621337890625 984.24658203125 989.093933105469 980.874877929688 977.630493164062 975.0615234375 978.41259765625 965.268249511719
1012.36791992188 1009.43646240234 1007.55004882812 1016.16387939453 1016.80859375 1025.7998046875 1024.01220703125 1025.14270019531 1015.017578125 1015.22546386719 1012.47875976562 1016.58996582031 1025.85180664062 1032.99829101562 1030.27783203125 1030.50280761719 1024.81127929688 1048.4931640625 1055.50476074219 1046.51965332031 1050.11157226562 1057.30981445312 1051.798828125 1052.17663574219 1050.22497558594 1052.71911621094 1055.37023925781 1043.9794921875 1034.8828125 1035.23962402344 1029.72607421875 1032.70886230469 1027.16784667969 1022.63720703125 1017.38421630859 1005.40521240234 1002.04113769531 995.287475585938 980.220397949219 977.949035644531 988.40478515625 980.821044921875 970.798950195312 968.653564453125 973.154174804688 966.554809570312
1016.74188232422 1023.12835693359 1015.39569091797 1007.67822265625 1023.17877197266 1024.765625 1017.65405273438 1019.50262451172 1016.20629882812 1014.64721679688 1010.35168457031 1004.52435302734 1018.44165039062 1030.83923339844 1034.11608886719 1044.35473632812 1034.40612792969 1056.34008789062 1058.98388671875 1057.90661621094 1049.97412109375 1049.13879394531 1054.61022949219 1058.138671875 1045.24255371094 1036.67541503906 1040.77734375 1040.68188476562 1040.01867675781 1038.30822753906 1037.9326171875 1041.58081054688 1030.95092773438 1024.66906738281 1015.20269775391 1000.41412353516 999.411071777344 993.2021484375 987.488098144531 981.761047363281 983.532958984375 987.084411621094 976.581787109375 969.735534667969 969.041442871094 968.125671386719
1012.66278076172 1019.15313720703 1022.21313476562 1013.04888916016 1019.09619140625 1019.53350830078 1023.10589599609 1025.53125 1025.83288574219 1010.98406982422 1003.63513183594 1008.34143066406 1014.40155029297 1029.38671875 1036.73095703125 1035.51501464844 1044.13342285156 1052.71923828125 1058.43139648438 1049.71704101562 1052.82458496094 1046.46252441406 1050.65783691406 1045.02880859375 1039.14465332031 1026.31201171875 1028.32507324219 1028.06762695312 1034.02612304688 1034.24255371094 1030.12683105469 1034.70959472656 1025.50402832031 1015.24951171875 1016.484375 1010.66632080078 997.986328125 988.489440917969 986.825317382812 988.132629394531 976.351257324219 979.508483886719 981.822082519531 980.963562011719 966.477294921875 973.098693847656
1020.02508544922 1026.81494140625 1020.44812011719 1021.89068603516 1025.62670898438 1026.994140625 1031.63134765625 1030.04504394531 1020.55822753906 1018.19134521484 1011.30755615234 1008.57171630859 1020.74700927734 1027.68334960938 1024.5517578125 1026.7509765625 1032.25610351562 1045.4140625 1048.1640625 1043.37756347656 1044.6328125 1047.33959960938 1041.75012207031 1036.95153808594 1038.47448730469 1023.44964599609 1027.34326171875 1030.11743164062 1032.55908203125 1031.46472167969 1026.75146484375 1012.23614501953 1018.38842773438 1018.35076904297 1016.09240722656 1011.21502685547 1001.59240722656 993.009704589844 983.148681640625 988.973571777344 989.079040527344 984.214050292969 979.648376464844 977.81298828125 967.554565429688 961.049133300781
1023.89312744141 1028.015625 1024.80126953125 1022.48272705078 1029.25146484375 1034.37268066406 1025.83020019531 1031.42724609375 1028.95825195312 1021.71496582031 1027.02880859375 1017.50494384766 1023.19989013672 1026.70812988281 1026.73156738281 1028.29040527344 1033.78576660156 1043.82275390625 1037.22570800781 1042.09106445312 1035.97546386719 1038.5673828125 1043.16479492188 1043.12072753906 1034.29968261719 1030.32202148438 1026.56091308594 1024.32360839844 1027.9443359375 1022.74487304688 1019.84832763672 1010.35778808594 1006.03009033203 1014.64312744141 1012.97406005859 1009.80419921875 1000.92517089844 988.642761230469 976.583251953125 981.967956542969 975.625854492188 969.257629394531 972.757019042969 963.459655761719 970.051452636719 961.512939453125
1023.28845214844 1024.34326171875 1030.82629394531 1027.2080078125 1034.43432617188 1030.08654785156 1031.37915039062 1038.33459472656 1022.54034423828 1023.05444335938 1040.55883789062 1030.79150390625 1029.20812988281 1025.66381835938 1029.2783203125 1026.14477539062 1033.76818847656 1031.13537597656 1034.10827636719 1030.20581054688 1037.35559082031 1040.466796875 1035.47827148438 1033.79370117188 1044.26147460938 1038.05676269531 1027.47143554688 1030.82080078125 1030.1337890625 1020.30603027344 1018.70684814453 1013.02734375 1006.37145996094 1002.41015625 998.993774414062 1007.69366455078 999.015441894531 983.193420410156 992.028442382812 975.917419433594 978.294921875 967.911071777344 969.995910644531 963.394165039062 969.690795898438 967.437133789062
1018.97650146484 1027.29846191406 1023.49493408203 1030.75463867188 1031.50744628906 1033.51049804688 1034.11755371094 1033.54833984375 1032.72351074219 1029.91735839844 1030.70715332031 1026.10913085938 1028.67102050781 1028.52709960938 1024.95690917969 1029.24389648438 1028.17956542969 1033.828125 1024.78112792969 1021.28436279297 1022.62487792969 1034.76538085938 1029.72436523438 1031.13818359375 1038.84448242188 1027.1533203125 1027.67443847656 1031.84936523438 1021.52722167969 1020.87951660156 1022.24816894531 1019.55181884766 997.958374023438 1000.74609375 997.918884277344 995.358642578125 986.484436035156 987.307556152344 982.340026855469 976.66845703125 977.76513671875 976.928649902344 969.098083496094 966.474975585938 970.6708984375 967.532653808594
1017.72534179688 1021.52374267578 1026.92687988281 1035.17199707031 1034.21655273438 1035.72912597656 1036.16345214844 1042.8984375 1031.59204101562 1031.3447265625 1039.63977050781 1033.04382324219 1038.27673339844 1036.28491210938 1026.26354980469 1031.00524902344 1017.15905761719 1023.12072753906 1026.38842773438 1023.6103515625 1028.79797363281 1035.5830078125 1035.69677734375 1034.09545898438 1032.49438476562 1036.51232910156 1037.36279296875 1033.73620605469 1035.26867675781 1028.21166992188 1017.99737548828 1015.45562744141 1004.54290771484 997.966491699219 994.237976074219 991.979125976562 989.333435058594 985.859741210938 982.897583007812 975.917907714844 972.379272460938 969.601684570312 977.398620605469 975.674072265625 974.407470703125 967.159912109375
1015.19915771484 1018.83038330078 1029.71838378906 1021.69732666016 1029.11193847656 1036.97277832031 1040.8984375 1037.5390625 1035.5537109375 1038.158203125 1039.38195800781 1037.54846191406 1038.80334472656 1038.98254394531 1032.18249511719 1034.35559082031 1028.05395507812 1024.10583496094 1027.16711425781 1022.58020019531 1032.21276855469 1030.18334960938 1037.9296875 1034.19372558594 1033.18627929688 1042.39135742188 1039.46459960938 1031.76135253906 1028.96765136719 1025.42822265625 1013.27185058594 1007.96203613281 993.69189453125 991.943542480469 992.621765136719 983.983825683594 984.363708496094 976.230224609375 985.640197753906 979.021423339844 968.580627441406 967.504455566406 964.330871582031 971.887145996094 976.132385253906 959.691284179688
1015.37646484375 1016.57464599609 1015.17584228516 1018.47961425781 1029.31323242188 1036.55102539062 1044.32763671875 1042.57189941406 1034.01672363281 1040.72668457031 1034.68444824219 1036.73754882812 1042.72985839844 1044.27783203125 1042.78088378906 1034.78784179688 1036.75549316406 1028.61791992188 1026.11645507812 1023.57897949219 1031.0517578125 1029.36755371094 1035.55236816406 1029.0126953125 1029.96423339844 1028.29675292969 1025.65478515625 1025.17749023438 1017.05224609375 1018.33508300781 1016.55029296875 1006.81274414062 996.598083496094 990.676452636719 989.584655761719 984.12841796875 982.68212890625 982.212280273438 980.060607910156 970.834716796875 964.470642089844 963.420532226562 976.239318847656 973.66748046875 963.117248535156 965.426208496094
