data/zlatibor_dem_simulations/DEMsim17.asc
NCOLS 150
NROWS 100
XLLCORNER 7394249
YLLCORNER 4841999
CELLSIZE 30
NODATA_VALUE -9999
[rows 60 to 79 of 100, columns 92 to 137 of 150]
973.97998046875 968.448181152344 974.219543457031 975.403869628906 980.950744628906 986.812744140625 987.765991210938 981.887756347656 984.022521972656 983.95751953125 986.83984375 987.391052246094 987.263793945312 992.567749023438 995.863037109375 1001.86645507812 1004.34613037109 1004.14099121094 995.460327148438 1001.72528076172 999.427612304688 1004.40643310547 1002.33483886719 1006.20452880859 1002.97088623047 1011.86541748047 1015.91320800781 1009.98089599609 1006.48663330078 999.809387207031 1011.74548339844 1016.48358154297 1017.49224853516 1018.10528564453 1027.087890625 1041.19909667969 1046.79479980469 1046.1904296875 1049.54113769531 1041.71850585938 1045.63928222656 1052.53271484375 1064.35791015625 1059.38842773438 1071.58386230469 1070.1630859375
971.34033203125 974.286743164062 973.73193359375 970.606323242188 978.312255859375 987.428833007812 987.103698730469 988.41796875 981.859680175781 985.923522949219 978.577331542969 977.011474609375 993.457824707031 986.948852539062 987.667663574219 1005.73681640625 1009.06689453125 1015.07263183594 1007.77764892578 1001.921875 1011.13647460938 1003.65075683594 992.364990234375 1005.85845947266 1013.4052734375 1017.79949951172 1011.06268310547 1013.62054443359 1015.38653564453 1006.57897949219 1013.99548339844 1008.986328125 1014.87939453125 1017.73040771484 1027.27758789062 1027.77709960938 1028.001953125 1033.95959472656 1044.33850097656 1041.47448730469 1036.27575683594 1053.16943359375 1063.28576660156 1061.33337402344 1062.7841796875 1071.02062988281
977.219604492188 981.567016601562 981.986511230469 978.752197265625 980.775817871094 984.95654296875 986.796203613281 989.888122558594 987.911071777344 982.672668457031 978.940124511719 977.537902832031 980.294799804688 984.071105957031 992.785827636719 1006.908203125 1014.37091064453 1014.16320800781 1012.49377441406 1003.35150146484 1001.37390136719 1006.17236328125 1003.05084228516 1007.47467041016 1012.66192626953 1015.40313720703 1011.69488525391 1010.36065673828 1013.81701660156 1007.58386230469 1004.87536621094 1012.03466796875 1020.38458251953 1022.21875 1020.25988769531 1013.68469238281 1019.31207275391 1018.79541015625 1025.42797851562 1034.27880859375 1044.85388183594 1043.74682617188 1053.33251953125 1056.34020996094 1065.31774902344 1059.7568359375
977.402526855469 974.988342285156 977.710510253906 983.189025878906 976.800354003906 982.473999023438 981.767456054688 985.080139160156 975.765075683594 981.932678222656 974.289184570312 971.963562011719 975.889587402344 980.087280273438 985.052185058594 1005.80212402344 1005.42028808594 1007.98333740234 1008.91900634766 1004.63037109375 1004.88104248047 1011.33953857422 1007.14044189453 1008.98645019531 1014.43414306641 1015.56750488281 1020.40032958984 1020.51092529297 1011.84222412109 1013.91436767578 1008.12622070312 1015.48217773438 1023.62768554688 1024.15625 1019.07177734375 1011.05297851562 1009.19708251953 1023.17834472656 1018.85681152344 1024.2763671875 1029.76525878906 1036.20568847656 1037.61315917969 1050.22680664062 1062.00708007812 1056.24389648438
968.382385253906 972.107666015625 972.373291015625 970.148315429688 981.728759765625 979.229614257812 980.1357421875 985.771728515625 971.481079101562 974.471008300781 978.243896484375 976.79052734375 968.938049316406 977.572143554688 991.183654785156 999.953247070312 1004.83422851562 1008.97467041016 1010.52581787109 1009.166015625 1015.19274902344 1005.43048095703 1010.73724365234 1010.03137207031 1006.84075927734 1012.65209960938 1019.28936767578 1025.81689453125 1021.69122314453 1016.23541259766 1014.49517822266 1020.09588623047 1019.18225097656 1021.15948486328 1020.05224609375 1003.3349609375 1019.68585205078 1017.67926025391 1022.72973632812 1020.46008300781 1010.11029052734 1026.73815917969 1033.75598144531 1033.92138671875 1050.08984375 1043.32666015625
972.616760253906 971.740417480469 965.601379394531 971.466491699219 978.789367675781 979.588195800781 980.69775390625 976.959167480469 982.179382324219 971.964721679688 977.532531738281 981.231750488281 976.660034179688 984.816162109375 986.836242675781 995.0439453125 1001.23034667969 1004.37072753906 1002.58874511719 1008.64019775391 1013.03497314453 1018.04376220703 1010.90594482422 1016.24761962891 1015.36157226562 1012.24151611328 1024.75744628906 1029.3603515625 1035.21032714844 1030.763671875 1024.04541015625 1027.3408203125 1018.24114990234 1023.53973388672 1019.16119384766 1012.67327880859 1019.68304443359 1018.84210205078 1022.89123535156 1021.07281494141 1013.63775634766 1017.34503173828 1013.17437744141 1021.70104980469 1035.80053710938 1036.09912109375
964.913452148438 972.383483886719 970.167114257812 980.059753417969 979.760131835938 981.440490722656 980.799743652344 976.147277832031 976.436706542969 978.585021972656 986.559448242188 983.990356445312 983.33984375 984.458679199219 993.1298828125 1010.39111328125 1008.75561523438 1001.90093994141 1004.76202392578 1014.15466308594 1015.77496337891 1008.46020507812 1014.38507080078 1014.13037109375 1011.23657226562 1021.01239013672 1029.26611328125 1034.42761230469 1041.98510742188 1036.48815917969 1030.04406738281 1029.46545410156 1025.43444824219 1024.66467285156 1027.46411132812 1033.00012207031 1026.20397949219 1017.50799560547 1017.79382324219 1019.37994384766 1014.79040527344 1015.54937744141 1013.8232421875 1020.236328125 1034.51477050781 1023.05706787109
971.361938476562 963.780944824219 981.500671386719 987.777709960938 985.179443359375 994.364074707031 992.131958007812 983.074890136719 974.380432128906 980.957153320312 987.24658203125 988.834716796875 991.753173828125 990.648376464844 995.642639160156 1019.94232177734 1008.92590332031 1007.54089355469 1017.60406494141 1016.49249267578 1014.70751953125 1017.97387695312 1018.19445800781 1024.00268554688 1026.76391601562 1026.4658203125 1034.93383789062 1040.27917480469 1044.32629394531 1033.40478515625 1022.88616943359 1032.82604980469 1030.2998046875 1022.75207519531 1030.87536621094 1032.3984375 1032.54907226562 1021.63134765625 1020.27337646484 1014.16461181641 1006.89337158203 1016.43328857422 1013.33923339844 1020.26690673828 1013.53143310547 1017.09918212891
973.973266601562 971.20458984375 974.809814453125 986.879211425781 994.907531738281 994.178283691406 987.048583984375 982.576599121094 979.108154296875 988.01611328125 985.051574707031 989.399169921875 991.246337890625 996.763061523438 997.311889648438 1007.28436279297 1013.95587158203 1021.28936767578 1017.98571777344 1019.29144287109 1018.51721191406 1022.58441162109 1022.76098632812 1020.7216796875 1029.64465332031 1027.96899414062 1038.166015625 1044.75695800781 1048.095703125 1040.95141601562 1034.28588867188 1034.48693847656 1041.86743164062 1035.74963378906 1014.94189453125 1023.91412353516 1028.0048828125 1020.24389648438 1009.80316162109 1006.45904541016 1009.29278564453 1011.53332519531 1015.14288330078 1015.56298828125 1019.35443115234 1015.32843017578
984.540283203125 981.138977050781 987.575744628906 988.339477539062 988.806518554688 999.599548339844 994.320983886719 986.83740234375 993.247680664062 990.182189941406 998.369567871094 1001.79876708984 995.945739746094 999.542236328125 1008.99084472656 1015.37817382812 1014.69464111328 1023.38507080078 1023.13903808594 1029.08264160156 1022.68115234375 1018.33453369141 1025.44018554688 1024.49890136719 1030.0380859375 1039.27502441406 1048.83154296875 1045.51501464844 1046.14184570312 1042.92004394531 1043.49670410156 1044.05969238281 1045.02294921875 1042.30639648438 1021.13018798828 1016.40740966797 1018.09014892578 1013.50457763672 1012.55126953125 1002.24749755859 1012.6708984375 1009.31188964844 1011.32965087891 1013.99322509766 1020.40466308594 1023.8583984375
983.585388183594 989.067993164062 986.639343261719 989.65234375 999.884582519531 1005.99133300781 995.269714355469 993.463073730469 994.189697265625 990.157409667969 996.032409667969 1002.80389404297 1004.58776855469 1007.15417480469 1007.66058349609 1018.44384765625 1014.35699462891 1016.93237304688 1019.83013916016 1020.25866699219 1021.55401611328 1028.31005859375 1024.45446777344 1022.27606201172 1035.53381347656 1042.37622070312 1045.99523925781 1045.22265625 1049.54125976562 1042.35278320312 1043.59899902344 1041.98779296875 1039.38623046875 1035.46923828125 1024.60986328125 1019.16827392578 1014.28649902344 1006.42065429688 996.929077148438 1005.39178466797 1001.94323730469 995.769958496094 1007.8134765625 1007.49340820312 1011.69305419922 1014.88262939453
988.605224609375 996.543762207031 993.499328613281 1002.33422851562 994.626403808594 1007.49822998047 1003.05316162109 1002.40771484375 999.9345703125 998.625244140625 1002.22338867188 1003.07568359375 1001.84710693359 1001.92108154297 1004.32904052734 1010.29339599609 1008.46148681641 1021.72045898438 1023.23193359375 1027.18432617188 1032.27807617188 1025.22937011719 1026.73974609375 1033.81323242188 1043.34167480469 1044.29943847656 1048.90380859375 1047.13439941406 1051.75305175781 1043.46594238281 1034.78125 1031.58630371094 1041.4169921875 1037.20349121094 1024.41540527344 1015.03869628906 1001.15209960938 995.886840820312 1004.42456054688 1007.24829101562 997.068176269531 1000.36279296875 1003.43157958984 1007.46466064453 1009.84765625 1012.50445556641
988.647827148438 996.039489746094 992.462951660156 995.382751464844 1007.59948730469 1004.02880859375 1010.16717529297 1009.21087646484 1013.15802001953 1007.34906005859 1003.95660400391 1010.62139892578 996.349853515625 998.101379394531 993.794738769531 998.313781738281 1005.89868164062 1015.25555419922 1020.56237792969 1027.00061035156 1030.27478027344 1034.42822265625 1029.97399902344 1032.95141601562 1043.46948242188 1035.60046386719 1026.27563476562 1030.17895507812 1034.876953125 1029.83435058594 1033.74291992188 1035.65270996094 1037.39428710938 1033.51159667969 1021.28680419922 1012.43267822266 1007.97277832031 1011.07885742188 1007.70843505859 1003.55352783203 998.519287109375 1005.73132324219 1007.65142822266 1009.62017822266 1008.07464599609 1010.66955566406
992.709655761719 993.436340332031 991.958374023438 1001.45220947266 999.025512695312 998.574523925781 1004.55596923828 1010.36596679688 1014.17266845703 1006.88812255859 1015.68505859375 1011.13098144531 996.327758789062 990.031066894531 982.9814453125 983.50048828125 1000.16455078125 1010.29370117188 1023.83880615234 1023.38757324219 1021.69244384766 1032.05798339844 1037.18981933594 1047.1591796875 1027.68054199219 1028.34521484375 1025.30908203125 1020.42163085938 1022.59576416016 1022.88018798828 1026.85681152344 1039.40551757812 1037.78649902344 1019.19860839844 1020.61145019531 1017.19000244141 1014.26318359375 1005.98913574219 1002.20190429688 994.510375976562 1007.64129638672 1012.27258300781 1015.91076660156 1016.86120605469 1015.53039550781 1009.26342773438
984.027160644531 988.719055175781 988.02783203125 994.203125 992.446411132812 995.452270507812 994.999328613281 1004.37030029297 1019.97680664062 1019.333984375 1024.09045410156 1012.83087158203 1004.45678710938 992.095397949219 988.342895507812 990.019348144531 994.308715820312 1007.33868408203 1021.74322509766 1024.54553222656 1029.14428710938 1031.69409179688 1039.90673828125 1037.64331054688 1018.16229248047 1017.00714111328 1014.89007568359 1020.09338378906 1022.98669433594 1017.38757324219 1018.93060302734 1034.91027832031 1030.24157714844 1020.35595703125 1015.31274414062 1016.91998291016 1015.30474853516 1007.51336669922 1000.61535644531 991.551391601562 1002.31286621094 1004.57904052734 1017.29986572266 1017.84722900391 1015.64410400391 1010.73840332031
985.427062988281 989.120422363281 995.645263671875 992.384216308594 992.897827148438 1002.34033203125 1001.38598632812 1008.07537841797 1011.83819580078 1016.34875488281 1016.08911132812 1012.26312255859 1004.60626220703 995.516845703125 993.679870605469 1006.07067871094 1008.23187255859 1009.751953125 1018.11791992188 1027.84240722656 1041.5810546875 1031.77111816406 1026.82727050781 1030.0126953125 1023.13629150391 1018.21838378906 1014.18688964844 1016.97003173828 1018.72338867188 1011.04510498047 1015.90478515625 1023.06793212891 1025.49401855469 1022.40222167969 1008.05853271484 1005.97308349609 1009.53277587891 1009.43414306641 1000.71636962891 993.611572265625 998.239807128906 1001.92620849609 1018.62316894531 1016.58215332031 1016.32843017578 1002.07995605469
981.873779296875 995.071472167969 994.563171386719 995.117309570312 992.933410644531 999.630859375 1007.32562255859 1008.54217529297 999.091125488281 1007.82550048828 1024.142578125 1008.81689453125 998.4306640625 1000.58081054688 1002.08843994141 1004.69152832031 1013.75665283203 1018.54705810547 1027.89221191406 1034.20043945312 1032.52575683594 1029.07189941406 1024.20178222656 1025.83410644531 1018.46942138672 1013.86138916016 1015.11669921875 1012.17468261719 1015.71356201172 1014.15307617188 1013.39044189453 1009.17108154297 1019.12939453125 1022.01330566406 1007.35510253906 998.623229980469 995.21142578125 1008.40234375 1003.68615722656 991.457946777344 997.676452636719 1008.38665771484 1008.08215332031 1019.59954833984 1010.91174316406 996.920227050781
993.663024902344 996.876220703125 993.270874023438 996.672119140625 1003.89935302734 1000.01171875 1003.37420654297 999.4560546875 1005.5908203125 999.043151855469 1010.37847900391 1015.37585449219 1009.16790771484 1003.9658203125 1012.72583007812 1018.16931152344 1014.20434570312 1017.36767578125 1029.18640136719 1034.91564941406 1029.92590332031 1038.50329589844 1021.4013671875 1019.86151123047 1016.33135986328 1019.05944824219 1010.7548828125 1013.75665283203 1022.74908447266 1018.953125 1014.53387451172 1013.81390380859 1011.20379638672 1006.75567626953 1007.03039550781 1006.60424804688 1002.99456787109 1005.48071289062 1004.48712158203 996.474243164062 998.631896972656 1000.96759033203 1002.98187255859 1007.27349853516 1003.81964111328 995.283203125
989.334594726562 991.281494140625 996.963806152344 993.25341796875 996.742614746094 997.508605957031 1000.52355957031 1000.06762695312 999.263366699219 1002.00982666016 1006.17437744141 1021.15148925781 1021.05584716797 1022.76159667969 1019.1494140625 1017.59167480469 1017.03533935547 1025.6826171875 1027.46862792969 1035.75610351562 1037.84558105469 1031.20141601562 1033.29333496094 1016.75018310547 1014.76947021484 1016.42370605469 1018.83636474609 1011.47772216797 1020.21508789062 1025.0888671875 1019.76324462891 1012.50433349609 1006.68054199219 1005.00469970703 1011.72497558594 1008.95489501953 1008.42010498047 999.789123535156 994.456115722656 990.14697265625 989.758422851562 1004.59417724609 1010.39483642578 1008.73065185547 1004.26916503906 993.068603515625
986.871704101562 988.222290039062 998.914428710938 1001.76403808594 999.278076171875 1004.24578857422 997.35107421875 997.526428222656 999.484069824219 1005.97143554688 1011.22424316406 1023.8564453125 1025.19360351562 1023.66333007812 1024.88305664062 1031.72497558594 1029.01940917969 1030.57727050781 1037.51721191406 1036.24755859375 1036.46325683594 1037.17004394531 1031.73803710938 1020.85101318359 1020.82525634766 1022.01794433594 1018.486328125 1017.16754150391 1013.58471679688 1018.03179931641 1013.52850341797 1008.03155517578 1005.19793701172 1006.65289306641 1002.53179931641 1006.15380859375 1002.92254638672 1003.16076660156 989.497985839844 983.125915527344 995.506225585938 999.560791015625 1001.76531982422 1005.66638183594 1001.69952392578 991.784240722656
