data/zlatibor_dem_simulations/DEMsim19.asc
NCOLS 150
NROWS 100
XLLCORNER 7394249
YLLCORNER 4841999
CELLSIZE 30
NODATA_VALUE -9999
[rows 0 to 19 of 100, columns 0 to 45 of 150]
1007.82067871094 1008.15875244141 1008.73992919922 1009.91125488281 998.851684570312 999.884399414062 1003.86071777344 1008.35681152344 1008.71484375 1008.24346923828 1013.46893310547 1010.45318603516 1013.09332275391 1013.96697998047 1012.42816162109 1007.34979248047 1002.10595703125 1008.26458740234 1013.64978027344 1017.31805419922 1028.90417480469 1038.21936035156 1043.580078125 1032.27978515625 1027.72778320312 1032.00939941406 1025.24157714844 1028.65295410156 1034.01574707031 1024.1123046875 1035.40124511719 1039.83068847656 1030.23681640625 1020.10430908203 1007.28112792969 1009.66259765625 1001.43664550781 1017.21337890625 1010.68273925781 1006.27648925781 1012.73791503906 1008.09826660156 1002.03833007812 1001.53729248047 999.143127441406 993.351501464844
1004.06982421875 1005.78009033203 1011.73724365234 1006.93890380859 1008.23803710938 1002.81726074219 1012.63165283203 1001.61828613281 1002.595703125 1008.220703125 1014.52886962891 1015.02545166016 1016.01416015625 1012.13439941406 1008.59771728516 1009.72918701172 1006.59899902344 1005.53173828125 1011.36090087891 1011.75866699219 1025.86303710938 1038.81945800781 1042.91748046875 1037.01586914062 1029.4677734375 1033.13940429688 1024.57397460938 1031.08386230469 1029.51245117188 1033.70666503906 1035.37683105469 1036.2353515625 1031.00256347656 1033.83996582031 1019.04943847656 1012.87542724609 1004.00750732422 1003.60382080078 996.765441894531 1011.12530517578 997.944885253906 1003.58349609375 996.414855957031 990.642639160156 988.942443847656 977.182189941406
1008.19024658203 1005.17938232422 1000.66839599609 997.293518066406 1007.75964355469 1004.24450683594 1009.49566650391 1003.46936035156 1006.66516113281 1011.25482177734 1016.93334960938 1016.13403320312 1011.06195068359 1012.04113769531 1013.36846923828 1008.96923828125 1010.85583496094 1011.31518554688 1014.42150878906 1013.01995849609 1027.98974609375 1030.91735839844 1042.2255859375 1044.30346679688 1034.99255371094 1026.38317871094 1022.78912353516 1030.88354492188 1027.18920898438 1033.38537597656 1042.29431152344 1040.63256835938 1031.77880859375 1034.62683105469 1024.5791015625 1026.87951660156 1009.38500976562 1004.45288085938 999.740844726562 1004.76574707031 995.806457519531 982.559326171875 981.708618164062 983.989196777344 985.533142089844 984.56201171875
1006.12561035156 1003.86450195312 997.022521972656 1001.4326171875 1005.55297851562 1001.91229248047 1005.248046875 1001.96990966797 1005.14697265625 1008.48675537109 1010.89544677734 1014.5146484375 1012.783203125 1006.5693359375 1011.24914550781 1011.10711669922 1015.95361328125 1017.30395507812 1018.12182617188 1021.40747070312 1032.0869140625 1034.94226074219 1043.44152832031 1040.80151367188 1035.01049804688 1029.96166992188 1020.36950683594 1028.22436523438 1028.57189941406 1025.51599121094 1038.69604492188 1035.31311035156 1031.50268554688 1027.39331054688 1026.287109375 1010.60314941406 1012.01416015625 1001.95422363281 1001.96765136719 1004.40850830078 997.550659179688 984.086303710938 981.910217285156 991.650085449219 995.45556640625 991.726684570312
1010.12255859375 1002.29479980469 997.419799804688 993.685363769531 997.426879882812 1003.654296875 1010.31774902344 1010.69482421875 1004.35266113281 1007.4296875 1013.77954101562 1018.72882080078 1006.63659667969 1007.24908447266 1013.79187011719 1007.79309082031 1016.23699951172 1021.4521484375 1016.43798828125 1019.78424072266 1031.158203125 1032.66162109375 1040.38354492188 1035.85607910156 1037.1103515625 1032.18884277344 1023.50146484375 1012.59948730469 1017.97344970703 1029.6171875 1031.42211914062 1026.48803710938 1026.90234375 1021.625 1016.06939697266 1021.63989257812 1020.33386230469 1015.55847167969 1004.18804931641 1003.64501953125 991.072937011719 990.712646484375 989.376647949219 994.833435058594 996.651550292969 997.53857421875
1007.80218505859 1002.39678955078 994.626403808594 994.071350097656 1000.51690673828 1007.97137451172 1008.20709228516 1007.73864746094 1012.53289794922 1010.08728027344 1010.69140625 1007.66741943359 1005.92639160156 999.738098144531 1009.12731933594 1016.18670654297 1016.02770996094 1027.32250976562 1031.37817382812 1026.83190917969 1028.646484375 1039.29357910156 1044.75268554688 1032.49670410156 1025.82922363281 1026.90185546875 1019.16510009766 1006.21984863281 1017.94219970703 1026.51623535156 1031.17321777344 1031.17834472656 1027.07531738281 1018.234375 1020.63519287109 1020.23797607422 1017.98022460938 1019.69287109375 1000.28735351562 1001.34210205078 995.998046875 991.545593261719 988.440124511719 998.476135253906 987.700012207031 995.901611328125
994.070190429688 993.625305175781 995.17041015625 997.455993652344 996.4482421875 1002.85705566406 1005.361328125 1010.57470703125 1010.58215332031 1004.01794433594 995.305419921875 997.769165039062 998.136535644531 996.22509765625 1006.51928710938 1013.13592529297 1021.85290527344 1035.52233886719 1037.31213378906 1027.50268554688 1025.75390625 1027.23474121094 1035.03881835938 1025.49267578125 1015.10900878906 1017.10565185547 1020.76226806641 1012.45269775391 1018.58520507812 1019.10729980469 1020.19201660156 1023.63031005859 1025.92236328125 1018.71832275391 1020.39453125 1019.95690917969 1021.84539794922 1024.80053710938 1002.23199462891 999.444702148438 997.716735839844 999.322143554688 985.834106445312 989.296569824219 992.923950195312 995.215515136719
992.540405273438 981.300170898438 986.218933105469 994.993530273438 997.496398925781 1002.37591552734 1001.85375976562 1002.70129394531 1007.66961669922 1000.36145019531 990.045837402344 994.475463867188 1001.02526855469 995.027587890625 1007.62689208984 1011.88977050781 1011.18621826172 1025.40283203125 1027.98803710938 1019.83233642578 1021.84533691406 1025.78112792969 1025.54064941406 1019.74731445312 1012.27111816406 1017.92388916016 1023.7392578125 1018.04235839844 1004.95349121094 1008.3779296875 1016.08068847656 1021.86682128906 1023.83374023438 1017.84033203125 1019.19689941406 1021.66845703125 1020.20904541016 1013.49865722656 1011.19952392578 1006.24676513672 991.796264648438 997.728759765625 998.311767578125 990.202026367188 998.389404296875 998.274108886719
985.753295898438 989.22509765625 980.134582519531 994.125244140625 1000.82012939453 1001.67333984375 997.021179199219 995.121276855469 987.163452148438 989.450500488281 989.466918945312 994.540832519531 992.015808105469 996.834411621094 1008.05200195312 1017.72705078125 1014.90393066406 1021.83776855469 1020.19567871094 1024.42199707031 1026.22802734375 1021.38146972656 1022.39825439453 1019.45489501953 1013.28460693359 1015.57733154297 1016.28918457031 1010.42504882812 995.873901367188 1007.26690673828 1012.20349121094 1024.58337402344 1018.26623535156 1014.24884033203 1025.32629394531 1019.98840332031 1015.68414306641 1015.24206542969 1007.69396972656 1002.45080566406 991.32861328125 993.648254394531 994.034851074219 996.675659179688 1005.67309570312 1010.89624023438
982.973876953125 985.537658691406 990.996032714844 989.778869628906 999.90673828125 1000.57904052734 1006.9912109375 999.576110839844 987.105224609375 987.581909179688 988.172241210938 986.602722167969 987.69921875 990.258117675781 1003.62017822266 1014.52416992188 1013.20983886719 1012.07879638672 1015.66320800781 1025.1103515625 1014.99713134766 1019.11779785156 1021.82336425781 1014.66088867188 1001.84838867188 1004.97918701172 1010.08813476562 1002.31854248047 999.96923828125 1000.71105957031 1013.68798828125 1022.87719726562 1027.78002929688 1018.91149902344 1025.23791503906 1025.52014160156 1015.10052490234 1016.08947753906 1016.32165527344 1000.39404296875 995.87060546875 997.767028808594 1004.71392822266 1000.96661376953 1014.00109863281 1011.36145019531
990.833251953125 987.676635742188 993.697570800781 1006.51531982422 996.753356933594 997.047241210938 996.860595703125 1006.41558837891 995.248168945312 986.6083984375 987.771850585938 987.400817871094 990.081604003906 990.663696289062 992.6591796875 1006.89526367188 1011.71075439453 1003.98797607422 1014.01843261719 1016.78167724609 1013.16253662109 1018.50439453125 1019.71173095703 1007.466796875 997.942687988281 988.822937011719 1001.98284912109 1011.91583251953 1006.43383789062 1012.24163818359 1015.34509277344 1029.75903320312 1025.52734375 1021.03039550781 1024.65856933594 1030.25854492188 1018.61614990234 1022.92950439453 1017.13311767578 992.062255859375 997.155151367188 1001.94750976562 1005.18542480469 1004.80505371094 1010.79736328125 1014.1748046875
990.13623046875 1000.86694335938 996.164367675781 999.557983398438 996.291748046875 992.049438476562 995.992919921875 984.989135742188 988.629272460938 989.629455566406 980.310485839844 985.850646972656 989.947204589844 989.819091796875 996.263244628906 1001.61383056641 997.507263183594 1002.48449707031 1004.93957519531 1011.67932128906 1012.33862304688 999.543579101562 1004.19995117188 1002.26538085938 998.562866210938 991.664489746094 999.720275878906 1004.30780029297 1010.49932861328 1012.34020996094 1016.05163574219 1026.85021972656 1021.54693603516 1018.84063720703 1025.37524414062 1031.5810546875 1017.14422607422 1022.59350585938 1021.63409423828 1011.66961669922 1013.30523681641 1013.76391601562 1009.27331542969 1012.3759765625 1011.80255126953 1014.52685546875
996.514221191406 997.556457519531 998.359802246094 996.913696289062 994.944519042969 990.414916992188 988.135803222656 988.609924316406 987.654602050781 984.682495117188 980.073181152344 984.147094726562 994.120544433594 987.812438964844 987.650939941406 998.525024414062 996.437683105469 995.697937011719 996.645751953125 999.674194335938 998.709045410156 1004.35772705078 998.074340820312 999.120056152344 988.578735351562 986.830261230469 990.30322265625 998.325988769531 1001.83483886719 1014.01953125 1014.80291748047 1005.27209472656 1017.72137451172 1012.04815673828 1023.02160644531 1026.55749511719 1024.01440429688 1030.83874511719 1030.05200195312 1030.45129394531 1019.78198242188 1011.87707519531 1010.19036865234 1019.46997070312 1012.79748535156 1006.01721191406
993.009216308594 996.5107421875 980.189086914062 985.244689941406 985.875610351562 987.659301757812 986.815612792969 990.572448730469 989.5419921875 988.310974121094 983.979675292969 984.465270996094 980.597717285156 979.979370117188 984.879760742188 991.194458007812 998.650756835938 1000.71826171875 995.594116210938 989.420349121094 988.196716308594 987.237182617188 986.858093261719 989.997375488281 993.183044433594 988.606140136719 982.678466796875 997.192504882812 1000.90704345703 1005.21063232422 1009.44934082031 1001.56701660156 1002.13580322266 1011.51422119141 1014.89788818359 1027.52734375 1033.74560546875 1040.58129882812 1033.09216308594 1039.33947753906 1028.54406738281 1017.91552734375 1024.35620117188 1019.58874511719 1018.88250732422 1009.80688476562
974.630554199219 984.078552246094 986.015197753906 986.92529296875 986.623352050781 974.879577636719 994.406005859375 989.806640625 979.406555175781 983.352844238281 982.644226074219 977.520141601562 975.489929199219 977.956420898438 988.481689453125 985.480102539062 994.447509765625 990.673156738281 985.487060546875 979.971618652344 987.71630859375 969.593017578125 986.931823730469 989.746154785156 980.859558105469 986.934631347656 993.374755859375 1002.07977294922 1000.78039550781 1001.63372802734 1009.53192138672 998.027282714844 998.087890625 1002.92584228516 1011.35235595703 1017.81646728516 1030.75354003906 1039.86242675781 1039.55603027344 1041.62524414062 1033.89599609375 1025.39587402344 1025.392578125 1014.69995117188 1010.59631347656 1008.03045654297
986.274230957031 990.337524414062 989.302429199219 981.899230957031 981.721130371094 977.251220703125 985.18310546875 996.957092285156 981.715209960938 974.625427246094 968.5703125 971.340393066406 969.97509765625 980.061767578125 981.797729492188 991.735290527344 994.234558105469 994.513916015625 984.9638671875 985.37744140625 986.700378417969 973.333984375 984.944396972656 982.97705078125 990.2998046875 978.978088378906 991.595947265625 995.231201171875 994.932495117188 1008.26458740234 1010.55743408203 1007.62963867188 1010.62939453125 1018.99084472656 1017.97790527344 1019.88519287109 1023.93218994141 1032.591796875 1036.4638671875 1043.19873046875 1035.49731445312 1022.58959960938 1019.54620361328 1022.02484130859 1013.00701904297 1016.77026367188
978.295043945312 984.600036621094 988.690002441406 980.098388671875 980.826171875 975.658020019531 984.702697753906 987.775573730469 982.495422363281 980.452941894531 970.870544433594 971.507080078125 969.316345214844 974.52294921875 983.875183105469 990.816467285156 989.974731445312 992.449890136719 980.343933105469 974.659057617188 973.731872558594 980.221313476562 987.091491699219 990.571166992188 991.437805175781 975.832458496094 990.575805664062 1001.01690673828 1006.83361816406 1024.20031738281 1011.88781738281 1020.83612060547 1024.0546875 1017.91864013672 1020.71453857422 1029.05078125 1020.78271484375 1038.91394042969 1041.84216308594 1043.27258300781 1039.13012695312 1030.45104980469 1029.6015625 1024.34973144531 1017.68798828125 1012.13446044922
976.1455078125 981.503723144531 976.404296875 975.060363769531 975.876953125 979.19775390625 980.108520507812 985.0458984375 986.285827636719 984.028442382812 976.745666503906 967.044860839844 970.763793945312 971.325134277344 985.1533203125 976.543579101562 986.813537597656 989.872680664062 976.097961425781 965.643920898438 972.665771484375 981.436340332031 979.674743652344 991.576354980469 986.668579101562 986.217407226562 1000.09655761719 1001.06689453125 1011.00524902344 1020.16638183594 1021.30914306641 1034.29772949219 1024.90161132812 1026.23059082031 1023.40216064453 1026.03637695312 1029.54406738281 1030.23767089844 1034.41479492188 1043.73693847656 1046.88818359375 1046.83764648438 1032.3642578125 1019.21075439453 1018.82342529297 1018.97973632812
972.79443359375 978.380187988281 979.658081054688 970.727600097656 973.073120117188 979.570739746094 982.006286621094 977.173278808594 987.659240722656 979.935302734375 967.638366699219 963.227111816406 965.628173828125 967.511962890625 981.151916503906 973.533813476562 975.974792480469 979.59619140625 962.043273925781 962.074035644531 968.921997070312 976.687133789062 976.706481933594 992.379699707031 988.893432617188 987.547973632812 997.804748535156 1000.71044921875 1010.21185302734 1015.94287109375 1023.36993408203 1028.501953125 1021.7314453125 1028.86291503906 1025.25427246094 1022.22058105469 1029.982421875 1030.28820800781 1035.46923828125 1033.54064941406 1038.93115234375 1036.46154785156 1036.53112792969 1029.71069335938 1022.36529541016 1018.43176269531
963.210571289062 964.789794921875 973.009704589844 974.853332519531 971.497192382812 971.85888671875 971.329284667969 974.385620117188 970.658447265625 960.778686523438 951.522155761719 954.8583984375 957.515258789062 959.962219238281 974.832641601562 964.9072265625 962.045715332031 960.99169921875 964.873657226562 960.96630859375 962.631958007812 967.335632324219 979.369018554688 987.655517578125 982.925109863281 997.947814941406 1002.7080078125 1003.29602050781 1013.23645019531 1017.41326904297 1011.05310058594 1015.06701660156 1016.92724609375 1018.25073242188 1025.68664550781 1027.68981933594 1028.05200195312 1023.86798095703 1033.10461425781 1026.6044921875 1035.85546875 1034.00769042969 1038.9697265625 1031.05493164062 1027.50952148438 1020.85406494141
