data/zlatibor_dem_simulations/DEMsim41.asc
NCOLS 150
NROWS 100
XLLCORNER 7394249
YLLCORNER 4841999
CELLSIZE 30
NODATA_VALUE -9999
[rows 60 to 79 of 100, columns 0 to 45 of 150]
943.6962890625 950.918823242188 948.334411621094 952.12841796875 960.651611328125 963.574890136719 962.686157226562 976.170532226562 971.382934570312 962.751770019531 955.043029785156 951.956481933594 953.495910644531 966.668029785156 964.766723632812 958.849975585938 967.779724121094 957.937316894531 950.321533203125 942.355041503906 952.771789550781 944.418090820312 954.455993652344 968.883239746094 973.778869628906 972.500183105469 959.19580078125 954.057922363281 958.969909667969 954.011535644531 952.270263671875 944.299865722656 949.784240722656 957.335632324219 948.662231445312 958.12646484375 955.87109375 950.339477539062 947.978393554688 943.756286621094 939.169006347656 944.890991210938 948.220153808594 946.187438964844 952.7177734375 952.995178222656
939.219421386719 940.711975097656 944.086364746094 955.986450195312 957.250610351562 965.091247558594 966.248413085938 969.015502929688 977.572937011719 963.546875 957.647033691406 947.235290527344 949.781494140625 953.288696289062 956.805969238281 960.500427246094 953.765869140625 952.808715820312 943.549560546875 936.932189941406 949.02734375 948.353271484375 956.365661621094 965.330688476562 969.997863769531 967.902465820312 969.2109375 947.715515136719 950.940490722656 957.343139648438 948.467529296875 945.781494140625 950.559875488281 949.849914550781 942.835327148438 940.639709472656 947.247375488281 945.555236816406 935.912902832031 945.61767578125 941.653076171875 941.2626953125 945.974060058594 948.382446289062 940.210083007812 956.006958007812
947.499755859375 948.731750488281 951.301940917969 952.931213378906 963.088623046875 958.977478027344 963.625 969.942321777344 967.968872070312 966.294311523438 958.664184570312 947.504638671875 949.720886230469 951.082641601562 955.435424804688 953.712097167969 949.438110351562 949.248107910156 940.798767089844 941.4619140625 942.124145507812 952.9921875 954.738708496094 952.148193359375 956.928649902344 963.075988769531 952.198059082031 954.688049316406 948.6494140625 950.377319335938 954.298583984375 950.430725097656 950.814514160156 941.259643554688 941.402465820312 938.18359375 937.84130859375 937.642150878906 940.196166992188 946.3125 951.711303710938 951.432495117188 952.607543945312 947.915222167969 949.901550292969 957.555786132812
948.893859863281 949.380798339844 952.773376464844 951.867858886719 960.054382324219 959.981567382812 958.251586914062 962.676635742188 964.141967773438 956.183410644531 948.23828125 948.487854003906 944.315551757812 944.584350585938 947.2802734375 957.088562011719 945.305847167969 942.289611816406 934.981140136719 939.913452148438 942.792297363281 941.737365722656 943.365844726562 956.941467285156 944.464477539062 954.204895019531 957.870910644531 957.072509765625 950.535766601562 953.389953613281 943.779296875 946.53662109375 942.996948242188 946.127868652344 942.414489746094 939.82470703125 943.578247070312 945.808837890625 953.812255859375 945.846496582031 956.44580078125 953.890563964844 958.838439941406 955.294982910156 957.040588378906 964.342041015625
943.383361816406 948.328796386719 950.951171875 961.741882324219 955.331481933594 952.968078613281 950.560363769531 946.001831054688 954.8798828125 951.985595703125 949.829772949219 954.219482421875 951.963500976562 948.857482910156 947.613464355469 945.101135253906 944.092224121094 941.903991699219 942.231018066406 936.73193359375 939.400756835938 945.138122558594 938.674133300781 952.140502929688 946.870483398438 954.989379882812 962.493469238281 951.336486816406 948.556518554688 950.699096679688 948.422485351562 954.2314453125 953.861145019531 943.163330078125 945.824768066406 938.588806152344 948.533142089844 943.621459960938 948.621459960938 949.503845214844 957.212829589844 960.663879394531 960.507080078125 958.971252441406 963.266357421875 970.844482421875
955.656433105469 946.6484375 954.498229980469 957.357788085938 958.067016601562 949.313659667969 947.089050292969 957.949584960938 950.723083496094 951.843811035156 944.828491210938 949.721130371094 953.806213378906 946.972839355469 946.063903808594 947.491638183594 945.655456542969 939.830017089844 942.134338378906 939.745300292969 936.764587402344 941.646057128906 943.851989746094 949.811157226562 950.641662597656 949.374816894531 952.781372070312 952.087463378906 947.700317382812 946.680419921875 952.263061523438 960.838256835938 954.066284179688 953.291564941406 953.067749023438 952.500061035156 951.401611328125 941.741821289062 948.331298828125 954.165649414062 955.742980957031 956.250122070312 960.279235839844 958.755737304688 968.918212890625 973.73388671875
960.942626953125 960.834838867188 962.004699707031 960.647277832031 964.011962890625 952.741943359375 953.231811523438 948.339721679688 947.408630371094 945.168884277344 945.944458007812 946.862365722656 960.443725585938 953.075622558594 949.717163085938 945.092102050781 947.063049316406 942.413818359375 940.040466308594 943.982849121094 936.985961914062 944.647216796875 952.271728515625 946.642517089844 951.510192871094 941.982971191406 943.228210449219 949.573181152344 949.614196777344 946.336608886719 943.133239746094 954.278747558594 957.984313964844 947.437255859375 947.296203613281 943.71826171875 943.034729003906 939.112121582031 949.180297851562 950.413452148438 958.813537597656 963.313232421875 967.409118652344 964.865539550781 970.382873535156 976.927062988281
963.609558105469 962.483276367188 963.333984375 961.930969238281 947.759948730469 947.184265136719 951.456359863281 946.745788574219 944.454040527344 945.973022460938 938.574890136719 941.268432617188 951.156921386719 946.309509277344 947.688903808594 951.630310058594 949.795837402344 944.287780761719 943.174194335938 945.7900390625 944.567443847656 956.425598144531 946.382568359375 947.343505859375 953.711059570312 946.900634765625 949.272705078125 954.630310058594 944.208251953125 954.187744140625 957.029663085938 956.275573730469 955.734741210938 961.855651855469 959.796691894531 958.135070800781 948.709594726562 943.789184570312 945.336242675781 947.175476074219 957.966857910156 959.441772460938 964.647583007812 965.233276367188 985.312133789062 979.142883300781
957.71728515625 957.716735839844 956.769592285156 948.955139160156 941.571411132812 951.947387695312 952.5087890625 949.163513183594 949.562133789062 937.765808105469 926.05419921875 946.961486816406 954.699584960938 946.808166503906 940.932678222656 951.953125 949.838073730469 952.482177734375 958.694763183594 957.279724121094 956.869995117188 960.109619140625 954.712036132812 954.454162597656 965.673400878906 967.870056152344 960.742858886719 945.879272460938 946.935485839844 950.956787109375 952.407836914062 950.112609863281 961.587951660156 961.577880859375 957.483154296875 956.894287109375 957.543395996094 955.703002929688 954.195983886719 957.7783203125 968.564331054688 967.004821777344 957.673522949219 967.15185546875 977.154357910156 981.879760742188
952.068786621094 955.656677246094 957.131103515625 951.684692382812 945.3720703125 944.552673339844 947.879760742188 940.14599609375 938.999084472656 933.227905273438 936.231262207031 942.155883789062 947.156005859375 943.285705566406 946.901977539062 948.654357910156 945.882629394531 958.793395996094 959.336791992188 962.124206542969 970.494934082031 960.132934570312 964.713745117188 960.959899902344 961.901916503906 966.3798828125 960.044738769531 947.948791503906 950.337829589844 951.016296386719 957.687438964844 951.368103027344 953.606872558594 951.958129882812 959.085571289062 959.86669921875 959.061462402344 965.400634765625 958.476867675781 969.105285644531 976.339172363281 968.707641601562 964.035278320312 978.063232421875 976.648620605469 977.825927734375
956.056701660156 953.483154296875 952.633361816406 945.470825195312 940.500183105469 938.389770507812 940.313720703125 938.440979003906 938.139465332031 937.5087890625 941.344665527344 942.205871582031 950.515014648438 944.158142089844 946.330688476562 950.365661621094 948.46533203125 954.206420898438 963.243835449219 965.852600097656 963.412109375 964.666198730469 964.390380859375 962.411499023438 967.835083007812 968.220581054688 970.356140136719 963.286071777344 954.222229003906 958.545532226562 950.217651367188 955.83251953125 960.146240234375 960.255432128906 969.392883300781 965.286743164062 960.046325683594 968.748718261719 964.638732910156 965.799865722656 974.579956054688 968.324096679688 969.861389160156 969.328918457031 980.1533203125 977.053649902344
958.735717773438 957.343566894531 954.765869140625 950.1201171875 946.151184082031 930.06884765625 935.648559570312 938.447998046875 930.701171875 931.271179199219 940.974060058594 942.108764648438 942.021423339844 950.723937988281 945.688110351562 949.986389160156 958.919860839844 959.857849121094 956.047668457031 962.747680664062 956.320861816406 956.0830078125 959.850524902344 965.542663574219 976.10107421875 970.139038085938 972.591186523438 967.180114746094 954.655090332031 965.625549316406 971.201293945312 960.370666503906 958.249389648438 962.826232910156 969.192321777344 966.635070800781 962.296936035156 967.344421386719 970.868896484375 965.147583007812 972.662048339844 982.550415039062 975.452453613281 981.492370605469 984.190795898438 985.863464355469
953.48486328125 949.40966796875 957.292114257812 950.509460449219 941.050720214844 929.957580566406 927.882141113281 931.425354003906 939.907531738281 931.258361816406 934.15625 945.980651855469 948.797119140625 950.321594238281 957.315368652344 961.349792480469 968.178039550781 960.314331054688 950.91064453125 958.465026855469 955.766235351562 954.868041992188 958.877807617188 974.487365722656 970.299011230469 971.323486328125 973.936584472656 972.4169921875 976.480041503906 978.596130371094 967.056762695312 960.158874511719 950.023254394531 960.16064453125 964.186706542969 972.013427734375 966.806945800781 970.962646484375 983.489624023438 980.932983398438 974.823913574219 978.572814941406 983.504211425781 990.081665039062 988.230834960938 992.553161621094
953.943359375 949.332092285156 945.523010253906 943.6171875 928.318176269531 931.945495605469 937.696594238281 939.012939453125 940.693725585938 940.909851074219 939.271545410156 945.092834472656 962.226013183594 957.551635742188 965.833862304688 971.06396484375 972.113159179688 965.228149414062 954.424743652344 956.241943359375 961.897644042969 961.111938476562 963.122497558594 975.976318359375 970.301513671875 970.178039550781 967.187438964844 970.979858398438 972.7587890625 973.264770507812 968.631591796875 959.9599609375 958.034484863281 961.256530761719 961.913818359375 966.331604003906 969.201721191406 972.856323242188 978.789245605469 980.656982421875 974.461669921875 989.464782714844 987.862487792969 983.093017578125 991.724609375 998.189697265625
946.798095703125 952.1669921875 938.846496582031 932.569885253906 933.483581542969 934.146606445312 941.659851074219 938.969543457031 941.915161132812 946.722778320312 951.000427246094 959.210815429688 970.684265136719 977.533325195312 971.976928710938 970.494445800781 966.291687011719 964.330261230469 951.290588378906 954.985473632812 958.826110839844 960.72216796875 967.529846191406 973.224670410156 966.834228515625 971.433227539062 968.904541015625 974.197509765625 974.967529296875 965.633056640625 970.944030761719 968.428771972656 964.772094726562 964.585388183594 964.798828125 965.359924316406 970.824340820312 975.6572265625 979.477111816406 972.996032714844 982.925231933594 984.900085449219 989.913024902344 1003.07232666016 1002.97973632812 998.611022949219
943.095886230469 946.775939941406 937.9130859375 931.921325683594 930.14599609375 932.622375488281 939.791625976562 945.39501953125 945.492065429688 947.781433105469 958.549743652344 962.265502929688 970.828063964844 975.385437011719 974.3466796875 965.713012695312 967.484497070312 964.698974609375 964.535034179688 968.900085449219 974.252624511719 973.635009765625 970.17333984375 976.002014160156 975.255737304688 972.960327148438 967.147583007812 976.048034667969 979.926818847656 980.134460449219 978.820495605469 982.274841308594 975.494812011719 968.264221191406 974.917297363281 971.975708007812 979.863830566406 979.88720703125 986.90771484375 988.722229003906 987.540954589844 991.715087890625 997.979248046875 1006.82440185547 1005.05548095703 1003.33551025391
939.189208984375 944.019958496094 939.981384277344 939.153869628906 929.477905273438 933.8046875 942.126037597656 947.326477050781 951.657470703125 948.536376953125 964.830383300781 967.070739746094 974.300354003906 971.502380371094 975.506408691406 974.1455078125 972.528625488281 980.563049316406 969.855285644531 976.879821777344 977.288879394531 984.391906738281 985.7734375 980.439331054688 976.602905273438 976.437133789062 975.903503417969 977.478393554688 978.733642578125 983.698547363281 990.1689453125 984.736450195312 983.277648925781 975.900390625 971.966186523438 974.372619628906 985.250610351562 987.037963867188 988.493469238281 995.805725097656 994.627319335938 995.774780273438 1003.03912353516 1016.12133789062 1010.53814697266 1007.84613037109
948.224853515625 936.396423339844 928.88525390625 932.11474609375 932.099243164062 937.017944335938 943.427490234375 942.99365234375 940.474487304688 952.286865234375 967.036682128906 980.452941894531 979.861328125 980.029479980469 982.022827148438 976.473815917969 981.751098632812 982.461975097656 977.76025390625 976.938415527344 985.887145996094 987.269104003906 993.688537597656 984.625366210938 984.416442871094 991.192443847656 994.273132324219 987.351989746094 985.142883300781 989.07080078125 990.832336425781 987.487426757812 983.34814453125 974.476440429688 970.801086425781 984.509826660156 996.281005859375 987.221618652344 990.282897949219 1000.09979248047 996.832336425781 997.161926269531 1010.54022216797 1008.31506347656 1019.03826904297 1011.89947509766
936.8193359375 931.76904296875 925.175903320312 928.571655273438 933.802124023438 940.021179199219 937.783752441406 935.08251953125 940.958862304688 948.830200195312 954.328063964844 968.195983886719 978.849548339844 987.898010253906 981.046752929688 986.023742675781 987.620849609375 980.379272460938 978.632263183594 980.870422363281 981.253662109375 987.126159667969 981.8115234375 979.737548828125 985.822204589844 990.242858886719 998.959411621094 1001.02642822266 990.382080078125 986.712707519531 981.152221679688 980.024108886719 977.367431640625 981.297180175781 982.388488769531 987.161682128906 990.463439941406 998.984436035156 997.333068847656 1006.90594482422 1006.26165771484 1007.36486816406 1006.71997070312 1012.37554931641 1012.86273193359 1007.08618164062
939.382751464844 927.207336425781 922.780517578125 928.369689941406 934.62158203125 939.670104980469 945.918884277344 941.200866699219 945.355285644531 946.77001953125 957.8525390625 966.397521972656 973.143798828125 980.960327148438 977.134704589844 984.03369140625 984.959045410156 984.367980957031 979.68212890625 983.707946777344 982.843872070312 983.094970703125 982.712585449219 979.166687011719 983.115112304688 993.367797851562 996.237121582031 988.252258300781 987.978515625 980.921142578125 986.443420410156 980.713012695312 985.311767578125 981.83642578125 984.216003417969 986.847290039062 999.297180175781 1011.52215576172 1012.27923583984 1012.17559814453 1004.109375 998.50830078125 1003.31408691406 1001.0546875 999.30859375 1000.76953125
