data/zlatibor_dem_simulations/DEMsim13.asc
NCOLS 150
NROWS 100
XLLCORNER 7394249
YLLCORNER 4841999
CELLSIZE 30
NODATA_VALUE -9999
[rows 0 to 19 of 100, columns 0 to 45 of 150]
1016.24566650391 1015.63128662109 1007.86413574219 1015.71771240234 1003.54962158203 1004.15319824219 999.587036132812 1003.74407958984 1012.05688476562 1013.22241210938 1015.12951660156 1010.95764160156 1003.05108642578 1010.55932617188 999.843200683594 1000.02783203125 1007.52362060547 1010.51794433594 1014.20806884766 1018.43078613281 1024.89172363281 1032.61511230469 1031.71484375 1026.37951660156 1033.76318359375 1036.13903808594 1035.60583496094 1019.93548583984 1020.75140380859 1022.47448730469 1036.14624023438 1037.99279785156 1025.27014160156 1034.78100585938 1048.046875 1037.62927246094 1031.197265625 1021.60198974609 1009.45324707031 1022.72906494141 1015.27502441406 1021.99847412109 1012.01507568359 1008.92303466797 1003.42193603516 1004.62445068359
1002.13177490234 1004.64685058594 1007.25769042969 1003.76782226562 1006.88806152344 1012.34753417969 1007.49426269531 1007.56134033203 1015.56689453125 1014.89556884766 1011.47192382812 1010.15081787109 1011.19561767578 1007.62518310547 1014.47784423828 1008.70324707031 1016.37646484375 1014.11975097656 1015.67065429688 1028.03479003906 1032.23876953125 1041.30615234375 1037.50463867188 1029.48596191406 1038.8720703125 1031.71008300781 1031.75268554688 1026.28894042969 1020.35186767578 1028.0322265625 1034.63745117188 1036.06677246094 1036.546875 1035.22766113281 1041.73461914062 1039.5712890625 1026.71301269531 1020.21844482422 1013.06329345703 1015.69476318359 1028.24450683594 1024.00659179688 1020.50054931641 1013.19122314453 1004.24786376953 1000.35827636719
1004.29827880859 1007.89215087891 1005.42108154297 1003.06683349609 1004.75836181641 1000.02239990234 991.114196777344 1014.0771484375 1018.07012939453 1012.19097900391 1013.56292724609 1013.26672363281 1006.14465332031 1008.97937011719 1016.42517089844 1016.53668212891 1018.68902587891 1019.35528564453 1029.67846679688 1035.23010253906 1052.15234375 1034.48815917969 1038.97180175781 1039.55017089844 1032.70336914062 1032.46472167969 1027.87915039062 1020.44537353516 1018.48443603516 1022.18243408203 1030.54223632812 1035.46850585938 1037.0634765625 1038.91625976562 1043.04040527344 1037.81335449219 1020.65496826172 1022.89947509766 1019.21417236328 1014.35382080078 1031.26232910156 1024.60815429688 1015.01068115234 1018.36767578125 1009.62487792969 1002.06341552734
1009.89300537109 1005.67425537109 998.200988769531 989.716125488281 992.769409179688 996.972717285156 1006.41339111328 1002.94250488281 1015.32177734375 1013.37640380859 1008.08868408203 1007.23559570312 1004.24517822266 1003.76861572266 1013.50872802734 1008.47412109375 1011.919921875 1021.92523193359 1026.97680664062 1032.99829101562 1045.61315917969 1045.46118164062 1044.24731445312 1041.40893554688 1032.16857910156 1023.90368652344 1025.08520507812 1021.38830566406 1019.08642578125 1022.27172851562 1028.98583984375 1032.3984375 1032.13806152344 1035.57336425781 1033.92663574219 1026.41870117188 1018.88250732422 1015.43145751953 1011.93725585938 1012.89892578125 1016.27935791016 1010.88299560547 1012.07452392578 1003.8828125 1005.34594726562 1006.61486816406
1008.29541015625 1005.79962158203 1011.37689208984 1000.80541992188 998.118347167969 1002.833984375 1002.83746337891 1011.48236083984 1015.98413085938 1006.47839355469 1004.91571044922 1003.07507324219 996.422485351562 996.620727539062 995.112426757812 1006.83972167969 1016.33770751953 1021.54022216797 1023.76446533203 1025.74133300781 1035.70495605469 1033.0751953125 1042.25793457031 1035.24719238281 1037.97546386719 1025.7451171875 1015.10021972656 1021.48797607422 1016.65399169922 1014.05670166016 1016.59466552734 1024.97961425781 1025.65893554688 1031.93395996094 1028.90112304688 1023.88031005859 1014.03900146484 1020.26293945312 1022.02960205078 1010.798828125 1010.11547851562 1002.19958496094 998.246154785156 999.647705078125 991.9892578125 993.193603515625
1006.66870117188 1000.39337158203 1003.49670410156 1004.05401611328 1002.04144287109 1000.22271728516 1008.68585205078 1016.34869384766 1017.51373291016 1011.42877197266 1010.09790039062 1010.60284423828 998.857727050781 1000.99029541016 999.542419433594 1013.07641601562 1008.14904785156 1019.90570068359 1020.95684814453 1030.29626464844 1026.39086914062 1036.36865234375 1048.76806640625 1036.50842285156 1032.72790527344 1025.09875488281 1021.95318603516 1029.37316894531 1012.73358154297 1006.29638671875 1008.93267822266 1007.72259521484 1019.64959716797 1027.46594238281 1023.61352539062 1015.06207275391 1022.93560791016 1023.05609130859 1016.11218261719 1014.29211425781 1004.09539794922 997.8515625 995.316650390625 997.640869140625 997.098815917969 992.656921386719
999.582824707031 1003.05224609375 1006.50726318359 997.796508789062 1003.96459960938 1007.28149414062 1013.38439941406 1005.85491943359 1009.98596191406 1011.74066162109 1009.70025634766 1012.43798828125 1009.93115234375 1010.38928222656 1008.71075439453 1011.85180664062 1015.54931640625 1016.24786376953 1023.416015625 1022.71490478516 1033.44189453125 1030.48010253906 1041.0263671875 1029.00476074219 1023.02447509766 1024.94982910156 1021.99035644531 1008.15454101562 1007.07397460938 1000.61138916016 1006.44512939453 1009.18548583984 1015.10656738281 1021.85900878906 1025.75415039062 1018.96063232422 1015.99639892578 1014.70550537109 1016.54412841797 1004.1416015625 994.226928710938 996.314147949219 991.360046386719 984.599548339844 999.384094238281 1001.12762451172
994.170593261719 990.53759765625 991.557678222656 999.367980957031 994.994750976562 1000.63275146484 1010.28625488281 1005.53875732422 1006.48266601562 997.343017578125 1002.36541748047 998.906188964844 1005.53533935547 1012.07086181641 1014.15496826172 1010.68341064453 1014.95849609375 1020.53588867188 1031.94360351562 1026.86596679688 1028.57177734375 1025.25573730469 1032.64794921875 1024.34423828125 1019.78533935547 1010.88537597656 1009.900390625 1001.57824707031 993.187927246094 988.784790039062 1001.50140380859 1019.77429199219 1010.17498779297 1019.92736816406 1020.95513916016 1019.49627685547 1025.09313964844 1023.14636230469 1019.71008300781 1011.34576416016 996.748474121094 989.225158691406 984.312377929688 981.679260253906 991.982238769531 989.378356933594
993.5107421875 990.021057128906 988.511047363281 995.811401367188 1004.15783691406 999.110473632812 1002.92102050781 1001.93676757812 1010.05450439453 1007.09484863281 1005.78680419922 1000.23449707031 998.822998046875 995.399719238281 1004.12860107422 1008.53454589844 1011.96398925781 1023.94537353516 1019.470703125 1025.42297363281 1031.83312988281 1031.23376464844 1030.1904296875 1019.54791259766 1011.89447021484 1002.94720458984 997.12060546875 1005.31750488281 997.114562988281 989.145202636719 1002.22039794922 1014.65905761719 1012.25415039062 1017.22332763672 1014.15777587891 1029.19104003906 1031.75256347656 1034.62316894531 1019.05627441406 1011.85485839844 1001.35418701172 988.193725585938 986.866088867188 988.616577148438 996.249633789062 1002.73052978516
983.507385253906 981.718444824219 990.428466796875 1000.49114990234 1002.25213623047 999.469848632812 993.176574707031 1003.21459960938 1006.69030761719 998.174560546875 998.003234863281 997.184875488281 993.794860839844 992.919128417969 1010.56463623047 994.604248046875 1006.45104980469 1023.06982421875 1024.44226074219 1014.91888427734 1023.74420166016 1025.49865722656 1023.87585449219 1007.76129150391 1001.55548095703 1005.7529296875 995.462158203125 994.779846191406 997.414367675781 999.953857421875 1005.45477294922 1006.58251953125 1002.16278076172 1009.46081542969 1016.6640625 1014.44213867188 1015.50579833984 1021.33312988281 1022.13397216797 1014.26690673828 1005.42712402344 992.682434082031 988.408508300781 989.85546875 1003.52844238281 1012.72424316406
978.167114257812 977.709045410156 986.867248535156 987.248352050781 990.78515625 997.849243164062 1000.77130126953 1000.13330078125 997.555114746094 996.868835449219 995.733642578125 991.169860839844 988.375793457031 993.4248046875 990.324951171875 991.423706054688 993.539184570312 1011.44854736328 1018.54302978516 1015.82946777344 1016.14532470703 1006.63256835938 1008.26599121094 1003.15368652344 996.814331054688 988.497802734375 993.602111816406 999.209228515625 1001.95678710938 1001.92059326172 1005.95684814453 1013.10980224609 1007.74719238281 1013.60931396484 1018.96606445312 1016.15661621094 1011.76574707031 1013.30023193359 1018.10040283203 1012.36846923828 1003.94152832031 996.812622070312 997.398498535156 996.30322265625 1007.16510009766 1012.41278076172
974.376770019531 977.194458007812 989.715942382812 985.546264648438 988.500549316406 988.836486816406 983.655395507812 989.87060546875 993.608520507812 996.821472167969 995.597839355469 985.0615234375 985.452941894531 985.337524414062 980.88037109375 983.410949707031 995.95947265625 1005.54583740234 1007.17669677734 1005.87329101562 997.91259765625 995.139038085938 999.149475097656 1001.25537109375 995.740295410156 986.036987304688 991.486633300781 992.786376953125 1000.08386230469 1009.38439941406 1003.82843017578 1009.40673828125 1024.17053222656 1011.04949951172 1017.22204589844 1027.23254394531 1013.06134033203 1020.86273193359 1024.1689453125 1014.65209960938 1001.43896484375 998.469116210938 998.462768554688 1011.91162109375 1010.09942626953 1012.86254882812
975.5419921875 978.966979980469 987.372192382812 981.510131835938 985.423217773438 986.484924316406 979.443359375 984.464721679688 985.013488769531 986.165588378906 977.429016113281 983.003479003906 982.375732421875 970.936767578125 975.272583007812 985.466125488281 992.654479980469 1011.39331054688 1002.08892822266 998.172119140625 989.230346679688 996.073608398438 996.665771484375 996.372863769531 993.993041992188 990.440002441406 991.826171875 992.247131347656 997.211547851562 1010.62316894531 1016.39233398438 1012.322265625 1022.98480224609 1020.99230957031 1022.88714599609 1022.31091308594 1024.74450683594 1027.39416503906 1025.52587890625 1022.74102783203 1012.58294677734 999.453674316406 1006.92163085938 1002.17315673828 1015.60125732422 1009.630859375
980.010070800781 977.005065917969 978.065185546875 984.849487304688 987.796997070312 982.936401367188 972.978820800781 983.986145019531 993.016723632812 987.221435546875 987.510192871094 987.031494140625 985.696044921875 977.682678222656 983.757690429688 981.368041992188 999.180114746094 1001.29107666016 1010.71228027344 998.785705566406 991.340270996094 989.38623046875 990.542663574219 995.210815429688 991.3349609375 982.870727539062 995.739318847656 995.089050292969 1004.76751708984 1009.4345703125 1014.90795898438 1018.55572509766 1020.775390625 1019.59271240234 1023.78735351562 1031.06433105469 1027.11071777344 1030.765625 1031.87585449219 1030.16320800781 1017.71124267578 1009.90014648438 1007.35278320312 1004.97674560547 1006.23748779297 1010.66497802734
984.476440429688 983.267517089844 980.280212402344 984.271179199219 986.442626953125 980.998229980469 977.436157226562 991.26513671875 990.861389160156 984.670104980469 981.307250976562 987.205078125 980.456115722656 981.584411621094 985.926147460938 987.406799316406 993.493041992188 992.940612792969 994.220886230469 992.454162597656 980.790710449219 979.012817382812 986.504089355469 987.097839355469 983.158813476562 988.916870117188 997.321044921875 996.785949707031 1004.68981933594 1010.19940185547 1017.07135009766 1014.87945556641 1022.32592773438 1027.83129882812 1028.46276855469 1026.7197265625 1036.59204101562 1037.80480957031 1041.24108886719 1043.37414550781 1031.26025390625 1019.36364746094 1013.51470947266 1010.52801513672 1020.78674316406 1017.95343017578
981.179504394531 987.597717285156 987.832092285156 984.166015625 981.999389648438 983.418334960938 979.253173828125 989.122375488281 989.541015625 977.017272949219 980.543701171875 980.221862792969 975.657165527344 973.547302246094 984.924987792969 995.402526855469 999.488037109375 992.592956542969 991.044677734375 989.522583007812 981.563293457031 979.648986816406 986.296142578125 980.303588867188 982.198303222656 990.798095703125 1002.50921630859 1003.87322998047 1002.71752929688 1010.82977294922 1019.26672363281 1016.64514160156 1020.03332519531 1021.77624511719 1026.36645507812 1034.38171386719 1043.4111328125 1034.76159667969 1043.31311035156 1043.84851074219 1032.60766601562 1036.05395507812 1026.5087890625 1023.30554199219 1027.23083496094 1024.17138671875
981.455749511719 984.576110839844 980.462768554688 984.659423828125 980.467956542969 986.29443359375 986.611877441406 987.206481933594 988.445129394531 979.731079101562 976.411865234375 967.876831054688 976.140441894531 970.01318359375 982.470886230469 986.729858398438 982.682922363281 988.561340332031 982.042358398438 981.330871582031 988.940979003906 998.148559570312 982.630249023438 979.555480957031 987.993408203125 997.779846191406 1009.52209472656 1010.27178955078 1009.89373779297 1019.65600585938 1024.66796875 1021.70184326172 1024.12390136719 1022.57391357422 1026.25012207031 1034.16149902344 1039.26843261719 1050.51928710938 1049.95446777344 1042.79248046875 1038.9482421875 1036.00317382812 1032.73718261719 1030.76892089844 1027.7275390625 1027.50061035156
980.127380371094 982.290466308594 982.588195800781 989.037902832031 988.749267578125 984.743774414062 978.790161132812 986.185791015625 988.466125488281 977.355529785156 970.542724609375 972.855407714844 966.755981445312 965.865844726562 976.815551757812 977.153747558594 985.240112304688 989.564697265625 985.163024902344 991.713012695312 989.698852539062 998.146728515625 997.455993652344 987.217712402344 998.539123535156 996.489624023438 1002.89410400391 1009.25317382812 1016.22399902344 1021.43627929688 1018.90222167969 1021.66320800781 1023.03338623047 1026.41870117188 1029.34899902344 1030.21154785156 1043.40893554688 1053.61218261719 1054.26721191406 1039.7568359375 1042.55322265625 1038.43200683594 1039.58190917969 1034.47253417969 1028.43395996094 1027.67224121094
968.3310546875 972.820373535156 982.320556640625 978.778503417969 980.937866210938 973.528625488281 977.755493164062 969.338745117188 975.510192871094 966.104125976562 961.440063476562 965.166625976562 960.964660644531 960.124084472656 964.117004394531 970.915588378906 977.759155273438 979.74560546875 985.037292480469 989.95458984375 992.661926269531 989.333251953125 990.227355957031 993.029296875 995.217407226562 996.736450195312 1005.05584716797 1008.60974121094 1014.89190673828 1016.32055664062 1025.08337402344 1023.12078857422 1030.74267578125 1021.13232421875 1031.83874511719 1030.73742675781 1037.51293945312 1044.05493164062 1042.72631835938 1036.34948730469 1041.20812988281 1041.13818359375 1043.05419921875 1033.74377441406 1028.67553710938 1024.27026367188
955.982788085938 956.43505859375 962.408081054688 956.988525390625 959.404968261719 964.656921386719 971.9794921875 972.154052734375 962.623718261719 959.757385253906 959.56884765625 962.150085449219 963.712585449219 951.2021484375 959.492004394531 966.275634765625 973.830139160156 967.924255371094 978.842407226562 980.329406738281 984.378479003906 992.615173339844 989.597778320312 985.691345214844 993.876403808594 995.192199707031 1004.62908935547 1008.97839355469 1010.86645507812 1015.64288330078 1021.359375 1017.96038818359 1027.16674804688 1026.49792480469 1029.1689453125 1030.87841796875 1029.4150390625 1044.14343261719 1035.78002929688 1032.55493164062 1033.29650878906 1036.30603027344 1038.54650878906 1034.9755859375 1029.140625 1021.93646240234
