data/zlatibor_dem_simulations/DEMsim76 (1).asc
NCOLS 150
NROWS 100
XLLCORNER 7394249
YLLCORNER 4841999
CELLSIZE 30
NODATA_VALUE -9999
[rows 80 to 99 of 100, columns 46 to 91 of 150]
1002.2978515625 1005.23046875 1005.52722167969 1013.21783447266 998.70703125 989.308410644531 996.238952636719 990.117126464844 989.3173828125 990.757263183594 986.872375488281 995.338684082031 989.995788574219 983.046997070312 983.153625488281 987.770202636719 982.797119140625 976.124206542969 966.142028808594 968.883850097656 972.15380859375 972.265197753906 972.570495605469 978.763549804688 982.777587890625 994.183410644531 991.7255859375 992.670959472656 995.624328613281 1000.84747314453 994.615600585938 1000.52124023438 1002.71643066406 1007.13983154297 1012.95941162109 1013.94403076172 1013.73950195312 1015.66632080078 1006.13012695312 1002.90655517578 996.986572265625 1000.02526855469 992.053405761719 988.844604492188 997.783752441406 997.978637695312
992.024963378906 997.437805175781 1002.69671630859 998.139892578125 992.547058105469 997.528991699219 996.096984863281 999.615356445312 988.583740234375 985.475952148438 984.184997558594 986.792541503906 990.901062011719 988.468933105469 988.382385253906 987.484069824219 983.689208984375 976.159545898438 980.588684082031 975.294677734375 972.379516601562 973.222778320312 980.178283691406 973.732360839844 983.25 985.155334472656 994.425109863281 992.235473632812 989.596740722656 995.919494628906 994.685852050781 998.611145019531 992.039184570312 1005.421875 1005.22021484375 1013.03118896484 1012.12725830078 1005.61657714844 1008.89520263672 1004.24859619141 994.573852539062 994.446411132812 988.253967285156 992.034301757812 996.732116699219 996.222717285156
996.057678222656 996.766418457031 995.998901367188 998.778137207031 991.973571777344 998.105346679688 992.719543457031 998.400573730469 997.444030761719 992.849914550781 988.093078613281 993.074829101562 992.652038574219 984.740356445312 983.781860351562 981.890747070312 987.169677734375 982.198669433594 987.021362304688 982.572265625 976.268432617188 980.177185058594 976.568969726562 974.4521484375 978.258117675781 988.822509765625 992.618530273438 991.80810546875 985.51611328125 985.919067382812 987.933166503906 994.045471191406 1000.87603759766 1011.54132080078 1010.30450439453 1001.47607421875 1007.61193847656 1004.33013916016 1006.84393310547 1006.75024414062 1001.08581542969 1001.32989501953 992.885437011719 994.704040527344 995.116638183594 997.956237792969
987.088684082031 990.225158691406 989.858459472656 996.961853027344 1006.43591308594 1005.83074951172 1003.41302490234 1008.65496826172 1003.09997558594 1007.69476318359 1004.04364013672 989.761413574219 971.524658203125 983.503234863281 989.036804199219 987.351684570312 976.531372070312 982.832885742188 976.509948730469 983.804870605469 982.259521484375 976.306579589844 975.803588867188 980.4892578125 971.333679199219 984.529663085938 986.997802734375 986.058898925781 989.500244140625 985.570251464844 990.986450195312 997.054870605469 1000.91375732422 1006.45385742188 1002.36853027344 1004.26086425781 997.204467773438 996.971069335938 1002.74975585938 1005.21142578125 1002.91333007812 996.165100097656 999.07421875 1000.37615966797 993.785278320312 988.440063476562
992.517211914062 987.301147460938 991.945190429688 1003.0927734375 999.824829101562 1007.24267578125 1008.41381835938 1004.84075927734 1004.4580078125 1002.09204101562 1007.13751220703 990.988464355469 985.534606933594 990.413635253906 987.963562011719 996.045532226562 984.596740722656 983.85400390625 985.467529296875 984.975708007812 987.819641113281 980.275146484375 980.416198730469 990.040161132812 979.931579589844 988.354370117188 987.26904296875 987.398254394531 991.8896484375 989.005981445312 986.971740722656 989.890258789062 995.798706054688 1003.44366455078 1011.40460205078 1006.65649414062 996.68408203125 992.794006347656 999.742919921875 1002.32971191406 999.621459960938 999.801696777344 1006.59185791016 1007.00952148438 999.568237304688 995.190856933594
1000.49694824219 992.159790039062 995.567260742188 994.775268554688 1004.29522705078 1002.60394287109 1005.55731201172 999.587646484375 998.435607910156 997.447021484375 999.181091308594 984.307861328125 982.272644042969 984.275207519531 981.735961914062 987.681091308594 983.503051757812 979.34228515625 979.990600585938 982.181701660156 996.622192382812 992.179016113281 982.9013671875 985.282592773438 986.505249023438 991.726013183594 988.0009765625 989.810485839844 986.962158203125 989.882385253906 993.5283203125 990.204895019531 987.723999023438 997.233947753906 1006.74786376953 1003.05914306641 995.330078125 986.742004394531 984.299621582031 995.3896484375 997.835021972656 1001.58190917969 1011.24371337891 1002.84649658203 1009.55145263672 1006.21569824219
991.252502441406 993.547058105469 993.77783203125 1003.33435058594 992.294921875 994.994812011719 1000.68286132812 997.369445800781 995.6298828125 997.680114746094 994.830871582031 984.707641601562 983.420715332031 981.4775390625 983.387329101562 985.468994140625 984.529846191406 986.170532226562 984.504577636719 982.218017578125 995.580627441406 992.305969238281 978.609436035156 980.041870117188 990.370178222656 991.51953125 990.7880859375 986.359008789062 989.402099609375 987.987976074219 994.942565917969 987.839599609375 993.657592773438 996.718627929688 998.330810546875 1000.62414550781 996.7080078125 990.182861328125 986.022644042969 1000.50592041016 1001.76196289062 999.610290527344 998.651489257812 1003.33343505859 1015.68029785156 1014.70263671875
989.230407714844 993.614196777344 993.973327636719 990.859375 985.026672363281 991.280578613281 1000.27416992188 1002.02673339844 999.149841308594 993.737365722656 991.954711914062 990.130920410156 983.654663085938 987.253295898438 986.03173828125 991.005004882812 992.0263671875 992.880615234375 985.732238769531 985.168212890625 995.614990234375 984.171630859375 984.966430664062 989.117492675781 989.747619628906 994.073852539062 996.168884277344 994.7216796875 998.703002929688 997.436401367188 990.420959472656 980.938781738281 988.82177734375 995.879577636719 996.735046386719 991.879272460938 995.984008789062 1000.82183837891 996.635559082031 1004.38159179688 1008.54321289062 1002.22290039062 1001.61578369141 1004.02124023438 1008.12261962891 1017.36016845703
985.682861328125 987.876220703125 993.229675292969 988.856994628906 987.390991210938 979.93701171875 994.300537109375 1010.72161865234 1006.11206054688 1012.86511230469 1001.82025146484 993.053771972656 988.158081054688 989.990417480469 999.418762207031 996.423889160156 993.380004882812 993.87451171875 990.449157714844 984.878662109375 993.608337402344 990.398620605469 985.109008789062 986.600769042969 996.767639160156 995.19384765625 998.075744628906 997.294860839844 994.473388671875 992.517700195312 988.891357421875 983.793212890625 980.116760253906 979.428527832031 979.175231933594 989.856628417969 1000.19592285156 994.328063964844 1002.52801513672 1006.20452880859 1008.58557128906 1001.91967773438 1005.81634521484 1001.787109375 1005.71325683594 1004.63165283203
981.948120117188 983.293395996094 976.3232421875 987.408020019531 983.575622558594 989.634643554688 995.118530273438 1015.71728515625 1009.43292236328 1013.18310546875 1005.10552978516 1002.2138671875 997.175476074219 996.737609863281 994.441711425781 1001.36138916016 999.772705078125 991.995422363281 983.499389648438 986.637023925781 992.140258789062 989.015380859375 992.998107910156 995.374145507812 997.039672851562 993.95068359375 990.751892089844 998.380615234375 1001.11126708984 990.512145996094 992.208129882812 987.511779785156 983.865783691406 986.638244628906 985.423217773438 989.965454101562 1000.06103515625 1004.84759521484 1004.13616943359 1004.92687988281 1012.63610839844 1004.00189208984 999.832580566406 1002.166015625 1004.59375 1006.54107666016
979.934631347656 978.762084960938 988.956787109375 989.15966796875 985.349731445312 983.547241210938 992.249145507812 1005.03717041016 1001.81793212891 1008.26782226562 1013.01483154297 1008.37915039062 1008.71893310547 999.768859863281 991.094787597656 999.023620605469 1009.34448242188 994.733154296875 997.265930175781 998.637390136719 1000.24877929688 989.364440917969 995.385437011719 995.9560546875 994.339416503906 996.2119140625 991.770629882812 994.921325683594 998.850036621094 996.341247558594 997.390319824219 997.007629394531 997.560180664062 997.229248046875 991.802551269531 997.989685058594 1001.81396484375 999.572326660156 1000.63653564453 1008.70788574219 1005.52185058594 1004.67242431641 1001.92633056641 1009.27844238281 1007.91534423828 1013.94665527344
975.876708984375 980.190246582031 988.1650390625 989.3505859375 989.972961425781 988.498474121094 998.962768554688 996.940612792969 986.225524902344 999.267578125 1006.158203125 1013.53985595703 1017.12109375 1012.51342773438 1008.84948730469 1007.79284667969 1008.12622070312 1004.74334716797 1001.01098632812 1004.58288574219 990.284362792969 997.568969726562 994.710876464844 987.9814453125 998.759521484375 999.319274902344 994.137756347656 987.962707519531 994.763793945312 1000.99542236328 997.772827148438 995.779418945312 998.068969726562 1000.87689208984 987.549499511719 995.672973632812 998.960021972656 1006.91900634766 1009.52062988281 1009.06683349609 1005.39038085938 1010.07092285156 1007.25085449219 1011.38421630859 1015.39233398438 1014.90057373047
977.734008789062 976.685363769531 982.99560546875 978.332397460938 994.338684082031 995.386901855469 994.025024414062 994.122985839844 993.998596191406 1000.76391601562 1011.70574951172 1011.56469726562 1011.48712158203 1014.29888916016 1008.11993408203 1020.52716064453 1012.12359619141 1014.71417236328 1008.11462402344 1003.82629394531 1007.19738769531 1007.69348144531 1000.17584228516 991.678039550781 996.648986816406 990.691345214844 995.731811523438 996.007873535156 995.7021484375 997.914489746094 992.252136230469 996.005493164062 1000.00744628906 993.972778320312 995.677734375 998.183654785156 1001.56866455078 1005.03405761719 996.525451660156 1010.93176269531 1004.95458984375 1007.37115478516 1008.41241455078 1008.27783203125 1002.66845703125 1011.76312255859
965.375732421875 973.253295898438 970.600952148438 980.380249023438 988.183715820312 994.109069824219 989.271911621094 991.103088378906 1002.14379882812 1004.05743408203 1009.49237060547 1013.93988037109 1006.84008789062 1013.32550048828 1011.99035644531 1018.05035400391 1024.99890136719 1023.44378662109 1012.09893798828 1003.13293457031 1009.16674804688 1005.56341552734 998.343505859375 996.947082519531 997.649658203125 1006.56304931641 994.738037109375 998.849426269531 1001.23400878906 994.507141113281 997.759033203125 992.448791503906 993.96142578125 998.036437988281 999.216003417969 999.700561523438 1003.16540527344 997.894592285156 994.497009277344 1002.00616455078 1004.59448242188 1008.90032958984 1011.07867431641 1006.61431884766 1005.26721191406 1005.04846191406
970.305603027344 966.723754882812 971.880126953125 979.704711914062 986.846130371094 984.252380371094 986.671997070312 989.939453125 1001.97711181641 1006.53588867188 1015.81457519531 1019.12658691406 1015.54418945312 1017.33343505859 1015.96270751953 1011.52117919922 1022.34320068359 1018.97918701172 1016.18969726562 1015.20037841797 1011.25823974609 1010.87438964844 1002.55578613281 1002.34826660156 1006.58465576172 1000.35400390625 996.935424804688 1005.11901855469 1004.29357910156 999.142639160156 993.724853515625 988.828125 989.828918457031 993.879455566406 1002.44329833984 1002.82275390625 997.552612304688 1000.82897949219 998.155883789062 992.554992675781 1006.82965087891 1011.55029296875 1008.91259765625 1004.26531982422 1008.36309814453 1012.64514160156
977.147827148438 972.08251953125 978.875 978.964172363281 977.447570800781 987.100463867188 986.883605957031 984.55126953125 992.942016601562 1001.61029052734 1005.75787353516 1010.49688720703 1018.63293457031 1024.2646484375 1016.62524414062 1010.65454101562 1010.35162353516 1004.77239990234 1016.34783935547 1017.12042236328 1017.29437255859 1011.60717773438 1005.55627441406 1011.19091796875 1006.39288330078 1005.97613525391 1007.18011474609 1003.42535400391 1008.24658203125 1004.09008789062 999.785827636719 994.233825683594 1000.00256347656 1003.02325439453 1003.48620605469 1006.67901611328 1003.77612304688 1005.55651855469 999.965454101562 997.976684570312 1003.47534179688 1009.27172851562 1002.04486083984 1006.13012695312 1016.60510253906 1012.28216552734
975.595947265625 970.495666503906 978.25341796875 973.064453125 975.698913574219 978.232666015625 988.446960449219 989.183044433594 994.955383300781 999.499206542969 998.339538574219 1010.99597167969 1017.86059570312 1025.05114746094 1015.43060302734 1009.45208740234 1006.39886474609 1004.28216552734 1013.64422607422 1016.36614990234 1022.84460449219 1021.16491699219 1010.78649902344 1015.80755615234 1016.68481445312 1020.39117431641 1014.81420898438 1010.59197998047 1012.09484863281 1006.36138916016 1011.45611572266 1005.83502197266 998.103820800781 998.438659667969 1003.32666015625 1008.30755615234 997.809387207031 1008.36950683594 1001.82629394531 1000.86346435547 1000.46075439453 1002.40087890625 1004.78735351562 1004.68408203125 1017.22381591797 1021.18914794922
968.098876953125 971.222778320312 976.4697265625 979.070068359375 982.855712890625 986.796203613281 988.417358398438 994.01904296875 998.060974121094 999.411376953125 1015.75579833984 1017.28192138672 1019.69268798828 1016.20593261719 1008.99212646484 1004.57257080078 1011.57574462891 1016.26452636719 1022.73559570312 1020.64221191406 1023.38146972656 1025.4853515625 1016.55920410156 1016.84582519531 1016.10845947266 1022.81878662109 1019.15020751953 1023.17657470703 1013.62640380859 1011.58636474609 1014.525390625 1019.70532226562 1012.70050048828 1003.61254882812 1002.44744873047 1004.8486328125 1001.72027587891 1000.73779296875 1002.91430664062 1000.27661132812 994.058898925781 1006.23211669922 1005.64654541016 1007.50543212891 1016.76428222656 1019.71441650391
980.205383300781 977.200134277344 975.328369140625 981.062927246094 981.030456542969 985.330200195312 990.582824707031 999.195190429688 1005.74737548828 1004.15350341797 1015.45477294922 1023.44970703125 1026.88269042969 1021.48120117188 1017.1787109375 1009.41729736328 1007.60522460938 1008.00213623047 1021.65447998047 1018.89349365234 1023.71850585938 1029.49743652344 1022.00341796875 1018.94122314453 1023.46490478516 1027.42663574219 1021.35235595703 1024.81652832031 1023.30145263672 1012.65496826172 1023.79949951172 1023.18206787109 1016.37316894531 1009.26885986328 1002.6044921875 1009.15222167969 1000.09167480469 1004.49591064453 1001.76428222656 1006.80633544922 1002.20166015625 1001.69641113281 1001.56488037109 1017.11999511719 1020.04718017578 1023.04711914062
981.021911621094 982.605346679688 975.815063476562 981.041870117188 986.287109375 995.700866699219 1007.73999023438 1005.99908447266 1003.45556640625 1013.64654541016 1017.89453125 1015.29754638672 1028.26403808594 1024.04931640625 1016.14239501953 1012.79382324219 1013.78326416016 1013.17706298828 1011.78039550781 1017.99041748047 1021.7685546875 1031.08117675781 1027.23120117188 1025.64270019531 1023.93817138672 1030.25549316406 1028.49096679688 1029.32470703125 1027.29504394531 1022.17010498047 1015.25286865234 1012.71337890625 1016.62255859375 1009.68408203125 1012.27166748047 1007.86322021484 1000.45623779297 1001.54931640625 1009.98394775391 999.695495605469 1005.94122314453 1006.94561767578 1009.73547363281 1015.45288085938 1018.64935302734 1013.38232421875
