data/zlatibor_dem_simulations/DEMsim57.asc
NCOLS 150
NROWS 100
XLLCORNER 7394249
YLLCORNER 4841999
CELLSIZE 30
NODATA_VALUE -9999
[rows 40 to 59 of 100, columns 0 to 45 of 150]
950.824462890625 953.2099609375 959.54541015625 959.092224121094 960.976928710938 968.304138183594 963.653869628906 965.049621582031 964.262817382812 964.218872070312 968.062622070312 976.237915039062 966.975708007812 977.130432128906 978.091918945312 977.243896484375 980.821533203125 980.393310546875 979.518310546875 971.154663085938 968.006408691406 973.751953125 976.9794921875 976.328674316406 968.410461425781 963.924743652344 967.503295898438 972.638793945312 964.079040527344 977.788513183594 982.6494140625 977.524475097656 973.618225097656 971.227905273438 969.474182128906 978.196655273438 972.834533691406 975.53173828125 972.257751464844 967.703186035156 969.065002441406 974.223022460938 965.000671386719 974.116577148438 977.948547363281 960.382934570312
946.942077636719 949.060485839844 954.32666015625 952.581237792969 956.44677734375 960.107238769531 959.267944335938 966.363342285156 965.109008789062 959.16064453125 967.074584960938 978.826049804688 974.515747070312 985.575744628906 983.888122558594 979.927001953125 977.049377441406 976.877136230469 980.967224121094 979.248779296875 976.073120117188 975.089477539062 969.454528808594 971.793701171875 963.892150878906 961.7314453125 971.481140136719 973.403503417969 976.762878417969 966.820068359375 975.798156738281 971.869323730469 975.262023925781 979.178039550781 973.39990234375 973.685791015625 971.181762695312 978.573486328125 973.445739746094 974.295837402344 970.152099609375 970.498229980469 966.038818359375 964.698669433594 970.253234863281 968.052001953125
942.910827636719 950.322509765625 950.465209960938 953.352905273438 963.889953613281 959.091247558594 957.383422851562 960.338623046875 959.399841308594 963.703857421875 958.624877929688 967.62646484375 971.117919921875 978.296936035156 981.212219238281 992.435241699219 987.914794921875 984.450927734375 971.911987304688 976.539001464844 975.675476074219 977.140625 975.431457519531 969.002319335938 971.6220703125 966.185485839844 972.502563476562 979.426391601562 975.325988769531 974.147644042969 976.515625 969.5986328125 973.003479003906 972.216979980469 963.106323242188 970.660278320312 973.364074707031 978.207824707031 967.44189453125 980.369812011719 979.5263671875 973.775146484375 967.125183105469 963.635681152344 962.353637695312 966.339599609375
941.659362792969 942.788146972656 951.033325195312 955.714660644531 948.835510253906 955.897644042969 956.875915527344 957.138305664062 949.586120605469 953.050354003906 960.593627929688 966.562744140625 971.276428222656 975.072204589844 970.831787109375 980.859313964844 990.681213378906 990.744812011719 976.450500488281 974.226806640625 969.285217285156 976.870422363281 975.636657714844 975.778564453125 974.123291015625 965.454956054688 966.765075683594 967.256042480469 970.896606445312 970.298583984375 983.246276855469 975.783508300781 976.217407226562 970.392761230469 966.572265625 964.749938964844 972.41015625 975.522094726562 969.853820800781 981.374145507812 966.199584960938 970.395446777344 967.469055175781 963.090576171875 954.89013671875 963.739440917969
954.383056640625 953.228271484375 945.676940917969 961.9677734375 964.932800292969 963.865417480469 962.128601074219 965.5458984375 957.773254394531 952.632019042969 964.928466796875 967.216369628906 972.673461914062 972.450378417969 972.870727539062 984.38427734375 977.989074707031 970.692199707031 968.996948242188 972.405212402344 975.828979492188 975.791137695312 970.429077148438 973.980651855469 973.704956054688 973.036987304688 971.504943847656 972.052001953125 967.882995605469 978.788269042969 985.706848144531 973.588623046875 972.662353515625 965.946594238281 964.754821777344 965.537475585938 961.224243164062 972.003662109375 969.493774414062 985.048461914062 972.184753417969 970.031921386719 967.415100097656 965.883666992188 960.994873046875 961.929382324219
956.770690917969 957.669128417969 955.589904785156 958.996154785156 967.533752441406 962.614624023438 963.654296875 967.240478515625 968.02392578125 965.617919921875 963.175659179688 965.557189941406 967.914489746094 976.145385742188 978.468200683594 973.83740234375 976.42041015625 966.625366210938 969.616821289062 978.933288574219 976.608947753906 969.536865234375 964.81591796875 967.596252441406 963.287719726562 959.650207519531 966.849182128906 972.516906738281 967.586059570312 974.606689453125 982.303527832031 971.997192382812 972.315551757812 972.243286132812 957.838134765625 962.772033691406 966.835205078125 968.772705078125 974.670166015625 982.296142578125 977.853759765625 978.283142089844 968.326965332031 965.772827148438 966.563293457031 966.764526367188
950.527526855469 954.650207519531 959.326782226562 965.052856445312 961.037353515625 954.400207519531 959.869140625 968.9521484375 966.346374511719 970.996154785156 973.187744140625 970.8525390625 970.44677734375 982.211181640625 982.879516601562 977.754638671875 972.305786132812 970.391784667969 978.474853515625 981.259338378906 971.632873535156 970.948852539062 971.27734375 967.696716308594 969.308898925781 966.194396972656 960.418518066406 965.568420410156 959.434448242188 969.275634765625 974.661743164062 983.259704589844 974.722473144531 966.791564941406 966.120300292969 967.834411621094 970.366455078125 967.943725585938 964.744689941406 977.892883300781 977.697937011719 972.770812988281 967.471801757812 966.278259277344 963.965698242188 961.20361328125
942.548156738281 951.513916015625 966.285583496094 964.653381347656 957.349975585938 956.249328613281 970.387573242188 967.611938476562 968.599792480469 972.248046875 981.380798339844 985.951477050781 981.335693359375 970.510986328125 970.894104003906 974.115173339844 975.55859375 976.246276855469 973.165161132812 978.917053222656 969.658630371094 975.61083984375 968.580749511719 974.750610351562 967.042419433594 965.390747070312 962.668212890625 966.244079589844 965.641662597656 970.062438964844 971.936157226562 974.494873046875 972.90576171875 965.447204589844 970.465087890625 968.997192382812 971.592895507812 974.566345214844 967.690307617188 969.773376464844 972.4267578125 965.671875 969.23876953125 967.625366210938 961.184143066406 964.250244140625
954.104553222656 950.711242675781 960.945739746094 964.922607421875 956.132568359375 958.578979492188 964.338745117188 972.547058105469 966.129333496094 962.107055664062 975.933532714844 979.431274414062 975.952758789062 976.597412109375 966.167724609375 978.168151855469 974.0966796875 978.067504882812 975.617858886719 973.736145019531 971.626586914062 979.240600585938 970.465881347656 973.204345703125 967.570739746094 962.334289550781 967.242614746094 971.515686035156 968.16650390625 970.133544921875 964.823303222656 975.331665039062 969.651062011719 965.533874511719 978.828552246094 972.779602050781 968.905517578125 970.620971679688 957.906372070312 957.125305175781 968.998413085938 967.368957519531 956.272338867188 958.90771484375 961.413635253906 967.639587402344
955.868408203125 960.461791992188 964.108520507812 964.557006835938 956.957092285156 968.142150878906 960.71826171875 965.354553222656 966.350280761719 960.638122558594 970.631774902344 975.130798339844 968.14892578125 966.479431152344 974.007507324219 978.29638671875 974.912841796875 975.266357421875 969.094482421875 976.215270996094 971.871032714844 971.232482910156 973.209045410156 968.67529296875 969.677124023438 962.575866699219 962.055847167969 972.759216308594 966.730346679688 962.049987792969 967.639404296875 973.543762207031 983.199401855469 973.325439453125 975.3349609375 969.835754394531 964.997436523438 970.073669433594 960.791870117188 961.8447265625 958.252624511719 965.954162597656 960.874450683594 964.321472167969 961.060424804688 968.760803222656
952.733093261719 948.138610839844 957.976135253906 959.309265136719 961.495422363281 966.861572265625 965.950805664062 967.373046875 967.971435546875 963.649780273438 965.78271484375 977.95849609375 970.9443359375 967.154418945312 969.321105957031 977.161071777344 968.013916015625 965.249572753906 966.081909179688 972.119079589844 976.365112304688 972.057006835938 975.95263671875 967.060180664062 960.684936523438 965.761474609375 962.427490234375 972.724731445312 976.864013671875 972.1259765625 972.152648925781 975.051940917969 982.729370117188 981.460876464844 966.958435058594 963.882141113281 963.529968261719 961.476928710938 958.597900390625 960.426818847656 961.493041992188 966.828063964844 964.036926269531 957.218078613281 966.750244140625 971.908142089844
947.666809082031 949.635681152344 956.836059570312 960.958740234375 964.304260253906 965.205749511719 974.56494140625 967.647705078125 980.905029296875 970.2099609375 962.777709960938 965.668090820312 975.004699707031 973.692260742188 967.571228027344 966.500244140625 969.692260742188 971.604614257812 967.495788574219 968.294677734375 967.176696777344 970.375610351562 972.064453125 965.842163085938 962.285705566406 959.787231445312 959.884765625 965.671630859375 968.765258789062 973.097290039062 969.128601074219 972.485229492188 973.083129882812 973.411315917969 967.72509765625 964.320129394531 955.60546875 951.372924804688 960.439636230469 952.275634765625 956.748413085938 963.88525390625 964.310607910156 960.890930175781 967.427429199219 962.270324707031
957.116333007812 954.148620605469 952.097106933594 958.575927734375 972.836669921875 965.966735839844 977.684387207031 973.110473632812 973.995483398438 969.556213378906 977.914123535156 978.983764648438 977.390563964844 979.145080566406 973.876098632812 978.199096679688 971.563537597656 969.483581542969 966.648498535156 963.416809082031 970.214233398438 969.373718261719 961.976745605469 959.204895019531 959.866027832031 957.650634765625 962.390930175781 961.708801269531 961.613891601562 967.653991699219 971.084289550781 970.7412109375 958.415893554688 963.616516113281 963.303161621094 958.254577636719 958.285888671875 947.516357421875 958.121276855469 958.684753417969 955.91455078125 954.264038085938 960.477294921875 967.713989257812 961.572326660156 957.480529785156
961.225341796875 969.243774414062 963.446350097656 961.812561035156 970.776428222656 973.510314941406 976.949768066406 972.423095703125 966.599060058594 970.855712890625 973.384033203125 975.51611328125 980.7001953125 975.054931640625 972.535827636719 975.223083496094 969.794921875 969.954895019531 974.864929199219 973.704528808594 979.064453125 976.284606933594 967.040405273438 966.90869140625 963.698364257812 960.831787109375 966.804260253906 965.306274414062 964.528198242188 968.741821289062 973.965026855469 968.215515136719 961.875427246094 963.776123046875 966.242919921875 952.245788574219 951.782409667969 955.009460449219 955.602722167969 964.329345703125 957.993408203125 954.619750976562 953.759155273438 963.641479492188 958.425842285156 958.762817382812
963.740539550781 966.606628417969 973.412780761719 978.394226074219 973.395935058594 980.533935546875 981.294006347656 973.885803222656 968.033813476562 973.474304199219 973.046020507812 970.564758300781 976.624938964844 972.516357421875 975.182189941406 965.614440917969 966.400329589844 974.392883300781 972.199523925781 973.976806640625 967.154357910156 960.506958007812 959.520751953125 960.7978515625 964.947570800781 967.067810058594 973.571411132812 964.109252929688 971.44580078125 964.835083007812 967.583679199219 962.325500488281 965.318481445312 970.866638183594 966.381774902344 956.881958007812 957.038452148438 959.401123046875 956.175415039062 959.026977539062 962.507263183594 957.271606445312 958.147033691406 953.305358886719 952.71142578125 955.774719238281
956.658203125 968.287170410156 973.32275390625 967.694458007812 976.211853027344 979.118957519531 977.49609375 970.827941894531 967.292297363281 968.197387695312 969.84130859375 973.4814453125 973.642578125 974.063598632812 967.977722167969 966.640014648438 967.786193847656 970.169921875 969.720764160156 963.728393554688 955.238891601562 953.843566894531 948.017822265625 956.324279785156 967.337951660156 971.799865722656 969.766357421875 967.970275878906 968.037658691406 973.095642089844 964.711059570312 959.663208007812 960.235717773438 963.097717285156 963.170837402344 963.021911621094 967.067199707031 961.535400390625 966.599670410156 962.052124023438 961.498962402344 952.427856445312 958.10693359375 959.194702148438 954.5693359375 954.858093261719
962.760375976562 964.380004882812 967.174072265625 969.03125 969.15478515625 974.150695800781 970.963806152344 969.096801757812 970.156066894531 971.860595703125 975.791748046875 981.442199707031 979.995361328125 975.474487304688 970.134521484375 964.552001953125 972.180847167969 973.398742675781 966.41357421875 956.168884277344 952.225402832031 949.807922363281 940.643432617188 952.806457519531 965.341125488281 969.313903808594 967.545227050781 963.145263671875 967.060119628906 975.037475585938 959.696960449219 955.7529296875 960.013305664062 965.034423828125 963.386291503906 962.664367675781 964.418151855469 965.781433105469 962.950134277344 953.324340820312 953.028015136719 951.879272460938 953.353332519531 959.7451171875 962.523803710938 956.901184082031
969.474487304688 966.548217773438 968.961791992188 966.773315429688 972.669860839844 978.788757324219 970.70654296875 972.973083496094 975.002502441406 976.721008300781 974.634826660156 974.295227050781 976.633178710938 972.261657714844 976.211975097656 972.176635742188 978.462951660156 975.48095703125 970.052856445312 964.370300292969 955.000549316406 950.523620605469 946.820556640625 948.872802734375 956.802734375 956.876708984375 957.427062988281 952.47802734375 955.251342773438 963.883850097656 958.469848632812 956.9482421875 957.574768066406 968.949645996094 963.867553710938 958.627807617188 961.622924804688 964.265197753906 953.027099609375 954.402709960938 954.04541015625 966.461975097656 957.943603515625 955.059814453125 958.015869140625 955.280639648438
974.233520507812 974.440856933594 968.210144042969 968.999694824219 979.236022949219 980.905334472656 979.344482421875 973.211303710938 982.63720703125 970.325805664062 966.570068359375 971.091674804688 968.104125976562 965.473083496094 965.742797851562 974.890319824219 977.199645996094 977.487060546875 972.696533203125 968.499267578125 964.939392089844 951.23486328125 944.454406738281 941.1044921875 947.740173339844 956.429748535156 953.197814941406 939.808776855469 941.738220214844 953.337585449219 957.151611328125 956.078674316406 956.053771972656 963.47021484375 956.724426269531 953.945922851562 951.406921386719 955.193359375 949.861083984375 940.181335449219 958.586730957031 956.025390625 955.621765136719 946.125183105469 947.241271972656 944.538330078125
980.046936035156 978.667846679688 979.979187011719 967.751403808594 964.209228515625 976.76123046875 969.720764160156 976.287780761719 980.104370117188 970.426025390625 960.163696289062 965.166015625 967.459045410156 963.022521972656 960.844360351562 968.999267578125 965.993896484375 981.180969238281 973.839172363281 958.438842773438 958.544616699219 944.892822265625 947.484680175781 941.52587890625 946.478332519531 943.960632324219 944.210998535156 941.982116699219 946.903015136719 952.085998535156 964.746520996094 953.074096679688 953.671691894531 956.090698242188 950.740478515625 942.720092773438 952.84130859375 958.163879394531 958.763122558594 957.433166503906 952.158996582031 960.282592773438 957.021362304688 951.744934082031 945.139404296875 948.735046386719
