data/zlatibor_dem_simulations/DEMsim65 (1).asc
NCOLS 150
NROWS 100
XLLCORNER 7394249
YLLCORNER 4841999
CELLSIZE 30
NODATA_VALUE -9999
[rows 60 to 79 of 100, columns 0 to 45 of 150]
946.068908691406 959.137268066406 962.516845703125 966.869873046875 968.604064941406 972.959289550781 967.70361328125 962.60107421875 961.794616699219 964.118835449219 957.428833007812 959.039001464844 961.650573730469 965.452575683594 956.793518066406 955.046691894531 962.775512695312 958.444213867188 955.261535644531 957.750122070312 957.7490234375 950.326599121094 943.321838378906 933.017578125 937.655517578125 940.49658203125 943.100158691406 945.905700683594 948.2236328125 951.032592773438 949.756225585938 954.846923828125 958.540344238281 950.645935058594 957.630249023438 950.741760253906 955.201965332031 951.052551269531 956.344665527344 953.574462890625 956.882934570312 960.32958984375 956.106750488281 958.787841796875 956.32763671875 958.890808105469
943.222351074219 960.801513671875 963.712036132812 971.642944335938 973.59375 974.899475097656 972.097595214844 966.223327636719 956.549499511719 959.370849609375 955.948913574219 956.500915527344 959.906372070312 958.820129394531 950.674255371094 959.594787597656 957.488037109375 949.804016113281 950.800354003906 954.783569335938 946.756225585938 948.134338378906 948.725280761719 940.983276367188 937.395629882812 926.540954589844 925.024230957031 942.541442871094 947.855712890625 951.905090332031 946.291381835938 953.880004882812 953.252014160156 950.048645019531 946.729675292969 949.621032714844 954.130187988281 954.629577636719 962.379028320312 956.859802246094 955.506103515625 957.894226074219 955.095092773438 960.09814453125 955.943664550781 949.7880859375
942.123840332031 958.522705078125 960.500549316406 973.326232910156 970.186401367188 975.197082519531 970.285461425781 969.503662109375 961.622009277344 966.410034179688 956.986022949219 963.087097167969 958.934814453125 956.032958984375 953.568542480469 955.211303710938 952.690063476562 955.204040527344 951.529602050781 949.507629394531 951.179626464844 951.253601074219 945.549926757812 938.33447265625 925.310119628906 928.587646484375 922.128234863281 939.357788085938 944.431030273438 939.235290527344 945.433166503906 947.087707519531 946.8740234375 951.855773925781 949.787414550781 952.005249023438 954.189270019531 959.450134277344 956.370178222656 959.145324707031 960.927551269531 959.878723144531 948.135498046875 955.700134277344 951.887329101562 951.007995605469
950.085144042969 953.600463867188 966.335510253906 963.147583007812 967.822998046875 970.047302246094 959.32275390625 963.412231445312 962.296142578125 953.776916503906 958.694641113281 961.738037109375 953.354736328125 958.48876953125 946.554016113281 946.952453613281 955.557250976562 950.62646484375 953.719604492188 951.650634765625 944.796203613281 951.752502441406 942.612976074219 943.628601074219 941.937683105469 936.647155761719 935.131103515625 939.294128417969 944.581176757812 944.404479980469 948.500244140625 950.890075683594 946.820678710938 956.552185058594 957.264343261719 956.487060546875 952.533813476562 950.4990234375 949.894409179688 952.527526855469 956.311706542969 954.257202148438 944.243103027344 948.897521972656 951.191772460938 950.743896484375
951.922546386719 955.458190917969 949.639099121094 957.717590332031 960.993835449219 959.015319824219 963.778564453125 960.366027832031 949.514465332031 949.175354003906 945.132995605469 946.25830078125 944.549682617188 946.961669921875 946.722534179688 942.488586425781 939.475524902344 950.141967773438 942.57861328125 939.448486328125 943.000305175781 941.849548339844 950.321166992188 948.924011230469 942.4853515625 942.142761230469 937.945251464844 939.604309082031 949.953735351562 954.182250976562 954.01611328125 948.84228515625 944.22509765625 945.995727539062 945.114624023438 951.675964355469 948.940551757812 953.705932617188 948.213134765625 951.028503417969 955.267761230469 951.616516113281 964.337097167969 953.818237304688 949.908508300781 946.724670410156
959.062133789062 944.317443847656 951.113159179688 955.561584472656 961.156982421875 968.019287109375 955.955688476562 944.806274414062 936.143859863281 934.006469726562 938.387756347656 932.911193847656 938.788146972656 945.233032226562 943.954467773438 947.423156738281 938.159973144531 941.99169921875 947.559997558594 943.518859863281 942.674926757812 941.904052734375 939.470886230469 943.9375 943.763000488281 945.145263671875 947.894897460938 943.039611816406 945.972778320312 955.045593261719 957.222045898438 952.154479980469 962.293151855469 948.421875 947.154174804688 951.269287109375 951.876403808594 957.548034667969 960.07080078125 958.352294921875 952.422790527344 955.004211425781 962.668701171875 959.316833496094 954.6845703125 954.802368164062
949.618896484375 946.935302734375 954.560607910156 951.559204101562 959.481567382812 954.15380859375 947.628295898438 946.007019042969 941.831481933594 931.033020019531 929.200317382812 924.132385253906 926.779113769531 940.235412597656 939.802124023438 945.490783691406 954.095458984375 939.426147460938 943.131896972656 943.6337890625 941.924072265625 941.096130371094 948.650695800781 948.565185546875 953.127136230469 957.156005859375 956.948303222656 950.09033203125 950.009155273438 954.347717285156 956.064025878906 960.578735351562 958.927734375 952.62060546875 947.459716796875 946.634033203125 952.199584960938 964.078796386719 972.902770996094 974.001220703125 958.534790039062 956.3984375 955.516479492188 963.26123046875 962.415222167969 959.876953125
954.836608886719 952.704467773438 956.99951171875 954.971862792969 955.890197753906 946.755737304688 943.502746582031 937.192016601562 939.989440917969 929.6376953125 929.846862792969 931.560546875 923.569091796875 932.208862304688 931.799011230469 936.0478515625 941.033203125 946.141845703125 953.880737304688 954.071166992188 945.891052246094 948.331787109375 957.65625 958.743041992188 955.974792480469 963.068115234375 957.601013183594 945.598571777344 953.948608398438 958.094482421875 966.065063476562 961.196716308594 958.938293457031 946.780090332031 949.555114746094 952.611022949219 950.482299804688 957.952392578125 975.0029296875 974.693664550781 964.513977050781 962.139953613281 962.24169921875 964.549133300781 971.197814941406 969.924255371094
956.055236816406 967.167785644531 962.072814941406 954.848693847656 949.180725097656 948.267150878906 943.524475097656 943.492126464844 941.034362792969 937.943664550781 933.55029296875 936.129272460938 938.939697265625 935.681091308594 938.384155273438 944.852844238281 949.499450683594 958.100708007812 953.16845703125 955.388122558594 956.679016113281 964.227905273438 966.718017578125 964.802062988281 955.916320800781 963.2587890625 958.26416015625 951.77587890625 957.460144042969 964.465270996094 967.496276855469 958.5849609375 956.8173828125 949.767150878906 943.103088378906 955.778076171875 960.095886230469 963.509155273438 967.470642089844 983.775451660156 967.342712402344 970.563232421875 962.459289550781 964.392456054688 976.875061035156 976.224548339844
959.289489746094 956.6826171875 965.042785644531 952.200073242188 940.576416015625 937.901916503906 936.216186523438 947.049743652344 942.139038085938 942.943420410156 945.950012207031 944.851257324219 943.768798828125 937.891479492188 948.3984375 943.96533203125 956.822570800781 962.875549316406 962.010192871094 966.009521484375 972.900268554688 967.079223632812 966.193969726562 962.936157226562 961.145141601562 956.045593261719 952.857055664062 955.294311523438 963.063598632812 962.404357910156 966.310974121094 949.040283203125 953.619873046875 947.479370117188 956.609680175781 959.276977539062 956.598571777344 968.214599609375 964.187255859375 975.091735839844 970.150146484375 970.365478515625 968.112426757812 973.705139160156 982.781433105469 986.790466308594
954.422180175781 955.024475097656 957.75732421875 951.745849609375 935.919189453125 926.975646972656 931.588134765625 940.842041015625 948.559631347656 953.567260742188 959.286926269531 951.895202636719 950.1826171875 952.852233886719 958.021850585938 956.020202636719 963.3583984375 961.720642089844 965.786193847656 968.169921875 969.54345703125 964.471984863281 958.6279296875 954.999450683594 951.944396972656 962.713073730469 969.696472167969 955.058349609375 961.077087402344 964.454345703125 960.659729003906 957.668823242188 958.367309570312 962.920227050781 969.393859863281 970.049438476562 972.222778320312 970.471923828125 971.111633300781 976.401611328125 967.894287109375 968.459228515625 965.275512695312 975.638244628906 980.893127441406 977.301330566406
948.996520996094 955.877380371094 950.378784179688 942.599426269531 940.294372558594 932.572998046875 934.175537109375 946.571411132812 943.290466308594 957.66357421875 961.584899902344 958.393676757812 956.804931640625 965.818725585938 964.489318847656 968.58642578125 967.727966308594 966.053649902344 973.017822265625 973.410949707031 972.022583007812 968.063354492188 961.588623046875 959.205688476562 955.578247070312 956.740295410156 960.904479980469 957.025573730469 954.647216796875 960.06884765625 959.461303710938 965.791687011719 974.851196289062 968.888977050781 977.550476074219 975.225219726562 976.249938964844 974.270446777344 967.561889648438 973.916931152344 971.092346191406 975.26611328125 965.923889160156 978.64111328125 985.975524902344 988.875
959.664611816406 960.910583496094 948.065368652344 949.555541992188 949.031860351562 943.478759765625 934.880187988281 936.28466796875 949.803405761719 962.302795410156 974.273681640625 963.070190429688 967.69775390625 967.737426757812 970.217041015625 969.920593261719 973.865539550781 973.669311523438 982.204406738281 973.496520996094 979.134582519531 979.718994140625 967.155395507812 963.040771484375 956.785705566406 953.680541992188 957.805297851562 946.660034179688 952.768249511719 968.302978515625 977.486511230469 973.509399414062 987.181030273438 976.428833007812 977.414306640625 980.666564941406 972.853820800781 969.066772460938 974.720458984375 978.459777832031 980.395629882812 982.681030273438 981.392272949219 982.276428222656 988.753479003906 997.368713378906
950.545593261719 954.28076171875 941.714965820312 946.441955566406 937.236694335938 935.470947265625 935.208435058594 931.964904785156 938.597412109375 953.643920898438 956.860412597656 962.848876953125 968.805358886719 970.540222167969 977.653259277344 981.280029296875 979.751403808594 982.921752929688 980.592041015625 978.940734863281 984.67333984375 986.298461914062 968.595275878906 965.728942871094 960.600830078125 961.696411132812 958.264099121094 951.81640625 954.724975585938 967.426635742188 976.417053222656 978.185729980469 978.658630371094 978.867797851562 968.989440917969 979.434936523438 971.763061523438 978.508483886719 982.059631347656 982.600952148438 982.414306640625 984.81689453125 996.97607421875 988.939514160156 994.044860839844 994.106262207031
954.481018066406 951.553527832031 940.314270019531 932.728698730469 926.10400390625 938.850280761719 942.744506835938 941.321350097656 941.541870117188 949.647766113281 962.919372558594 964.374816894531 968.048217773438 968.00537109375 979.866149902344 981.213317871094 985.427429199219 983.440368652344 977.298095703125 978.093994140625 973.908386230469 975.448669433594 975.244262695312 959.623229980469 963.46533203125 962.620178222656 968.361755371094 967.051513671875 962.794555664062 966.093383789062 976.0830078125 975.94775390625 975.547790527344 971.037719726562 961.194152832031 967.334411621094 972.022705078125 980.170654296875 984.494506835938 984.23095703125 988.528259277344 985.437255859375 998.865966796875 1000.02783203125 998.688903808594 1007.63989257812
942.346069335938 946.991088867188 940.42333984375 932.880920410156 928.815490722656 932.63720703125 949.091491699219 939.545227050781 948.378845214844 959.129272460938 959.925537109375 974.483581542969 972.752014160156 979.284423828125 981.370483398438 991.583923339844 984.787902832031 990.97265625 984.983337402344 981.07177734375 983.048889160156 983.537536621094 978.760864257812 970.367980957031 965.728759765625 971.484069824219 970.25830078125 966.771057128906 972.491760253906 968.250061035156 967.688049316406 976.822021484375 978.718200683594 968.783081054688 959.548828125 964.611572265625 975.081787109375 978.109313964844 990.122924804688 999.240478515625 1001.16461181641 995.414123535156 1003.65631103516 1004.69818115234 1009.25323486328 1005.50396728516
937.416381835938 942.353637695312 941.377502441406 931.828857421875 929.566955566406 931.047180175781 935.805236816406 932.79052734375 943.658447265625 958.639770507812 964.979614257812 969.83154296875 969.866882324219 975.801879882812 978.545349121094 992.813293457031 979.888671875 982.295959472656 987.03515625 993.383239746094 983.716979980469 983.873291015625 981.303833007812 971.249694824219 977.220275878906 972.883972167969 967.52392578125 963.093994140625 964.969055175781 972.298645019531 971.739868164062 965.273193359375 979.756591796875 979.08740234375 963.690307617188 973.87451171875 979.312561035156 986.152099609375 988.894897460938 1001.29949951172 1007.5087890625 1004.25695800781 998.810913085938 999.124145507812 1003.82849121094 1007.62725830078
938.701965332031 942.646728515625 944.504638671875 933.897033691406 932.715698242188 933.612243652344 932.074279785156 939.546813964844 946.6748046875 949.495544433594 961.114135742188 967.660217285156 971.305358886719 972.64794921875 983.896179199219 984.257019042969 976.756713867188 985.598999023438 984.218688964844 990.591064453125 995.855163574219 988.282836914062 992.895690917969 989.353515625 979.341369628906 977.983215332031 976.119995117188 971.292236328125 973.790405273438 965.673217773438 968.169677734375 972.709228515625 975.790222167969 979.126342773438 972.343566894531 979.443969726562 980.953918457031 985.539672851562 997.018859863281 990.456970214844 999.256896972656 1001.95379638672 1000.77178955078 1001.43035888672 1005.28192138672 1013.98150634766
947.762390136719 947.248168945312 930.759948730469 937.795104980469 931.207763671875 934.707397460938 939.097229003906 938.311889648438 943.271240234375 955.8134765625 959.574096679688 967.414123535156 975.53076171875 970.612060546875 978.875305175781 973.494812011719 973.016906738281 982.227905273438 981.990234375 992.856689453125 993.997741699219 1001.48419189453 1002.82733154297 992.999267578125 990.433471679688 985.943969726562 991.811462402344 985.554565429688 981.3232421875 975.471313476562 976.334838867188 976.801330566406 977.296142578125 985.144287109375 980.725158691406 974.746032714844 989.394958496094 1000.88012695312 999.139709472656 988.959899902344 998.782958984375 1003.45831298828 998.580993652344 1002.28753662109 1009.57067871094 1009.58502197266
955.15625 949.731140136719 942.515380859375 936.695007324219 935.179016113281 938.684997558594 941.001037597656 939.803039550781 943.174926757812 951.402709960938 953.038818359375 964.367370605469 977.260192871094 974.625244140625 974.347778320312 977.874816894531 970.706726074219 974.8125 985.068664550781 997.796997070312 999.892578125 996.037231445312 996.812561035156 997.930236816406 990.458435058594 991.896850585938 993.201965332031 989.074462890625 990.513793945312 980.072692871094 979.011901855469 981.653015136719 974.696472167969 980.870422363281 980.710144042969 984.653198242188 986.469848632812 995.301574707031 1000.21545410156 987.645874023438 994.300842285156 996.472534179688 1001.11499023438 1001.93084716797 1013.28405761719 1015.84289550781
