data/zlatibor_dem_simulations/DEMsim74 (1).asc
NCOLS 150
NROWS 100
XLLCORNER 7394249
YLLCORNER 4841999
CELLSIZE 30
NODATA_VALUE -9999
[rows 40 to 59 of 100, columns 92 to 137 of 150]
983.882202148438 986.712951660156 992.509887695312 986.581787109375 997.426574707031 993.900085449219 995.409545898438 994.407287597656 993.016296386719 994.378784179688 1001.66143798828 997.46142578125 993.47412109375 993.866943359375 991.229614257812 985.643249511719 990.851867675781 998.106262207031 996.435424804688 994.018188476562 988.672058105469 993.290100097656 988.181762695312 994.88671875 994.799499511719 996.567260742188 1002.74780273438 1005.30560302734 1006.64282226562 1003.98846435547 1002.88299560547 1003.15502929688 995.272766113281 997.312194824219 1007.12493896484 1014.19610595703 1019.34716796875 1032.45471191406 1038.13952636719 1032.31359863281 1033.09558105469 1043.15014648438 1045.69873046875 1047.84545898438 1054.02758789062 1067.57189941406
992.961303710938 981.609375 983.106506347656 989.3994140625 990.886657714844 993.129455566406 998.4404296875 987.345886230469 992.246704101562 989.849304199219 993.739624023438 996.805603027344 988.943054199219 988.186157226562 983.692443847656 983.282165527344 981.315551757812 985.556335449219 989.889831542969 984.030456542969 992.063781738281 999.873352050781 990.280700683594 1002.07183837891 997.8876953125 999.12109375 999.548828125 992.340942382812 1000.89514160156 997.647521972656 999.740783691406 998.364501953125 996.145935058594 1008.26647949219 1017.30737304688 1007.73394775391 1022.37054443359 1031.65100097656 1037.13891601562 1041.08959960938 1049.056640625 1052.84802246094 1050.05944824219 1046.302734375 1057.51257324219 1066.54211425781
987.782348632812 987.813415527344 980.051940917969 978.809509277344 987.21875 990.759826660156 994.20654296875 1001.17120361328 983.001770019531 984.322692871094 977.927368164062 983.254333496094 985.177429199219 984.517395019531 978.158325195312 990.045227050781 983.232849121094 985.189819335938 991.945251464844 983.591369628906 988.538146972656 989.601440429688 995.213989257812 999.132873535156 1000.00463867188 995.201721191406 993.499206542969 990.261840820312 994.181030273438 997.956420898438 1006.8544921875 1001.91558837891 1010.03442382812 1010.20922851562 1016.52954101562 1017.05023193359 1020.83666992188 1032.93359375 1032.98474121094 1039.66088867188 1050.765625 1061.78479003906 1054.35827636719 1052.57849121094 1056.27807617188 1070.68273925781
988.827880859375 988.809814453125 985.814697265625 986.37841796875 984.293029785156 989.215087890625 987.965881347656 987.151062011719 984.161376953125 987.888549804688 989.263244628906 977.331848144531 977.854248046875 980.786865234375 982.00732421875 991.7880859375 986.728393554688 988.540771484375 985.065124511719 986.989990234375 989.550903320312 990.403198242188 991.208312988281 993.157531738281 1000.19207763672 997.860595703125 1001.48583984375 987.750793457031 992.844116210938 987.95947265625 996.789367675781 998.653625488281 1013.15875244141 1004.78332519531 1008.13555908203 1021.42211914062 1024.23046875 1033.69873046875 1042.86962890625 1051.41833496094 1057.21240234375 1053.55554199219 1056.83557128906 1051.57592773438 1057.62951660156 1071.32788085938
978.01220703125 982.324340820312 978.104614257812 983.962036132812 986.066772460938 988.617919921875 989.216918945312 991.0126953125 982.952758789062 983.7138671875 986.331787109375 983.094482421875 979.296081542969 982.945678710938 995.814453125 995.223571777344 993.437744140625 995.446594238281 994.535095214844 986.497680664062 990.848937988281 984.946960449219 991.292358398438 1001.76599121094 1006.26702880859 1002.68151855469 999.397705078125 999.004089355469 1006.60522460938 1006.15075683594 996.990234375 997.347961425781 1013.03234863281 1010.23522949219 1017.19976806641 1017.603515625 1023.21185302734 1031.93505859375 1043.16333007812 1049.52282714844 1053.55822753906 1061.50769042969 1056.83544921875 1053.84020996094 1059.34777832031 1079.4345703125
970.269653320312 966.994079589844 973.803955078125 977.749877929688 981.1640625 987.024169921875 983.5263671875 974.853515625 980.769104003906 977.065612792969 982.772766113281 986.401977539062 981.53076171875 984.916687011719 989.452819824219 1000.02087402344 1001.26422119141 1006.54064941406 998.930053710938 994.221740722656 993.636779785156 993.606018066406 995.474609375 999.145812988281 1013.34753417969 1004.19445800781 1007.41717529297 998.649169921875 1000.20037841797 1009.89666748047 1011.12756347656 1006.11437988281 1010.42712402344 1018.68188476562 1022.99047851562 1011.24572753906 1023.41583251953 1026.79541015625 1034.31616210938 1042.388671875 1053.5625 1065.66137695312 1058.72802734375 1058.908203125 1061.33471679688 1069.58923339844
967.515380859375 973.696105957031 967.5263671875 971.1142578125 974.506225585938 984.681945800781 985.023254394531 983.444702148438 980.462036132812 982.901916503906 978.567321777344 989.276245117188 993.352661132812 996.809997558594 1003.12194824219 997.491027832031 994.161254882812 1002.9404296875 1002.53210449219 1004.55114746094 996.220520019531 1002.6337890625 997.114624023438 1004.35235595703 1015.24011230469 1003.27038574219 1004.83758544922 995.807373046875 1003.18914794922 1012.35955810547 1015.41973876953 1011.70678710938 1016.25262451172 1028.29028320312 1031.95141601562 1023.54718017578 1024.42541503906 1030.83715820312 1037.83862304688 1045.04113769531 1055.1953125 1064.66259765625 1071.42346191406 1067.61218261719 1068.70458984375 1076.11584472656
982.189331054688 978.957763671875 973.891418457031 967.971313476562 964.947326660156 977.199829101562 986.805419921875 983.308898925781 973.678161621094 982.0908203125 983.336791992188 984.265991210938 989.716064453125 1002.11047363281 998.095703125 991.044677734375 1001.53759765625 1000.91802978516 995.09814453125 995.99853515625 1005.35375976562 1005.90747070312 1008.994140625 1005.25262451172 1010.85821533203 1012.53302001953 1006.05194091797 1001.72540283203 1003.21423339844 1009.35241699219 1018.18908691406 1015.24743652344 1021.58532714844 1022.67712402344 1020.87084960938 1022.09692382812 1031.84130859375 1029.17980957031 1041.92272949219 1050.17956542969 1062.39587402344 1066.20874023438 1076.76159667969 1069.52661132812 1073.0791015625 1075.95568847656
980.544067382812 982.326293945312 976.134765625 967.818237304688 961.083862304688 976.194580078125 976.577270507812 977.065856933594 975.164855957031 985.779602050781 987.547546386719 990.489440917969 990.5908203125 987.947998046875 997.05322265625 994.178100585938 1000.48876953125 1002.06732177734 996.099792480469 992.776672363281 1000.1962890625 1000.08752441406 1010.44982910156 1005.5390625 1013.28930664062 1008.45428466797 1002.57489013672 1000.07513427734 1012.46105957031 1011.06658935547 1018.20709228516 1021.97155761719 1025.66271972656 1020.08813476562 1023.11761474609 1030.13818359375 1035.90368652344 1041.14770507812 1049.53515625 1051.85815429688 1066.013671875 1080.81188964844 1076.20031738281 1075.95104980469 1077.25646972656 1077.24877929688
975.826049804688 976.403076171875 974.08544921875 961.250854492188 958.1669921875 971.054016113281 973.025512695312 973.513305664062 980.471313476562 978.0986328125 989.006591796875 979.059509277344 989.848327636719 991.684753417969 996.682495117188 993.974304199219 993.631652832031 998.787109375 989.774597167969 987.574096679688 996.679626464844 1002.943359375 1001.92987060547 1002.03936767578 1006.4873046875 1007.00811767578 999.304931640625 1003.24560546875 1007.22235107422 1017.05078125 1025.45629882812 1028.54284667969 1034.56396484375 1032.82690429688 1027.62243652344 1033.53601074219 1036.86962890625 1039.49987792969 1044.65466308594 1052.53503417969 1063.873046875 1074.39855957031 1080.69116210938 1082.97790527344 1077.21704101562 1079.11535644531
972.416015625 974.477600097656 969.736022949219 961.085021972656 959.581359863281 965.61328125 976.344787597656 974.273864746094 971.911865234375 981.377990722656 984.908264160156 981.820068359375 979.10107421875 984.943481445312 982.142578125 980.729919433594 991.008178710938 998.719482421875 989.998474121094 986.314331054688 997.610961914062 999.936096191406 993.217834472656 994.53759765625 998.731872558594 995.579895019531 998.708190917969 1002.45715332031 1013.44024658203 1019.12384033203 1024.73046875 1035.66296386719 1039.35693359375 1031.06530761719 1022.48681640625 1032.01782226562 1030.32104492188 1030.73718261719 1043.38366699219 1058.83850097656 1067.5703125 1072.70971679688 1082.73229980469 1089.11608886719 1082.04345703125 1091.67370605469
978.594970703125 977.685668945312 971.714599609375 970.710815429688 953.484985351562 965.638916015625 975.000671386719 978.341369628906 975.644653320312 978.919128417969 992.643249511719 986.816040039062 982.29443359375 975.519165039062 978.858459472656 983.354553222656 988.721557617188 995.687683105469 983.898254394531 999.824768066406 995.665466308594 999.085083007812 994.617553710938 996.695617675781 999.632995605469 999.575622558594 998.187744140625 1003.44067382812 1014.72595214844 1018.44311523438 1024.37731933594 1032.33959960938 1034.85729980469 1027.22485351562 1038.93969726562 1040.07702636719 1040.60693359375 1039.37097167969 1042.81555175781 1059.32653808594 1067.40625 1079.24633789062 1087.16540527344 1078.48278808594 1090.95922851562 1091.13635253906
972.751770019531 973.274963378906 971.149230957031 970.96240234375 965.799560546875 973.207214355469 973.906433105469 971.990966796875 971.997253417969 978.686401367188 988.0068359375 987.485534667969 981.124328613281 981.450378417969 976.675415039062 986.035278320312 986.099487304688 997.799743652344 991.518493652344 992.462036132812 994.989440917969 998.396850585938 990.236022949219 992.373962402344 999.061584472656 996.804077148438 1004.74212646484 1017.87249755859 1015.30377197266 1016.93798828125 1014.41375732422 1025.42333984375 1035.75207519531 1029.10583496094 1030.79150390625 1035.94055175781 1033.35412597656 1042.35913085938 1049.13293457031 1053.84448242188 1068.00500488281 1085.13256835938 1084.99792480469 1079.52368164062 1087.55810546875 1091.84704589844
969.412902832031 976.09130859375 979.574523925781 971.3720703125 970.91455078125 969.740234375 971.70361328125 972.786926269531 967.523803710938 977.556884765625 981.023254394531 972.100463867188 973.853515625 980.020690917969 981.303771972656 986.382568359375 985.863159179688 983.96875 992.18798828125 987.367980957031 991.334533691406 994.514282226562 1003.29644775391 996.661437988281 997.164245605469 991.400512695312 1003.76013183594 1015.22009277344 1006.44311523438 1009.43865966797 1013.12084960938 1018.865234375 1021.75372314453 1024.42822265625 1033.89233398438 1037.29638671875 1030.88134765625 1040.20324707031 1039.30249023438 1053.90173339844 1065.55639648438 1075.76196289062 1086.86999511719 1090.8251953125 1089.39990234375 1089.42956542969
968.143493652344 973.641784667969 974.559692382812 970.322875976562 970.402038574219 971.268737792969 967.828186035156 973.370300292969 970.19091796875 974.971557617188 966.6162109375 971.829406738281 969.508605957031 976.151184082031 978.039428710938 979.570190429688 982.86328125 981.228271484375 987.654541015625 990.401306152344 991.075317382812 1003.26721191406 994.31103515625 995.738159179688 987.845458984375 991.528625488281 1000.41735839844 1013.92956542969 1002.70379638672 1007.96051025391 1010.55767822266 1014.15234375 1025.99719238281 1019.59954833984 1027.23498535156 1030.52685546875 1041.24145507812 1047.47338867188 1049.58325195312 1064.10791015625 1067.10180664062 1076.05639648438 1084.09741210938 1095.83728027344 1095.802734375 1087.5380859375
969.497802734375 966.867126464844 970.373168945312 962.295654296875 971.211608886719 973.563415527344 974.94677734375 977.978881835938 982.746032714844 969.825012207031 956.311889648438 965.00439453125 971.299560546875 967.930725097656 972.032348632812 969.2890625 969.363403320312 981.733032226562 991.215209960938 987.191772460938 993.328979492188 985.819030761719 992.658996582031 985.124389648438 992.015258789062 990.674926757812 1002.71734619141 1011.44073486328 998.858703613281 1006.59417724609 999.015258789062 1015.0068359375 1011.40911865234 1019.22027587891 1027.58459472656 1033.5078125 1045.47351074219 1043.75024414062 1051.173828125 1049.8486328125 1063.27331542969 1076.81726074219 1087.57922363281 1099.09924316406 1093.44030761719 1088.93041992188
970.360656738281 961.517333984375 964.850341796875 967.509582519531 971.146118164062 973.8125 989.577697753906 979.520141601562 970.705017089844 972.761352539062 969.380187988281 970.175964355469 977.491760253906 967.982116699219 970.807922363281 971.754089355469 980.624450683594 989.028930664062 999.441955566406 995.932495117188 994.959777832031 988.491760253906 978.802612304688 988.166564941406 989.859069824219 1003.78363037109 998.556335449219 1003.26708984375 1006.04864501953 1007.55169677734 1006.5849609375 1010.74761962891 1003.04962158203 1011.45831298828 1020.03350830078 1031.45251464844 1042.65539550781 1046.91723632812 1054.46313476562 1055.8759765625 1059.90209960938 1076.94006347656 1087.96887207031 1101.32055664062 1096.24645996094 1087.86401367188
966.962036132812 961.899658203125 973.947082519531 979.880798339844 980.602966308594 980.032470703125 983.143859863281 977.711975097656 975.990539550781 975.370910644531 974.057312011719 982.831726074219 984.424438476562 984.870178222656 983.949279785156 981.457641601562 980.100219726562 982.467468261719 991.659912109375 987.182250976562 984.224060058594 985.644165039062 986.887329101562 991.370971679688 994.028991699219 1009.01684570312 995.029113769531 993.954528808594 990.38232421875 995.861633300781 1005.39361572266 1001.06256103516 998.457641601562 1005.77886962891 1026.43078613281 1036.43298339844 1041.53564453125 1055.85632324219 1059.50866699219 1060.07275390625 1065.45178222656 1078.10168457031 1093.89123535156 1087.90026855469 1085.31457519531 1082.00122070312
965.725341796875 965.216796875 970.722229003906 977.567626953125 973.346435546875 979.609680175781 986.091186523438 973.601684570312 977.327819824219 982.193725585938 976.014343261719 978.634521484375 983.890991210938 993.227355957031 990.195007324219 988.470703125 988.445373535156 987.762634277344 992.961853027344 997.865966796875 994.290283203125 994.346069335938 997.496459960938 998.741088867188 1002.46154785156 1001.67565917969 998.312561035156 995.281616210938 993.284973144531 992.635498046875 992.611572265625 991.004272460938 1003.18048095703 1007.85455322266 1018.90112304688 1032.31506347656 1051.70336914062 1060.54382324219 1066.98217773438 1070.755859375 1070.39587402344 1075.39636230469 1079.8896484375 1081.55700683594 1075.76342773438 1079.61010742188
961.440612792969 966.069580078125 967.259033203125 970.797912597656 967.253967285156 973.825622558594 971.537536621094 979.192138671875 973.201171875 985.183776855469 979.647888183594 977.56494140625 979.805603027344 987.9853515625 991.739990234375 998.320922851562 998.892150878906 1000.16412353516 1000.51544189453 1002.27380371094 994.686950683594 1010.77752685547 1006.08557128906 1007.88336181641 1008.3798828125 1007.32757568359 1002.48431396484 997.738342285156 995.928283691406 998.544860839844 997.003845214844 1002.78735351562 1010.04632568359 1012.95501708984 1023.39294433594 1035.08911132812 1044.0576171875 1057.99377441406 1060.71557617188 1065.08239746094 1066.55017089844 1067.19873046875 1074.12170410156 1077.9931640625 1068.38146972656 1068.97619628906
