data/zlatibor_dem_simulations/DEMsim90.asc
NCOLS 150
NROWS 100
XLLCORNER 7394249
YLLCORNER 4841999
CELLSIZE 30
NODATA_VALUE -9999
[rows 0 to 19 of 100, columns 46 to 91 of 150]
976.545837402344 973.408752441406 973.649475097656 968.275024414062 958.002624511719 957.946533203125 946.642517089844 939.749267578125 938.211303710938 931.501281738281 923.943969726562 915.457336425781 924.085510253906 924.044860839844 930.052062988281 925.742797851562 918.973327636719 901.502502441406 897.016174316406 894.896301269531 894.211791992188 899.0498046875 901.681335449219 906.038696289062 926.074768066406 941.240173339844 943.824462890625 946.456909179688 948.39013671875 948.633117675781 965.0751953125 966.633056640625 958.373840332031 955.373291015625 955.409973144531 971.362731933594 966.607543945312 967.125122070312 963.914184570312 956.787780761719 949.841613769531 940.171081542969 939.980407714844 945.332580566406 939.570434570312 927.437683105469
976.0517578125 971.186340332031 973.697204589844 970.953247070312 961.433532714844 955.325317382812 942.167541503906 947.696105957031 943.275451660156 932.182800292969 934.434875488281 931.463500976562 930.162536621094 934.154418945312 933.794189453125 927.975708007812 921.912780761719 915.125671386719 905.055541992188 900.698608398438 893.333740234375 904.48095703125 904.111694335938 922.413696289062 941.481201171875 942.98876953125 945.505310058594 955.770385742188 950.355346679688 961.538940429688 960.1767578125 973.2060546875 971.603820800781 967.963439941406 968.718688964844 975.065551757812 974.670776367188 978.521667480469 978.037780761719 960.739624023438 947.128662109375 942.07373046875 939.960754394531 939.638854980469 942.795715332031 936.870666503906
980.102478027344 979.723327636719 974.234313964844 972.639038085938 966.147888183594 954.557373046875 943.160339355469 943.557739257812 947.9599609375 943.793273925781 940.430053710938 940.766357421875 940.600891113281 937.679748535156 946.395446777344 930.236694335938 928.027954101562 918.3486328125 924.409790039062 912.600524902344 915.232849121094 911.697509765625 912.56201171875 928.027526855469 937.858337402344 944.405944824219 946.875671386719 957.767211914062 964.211120605469 965.699951171875 975.431823730469 979.618957519531 979.325622558594 983.312866210938 982.673889160156 985.056518554688 985.160888671875 980.118225097656 977.93017578125 964.361328125 957.937744140625 945.322631835938 948.931335449219 940.622619628906 942.311828613281 941.097229003906
989.327514648438 989.125610351562 986.881958007812 984.504943847656 972.376708984375 954.361633300781 951.862976074219 949.569580078125 952.499389648438 947.0712890625 945.871459960938 941.42431640625 943.763427734375 939.87548828125 939.429565429688 934.476501464844 938.136474609375 928.416198730469 931.91064453125 926.645751953125 932.615356445312 929.390380859375 931.734497070312 931.864929199219 941.923950195312 943.77783203125 951.424621582031 956.756591796875 967.644653320312 979.986999511719 985.471008300781 988.021728515625 996.987548828125 987.103515625 1000.65075683594 996.223510742188 992.072082519531 986.766540527344 981.60986328125 973.513732910156 966.416625976562 958.967346191406 953.321594238281 945.457885742188 942.478210449219 934.982116699219
985.454528808594 989.160583496094 982.68017578125 980.132934570312 974.08837890625 965.061462402344 959.039123535156 960.918090820312 960.706665039062 952.994873046875 949.6259765625 951.991455078125 950.096435546875 943.782653808594 939.005615234375 945.44873046875 938.5029296875 941.416564941406 938.098022460938 942.06396484375 945.698669433594 940.834777832031 947.117004394531 949.246520996094 950.052001953125 946.912780761719 955.583190917969 956.852416992188 963.96240234375 974.317138671875 983.763244628906 993.102233886719 998.1591796875 1009.19927978516 1007.93273925781 998.759094238281 1000.28735351562 988.037475585938 979.143798828125 988.120788574219 974.340637207031 967.445678710938 948.190612792969 944.270690917969 942.619140625 931.572998046875
987.53515625 988.010070800781 988.054931640625 975.405395507812 970.987670898438 970.163391113281 970.168273925781 978.5966796875 973.575012207031 956.240539550781 960.655639648438 960.21923828125 961.90234375 966.367980957031 958.482299804688 950.358215332031 959.435363769531 951.937561035156 953.771362304688 959.655639648438 960.352844238281 954.963989257812 961.054016113281 951.334716796875 960.785827636719 964.208251953125 956.787719726562 963.604248046875 966.938781738281 974.596008300781 981.880249023438 995.826293945312 1009.16076660156 1019.45861816406 1019.96411132812 1021.85601806641 1014.81072998047 999.961059570312 985.644958496094 981.485778808594 969.530456542969 960.984008789062 954.9306640625 945.581359863281 940.872497558594 940.354797363281
993.842346191406 989.468017578125 988.832153320312 981.448364257812 982.800476074219 983.097839355469 994.0068359375 991.146850585938 990.858825683594 974.368041992188 967.8408203125 972.017150878906 980.449462890625 983.721374511719 977.031799316406 969.116943359375 964.112121582031 969.497741699219 971.369140625 969.650085449219 965.222412109375 961.964904785156 960.133605957031 965.012451171875 967.297424316406 976.271545410156 965.627868652344 971.596801757812 973.431274414062 978.384033203125 988.059143066406 998.563232421875 1019.44061279297 1028.81298828125 1018.37097167969 1021.38684082031 1021.24395751953 1010.36004638672 1002.26135253906 996.800048828125 981.475769042969 966.189758300781 958.264404296875 953.031860351562 944.063903808594 939.911682128906
996.483825683594 998.013549804688 995.40283203125 995.849609375 987.389404296875 993.366821289062 993.103698730469 999.735534667969 996.176330566406 995.342651367188 987.894836425781 985.649597167969 993.355102539062 1001.97784423828 991.187133789062 978.700134277344 976.279602050781 971.764038085938 975.080200195312 977.708984375 977.059020996094 980.365295410156 969.1005859375 980.246520996094 980.526794433594 975.743225097656 980.410095214844 979.783874511719 977.642761230469 983.019409179688 995.135375976562 1013.60845947266 1019.38446044922 1024.32067871094 1027.93688964844 1022.29553222656 1017.58374023438 1016.07464599609 1009.67004394531 990.138244628906 982.196350097656 975.912170410156 953.955383300781 943.849060058594 939.125122070312 936.850402832031
998.691833496094 1004.07061767578 1004.38934326172 1001.04046630859 997.369995117188 1006.34478759766 1005.18499755859 1002.48095703125 1005.8525390625 1010.83551025391 1004.09313964844 1005.06256103516 1000.43298339844 1004.65936279297 995.314514160156 989.873596191406 985.493530273438 997.283447265625 987.089233398438 987.413696289062 993.722961425781 985.122619628906 978.826293945312 979.724731445312 988.637390136719 992.449951171875 995.380432128906 984.412109375 983.562072753906 985.9052734375 1010.23291015625 1015.99102783203 1024.6552734375 1028.81457519531 1019.89221191406 1015.66973876953 1022.05572509766 1018.8984375 1007.39135742188 992.280517578125 979.869079589844 964.634338378906 947.631652832031 941.369689941406 942.112548828125 948.519409179688
1007.212890625 1008.62823486328 1004.56811523438 997.035827636719 1003.75073242188 1008.44146728516 1007.86877441406 1008.27770996094 1010.32446289062 1012.30047607422 1011.08245849609 1017.07580566406 1012.20782470703 1003.03466796875 1004.04992675781 1000.32330322266 998.844604492188 1008.89044189453 991.491821289062 993.711486816406 995.483215332031 991.822692871094 989.066040039062 985.599060058594 991.350524902344 1007.46783447266 1008.19348144531 1003.15313720703 1003.28283691406 1008.88610839844 1012.265625 1026.7314453125 1029.330078125 1027.26318359375 1023.64068603516 1025.32568359375 1024.53381347656 1021.61529541016 1009.31170654297 1000.53771972656 984.724853515625 975.120422363281 951.57275390625 938.343688964844 936.656188964844 941.186401367188
1008.72424316406 1009.70892333984 1001.95452880859 993.728820800781 994.884460449219 1005.70916748047 1005.84466552734 1007.94244384766 1011.41479492188 1019.70111083984 1022.12628173828 1021.17144775391 1016.31011962891 1019.68811035156 1015.28094482422 995.075378417969 999.52734375 1005.12762451172 999.844909667969 992.464050292969 1000.52728271484 991.580200195312 983.554504394531 993.294982910156 1002.84149169922 1014.47698974609 1009.88189697266 1014.93438720703 1007.95434570312 1016.46636962891 1011.65502929688 1015.14038085938 1027.06127929688 1019.91925048828 1024.16809082031 1032.12133789062 1029.14501953125 1017.54119873047 1011.71112060547 1012.33422851562 995.352416992188 976.855712890625 968.721069335938 948.945922851562 944.192993164062 936.03173828125
1011.88604736328 1014.94500732422 1007.34478759766 1001.66986083984 1004.24468994141 1003.38623046875 1005.19671630859 1004.53234863281 1011.51751708984 1013.19860839844 1020.60815429688 1013.03350830078 1014.99035644531 1020.84704589844 1019.55615234375 1016.08166503906 1001.94702148438 1006.76300048828 1005.03619384766 1001.33923339844 996.16845703125 999.804565429688 996.636535644531 1004.3125 1012.07025146484 1012.00769042969 1013.25958251953 1022.64086914062 1021.94799804688 1011.72357177734 1024.19384765625 1020.86614990234 1025.02331542969 1031.9736328125 1026.23266601562 1030.09265136719 1017.17645263672 1020.24432373047 1012.91571044922 1004.86627197266 993.839416503906 985.549438476562 965.945068359375 952.800231933594 948.414611816406 944.615112304688
1021.75073242188 1015.52288818359 1010.49987792969 1007.56964111328 1014.61767578125 1018.68566894531 1016.29058837891 1009.50927734375 1019.69934082031 1021.61047363281 1018.79992675781 1024.86608886719 1013.72680664062 1016.22784423828 1018.73864746094 1012.30456542969 1005.45983886719 999.825927734375 1002.69140625 1004.73565673828 1010.34533691406 1004.7080078125 994.736572265625 1004.84124755859 1008.14801025391 1000.50201416016 1016.54266357422 1024.13037109375 1015.48767089844 1029.22119140625 1026.02673339844 1028.26098632812 1033.1826171875 1023.59197998047 1034.11401367188 1025.41967773438 1020.09545898438 1019.88018798828 1020.41723632812 1010.43353271484 996.144714355469 989.201965332031 973.126098632812 953.462341308594 948.702392578125 939.344482421875
1026.36889648438 1011.18566894531 1010.11431884766 1007.92132568359 1018.91333007812 1011.09417724609 1007.45465087891 1006.65863037109 1022.44934082031 1022.41204833984 1017.05114746094 1019.64282226562 1016.31072998047 1017.73370361328 1015.25061035156 1017.27215576172 1010.74652099609 1006.48254394531 1009.74884033203 1013.03228759766 1013.19500732422 1003.95263671875 999.164428710938 1005.97802734375 1001.7353515625 1001.76446533203 1010.92895507812 1027.23327636719 1019.64422607422 1032.28442382812 1031.39855957031 1028.97998046875 1025.90051269531 1018.16058349609 1029.05688476562 1035.59875488281 1026.32678222656 1020.14465332031 1013.76300048828 1014.63775634766 1002.98889160156 990.681640625 976.058410644531 955.931396484375 951.146362304688 939.048400878906
1029.42590332031 1023.90600585938 1012.77783203125 1008.46942138672 1004.837890625 1005.001953125 1004.93884277344 1003.64862060547 1007.59039306641 1012.91906738281 1016.23223876953 1017.84130859375 1010.84875488281 1014.03210449219 1010.44104003906 1021.17803955078 1025.29992675781 1016.52502441406 1014.75634765625 1013.40936279297 1019.82244873047 1015.32708740234 1011.66870117188 999.403930664062 993.60107421875 994.403503417969 1006.88806152344 1019.44342041016 1031.85827636719 1026.55810546875 1022.09008789062 1033.70141601562 1033.78833007812 1024.39611816406 1035.970703125 1037.57543945312 1024.12780761719 1020.95275878906 1008.19952392578 1009.43737792969 1001.67474365234 982.666198730469 973.274475097656 965.570983886719 948.09326171875 950.955871582031
1029.13000488281 1029.27893066406 1019.79547119141 1014.57171630859 1008.99456787109 1008.29260253906 1005.57806396484 1002.03851318359 1008.54565429688 1013.95501708984 1022.67010498047 1013.35217285156 1005.953125 1014.63134765625 1023.39196777344 1024.97729492188 1022.95886230469 1017.72454833984 1018.36553955078 1013.74633789062 1017.74462890625 1019.08209228516 1013.93054199219 1007.12707519531 998.25048828125 1006.99578857422 1016.96057128906 1024.34167480469 1040.87475585938 1034.55322265625 1019.52429199219 1030.41687011719 1030.84716796875 1031.03857421875 1036.26293945312 1032.25817871094 1025.66845703125 1018.53497314453 1016.03979492188 1003.37451171875 1002.92449951172 994.154357910156 980.680541992188 960.76220703125 949.675415039062 950.520690917969
1025.89892578125 1021.98822021484 1016.23510742188 1020.30010986328 1009.40093994141 999.125061035156 1004.51690673828 1003.5458984375 1018.31903076172 1013.39154052734 1005.58935546875 1005.07562255859 1001.4658203125 1009.66784667969 1026.4375 1033.42395019531 1025.68237304688 1028.15295410156 1014.19750976562 1023.64617919922 1020.10168457031 1027.17492675781 1018.64147949219 1009.14318847656 1008.27722167969 1013.07604980469 1026.05615234375 1034.80285644531 1035.05310058594 1040.11474609375 1029.62780761719 1029.37145996094 1026.22473144531 1028.53430175781 1036.47631835938 1036.36791992188 1029.54821777344 1029.1591796875 1017.63946533203 1006.98181152344 1005.67291259766 992.451599121094 984.930541992188 974.864074707031 962.349670410156 956.044250488281
1022.94342041016 1020.12847900391 1021.03100585938 1014.49896240234 1001.78955078125 1004.71405029297 996.279541015625 1008.75610351562 1020.91271972656 1005.97930908203 995.985656738281 994.58251953125 997.621643066406 1006.48986816406 1015.22711181641 1019.98370361328 1025.34033203125 1022.78594970703 1026.01416015625 1024.15222167969 1030.89233398438 1017.48529052734 1018.41357421875 1013.45739746094 1014.30059814453 1022.12390136719 1030.10778808594 1033.43078613281 1031.04223632812 1032.37817382812 1027.13317871094 1026.67541503906 1021.71832275391 1022.67608642578 1031.1669921875 1037.22802734375 1023.60748291016 1022.57330322266 1005.55181884766 994.742553710938 1008.34832763672 1003.65356445312 990.954711914062 984.704711914062 978.69677734375 972.805541992188
1020.25433349609 1027.11218261719 1014.48895263672 1000.15539550781 1004.98321533203 1003.310546875 999.732604980469 1003.29626464844 1013.81774902344 1004.60583496094 999.171997070312 998.13525390625 1004.77923583984 1004.68395996094 1013.48132324219 1016.42895507812 1015.01348876953 1023.16107177734 1024.07739257812 1024.14990234375 1021.53674316406 1023.12353515625 1026.48156738281 1023.75079345703 1020.38323974609 1018.47833251953 1018.10217285156 1020.36303710938 1024.84045410156 1019.40380859375 1015.74517822266 1020.66369628906 1024.45629882812 1016.74987792969 1018.17431640625 1023.03521728516 1016.01403808594 1012.10540771484 1012.94207763672 997.98974609375 1006.54663085938 1005.71148681641 1005.43786621094 992.225830078125 989.216674804688 982.721801757812
1024.71203613281 1017.91241455078 1012.03753662109 1010.17828369141 1013.09442138672 1011.92028808594 1007.17193603516 1003.01550292969 999.215515136719 1003.98931884766 997.27880859375 1002.56695556641 1000.60095214844 1005.81707763672 1017.64007568359 1018.34991455078 1021.06640625 1020.03509521484 1019.49487304688 1020.82727050781 1027.92687988281 1029.90869140625 1024.16027832031 1018.04418945312 1017.70324707031 1022.46673583984 1021.07592773438 1020.76898193359 1015.22052001953 1014.75396728516 1010.44299316406 1013.79266357422 1024.53076171875 1015.9970703125 1011.03472900391 1013.79534912109 1010.21795654297 1009.30230712891 1014.00323486328 1001.60760498047 1003.85241699219 999.402404785156 1004.62628173828 993.840270996094 990.710510253906 992.914245605469
