data/zlatibor_dem_simulations/DEMsim26.asc
NCOLS 150
NROWS 100
XLLCORNER 7394249
YLLCORNER 4841999
CELLSIZE 30
NODATA_VALUE -9999
[rows 60 to 79 of 100, columns 0 to 45 of 150]
967.562683105469 970.217834472656 978.3330078125 970.950134277344 974.664733886719 965.7041015625 962.97265625 967.649658203125 966.273254394531 956.250915527344 955.632263183594 955.121887207031 960.0498046875 957.708190917969 954.341857910156 964.292541503906 964.061401367188 963.917602539062 959.976257324219 954.760559082031 955.2841796875 963.318908691406 963.198425292969 957.634521484375 965.304382324219 959.172546386719 939.726135253906 949.693359375 953.847839355469 954.353149414062 967.14306640625 959.580200195312 959.274658203125 947.474243164062 956.349365234375 954.89208984375 952.48974609375 945.073974609375 952.538879394531 949.287414550781 940.646728515625 946.298828125 944.724792480469 948.645202636719 953.103393554688 956.227355957031
970.780212402344 964.423400878906 965.076232910156 965.062927246094 964.911193847656 963.371154785156 961.243103027344 969.427307128906 958.125671386719 956.575073242188 960.221130371094 962.788269042969 957.380676269531 963.364318847656 957.306701660156 949.842407226562 957.910949707031 960.15380859375 953.048767089844 953.399780273438 953.385070800781 960.235717773438 955.307556152344 954.047607421875 963.845336914062 946.719421386719 935.454956054688 943.568359375 949.822265625 957.435668945312 965.500732421875 961.689208984375 950.878845214844 954.573181152344 953.128723144531 950.017333984375 944.262817382812 947.021850585938 954.624755859375 953.110290527344 941.335144042969 945.332458496094 947.202270507812 949.432678222656 950.152038574219 945.564208984375
962.858276367188 965.41845703125 962.142578125 968.481750488281 964.6279296875 966.864807128906 965.16552734375 967.359008789062 962.659057617188 962.280029296875 957.014892578125 957.474609375 955.571594238281 952.086547851562 944.335998535156 951.384887695312 959.438293457031 956.241394042969 951.534729003906 954.973083496094 945.225646972656 952.898132324219 955.346069335938 951.398193359375 939.82373046875 937.056518554688 933.653442382812 940.220092773438 954.716979980469 963.077026367188 958.369201660156 958.485656738281 956.404052734375 954.768798828125 947.041076660156 942.186828613281 945.375732421875 950.634521484375 952.797424316406 956.295654296875 940.593078613281 942.679809570312 944.24658203125 939.762268066406 948.43115234375 945.8408203125
963.499145507812 971.406616210938 968.716674804688 957.970153808594 964.648071289062 968.360595703125 959.481018066406 956.269958496094 955.922119140625 951.110046386719 955.515747070312 964.076965332031 956.590576171875 955.266723632812 950.532470703125 949.697021484375 950.92626953125 945.902526855469 949.943054199219 946.192321777344 949.737182617188 945.936096191406 948.361450195312 941.3017578125 936.769287109375 939.151184082031 939.916320800781 942.111328125 947.758544921875 952.605224609375 945.455261230469 953.215087890625 953.364624023438 947.61279296875 949.011962890625 946.234313964844 952.797485351562 952.776184082031 954.555358886719 950.945922851562 950.731994628906 948.970153808594 947.15576171875 941.400939941406 942.665771484375 947.286926269531
960.409606933594 957.067138671875 958.037902832031 954.873229980469 957.379577636719 953.254821777344 950.311340332031 954.305969238281 949.189453125 945.502746582031 948.313049316406 944.550903320312 950.0400390625 949.753173828125 944.775390625 947.935791015625 947.823852539062 942.927368164062 947.062744140625 949.952575683594 943.678894042969 945.172058105469 946.308837890625 941.593994140625 942.036193847656 941.546203613281 945.018493652344 940.611938476562 941.278198242188 943.937622070312 946.639465332031 956.207336425781 949.052917480469 950.134704589844 950.261535644531 953.239562988281 957.644592285156 965.151428222656 956.914428710938 951.402465820312 949.718139648438 948.466552734375 946.708312988281 950.628662109375 955.595092773438 944.162963867188
956.813903808594 952.59375 955.175170898438 953.364074707031 950.398132324219 952.889831542969 950.024108886719 940.89794921875 947.739624023438 950.131042480469 940.945861816406 940.478637695312 952.049926757812 949.607055664062 945.748901367188 943.625915527344 945.949584960938 945.261962890625 945.277954101562 953.03955078125 945.453369140625 940.242309570312 940.189697265625 940.74951171875 943.755310058594 941.774169921875 940.967712402344 949.619812011719 941.992309570312 949.292236328125 951.216552734375 955.116821289062 952.270446777344 949.018005371094 948.249755859375 958.377990722656 959.742004394531 965.170593261719 964.032470703125 957.227966308594 952.976379394531 956.423034667969 962.105163574219 951.325866699219 961.748779296875 962.725158691406
956.509094238281 957.456787109375 954.034423828125 953.992736816406 946.802978515625 960.298767089844 955.843688964844 953.817565917969 941.466003417969 946.179016113281 944.326293945312 950.400268554688 958.017944335938 950.906005859375 942.473999023438 947.597106933594 944.355407714844 941.944213867188 949.272338867188 954.571594238281 943.851745605469 938.186645507812 946.191955566406 940.176330566406 939.918212890625 940.757995605469 944.072204589844 954.857177734375 957.234130859375 951.255249023438 953.778747558594 956.272888183594 951.356750488281 951.947143554688 949.87060546875 960.592895507812 958.807434082031 955.950378417969 959.952453613281 959.946228027344 953.051635742188 954.843078613281 958.059020996094 956.16845703125 964.8984375 964.406677246094
966.771728515625 956.683471679688 951.023986816406 950.744873046875 946.425903320312 944.801635742188 950.942199707031 943.6572265625 945.880249023438 939.461120605469 944.332153320312 944.767211914062 953.738647460938 955.1826171875 946.880981445312 944.954956054688 949.130065917969 948.026306152344 946.728942871094 955.913269042969 949.950134277344 949.355834960938 954.473022460938 950.500366210938 945.139587402344 940.670654296875 942.9462890625 953.415344238281 958.404602050781 957.342224121094 957.721069335938 958.085388183594 954.715087890625 951.478637695312 949.914245605469 956.756896972656 964.480529785156 960.180969238281 953.223510742188 954.655090332031 948.432556152344 961.923034667969 953.83935546875 951.249877929688 957.463562011719 965.365173339844
966.782470703125 968.679443359375 955.180786132812 947.769409179688 949.351745605469 950.284484863281 949.617858886719 946.847595214844 947.518127441406 941.9345703125 946.492370605469 936.393676757812 947.672790527344 944.314880371094 938.65283203125 942.738586425781 945.305847167969 948.327758789062 954.155151367188 948.02001953125 950.558654785156 950.525817871094 952.543579101562 950.74267578125 947.123718261719 950.055908203125 955.148559570312 956.012329101562 961.715515136719 960.487060546875 957.025268554688 958.042785644531 947.919860839844 951.916198730469 953.784729003906 952.882629394531 966.523193359375 966.341430664062 968.669250488281 964.661010742188 955.320861816406 962.468627929688 962.99951171875 956.238830566406 953.708190917969 965.164184570312
964.626403808594 957.709228515625 949.601989746094 946.508239746094 944.855590820312 944.54052734375 949.776306152344 943.213806152344 938.308959960938 940.236511230469 950.233093261719 945.183410644531 938.180725097656 940.357360839844 941.948425292969 945.621826171875 943.849792480469 954.792297363281 948.961608886719 945.533142089844 958.680053710938 964.235961914062 967.2880859375 954.743225097656 954.266479492188 955.401184082031 956.227600097656 961.354919433594 959.912536621094 961.69384765625 956.959716796875 952.824035644531 954.805908203125 952.926940917969 954.00927734375 961.81689453125 960.681579589844 965.351867675781 970.459838867188 969.477722167969 963.442687988281 964.68896484375 967.854370117188 970.861389160156 980.037231445312 977.003601074219
954.426940917969 957.712463378906 944.846252441406 954.183776855469 950.643127441406 943.062133789062 937.090637207031 941.063171386719 942.7666015625 948.572692871094 945.056518554688 949.775085449219 952.817016601562 946.534851074219 954.27001953125 954.890075683594 948.629821777344 948.927917480469 963.140380859375 969.085876464844 971.379089355469 972.230651855469 970.808166503906 958.30322265625 960.595275878906 952.0654296875 963.264404296875 960.455139160156 961.233032226562 957.702819824219 953.718994140625 961.75732421875 959.253784179688 960.3271484375 958.068237304688 967.844116210938 960.845336914062 971.092712402344 966.888488769531 963.380310058594 957.526916503906 957.22802734375 970.449462890625 981.302490234375 986.046997070312 997.476013183594
955.389892578125 953.746948242188 944.373352050781 944.698181152344 935.602172851562 940.747741699219 941.652160644531 941.015319824219 946.31103515625 937.602844238281 951.54931640625 946.862426757812 949.279541015625 949.01318359375 956.226684570312 955.779296875 959.083923339844 960.94482421875 967.474060058594 964.148864746094 961.883544921875 959.590759277344 967.474853515625 960.178894042969 952.468078613281 952.210388183594 955.55078125 957.943969726562 961.176940917969 962.817565917969 953.460571289062 957.590698242188 956.772033691406 964.411682128906 970.843139648438 966.865478515625 974.936950683594 977.545104980469 967.722717285156 960.490112304688 966.597595214844 967.73291015625 973.100341796875 976.894287109375 987.12451171875 995.771362304688
946.72802734375 944.930969238281 941.3134765625 936.928039550781 933.536682128906 932.997741699219 942.251220703125 940.82373046875 941.704650878906 945.335632324219 941.156616210938 945.728271484375 954.25146484375 955.659301757812 962.051208496094 960.69140625 966.173461914062 963.512329101562 973.943054199219 961.142028808594 961.840576171875 961.206970214844 966.460998535156 971.52490234375 960.6435546875 955.833679199219 957.23486328125 953.596862792969 958.668579101562 960.940612792969 959.97998046875 963.128967285156 960.271606445312 962.459594726562 976.276062011719 975.231628417969 979.25390625 979.454956054688 975.58447265625 981.674682617188 969.128295898438 969.705139160156 975.90576171875 979.527709960938 992.834594726562 998.487060546875
936.092590332031 936.523010253906 937.146179199219 934.773498535156 926.39306640625 929.094665527344 932.989379882812 939.313171386719 940.823364257812 940.853576660156 935.303039550781 949.837646484375 962.441589355469 967.978393554688 976.566345214844 973.714172363281 967.983093261719 963.652954101562 976.2333984375 974.055603027344 969.719970703125 962.947082519531 970.195190429688 972.480590820312 971.703674316406 969.0322265625 960.842468261719 964.319763183594 960.414672851562 957.967102050781 957.50439453125 960.138732910156 962.625549316406 969.061279296875 976.13720703125 967.35595703125 970.162902832031 979.302734375 983.799377441406 981.886169433594 988.133666992188 986.051391601562 991.267272949219 987.990783691406 995.14013671875 982.425659179688
930.768981933594 935.124816894531 934.87890625 933.054443359375 927.96435546875 930.401916503906 934.248962402344 933.953918457031 936.736145019531 931.216857910156 934.483276367188 943.890075683594 962.483337402344 972.929565429688 980.612670898438 978.315795898438 978.626220703125 972.976867675781 971.790466308594 977.380798339844 972.827941894531 969.114807128906 976.903747558594 980.205627441406 980.852478027344 971.473327636719 968.568237304688 975.039978027344 966.246215820312 962.244201660156 957.286010742188 967.893676757812 969.930419921875 975.755249023438 975.627380371094 973.100036621094 987.680297851562 983.412658691406 988.544738769531 992.207885742188 999.724487304688 1000.58093261719 998.047424316406 1000.40338134766 990.587890625 986.514038085938
934.515441894531 930.134887695312 937.494567871094 932.065063476562 931.757202148438 933.182739257812 929.443603515625 933.624877929688 931.000549316406 932.377014160156 936.669799804688 955.707946777344 965.470703125 979.172119140625 981.145690917969 979.004272460938 978.712097167969 970.555236816406 972.593139648438 977.353271484375 976.358947753906 979.642944335938 977.7705078125 983.148010253906 973.3583984375 971.880859375 983.00244140625 989.533081054688 986.392761230469 974.407531738281 976.004577636719 976.578918457031 979.788024902344 972.223999023438 979.445617675781 979.39111328125 978.653381347656 986.288452148438 998.785766601562 1006.14233398438 1006.02294921875 1012.37640380859 1016.29302978516 1007.91412353516 1011.04724121094 1004.57843017578
933.747985839844 928.310302734375 932.114379882812 945.855041503906 936.422790527344 934.763305664062 926.956176757812 932.268493652344 941.417114257812 943.117065429688 948.338806152344 949.607666015625 961.756530761719 972.491760253906 975.155151367188 975.614379882812 974.167663574219 974.4833984375 978.934143066406 982.137939453125 990.271484375 989.224182128906 990.211791992188 985.191467285156 986.581176757812 986.497619628906 988.752746582031 985.32666015625 989.5517578125 980.009399414062 985.044555664062 980.244384765625 972.932983398438 975.31982421875 972.262756347656 977.885986328125 989.115600585938 990.386413574219 998.362976074219 1004.72143554688 1013.92230224609 1016.75500488281 1015.24932861328 1021.51226806641 1013.07751464844 1012.15631103516
937.257934570312 928.988708496094 937.043884277344 934.728820800781 934.773010253906 931.745727539062 930.233581542969 934.107849121094 939.0966796875 945.240844726562 951.629150390625 956.909118652344 964.559326171875 977.430053710938 977.576538085938 982.5048828125 975.590026855469 975.928039550781 978.193420410156 978.593444824219 982.824401855469 991.823669433594 992.154602050781 998.976135253906 995.920532226562 989.424133300781 990.252685546875 981.177429199219 981.899169921875 977.993896484375 983.153381347656 976.190002441406 981.776428222656 985.189819335938 974.772277832031 990.882751464844 988.170288085938 995.240051269531 999.138122558594 1012.52325439453 1016.01593017578 1022.84875488281 1018.3779296875 1015.96807861328 1015.98022460938 1014.3994140625
942.446594238281 936.765319824219 941.969421386719 933.506103515625 938.172912597656 931.278198242188 927.150024414062 938.584716796875 942.306640625 943.963256835938 945.154174804688 963.953002929688 967.715698242188 976.934753417969 967.643005371094 978.671997070312 973.974060058594 983.903076171875 973.570861816406 981.378784179688 991.627563476562 992.635864257812 999.725036621094 1000.16595458984 1002.73468017578 994.824645996094 993.844299316406 992.309875488281 981.950622558594 980.414794921875 984.619506835938 979.558837890625 981.636291503906 980.552368164062 985.211181640625 979.517150878906 992.517578125 1001.89825439453 1005.78582763672 1006.34204101562 1016.25689697266 1016.57855224609 1000.30609130859 1003.04516601562 1001.10089111328 1010.88360595703
947.796325683594 952.67529296875 950.084716796875 947.016418457031 938.614013671875 936.808532714844 935.988464355469 936.863159179688 942.313415527344 946.725952148438 953.11279296875 971.237243652344 974.5673828125 978.8115234375 971.715148925781 975.771484375 967.163940429688 974.98681640625 972.722961425781 974.087707519531 979.478149414062 987.010009765625 995.7177734375 1003.32641601562 998.85693359375 999.272399902344 987.607238769531 986.965026855469 986.880310058594 980.446838378906 983.413879394531 980.120178222656 983.010498046875 984.335144042969 980.913513183594 985.277282714844 989.072448730469 1002.74700927734 1004.4462890625 1002.60766601562 999.264709472656 1002.55798339844 1000.45599365234 1000.98474121094 1002.04064941406 1001.90173339844
