data/zlatibor_dem_simulations/DEMsim50.asc
NCOLS 150
NROWS 100
XLLCORNER 7394249
YLLCORNER 4841999
CELLSIZE 30
NODATA_VALUE -9999
[rows 20 to 39 of 100, columns 92 to 137 of 150]
982.715576171875 987.482727050781 990.148498535156 991.795776367188 990.863464355469 1000.56097412109 1001.56219482422 990.226989746094 993.28271484375 995.476623535156 995.257019042969 995.930847167969 1003.49011230469 1005.62829589844 994.17626953125 993.3603515625 988.041809082031 976.104125976562 967.117004394531 946.279479980469 949.192504882812 938.815124511719 935.205383300781 944.152282714844 937.246276855469 935.354187011719 935.544677734375 952.421875 972.058410644531 979.53955078125 982.263793945312 988.560607910156 992.52490234375 1000.14111328125 1009.42633056641 1012.96276855469 1016.61791992188 1022.50354003906 1029.80737304688 1043.556640625 1052.59704589844 1058.59326171875 1062.14929199219 1063.28735351562 1072.40270996094 1076.88427734375
1005.23712158203 1006.14251708984 1013.68969726562 1008.17926025391 1002.11712646484 999.847961425781 999.967834472656 1002.41381835938 996.817260742188 1004.0029296875 997.868041992188 1001.9423828125 1002.09143066406 1005.00555419922 999.800415039062 997.63525390625 987.914367675781 977.20458984375 963.985717773438 953.722961425781 938.117797851562 932.635559082031 939.495727539062 943.321105957031 943.166931152344 950.022338867188 949.048522949219 959.996948242188 979.353698730469 986.127685546875 984.774597167969 1007.24951171875 1002.47473144531 1014.59466552734 1019.00317382812 1016.58734130859 1019.47058105469 1023.07440185547 1031.88000488281 1044.09362792969 1047.58251953125 1060.07897949219 1060.38745117188 1061.78454589844 1063.10375976562 1063.50244140625
1024.39135742188 1023.72100830078 1021.38751220703 1028.71044921875 1013.70324707031 1009.0048828125 1007.28405761719 1007.96594238281 1000.67016601562 995.339721679688 999.17138671875 1000.56317138672 1007.90747070312 1008.1962890625 1009.80310058594 1003.26336669922 995.970092773438 975.754333496094 964.295104980469 955.759643554688 938.403625488281 938.099670410156 939.988830566406 943.027465820312 949.136535644531 940.405700683594 955.733520507812 961.374572753906 977.01416015625 991.586120605469 1001.12841796875 1011.28503417969 1017.12084960938 1019.50537109375 1021.38098144531 1023.68322753906 1021.89166259766 1029.701171875 1036.02429199219 1037.37915039062 1048.23022460938 1058.88220214844 1051.93591308594 1050.13903808594 1056.32836914062 1060.79333496094
1023.25457763672 1027.94396972656 1034.70361328125 1029.16015625 1027.32470703125 1022.79193115234 1023.52044677734 1010.41143798828 1003.31939697266 999.947204589844 998.824645996094 1002.70825195312 1009.75299072266 1007.75177001953 1015.90972900391 1013.30187988281 998.154052734375 987.574157714844 963.1162109375 962.943786621094 961.306213378906 948.433715820312 941.52001953125 947.503479003906 949.153686523438 952.331604003906 958.009460449219 974.481262207031 988.730346679688 998.707763671875 1007.72137451172 1022.36920166016 1022.53192138672 1035.47155761719 1033.01818847656 1037.12036132812 1036.12292480469 1028.07446289062 1038.49389648438 1045.75341796875 1049.53698730469 1054.54028320312 1051.20825195312 1050.77990722656 1059.580078125 1059.52612304688
1029.7294921875 1029.64440917969 1023.05120849609 1025.47888183594 1025.57263183594 1028.30615234375 1018.00158691406 1005.77313232422 1008.98248291016 1001.74011230469 1004.76696777344 1004.72747802734 1007.49035644531 1012.31243896484 1009.95178222656 1007.29937744141 996.758361816406 980.664489746094 972.520812988281 958.302734375 955.291320800781 939.056396484375 948.881042480469 947.198486328125 954.7265625 959.02880859375 968.478332519531 988.655395507812 1004.20770263672 1008.41979980469 1009.57025146484 1017.08221435547 1026.66650390625 1036.3056640625 1045.96154785156 1042.6728515625 1034.89147949219 1037.66735839844 1041.10327148438 1042.96228027344 1045.45458984375 1046.41845703125 1042.07678222656 1043.3125 1057.25500488281 1055.94604492188
1030.04809570312 1027.69262695312 1016.05493164062 1018.44500732422 1016.58312988281 1018.11138916016 1013.15887451172 1011.31927490234 1007.29791259766 1004.78991699219 1007.55609130859 1006.31622314453 1004.40643310547 1002.55932617188 1004.11560058594 992.833984375 995.124816894531 973.792846679688 964.064453125 962.083435058594 950.464233398438 946.996276855469 939.475524902344 949.175476074219 956.218078613281 960.209289550781 977.394165039062 993.260192871094 999.343322753906 1012.40637207031 1008.27490234375 1022.56207275391 1032.0087890625 1040.07409667969 1042.55200195312 1056.84545898438 1043.97790527344 1041.35949707031 1050.52404785156 1050.06945800781 1046.08740234375 1034.35534667969 1037.986328125 1041.65100097656 1041.46765136719 1058.17956542969
1013.59680175781 1013.73468017578 1022.13018798828 1015.94476318359 1012.78936767578 1013.47698974609 1020.31353759766 1014.02136230469 1007.52990722656 1004.18572998047 1003.72613525391 1012.68743896484 1009.7265625 1009.26391601562 1005.73754882812 995.204650878906 981.262390136719 970.747497558594 964.551208496094 964.882568359375 955.084106445312 952.057983398438 950.219604492188 949.405151367188 962.190368652344 974.237915039062 978.536987304688 991.057678222656 1006.67114257812 1008.69177246094 1007.66741943359 1028.61596679688 1030.08740234375 1041.02221679688 1044.23596191406 1057.24169921875 1050.50402832031 1045.37902832031 1045.44299316406 1043.56091308594 1040.92993164062 1037.53149414062 1036.71142578125 1040.49279785156 1049.04150390625 1058.16833496094
1004.11145019531 1015.42529296875 1022.62652587891 1020.52301025391 1014.39990234375 1018.00317382812 1016.40936279297 1012.51013183594 1012.54858398438 1006.72308349609 1010.45025634766 1015.65435791016 1009.81555175781 1000.03540039062 1001.708984375 994.489990234375 984.435546875 976.513732910156 959.083374023438 964.912841796875 952.294677734375 949.420593261719 940.53466796875 949.982055664062 964.377319335938 973.520568847656 982.953430175781 997.716491699219 1012.94055175781 1013.3564453125 1022.60266113281 1021.50787353516 1036.00305175781 1036.94189453125 1045.66174316406 1051.55627441406 1061.33251953125 1050.62170410156 1051.58374023438 1041.455078125 1038.75305175781 1031.12292480469 1043.10180664062 1033.06774902344 1039.52856445312 1051.08325195312
1015.86291503906 1017.86993408203 1018.05218505859 1018.90747070312 1013.10662841797 1015.72644042969 1018.73773193359 1016.01147460938 1012.01312255859 1000.66253662109 1014.56433105469 1009.44146728516 998.406921386719 1006.5498046875 1002.31457519531 989.365173339844 980.49365234375 970.611694335938 959.573181152344 955.863830566406 953.439208984375 949.193603515625 939.784545898438 955.840637207031 960.338073730469 975.240173339844 982.244201660156 986.804138183594 1001.27075195312 1015.533203125 1007.38677978516 1024.06286621094 1039.02954101562 1048.12976074219 1052.95837402344 1059.84387207031 1059.6279296875 1053.56884765625 1052.56750488281 1046.47131347656 1038.20373535156 1035.14794921875 1044.87841796875 1033.67260742188 1045.89196777344 1049.34399414062
1011.10369873047 1015.72082519531 1008.02124023438 1016.24285888672 1016.41680908203 1023.54888916016 1028.39697265625 1021.76110839844 1008.13610839844 1009.25158691406 1008.19555664062 1003.72399902344 1008.64813232422 998.430725097656 996.619079589844 987.56884765625 985.575988769531 974.339965820312 959.010864257812 954.094177246094 946.668090820312 939.048156738281 940.913208007812 946.470947265625 954.710815429688 976.494689941406 979.188354492188 985.356811523438 997.265747070312 1009.77777099609 1016.28759765625 1022.84332275391 1028.74377441406 1038.56750488281 1048.4365234375 1058.49731445312 1057.48010253906 1060.46765136719 1044.86157226562 1037.15966796875 1032.66259765625 1039.85559082031 1042.19116210938 1044.04553222656 1047.20678710938 1050.38073730469
1018.10656738281 1019.65563964844 1020.74322509766 1017.58825683594 1017.29730224609 1017.70715332031 1016.58764648438 1022.62286376953 1020.45379638672 1017.56616210938 1016.34100341797 1009.93988037109 1006.74731445312 1007.92456054688 999.097717285156 996.2568359375 986.627502441406 977.097045898438 967.343322753906 958.482299804688 950.977355957031 945.245056152344 936.184326171875 946.662414550781 952.82177734375 967.250915527344 973.16796875 989.962890625 1000.37048339844 1004.67633056641 1014.55834960938 1015.07861328125 1020.32305908203 1037.92407226562 1039.17126464844 1044.46044921875 1050.82727050781 1045.19213867188 1045.51904296875 1043.53588867188 1046.8125 1053.330078125 1044.97595214844 1044.45617675781 1043.75 1047.76904296875
1024.86267089844 1024.12170410156 1027.93090820312 1015.41265869141 1012.71636962891 1010.25073242188 1014.14575195312 1015.35406494141 1022.01745605469 1016.13061523438 1013.68463134766 1006.02716064453 1013.58026123047 1007.83276367188 1001.31713867188 994.728454589844 989.627014160156 973.201232910156 961.755859375 952.9833984375 952.364807128906 947.53955078125 950.269287109375 952.473327636719 957.592102050781 963.028930664062 972.991516113281 982.753662109375 997.647705078125 1003.60125732422 1014.95056152344 1013.14141845703 1014.04138183594 1021.40191650391 1016.06616210938 1031.32116699219 1040.60864257812 1033.40417480469 1041.43395996094 1035.87609863281 1040.91027832031 1049.3759765625 1038.80932617188 1039.52954101562 1032.04858398438 1039.97412109375
1026.82702636719 1014.00646972656 1016.32836914062 1020.03991699219 1019.35217285156 1012.82788085938 1014.26922607422 1010.15838623047 1005.58215332031 1007.49853515625 1010.72998046875 1016.69256591797 1006.67291259766 1007.64501953125 1004.72711181641 994.143188476562 993.227844238281 975.191345214844 958.278991699219 955.752563476562 961.849914550781 958.581237792969 955.663452148438 957.254516601562 961.023864746094 964.314636230469 975.810852050781 987.775939941406 990.971984863281 1003.67889404297 999.83544921875 1004.93408203125 1006.33337402344 1012.61627197266 1019.27935791016 1024.81701660156 1024.00512695312 1024.13159179688 1024.66662597656 1026.33740234375 1030.80871582031 1036.76098632812 1030.80981445312 1035.15478515625 1030.88464355469 1029.31945800781
1011.08142089844 1013.29309082031 1015.80963134766 1009.876953125 1012.73809814453 1015.95159912109 1014.96105957031 1006.06085205078 1000.60620117188 1006.330078125 1010.25946044922 1010.78436279297 1000.09515380859 1001.34326171875 1002.75622558594 997.279968261719 992.649963378906 981.322021484375 972.464599609375 962.379760742188 970.046447753906 959.945556640625 957.197204589844 964.085998535156 970.791076660156 966.944030761719 984.752624511719 996.198791503906 995.059020996094 1006.14953613281 1005.93804931641 1004.76184082031 1009.41033935547 1017.15209960938 1021.15777587891 1024.17517089844 1016.84906005859 1022.82708740234 1024.52880859375 1016.17016601562 1020.90008544922 1027.47399902344 1020.21484375 1013.66027832031 1019.43078613281 1027.95568847656
1008.34924316406 1007.62255859375 1011.22308349609 1016.06878662109 1006.86975097656 1017.97058105469 1007.75897216797 998.645324707031 994.27001953125 998.530639648438 996.210266113281 998.739807128906 998.870422363281 992.31884765625 993.285400390625 999.558410644531 995.000793457031 987.187133789062 976.094787597656 971.009887695312 976.438232421875 978.671447753906 969.959655761719 971.801208496094 983.560180664062 976.35888671875 990.268310546875 993.221130371094 997.328186035156 1000.19683837891 1008.80987548828 1012.21020507812 1010.18218994141 1015.52984619141 1010.39605712891 1013.74725341797 1006.89605712891 1013.78088378906 1018.33966064453 1012.20581054688 1018.29956054688 1020.92749023438 1020.18310546875 1019.65551757812 1023.29870605469 1031.01391601562
1012.61773681641 1001.70825195312 1008.01300048828 1005.48333740234 1007.65081787109 1007.24017333984 998.878173828125 994.607360839844 994.493713378906 995.462097167969 1000.19409179688 993.963500976562 991.977905273438 1002.62451171875 993.214050292969 991.751770019531 990.876220703125 984.12353515625 979.594177246094 985.223876953125 985.278137207031 983.100891113281 984.743530273438 983.714111328125 978.925659179688 990.100891113281 985.181640625 989.671691894531 992.101196289062 995.327026367188 1002.48638916016 1007.58355712891 1001.78186035156 1008.44122314453 1003.51892089844 1006.74102783203 1006.63543701172 1010.13708496094 1014.56896972656 1006.66656494141 1010.38385009766 1015.34075927734 1023.33728027344 1011.70196533203 1022.21337890625 1032.41333007812
1002.82800292969 1006.68780517578 1001.11889648438 1006.68597412109 1002.10028076172 1002.92687988281 998.714172363281 1005.42108154297 1003.52899169922 996.757873535156 999.875122070312 992.509155273438 993.85546875 990.490783691406 994.981262207031 993.093078613281 991.595458984375 989.9521484375 983.319641113281 985.48828125 991.360229492188 993.31103515625 988.089599609375 992.029296875 984.728515625 993.644348144531 993.993041992188 1000.22265625 997.955749511719 986.387817382812 994.47412109375 1001.01135253906 996.670043945312 999.8798828125 998.538757324219 1009.56817626953 1010.66632080078 1015.18023681641 1007.95220947266 1003.86511230469 1003.529296875 1011.65594482422 1015.95727539062 1019.22766113281 1025.34387207031 1035.775390625
1006.66522216797 1008.25384521484 993.300048828125 1002.59741210938 992.104919433594 1001.23077392578 997.458435058594 993.967834472656 996.162719726562 1000.37530517578 995.408752441406 991.518493652344 983.309265136719 983.871032714844 992.433532714844 993.084228515625 986.941284179688 990.977294921875 992.762084960938 996.091796875 1002.55969238281 1002.00964355469 995.64990234375 1001.67163085938 999.927795410156 1001.57440185547 1000.38421630859 996.081115722656 989.089538574219 987.225646972656 994.869873046875 997.142456054688 1008.74865722656 997.959106445312 1001.23870849609 1009.857421875 1010.73956298828 1012.49798583984 1012.81732177734 1004.08776855469 1012.97729492188 1016.29052734375 1016.25561523438 1016.08978271484 1026.38720703125 1046.4189453125
998.88525390625 1001.40093994141 997.564758300781 997.826477050781 992.275085449219 991.350524902344 989.156921386719 976.605102539062 992.343994140625 993.723205566406 992.081970214844 994.107543945312 993.528198242188 992.243957519531 984.92578125 989.904418945312 992.123352050781 990.232971191406 993.892700195312 994.150817871094 1005.44989013672 1002.93817138672 999.587890625 1003.0146484375 995.518493652344 999.829528808594 996.625305175781 992.739196777344 993.095947265625 990.026794433594 990.129089355469 1001.97668457031 1003.56030273438 1000.10516357422 1000.61529541016 1004.49053955078 1008.38171386719 1017.28552246094 1020.0224609375 1018.16198730469 1015.33026123047 1030.17761230469 1017.37115478516 1026.63452148438 1036.6640625 1051.71899414062
996.04833984375 994.607849121094 995.771789550781 1001.78662109375 989.582580566406 984.069641113281 988.780944824219 982.892150878906 998.341796875 998.111694335938 1000.95837402344 992.070983886719 989.527465820312 989.292114257812 984.117065429688 978.992553710938 992.594909667969 993.310546875 993.862854003906 992.111511230469 1002.77398681641 1005.96551513672 994.882080078125 998.874877929688 997.156555175781 997.716369628906 997.422485351562 987.407348632812 991.909973144531 989.645812988281 992.651550292969 999.635864257812 1006.13580322266 995.998352050781 1004.98858642578 1013.33428955078 1017.69488525391 1020.03594970703 1025.10205078125 1021.73706054688 1025.88684082031 1025.54711914062 1029.12219238281 1040.3154296875 1044.99658203125 1053.58386230469
