data/zlatibor_dem_simulations/DEMsim97.asc
NCOLS 150
NROWS 100
XLLCORNER 7394249
YLLCORNER 4841999
CELLSIZE 30
NODATA_VALUE -9999
[rows 20 to 39 of 100, columns 92 to 137 of 150]
995.472412109375 1003.45556640625 1001.13677978516 1013.03717041016 1013.08178710938 1011.53631591797 1010.41223144531 1000.09094238281 991.518249511719 996.732238769531 998.0654296875 997.905212402344 1007.02081298828 1000.15161132812 996.78564453125 989.438049316406 982.399230957031 977.86669921875 964.989501953125 949.9990234375 944.062683105469 940.358276367188 935.44873046875 934.386413574219 936.784240722656 931.950073242188 942.101257324219 947.154113769531 954.328918457031 965.054016113281 979.2216796875 984.720520019531 988.041137695312 1000.57690429688 1012.37518310547 1014.59197998047 1021.79949951172 1031.18347167969 1031.85974121094 1038.74060058594 1036.13232421875 1035.54956054688 1049.00769042969 1058.42175292969 1060.43603515625 1059.82946777344
999.161926269531 1012.51507568359 1016.36480712891 1025.89453125 1030.7353515625 1008.05023193359 1005.32104492188 997.898986816406 1001.13238525391 1009.47100830078 996.561096191406 994.858764648438 1004.01873779297 1006.90606689453 1003.15069580078 983.37109375 981.781066894531 978.7919921875 967.567138671875 961.163269042969 955.267272949219 944.466247558594 940.963745117188 939.758666992188 945.127380371094 947.6201171875 949.259887695312 954.063842773438 963.703552246094 967.724182128906 975.383728027344 992.454650878906 996.490234375 1005.46734619141 1014.70538330078 1018.11224365234 1031.11376953125 1039.60400390625 1044.12524414062 1044.93029785156 1049.77429199219 1049.25964355469 1052.30200195312 1048.23620605469 1056.09008789062 1054.3193359375
1007.06378173828 1007.16680908203 1015.93536376953 1032.24841308594 1026.57788085938 1024.16345214844 1013.76831054688 1010.49749755859 1006.35516357422 1003.32501220703 1000.00061035156 1002.42175292969 1015.99530029297 1008.81353759766 1008.87554931641 988.205383300781 986.742370605469 973.028564453125 973.861694335938 971.815185546875 960.851257324219 958.266235351562 947.596801757812 946.52490234375 952.364196777344 956.122741699219 965.356262207031 972.405090332031 971.226013183594 978.073059082031 984.244262695312 992.230712890625 1002.97332763672 1009.13049316406 1019.63793945312 1025.71850585938 1039.44091796875 1047.16076660156 1053.04638671875 1046.89477539062 1046.35864257812 1056.3818359375 1046.13623046875 1048.62353515625 1052.31225585938 1058.53137207031
1007.69207763672 1015.96301269531 1023.98693847656 1031.21362304688 1036.63977050781 1024.71752929688 1020.34619140625 1015.10534667969 1013.38635253906 1009.60046386719 1005.65020751953 1010.69714355469 1015.13525390625 1011.90887451172 1008.45587158203 995.659545898438 974.22265625 968.430969238281 973.631530761719 973.453979492188 962.912170410156 947.53076171875 957.308349609375 951.525085449219 962.775390625 969.863220214844 967.941589355469 983.224548339844 986.868774414062 989.142700195312 1003.59912109375 1002.14056396484 1016.0634765625 1012.76049804688 1022.24871826172 1031.75891113281 1043.12524414062 1041.33972167969 1045.38391113281 1054.11462402344 1049.93701171875 1054.10791015625 1057.2763671875 1053.14819335938 1059.10388183594 1062.23718261719
1010.59893798828 1017.19952392578 1015.73986816406 1030.62890625 1036.26953125 1026.87719726562 1020.61297607422 1016.97985839844 1016.27526855469 1007.36187744141 1007.11413574219 1011.58483886719 1009.56805419922 1011.68371582031 1005.34619140625 1000.00482177734 988.514587402344 975.354614257812 973.884460449219 971.775695800781 960.169921875 958.493957519531 952.909484863281 951.794494628906 965.117980957031 981.584045410156 977.63671875 989.804016113281 996.179931640625 1007.34942626953 1008.53479003906 1014.58935546875 1027.48754882812 1022.55999755859 1020.97033691406 1040.05090332031 1043.06457519531 1029.76049804688 1045.1552734375 1053.31469726562 1052.44750976562 1054.73168945312 1053.31079101562 1057.12145996094 1061.67761230469 1067.46704101562
1009.54516601562 1013.27099609375 1029.33703613281 1021.21508789062 1024.619140625 1033.10241699219 1018.33563232422 1024.28491210938 1021.04254150391 1006.01129150391 1001.87023925781 1014.95123291016 1010.60632324219 1011.47454833984 999.137817382812 999.071716308594 986.502563476562 974.392578125 977.39404296875 968.459777832031 967.226257324219 949.142395019531 954.723571777344 952.256530761719 966.859191894531 978.054748535156 978.765014648438 994.205444335938 1005.83825683594 1009.41705322266 1023.93994140625 1025.44677734375 1028.41455078125 1032.5537109375 1025.07666015625 1034.82104492188 1031.18701171875 1037.18127441406 1047.37719726562 1044.80114746094 1052.04150390625 1053.23999023438 1058.54370117188 1058.58825683594 1059.00524902344 1061.25891113281
1012.03112792969 1013.46392822266 1020.57897949219 1017.69848632812 1022.92413330078 1024.33801269531 1028.958984375 1034.49426269531 1011.65869140625 1004.86553955078 998.420043945312 1006.54040527344 1002.46606445312 1003.55590820312 1003.74810791016 998.222229003906 989.364868164062 988.734313964844 971.714111328125 967.843078613281 972.016906738281 966.142150878906 949.078002929688 964.734313964844 978.528869628906 977.51611328125 990.753662109375 994.106628417969 1006.77551269531 1006.82763671875 1022.61999511719 1031.53527832031 1034.66638183594 1024.74401855469 1025.24304199219 1038.62780761719 1043.935546875 1042.26281738281 1047.61560058594 1047.57470703125 1048.15112304688 1045.73937988281 1055.7099609375 1056.79614257812 1047.24621582031 1057.1494140625
1016.42297363281 1024.56103515625 1022.18707275391 1017.38726806641 1022.01165771484 1019.54107666016 1028.95556640625 1030.90161132812 1015.08117675781 1014.35223388672 1012.57305908203 1003.43347167969 1000.28839111328 1002.43231201172 1006.09802246094 994.401916503906 996.548095703125 997.024841308594 976.505432128906 973.071838378906 971.728515625 967.196228027344 953.792175292969 962.7890625 980.0732421875 981.277160644531 984.264770507812 995.968139648438 1002.18334960938 1016.60827636719 1021.603515625 1020.23919677734 1026.90075683594 1034.712890625 1024.72021484375 1018.1630859375 1033.86267089844 1036.54724121094 1045.25354003906 1042.04382324219 1039.04675292969 1042.7158203125 1038.42956542969 1040.05114746094 1040.76086425781 1055.94604492188
1020.82427978516 1021.31262207031 1018.11944580078 1025.18591308594 1023.21112060547 1026.5869140625 1033.43505859375 1033.86462402344 1025.19409179688 1023.51953125 1019.94274902344 1011.50262451172 1011.05133056641 1008.62628173828 1000.73431396484 993.166564941406 997.802429199219 990.573974609375 984.767456054688 974.443298339844 968.787292480469 959.833984375 959.73046875 959.509399414062 977.04541015625 982.36083984375 992.263671875 998.623840332031 1004.76928710938 1017.77465820312 1021.56188964844 1019.36663818359 1025.86730957031 1027.27124023438 1022.12133789062 1027.30334472656 1039.49353027344 1046.24841308594 1042.48889160156 1037.61218261719 1041.71691894531 1044.34484863281 1033.15148925781 1044.12707519531 1044.53369140625 1052.77563476562
1025.53491210938 1028.91723632812 1026.71826171875 1024.33447265625 1026.947265625 1028.66821289062 1021.28497314453 1022.85418701172 1033.51318359375 1031.02770996094 1024.58642578125 1013.46032714844 1006.55438232422 997.051086425781 1012.06109619141 1003.63366699219 1001.38049316406 1003.96527099609 990.729125976562 970.265930175781 967.413513183594 958.258422851562 955.283447265625 956.614013671875 959.572875976562 978.530395507812 982.783935546875 992.531677246094 1006.41766357422 1015.16998291016 1019.45104980469 1024.07885742188 1036.18408203125 1030.49536132812 1034.13598632812 1031.46594238281 1029.39721679688 1028.54968261719 1034.24633789062 1028.35070800781 1030.66125488281 1036.95422363281 1035.28466796875 1037.8564453125 1037.98706054688 1039.7021484375
1026.39099121094 1020.08233642578 1023.47735595703 1024.00952148438 1027.62780761719 1026.36267089844 1025.01062011719 1020.71575927734 1021.95526123047 1031.9755859375 1028.31555175781 1013.36407470703 1002.22717285156 1006.11785888672 1005.78350830078 1008.74139404297 999.939819335938 1005.85766601562 981.502685546875 963.535400390625 957.573181152344 948.093566894531 949.901000976562 956.246154785156 955.144165039062 970.101806640625 977.217041015625 986.407836914062 999.868591308594 1007.91778564453 1015.10150146484 1017.89227294922 1021.84844970703 1031.79919433594 1036.44958496094 1027.15539550781 1027.46594238281 1030.16296386719 1021.17138671875 1026.02185058594 1028.92456054688 1025.57751464844 1025.62756347656 1024.15454101562 1038.18884277344 1039.77001953125
1019.55639648438 1022.77685546875 1026.79895019531 1023.42572021484 1019.48565673828 1020.10870361328 1017.98406982422 1027.15747070312 1027.61462402344 1019.08679199219 1018.29028320312 1006.49627685547 1004.431640625 1001.71478271484 1001.5244140625 999.086669921875 1004.65942382812 1001.29266357422 983.55224609375 967.079162597656 949.417907714844 944.447937011719 943.60400390625 948.186645507812 961.186462402344 967.671875 974.014404296875 987.632446289062 994.883239746094 1007.33679199219 1013.41839599609 1019.03338623047 1017.44689941406 1017.00964355469 1036.58032226562 1028.89599609375 1032.09375 1031.03039550781 1028.0859375 1029.35046386719 1024.74841308594 1024.30212402344 1023.72570800781 1024.1552734375 1027.34362792969 1031.97998046875
1018.35729980469 1012.00427246094 1017.66510009766 1011.63696289062 1020.77508544922 1021.96356201172 1020.759765625 1024.98999023438 1027.36401367188 1020.24664306641 1009.44677734375 1002.46826171875 997.155456542969 994.606994628906 996.5146484375 1002.92626953125 1001.55810546875 998.635314941406 986.303833007812 963.221374511719 963.271606445312 954.327209472656 948.804382324219 954.569702148438 964.674987792969 966.014953613281 976.753234863281 979.314758300781 995.552551269531 1005.88934326172 1015.78833007812 1019.3232421875 1016.22027587891 1018.32794189453 1018.82891845703 1014.53503417969 1025.1748046875 1026.28796386719 1032.81286621094 1020.92437744141 1007.75396728516 1017.17407226562 1021.42138671875 1014.37896728516 1021.54443359375 1025.94226074219
1009.53155517578 1010.36779785156 1015.57299804688 1013.35870361328 1010.91119384766 1018.47283935547 1025.82238769531 1017.07916259766 1015.66937255859 1012.27124023438 1007.75653076172 988.356567382812 994.949829101562 999.1826171875 994.388793945312 998.594604492188 1001.7236328125 997.312683105469 984.128112792969 978.404235839844 975.92333984375 966.5693359375 961.797302246094 963.269226074219 962.746826171875 975.453308105469 979.181457519531 981.249450683594 996.549011230469 1002.03576660156 1012.22180175781 1010.54406738281 1013.08160400391 1011.62084960938 1011.3623046875 1013.73083496094 1016.97399902344 1021.43865966797 1026.64526367188 1017.06372070312 1012.77221679688 1014.82830810547 1014.03857421875 1018.49719238281 1018.33172607422 1032.10888671875
1009.51721191406 1008.59686279297 1008.15490722656 1006.48931884766 1011.04302978516 1011.62939453125 1005.73590087891 1006.48736572266 1006.47692871094 1012.36291503906 1005.41009521484 995.675598144531 997.006042480469 994.909851074219 996.328735351562 989.195922851562 988.003173828125 985.348510742188 977.457946777344 990.099426269531 983.374450683594 970.272338867188 966.259033203125 967.234497070312 971.531921386719 973.394836425781 980.073974609375 985.859069824219 989.204833984375 1004.28686523438 1008.27435302734 1008.08966064453 1009.45770263672 1006.59252929688 1011.12158203125 1016.18365478516 1016.98638916016 1021.13250732422 1020.84509277344 1011.8232421875 1010.22485351562 1009.34338378906 1014.69964599609 1021.79998779297 1026.28015136719 1023.3720703125
1005.41821289062 1007.98785400391 1009.23004150391 1008.42529296875 1006.29846191406 1003.22747802734 997.975952148438 999.580383300781 994.426818847656 998.200805664062 1000.59094238281 992.983459472656 989.241821289062 999.742492675781 996.849182128906 990.870300292969 991.791809082031 991.407653808594 989.365234375 990.579772949219 997.496948242188 984.350830078125 972.426208496094 973.0703125 981.17333984375 985.096008300781 985.040222167969 986.319091796875 997.23681640625 996.6064453125 1003.47650146484 998.861206054688 1000.74676513672 991.754577636719 999.985656738281 1003.77990722656 1004.57287597656 1010.97796630859 1019.28924560547 1004.56781005859 1012.03576660156 1010.49975585938 1020.08880615234 1025.6328125 1032.98608398438 1032.22326660156
999.899719238281 1015.09350585938 1014.18975830078 997.609741210938 995.57177734375 994.966064453125 997.863403320312 1001.38391113281 1000.57708740234 992.00390625 988.8955078125 993.41796875 991.436889648438 992.396423339844 990.65869140625 988.687805175781 984.533752441406 982.924072265625 985.473937988281 1005.76586914062 1001.16998291016 993.786376953125 985.849060058594 978.854858398438 984.2216796875 986.914672851562 992.0693359375 998.4130859375 999.719116210938 991.974060058594 989.246032714844 999.39013671875 991.491821289062 998.161010742188 998.104797363281 1003.55346679688 1003.26043701172 1008.67419433594 1007.07556152344 1009.21331787109 1012.79321289062 1011.61999511719 1021.86926269531 1028.00952148438 1036.16772460938 1036.58679199219
995.136901855469 1003.10620117188 1002.18585205078 998.019897460938 1002.48022460938 997.400939941406 992.969360351562 990.113708496094 994.1787109375 994.141235351562 988.614379882812 989.598876953125 992.379516601562 989.185302734375 988.662170410156 984.510620117188 990.2490234375 993.918395996094 987.799499511719 999.064697265625 1002.78472900391 990.979858398438 992.879089355469 987.080383300781 990.643310546875 985.898864746094 988.315551757812 1001.16436767578 1001.005859375 988.853942871094 991.980651855469 989.168273925781 986.751770019531 1000.27703857422 1005.41271972656 1005.33734130859 1013.72766113281 1014.02563476562 1009.33428955078 1017.26110839844 1024.30969238281 1019.83758544922 1026.11584472656 1027.90979003906 1038.37512207031 1040.83959960938
978.42138671875 985.809204101562 989.766845703125 998.261901855469 1006.97613525391 1005.92132568359 990.295288085938 996.696228027344 992.176879882812 991.774719238281 991.770812988281 993.877990722656 987.672241210938 975.158386230469 987.079223632812 987.084045410156 984.383544921875 985.689575195312 991.219482421875 1001.92327880859 1004.7353515625 1003.23913574219 1004.19769287109 1005.95690917969 999.599792480469 999.905822753906 997.483581542969 989.980773925781 987.097900390625 982.67529296875 984.807800292969 989.262329101562 1000.20074462891 1001.99591064453 1005.84100341797 1007.36126708984 1018.71411132812 1017.80786132812 1009.90972900391 1018.68884277344 1024.29907226562 1022.94586181641 1026.8603515625 1036.67810058594 1037.53918457031 1048.02844238281
977.069580078125 987.611938476562 994.528137207031 999.790161132812 1003.90814208984 1003.54107666016 997.589599609375 998.750061035156 993.531921386719 993.141723632812 988.462829589844 991.993103027344 988.388244628906 984.091552734375 986.571411132812 990.750732421875 976.677978515625 980.811950683594 992.178527832031 997.321411132812 999.500610351562 1003.81085205078 1001.97576904297 994.978088378906 996.92919921875 993.870666503906 994.203735351562 988.632568359375 983.989135742188 983.125854492188 981.589477539062 985.836730957031 992.434265136719 998.535949707031 1009.47900390625 1012.82086181641 1012.35382080078 1010.70910644531 1021.49725341797 1017.38940429688 1027.10498046875 1024.53771972656 1027.97326660156 1037.8818359375 1046.9228515625 1056.87170410156
