data/zlatibor_dem_simulations/DEMsim94 (1).asc
NCOLS 150
NROWS 100
XLLCORNER 7394249
YLLCORNER 4841999
CELLSIZE 30
NODATA_VALUE -9999
[rows 20 to 39 of 100, columns 92 to 137 of 150]
1008.61376953125 1005.95043945312 1005.67224121094 1019.4794921875 1006.38214111328 1004.81884765625 1014.64617919922 1006.78369140625 1003.36602783203 1008.46734619141 1011.71856689453 1006.79907226562 1004.35034179688 995.348022460938 994.357604980469 983.954162597656 986.370666503906 980.762878417969 964.0888671875 946.032531738281 936.901062011719 937.815002441406 942.868286132812 935.368103027344 936.05419921875 941.009704589844 943.276672363281 955.723876953125 957.590881347656 962.451171875 971.2470703125 976.037292480469 977.381713867188 999.923828125 1007.33898925781 1013.19097900391 1006.28729248047 1008.47808837891 1009.13793945312 1024.05749511719 1027.37817382812 1031.52783203125 1032.86682128906 1038.40905761719 1052.51293945312 1072.10424804688
1016.29754638672 1011.55517578125 1021.87145996094 1025.21252441406 1015.28399658203 1011.36468505859 1014.5986328125 1013.64270019531 1006.62713623047 1008.44116210938 1008.06384277344 1005.45361328125 1004.40832519531 992.385681152344 996.252380371094 988.796752929688 984.638122558594 978.015808105469 964.94775390625 952.039978027344 939.265808105469 939.544555664062 944.42578125 939.139709472656 941.794250488281 938.82373046875 944.101135253906 960.568725585938 965.390930175781 968.792053222656 984.652648925781 986.58740234375 994.789611816406 1016.36260986328 1017.78338623047 1018.95434570312 1025.13745117188 1015.72955322266 1017.41009521484 1032.92004394531 1035.41772460938 1042.13708496094 1057.66662597656 1045.14892578125 1049.66320800781 1066.72473144531
1014.55078125 1023.59075927734 1028.70776367188 1030.744140625 1019.67297363281 1018.94793701172 1020.83819580078 1020.00732421875 1008.78424072266 1007.37945556641 1013.22064208984 1005.40759277344 1009.23999023438 1002.93041992188 1009.20489501953 1003.81860351562 987.929870605469 973.435424804688 964.183776855469 951.835021972656 945.781188964844 942.120910644531 951.462463378906 942.414794921875 937.442199707031 940.281860351562 952.923828125 968.346557617188 972.079345703125 993.192626953125 998.849548339844 1003.03009033203 1015.41375732422 1023.22100830078 1030.46032714844 1027.69262695312 1027.39892578125 1030.64404296875 1024.90124511719 1039.89916992188 1043.61889648438 1055.96240234375 1063.36193847656 1055.67077636719 1050.54248046875 1055.69152832031
1016.49072265625 1022.45251464844 1023.95678710938 1021.74188232422 1027.07434082031 1028.09631347656 1024.66577148438 1010.77087402344 1007.47711181641 1007.05920410156 998.996459960938 1006.99938964844 1006.26983642578 1004.55572509766 1011.37158203125 999.233764648438 991.564392089844 982.408569335938 969.28076171875 961.703979492188 955.544494628906 944.106201171875 951.379638671875 945.360961914062 947.797729492188 950.505065917969 964.522155761719 979.555358886719 991.680908203125 1001.11688232422 1009.12854003906 1009.67803955078 1023.93298339844 1029.29016113281 1039.1484375 1033.07373046875 1038.08666992188 1036.60595703125 1038.93432617188 1041.3271484375 1044.68200683594 1053.54699707031 1057.10473632812 1057.55786132812 1056.36791992188 1051.11047363281
1022.55078125 1023.01025390625 1019.81536865234 1025.02270507812 1027.06494140625 1033.15441894531 1024.66125488281 1013.83813476562 1016.54754638672 1002.99194335938 1009.67553710938 1008.84564208984 1013.8857421875 1010.78002929688 1010.41174316406 1004.07354736328 991.96240234375 988.272338867188 974.766357421875 961.421325683594 948.398986816406 939.270141601562 950.412902832031 952.275756835938 958.453063964844 962.615478515625 970.772216796875 985.848754882812 1001.93542480469 1009.46081542969 1013.89477539062 1022.66436767578 1025.38122558594 1029.93530273438 1038.93920898438 1034.47668457031 1042.21350097656 1038.56604003906 1048.9697265625 1048.93615722656 1055.61315917969 1055.21887207031 1052.83044433594 1058.93920898438 1055.58972167969 1053.142578125
1021.83428955078 1023.58447265625 1023.64184570312 1031.87524414062 1030.9013671875 1032.70227050781 1026.54162597656 1014.5302734375 1020.26702880859 1016.16424560547 1008.40667724609 1004.75219726562 1007.79840087891 1016.10150146484 1008.22021484375 998.327453613281 997.832336425781 978.497497558594 965.897155761719 963.412780761719 952.912719726562 945.546813964844 949.535522460938 952.09326171875 964.365478515625 972.008544921875 975.613159179688 983.430358886719 1000.91125488281 1005.52252197266 1013.31774902344 1015.83538818359 1020.09283447266 1032.44226074219 1035.59448242188 1040.26489257812 1041.65014648438 1045.25427246094 1048.36328125 1045.58801269531 1059.84814453125 1061.93701171875 1056.38342285156 1049.72399902344 1055.27600097656 1047.6396484375
1019.79278564453 1027.69360351562 1027.8212890625 1017.94116210938 1025.41284179688 1030.86596679688 1031.82861328125 1028.55627441406 1023.86511230469 1020.88293457031 1012.82666015625 1004.58477783203 1009.85992431641 1009.82647705078 1004.40460205078 1000.28308105469 991.632690429688 980.572082519531 970.910400390625 971.761047363281 960.588195800781 954.006164550781 951.078552246094 958.487609863281 967.089416503906 965.951354980469 971.767761230469 982.144775390625 1001.38525390625 1009.50701904297 1013.55670166016 1019.85772705078 1031.76831054688 1034.39025878906 1038.60583496094 1035.85595703125 1041.95361328125 1048.97265625 1056.03076171875 1059.62609863281 1056.70642089844 1051.60827636719 1048.39624023438 1047.25476074219 1045.38903808594 1047.66870117188
1018.35180664062 1016.67114257812 1024.64782714844 1018.27569580078 1017.98254394531 1022.83825683594 1032.30419921875 1024.25305175781 1023.8603515625 1015.86822509766 1009.57098388672 1011.70684814453 1005.74420166016 1010.21368408203 1003.40905761719 991.499755859375 985.247375488281 984.320007324219 974.518493652344 961.885559082031 961.384216308594 956.760803222656 956.980285644531 955.382141113281 964.391784667969 973.22900390625 976.79296875 987.404418945312 996.590576171875 1015.15625 1021.43670654297 1026.59887695312 1038.11779785156 1033.49291992188 1035.28576660156 1041.25524902344 1038.48364257812 1039.94799804688 1055.11096191406 1056.80749511719 1061.42224121094 1056.16357421875 1055.56066894531 1048.00744628906 1048.09423828125 1047.83605957031
1018.28344726562 1015.12768554688 1022.30432128906 1017.54516601562 1018.17230224609 1020.72747802734 1023.484375 1025.96459960938 1019.88970947266 1020.63958740234 1020.51715087891 1011.05932617188 1009.50390625 1014.77410888672 1008.55590820312 1003.24816894531 996.361389160156 991.112365722656 976.361267089844 964.357666015625 954.298217773438 955.564025878906 950.835388183594 951.375854492188 953.01513671875 967.122619628906 976.005065917969 996.657653808594 1000.32592773438 1012.35833740234 1018.40551757812 1023.67108154297 1029.98767089844 1035.30334472656 1039.72229003906 1046.48205566406 1042.17175292969 1045.41345214844 1059.71350097656 1065.89916992188 1060.03173828125 1055.78967285156 1054.55639648438 1039.33825683594 1041.47497558594 1039.12048339844
1015.25122070312 1015.5146484375 1021.07336425781 1019.89691162109 1012.53698730469 1011.88531494141 1024.7724609375 1026.927734375 1022.02966308594 1021.90625 1015.49194335938 1012.03332519531 1007.75494384766 1008.32629394531 1006.6611328125 1009.23364257812 1006.07037353516 990.358032226562 979.706787109375 968.584167480469 955.363525390625 950.852722167969 960.012390136719 953.546081542969 950.460144042969 965.3115234375 985.838684082031 991.300659179688 1001.48400878906 1009.75500488281 1018.56652832031 1022.37927246094 1027.7314453125 1031.90600585938 1032.16662597656 1037.88977050781 1035.51928710938 1051.59643554688 1064.51928710938 1055.63671875 1052.16223144531 1052.48095703125 1048.35192871094 1038.27307128906 1039.80334472656 1034.0009765625
1015.02996826172 1019.49749755859 1013.380859375 1013.60607910156 1016.44128417969 1015.20922851562 1015.18322753906 1022.73974609375 1031.17163085938 1021.88989257812 1020.42864990234 1006.96112060547 1011.57629394531 1011.27624511719 1006.36370849609 1012.62957763672 1001.24566650391 997.533386230469 996.210571289062 972.024841308594 957.997802734375 945.458679199219 955.356689453125 951.600158691406 948.989501953125 965.017761230469 982.047729492188 994.928955078125 999.816589355469 1003.16772460938 1006.29449462891 1011.79608154297 1020.66540527344 1017.21032714844 1028.33996582031 1025.99597167969 1030.89929199219 1048.54016113281 1053.86889648438 1049.93041992188 1039.38916015625 1049.52392578125 1037.54748535156 1031.44372558594 1032.89721679688 1032.68029785156
1021.44915771484 1008.10882568359 1006.90985107422 1012.81701660156 1019.51428222656 1023.67590332031 1018.20648193359 1015.83795166016 1012.88171386719 1012.49291992188 1012.72241210938 1005.16033935547 1012.57965087891 1003.20977783203 999.952270507812 1001.03594970703 999.617614746094 994.895202636719 994.159484863281 979.022399902344 964.123779296875 957.475524902344 947.75927734375 952.493591308594 955.130920410156 960.424499511719 980.486999511719 978.320617675781 993.829833984375 993.242492675781 998.473083496094 1007.29486083984 1015.25402832031 1018.14111328125 1018.9697265625 1028.51501464844 1034.09143066406 1036.93188476562 1034.21533203125 1044.921875 1040.59191894531 1046.83508300781 1039.25061035156 1035.818359375 1034.78466796875 1034.86608886719
1026.10888671875 1015.80340576172 1001.98974609375 1007.47943115234 1017.57464599609 1014.77514648438 1015.59954833984 1009.43481445312 1008.94146728516 1009.98492431641 1006.50842285156 1008.64068603516 1008.54547119141 1004.78204345703 1000.22229003906 1002.95251464844 995.037292480469 988.943542480469 998.550964355469 987.263732910156 974.695190429688 965.547424316406 963.378967285156 956.97998046875 954.041076660156 964.141174316406 973.101257324219 974.283325195312 984.087280273438 988.653137207031 992.549072265625 1004.35662841797 1011.96032714844 1023.60125732422 1017.64013671875 1027.71105957031 1026.08447265625 1025.361328125 1024.37976074219 1027.36303710938 1023.80981445312 1035.00109863281 1027.93896484375 1021.12048339844 1022.74212646484 1026.95935058594
1021.52990722656 1018.72631835938 1013.48107910156 1017.76690673828 1013.69439697266 1013.4833984375 1011.37609863281 1008.43420410156 998.208923339844 1007.85174560547 1003.68353271484 997.656677246094 999.009094238281 1005.37731933594 999.469177246094 997.709838867188 993.518432617188 993.728393554688 1000.53021240234 993.732788085938 979.942321777344 978.712768554688 977.771057128906 966.731750488281 962.968078613281 973.016479492188 976.440124511719 978.416931152344 985.74560546875 992.134948730469 994.045043945312 1008.09252929688 1009.10345458984 1021.40447998047 1022.06072998047 1021.05804443359 1025.38488769531 1021.72369384766 1019.01666259766 1009.95288085938 1017.77941894531 1022.37951660156 1023.57135009766 1015.76239013672 1020.8173828125 1024.14868164062
1007.89129638672 1008.43365478516 1009.89428710938 1008.20483398438 1007.96618652344 1007.44671630859 1015.56005859375 1011.21130371094 1001.01098632812 1002.63708496094 994.510620117188 998.361511230469 996.222534179688 1003.37829589844 991.323791503906 994.347412109375 990.590759277344 994.838806152344 996.287963867188 994.017211914062 994.457946777344 989.633483886719 983.180847167969 974.558410644531 968.958984375 973.708068847656 977.036743164062 976.449035644531 984.954772949219 989.037902832031 1002.97448730469 1007.57110595703 1013.74139404297 1015.60815429688 1009.17987060547 1012.77770996094 1021.71838378906 1025.279296875 1021.42150878906 1012.17333984375 1009.68701171875 1004.40924072266 1012.76666259766 1012.32928466797 1019.11169433594 1028.8798828125
1009.39898681641 1006.45886230469 1003.31140136719 1002.52105712891 1005.16973876953 1009.68566894531 1016.193359375 1015.18133544922 1000.48974609375 994.490112304688 990.720397949219 995.288696289062 992.012817382812 996.867614746094 986.566833496094 990.005737304688 988.50830078125 994.421569824219 992.845886230469 989.05859375 994.939453125 992.247741699219 984.582214355469 974.290283203125 973.36962890625 976.474182128906 974.157592773438 982.585571289062 988.589294433594 992.625183105469 996.28759765625 1001.49896240234 1013.21026611328 1016.8662109375 1017.17810058594 1022.95904541016 1021.37615966797 1019.40014648438 1016.24206542969 1013.69683837891 1010.83972167969 1009.78649902344 1017.89489746094 1021.84869384766 1030.0361328125 1037.62194824219
993.594421386719 1004.51116943359 1000.74566650391 997.969665527344 1009.03930664062 1006.38513183594 1003.20440673828 996.988098144531 993.153869628906 984.894226074219 985.382751464844 981.773498535156 994.312744140625 997.145385742188 986.016296386719 987.056396484375 986.940979003906 988.127136230469 986.8056640625 995.419555664062 993.403991699219 997.495361328125 995.41015625 978.919311523438 982.346740722656 989.323486328125 984.739440917969 996.748596191406 989.439819335938 997.066101074219 997.385375976562 1012.64758300781 1009.92352294922 1019.20959472656 1013.88812255859 1014.70971679688 1012.71795654297 1015.63116455078 1011.15679931641 1008.28625488281 1018.943359375 1020.21209716797 1024.02868652344 1030.09558105469 1027.73547363281 1034.25048828125
987.767822265625 988.305786132812 993.782104492188 993.116394042969 1002.23663330078 1002.14904785156 992.081481933594 986.509765625 988.321716308594 989.436828613281 990.204956054688 987.175170898438 987.544189453125 988.715515136719 985.930908203125 983.311157226562 991.077209472656 992.312377929688 993.520751953125 1001.08605957031 998.69091796875 1000.59503173828 989.250793457031 984.5634765625 988.915893554688 989.659240722656 989.600646972656 1011.01666259766 998.305358886719 999.1005859375 1003.52807617188 1004.68005371094 1001.51336669922 1011.49816894531 1008.01013183594 1010.69342041016 1009.59320068359 1010.11346435547 1013.26446533203 1012.92041015625 1019.73303222656 1021.71826171875 1028.5751953125 1030.1875 1040.56665039062 1039.0341796875
990.350891113281 989.833129882812 992.110900878906 989.806762695312 996.030700683594 998.385314941406 987.238830566406 983.443420410156 979.931335449219 988.789428710938 985.977416992188 986.099731445312 989.796203613281 990.087158203125 992.025512695312 991.927429199219 996.038146972656 994.463500976562 993.961669921875 1000.62683105469 991.211730957031 995.14404296875 1001.54180908203 984.617797851562 999.262756347656 998.395324707031 1004.21453857422 1005.05487060547 1004.77679443359 1000.60815429688 1003.92218017578 1000.05554199219 1001.58642578125 997.023376464844 1003.18389892578 1010.90582275391 1012.06213378906 1017.16491699219 1016.27532958984 1019.30883789062 1014.42797851562 1025.29479980469 1033.96862792969 1041.51208496094 1047.0478515625 1046.31640625
997.747436523438 1000.61798095703 998.516357421875 992.053771972656 989.220458984375 985.620056152344 985.740539550781 992.001831054688 985.160461425781 982.93505859375 985.063537597656 986.920776367188 985.857482910156 992.014221191406 990.381164550781 993.728881835938 995.821411132812 995.927185058594 993.705078125 996.988098144531 993.45263671875 992.845031738281 985.263061523438 987.171203613281 994.635864257812 998.262329101562 997.903381347656 1000.14440917969 1002.02655029297 1002.91595458984 996.145324707031 999.541198730469 1004.98681640625 1011.58502197266 998.725891113281 1008.96557617188 1019.41644287109 1012.55499267578 1020.61077880859 1022.40393066406 1025.77612304688 1031.826171875 1050.47570800781 1045.55786132812 1047.62097167969 1056.65795898438
