data/zlatibor_dem_simulations/DEMsim84 (1).asc
NCOLS 150
NROWS 100
XLLCORNER 7394249
YLLCORNER 4841999
CELLSIZE 30
NODATA_VALUE -9999
[rows 0 to 19 of 100, columns 0 to 45 of 150]
999.789978027344 1011.47918701172 1012.70599365234 1011.61828613281 1004.40826416016 1008.43853759766 1008.15441894531 1005.79205322266 1011.68469238281 1006.32855224609 1014.15490722656 1010.96990966797 1012.50823974609 1018.77429199219 1010.96374511719 1009.25903320312 1006.14819335938 1007.84545898438 1013.74133300781 1021.35858154297 1025.43212890625 1025.6611328125 1021.07751464844 1028.95422363281 1030.109375 1027.13708496094 1025.18627929688 1028.24267578125 1033.39013671875 1035.78894042969 1034.49353027344 1035.16955566406 1033.90930175781 1028.13842773438 1018.33758544922 1020.08068847656 1024.25903320312 1018.60858154297 1011.06127929688 1011.99304199219 1007.27227783203 999.019714355469 993.986267089844 995.987121582031 982.259643554688 978.615295410156
1009.69506835938 1013.51702880859 1009.62603759766 1000.04431152344 1000.38854980469 1000.77197265625 1010.39422607422 1018.00939941406 1014.94787597656 1007.36248779297 1011.04669189453 1011.68383789062 1015.08630371094 1026.27941894531 1014.2265625 1011.0625 1007.46649169922 1004.33874511719 1017.99151611328 1032.06262207031 1036.28442382812 1031.68359375 1039.24096679688 1028.59436035156 1025.01538085938 1030.80480957031 1028.7314453125 1033.3828125 1029.88659667969 1030.13305664062 1030.04345703125 1042.14758300781 1031.13159179688 1019.73852539062 1022.64434814453 1022.16986083984 1018.28070068359 1009.23614501953 1007.18078613281 1010.43322753906 1009.79113769531 1004.05194091797 997.72607421875 989.908508300781 986.125305175781 980.470947265625
1009.90075683594 997.412841796875 1005.01519775391 1010.05334472656 999.538818359375 1000.19677734375 1009.99017333984 1015.35992431641 1018.59722900391 1015.21545410156 1011.36102294922 1021.31402587891 1015.47503662109 1025.68701171875 1022.75231933594 1018.25207519531 1012.74652099609 1015.83679199219 1023.46417236328 1036.47998046875 1042.85766601562 1043.52111816406 1032.69494628906 1029.91540527344 1031.53979492188 1033.36083984375 1021.60699462891 1022.04461669922 1027.27392578125 1033.66540527344 1029.45690917969 1032.958984375 1025.48303222656 1019.19146728516 1015.44995117188 1011.98297119141 1000.64477539062 1004.35302734375 1000.24847412109 1011.42150878906 1013.55651855469 1016.25640869141 999.17822265625 993.818664550781 984.906494140625 980.009948730469
1009.06066894531 1004.2158203125 999.047058105469 1006.1533203125 1002.65716552734 1002.28820800781 1008.82049560547 1018.88372802734 1018.93487548828 1016.68206787109 1013.88842773438 1014.81805419922 1017.169921875 1014.94946289062 1013.58703613281 1014.69915771484 1009.15734863281 1014.71160888672 1022.05487060547 1031.32421875 1038.63171386719 1042.63842773438 1031.85925292969 1035.796875 1025.29040527344 1028.8994140625 1025.69348144531 1017.03741455078 1022.21881103516 1031.59973144531 1027.52905273438 1025.68933105469 1022.47796630859 1016.64807128906 1011.04956054688 1006.92236328125 1007.88287353516 1004.91955566406 1002.63507080078 999.987609863281 1007.45037841797 1005.17883300781 1003.78015136719 1007.84381103516 993.556213378906 987.355590820312
1000.71746826172 1005.60485839844 1008.86956787109 1007.83966064453 1001.81683349609 1002.17230224609 1016.54370117188 1007.26129150391 1010.52917480469 1015.23474121094 1013.16638183594 1004.791015625 1014.2490234375 1004.58020019531 1011.71734619141 1009.26373291016 1002.67395019531 1016.01098632812 1015.67602539062 1023.46905517578 1028.09423828125 1037.46984863281 1026.94970703125 1021.03454589844 1024.59240722656 1021.26647949219 1012.52221679688 1014.45690917969 1017.85223388672 1032.42370605469 1032.39733886719 1033.80554199219 1028.44421386719 1020.91955566406 1014.83618164062 1017.22351074219 1015.85687255859 1011.72924804688 1006.49523925781 1011.60095214844 1017.08410644531 1011.25408935547 1011.56817626953 1004.53155517578 997.421020507812 992.007019042969
994.926391601562 993.981628417969 1007.57781982422 1000.06610107422 1001.09729003906 1002.12768554688 1007.29223632812 1007.62091064453 1009.74664306641 1006.45092773438 1006.99505615234 1003.08074951172 1000.82574462891 1005.84716796875 1006.94653320312 1013.84991455078 1015.15545654297 1012.11145019531 1018.49615478516 1028.19909667969 1029.43920898438 1033.29516601562 1033.88537597656 1017.93365478516 1032.98352050781 1025.29333496094 1010.58312988281 1008.24670410156 1013.25866699219 1018.44677734375 1026.34289550781 1028.53515625 1026.42919921875 1032.09033203125 1027.70288085938 1021.06646728516 1019.36700439453 1014.89337158203 1005.79168701172 1009.04724121094 1014.06945800781 1009.40771484375 1009.05688476562 1002.78259277344 989.734191894531 991.312377929688
997.281066894531 996.945495605469 993.2197265625 999.935974121094 1000.39404296875 1000.97802734375 1009.75805664062 1007.1435546875 1006.70147705078 1002.93865966797 1004.42736816406 1006.40045166016 996.100341796875 1003.99255371094 1011.4501953125 1018.90551757812 1012.61029052734 1010.39196777344 1015.34771728516 1023.43408203125 1035.17712402344 1024.79614257812 1021.74621582031 1023.45635986328 1024.93383789062 1021.60284423828 1018.48602294922 1003.05090332031 1012.22937011719 1019.06134033203 1022.49157714844 1017.61450195312 1022.662109375 1028.65759277344 1027.95703125 1018.14971923828 1022.24273681641 1020.26007080078 1014.90460205078 1010.25903320312 1017.62908935547 1009.78955078125 1007.28625488281 1004.13696289062 1005.59704589844 996.725952148438
996.52880859375 993.455749511719 987.753173828125 995.02001953125 1001.29553222656 1003.16375732422 1007.62475585938 1001.06665039062 1009.64678955078 997.092102050781 1006.95581054688 999.010375976562 996.022155761719 1002.68682861328 1017.26904296875 1016.06616210938 1009.31744384766 1017.35607910156 1016.93524169922 1025.29858398438 1026.22143554688 1025.27612304688 1028.34692382812 1021.44580078125 1019.83062744141 1018.57727050781 1012.087890625 997.781677246094 1001.61273193359 1009.25122070312 1018.20385742188 1010.470703125 1009.96502685547 1023.71185302734 1027.81457519531 1021.80499267578 1026.5791015625 1029.61364746094 1022.01916503906 1019.29333496094 1020.71667480469 1016.19799804688 1012.56237792969 1002.240234375 1004.33807373047 1001.84722900391
992.784118652344 997.289245605469 993.919006347656 990.097412109375 990.480590820312 994.388916015625 992.028930664062 996.833251953125 1008.10675048828 1012.48327636719 1009.21307373047 998.027282714844 997.1044921875 995.216857910156 1007.36663818359 1014.38000488281 1014.44482421875 1018.67425537109 1014.20324707031 1013.37768554688 1030.45520019531 1022.02575683594 1020.27185058594 1013.41430664062 1014.79174804688 1011.15063476562 1005.85998535156 999.367736816406 1003.91217041016 1011.03198242188 1005.66711425781 1011.75799560547 1010.7705078125 1013.09851074219 1022.33197021484 1029.4228515625 1026.13537597656 1026.71911621094 1020.68035888672 1019.94744873047 1013.35229492188 1012.78771972656 1004.95147705078 1006.12591552734 1006.23352050781 1005.13842773438
989.8798828125 984.451232910156 987.865234375 983.306579589844 995.333251953125 993.006225585938 1000.33447265625 1003.21185302734 1006.46026611328 1010.54022216797 1013.27478027344 997.159301757812 989.404235839844 992.697814941406 1004.23901367188 1011.35559082031 1017.48571777344 1013.82293701172 1005.72918701172 1012.58203125 1027.68542480469 1021.58972167969 1024.34167480469 1017.7509765625 1009.20434570312 1008.93859863281 1011.13531494141 1002.10461425781 1002.35144042969 1003.36151123047 1015.76177978516 1017.61743164062 1011.00170898438 1014.80249023438 1023.396484375 1029.630859375 1031.59729003906 1025.08410644531 1011.75610351562 1007.79461669922 1021.96807861328 1009.72076416016 1005.81817626953 1006.29797363281 1001.13781738281 1005.95532226562
988.510314941406 988.0869140625 984.497680664062 984.72216796875 991.087585449219 995.027465820312 995.432678222656 997.436889648438 999.539855957031 999.929321289062 996.335693359375 985.399780273438 991.121215820312 991.267944335938 1001.55694580078 1012.61322021484 1012.81469726562 1012.33551025391 1012.66925048828 1020.09020996094 1026.47973632812 1023.90075683594 1021.24987792969 1013.30725097656 1006.91497802734 1014.50354003906 1001.72406005859 1005.40985107422 997.742431640625 1008.02874755859 1014.82501220703 1015.65191650391 1011.72351074219 1014.08819580078 1019.51666259766 1028.91845703125 1031.41577148438 1018.48718261719 1007.74517822266 1009.78881835938 1014.33190917969 1012.35632324219 1009.47283935547 999.915161132812 1015.81896972656 1013.43084716797
980.663024902344 980.871887207031 977.595642089844 985.1220703125 991.275634765625 990.04638671875 984.244750976562 989.438415527344 994.05029296875 993.833190917969 989.710144042969 984.654418945312 979.132568359375 979.189758300781 1000.09246826172 1007.86492919922 1001.70220947266 1004.98724365234 1010.97229003906 1021.59906005859 1026.0498046875 1021.12152099609 1015.0146484375 1015.91394042969 1012.83868408203 1005.51812744141 1001.98510742188 998.38037109375 1001.88000488281 1003.92639160156 1006.91943359375 1007.02093505859 1009.44525146484 1012.24639892578 1021.74493408203 1034.84228515625 1027.62866210938 1024.46350097656 1013.69989013672 1010.89916992188 1018.19342041016 1020.50640869141 1011.00738525391 1002.14813232422 1013.50433349609 1002.11627197266
991.517333984375 982.088989257812 986.924011230469 987.881286621094 987.095520019531 990.298217773438 983.046508789062 989.860534667969 988.348022460938 989.279357910156 984.997619628906 976.875427246094 969.873779296875 980.609008789062 989.654541015625 998.293701171875 994.088684082031 1000.85784912109 1004.59930419922 1005.71850585938 1008.88720703125 1016.49365234375 1013.72509765625 1003.99743652344 1000.07055664062 995.339111328125 994.624145507812 1000.58264160156 1005.18096923828 1012.99584960938 1011.81469726562 1019.59545898438 1018.15368652344 1016.04168701172 1021.69390869141 1024.75085449219 1026.02758789062 1029.03356933594 1019.33898925781 1015.50561523438 1021.62554931641 1016.61309814453 1021.52368164062 1011.45233154297 1011.7041015625 1017.32684326172
978.868347167969 986.980285644531 983.860290527344 984.17333984375 986.899597167969 990.116516113281 984.622863769531 983.738586425781 982.019897460938 984.50390625 975.237854003906 979.024047851562 973.107177734375 980.336303710938 990.901672363281 1002.46826171875 998.214477539062 991.179443359375 986.505859375 992.482604980469 992.104797363281 999.083312988281 1000.77990722656 1001.30657958984 987.380676269531 986.22607421875 987.319458007812 995.428833007812 1004.95391845703 1019.11206054688 1019.25579833984 1023.20257568359 1025.7021484375 1019.974609375 1025.26452636719 1030.10668945312 1035.59631347656 1036.10681152344 1026.99072265625 1030.52136230469 1020.68481445312 1024.60620117188 1022.10577392578 1024.94958496094 1011.26184082031 1022.70220947266
983.841918945312 984.749572753906 981.948059082031 985.833312988281 980.475463867188 980.991027832031 981.808837890625 980.32421875 987.510864257812 979.138916015625 980.105285644531 980.445190429688 974.511901855469 976.766540527344 988.304077148438 986.483093261719 989.857604980469 989.853393554688 987.802856445312 992.814880371094 987.977478027344 991.537292480469 997.210266113281 988.591735839844 985.463317871094 984.870422363281 993.529357910156 987.209167480469 1003.53643798828 1012.16943359375 1021.98834228516 1029.61169433594 1033.66125488281 1031.80871582031 1028.71911621094 1021.89849853516 1025.44274902344 1030.90600585938 1028.68823242188 1040.58911132812 1034.41906738281 1025.4814453125 1028.53259277344 1027.26782226562 1024.55798339844 1023.0595703125
984.729309082031 990.429809570312 985.838195800781 982.176025390625 979.569030761719 984.176025390625 980.566955566406 981.554016113281 992.400451660156 976.464660644531 974.538330078125 968.38916015625 970.585815429688 987.792297363281 986.021545410156 990.701965332031 990.449096679688 986.830688476562 981.3740234375 978.343872070312 977.228942871094 978.589050292969 988.414367675781 984.702026367188 993.845947265625 995.315612792969 992.42626953125 995.231018066406 1000.87664794922 1005.04473876953 1021.29913330078 1024.79016113281 1026.599609375 1032.89965820312 1029.82019042969 1035.62133789062 1035.11401367188 1032.36926269531 1031.53063964844 1039.30090332031 1039.791015625 1036.88464355469 1027.62951660156 1031.85437011719 1019.26086425781 1019.08074951172
987.076232910156 985.560668945312 981.826965332031 982.957153320312 976.208618164062 978.2119140625 986.345825195312 986.196594238281 986.853759765625 976.475158691406 970.656311035156 972.026611328125 976.496276855469 977.107421875 983.796997070312 980.407958984375 979.410339355469 979.662048339844 981.942565917969 980.406066894531 975.708312988281 982.2646484375 984.748168945312 987.823913574219 983.32958984375 995.927001953125 1004.59027099609 1000.8759765625 1001.96923828125 1010.22039794922 1020.54046630859 1021.85534667969 1029.07885742188 1025.47583007812 1029.97668457031 1036.27014160156 1036.64392089844 1034.45202636719 1032.23413085938 1040.93469238281 1047.40979003906 1047.03247070312 1033.1376953125 1025.4169921875 1027.4375 1018.87768554688
976.656677246094 979.200378417969 978.419494628906 985.828002929688 983.597900390625 980.773254394531 982.99658203125 985.643676757812 984.229370117188 973.896423339844 965.409790039062 963.805603027344 968.619201660156 969.171020507812 971.529418945312 978.834411621094 979.70849609375 978.588134765625 977.595703125 978.405029296875 976.219970703125 980.345336914062 977.9580078125 979.24072265625 988.078247070312 990.907287597656 1011.28405761719 1007.48901367188 1008.71636962891 1011.73809814453 1011.62634277344 1024.23889160156 1024.46594238281 1026.83850097656 1028.46508789062 1029.0009765625 1023.45294189453 1024.3720703125 1034.583984375 1034.6767578125 1033.98876953125 1037.17053222656 1034.78234863281 1024.08483886719 1022.79583740234 1017.73199462891
964.028442382812 969.275146484375 978.392028808594 980.686279296875 970.030517578125 971.40576171875 977.004638671875 970.333618164062 985.961181640625 963.845458984375 954.716491699219 963.299133300781 957.271911621094 963.731872558594 961.899780273438 959.424072265625 973.74609375 975.83642578125 977.208068847656 978.468200683594 967.624694824219 968.090942382812 968.963012695312 989.869445800781 985.64404296875 992.285217285156 1004.59130859375 996.685791015625 1005.01477050781 1009.79522705078 1009.62847900391 1022.84722900391 1022.70001220703 1024.50866699219 1025.87048339844 1025.67150878906 1021.15264892578 1020.4599609375 1029.93518066406 1042.54248046875 1032.89440917969 1037.94311523438 1038.90197753906 1028.28454589844 1025.15148925781 1015.95080566406
962.726196289062 972.44384765625 970.035461425781 967.460388183594 969.8974609375 959.679870605469 962.691345214844 962.240600585938 963.171813964844 967.286987304688 955.600219726562 965.319519042969 958.745239257812 956.566162109375 960.735900878906 961.529724121094 971.658813476562 971.404357910156 978.781311035156 973.522338867188 976.568664550781 973.468383789062 970.358703613281 988.101623535156 989.126953125 1001.77160644531 1009.93280029297 1006.50402832031 997.990966796875 1008.73980712891 1015.06561279297 1016.56817626953 1017.10577392578 1010.07666015625 1022.22052001953 1022.87823486328 1015.85699462891 1019.42584228516 1030.77270507812 1036.56262207031 1043.48791503906 1031.83142089844 1037.83740234375 1036.01745605469 1029.05773925781 1021.82904052734
