data/zlatibor_dem_simulations/DEMsim81.asc
NCOLS 150
NROWS 100
XLLCORNER 7394249
YLLCORNER 4841999
CELLSIZE 30
NODATA_VALUE -9999
[rows 0 to 19 of 100, columns 92 to 137 of 150]
921.403503417969 912.958557128906 896.44580078125 893.734375 893.121276855469 887.881652832031 879.01123046875 873.619873046875 870.841247558594 874.869934082031 868.391845703125 863.3359375 865.333129882812 856.793579101562 850.291809082031 854.775451660156 858.226745605469 857.538391113281 859.537719726562 878.102905273438 884.90234375 886.885314941406 890.742126464844 906.710998535156 913.963623046875 909.350280761719 912.693054199219 920.359436035156 921.992492675781 924.282775878906 935.625915527344 952.384704589844 959.836120605469 968.333740234375 965.369873046875 971.290466308594 981.197326660156 992.082397460938 1008.74938964844 1013.24700927734 1018.79608154297 1023.82562255859 1027.48217773438 1025.49365234375 1037.3212890625 1037.9921875
922.050964355469 915.417785644531 910.238952636719 899.697326660156 885.227661132812 886.193359375 882.085144042969 872.386840820312 876.9228515625 880.031677246094 871.286254882812 867.801879882812 867.353820800781 862.565185546875 859.1298828125 848.131958007812 857.536376953125 861.291198730469 858.7001953125 864.974670410156 873.8740234375 882.6259765625 894.411071777344 907.455383300781 908.180480957031 915.388977050781 922.449035644531 925.098937988281 924.047180175781 933.517761230469 941.596252441406 948.666137695312 963.125671386719 967.257202148438 965.739013671875 970.945007324219 989.026672363281 995.942077636719 1009.27008056641 1018.22973632812 1016.10815429688 1019.8876953125 1026.14208984375 1028.41076660156 1033.30554199219 1048.32006835938
910.291320800781 914.126220703125 910.06982421875 903.193115234375 890.473327636719 885.69091796875 882.507568359375 886.583190917969 880.515197753906 878.85888671875 874.799377441406 873.397766113281 874.45947265625 867.627136230469 865.884521484375 862.174377441406 870.904357910156 860.037963867188 849.460144042969 864.973999023438 870.903930664062 875.30615234375 890.648803710938 909.344970703125 906.23486328125 904.868408203125 917.305053710938 922.745178222656 921.130737304688 931.6123046875 941.537048339844 948.720031738281 957.771179199219 964.295227050781 972.485961914062 979.556091308594 989.551574707031 991.395080566406 997.586059570312 1015.52655029297 1017.33758544922 1029.40063476562 1028.71252441406 1030.91662597656 1047.5517578125 1051.03479003906
915.985473632812 911.684204101562 909.157165527344 897.704528808594 891.497192382812 883.740417480469 882.541381835938 886.712036132812 882.137817382812 883.455322265625 886.791870117188 882.527526855469 872.028198242188 860.831176757812 863.951721191406 866.620849609375 872.454345703125 861.945739746094 852.585327148438 866.074768066406 869.056701660156 880.836547851562 895.18115234375 899.578857421875 907.377014160156 910.223449707031 917.876037597656 920.601440429688 921.707336425781 931.658508300781 945.055541992188 950.196655273438 949.558776855469 958.121520996094 966.441101074219 968.012390136719 977.875610351562 988.517578125 997.757690429688 1005.07440185547 1015.30633544922 1026.55627441406 1023.47857666016 1036.95983886719 1051.43212890625 1059.85766601562
907.323486328125 912.043701171875 909.424133300781 900.171752929688 887.767517089844 887.186279296875 887.3193359375 882.2705078125 880.732666015625 890.305847167969 888.0029296875 885.766967773438 875.742370605469 867.755249023438 867.749267578125 876.598693847656 878.085754394531 868.970947265625 869.355102539062 859.889343261719 878.286682128906 891.254089355469 895.822021484375 908.914733886719 915.949829101562 910.913391113281 917.237426757812 915.021423339844 928.915893554688 938.6201171875 939.583129882812 941.293273925781 947.950134277344 957.179260253906 967.101013183594 968.84228515625 978.920349121094 989.057434082031 1002.21746826172 1007.64422607422 1012.10339355469 1022.30194091797 1034.34008789062 1040.20690917969 1054.06970214844 1068.24865722656
911.630249023438 904.942016601562 895.366149902344 895.079528808594 887.751953125 894.077453613281 895.430908203125 889.114196777344 881.586730957031 884.285583496094 886.622619628906 876.403259277344 868.148010253906 873.247802734375 885.002746582031 888.293762207031 880.491943359375 882.53515625 878.703369140625 877.856872558594 886.991760253906 892.840515136719 905.68994140625 906.043151855469 911.052490234375 906.711486816406 905.134521484375 909.679077148438 920.625244140625 928.503479003906 932.496398925781 938.587829589844 948.351196289062 959.174926757812 966.313903808594 967.233520507812 979.326843261719 991.190795898438 999.865478515625 1001.41943359375 1016.1484375 1029.74829101562 1038.08483886719 1050.38977050781 1059.08581542969 1075.87951660156
908.850524902344 908.193359375 901.058776855469 893.066528320312 895.481872558594 905.128234863281 894.585876464844 888.884765625 885.678527832031 876.85546875 885.307861328125 882.254333496094 876.458801269531 874.233642578125 891.422058105469 894.3037109375 884.992431640625 882.25244140625 887.084228515625 881.846740722656 885.198852539062 898.535949707031 903.406005859375 907.27685546875 904.749694824219 907.025634765625 903.395568847656 908.130004882812 909.843505859375 927.314270019531 928.07421875 933.267211914062 941.302307128906 959.69091796875 960.259948730469 962.878295898438 964.914184570312 987.782409667969 1000.87329101562 1002.42395019531 1010.48541259766 1029.58166503906 1040.64465332031 1050.20825195312 1061.86303710938 1069.09594726562
917.930053710938 914.0107421875 907.194396972656 905.052368164062 903.154479980469 906.345458984375 900.645202636719 897.29296875 901.708251953125 889.874694824219 893.724487304688 890.534973144531 880.895263671875 890.822265625 891.913208007812 897.943237304688 898.588012695312 889.270751953125 891.426086425781 892.032775878906 894.904296875 900.81494140625 902.688659667969 911.734680175781 907.890747070312 905.687377929688 909.03125 910.456420898438 921.333923339844 928.160949707031 938.180053710938 936.831665039062 945.190979003906 945.359985351562 964.703125 963.691955566406 965.96044921875 983.347900390625 997.389282226562 1012.86663818359 1019.17333984375 1037.34887695312 1038.41955566406 1053.03625488281 1059.29064941406 1069.38745117188
924.751770019531 920.168518066406 917.313842773438 908.700317382812 907.50634765625 909.709106445312 905.763793945312 906.977600097656 901.339782714844 901.747436523438 904.249145507812 909.0361328125 900.596801757812 900.11376953125 898.51025390625 902.49560546875 901.070129394531 903.816955566406 894.426513671875 899.883483886719 897.353637695312 904.5439453125 898.740844726562 903.30419921875 907.27294921875 908.867004394531 913.2373046875 919.352416992188 913.101379394531 920.036376953125 941.749328613281 938.698913574219 949.285034179688 955.15966796875 958.860534667969 966.031982421875 971.175720214844 980.965026855469 993.484497070312 1005.974609375 1022.98962402344 1035.1640625 1045.95434570312 1067.15759277344 1077.72924804688 1076.78540039062
925.674011230469 923.793884277344 920.314880371094 917.501342773438 920.720825195312 919.725952148438 915.777038574219 911.82470703125 912.288757324219 910.193176269531 910.6044921875 916.332275390625 912.17041015625 906.337829589844 899.489990234375 908.679748535156 917.506591796875 913.455444335938 911.956420898438 910.070617675781 913.833801269531 906.583374023438 908.158264160156 909.594360351562 913.617248535156 914.735473632812 915.7509765625 924.179748535156 921.735534667969 928.754455566406 937.343872070312 939.139038085938 946.624267578125 954.104064941406 965.172058105469 979.48193359375 981.938842773438 994.255310058594 987.908569335938 1009.46472167969 1027.02258300781 1031.28173828125 1045.50610351562 1053.96057128906 1065.31640625 1077.92736816406
938.076477050781 929.105834960938 924.553833007812 928.334777832031 925.765869140625 923.209655761719 925.830261230469 925.424682617188 926.109497070312 918.900329589844 914.056396484375 918.164367675781 914.660278320312 914.446533203125 915.117065429688 923.243530273438 922.340087890625 919.402648925781 908.242553710938 912.920349121094 914.273803710938 915.017578125 917.524658203125 922.184631347656 920.035583496094 927.501708984375 918.442077636719 927.828247070312 930.969299316406 930.884948730469 946.048767089844 946.989624023438 944.418823242188 957.447875976562 969.596984863281 986.004333496094 988.323303222656 990.293395996094 1005.52239990234 1016.31237792969 1034.8818359375 1031.10681152344 1046.25561523438 1051.09020996094 1068.60583496094 1083.46997070312
933.699401855469 932.058959960938 929.385681152344 926.487243652344 929.411804199219 935.7646484375 935.954345703125 929.830383300781 933.135986328125 926.591674804688 928.630126953125 926.659790039062 930.766357421875 933.460205078125 950.374877929688 944.572692871094 938.020385742188 931.812805175781 923.669677734375 926.738952636719 927.057800292969 922.194152832031 918.780395507812 922.222778320312 923.985107421875 923.621643066406 923.577331542969 922.630249023438 928.469848632812 946.302978515625 939.609313964844 942.145629882812 950.430297851562 968.693298339844 979.095520019531 986.546936035156 995.695495605469 995.317687988281 1012.99969482422 1032.19641113281 1039.630859375 1041.06286621094 1046.9169921875 1053.16455078125 1062.02758789062 1068.80151367188
935.195617675781 932.050842285156 936.022399902344 928.4658203125 937.34326171875 932.595886230469 932.303466796875 940.635620117188 937.889465332031 934.182922363281 938.115356445312 936.338928222656 943.291870117188 942.117248535156 946.991149902344 946.567138671875 944.144958496094 945.017272949219 942.883483886719 942.213684082031 936.934020996094 928.460571289062 918.876647949219 917.537170410156 918.388244628906 928.762878417969 929.370483398438 926.758850097656 938.935119628906 945.376281738281 949.19189453125 957.475463867188 962.2216796875 974.247985839844 983.174194335938 988.570861816406 995.414916992188 1000.33673095703 1011.01068115234 1033.06262207031 1039.70007324219 1040.16162109375 1047.00866699219 1062.41162109375 1065.41345214844 1066.84216308594
934.115234375 923.427185058594 934.634216308594 935.232177734375 941.183654785156 942.390930175781 947.488342285156 941.736694335938 941.213745117188 954.230529785156 949.659912109375 954.359741210938 948.910400390625 955.214782714844 951.638244628906 957.157592773438 951.789733886719 953.112060546875 947.367248535156 943.989685058594 939.333374023438 932.659057617188 924.589599609375 921.41552734375 914.050659179688 919.56494140625 926.9013671875 934.331787109375 939.653991699219 955.06005859375 959.323181152344 963.520629882812 970.241882324219 979.61865234375 986.155151367188 993.450378417969 1000.27020263672 1003.53833007812 1005.69714355469 1024.30773925781 1034.421875 1043.26098632812 1048.92529296875 1060.86547851562 1059.40710449219 1069.24633789062
926.727355957031 925.580810546875 935.611450195312 936.551696777344 943.5166015625 941.59228515625 952.154907226562 953.302001953125 942.851135253906 958.940185546875 958.4326171875 962.158752441406 961.536315917969 956.410522460938 954.1748046875 952.006164550781 956.533447265625 961.733703613281 946.099670410156 944.006896972656 935.947265625 931.569396972656 924.782409667969 922.414733886719 915.577087402344 915.832336425781 932.585205078125 953.10595703125 958.098999023438 970.675109863281 961.84912109375 973.517456054688 974.668884277344 975.008361816406 990.844299316406 999.743835449219 994.807739257812 1015.07659912109 1014.17639160156 1020.06292724609 1032.33056640625 1045.28930664062 1045.82849121094 1055.19848632812 1058.00622558594 1072.5966796875
933.137939453125 947.559204101562 940.136169433594 945.656066894531 948.139343261719 952.930053710938 969.456787109375 958.40771484375 962.741149902344 957.328125 966.480773925781 967.239196777344 972.208618164062 965.309936523438 967.4853515625 966.402221679688 971.529296875 971.276062011719 947.456420898438 951.892333984375 938.746154785156 929.802368164062 927.057861328125 920.1474609375 927.450073242188 929.924072265625 939.96044921875 951.133361816406 963.233154296875 960.802734375 970.560302734375 976.056335449219 977.524291992188 984.272766113281 990.257507324219 993.265991210938 1006.21240234375 1013.474609375 1016.09320068359 1021.54473876953 1023.19714355469 1038.37805175781 1049.01000976562 1056.33776855469 1065.03674316406 1072.83666992188
947.2021484375 955.117370605469 958.766967773438 956.671752929688 962.07177734375 968.472290039062 975.536010742188 978.502868652344 974.46435546875 968.709045410156 979.310424804688 982.094482421875 981.033935546875 969.3759765625 968.617126464844 971.579833984375 971.741027832031 968.496826171875 961.007507324219 951.005737304688 946.250671386719 934.421325683594 919.216735839844 922.506652832031 915.329833984375 928.394104003906 936.12744140625 951.819702148438 959.181091308594 963.510131835938 978.1171875 992.479309082031 990.706420898438 993.102844238281 1000.53973388672 995.275390625 1004.10833740234 1020.58489990234 1022.28625488281 1025.28735351562 1032.78686523438 1041.77075195312 1046.546875 1058.39587402344 1067.28283691406 1071.82495117188
958.081481933594 964.553466796875 965.665893554688 976.55419921875 975.878601074219 979.380798339844 991.949035644531 987.151000976562 980.897216796875 972.698364257812 983.956665039062 984.397705078125 985.968994140625 973.692016601562 971.346252441406 981.139221191406 977.0029296875 979.578918457031 974.179931640625 955.204223632812 951.957153320312 929.301086425781 924.813598632812 926.325988769531 929.007995605469 926.849304199219 931.852233886719 949.763122558594 959.830749511719 968.130004882812 979.548095703125 995.93115234375 1001.12878417969 1006.548828125 1009.07611083984 1009.34051513672 1015.57977294922 1021.69085693359 1020.98852539062 1023.08709716797 1037.86486816406 1049.74853515625 1046.96411132812 1055.33068847656 1072.08483886719 1069.06091308594
981.399291992188 974.013610839844 971.173645019531 986.64208984375 991.095642089844 989.329223632812 997.358154296875 995.104370117188 992.186462402344 993.23583984375 991.102966308594 996.279541015625 987.68896484375 983.527893066406 982.125854492188 983.4873046875 979.702209472656 980.866943359375 974.736511230469 963.988342285156 949.561462402344 936.491455078125 922.794555664062 934.722290039062 933.481140136719 929.126770019531 937.740051269531 946.078735351562 959.695861816406 967.51123046875 982.952331542969 996.530029296875 1006.67712402344 1016.20544433594 1015.23913574219 1019.58270263672 1028.884765625 1033.99865722656 1030.53869628906 1030.66528320312 1040.68640136719 1041.65783691406 1044.09875488281 1042.8447265625 1057.80688476562 1065.16418457031
990.601379394531 992.924133300781 996.471252441406 999.793395996094 1001.42230224609 1000.37756347656 999.908081054688 1001.64721679688 1005.87652587891 998.520812988281 1002.509765625 1004.70196533203 992.25830078125 985.563720703125 982.670654296875 981.733642578125 978.036743164062 975.67919921875 967.02978515625 964.807373046875 950.932800292969 941.330749511719 937.245361328125 932.505615234375 935.30126953125 934.053344726562 939.918395996094 950.257507324219 954.816040039062 965.633544921875 985.012451171875 995.340515136719 1004.13446044922 1008.96301269531 1015.72241210938 1016.91369628906 1024.70727539062 1035.0517578125 1039.33959960938 1042.72033691406 1039.5078125 1038.62634277344 1038.20886230469 1038.73083496094 1048.98706054688 1059.85766601562
