data/zlatibor_dem_simulations/DEMsim79 (1).asc
NCOLS 150
NROWS 100
XLLCORNER 7394249
YLLCORNER 4841999
CELLSIZE 30
NODATA_VALUE -9999
[rows 60 to 79 of 100, columns 0 to 45 of 150]
962.221008300781 973.59033203125 978.106994628906 968.491027832031 969.710632324219 972.30517578125 965.038818359375 958.556213378906 948.609680175781 946.531188964844 949.764709472656 954.72314453125 959.905151367188 963.119323730469 966.441162109375 955.174682617188 966.844360351562 969.848449707031 955.180725097656 956.950744628906 948.900756835938 939.600891113281 940.575317382812 940.780090332031 948.195251464844 946.720703125 938.723693847656 939.433898925781 952.815979003906 956.177124023438 955.222595214844 951.590148925781 947.515197753906 945.913879394531 949.893676757812 952.699157714844 948.328979492188 943.15869140625 948.973083496094 954.9541015625 952.43994140625 954.702880859375 960.079467773438 959.048095703125 955.563110351562 948.231750488281
972.253784179688 965.844970703125 960.033264160156 965.225769042969 972.406311035156 970.322082519531 964.678161621094 960.3017578125 952.403564453125 946.931762695312 953.237670898438 953.891540527344 967.882568359375 960.072265625 951.507446289062 964.615295410156 961.460144042969 957.937805175781 948.083251953125 950.141662597656 949.675170898438 947.246704101562 945.355529785156 940.18603515625 943.976623535156 943.211853027344 946.501647949219 936.637512207031 948.287109375 961.668029785156 949.106018066406 944.522155761719 950.345581054688 951.118469238281 945.814025878906 950.873779296875 939.095275878906 945.118957519531 949.059265136719 953.677001953125 957.91845703125 951.155334472656 952.8017578125 961.786499023438 950.621215820312 949.266235351562
964.160217285156 962.378295898438 952.398864746094 956.37255859375 966.636474609375 966.65966796875 962.8583984375 960.191711425781 963.322937011719 958.506591796875 951.994018554688 954.4970703125 955.027893066406 954.817138671875 950.043395996094 952.14599609375 959.122131347656 952.315246582031 947.669067382812 946.726501464844 945.695922851562 944.941162109375 944.584350585938 942.174255371094 938.8251953125 937.308837890625 937.636352539062 945.756042480469 950.624633789062 959.739562988281 958.496032714844 958.4765625 959.498291015625 958.999450683594 945.346740722656 943.038696289062 936.612976074219 944.397399902344 941.822509765625 947.097473144531 950.992736816406 944.277221679688 948.656066894531 956.6494140625 958.149291992188 957.045654296875
952.781860351562 956.144165039062 953.931884765625 961.590576171875 960.0537109375 959.145385742188 959.803771972656 964.296691894531 957.713623046875 958.183166503906 951.094177246094 949.24853515625 949.322082519531 947.451843261719 944.663818359375 943.85693359375 951.774658203125 946.832946777344 951.459167480469 944.254577636719 950.070068359375 944.960632324219 946.099426269531 944.7802734375 935.516235351562 937.171264648438 943.13232421875 945.899353027344 954.889587402344 950.53515625 962.717468261719 973.782592773438 967.920227050781 957.6005859375 949.926696777344 937.895324707031 941.787719726562 935.458862304688 946.188293457031 945.880310058594 946.203002929688 944.449401855469 950.218933105469 967.723693847656 957.167236328125 946.299926757812
960.563659667969 948.164428710938 950.652709960938 956.700439453125 952.840270996094 961.838012695312 960.100219726562 958.415954589844 962.145874023438 952.702514648438 943.017395019531 947.587097167969 951.545532226562 948.922973632812 947.437255859375 947.078002929688 945.562622070312 943.737243652344 943.593322753906 948.097900390625 940.985778808594 947.275207519531 946.173645019531 938.117614746094 932.671752929688 935.023986816406 936.21630859375 941.073608398438 951.061706542969 957.835205078125 961.352722167969 977.455871582031 965.371032714844 957.787902832031 943.829833984375 941.792907714844 937.753112792969 941.710266113281 935.311401367188 942.442565917969 953.891784667969 954.576721191406 961.021240234375 969.654113769531 962.598083496094 958.783996582031
952.252563476562 962.503601074219 944.455810546875 950.721557617188 949.886413574219 960.640625 960.635986328125 959.927001953125 956.254272460938 949.342895507812 944.880004882812 949.943298339844 954.846618652344 944.750610351562 945.441650390625 946.619812011719 944.922912597656 943.780334472656 949.068542480469 948.422607421875 949.991271972656 950.527404785156 950.233581542969 945.507263183594 948.138305664062 935.676452636719 944.442138671875 944.249755859375 944.491394042969 951.256896972656 962.868347167969 973.882751464844 962.818725585938 955.503479003906 944.817138671875 942.343017578125 939.595397949219 945.857971191406 948.068359375 954.271057128906 960.266906738281 959.033630371094 964.068420410156 961.780578613281 967.333679199219 965.098999023438
942.812683105469 947.374877929688 951.55810546875 954.345275878906 953.969787597656 952.451843261719 958.693359375 952.208190917969 946.160949707031 936.218994140625 940.797729492188 945.891540527344 950.679321289062 949.401245117188 956.21484375 950.976501464844 945.911071777344 944.060302734375 950.2646484375 948.423645019531 952.134948730469 953.002197265625 951.861755371094 954.779846191406 948.35107421875 947.92041015625 942.650939941406 949.682800292969 951.815002441406 954.713317871094 965.288757324219 965.638244628906 959.211791992188 953.0576171875 950.804809570312 946.688049316406 939.474792480469 947.622741699219 947.153503417969 960.041076660156 962.618347167969 958.517028808594 964.10791015625 960.692260742188 970.093444824219 967.89208984375
947.435119628906 940.918029785156 939.731506347656 952.354614257812 952.06005859375 952.099975585938 949.677307128906 955.011108398438 942.437805175781 939.117614746094 938.663513183594 945.634521484375 958.374694824219 956.692321777344 967.902648925781 961.171569824219 949.051635742188 951.57470703125 950.123046875 941.509948730469 952.785400390625 955.133850097656 952.115966796875 954.749267578125 952.455322265625 955.647094726562 949.570007324219 954.065490722656 961.204467773438 966.582092285156 961.489807128906 959.411804199219 957.785278320312 955.33251953125 946.781372070312 943.452209472656 947.996032714844 943.820678710938 943.678588867188 948.511901855469 962.154235839844 964.773132324219 963.734802246094 972.495727539062 969.672668457031 972.1572265625
947.458251953125 930.898010253906 945.295166015625 944.649108886719 944.743591308594 953.18212890625 951.093444824219 945.884582519531 942.596618652344 934.772277832031 937.960510253906 941.071899414062 957.274780273438 969.315979003906 972.161376953125 953.467956542969 956.50390625 959.623596191406 957.145385742188 953.606201171875 957.29736328125 950.37255859375 945.959594726562 954.55029296875 953.77490234375 955.739929199219 955.659423828125 958.241333007812 959.011901855469 960.46044921875 959.337097167969 953.703247070312 952.163330078125 951.008850097656 949.454284667969 955.159851074219 949.753479003906 952.365905761719 957.010498046875 966.271179199219 968.315307617188 969.221557617188 966.773559570312 966.742065429688 976.651306152344 978.423645019531
937.471130371094 944.766418457031 947.104553222656 949.08740234375 949.338928222656 944.168151855469 945.128723144531 946.445495605469 939.415283203125 940.264221191406 935.127136230469 947.761291503906 957.429748535156 971.238830566406 970.4921875 965.114929199219 954.568908691406 959.081604003906 962.685119628906 958.197814941406 955.637573242188 953.941833496094 955.953735351562 950.890075683594 955.546020507812 952.870971679688 961.311340332031 959.83642578125 954.635375976562 969.505126953125 957.512756347656 954.516479492188 950.416748046875 954.940734863281 955.629028320312 956.703186035156 959.061401367188 959.774475097656 959.522216796875 971.448303222656 971.783386230469 972.497741699219 968.030700683594 969.408264160156 967.9189453125 985.094360351562
949.684875488281 942.723327636719 944.611694335938 944.380920410156 943.367126464844 947.697326660156 939.528076171875 935.871643066406 935.878479003906 936.925048828125 945.2333984375 949.721374511719 965.578430175781 966.455993652344 963.804138183594 963.985534667969 956.15869140625 957.094787597656 964.297058105469 965.457092285156 969.259704589844 963.162231445312 961.224426269531 949.464111328125 956.123840332031 948.409606933594 962.2880859375 967.675170898438 966.685729980469 965.489135742188 956.723876953125 963.265930175781 946.114501953125 952.726745605469 962.474548339844 962.19921875 961.905578613281 962.314270019531 957.036804199219 975.276123046875 972.41455078125 979.133666992188 977.928344726562 983.3203125 987.610473632812 987.081787109375
942.554382324219 942.857238769531 944.109008789062 941.758728027344 943.244201660156 943.6513671875 933.336853027344 930.353576660156 935.202575683594 936.460021972656 948.51416015625 954.654724121094 966.548767089844 968.376159667969 965.952514648438 963.953002929688 966.00927734375 969.040893554688 970.060180664062 978.843872070312 968.827453613281 968.142578125 960.223815917969 958.828247070312 957.130554199219 963.90576171875 966.422912597656 969.050903320312 969.769714355469 958.855529785156 958.849853515625 957.344421386719 954.314575195312 963.733703613281 964.552612304688 964.9033203125 968.884887695312 960.501098632812 966.963928222656 974.188903808594 973.703979492188 979.994018554688 982.596984863281 982.936767578125 987.757934570312 984.690246582031
933.976867675781 935.560974121094 931.648559570312 938.267700195312 934.863159179688 933.630981445312 930.139770507812 934.281433105469 938.709533691406 939.87158203125 945.793640136719 956.456298828125 971.242370605469 970.889282226562 973.165466308594 981.264282226562 985.917053222656 982.737365722656 983.051940917969 980.932678222656 972.76953125 969.161437988281 969.184692382812 968.308959960938 967.805297851562 968.9091796875 974.39208984375 976.008361816406 976.406494140625 973.792907714844 964.556335449219 969.312255859375 960.448669433594 963.878112792969 966.382751464844 965.278442382812 973.123291015625 965.825927734375 971.882263183594 981.160095214844 985.569885253906 979.508422851562 987.982971191406 992.657531738281 990.64208984375 991.573181152344
922.93603515625 932.094421386719 932.165710449219 923.822814941406 933.883239746094 935.573913574219 934.568481445312 934.620910644531 931.361145019531 945.943176269531 951.728637695312 965.391967773438 972.046875 975.2783203125 979.938171386719 984.242919921875 995.860656738281 995.156127929688 996.551879882812 982.553100585938 979.95361328125 975.272338867188 968.535400390625 973.755432128906 976.337219238281 974.529724121094 975.919738769531 978.321838378906 966.205810546875 962.255493164062 964.633239746094 971.590698242188 964.898498535156 970.302429199219 976.598388671875 973.281860351562 973.265869140625 970.567626953125 979.521057128906 988.076843261719 989.930786132812 990.823059082031 997.520324707031 988.068420410156 998.321655273438 997.524658203125
924.255432128906 919.949645996094 933.564880371094 934.259033203125 939.111572265625 935.52587890625 939.735656738281 947.138793945312 939.9091796875 944.561706542969 956.909606933594 964.292419433594 978.155151367188 981.902221679688 983.703063964844 985.445495605469 985.165283203125 996.596130371094 994.693969726562 990.629699707031 980.015991210938 978.889465332031 973.815673828125 974.868408203125 975.60546875 982.056274414062 976.104614257812 967.73388671875 976.017456054688 964.497253417969 972.25390625 973.980102539062 976.8876953125 981.541442871094 985.680358886719 977.834533691406 979.994812011719 975.598449707031 983.53662109375 985.870727539062 978.916381835938 985.082702636719 1001.0185546875 995.592102050781 997.222412109375 999.250366210938
920.622253417969 923.274230957031 933.617553710938 929.466918945312 942.100524902344 942.59228515625 939.545532226562 940.954162597656 936.362915039062 939.42236328125 958.923522949219 963.355590820312 977.708984375 979.985717773438 983.96533203125 993.702026367188 998.616455078125 996.586181640625 987.463989257812 983.630065917969 988.109069824219 988.632751464844 985.689697265625 977.33447265625 976.71923828125 983.527465820312 973.482788085938 972.7548828125 977.808166503906 977.059814453125 981.702270507812 992.02392578125 977.599304199219 985.23876953125 983.645568847656 981.188842773438 981.208435058594 970.512817382812 978.718322753906 984.278991699219 978.846923828125 991.914245605469 997.580383300781 996.815979003906 998.088073730469 1003.69317626953
919.401428222656 930.501770019531 935.122619628906 937.294555664062 930.859741210938 930.763427734375 935.044738769531 934.144104003906 940.559753417969 940.353149414062 957.682189941406 961.349060058594 966.979064941406 982.777221679688 980.175598144531 983.776672363281 995.260681152344 998.332641601562 997.010925292969 995.016418457031 991.386596679688 989.822204589844 986.14697265625 986.045166015625 981.470397949219 982.63623046875 973.832885742188 976.344970703125 974.796630859375 982.113220214844 981.393493652344 986.365478515625 978.094177246094 977.745666503906 981.404296875 986.765563964844 979.96630859375 978.557556152344 981.301025390625 979.962768554688 978.967163085938 992.555114746094 1002.41937255859 994.747985839844 993.651672363281 1013.68426513672
920.943969726562 924.537414550781 927.491455078125 935.988342285156 931.138549804688 937.173645019531 937.629638671875 935.195434570312 940.778015136719 947.26025390625 954.138610839844 960.410888671875 971.590393066406 983.659484863281 987.204406738281 985.870056152344 988.391174316406 987.029235839844 992.59326171875 1004.82305908203 996.465026855469 996.66748046875 995.119812011719 987.615783691406 985.723388671875 991.385803222656 983.07568359375 980.74072265625 976.570739746094 980.041625976562 971.205505371094 977.036376953125 976.996398925781 975.918029785156 975.620727539062 987.287841796875 975.969665527344 979.272888183594 974.265502929688 985.457214355469 979.880432128906 992.130493164062 999.335876464844 1008.70361328125 1011.18084716797 1017.15838623047
925.997680664062 928.635925292969 929.489440917969 931.487243652344 927.003967285156 932.870178222656 939.623657226562 937.696472167969 939.852172851562 951.312255859375 951.767333984375 956.165344238281 972.53466796875 982.83837890625 984.231811523438 981.473266601562 980.418884277344 982.596435546875 999.3759765625 998.986450195312 998.766235351562 995.974670410156 997.169494628906 984.556457519531 983.022277832031 991.816772460938 984.811645507812 979.703430175781 978.513305664062 977.985595703125 976.429626464844 976.937194824219 978.269226074219 983.078430175781 978.779113769531 985.0390625 985.654968261719 983.172973632812 985.134887695312 992.9345703125 983.842102050781 988.471252441406 997.999084472656 1005.69665527344 1007.86877441406 1008.30279541016
934.601989746094 939.822998046875 939.3134765625 931.097778320312 930.397277832031 935.121643066406 937.795227050781 946.626281738281 947.757934570312 947.110534667969 950.542602539062 967.868835449219 972.422058105469 981.75439453125 987.628723144531 984.91162109375 980.554016113281 978.547485351562 987.058654785156 988.142639160156 988.373779296875 987.884155273438 994.904113769531 990.9228515625 984.964294433594 993.474853515625 981.602600097656 985.892211914062 981.523010253906 981.572082519531 983.701721191406 981.162292480469 971.603515625 977.228149414062 978.545043945312 979.260925292969 976.06298828125 982.496154785156 981.67529296875 982.7685546875 981.973754882812 989.610778808594 999.673583984375 1007.35504150391 1007.1220703125 1010.82940673828
