data/zlatibor_dem_simulations/DEMsim48.asc
NCOLS 150
NROWS 100
XLLCORNER 7394249
YLLCORNER 4841999
CELLSIZE 30
NODATA_VALUE -9999
[rows 60 to 79 of 100, columns 92 to 137 of 150]
967.436950683594 976.264709472656 975.927795410156 981.515258789062 972.583190917969 967.124694824219 976.256164550781 987.049377441406 991.539184570312 985.892639160156 985.5830078125 987.238403320312 996.621704101562 983.491271972656 981.977416992188 977.027160644531 975.495239257812 987.516174316406 986.38671875 995.401306152344 1003.57995605469 1009.82006835938 1011.15185546875 1011.33013916016 1007.001953125 1019.31652832031 1014.62091064453 1010.69189453125 1004.30828857422 1008.31829833984 1012.29473876953 1009.19592285156 1017.07196044922 1016.61059570312 1018.35693359375 1031.99877929688 1037.84252929688 1034.64636230469 1045.74658203125 1045.71765136719 1044.23608398438 1048.51623535156 1040.77758789062 1046.07702636719 1042.29431152344 1047.65319824219
971.199462890625 974.577819824219 977.049560546875 982.777770996094 971.313171386719 970.896423339844 982.256225585938 990.295654296875 984.743103027344 992.932189941406 990.815979003906 1000.05297851562 990.287109375 987.901611328125 986.0576171875 989.195556640625 982.361511230469 986.093933105469 987.605590820312 997.608154296875 999.966125488281 1006.64044189453 1013.25592041016 1011.22485351562 1023.69677734375 1012.59313964844 1014.41595458984 1015.04553222656 1007.29278564453 1008.46081542969 1016.11865234375 1021.75543212891 1018.39624023438 1026.44030761719 1028.21887207031 1030.833984375 1028.71716308594 1042.45849609375 1036.50964355469 1036.38610839844 1039.52563476562 1037.05163574219 1029.14050292969 1039.69470214844 1031.986328125 1043.078125
968.331665039062 972.057006835938 973.351135253906 971.278442382812 974.95068359375 980.2734375 980.60595703125 982.082214355469 990.777770996094 1000.46942138672 997.619689941406 1000.42712402344 996.705749511719 989.198303222656 996.367065429688 992.254455566406 978.586791992188 984.210205078125 991.6025390625 999.029357910156 1013.18310546875 1012.08911132812 1015.83276367188 1014.95141601562 1022.05969238281 1020.92822265625 1013.83599853516 1022.07952880859 1016.83673095703 1018.0693359375 1016.51220703125 1020.22479248047 1015.69946289062 1027.70483398438 1032.50939941406 1023.04095458984 1017.39611816406 1036.62109375 1036.01416015625 1035.2451171875 1037.26062011719 1027.20336914062 1023.43634033203 1019.30627441406 1025.86730957031 1024.55834960938
969.437927246094 977.583435058594 974.205200195312 974.044128417969 973.153259277344 985.55224609375 989.905822753906 993.989318847656 988.596313476562 995.164672851562 998.825866699219 1009.54516601562 993.350341796875 987.367248535156 996.742980957031 990.443969726562 978.27880859375 973.673217773438 985.045837402344 995.133728027344 1007.98962402344 1011.9794921875 1005.95617675781 1010.2314453125 1017.05993652344 1022.89709472656 1022.39526367188 1026.05285644531 1032.08142089844 1029.05126953125 1026.9091796875 1016.56878662109 1022.37414550781 1027.03088378906 1023.61193847656 1022.79510498047 1015.71954345703 1032.08618164062 1031.62377929688 1036.064453125 1039.06335449219 1031.89819335938 1027.51171875 1027.57177734375 1024.93591308594 1027.08654785156
975.567443847656 976.391479492188 970.967346191406 980.285949707031 979.078430175781 990.996948242188 989.555114746094 997.520385742188 1003.24639892578 994.89892578125 994.99365234375 996.118530273438 994.261962890625 991.376098632812 987.827270507812 993.650085449219 978.408142089844 980.918273925781 988.755981445312 995.806945800781 994.794067382812 1007.22064208984 1003.65808105469 1007.81530761719 1019.59118652344 1025.19018554688 1033.0703125 1035.50146484375 1035.74597167969 1040.24426269531 1029.48779296875 1032.99694824219 1020.33813476562 1018.58325195312 1018.12469482422 1019.25891113281 1011.97711181641 1018.19555664062 1026.05297851562 1027.88134765625 1021.37567138672 1030.82861328125 1029.11633300781 1024.76049804688 1029.35009765625 1034.96276855469
976.553466796875 969.545837402344 973.565185546875 981.603576660156 983.912170410156 985.635620117188 980.757446289062 991.9150390625 984.473754882812 986.689086914062 993.518859863281 994.073547363281 994.482971191406 1001.43927001953 992.479125976562 992.297546386719 974.797607421875 978.233581542969 991.426818847656 1006.69482421875 1007.92395019531 1015.84674072266 1018.65783691406 1024.53881835938 1019.93115234375 1028.58740234375 1030.91613769531 1037.62121582031 1041.3896484375 1039.19360351562 1030.54479980469 1028.11340332031 1022.90814208984 1015.80670166016 1009.10607910156 1008.29766845703 1016.00402832031 1012.19244384766 1016.39880371094 1015.81262207031 1015.89581298828 1019.43817138672 1023.77990722656 1026.703125 1031.02429199219 1029.95361328125
976.208190917969 975.140380859375 968.838745117188 980.44140625 975.383728027344 978.48486328125 979.595642089844 991.327514648438 999.059143066406 996.108520507812 999.77197265625 997.758483886719 998.588928222656 1002.66546630859 999.474853515625 993.743896484375 992.205871582031 990.043029785156 998.307495117188 1008.02465820312 1017.80389404297 1019.10998535156 1027.49633789062 1033.98767089844 1025.68347167969 1030.10693359375 1035.06323242188 1030.71960449219 1035.87939453125 1038.71826171875 1035.810546875 1029.64318847656 1021.76531982422 1017.72698974609 1016.07165527344 1013.60076904297 1016.30981445312 1008.07452392578 1019.27325439453 1010.15570068359 1008.68017578125 1018.43048095703 1019.44958496094 1015.29125976562 1028.37902832031 1023.57440185547
965.45556640625 969.149841308594 972.071899414062 978.546813964844 983.263366699219 981.709777832031 989.020568847656 993.884216308594 992.68701171875 990.625122070312 993.897277832031 997.228881835938 998.199340820312 993.968994140625 997.954467773438 996.896301269531 996.9482421875 1009.74652099609 999.482604980469 1006.18414306641 1012.83551025391 1016.57098388672 1025.6884765625 1041.16540527344 1028.56237792969 1031.87915039062 1039.84375 1040.8828125 1043.15893554688 1031.35778808594 1027.78137207031 1016.07061767578 1015.79901123047 1019.59393310547 1019.591796875 1011.87133789062 1015.94293212891 1017.30120849609 1017.40466308594 1012.25531005859 1011.25927734375 1021.01104736328 1023.15838623047 1020.64923095703 1021.50311279297 1031.22814941406
977.403076171875 977.215209960938 983.983093261719 989.780944824219 988.985656738281 994.009216308594 993.556762695312 994.6796875 996.7578125 996.13623046875 999.607727050781 997.811218261719 998.982788085938 988.599487304688 1003.35864257812 997.609680175781 995.861206054688 1009.23657226562 1015.13684082031 1023.41778564453 1009.79388427734 1016.26507568359 1021.74957275391 1038.36279296875 1031.68225097656 1040.73876953125 1038.02075195312 1041.64953613281 1044.92504882812 1039.45544433594 1032.61096191406 1021.82452392578 1026.00476074219 1023.97430419922 1021.46783447266 1019.88397216797 1020.64306640625 1022.83850097656 1022.93310546875 1023.02569580078 1021.61151123047 1018.04846191406 1017.71319580078 1015.73992919922 1021.65435791016 1024.10229492188
979.745178222656 975.543212890625 986.467895507812 988.971374511719 992.850463867188 1001.94476318359 993.710510253906 990.286254882812 1001.61645507812 1006.77301025391 1010.45947265625 1006.12713623047 997.326721191406 1006.57879638672 1004.63555908203 1004.99005126953 1003.28125 1008.78088378906 1026.25988769531 1029.58996582031 1022.45532226562 1019.29602050781 1018.95935058594 1028.9306640625 1036.83081054688 1036.93151855469 1041.82080078125 1047.275390625 1055.82019042969 1041.78955078125 1038.14111328125 1035.93615722656 1024.40881347656 1012.88635253906 1023.72406005859 1017.21032714844 1006.91571044922 1018.07281494141 1025.80200195312 1017.03411865234 1020.39050292969 1018.75286865234 1014.21600341797 1024.69763183594 1024.47937011719 1027.69140625
972.462463378906 976.725158691406 985.618103027344 989.064636230469 991.387756347656 1000.99884033203 995.378967285156 1002.45562744141 999.857543945312 1003.74377441406 1014.25762939453 1003.14691162109 1003.39953613281 1007.4345703125 1005.78039550781 1003.8857421875 1014.74835205078 1024.72680664062 1026.4033203125 1027.43518066406 1025.73559570312 1029.37194824219 1019.51403808594 1024.8486328125 1036.70971679688 1035.13598632812 1042.86853027344 1040.7431640625 1044.8935546875 1045.2626953125 1043.74096679688 1035.46276855469 1023.87512207031 1020.18286132812 1016.31597900391 1016.07397460938 1021.61737060547 1019.24938964844 1020.70104980469 1017.81616210938 1022.83624267578 1023.13311767578 1020.63873291016 1031.09851074219 1028.11096191406 1023.45092773438
976.526062011719 981.991333007812 983.563903808594 989.895141601562 994.546569824219 1004.08929443359 998.938720703125 997.114074707031 1004.21807861328 1013.93811035156 1019.76275634766 1012.36865234375 1012.97351074219 1010.69213867188 1008.22961425781 1003.39349365234 1015.369140625 1026.68811035156 1029.458984375 1028.66186523438 1032.26879882812 1027.40161132812 1022.69262695312 1031.37194824219 1033.81176757812 1044.92443847656 1043.73083496094 1037.99462890625 1041.79333496094 1047.62805175781 1036.10278320312 1034.31408691406 1028.18615722656 1028.26770019531 1018.88232421875 1021.23345947266 1013.34344482422 1020.73028564453 1020.16125488281 1024.84020996094 1024.71740722656 1027.32897949219 1019.84051513672 1016.74133300781 1024.63623046875 1023.50726318359
985.203063964844 980.669555664062 987.012512207031 991.620422363281 996.560729980469 1000.53820800781 997.893005371094 1000.86114501953 1003.93841552734 1003.59747314453 1019.06420898438 1012.72619628906 1014.306640625 1012.14825439453 1015.38513183594 1012.54705810547 1033.98303222656 1039.84924316406 1030.30981445312 1036.76416015625 1027.64111328125 1024.04846191406 1025.99548339844 1026.29846191406 1030.65954589844 1037.63171386719 1033.76477050781 1038.47729492188 1048.38024902344 1047.52233886719 1039.30053710938 1030.05810546875 1026.25061035156 1024.56201171875 1019.17230224609 1011.38153076172 1009.88366699219 1012.58508300781 1021.81085205078 1022.05993652344 1030.40002441406 1025.91125488281 1023.92810058594 1024.42822265625 1022.94305419922 1023.61938476562
981.030334472656 990.877624511719 994.977355957031 994.636657714844 985.210266113281 998.872924804688 1006.66680908203 1006.50158691406 1005.54351806641 1009.87420654297 1013.85125732422 1013.03497314453 1017.14300537109 1010.962890625 1019.25244140625 1024.74084472656 1029.30395507812 1040.65832519531 1032.56274414062 1036.94580078125 1031.90710449219 1022.48645019531 1016.7900390625 1020.37860107422 1029.05236816406 1025.24768066406 1024.37475585938 1032.42907714844 1037.98217773438 1041.29333496094 1043.93640136719 1031.21447753906 1031.96362304688 1027.01794433594 1014.27508544922 1007.72003173828 1007.57092285156 1013.17413330078 1019.50329589844 1021.06585693359 1015.47094726562 1024.99267578125 1014.60809326172 1011.6708984375 1024.85034179688 1021.01129150391
983.959899902344 989.123779296875 989.031616210938 989.890075683594 998.358764648438 1005.56323242188 1016.80224609375 1011.09155273438 1005.13482666016 1008.66961669922 1013.25451660156 1009.22137451172 1013.60076904297 1014.77923583984 1022.32727050781 1033.73889160156 1035.14660644531 1036.54223632812 1034.92578125 1036.29370117188 1030.95727539062 1016.76184082031 1016.08813476562 1017.74554443359 1025.16687011719 1015.05877685547 1018.15667724609 1028.57653808594 1027.07922363281 1041.95727539062 1031.51440429688 1034.8486328125 1027.13830566406 1024.38891601562 1017.20501708984 1015.10107421875 1008.19635009766 1012.53698730469 1016.91839599609 1018.61694335938 1014.81298828125 1012.63800048828 1001.36798095703 1013.31964111328 1016.68743896484 1014.35150146484
987.715148925781 988.352111816406 985.769226074219 988.909362792969 992.355041503906 997.900085449219 1013.05474853516 1008.3427734375 1005.20477294922 1008.55426025391 1004.80358886719 1015.77551269531 1012.93011474609 1012.38500976562 1020.84411621094 1029.59399414062 1036.13073730469 1041.17565917969 1035.8046875 1036.02124023438 1033.88684082031 1018.12109375 1015.03240966797 1020.42474365234 1016.73114013672 1015.63110351562 1022.32507324219 1020.17370605469 1026.07604980469 1029.13403320312 1027.85009765625 1028.81579589844 1025.24841308594 1017.5537109375 1012.23370361328 1007.93133544922 1005.23327636719 1001.77899169922 1007.83941650391 1008.82830810547 1014.02655029297 1015.83294677734 1010.58081054688 1001.39910888672 1012.89965820312 1015.77404785156
984.560668945312 987.078002929688 989.037475585938 988.77490234375 988.538818359375 1001.47729492188 1001.36254882812 1003.52764892578 997.108459472656 1002.65661621094 1006.56207275391 1006.86206054688 1009.52130126953 1005.68536376953 1013.92987060547 1032.29565429688 1039.35119628906 1037.064453125 1026.18884277344 1022.77423095703 1027.83154296875 1027.97021484375 1022.46429443359 1013.57122802734 1015.2236328125 1012.59948730469 1014.23333740234 1015.87121582031 1018.64184570312 1019.82116699219 1018.54779052734 1019.90057373047 1015.47821044922 1017.69989013672 1011.26995849609 1009.57763671875 1003.19366455078 1001.39086914062 1001.26916503906 1010.26373291016 1004.74536132812 1003.38262939453 1002.47692871094 1007.197265625 1002.69128417969 1014.58355712891
980.347778320312 985.973876953125 988.5302734375 988.76904296875 987.704284667969 991.6484375 1002.54162597656 1006.37713623047 1005.60571289062 1001.79406738281 1008.18804931641 1013.71435546875 1006.80694580078 1009.64923095703 1013.94830322266 1025.29406738281 1030.68884277344 1033.52917480469 1035.67443847656 1037.22692871094 1032.03576660156 1026.53869628906 1019.42602539062 1023.73999023438 1027.20385742188 1017.04388427734 1012.55993652344 1014.11798095703 1011.80035400391 1010.91125488281 1015.31176757812 1019.12683105469 1022.69616699219 1015.52374267578 1009.43322753906 1009.00628662109 1005.42083740234 1005.70843505859 1005.751953125 1008.51171875 1000.17242431641 1000.32916259766 997.176452636719 998.306884765625 1007.197265625 1006.57458496094
976.567077636719 983.920959472656 985.5625 982.363891601562 981.182800292969 994.15380859375 1003.34020996094 997.946899414062 995.339965820312 1001.60003662109 1008.06158447266 1009.31420898438 997.610229492188 1010.47241210938 1010.49780273438 1018.90161132812 1020.69854736328 1030.46179199219 1035.09326171875 1043.05810546875 1036.56677246094 1025.53112792969 1023.91107177734 1028.09448242188 1025.80529785156 1027.34936523438 1017.51715087891 1006.83465576172 1007.43041992188 1002.88122558594 1015.26361083984 1018.17565917969 1013.48773193359 1013.10382080078 1010.37951660156 1005.38482666016 1005.65087890625 1008.7763671875 1007.53955078125 1004.98321533203 1000.7421875 990.944885253906 994.852966308594 997.421203613281 1003.3046875 1003.93609619141
990.328308105469 993.661682128906 983.637634277344 979.458679199219 984.614868164062 991.713989257812 1000.52490234375 1004.99914550781 997.555969238281 1005.29034423828 1012.20935058594 1012.11090087891 1003.85797119141 1008.3935546875 1010.56225585938 1014.15313720703 1021.939453125 1026.03881835938 1039.98693847656 1044.95361328125 1039.24768066406 1032.40197753906 1025.93505859375 1031.40979003906 1028.90844726562 1027.02270507812 1019.50402832031 1007.70129394531 1002.66131591797 1005.80334472656 1008.20623779297 1007.62280273438 1008.14813232422 1007.26000976562 1001.43865966797 1007.08929443359 998.079406738281 1003.30834960938 1006.15045166016 1002.5029296875 989.556213378906 988.8583984375 996.856506347656 998.229614257812 995.117553710938 994.089782714844
