data/zlatibor_dem_simulations/DEMsim44.asc
NCOLS 150
NROWS 100
XLLCORNER 7394249
YLLCORNER 4841999
CELLSIZE 30
NODATA_VALUE -9999
[rows 0 to 19 of 100, columns 92 to 137 of 150]
920.293395996094 905.509765625 895.7021484375 881.594177246094 877.801818847656 860.208679199219 865.611389160156 862.909118652344 853.66455078125 848.090026855469 859.718505859375 856.141784667969 852.108581542969 846.30126953125 852.962280273438 858.001647949219 866.103393554688 877.823181152344 881.330261230469 884.227844238281 887.261535644531 890.419616699219 902.932373046875 904.702392578125 910.163330078125 922.982299804688 923.955932617188 923.321838378906 929.591003417969 938.01171875 937.949829101562 942.542785644531 950.057373046875 963.896545410156 961.921142578125 968.16552734375 968.850219726562 976.166931152344 978.249816894531 989.062316894531 1000.64080810547 1000.58251953125 1017.34881591797 1028.54345703125 1035.96508789062 1046.28002929688
912.98583984375 909.014343261719 902.111022949219 887.944396972656 880.536071777344 871.472839355469 871.156799316406 868.800720214844 871.117980957031 855.301696777344 852.965942382812 856.131164550781 853.608581542969 853.980346679688 856.960754394531 863.398986816406 861.926574707031 868.631896972656 878.302795410156 883.208740234375 888.279663085938 896.100830078125 902.968811035156 911.468872070312 908.542175292969 912.347045898438 910.411499023438 916.15771484375 926.505310058594 929.762573242188 936.415466308594 942.05712890625 952.419555664062 948.764282226562 955.633605957031 958.444885253906 965.761169433594 973.917541503906 981.657348632812 991.617431640625 993.059692382812 1002.5517578125 1015.18090820312 1032.12707519531 1041.30200195312 1043.60559082031
916.508728027344 910.4853515625 904.235595703125 889.637817382812 880.085144042969 880.039794921875 886.806762695312 886.104675292969 884.243225097656 871.546325683594 861.234008789062 856.708984375 851.093383789062 859.380737304688 864.8447265625 861.394775390625 878.445556640625 872.515869140625 874.232604980469 884.037170410156 884.636779785156 902.013061523438 901.837524414062 911.435180664062 907.153747558594 910.48828125 917.362854003906 924.831420898438 928.956298828125 935.895202636719 935.637084960938 944.245971679688 951.054504394531 947.600524902344 947.168212890625 957.112365722656 961.905090332031 972.969787597656 981.924011230469 992.889709472656 1003.7880859375 1009.81976318359 1018.37170410156 1032.87768554688 1040.72534179688 1049.07275390625
917.971862792969 917.887329101562 904.528015136719 899.449829101562 896.915649414062 892.488891601562 901.787719726562 890.776489257812 897.271606445312 880.6181640625 870.722106933594 860.372131347656 862.838317871094 862.39990234375 867.352661132812 861.453308105469 861.00439453125 868.450744628906 873.260559082031 872.560424804688 887.917663574219 899.120178222656 902.128540039062 904.29638671875 897.235412597656 915.987121582031 921.945190429688 929.647521972656 937.609130859375 938.00537109375 943.222229003906 946.01708984375 946.571105957031 955.207336425781 956.723571777344 961.015258789062 976.049560546875 974.254455566406 983.322143554688 995.531311035156 1002.99310302734 1016.60583496094 1036.28967285156 1040.20556640625 1050.00537109375 1054.49072265625
932.347045898438 923.443603515625 911.880554199219 904.9873046875 906.7314453125 900.660461425781 900.603515625 890.919250488281 895.361572265625 881.088684082031 877.006164550781 863.741760253906 860.770141601562 867.768432617188 870.386291503906 861.256713867188 864.021728515625 883.050109863281 870.707275390625 874.7314453125 881.838745117188 887.162048339844 891.30322265625 907.473876953125 903.372375488281 911.146240234375 928.959594726562 933.564025878906 931.419311523438 937.784729003906 938.731323242188 943.938598632812 942.782897949219 951.403198242188 958.01953125 964.634460449219 981.256164550781 980.9921875 988.933715820312 1001.13006591797 1010.39294433594 1023.71490478516 1035.263671875 1040.01354980469 1054.97448730469 1051.75598144531
940.64794921875 934.169799804688 917.895751953125 908.52783203125 900.689636230469 898.656860351562 900.972351074219 890.701293945312 893.29736328125 890.722839355469 872.0087890625 876.01611328125 875.079956054688 878.771545410156 880.365844726562 879.55517578125 878.81689453125 878.728759765625 874.697998046875 871.457885742188 876.021545410156 886.002502441406 899.649780273438 906.796142578125 907.923217773438 911.780334472656 922.078125 931.660217285156 936.943908691406 936.579406738281 936.183227539062 934.90380859375 937.529663085938 953.397705078125 964.045471191406 965.566345214844 974.14990234375 977.234924316406 990.978698730469 997.676208496094 1008.38159179688 1029.40295410156 1044.33776855469 1048.02978515625 1057.03234863281 1059.11291503906
944.666320800781 942.541748046875 931.327270507812 915.888549804688 903.913513183594 905.368835449219 897.018493652344 894.551818847656 896.5283203125 888.330017089844 887.995971679688 889.27685546875 885.434753417969 883.010803222656 888.146423339844 889.909912109375 883.223449707031 870.475646972656 865.8935546875 869.747924804688 876.702514648438 894.809692382812 905.999206542969 909.413879394531 906.407043457031 916.216369628906 920.41162109375 923.127685546875 929.690673828125 938.091979980469 942.133117675781 933.553283691406 943.870422363281 948.827392578125 955.255615234375 959.802856445312 972.639526367188 986.067443847656 1001.08245849609 1002.66058349609 1009.04968261719 1029.60363769531 1044.67492675781 1043.40600585938 1059.21459960938 1062.30749511719
940.366394042969 930.875915527344 931.552734375 917.056274414062 912.714965820312 912.214294433594 902.379333496094 902.71484375 894.013061523438 896.773681640625 894.0166015625 893.845336914062 877.469299316406 886.9775390625 886.555908203125 889.07275390625 878.394653320312 880.054077148438 876.755187988281 872.391662597656 887.037963867188 896.499267578125 902.767883300781 905.80126953125 909.860290527344 908.793579101562 918.674438476562 923.844787597656 931.067504882812 942.789184570312 945.553405761719 944.007385253906 942.809692382812 959.282409667969 962.744995117188 970.211364746094 975.663879394531 985.363159179688 1000.73846435547 1003.97674560547 1015.60931396484 1030.68322753906 1042.73779296875 1052.65209960938 1065.67712402344 1077.20471191406
942.040405273438 931.797180175781 926.107604980469 919.238891601562 912.841735839844 914.02490234375 906.740417480469 907.206726074219 901.327697753906 905.685852050781 903.702941894531 900.323425292969 887.613647460938 889.184631347656 894.16650390625 894.1689453125 894.157653808594 899.231750488281 895.435302734375 886.925170898438 882.136596679688 889.57373046875 899.142150878906 914.832214355469 919.940551757812 918.453552246094 912.646118164062 924.959899902344 923.895812988281 943.58642578125 952.635192871094 951.42822265625 948.391906738281 952.030212402344 965.588989257812 976.778015136719 978.001159667969 986.06005859375 997.054748535156 1006.3798828125 1013.5849609375 1028.84204101562 1045.26293945312 1051.71691894531 1060.15979003906 1073.47399902344
946.459411621094 941.761901855469 929.2197265625 919.722106933594 912.646728515625 906.724792480469 902.744689941406 909.454040527344 908.898010253906 906.998718261719 904.573547363281 908.251098632812 901.487060546875 897.754211425781 911.147583007812 907.442687988281 912.249572753906 910.818115234375 900.649108886719 895.516479492188 893.523193359375 896.448059082031 901.539123535156 903.214965820312 915.741516113281 922.737915039062 920.827453613281 919.272277832031 930.756286621094 937.637573242188 949.814086914062 947.892517089844 954.966247558594 966.629211425781 971.076599121094 981.337951660156 989.516052246094 993.738830566406 997.476318359375 1019.56939697266 1025.18383789062 1037.50744628906 1049.79125976562 1057.486328125 1070.43872070312 1076.9814453125
941.632202148438 936.17431640625 940.028442382812 934.8525390625 920.994201660156 918.451416015625 909.267395019531 906.377624511719 905.887573242188 914.799438476562 916.84521484375 920.960327148438 915.596130371094 915.444213867188 921.700317382812 920.361450195312 924.367309570312 923.269287109375 904.436157226562 908.099060058594 918.441589355469 916.087463378906 913.263000488281 918.135375976562 920.768432617188 926.870727539062 918.979614257812 916.147644042969 928.768798828125 938.925170898438 945.841064453125 956.259094238281 973.403198242188 969.250549316406 981.362609863281 987.474548339844 991.439025878906 993.605224609375 1008.46832275391 1029.95690917969 1021.92034912109 1040.64196777344 1048.19580078125 1063.59240722656 1070.12719726562 1074.44543457031
939.356262207031 934.496704101562 935.8505859375 931.275756835938 932.254211425781 925.808044433594 914.693664550781 916.111633300781 923.075500488281 920.3466796875 924.706726074219 926.219665527344 928.294189453125 933.652282714844 937.54443359375 940.388000488281 937.449523925781 932.091125488281 925.724975585938 924.382507324219 925.5322265625 919.342224121094 914.279479980469 925.558837890625 922.279357910156 919.784423828125 914.824768066406 923.147705078125 934.063415527344 943.432861328125 946.249084472656 958.491027832031 978.161315917969 979.819274902344 983.454772949219 988.512573242188 995.103759765625 1005.41815185547 1021.3603515625 1029.35388183594 1034.08569335938 1045.48071289062 1054.43225097656 1069.30078125 1068.68017578125 1068.96118164062
935.389099121094 925.682678222656 927.322570800781 924.567016601562 933.557922363281 930.886413574219 926.471069335938 931.585693359375 929.532348632812 931.191345214844 932.709411621094 942.744079589844 955.959350585938 952.09912109375 949.462097167969 945.924377441406 948.354736328125 949.751831054688 945.532592773438 939.499572753906 927.474426269531 919.361511230469 914.118408203125 923.226379394531 920.31201171875 917.373474121094 923.046203613281 922.509704589844 940.561401367188 946.629455566406 955.704162597656 962.747131347656 979.131713867188 985.083984375 989.253784179688 992.684753417969 1000.31854248047 1012.70886230469 1021.80950927734 1037.76879882812 1037.19848632812 1051.91760253906 1051.51281738281 1059.08508300781 1069.60791015625 1081.06604003906
934.056274414062 936.020629882812 922.736083984375 923.517944335938 928.56591796875 940.895629882812 947.509582519531 946.995422363281 948.886047363281 947.396179199219 949.559814453125 961.955810546875 963.916076660156 947.526000976562 949.176025390625 956.764099121094 952.261840820312 954.909545898438 962.574157714844 950.087585449219 943.078430175781 921.175109863281 918.697937011719 915.375854492188 914.819946289062 915.904541015625 931.050231933594 940.487487792969 945.397277832031 949.648193359375 948.6884765625 958.712524414062 973.353576660156 997.870971679688 998.822021484375 1002.81475830078 1012.57696533203 1016.02209472656 1024.37561035156 1037.267578125 1038.51647949219 1049.90234375 1052.95812988281 1064.20397949219 1073.91381835938 1080.83630371094
947.704040527344 946.556823730469 935.906066894531 935.085815429688 940.372497558594 945.56787109375 950.952575683594 950.720581054688 955.593811035156 959.913635253906 955.101013183594 962.101440429688 960.81787109375 957.354919433594 958.927124023438 957.1201171875 959.661499023438 966.419189453125 959.835632324219 952.160827636719 945.073608398438 928.879821777344 922.046997070312 921.894836425781 919.26025390625 915.287353515625 927.84912109375 937.171203613281 941.777770996094 958.182983398438 970.121887207031 966.899841308594 987.755065917969 997.366760253906 1003.23577880859 1003.39080810547 1013.712890625 1024.73413085938 1030.55541992188 1040.76147460938 1041.2861328125 1043.66625976562 1053.83837890625 1065.60693359375 1081.33129882812 1079.63110351562
951.746520996094 958.571472167969 946.854919433594 944.994201660156 943.033203125 956.061096191406 963.148132324219 964.635559082031 964.018493652344 966.556396484375 958.436645507812 967.303039550781 966.518615722656 963.252868652344 955.930236816406 961.713806152344 973.200073242188 979.57763671875 967.889831542969 951.984619140625 940.519775390625 937.5087890625 927.704711914062 924.2109375 922.506530761719 932.609130859375 930.265991210938 939.880249023438 954.024475097656 958.445373535156 974.507141113281 980.835510253906 988.089416503906 993.643859863281 1003.59918212891 1005.77038574219 1021.49621582031 1024.35864257812 1022.16711425781 1034.18627929688 1044.84094238281 1052.55383300781 1052.17175292969 1066.67114257812 1072.97497558594 1070.99243164062
960.452575683594 966.640441894531 951.3291015625 954.721740722656 960.700073242188 959.838195800781 970.360778808594 979.253295898438 975.166259765625 977.904296875 965.717956542969 966.558715820312 967.709411621094 968.223205566406 977.168579101562 980.713256835938 974.714660644531 980.528625488281 966.552124023438 953.506652832031 941.022705078125 936.91796875 934.596923828125 927.775268554688 927.574645996094 941.153137207031 944.623718261719 944.416137695312 960.134460449219 966.956237792969 976.349792480469 989.276184082031 994.955932617188 1002.12951660156 1005.41741943359 1013.30847167969 1018.69073486328 1018.1435546875 1026.14294433594 1044.42431640625 1043.52270507812 1055.96630859375 1053.26000976562 1045.70349121094 1069.04602050781 1074.7607421875
972.5712890625 969.858337402344 952.9375 957.114624023438 961.217407226562 966.021850585938 973.357727050781 976.641784667969 980.890808105469 980.769775390625 969.042236328125 969.859741210938 973.950256347656 969.009887695312 975.853820800781 977.446533203125 976.25927734375 975.615539550781 973.704040527344 957.381958007812 954.75 943.962341308594 938.709289550781 932.117797851562 932.14306640625 940.052612304688 941.916809082031 942.671447753906 966.747436523438 982.216369628906 978.665466308594 990.677124023438 1007.19366455078 1005.71551513672 1011.39819335938 1023.84985351562 1012.61889648438 1018.06213378906 1032.63330078125 1038.48291015625 1050.49157714844 1059.03820800781 1054.75219726562 1051.51489257812 1064.42211914062 1079.16650390625
977.810974121094 978.298217773438 976.060607910156 971.910461425781 979.276062011719 966.602966308594 975.083251953125 987.314208984375 979.871459960938 984.7373046875 985.585571289062 982.432312011719 974.035400390625 973.936157226562 979.174133300781 982.438110351562 985.867248535156 983.016174316406 976.444946289062 973.272827148438 958.814636230469 943.27392578125 930.2646484375 933.7919921875 931.757751464844 937.519592285156 947.473388671875 952.987365722656 975.580139160156 985.597045898438 983.294555664062 999.129333496094 1007.3916015625 1008.84814453125 1010.13903808594 1020.11163330078 1021.15240478516 1023.07641601562 1028.48608398438 1038.162109375 1045.71704101562 1046.90832519531 1052.32958984375 1055.43823242188 1059.69079589844 1070.85095214844
989.671447753906 999.536682128906 1000.94421386719 995.912475585938 977.973083496094 983.621704101562 985.381591796875 991.511047363281 985.862487792969 991.484680175781 996.203857421875 985.9013671875 981.040100097656 977.235534667969 983.160705566406 988.299987792969 982.58251953125 979.977355957031 970.849792480469 968.588134765625 956.158813476562 947.015197753906 931.040832519531 932.622009277344 933.418640136719 934.687377929688 941.6171875 959.227600097656 976.232421875 981.546936035156 992.8095703125 1008.00512695312 1011.56463623047 1008.46209716797 1010.099609375 1032.15002441406 1034.36437988281 1033.36437988281 1044.70166015625 1046.10119628906 1040.1025390625 1035.06567382812 1051.48571777344 1059.1259765625 1057.94958496094 1065.98889160156
