data/zlatibor_dem_simulations/DEMsim83.asc
NCOLS 150
NROWS 100
XLLCORNER 7394249
YLLCORNER 4841999
CELLSIZE 30
NODATA_VALUE -9999
[rows 40 to 59 of 100, columns 0 to 45 of 150]
957.981872558594 964.749938964844 968.100463867188 955.709289550781 949.827819824219 949.367858886719 949.802429199219 966.2333984375 957.710021972656 963.943115234375 972.206604003906 975.195922851562 969.565856933594 973.228576660156 970.416625976562 971.375610351562 969.110046386719 976.407409667969 979.061706542969 977.741638183594 982.102172851562 982.637878417969 980.48388671875 976.350524902344 983.648010253906 979.274047851562 971.480163574219 973.050415039062 968.778930664062 969.979064941406 977.573791503906 977.439819335938 976.437927246094 978.999206542969 977.564758300781 980.421447753906 966.896728515625 975.914978027344 969.169616699219 967.523254394531 965.987915039062 968.436401367188 972.077392578125 972.637512207031 977.338745117188 971.641357421875
957.314636230469 963.614624023438 966.042175292969 958.129821777344 958.760314941406 961.06494140625 947.566650390625 957.791687011719 954.687683105469 963.798461914062 975.402587890625 979.019470214844 975.1015625 978.560668945312 974.450073242188 962.340637207031 974.662536621094 980.742431640625 980.717651367188 966.7587890625 977.876770019531 978.505065917969 979.157958984375 972.6328125 974.732421875 973.08984375 970.271545410156 969.650634765625 969.169250488281 968.23046875 976.197021484375 977.382568359375 981.833312988281 978.190246582031 977.600402832031 975.969848632812 976.729553222656 975.738403320312 973.608642578125 965.469848632812 964.503662109375 972.591674804688 969.045532226562 960.149719238281 973.470642089844 967.980285644531
961.912048339844 959.28076171875 954.334838867188 954.222595214844 959.640014648438 956.526977539062 957.9970703125 960.948913574219 955.260925292969 959.734680175781 967.583923339844 970.875061035156 969.776977539062 981.92724609375 978.203796386719 978.191711425781 974.893493652344 987.537536621094 973.167053222656 961.804626464844 971.950439453125 973.764221191406 971.035461425781 968.232238769531 972.330505371094 965.828735351562 967.862854003906 968.886596679688 982.21923828125 974.582153320312 976.587463378906 979.240539550781 983.81494140625 978.019226074219 969.78515625 973.3544921875 972.420593261719 965.527648925781 961.356018066406 968.868591308594 968.100769042969 970.264770507812 967.4365234375 965.839050292969 969.003662109375 964.544921875
948.668823242188 950.634155273438 943.973022460938 949.127746582031 955.015930175781 952.555908203125 960.5107421875 965.98583984375 959.356628417969 967.709045410156 964.089233398438 962.576843261719 976.827697753906 971.105041503906 973.088012695312 982.972290039062 983.922485351562 975.051818847656 975.994445800781 979.49267578125 965.803466796875 980.149047851562 972.305053710938 970.902954101562 962.481872558594 959.797058105469 970.4677734375 977.77880859375 980.458251953125 977.147827148438 979.990905761719 981.52392578125 982.738220214844 973.308288574219 979.166931152344 974.633178710938 969.74169921875 967.25634765625 976.463928222656 974.386779785156 968.72119140625 965.879211425781 968.49951171875 973.189758300781 964.32470703125 969.274353027344
948.761901855469 948.294799804688 948.377746582031 956.853942871094 955.776306152344 957.867370605469 961.727661132812 962.811950683594 964.086791992188 973.411926269531 973.536987304688 967.139770507812 969.779052734375 972.093933105469 978.25 984.290832519531 986.818420410156 984.347045898438 982.328674316406 974.336547851562 966.976379394531 969.884338378906 971.874877929688 965.119506835938 966.427795410156 960.373046875 975.224426269531 979.328918457031 977.262084960938 980.463745117188 980.502746582031 980.706604003906 985.421325683594 978.992858886719 973.863891601562 967.649780273438 966.866577148438 974.110595703125 978.271362304688 973.434204101562 973.048156738281 964.132141113281 970.613708496094 967.084106445312 963.899536132812 969.486450195312
944.221313476562 951.58837890625 957.124267578125 959.074340820312 966.522094726562 959.884948730469 958.642944335938 961.493713378906 962.645385742188 963.952026367188 970.892700195312 970.782592773438 974.305480957031 974.773071289062 969.052978515625 981.737365722656 978.722961425781 976.996765136719 978.723083496094 975.260681152344 964.92138671875 966.021484375 966.305786132812 959.543334960938 962.057006835938 967.286254882812 968.863037109375 969.222717285156 973.514343261719 976.453674316406 977.271850585938 985.232788085938 978.46484375 981.238464355469 975.313842773438 962.104858398438 964.853515625 973.027770996094 968.073913574219 963.802551269531 974.092102050781 965.495056152344 970.305725097656 971.436584472656 961.777160644531 961.237243652344
951.211975097656 952.233520507812 954.783752441406 961.635986328125 963.867553710938 962.165893554688 959.692016601562 963.27001953125 964.73291015625 966.184997558594 967.839965820312 969.713500976562 974.172119140625 969.349426269531 976.813171386719 983.484680175781 975.630859375 974.535583496094 971.340759277344 974.501098632812 964.068664550781 963.699584960938 970.185302734375 963.099060058594 963.145751953125 970.897277832031 972.1708984375 970.357116699219 972.970764160156 977.623962402344 976.680603027344 979.579528808594 973.234313964844 975.916809082031 976.666137695312 963.037963867188 965.981994628906 963.684753417969 954.721435546875 952.999328613281 965.073120117188 966.001281738281 964.549133300781 970.900573730469 963.428466796875 962.109619140625
947.254577636719 952.12939453125 961.105285644531 967.390075683594 962.993225097656 964.49658203125 962.660705566406 964.446166992188 964.4541015625 964.215209960938 971.409057617188 975.334655761719 978.887573242188 971.64404296875 975.462585449219 981.685668945312 974.948852539062 971.838195800781 971.218688964844 981.752563476562 970.270263671875 967.510925292969 965.362060546875 964.411010742188 965.891052246094 967.986999511719 967.5478515625 970.719848632812 973.461059570312 974.169555664062 969.712707519531 978.083374023438 984.056274414062 979.026550292969 970.000183105469 968.965881347656 957.955383300781 949.833740234375 945.362121582031 947.286743164062 960.739685058594 961.1640625 967.630187988281 962.853210449219 962.504943847656 964.273559570312
952.240905761719 956.714599609375 964.011108398438 967.364501953125 965.43017578125 963.451599121094 959.540832519531 963.59521484375 970.805358886719 975.754760742188 967.152099609375 971.480712890625 978.753479003906 979.455200195312 982.212463378906 981.818176269531 970.50927734375 975.447448730469 982.072937011719 982.769409179688 969.067810058594 967.676513671875 960.550598144531 968.161437988281 969.627624511719 968.167541503906 964.825988769531 967.742614746094 970.416015625 964.993530273438 967.639587402344 969.389526367188 973.950927734375 972.467163085938 965.518615722656 967.665222167969 958.7216796875 956.59619140625 948.142211914062 956.206787109375 958.973266601562 956.221801757812 958.229553222656 964.943359375 964.076232910156 963.8564453125
950.360168457031 961.470275878906 962.848815917969 960.689453125 965.145202636719 968.015258789062 963.810729980469 963.578430175781 969.370666503906 975.741943359375 970.465148925781 969.226867675781 980.63330078125 983.3525390625 989.269470214844 986.598937988281 977.982543945312 978.183227539062 977.407104492188 977.34765625 974.410583496094 970.688415527344 965.528137207031 960.51806640625 963.225891113281 976.230407714844 969.209838867188 968.990295410156 971.390502929688 967.5595703125 966.275268554688 966.629516601562 973.403930664062 976.046264648438 973.860168457031 967.490783691406 964.666870117188 961.224487304688 956.848449707031 966.095581054688 960.096252441406 963.67431640625 962.732666015625 958.474914550781 951.295471191406 958.812255859375
953.55908203125 956.353942871094 964.458618164062 956.996643066406 959.240417480469 962.098693847656 969.196899414062 967.240173339844 973.556335449219 973.339782714844 964.607971191406 977.107116699219 975.494201660156 979.928100585938 977.915710449219 976.251708984375 980.503479003906 986.502807617188 979.399719238281 975.061340332031 972.681762695312 956.7822265625 960.07763671875 965.026184082031 961.787170410156 968.791809082031 962.408630371094 962.181213378906 964.700988769531 972.281494140625 972.344116210938 966.81787109375 981.214965820312 981.447143554688 976.481140136719 972.698669433594 964.672607421875 969.589294433594 965.043334960938 970.831298828125 960.92236328125 966.138977050781 962.497192382812 961.804565429688 958.638671875 960.244140625
962.970458984375 962.214599609375 964.401672363281 960.09423828125 961.690673828125 963.846496582031 964.262145996094 963.884582519531 976.95068359375 972.230163574219 971.521667480469 978.395263671875 982.402282714844 979.273254394531 977.169494628906 969.038208007812 967.624572753906 979.882995605469 976.096862792969 974.370239257812 966.095031738281 958.744201660156 960.623352050781 965.304931640625 966.627502441406 960.475036621094 956.229370117188 956.427124023438 972.323120117188 974.467590332031 981.753845214844 980.987426757812 980.539916992188 979.706115722656 977.051574707031 970.454406738281 966.600891113281 965.845703125 962.222412109375 967.212585449219 962.755004882812 963.017883300781 961.215698242188 964.205200195312 953.827026367188 964.805236816406
964.323791503906 965.986206054688 966.167419433594 953.640686035156 970.13232421875 972.151000976562 972.466735839844 968.150268554688 977.394714355469 971.328552246094 975.458923339844 976.516906738281 980.904907226562 976.355407714844 969.301635742188 960.96337890625 960.220397949219 969.467102050781 979.816528320312 969.451477050781 964.233520507812 959.722534179688 963.142028808594 969.144897460938 962.153015136719 963.058166503906 954.790405273438 959.453796386719 972.625366210938 974.404602050781 970.722717285156 970.926330566406 977.596008300781 981.538024902344 975.38818359375 962.795043945312 955.900512695312 961.988830566406 960.325500488281 960.223266601562 959.577270507812 964.569458007812 966.348815917969 968.173217773438 964.193908691406 961.59033203125
973.931762695312 970.30810546875 967.583984375 967.436157226562 966.426574707031 967.073486328125 980.623596191406 971.788452148438 978.560424804688 969.00048828125 972.091491699219 971.416748046875 977.448364257812 976.163513183594 968.136779785156 960.678833007812 963.4599609375 968.395812988281 977.841796875 968.373840332031 969.058959960938 965.134216308594 967.938720703125 966.770568847656 956.964538574219 956.104675292969 963.994079589844 961.879699707031 964.001708984375 966.4130859375 971.226867675781 963.937438964844 973.700378417969 978.978271484375 975.007873535156 965.398681640625 958.202575683594 961.691589355469 951.669372558594 955.693115234375 951.59033203125 959.462707519531 957.732971191406 957.290344238281 956.210266113281 959.81201171875
963.338623046875 967.574096679688 963.511901855469 969.281921386719 972.625366210938 970.34912109375 967.635009765625 973.149597167969 969.642700195312 974.358154296875 970.60791015625 969.790649414062 976.426818847656 975.248962402344 967.688354492188 971.801330566406 969.767333984375 971.657043457031 969.728637695312 970.924377441406 970.778381347656 963.714965820312 960.652526855469 965.530944824219 959.140258789062 964.725952148438 962.406982421875 959.182983398438 969.189758300781 965.127380371094 968.316528320312 957.204956054688 971.051208496094 968.087768554688 958.535888671875 961.387268066406 963.728942871094 965.734802246094 957.46728515625 956.153564453125 958.306091308594 962.630493164062 956.726013183594 955.07470703125 953.864135742188 952.848388671875
976.5068359375 971.080139160156 962.594421386719 967.455261230469 970.134948730469 973.119140625 968.517211914062 969.09619140625 977.023620605469 971.077270507812 968.072082519531 972.951293945312 975.264038085938 975.373291015625 972.55615234375 971.204345703125 976.382263183594 976.116577148438 967.473266601562 964.406005859375 967.221130371094 960.676025390625 953.920837402344 964.382385253906 955.54443359375 959.414855957031 963.65771484375 956.742919921875 962.752319335938 969.760559082031 961.867553710938 958.454284667969 955.49267578125 959.269287109375 956.569396972656 956.801696777344 956.890014648438 955.183349609375 957.931640625 962.525390625 960.972290039062 956.746765136719 960.609619140625 958.96337890625 955.462951660156 953.562927246094
976.545776367188 973.902648925781 971.334411621094 978.715087890625 972.259582519531 967.160888671875 969.441101074219 967.413330078125 971.185729980469 963.871643066406 961.89404296875 964.9365234375 958.690795898438 968.18896484375 974.555297851562 974.919128417969 971.864196777344 972.64697265625 966.245300292969 960.13623046875 956.635375976562 948.560668945312 954.929321289062 964.894592285156 961.753662109375 961.268493652344 963.54443359375 954.792663574219 955.8818359375 954.797058105469 958.159362792969 963.598754882812 958.476440429688 954.620422363281 961.845886230469 958.305786132812 955.146850585938 959.562683105469 956.381896972656 960.035766601562 960.207885742188 960.6142578125 959.247497558594 961.601928710938 960.932067871094 957.863098144531
976.171875 976.1884765625 966.190185546875 970.411804199219 974.050048828125 962.07373046875 966.608276367188 972.557189941406 974.107727050781 964.432983398438 956.97021484375 962.116271972656 957.950500488281 962.182739257812 977.276550292969 980.8095703125 973.744140625 977.375061035156 975.193420410156 962.073852539062 951.431823730469 949.524047851562 951.083068847656 955.168640136719 948.766479492188 951.758117675781 952.754089355469 953.789855957031 956.560424804688 950.581787109375 951.907470703125 955.452575683594 951.007019042969 953.818237304688 958.932189941406 963.222534179688 965.30859375 959.729187011719 951.091186523438 959.778747558594 959.842956542969 966.050170898438 960.415588378906 963.206115722656 952.026123046875 958.539855957031
977.664611816406 969.468139648438 965.298706054688 965.592834472656 970.453369140625 965.316711425781 969.381896972656 969.138488769531 974.057434082031 962.079833984375 960.063232421875 961.317565917969 943.973205566406 960.202819824219 967.842651367188 979.331176757812 969.95458984375 972.907958984375 970.220336914062 964.181823730469 960.387451171875 953.162475585938 947.02294921875 942.24169921875 944.949951171875 943.9482421875 955.557556152344 952.327575683594 960.368347167969 956.8486328125 948.595153808594 955.533935546875 959.562622070312 954.173828125 955.891540527344 953.029968261719 967.896423339844 962.006225585938 956.847412109375 961.9990234375 953.846984863281 956.422912597656 959.770202636719 957.442993164062 952.562316894531 959.3037109375
978.440246582031 967.858276367188 965.148864746094 965.991577148438 958.38427734375 968.838256835938 971.88330078125 967.974792480469 963.809387207031 961.28955078125 953.184631347656 950.516357421875 955.045471191406 958.367736816406 964.950866699219 964.942504882812 964.297180175781 972.45263671875 960.970275878906 963.789245605469 961.607299804688 957.377990722656 951.77001953125 944.752319335938 935.5234375 947.708740234375 951.642028808594 954.38525390625 955.980773925781 952.110778808594 944.96533203125 949.192932128906 952.374816894531 952.551818847656 950.963623046875 954.907775878906 952.259216308594 952.389892578125 953.238586425781 948.808410644531 947.162170410156 953.284729003906 951.529907226562 956.049926757812 951.423950195312 952.615783691406
