data/zlatibor_dem_simulations/DEMsim5.asc
NCOLS 150
NROWS 100
XLLCORNER 7394249
YLLCORNER 4841999
CELLSIZE 30
NODATA_VALUE -9999
[rows 0 to 19 of 100, columns 92 to 137 of 150]
922.13525390625 917.648864746094 918.550842285156 920.499572753906 913.132934570312 909.0751953125 903.063293457031 900.909973144531 886.6875 880.195556640625 869.477905273438 867.007507324219 861.417358398438 851.439697265625 858.758850097656 856.453430175781 859.87890625 874.573669433594 883.578125 884.564880371094 883.314392089844 893.127807617188 892.686340332031 900.507019042969 906.459167480469 902.177185058594 904.272888183594 908.77490234375 923.814270019531 921.659301757812 935.359802246094 948.299560546875 952.091491699219 954.469604492188 971.226379394531 984.813781738281 991.423522949219 1001.49151611328 996.799560546875 1012.49322509766 1012.87835693359 1010.54235839844 1019.76519775391 1034.71899414062 1044.0009765625 1040.84997558594
921.1455078125 919.608581542969 914.852478027344 911.816650390625 913.9990234375 918.251342773438 913.531494140625 901.226989746094 887.009216308594 872.764282226562 871.036804199219 866.828247070312 856.92724609375 855.180419921875 858.546997070312 860.247314453125 864.382019042969 884.045776367188 878.123291015625 894.565307617188 893.504516601562 898.84228515625 898.690002441406 900.305358886719 904.689025878906 904.386657714844 903.802062988281 911.41015625 919.740661621094 929.185729980469 936.4482421875 943.626159667969 950.052001953125 955.468017578125 975.0341796875 986.196166992188 990.841857910156 998.006774902344 1001.56945800781 1015.88836669922 1020.90258789062 1016.46246337891 1023.47485351562 1031.47033691406 1042.09558105469 1042.92150878906
929.365966796875 921.362121582031 915.485900878906 914.3525390625 916.826110839844 919.491760253906 917.581970214844 906.423461914062 893.47021484375 878.069763183594 864.147399902344 873.058044433594 867.292846679688 871.730041503906 871.484619140625 874.259155273438 886.692810058594 888.961120605469 892.899963378906 893.896423339844 891.320251464844 888.705810546875 897.495910644531 892.947265625 895.688720703125 900.850952148438 903.523620605469 915.935607910156 917.3701171875 925.046264648438 941.844421386719 943.348388671875 952.140991210938 949.667297363281 962.280883789062 974.517822265625 977.875244140625 985.246459960938 992.639770507812 1006.81420898438 1009.79779052734 1017.67553710938 1021.43414306641 1023.94000244141 1035.67834472656 1048.84899902344
921.247741699219 915.586608886719 921.182006835938 919.763061523438 915.260864257812 912.685913085938 918.769409179688 901.823974609375 890.303466796875 888.580505371094 879.005981445312 880.277587890625 863.934631347656 870.262023925781 876.789184570312 875.371154785156 883.799438476562 886.942687988281 893.425170898438 889.571838378906 882.012023925781 885.338745117188 881.66796875 890.550720214844 895.163818359375 905.10400390625 908.271606445312 914.817443847656 922.465576171875 926.438110351562 941.349304199219 951.156372070312 950.983337402344 954.043090820312 960.888366699219 963.72509765625 971.40283203125 984.27734375 994.091491699219 1001.0068359375 1000.2021484375 1008.62878417969 1013.37078857422 1028.12561035156 1035.73559570312 1047.96276855469
923.142578125 916.447998046875 915.745727539062 916.931213378906 917.156677246094 916.259521484375 913.783203125 897.223815917969 889.371520996094 891.592651367188 890.960571289062 880.737243652344 876.40283203125 874.944702148438 878.7880859375 894.466003417969 892.772644042969 883.775634765625 886.667541503906 884.71044921875 882.971740722656 884.520751953125 890.02099609375 897.912902832031 901.982238769531 907.245666503906 909.867736816406 919.710205078125 933.379272460938 927.839111328125 939.936645507812 951.722900390625 948.529602050781 950.643493652344 963.32763671875 955.058471679688 969.881530761719 982.619750976562 997.445007324219 1005.01885986328 1001.34539794922 1003.0166015625 1016.66326904297 1035.45751953125 1048.14770507812 1056.59985351562
920.570617675781 909.933898925781 910.542236328125 910.142395019531 912.263488769531 909.191711425781 902.214416503906 898.896667480469 886.911682128906 889.364562988281 892.1875 877.104309082031 878.366943359375 882.573425292969 883.30322265625 894.734985351562 897.807250976562 894.145202636719 890.45068359375 881.439086914062 881.4990234375 888.388488769531 892.347045898438 902.821533203125 908.395202636719 915.439331054688 922.171325683594 927.843627929688 937.666137695312 935.456176757812 940.705749511719 948.939025878906 949.219543457031 953.518127441406 955.770324707031 957.493408203125 969.465881347656 979.581115722656 1000.13946533203 999.943664550781 1005.302734375 998.607971191406 1023.50091552734 1037.95227050781 1044.271484375 1059.95458984375
920.914611816406 914.228698730469 907.492492675781 908.382507324219 905.325378417969 904.762084960938 902.729309082031 905.138977050781 903.923278808594 896.701171875 885.466552734375 880.862426757812 881.726135253906 883.152770996094 889.790588378906 889.688110351562 890.970092773438 894.6748046875 896.423217773438 899.536499023438 891.114990234375 889.032104492188 886.550537109375 897.359802246094 909.75830078125 918.924682617188 928.637023925781 932.165954589844 942.157653808594 937.527221679688 938.7666015625 940.821411132812 945.683959960938 946.103881835938 959.436645507812 960.285705566406 968.214782714844 979.579406738281 996.1318359375 1000.56372070312 1004.45159912109 1014.78521728516 1022.87701416016 1039.14562988281 1056.49365234375 1057.86340332031
923.037475585938 917.828857421875 914.647033691406 914.948913574219 903.905578613281 909.859497070312 913.997436523438 912.829895019531 907.786437988281 894.080200195312 892.845153808594 889.968505859375 891.778137207031 890.314392089844 896.804443359375 898.0986328125 889.250427246094 898.72705078125 904.977294921875 911.871154785156 902.364624023438 899.462097167969 885.878356933594 894.889953613281 903.565246582031 915.5869140625 931.515502929688 931.652709960938 936.627624511719 940.305297851562 945.443664550781 948.907165527344 945.094970703125 948.796081542969 954.9443359375 958.224914550781 966.453979492188 971.803039550781 993.5458984375 1004.33117675781 1019.94073486328 1033.7724609375 1038.7216796875 1043.41052246094 1049.6943359375 1065.7890625
922.41845703125 926.994995117188 919.626770019531 910.765014648438 908.882629394531 913.093444824219 911.263122558594 911.359741210938 912.08642578125 897.905212402344 891.182861328125 893.083923339844 897.601867675781 894.457275390625 894.53759765625 896.680541992188 896.303955078125 900.564086914062 907.518127441406 915.729919433594 909.809448242188 907.842468261719 908.947448730469 905.290771484375 910.329223632812 924.177429199219 934.477355957031 936.4404296875 941.469360351562 943.560119628906 945.146118164062 951.358947753906 950.647705078125 947.304443359375 964.404663085938 973.139099121094 974.341003417969 988.386047363281 995.776428222656 1005.79406738281 1021.82141113281 1029.31359863281 1045.24658203125 1054.63439941406 1054.12658691406 1063.45251464844
936.842346191406 928.843139648438 926.049682617188 910.416564941406 914.864562988281 914.351623535156 912.079162597656 907.820495605469 916.040222167969 912.520874023438 911.031372070312 903.25634765625 912.359741210938 906.865295410156 904.38427734375 903.623779296875 904.170959472656 904.99072265625 911.266845703125 913.354187011719 916.181701660156 917.851745605469 923.126953125 922.508728027344 916.297912597656 926.679138183594 935.688842773438 939.237854003906 939.966186523438 952.604919433594 949.936645507812 950.682556152344 958.344970703125 964.019165039062 973.734069824219 974.655700683594 977.187744140625 994.515563964844 1003.62268066406 1018.80596923828 1030.95068359375 1034.90173339844 1044.17272949219 1050.31359863281 1056.81640625 1069.70739746094
934.751770019531 934.9404296875 927.896362304688 929.631713867188 918.912536621094 919.612121582031 917.790283203125 914.223571777344 927.016967773438 927.491149902344 921.27783203125 919.609008789062 919.337707519531 912.581604003906 922.990905761719 917.392456054688 916.863159179688 911.055358886719 911.231262207031 909.56640625 919.916259765625 932.138122558594 927.749084472656 925.721740722656 922.62158203125 928.794738769531 935.793823242188 943.558288574219 946.854797363281 950.697448730469 947.219970703125 955.548278808594 962.685241699219 964.151611328125 981.764587402344 983.950073242188 990.710632324219 998.046997070312 1016.19573974609 1026.93676757812 1029.49084472656 1037.37451171875 1039.85876464844 1055.68212890625 1055.52209472656 1067.72607421875
940.990539550781 940.078491210938 937.850952148438 932.71240234375 933.088928222656 922.887390136719 924.299133300781 933.046508789062 935.368347167969 935.942749023438 941.296142578125 942.599670410156 934.2314453125 935.507629394531 935.172119140625 936.286682128906 933.095764160156 926.388610839844 913.567687988281 924.088317871094 931.706298828125 935.830078125 930.443481445312 919.244750976562 931.23583984375 928.846984863281 944.700439453125 942.624328613281 951.000854492188 952.809265136719 953.0009765625 957.718078613281 971.466491699219 970.383483886719 981.455627441406 990.086547851562 996.473510742188 1012.99389648438 1023.42266845703 1031.28039550781 1041.00366210938 1038.66149902344 1049.23889160156 1046.984375 1050.13854980469 1061.10473632812
949.842895507812 940.702270507812 945.656799316406 945.618408203125 944.016235351562 941.011047363281 948.046264648438 947.598693847656 937.941345214844 945.628601074219 947.269409179688 947.429382324219 949.94677734375 946.906677246094 950.422912597656 954.696960449219 943.824645996094 935.34912109375 929.787353515625 936.455444335938 931.526916503906 928.175109863281 925.414184570312 922.221618652344 925.197204589844 920.506225585938 935.553039550781 953.074462890625 944.336242675781 964.469482421875 956.168212890625 974.924682617188 977.170715332031 976.397216796875 986.943542480469 994.653015136719 1010.71643066406 1017.58068847656 1019.49609375 1031.67065429688 1036.609375 1042.00537109375 1046.70202636719 1054.90148925781 1063.91723632812 1079.22912597656
943.34375 950.593933105469 952.033203125 956.850463867188 952.197021484375 958.767822265625 964.50390625 968.129577636719 954.733032226562 956.992126464844 950.48291015625 958.059936523438 951.619018554688 948.514709472656 950.829833984375 948.092651367188 954.49462890625 949.087585449219 938.835266113281 929.583129882812 930.055114746094 928.485107421875 936.098449707031 924.031860351562 912.335327148438 919.425170898438 932.524841308594 939.074035644531 957.458984375 967.048217773438 966.025207519531 975.960876464844 979.466979980469 982.265808105469 988.429321289062 992.945983886719 1014.23956298828 1023.57476806641 1031.81982421875 1037.73583984375 1040.67541503906 1048.26293945312 1056.29357910156 1066.65563964844 1075.74987792969 1093.95288085938
948.195373535156 957.664733886719 958.982849121094 963.582214355469 965.4765625 956.379821777344 962.335021972656 969.819030761719 974.39404296875 975.835388183594 970.314575195312 963.616455078125 952.106323242188 955.421325683594 954.481628417969 961.144836425781 967.641967773438 960.019226074219 940.681945800781 944.202392578125 937.263549804688 928.385131835938 939.139038085938 925.824768066406 914.008911132812 913.086791992188 938.949768066406 949.861022949219 955.931823730469 961.568725585938 973.532409667969 983.950927734375 992.542602539062 993.282836914062 995.818298339844 1002.45855712891 1017.23181152344 1021.0302734375 1031.26098632812 1050.94482421875 1049.51098632812 1056.39709472656 1058.06176757812 1068.31103515625 1077.85424804688 1086.90612792969
954.264282226562 975.735107421875 971.984313964844 963.193969726562 969.029357910156 965.234741210938 965.048461914062 968.538391113281 981.622741699219 980.165283203125 985.956359863281 974.833435058594 966.088989257812 961.321166992188 962.9697265625 966.108093261719 975.002807617188 977.008544921875 953.288452148438 954.324951171875 938.987060546875 933.044738769531 934.651306152344 924.606750488281 921.327453613281 916.876281738281 933.873168945312 943.704650878906 956.937377929688 964.121337890625 980.861572265625 991.4267578125 998.2060546875 1006.74652099609 1009.20922851562 1010.21185302734 1020.47253417969 1022.57501220703 1033.55065917969 1045.09191894531 1057.00207519531 1066.95593261719 1060.44189453125 1062.85180664062 1071.24755859375 1079.01831054688
970.918334960938 977.589660644531 973.818176269531 977.303161621094 976.605651855469 961.450744628906 962.846923828125 977.891357421875 982.082580566406 986.973205566406 980.129028320312 975.623779296875 974.38818359375 970.010131835938 971.334167480469 970.239685058594 977.317687988281 981.979309082031 964.743591308594 955.365234375 942.894165039062 931.449279785156 933.822082519531 933.454223632812 917.724243164062 916.858215332031 927.48291015625 943.33935546875 952.25 963.369018554688 974.66552734375 992.9287109375 1003.41351318359 1004.92376708984 1013.37170410156 1008.63934326172 1019.61950683594 1027.23120117188 1035.57727050781 1038.39318847656 1049.63916015625 1054.54418945312 1060.98791503906 1056.56665039062 1064.4853515625 1074.88696289062
975.644348144531 977.438171386719 975.238708496094 980.444580078125 976.449157714844 976.105285644531 978.753173828125 984.184509277344 984.732727050781 984.906311035156 989.156188964844 990.94970703125 987.999206542969 980.318664550781 968.935363769531 981.499145507812 987.082397460938 983.839416503906 969.466125488281 962.609558105469 954.08154296875 942.56005859375 945.784301757812 931.622497558594 920.112426757812 924.922119140625 944.186950683594 950.176391601562 958.608459472656 965.508972167969 985.721740722656 986.861145019531 999.735778808594 1015.25775146484 1012.15063476562 1020.35900878906 1026.73571777344 1037.17846679688 1037.1826171875 1052.23803710938 1056.98449707031 1053.64868164062 1059.68383789062 1056.12561035156 1064.06127929688 1069.19201660156
984.92919921875 981.487976074219 980.167419433594 984.265441894531 981.9462890625 986.520751953125 995.131713867188 987.690307617188 993.19873046875 990.978515625 987.804992675781 984.088989257812 990.497436523438 990.673217773438 983.625366210938 989.414733886719 993.865661621094 984.37109375 975.055847167969 966.339660644531 956.926513671875 937.59375 939.529296875 931.126281738281 923.325866699219 926.753662109375 937.837890625 957.649108886719 966.645690917969 965.051818847656 980.547607421875 978.894409179688 1001.70098876953 1011.63391113281 1020.30804443359 1033.03674316406 1023.02380371094 1040.09619140625 1040.51354980469 1045.9677734375 1059.74890136719 1053.39208984375 1049.73742675781 1053.59912109375 1058.96911621094 1066.22131347656
999.13525390625 991.857360839844 994.396606445312 997.321411132812 999.746032714844 1000.56384277344 1008.6533203125 1001.58074951172 998.490417480469 995.802978515625 996.057861328125 995.060607910156 997.770080566406 988.265625 984.338317871094 989.132019042969 997.76123046875 988.931640625 982.745666503906 963.471252441406 951.333251953125 940.153259277344 947.302490234375 942.035583496094 931.444641113281 926.217346191406 943.428283691406 954.491760253906 970.307922363281 968.543334960938 984.4814453125 989.781494140625 998.892639160156 1010.40075683594 1017.76348876953 1026.240234375 1029.98754882812 1030.09887695312 1036.5625 1042.857421875 1053.85510253906 1050.30383300781 1052.53332519531 1049.52319335938 1054.177734375 1069.25476074219
