data/zlatibor_dem_simulations/DEMsim53.asc
NCOLS 150
NROWS 100
XLLCORNER 7394249
YLLCORNER 4841999
CELLSIZE 30
NODATA_VALUE -9999
[rows 40 to 59 of 100, columns 46 to 91 of 150]
971.7080078125 975.720458984375 980.996459960938 978.816284179688 983.151489257812 991.347717285156 973.031433105469 978.118286132812 970.227844238281 968.424682617188 968.248107910156 966.483581542969 964.399780273438 964.572265625 975.113708496094 987.004333496094 997.11865234375 992.1533203125 986.697387695312 979.724853515625 980.521301269531 977.973205566406 974.442016601562 971.589721679688 981.927307128906 980.08251953125 981.970764160156 980.059814453125 972.788330078125 968.87255859375 977.278137207031 984.788208007812 992.983947753906 984.590637207031 990.541198730469 990.875732421875 990.576477050781 988.737487792969 979.5263671875 983.310241699219 983.213500976562 989.935852050781 993.790832519531 994.274536132812 994.937927246094 990.398864746094
974.908935546875 974.486755371094 981.024230957031 977.808898925781 983.559509277344 984.827209472656 979.048034667969 972.205810546875 972.197998046875 969.999084472656 972.211486816406 958.710876464844 962.242065429688 959.734924316406 978.626159667969 987.393981933594 994.864990234375 991.145202636719 987.255126953125 987.031799316406 974.706237792969 971.54150390625 967.591247558594 970.793701171875 975.767517089844 978.015747070312 982.465576171875 975.407897949219 974.836486816406 968.582702636719 971.1318359375 978.435546875 990.646545410156 987.580993652344 981.52783203125 986.966064453125 976.616394042969 982.340087890625 985.670227050781 979.545959472656 980.521728515625 989.426147460938 997.180603027344 984.777893066406 990.869323730469 988.769653320312
983.910339355469 977.188903808594 977.646789550781 978.050659179688 978.320739746094 978.333862304688 979.002075195312 973.049438476562 973.541137695312 969.652954101562 969.8984375 964.478515625 963.781005859375 974.78173828125 980.998107910156 981.013854980469 984.168579101562 983.50830078125 986.880187988281 978.873168945312 972.507080078125 977.836791992188 974.950439453125 971.051208496094 979.703735351562 975.817749023438 966.85302734375 968.090148925781 963.239074707031 965.038208007812 968.453796386719 971.940063476562 979.308959960938 975.836547851562 977.32666015625 980.776550292969 979.977172851562 988.838317871094 990.151672363281 982.430297851562 988.465637207031 984.966857910156 984.072814941406 983.266296386719 986.217895507812 989.62158203125
977.93603515625 976.086547851562 977.760437011719 973.621887207031 983.405395507812 975.44287109375 972.922302246094 970.140625 967.011840820312 966.982421875 967.058898925781 963.765258789062 967.89306640625 972.853759765625 979.050598144531 982.966186523438 983.651306152344 981.99609375 976.30078125 975.298278808594 972.88720703125 979.23828125 963.459411621094 971.0615234375 974.601013183594 963.100524902344 964.205505371094 956.877380371094 963.259948730469 964.276428222656 965.824645996094 970.557189941406 971.301330566406 974.536682128906 972.903381347656 977.84765625 978.629943847656 979.828247070312 983.906005859375 985.99462890625 982.985961914062 977.341186523438 976.136108398438 985.550476074219 983.08544921875 992.858459472656
959.980773925781 965.367980957031 965.879638671875 964.096069335938 975.665161132812 963.97509765625 968.803100585938 965.42529296875 963.217956542969 960.6796875 965.34033203125 967.724670410156 969.937194824219 970.655517578125 969.466918945312 973.964477539062 974.433044433594 981.104125976562 980.948059082031 977.24560546875 977.667114257812 975.829528808594 967.849792480469 968.709289550781 960.240661621094 955.863220214844 961.588928222656 967.267883300781 966.200317382812 974.331176757812 970.218688964844 972.808959960938 975.032958984375 975.229370117188 971.590515136719 978.780212402344 968.308898925781 977.070373535156 986.690795898438 984.140319824219 978.3671875 972.367248535156 979.590515136719 977.941589355469 986.707763671875 988.173400878906
959.092956542969 957.921936035156 972.875122070312 974.215148925781 970.209899902344 967.439270019531 966.220397949219 966.172241210938 968.199768066406 965.575805664062 963.811462402344 965.642761230469 965.092346191406 967.707092285156 964.746398925781 971.929077148438 974.133972167969 968.918395996094 972.6669921875 974.497253417969 981.111022949219 980.478759765625 969.41259765625 969.055358886719 955.393249511719 961.118041992188 962.399230957031 960.344055175781 972.750244140625 970.01953125 976.819519042969 969.799133300781 974.904724121094 980.234680175781 971.198120117188 974.083740234375 974.210266113281 977.672912597656 981.141235351562 969.638366699219 971.940063476562 976.974365234375 973.815490722656 981.353149414062 979.357299804688 983.150695800781
964.018737792969 961.165588378906 966.688293457031 965.790344238281 972.328491210938 966.829772949219 965.075439453125 963.939697265625 973.069030761719 964.380493164062 959.218933105469 963.447143554688 970.968505859375 977.138366699219 962.153076171875 967.99951171875 970.351989746094 969.176025390625 968.020568847656 974.801696777344 986.0517578125 978.347106933594 963.796691894531 958.005981445312 955.302185058594 962.546142578125 959.639221191406 961.261291503906 971.702575683594 974.145812988281 969.954956054688 969.882202148438 971.03125 969.526184082031 967.997009277344 967.413269042969 974.626708984375 981.682983398438 974.680603027344 960.618469238281 970.211608886719 974.37646484375 985.842956542969 973.983337402344 975.820495605469 983.852294921875
961.954223632812 960.132202148438 968.431884765625 970.662719726562 975.100463867188 970.848815917969 969.617370605469 960.978576660156 965.858154296875 969.483093261719 970.880554199219 970.227722167969 973.091186523438 966.725158691406 975.694519042969 963.677307128906 962.45703125 968.601928710938 967.130432128906 978.884826660156 978.8798828125 975.735961914062 962.772521972656 961.071411132812 961.194885253906 960.956420898438 960.499328613281 960.917602539062 961.447021484375 969.746337890625 978.282531738281 970.472229003906 963.658752441406 971.207824707031 974.254577636719 969.576171875 975.125122070312 978.464965820312 974.252502441406 968.896667480469 975.103088378906 971.720031738281 968.773376464844 974.348937988281 981.711547851562 975.032592773438
964.36328125 966.198059082031 970.43798828125 981.409423828125 976.167297363281 975.634094238281 965.295471191406 964.736206054688 962.320556640625 970.446594238281 971.970886230469 968.052978515625 962.898803710938 967.862854003906 969.857849121094 973.369934082031 965.675903320312 965.378173828125 963.794616699219 968.742126464844 972.3740234375 969.879577636719 975.805114746094 969.046081542969 965.828002929688 958.265686035156 965.5947265625 967.19189453125 973.832092285156 973.346374511719 981.381286621094 978.699645996094 968.240295410156 977.581115722656 976.0810546875 973.588073730469 970.159484863281 973.078674316406 979.19580078125 977.2646484375 971.549682617188 971.615051269531 974.459289550781 978.115600585938 971.908386230469 961.232482910156
965.522827148438 958.733581542969 967.680480957031 977.889953613281 977.922180175781 972.00537109375 970.9638671875 967.349182128906 963.411926269531 971.019226074219 959.381958007812 957.308959960938 961.729797363281 962.920715332031 959.069885253906 961.383972167969 959.069213867188 956.652526855469 962.159057617188 968.813598632812 967.2333984375 963.332824707031 968.22021484375 973.89111328125 964.782409667969 961.500366210938 969.800476074219 977.120544433594 983.240356445312 980.106262207031 965.528686523438 970.740051269531 964.426025390625 959.414794921875 960.679748535156 965.875305175781 970.151000976562 968.060974121094 981.258666992188 973.33447265625 970.562866210938 970.935119628906 968.376220703125 974.772094726562 972.493041992188 966.430725097656
964.576599121094 961.310180664062 969.461486816406 985.6953125 969.465209960938 960.017761230469 973.163391113281 963.200805664062 973.291870117188 964.316101074219 964.734680175781 963.818786621094 961.09326171875 968.843505859375 968.632568359375 960.451354980469 960.385498046875 969.538635253906 966.325012207031 968.426391601562 959.55078125 959.129333496094 955.713073730469 968.665588378906 970.755310058594 966.581665039062 975.74853515625 973.164672851562 976.136413574219 968.353515625 963.593383789062 968.308349609375 966.787231445312 963.511474609375 956.532165527344 956.690124511719 969.917846679688 971.560363769531 974.600036621094 976.928405761719 972.141357421875 966.073791503906 969.0263671875 969.272583007812 963.410278320312 972.939697265625
959.641296386719 958.809265136719 967.5517578125 978.689270019531 964.883850097656 958.949401855469 966.421081542969 967.138000488281 970.661987304688 963.664245605469 968.205383300781 965.386779785156 964.789123535156 973.048828125 963.903076171875 964.886352539062 967.291076660156 965.273010253906 960.272399902344 960.967651367188 948.578430175781 959.980041503906 955.9736328125 957.862854003906 965.893676757812 973.640197753906 972.384399414062 970.459838867188 966.954223632812 975.4658203125 973.474548339844 961.571960449219 952.687316894531 950.119995117188 950.558410644531 951.967834472656 964.941284179688 970.950805664062 978.555297851562 979.549499511719 977.756225585938 972.583679199219 963.850769042969 966.850646972656 970.217163085938 974.499267578125
964.296875 966.889404296875 965.2109375 968.317810058594 968.3828125 958.712951660156 961.766296386719 967.366088867188 972.485656738281 969.046569824219 973.374877929688 966.648681640625 958.951110839844 960.638854980469 961.556457519531 961.23779296875 960.551391601562 959.542846679688 950.953918457031 950.224792480469 942.92578125 956.0380859375 962.982482910156 960.216003417969 965.309448242188 969.025329589844 968.581726074219 964.336853027344 963.460876464844 966.541015625 964.226257324219 963.985412597656 952.69921875 950.708068847656 954.454650878906 958.3046875 966.757202148438 976.341003417969 981.325012207031 977.27099609375 969.810729980469 965.151550292969 961.890686035156 973.741088867188 980.699645996094 983.877502441406
966.145751953125 967.602355957031 961.274291992188 966.064147949219 962.212280273438 956.820556640625 959.273742675781 962.039978027344 959.596862792969 960.8544921875 973.059448242188 962.505432128906 962.69140625 954.841064453125 964.794799804688 955.198181152344 964.284118652344 960.922424316406 964.660095214844 949.439025878906 954.555358886719 959.5048828125 957.26220703125 959.595825195312 967.5458984375 958.125122070312 962.234313964844 973.301818847656 959.093200683594 961.107849121094 964.98291015625 962.370300292969 953.609619140625 954.957763671875 953.191162109375 961.447448730469 968.88818359375 965.824157714844 971.272155761719 969.837280273438 967.703552246094 964.040832519531 960.094360351562 979.239501953125 990.251586914062 990.514770507812
954.389221191406 954.608276367188 960.22705078125 958.145385742188 955.327575683594 954.553039550781 954.987976074219 948.355529785156 958.883666992188 958.010803222656 964.635620117188 960.541931152344 961.420288085938 957.496826171875 957.402099609375 961.07470703125 956.333801269531 956.516784667969 958.436096191406 961.622436523438 960.006958007812 963.347717285156 956.417663574219 963.047485351562 963.071105957031 958.080749511719 963.819580078125 967.90673828125 961.115539550781 961.967529296875 964.02978515625 968.418029785156 958.667724609375 954.630310058594 958.23193359375 960.40673828125 965.016784667969 958.926696777344 958.802185058594 962.934692382812 965.650573730469 960.633666992188 967.21728515625 965.703491210938 969.440979003906 976.816772460938
957.727783203125 961.080871582031 956.880310058594 954.385986328125 948.731323242188 947.311584472656 949.385986328125 951.47265625 953.550170898438 965.278198242188 963.637756347656 959.34375 965.023010253906 953.811828613281 960.974609375 972.888916015625 960.838623046875 959.707214355469 965.102233886719 955.294860839844 955.883728027344 956.356262207031 953.164733886719 954.289123535156 948.391235351562 953.893981933594 955.671264648438 953.598205566406 951.4755859375 951.387756347656 961.320251464844 960.3154296875 957.108337402344 954.616455078125 962.297058105469 956.852172851562 963.179931640625 968.083190917969 970.193603515625 967.876037597656 966.437194824219 966.493041992188 969.687377929688 971.762573242188 970.427673339844 967.4912109375
955.794616699219 950.616149902344 948.738891601562 945.401000976562 947.723022460938 943.22265625 950.265197753906 954.019409179688 959.252136230469 961.143920898438 954.608215332031 960.171081542969 961.978088378906 963.699401855469 953.790161132812 960.567749023438 964.646484375 967.225708007812 961.722106933594 955.640441894531 952.448059082031 954.424438476562 948.606628417969 946.262512207031 948.388366699219 953.538757324219 955.667724609375 950.418029785156 955.483276367188 959.378234863281 963.052795410156 956.421630859375 953.378051757812 949.580444335938 962.683410644531 966.709777832031 969.276794433594 959.729858398438 970.977661132812 959.357299804688 960.318176269531 968.681762695312 968.864562988281 975.583923339844 969.989074707031 962.802062988281
954.186157226562 947.708923339844 948.767822265625 952.644653320312 941.775268554688 939.586242675781 953.169067382812 954.269226074219 953.404235839844 957.554443359375 955.501831054688 954.241516113281 961.093078613281 948.645141601562 954.529724121094 957.85205078125 961.375 962.882995605469 954.994689941406 955.417297363281 956.200073242188 953.73681640625 948.820556640625 950.566833496094 957.908020019531 958.397583007812 958.619201660156 960.215515136719 959.779113769531 963.270263671875 954.677062988281 953.748107910156 960.230163574219 955.0986328125 957.46484375 969.830139160156 967.694213867188 961.647888183594 969.035339355469 963.119689941406 962.278686523438 966.716064453125 973.014526367188 971.595581054688 976.365539550781 974.238586425781
945.299499511719 950.435852050781 951.3291015625 947.658325195312 939.472717285156 951.290649414062 958.331787109375 969.03076171875 963.872192382812 952.262145996094 953.252258300781 949.66796875 960.677673339844 957.56298828125 949.621154785156 961.708679199219 968.375183105469 964.107238769531 959.933898925781 961.791809082031 951.922180175781 955.610534667969 953.007873535156 958.685119628906 960.448486328125 964.568115234375 958.585998535156 959.693603515625 959.304748535156 963.220825195312 961.407775878906 958.736633300781 967.016418457031 963.723876953125 965.208129882812 963.10302734375 960.820983886719 968.992919921875 961.226440429688 974.688049316406 972.718200683594 974.528137207031 972.772644042969 980.415832519531 977.976745605469 978.946166992188
950.16845703125 949.811950683594 952.783569335938 945.549499511719 941.253112792969 953.484741210938 956.48388671875 962.004150390625 962.495910644531 955.725524902344 945.754699707031 957.099792480469 960.223754882812 958.667785644531 953.728332519531 959.410827636719 961.526611328125 961.420776367188 960.457458496094 964.791687011719 961.879333496094 958.920043945312 960.056762695312 967.278564453125 967.130798339844 968.196716308594 962.323913574219 965.335754394531 963.32177734375 965.717651367188 958.247497558594 966.454895019531 962.729675292969 969.575012207031 972.260437011719 956.325012207031 964.258666992188 966.514465332031 968.840759277344 965.5986328125 967.330871582031 970.746276855469 970.955810546875 984.509399414062 982.875122070312 979.922668457031
