data/zlatibor_dem_simulations/DEMsim23.asc
NCOLS 150
NROWS 100
XLLCORNER 7394249
YLLCORNER 4841999
CELLSIZE 30
NODATA_VALUE -9999
[rows 40 to 59 of 100, columns 92 to 137 of 150]
999.966796875 995.353393554688 994.700134277344 997.681701660156 996.312377929688 991.52978515625 988.346435546875 992.603271484375 987.389038085938 983.162170410156 987.525573730469 998.596984863281 998.060791015625 995.185729980469 992.702758789062 989.0400390625 977.460571289062 984.847778320312 995.045227050781 996.379272460938 996.076843261719 999.833435058594 999.443054199219 985.479309082031 992.738464355469 999.710388183594 998.767333984375 998.600891113281 991.596740722656 997.391357421875 1002.88049316406 1001.29595947266 1006.12347412109 1009.75738525391 1008.08129882812 1011.9658203125 1023.73852539062 1018.31604003906 1023.72534179688 1032.42041015625 1034.765625 1035.931640625 1044.13391113281 1051.8251953125 1049.97033691406 1061.17907714844
1002.34698486328 986.629699707031 989.060729980469 985.657104492188 992.418212890625 1006.51116943359 994.913513183594 993.98046875 992.207641601562 981.353393554688 985.494201660156 994.160583496094 992.950561523438 989.572875976562 989.183471679688 986.442932128906 981.925659179688 980.529235839844 995.405334472656 995.116821289062 998.934020996094 1000.85327148438 989.708374023438 984.955871582031 993.132080078125 990.843200683594 995.595581054688 993.368957519531 990.344909667969 1001.96813964844 999.908386230469 998.723083496094 1000.56317138672 1008.30242919922 1013.38269042969 1021.75689697266 1021.79412841797 1018.63031005859 1034.28735351562 1034.79675292969 1042.41394042969 1037.1708984375 1043.56433105469 1050.81567382812 1062.33728027344 1069.03747558594
990.777770996094 989.634521484375 989.414367675781 988.119079589844 973.538269042969 989.53076171875 987.864013671875 984.994934082031 990.714172363281 985.612548828125 978.936889648438 985.953735351562 989.532531738281 988.590209960938 989.262390136719 988.188049316406 988.682922363281 975.810302734375 980.414611816406 988.365600585938 997.961242675781 997.920532226562 990.056579589844 986.220336914062 981.432312011719 990.786987304688 990.428771972656 994.64111328125 996.05078125 991.436279296875 1004.59576416016 998.483093261719 996.218566894531 1007.55358886719 1018.04650878906 1024.21655273438 1022.15148925781 1025.09289550781 1030.68151855469 1039.31701660156 1035.09106445312 1032.40673828125 1038.02624511719 1044.19396972656 1059.55078125 1078.06164550781
984.630615234375 989.142211914062 986.744262695312 979.733459472656 977.673706054688 978.626586914062 990.413696289062 989.944458007812 978.626770019531 976.87646484375 974.230346679688 979.245910644531 975.834411621094 983.4150390625 981.95556640625 985.880004882812 978.818359375 975.585754394531 984.317687988281 989.596496582031 991.837524414062 989.794860839844 977.585083007812 980.078247070312 983.159545898438 986.596374511719 1000.81823730469 993.956604003906 995.976745605469 1005.28997802734 1005.58947753906 995.305541992188 998.139404296875 1002.8193359375 1012.08917236328 1018.91198730469 1017.12133789062 1016.62194824219 1041.85888671875 1042.33984375 1046.69665527344 1046.21911621094 1045.40759277344 1055.8037109375 1062.49658203125 1076.44970703125
987.9833984375 981.38818359375 983.584350585938 978.587158203125 979.187927246094 973.816467285156 980.642578125 991.042297363281 982.724609375 979.829040527344 971.878540039062 973.137817382812 985.333923339844 985.101318359375 980.374938964844 984.184631347656 979.95556640625 984.796203613281 979.08251953125 984.670837402344 993.681091308594 987.761169433594 987.816223144531 986.621032714844 986.505004882812 997.197326660156 998.9033203125 996.538635253906 997.767639160156 1004.74536132812 1007.10797119141 1010.77966308594 1012.26135253906 1006.55255126953 1021.97033691406 1026.68249511719 1028.98974609375 1016.61535644531 1042.19445800781 1054.66052246094 1047.99670410156 1046.39855957031 1048.64526367188 1057.01879882812 1060.07727050781 1073.79516601562
982.307189941406 979.708862304688 984.690368652344 979.941284179688 977.959899902344 973.617736816406 974.636596679688 981.438232421875 987.427001953125 988.425048828125 981.826477050781 981.937683105469 986.920715332031 990.877624511719 985.3212890625 984.994934082031 984.531494140625 991.594299316406 991.995849609375 995.288330078125 995.689147949219 999.588012695312 1004.15002441406 1001.05541992188 994.434509277344 1001.92987060547 1004.37768554688 1002.24505615234 1004.9345703125 1010.23657226562 1011.44671630859 1022.1171875 1014.86694335938 1018.94219970703 1022.96069335938 1022.56823730469 1023.18194580078 1034.81762695312 1044.41528320312 1053.96203613281 1053.91748046875 1051.68420410156 1052.74841308594 1053.3642578125 1065.5419921875 1081.689453125
985.685974121094 978.680297851562 978.456909179688 981.239135742188 973.610778808594 974.666198730469 976.402648925781 975.378173828125 985.053466796875 976.871765136719 985.396179199219 983.525451660156 991.40576171875 989.955017089844 995.063415527344 994.968200683594 990.758483886719 1000.97808837891 1002.33764648438 1010.07867431641 1007.54339599609 1004.80859375 1007.57653808594 1010.86456298828 1006.98046875 1011.36242675781 1013.76763916016 1011.99993896484 1007.91442871094 1006.93286132812 1007.15112304688 1012.32232666016 1010.47344970703 1022.00573730469 1021.60571289062 1027.37365722656 1027.654296875 1039.1123046875 1041.50939941406 1045.71105957031 1055.15966796875 1055.60400390625 1054.25329589844 1064.25915527344 1067.47509765625 1077.64038085938
978.722534179688 973.515808105469 963.294128417969 981.856628417969 972.019653320312 973.633422851562 976.584899902344 975.470275878906 971.623779296875 978.185974121094 982.781860351562 991.949157714844 991.100830078125 994.925354003906 993.690124511719 994.772827148438 1001.93176269531 1007.20758056641 1005.80932617188 1002.39886474609 999.379333496094 1003.50140380859 1008.77294921875 1013.21630859375 1014.23052978516 1020.64172363281 1015.50549316406 1005.95562744141 1015.62860107422 1006.66809082031 1007.47967529297 1001.71661376953 1009.34350585938 1020.56243896484 1026.23388671875 1028.09399414062 1034.81579589844 1037.98828125 1040.27001953125 1043.04675292969 1047.40100097656 1055.04113769531 1056.79870605469 1069.57006835938 1072.66821289062 1081.93481445312
973.783874511719 966.766784667969 965.082885742188 969.479370117188 976.718566894531 980.250549316406 978.609436035156 980.004333496094 982.599914550781 976.909545898438 981.370727539062 990.117553710938 987.040893554688 992.438903808594 985.425659179688 979.343383789062 987.2275390625 1001.10455322266 1001.06878662109 1001.30401611328 996.424560546875 1001.63720703125 999.742309570312 1011.6484375 1013.39794921875 1019.83697509766 1018.50439453125 1029.65100097656 1024.0654296875 1019.75140380859 1009.93463134766 1006.9580078125 1007.55114746094 1014.35076904297 1029.56237792969 1032.47143554688 1043.84118652344 1051.36437988281 1055.55322265625 1049.06970214844 1048.77233886719 1053.76135253906 1060.05554199219 1068.26196289062 1082.44226074219 1082.97680664062
971.37890625 965.598999023438 972.398681640625 978.269226074219 983.142700195312 987.693725585938 982.636962890625 986.663879394531 976.015808105469 973.440185546875 978.279968261719 981.83544921875 988.656799316406 989.613647460938 976.770568847656 975.923156738281 976.887145996094 990.144470214844 988.659362792969 994.4228515625 1001.21459960938 997.804565429688 999.170349121094 1002.52728271484 1010.76794433594 1017.09844970703 1018.11859130859 1028.6162109375 1021.26556396484 1027.12109375 1018.98773193359 1019.34857177734 1012.48510742188 1023.34118652344 1031.73791503906 1037.60302734375 1045.84460449219 1047.8642578125 1053.58251953125 1058.9326171875 1058.84069824219 1056.27429199219 1066.33325195312 1071.22058105469 1083.91674804688 1091.31213378906
974.426513671875 975.774108886719 978.491638183594 988.362976074219 980.823425292969 982.95947265625 979.99609375 977.785217285156 978.24267578125 982.192077636719 975.131042480469 973.1611328125 980.685180664062 984.6826171875 975.38330078125 975.046752929688 970.906921386719 975.676330566406 979.064880371094 993.391296386719 999.603332519531 994.996520996094 1005.623046875 1001.80798339844 1004.26416015625 1022.41339111328 1019.99865722656 1022.67895507812 1014.8857421875 1016.95233154297 1017.00872802734 1020.91033935547 1014.62664794922 1031.26110839844 1028.80603027344 1039.14562988281 1044.73657226562 1053.30249023438 1062.32055664062 1062.42016601562 1063.83959960938 1062.80322265625 1067.734375 1079.59069824219 1086.08728027344 1081.71533203125
970.220825195312 971.531372070312 971.74658203125 980.60888671875 982.143981933594 978.131042480469 969.483520507812 976.907043457031 978.520629882812 985.506286621094 983.493347167969 974.478637695312 981.998474121094 982.649353027344 978.901062011719 964.406799316406 965.233642578125 970.778015136719 981.434509277344 990.133666992188 988.125427246094 988.822937011719 987.268493652344 1000.20489501953 1010.61700439453 1019.22546386719 1023.01666259766 1017.29278564453 1021.85522460938 1017.57055664062 1013.68133544922 1019.69158935547 1025.62316894531 1035.48095703125 1029.8701171875 1042.4091796875 1048.51806640625 1050.66198730469 1059.09289550781 1065.57312011719 1071.62829589844 1065.73901367188 1076.31713867188 1074.25512695312 1073.95446777344 1074.2705078125
969.203857421875 967.564453125 960.616271972656 976.078857421875 981.190307617188 975.472961425781 972.936584472656 974.856018066406 981.147583007812 978.371826171875 975.635986328125 972.952819824219 974.276000976562 982.820739746094 975.490417480469 978.830261230469 973.46728515625 972.549133300781 975.701782226562 980.025451660156 979.452453613281 986.067260742188 990.595458984375 993.122436523438 1003.99224853516 1005.43572998047 1015.41131591797 1010.38488769531 1013.41394042969 999.222961425781 1012.126953125 1016.90216064453 1034.41455078125 1032.65930175781 1030.84436035156 1040.77380371094 1039.01110839844 1040.78735351562 1057.96716308594 1072.76086425781 1070.87585449219 1072.4443359375 1078.90502929688 1080.03515625 1081.62219238281 1081.50354003906
973.3427734375 968.8203125 965.589233398438 976.552978515625 966.477355957031 977.760192871094 983.910766601562 977.597351074219 974.771362304688 974.478881835938 972.827819824219 969.759094238281 963.753173828125 968.626342773438 978.537353515625 983.419677734375 978.797180175781 971.947448730469 977.3466796875 975.197448730469 982.261291503906 985.157775878906 987.959655761719 996.514831542969 1012.11004638672 1004.69958496094 1005.77380371094 1008.50274658203 1001.00433349609 1002.42120361328 1011.25646972656 1014.44812011719 1029.49536132812 1025.41796875 1028.97143554688 1034.25537109375 1044.14233398438 1045.77478027344 1057.98742675781 1067.41833496094 1078.22668457031 1081.6611328125 1078.91540527344 1088.58374023438 1085.4306640625 1089.75695800781
964.679870605469 973.805236816406 976.009765625 969.818969726562 973.862731933594 973.322448730469 971.066589355469 977.111267089844 976.901306152344 974.890625 968.960083007812 975.39501953125 971.527954101562 975.675964355469 979.434020996094 982.643127441406 982.101928710938 980.906372070312 980.891906738281 981.181213378906 986.735412597656 990.950378417969 991.525512695312 993.917602539062 1003.36975097656 1009.35565185547 1004.48431396484 1011.72064208984 1006.35546875 1009.24792480469 1015.66461181641 1022.03656005859 1020.15173339844 1016.49499511719 1021.04504394531 1023.84320068359 1032.02746582031 1046.10876464844 1047.41662597656 1062.56872558594 1080.25830078125 1085.01318359375 1082.77099609375 1089.3232421875 1093.50207519531 1086.65417480469
974.1650390625 974.983154296875 974.107543945312 978.943176269531 975.786254882812 980.651123046875 982.471801757812 978.822387695312 980.705749511719 970.639465332031 970.161682128906 983.565979003906 978.767333984375 985.22216796875 983.400695800781 979.586242675781 981.729187011719 988.882141113281 985.371032714844 985.671813964844 992.409912109375 993.188781738281 987.439331054688 992.298706054688 998.7734375 1002.35833740234 1000.76617431641 998.304748535156 994.57763671875 1005.86047363281 1005.52111816406 1007.29486083984 1012.55578613281 1020.72546386719 1011.92700195312 1012.23510742188 1026.33044433594 1037.79040527344 1040.46655273438 1052.10314941406 1068.33984375 1074.75622558594 1078.63256835938 1093.716796875 1090.92810058594 1097.31726074219
970.518859863281 967.558959960938 978.150085449219 976.48193359375 988.256469726562 982.904724121094 985.179260253906 971.870666503906 962.1865234375 967.213500976562 983.916687011719 981.795104980469 980.1640625 990.953552246094 988.68798828125 977.03271484375 994.309509277344 990.906127929688 983.099060058594 982.114074707031 988.479248046875 992.013427734375 992.46142578125 992.4833984375 994.052795410156 997.959716796875 1003.65521240234 989.917541503906 993.706115722656 1001.03039550781 1009.93286132812 1000.42596435547 1015.11431884766 1016.50994873047 1010.95178222656 1012.38836669922 1018.38513183594 1024.51281738281 1042.3935546875 1047.18566894531 1065.13159179688 1072.24536132812 1084.66931152344 1086.62060546875 1098.90148925781 1102.50549316406
979.553039550781 984.822021484375 990.549377441406 973.272338867188 985.095520019531 985.925170898438 985.962707519531 980.062133789062 973.752746582031 965.430114746094 977.34619140625 987.538452148438 990.451049804688 981.116943359375 984.541625976562 987.059814453125 992.983154296875 985.551147460938 986.321472167969 984.692993164062 992.15673828125 994.794799804688 991.604125976562 991.701354980469 995.23046875 1001.98211669922 999.389038085938 991.781005859375 992.707397460938 995.177307128906 991.032775878906 996.870788574219 1007.60009765625 1015.14544677734 1021.01483154297 1019.99383544922 1011.04504394531 1027.05065917969 1033.30676269531 1056.2412109375 1074.21374511719 1078.67907714844 1078.88989257812 1081.57861328125 1091.49145507812 1096.43786621094
978.242797851562 985.461364746094 981.860290527344 974.537536621094 979.429565429688 982.539978027344 981.190673828125 978.861450195312 979.490051269531 974.285522460938 983.803527832031 978.839477539062 989.525024414062 985.683410644531 985.110290527344 983.211730957031 985.481750488281 986.888244628906 1000.35192871094 992.742492675781 995.532775878906 1004.38446044922 1002.60852050781 991.691284179688 995.147583007812 1002.42736816406 1001.97253417969 992.870971679688 997.766723632812 992.960632324219 986.014831542969 986.979370117188 1003.09362792969 1010.22546386719 1016.279296875 1013.61016845703 1011.03485107422 1021.37481689453 1026.99475097656 1051.11376953125 1065.88708496094 1069.21984863281 1065.79565429688 1070.14245605469 1079.6064453125 1089.21447753906
977.443725585938 984.696411132812 983.848083496094 980.878295898438 983.6533203125 984.96826171875 981.347229003906 976.831298828125 982.670654296875 979.127319335938 977.311218261719 981.942138671875 975.410217285156 983.167236328125 980.200134277344 978.065856933594 983.677551269531 989.97265625 992.33642578125 993.165283203125 988.0693359375 1002.96240234375 1005.78973388672 994.410522460938 993.02978515625 998.162048339844 1003.26208496094 995.842529296875 997.778930664062 991.708068847656 995.015441894531 995.184997558594 999.706481933594 1010.97473144531 1006.59777832031 1011.36627197266 1014.39251708984 1009.61627197266 1027.17407226562 1048.28662109375 1059.40783691406 1065.59558105469 1065.20178222656 1068.35693359375 1066.42077636719 1078.32897949219
