data/zlatibor_dem_simulations/DEMsim76 (1).asc
NCOLS 150
NROWS 100
XLLCORNER 7394249
YLLCORNER 4841999
CELLSIZE 30
NODATA_VALUE -9999
[rows 40 to 59 of 100, columns 92 to 137 of 150]
991.301635742188 991.521667480469 998.363403320312 1002.32989501953 997.178283691406 999.398742675781 999.823791503906 995.490234375 1002.28601074219 995.327331542969 994.302490234375 989.720336914062 991.293090820312 980.599914550781 971.374450683594 976.723754882812 977.124267578125 988.009338378906 989.598510742188 992.495239257812 994.473205566406 1002.03283691406 1002.82904052734 1004.32568359375 997.513732910156 1001.92828369141 1001.08441162109 1009.15637207031 1008.42163085938 1002.93011474609 995.209228515625 1003.69891357422 996.941772460938 1001.72729492188 1012.58374023438 1014.48669433594 1011.38049316406 1018.70947265625 1022.99731445312 1026.09265136719 1031.04919433594 1029.46496582031 1035.7392578125 1037.39587402344 1045.25524902344 1046.64489746094
987.738708496094 991.418212890625 986.121643066406 989.175415039062 999.027465820312 997.146667480469 996.239440917969 996.912719726562 990.174499511719 995.641418457031 996.315612792969 995.968078613281 978.674377441406 987.497436523438 979.402709960938 975.336791992188 973.098449707031 980.968322753906 983.936645507812 986.477478027344 987.502563476562 1000.98486328125 995.40625 992.276306152344 1000.82702636719 1005.21569824219 1001.78173828125 1001.78552246094 1003.64703369141 1001.17358398438 1000.11004638672 1003.82940673828 996.07373046875 996.519165039062 1016.14624023438 1025.966796875 1016.72430419922 1021.79858398438 1025.30749511719 1028.3828125 1035.89807128906 1045.61315917969 1048.37841796875 1044.81726074219 1053.21875 1052.71691894531
983.426330566406 986.952026367188 986.604370117188 986.354309082031 982.009399414062 989.943664550781 985.061401367188 988.738098144531 991.899291992188 987.351379394531 996.141967773438 985.461181640625 983.334899902344 981.706665039062 986.302551269531 986.487243652344 973.892700195312 974.598876953125 984.39453125 988.920532226562 990.887573242188 991.3291015625 996.707153320312 993.093688964844 999.619873046875 995.514526367188 996.605834960938 999.436279296875 998.116943359375 994.765686035156 998.498229980469 1005.99261474609 1014.33233642578 1005.55023193359 1013.04998779297 1021.07562255859 1027.0986328125 1034.30627441406 1031.25476074219 1035.95715332031 1048.47705078125 1054.67138671875 1055.69458007812 1058.5703125 1062.70617675781 1069.72619628906
987.636291503906 990.622619628906 983.248779296875 981.976196289062 988.050170898438 993.314880371094 992.3994140625 988.136169433594 983.021545410156 990.548889160156 985.61328125 982.380859375 986.147705078125 982.943054199219 986.877807617188 983.209533691406 988.028503417969 984.171264648438 987.336364746094 987.419067382812 987.397277832031 991.001220703125 985.012634277344 998.803649902344 998.20556640625 1002.04302978516 993.0693359375 994.69482421875 998.142211914062 989.842102050781 997.855773925781 1004.47644042969 1007.97015380859 1012.51403808594 1015.58117675781 1024.52233886719 1028.12817382812 1040.57214355469 1047.10949707031 1050.83618164062 1057.58142089844 1055.05627441406 1054.33703613281 1066.8310546875 1075.86828613281 1092.54174804688
985.870910644531 987.156066894531 987.530578613281 984.833129882812 985.49169921875 991.859130859375 990.046264648438 980.8271484375 984.752685546875 988.922668457031 982.617492675781 981.844848632812 982.802978515625 981.690307617188 991.325561523438 990.193725585938 997.260559082031 992.879150390625 994.802001953125 982.112365722656 992.876647949219 992.945983886719 988.733642578125 1001.28771972656 1004.44244384766 999.116943359375 996.471008300781 992.476684570312 1009.93634033203 996.923156738281 1002.67083740234 1006.77160644531 1008.90008544922 1018.74237060547 1010.68786621094 1019.19738769531 1034.89636230469 1041.99963378906 1050.82897949219 1058.16479492188 1056.04858398438 1060.75170898438 1060.25830078125 1067.40869140625 1077.58825683594 1099.04724121094
986.528503417969 983.187744140625 982.575561523438 976.014892578125 978.909118652344 986.097900390625 981.353942871094 981.438049316406 984.880432128906 980.329406738281 977.094177246094 986.729919433594 992.932678222656 987.35498046875 994.743713378906 995.059326171875 995.982299804688 1004.96331787109 1000.90606689453 990.131774902344 998.792663574219 1002.41986083984 1002.09790039062 1005.75445556641 1003.13446044922 1003.93090820312 1006.08911132812 1001.05255126953 1005.85906982422 1013.87921142578 1001.74237060547 1009.80126953125 1012.37438964844 1017.51226806641 1010.83294677734 1018.78863525391 1036.18933105469 1036.61779785156 1043.61315917969 1059.25085449219 1059.12646484375 1069.08276367188 1059.46228027344 1068.44201660156 1081.79382324219 1101.71411132812
985.242431640625 980.830017089844 985.792053222656 984.629333496094 974.374755859375 985.175903320312 980.029663085938 978.638793945312 981.533447265625 988.623291015625 998.621398925781 998.101684570312 993.241455078125 996.336303710938 988.228332519531 998.106262207031 988.058776855469 1000.09436035156 999.858520507812 997.839294433594 997.783386230469 1000.197265625 1010.82537841797 1010.79547119141 1003.39965820312 1009.26666259766 1004.89599609375 1010.70349121094 1012.77734375 1011.39007568359 1006.24676513672 1013.95190429688 1017.783203125 1018.80871582031 1014.47741699219 1016.20361328125 1034.34777832031 1040.47839355469 1053.2900390625 1059.99658203125 1068.62060546875 1075.59777832031 1075.49243164062 1076.09094238281 1086.12561035156 1100.54479980469
978.542602539062 988.590270996094 986.352233886719 984.706787109375 973.979248046875 976.177124023438 978.00146484375 968.986389160156 972.690979003906 983.472961425781 988.008422851562 991.357788085938 993.388916015625 986.970397949219 992.893676757812 990.3466796875 995.751159667969 998.760192871094 990.676513671875 1000.94744873047 999.661682128906 1002.39837646484 1007.61004638672 1010.52661132812 1008.12756347656 1010.15100097656 1003.48815917969 999.220275878906 1002.37048339844 1004.18640136719 1009.77362060547 1018.04473876953 1025.93481445312 1022.95349121094 1020.52783203125 1018.30755615234 1023.51300048828 1029.81762695312 1044.5048828125 1058.07360839844 1065.90734863281 1077.89013671875 1073.97790527344 1085.9677734375 1094.94299316406 1105.63879394531
970.493896484375 983.298522949219 985.60302734375 979.143798828125 974.186279296875 978.99951171875 972.091918945312 972.46533203125 984.816284179688 986.763366699219 984.896362304688 988.441711425781 989.220764160156 993.865539550781 995.820068359375 994.197021484375 984.546875 987.657165527344 992.554931640625 1002.32000732422 995.118774414062 1001.11102294922 998.660705566406 1002.62567138672 1009.37475585938 1012.31201171875 1006.55145263672 1002.88781738281 1004.57299804688 1007.17193603516 1008.03405761719 1011.68634033203 1027.81005859375 1025.49230957031 1032.50537109375 1031.01794433594 1032.3994140625 1040.82751464844 1044.70837402344 1045.58435058594 1059.54016113281 1069.03210449219 1071.6103515625 1076.15002441406 1088.49279785156 1108.56066894531
966.114929199219 972.612121582031 978.102783203125 978.167175292969 976.830139160156 974.109985351562 968.546447753906 976.785400390625 982.989196777344 980.381164550781 983.0703125 979.260864257812 978.46826171875 988.220581054688 989.981811523438 990.917053222656 985.662658691406 991.088623046875 990.839233398438 997.589904785156 1002.62103271484 1000.65356445312 999.134399414062 1000.60150146484 1009.32800292969 1013.68634033203 1010.78436279297 1003.90466308594 1001.59197998047 1004.41339111328 1014.13171386719 1020.71771240234 1026.85229492188 1026.15100097656 1024.7216796875 1042.21411132812 1034.37414550781 1041.48425292969 1047.8193359375 1042.66735839844 1050.82214355469 1064.12927246094 1077.8037109375 1086.96008300781 1094.04772949219 1098.31030273438
970.709106445312 973.697509765625 978.796752929688 975.687133789062 975.919128417969 964.102600097656 968.568908691406 981.8232421875 981.267944335938 979.634887695312 981.26123046875 981.396301269531 983.477416992188 994.234680175781 991.660949707031 991.81884765625 990.265686035156 989.996337890625 988.34423828125 995.136535644531 1004.83819580078 998.736389160156 996.076416015625 996.996826171875 1000.75927734375 1007.1943359375 1000.82531738281 997.520812988281 1009.38336181641 1011.22692871094 1017.81573486328 1022.02185058594 1021.98931884766 1022.55084228516 1028.56896972656 1029.41955566406 1040.96508789062 1041.15795898438 1047.28503417969 1044.63513183594 1055.52380371094 1071.4326171875 1077.02844238281 1087.779296875 1086.2548828125 1093.75708007812
973.1904296875 975.171081542969 977.243591308594 969.085144042969 974.368530273438 965.906311035156 967.707092285156 980.172180175781 981.373291015625 984.145141601562 979.858215332031 976.694458007812 982.502197265625 992.969360351562 992.668701171875 989.297912597656 987.500061035156 991.768371582031 993.670104980469 990.780517578125 988.841125488281 996.116394042969 999.036804199219 1006.14367675781 997.997741699219 1003.28826904297 1008.70831298828 1014.58160400391 1015.10504150391 1020.830078125 1023.02563476562 1024.84704589844 1025.79846191406 1026.93347167969 1026.91577148438 1030.47802734375 1036.19982910156 1044.55603027344 1043.07922363281 1047.15063476562 1053.78796386719 1069.82067871094 1067.58264160156 1082.10021972656 1086.90966796875 1092.57531738281
977.7958984375 973.965759277344 972.819030761719 968.248474121094 973.640869140625 973.813781738281 977.637023925781 981.556335449219 976.691040039062 969.574035644531 962.771850585938 972.769653320312 982.318542480469 978.694030761719 987.493774414062 986.997924804688 979.75537109375 989.880920410156 986.377807617188 985.832214355469 992.115051269531 993.814331054688 993.259094238281 1002.99664306641 999.276245117188 1004.79827880859 1012.88214111328 1015.53552246094 1020.03753662109 1021.14947509766 1024.99890136719 1024.4111328125 1028.82873535156 1030.40112304688 1029.07312011719 1033.68334960938 1035.67236328125 1031.82397460938 1041.29125976562 1040.18933105469 1044.87976074219 1059.35974121094 1063.80517578125 1074.21459960938 1087.91638183594 1084.62585449219
965.440307617188 965.427795410156 960.640930175781 970.303283691406 978.44970703125 978.26708984375 978.51318359375 973.729858398438 973.655334472656 969.388366699219 966.230224609375 962.845520019531 965.597229003906 974.657043457031 987.282897949219 989.662658691406 991.343017578125 982.442932128906 976.49365234375 983.865295410156 988.013977050781 997.504638671875 1001.892578125 1000.10949707031 1002.44671630859 998.172119140625 1005.64251708984 1008.84893798828 1014.32177734375 1017.39050292969 1014.05853271484 1020.36401367188 1033.66540527344 1030.51416015625 1034.21533203125 1032.05212402344 1030.04675292969 1036.09497070312 1040.59521484375 1046.81726074219 1047.19787597656 1053.44958496094 1066.58129882812 1084.05529785156 1088.99438476562 1090.20825195312
957.957946777344 962.557739257812 960.562255859375 977.347961425781 975.853759765625 982.324157714844 982.528747558594 973.220825195312 976.434875488281 975.733093261719 962.433715820312 961.912719726562 966.866943359375 974.775634765625 987.058715820312 995.318420410156 997.957885742188 980.840759277344 983.609191894531 990.581787109375 996.974548339844 993.433715820312 996.827819824219 997.532104492188 1002.61529541016 1003.18231201172 1006.86877441406 1007.12927246094 1006.30517578125 1020.166015625 1019.63891601562 1025.61547851562 1027.96813964844 1023.25512695312 1028.51928710938 1030.10070800781 1030.86645507812 1040.13696289062 1041.98950195312 1051.66638183594 1051.79956054688 1052.85339355469 1065.75415039062 1082.22412109375 1097.16772460938 1091.92980957031
966.644226074219 967.418884277344 967.402221679688 979.78662109375 972.586181640625 978.705993652344 976.085754394531 976.556640625 977.144348144531 977.546630859375 972.224243164062 966.740600585938 969.502319335938 973.949890136719 986.536499023438 1004.87902832031 999.328674316406 986.511657714844 996.740234375 996.056274414062 987.586608886719 990.586547851562 990.114807128906 995.853332519531 989.659912109375 996.912719726562 1001.13659667969 1002.27160644531 1002.57135009766 1013.6279296875 1022.93017578125 1024.990234375 1030.69592285156 1024.60961914062 1021.56890869141 1021.9326171875 1038.46496582031 1044.68872070312 1047.93603515625 1056.08984375 1064.138671875 1063.17102050781 1080.13549804688 1085.33679199219 1087.94567871094 1089.33081054688
974.259887695312 972.113525390625 968.690856933594 974.592529296875 977.350463867188 981.742004394531 977.508117675781 974.117919921875 974.436706542969 974.765258789062 968.607666015625 966.892272949219 974.804321289062 976.424438476562 986.125427246094 998.171813964844 1003.41577148438 1000.54559326172 1009.40979003906 998.026794433594 999.119262695312 991.144348144531 994.740234375 989.580444335938 986.978881835938 989.408203125 997.527160644531 1000.26422119141 1007.54156494141 1000.73370361328 1014.25 1023.40765380859 1023.46807861328 1028.13842773438 1027.30578613281 1030.53112792969 1044.52270507812 1053.10180664062 1054.36047363281 1052.04113769531 1060.42260742188 1071.14538574219 1089.50158691406 1089.55944824219 1086.02429199219 1085.63293457031
977.391540527344 976.869079589844 975.044677734375 968.312683105469 971.638427734375 973.804260253906 982.979919433594 974.609558105469 974.622497558594 975.053527832031 974.952880859375 969.085021972656 970.04296875 984.195861816406 987.669250488281 990.936218261719 995.222961425781 1006.17291259766 1003.82653808594 1000.56420898438 1000.89666748047 993.996948242188 994.820678710938 991.617614746094 985.642395019531 990.674682617188 992.684814453125 992.250061035156 999.797241210938 1006.90185546875 1014.31683349609 1029.31591796875 1032.3095703125 1028.97790527344 1034.56652832031 1029.87622070312 1040.73046875 1061.96984863281 1055.90869140625 1051.60803222656 1058.78552246094 1057.90283203125 1070.06408691406 1078.73767089844 1081.66711425781 1071.77404785156
974 979.321655273438 974.428100585938 977.200744628906 975.353210449219 979.577209472656 981.550476074219 978.279846191406 969.061950683594 973.641845703125 980.980651855469 975.761901855469 971.315490722656 980.174438476562 983.638977050781 987.187561035156 995.054321289062 997.564331054688 993.884155273438 990.782531738281 1002.62622070312 996.433837890625 1007.93701171875 1002.29937744141 996.765319824219 986.299133300781 987.16845703125 994.054321289062 996.632202148438 1006.85748291016 1019.88348388672 1021.74243164062 1015.94836425781 1022.123046875 1020.89953613281 1022.70550537109 1043.94372558594 1050.33361816406 1044.40515136719 1049.04345703125 1045.34936523438 1050.60876464844 1057.56494140625 1062.21667480469 1061.59558105469 1066.10546875
974.954467773438 979.427551269531 972.335571289062 973.855895996094 973.149963378906 977.250854492188 976.442993164062 980.157897949219 978.850341796875 978.117431640625 981.470947265625 983.554443359375 974.295288085938 980.337036132812 986.121520996094 981.575927734375 995.397399902344 989.227233886719 990.952270507812 992.196350097656 1006.01214599609 1012.70892333984 1002.15307617188 1010.57653808594 994.766662597656 998.933898925781 997.259460449219 998.618286132812 1008.44323730469 1012.82019042969 1018.75872802734 1026.44775390625 1024.15100097656 1018.65252685547 1026.64184570312 1030.48254394531 1038.27416992188 1037.30334472656 1040.796875 1042.18493652344 1040.61608886719 1041.04089355469 1049.935546875 1040.61218261719 1053.51013183594 1052.59777832031
