data/zlatibor_dem_simulations/DEMsim80 (1).asc
NCOLS 150
NROWS 100
XLLCORNER 7394249
YLLCORNER 4841999
CELLSIZE 30
NODATA_VALUE -9999
[rows 40 to 59 of 100, columns 46 to 91 of 150]
971.405151367188 961.51953125 971.936279296875 976.891479492188 972.044128417969 966.482543945312 977.367004394531 979.241027832031 974.359252929688 965.0068359375 968.119018554688 977.7236328125 974.329223632812 975.020935058594 970.535217285156 972.862182617188 972.1611328125 970.2353515625 978.260803222656 966.023803710938 967.039306640625 963.806640625 960.92578125 963.171081542969 970.603698730469 967.839538574219 971.609985351562 972.967407226562 973.59814453125 974.717468261719 967.718017578125 981.323364257812 980.0166015625 991.360656738281 987.370666503906 987.603576660156 979.685119628906 986.674926757812 976.824096679688 981.003967285156 984.889038085938 993.189270019531 1002.68432617188 998.852355957031 995.850036621094 996.58349609375
969.968688964844 959.067626953125 965.02587890625 976.773132324219 973.662963867188 971.145324707031 970.609619140625 977.903564453125 976.627380371094 966.970153808594 976.622131347656 972.869323730469 977.144348144531 981.195129394531 977.226745605469 971.759155273438 975.340026855469 980.754028320312 974.831726074219 983.678588867188 976.627075195312 970.418518066406 965.614990234375 962.493774414062 961.672607421875 970.334289550781 962.216369628906 969.25634765625 972.689086914062 970.568603515625 976.237854003906 980.998352050781 981.394836425781 982.091918945312 985.651000976562 986.260803222656 981.393676757812 975.947021484375 979.126770019531 981.712951660156 989.849426269531 994.967651367188 999.074096679688 992.160522460938 989.111328125 991.279296875
965.104797363281 962.976989746094 969.915771484375 971.69677734375 969.239685058594 977.164123535156 972.312133789062 976.250549316406 978.091491699219 975.099853515625 975.095153808594 975.31201171875 979.957275390625 980.470397949219 983.881896972656 979.113708496094 984.0947265625 981.505126953125 983.13720703125 985.555786132812 979.942810058594 968.912536621094 974.020812988281 966.234985351562 966.15087890625 965.233947753906 967.795349121094 959.120056152344 971.601013183594 969.530517578125 977.901550292969 981.490661621094 978.310607910156 977.598266601562 980.749633789062 973.497985839844 966.049011230469 969.756225585938 980.466674804688 984.031860351562 987.161376953125 989.207580566406 995.474609375 993.633728027344 980.813049316406 988.278259277344
959.4638671875 967.889953613281 974.211364746094 977.006469726562 980.973510742188 975.850646972656 969.5263671875 974.101318359375 969.735107421875 969.055236816406 964.929138183594 969.537963867188 969.658081054688 975.78759765625 982.255187988281 976.421569824219 981.820739746094 978.606567382812 983.652404785156 980.537353515625 971.159851074219 968.766235351562 964.15234375 974.3955078125 967.608764648438 959.400085449219 963.838317871094 961.177001953125 965.451904296875 963.928955078125 969.870788574219 974.586547851562 975.374877929688 977.261962890625 973.279968261719 972.363098144531 969.251647949219 962.888854980469 975.03369140625 980.344543457031 981.669372558594 986.233642578125 987.636840820312 980.927368164062 980.690002441406 982.035095214844
967.498413085938 963.390075683594 967.261047363281 975.721069335938 976.333923339844 973.884094238281 969.316833496094 971.969299316406 961.661499023438 965.264465332031 966.512023925781 967.495239257812 965.100158691406 970.218139648438 968.511657714844 969.767333984375 987.146484375 977.774169921875 976.175048828125 977.274658203125 974.099548339844 974.838928222656 972.642333984375 987.56982421875 984.490478515625 968.300720214844 962.635986328125 967.189636230469 965.233825683594 967.459228515625 971.755981445312 977.299194335938 973.853088378906 971.932250976562 966.453186035156 966.491638183594 969.412536621094 966.065795898438 973.325866699219 974.1787109375 977.229553222656 980.933471679688 974.140808105469 981.318359375 977.798095703125 979.031188964844
962.37548828125 967.75244140625 971.686401367188 978.776916503906 977.552307128906 966.232177734375 971.744323730469 968.269653320312 961.999267578125 958.781311035156 958.5380859375 971.482055664062 969.599365234375 975.084838867188 973.235046386719 969.238891601562 970.944519042969 967.981262207031 965.412109375 966.287048339844 974.530334472656 972.605773925781 973.467468261719 972.219177246094 976.841979980469 970.703918457031 964.7216796875 962.156188964844 965.646789550781 964.087097167969 972.018188476562 976.645874023438 983.309692382812 982.8955078125 978.792358398438 970.706848144531 977.805603027344 975.167297363281 965.34130859375 964.209045410156 967.363464355469 969.836120605469 973.145690917969 972.242309570312 972.972229003906 979.529174804688
961.392517089844 974.589416503906 977.581481933594 978.324829101562 969.4599609375 963.919311523438 962.194030761719 960.869201660156 962.884765625 958.526428222656 955.94189453125 962.758850097656 977.77880859375 982.913696289062 987.760925292969 981.689575195312 973.249877929688 975.414978027344 965.263366699219 967.300231933594 970.264953613281 969.918640136719 970.306640625 972.63720703125 961.415588378906 966.245788574219 968.488891601562 964.629211425781 969.58251953125 965.166870117188 972.392944335938 966.553100585938 969.885803222656 980.020080566406 976.857299804688 971.057189941406 978.90673828125 964.937744140625 967.819763183594 963.478393554688 964.998107910156 964.462585449219 956.756042480469 964.812622070312 962.740539550781 973.179931640625
962.952209472656 969.254821777344 977.463623046875 975.6337890625 976.313903808594 966.374145507812 963.245849609375 963.582214355469 960.941223144531 957.658996582031 962.643371582031 959.786315917969 969.416809082031 977.550476074219 988.013488769531 992.766479492188 978.589477539062 977.436950683594 974.574829101562 972.699157714844 968.585205078125 965.50537109375 969.109558105469 973.65283203125 962.138244628906 961.0234375 959.396728515625 969.056823730469 971.224548339844 968.155151367188 967.877746582031 960.240539550781 961.745544433594 972.784729003906 966.045227050781 970.150329589844 971.704895019531 965.411987304688 971.630004882812 968.604187011719 967.842834472656 977.1220703125 958.57177734375 974.38671875 969.628112792969 968.297668457031
957.175476074219 962.439697265625 962.259399414062 971.56298828125 965.981994628906 978.258117675781 965.341613769531 966.615112304688 972.916625976562 959.738647460938 967.259948730469 969.295104980469 965.765686035156 972.989990234375 978.081176757812 984.581298828125 975.204467773438 978.29931640625 971.715759277344 975.474792480469 969.787963867188 972.134338378906 969.270629882812 972.789367675781 962.454650878906 959.580078125 966.082214355469 978.14453125 975.443542480469 971.141784667969 964.017944335938 963.346801757812 970.523681640625 969.667358398438 963.924987792969 971.610534667969 970.763916015625 971.74072265625 970.332458496094 970.862121582031 967.748718261719 965.947082519531 971.322570800781 968.092651367188 965.572692871094 974.559692382812
959.872131347656 967.2255859375 960.705444335938 961.681335449219 974.251037597656 976.161804199219 964.835144042969 957.0673828125 962.013488769531 964.122375488281 969.142944335938 964.524291992188 962.263122558594 970.927185058594 977.116577148438 976.871032714844 972.417541503906 965.647094726562 970.587097167969 970.508605957031 967.177795410156 975.031066894531 975.4609375 965.262023925781 962.538818359375 959.713684082031 966.872497558594 971.058776855469 971.217956542969 971.1953125 969.358703613281 962.861145019531 971.610778808594 976.324890136719 971.71533203125 971.5322265625 961.25 973.106262207031 978.669616699219 971.467712402344 967.349975585938 963.57666015625 969.62451171875 975.439453125 970.339294433594 974.435668945312
959.948120117188 968.182495117188 960.431762695312 960.936950683594 969.370300292969 968.583679199219 958.202880859375 955.76220703125 951.361694335938 956.626831054688 962.152526855469 956.475158691406 957.905090332031 965.185363769531 967.311584472656 958.045288085938 964.27001953125 958.89892578125 962.416381835938 958.766845703125 964.962036132812 980.679260253906 977.550476074219 968.68310546875 962.13330078125 958.253479003906 960.361633300781 973.776916503906 972.094177246094 968.604553222656 965.051574707031 963.292297363281 967.944274902344 975.216491699219 966.110290527344 965.960144042969 970.215393066406 976.951904296875 973.447326660156 962.231689453125 964.516784667969 967.2197265625 966.619262695312 968.422119140625 966.176635742188 968.120727539062
960.670715332031 963.75830078125 970.905517578125 960.459167480469 960.496154785156 959.985229492188 964.604248046875 952.699951171875 954.584899902344 956.645385742188 951.153198242188 950.023559570312 957.340942382812 959.389465332031 959.212890625 955.977111816406 955.855102539062 958.218200683594 954.139221191406 950.521728515625 962.130981445312 966.126586914062 972.093994140625 968.388061523438 960.972473144531 956.917541503906 956.463989257812 965.786499023438 965.008728027344 962.493469238281 969.069152832031 969.948669433594 963.571350097656 964.953491210938 971.32421875 970.98779296875 973.029479980469 966.621032714844 971.656372070312 970.005187988281 969.965515136719 967.460327148438 972.942626953125 967.100341796875 974.721008300781 981.06201171875
961.777282714844 959.498291015625 969.426452636719 964.357543945312 959.290893554688 959.783142089844 959.122924804688 955.796813964844 953.437316894531 959.142333984375 951.6103515625 950.469055175781 946.406127929688 951.452392578125 952.120727539062 958.087158203125 956.765930175781 953.387084960938 945.6015625 944.638671875 965.170104980469 969.152709960938 967.131286621094 962.580139160156 964.050109863281 952.440368652344 954.470397949219 962.727355957031 968.404663085938 963.038452148438 965.149841308594 960.411865234375 957.460510253906 954.051208496094 964.646484375 969.05517578125 967.412841796875 971.422302246094 964.427856445312 972.312255859375 965.894104003906 967.022827148438 962.603149414062 977.001037597656 979.449340820312 978.722351074219
969.449157714844 971.674255371094 974.137512207031 970.220336914062 960.654907226562 955.943603515625 957.384216308594 960.625 952.054382324219 956.129943847656 952.623596191406 957.606079101562 948.05908203125 956.282165527344 961.956298828125 954.632934570312 957.933654785156 950.195068359375 950.107360839844 947.138854980469 954.918579101562 959.511474609375 963.172729492188 955.743286132812 961.383544921875 963.748779296875 961.321533203125 956.977661132812 967.751708984375 960.67578125 969.720092773438 962.96826171875 960.289733886719 956.299194335938 959.333251953125 966.607604980469 964.682373046875 966.309753417969 972.835327148438 976.819641113281 969.545288085938 970.207092285156 969.805419921875 972.308410644531 977.621948242188 984.428588867188
963.267578125 970.801574707031 972.539916992188 970.286071777344 954.906005859375 956.671630859375 964.800537109375 957.280639648438 956.683166503906 961.199523925781 951.878662109375 953.355651855469 955.445983886719 960.913024902344 966.6474609375 957.681579589844 962.409362792969 962.020935058594 955.00146484375 949.256164550781 944.595092773438 958.2373046875 961.219665527344 957.150756835938 956.607055664062 959.423400878906 963.216735839844 962.653442382812 967.196228027344 969.414367675781 960.892761230469 962.41162109375 962.826354980469 959.309997558594 955.003234863281 963.319763183594 969.415161132812 967.776611328125 967.429870605469 973.882690429688 970.247375488281 960.259643554688 960.017211914062 964.0078125 972.069519042969 971.189514160156
961.918579101562 974.730834960938 973.751220703125 965.414489746094 966.006042480469 958.43359375 953.159057617188 951.196350097656 957.093444824219 957.5068359375 955.331237792969 954.591491699219 951.158081054688 953.099670410156 960.588623046875 963.50732421875 962.527893066406 965.062744140625 958.660400390625 948.781860351562 956.656372070312 958.01806640625 960.535278320312 954.777587890625 956.988952636719 956.719848632812 960.804565429688 964.860595703125 960.984985351562 957.772277832031 960.315979003906 963.919799804688 974.523010253906 965.589660644531 960.515197753906 959.152221679688 963.237060546875 972.336791992188 977.440368652344 968.64990234375 969.341186523438 962.269409179688 964.843811035156 962.432678222656 970.640747070312 974.750732421875
953.033508300781 959.191833496094 965.902587890625 956.907958984375 952.5966796875 954.392517089844 956.920471191406 955.624145507812 958.51904296875 954.612670898438 953.605590820312 955.777648925781 953.176818847656 956.307861328125 953.210815429688 960.708374023438 967.035888671875 965.387023925781 958.745849609375 954.607849121094 948.809448242188 966.865417480469 956.244750976562 956.842041015625 955.446350097656 958.730651855469 956.342041015625 959.563293457031 969.700622558594 964.349426269531 961.190490722656 956.098205566406 965.820739746094 960.080200195312 962.419311523438 956.039428710938 957.503845214844 967.031494140625 966.875854492188 974.520629882812 954.967895507812 964.047546386719 967.027770996094 957.869262695312 962.755737304688 973.344665527344
950.667602539062 955.454772949219 953.554565429688 955.835693359375 950.110412597656 954.974914550781 958.552673339844 955.429870605469 956.319030761719 954.662902832031 950.816040039062 955.201965332031 957.300598144531 955.2900390625 957.926452636719 957.883850097656 962.994079589844 959.086608886719 951.572204589844 950.579162597656 954.3662109375 954.222900390625 957.442016601562 953.711120605469 958.015441894531 952.558837890625 955.080383300781 956.930908203125 960.119384765625 959.501281738281 957.126159667969 958.825134277344 957.948181152344 959.407653808594 962.591552734375 963.258605957031 966.293579101562 968.829711914062 970.315124511719 973.193420410156 964.568359375 965.593994140625 957.096435546875 959.781372070312 972.332641601562 973.632080078125
947.439392089844 948.084106445312 949.511352539062 953.263793945312 950.9736328125 955.259521484375 952.905944824219 949.518005371094 953.708618164062 953.964660644531 948.680297851562 953.39501953125 960.213439941406 961.450927734375 959.364868164062 957.445739746094 957.082092285156 952.591979980469 961.547424316406 952.826843261719 951.373474121094 957.386596679688 966.396057128906 956.934753417969 959.544189453125 956.373291015625 959.64501953125 956.632629394531 952.476623535156 956.264526367188 958.267395019531 960.718566894531 965.288208007812 964.694152832031 978.070739746094 968.483642578125 970.775817871094 971.67626953125 976.727722167969 975.835144042969 963.033386230469 968.337219238281 971.049133300781 972.752136230469 967.970458984375 978.619018554688
950.6484375 944.432250976562 950.514099121094 946.34130859375 957.556396484375 956.07958984375 948.178955078125 953.795654296875 959.213439941406 949.834289550781 950.125610351562 962.9267578125 966.022277832031 955.178771972656 964.10693359375 968.833740234375 964.0244140625 961.236511230469 963.937316894531 961.221374511719 958.874877929688 962.775939941406 968.420043945312 964.306335449219 955.851928710938 955.344787597656 954.432739257812 955.404479980469 963.627868652344 961.485595703125 960.22998046875 962.388366699219 974.75634765625 970.638366699219 971.300170898438 971.325317382812 968.249877929688 977.373657226562 983.627380371094 973.622741699219 960.518249511719 973.14404296875 978.787902832031 975.815673828125 976.201721191406 979.259216308594
