data/zlatibor_dem_simulations/DEMsim12.asc
NCOLS 150
NROWS 100
XLLCORNER 7394249
YLLCORNER 4841999
CELLSIZE 30
NODATA_VALUE -9999
[rows 60 to 79 of 100, columns 92 to 137 of 150]
967.875183105469 975.218200683594 980.813659667969 978.922058105469 972.068359375 979.707153320312 983.823425292969 977.791015625 976.42431640625 975.689819335938 986.247802734375 978.290710449219 977.658020019531 984.191589355469 984.877868652344 987.06103515625 996.114990234375 986.931457519531 989.921203613281 1004.02966308594 1002.06524658203 1001.97875976562 989.389953613281 992.152221679688 999.217651367188 1007.92352294922 996.835021972656 998.157653808594 1001.74743652344 1002.28546142578 1008.32055664062 1012.70471191406 1016.06024169922 1012.09503173828 1024.2421875 1027.43127441406 1034.4755859375 1032.482421875 1042.10437011719 1057.13525390625 1058.83959960938 1061.09997558594 1065.19580078125 1064.58447265625 1069.142578125 1066.25231933594
968.959228515625 974.200439453125 980.501953125 981.45556640625 977.596496582031 982.490905761719 981.002502441406 976.946655273438 985.412536621094 982.671142578125 981.810302734375 978.879699707031 977.208068847656 977.607666015625 993.14697265625 999.897399902344 999.575256347656 985.93310546875 991.19580078125 999.074768066406 1001.75335693359 999.996459960938 994.47412109375 995.763244628906 1005.25073242188 1005.68432617188 998.534423828125 997.608947753906 997.829772949219 1012.90270996094 1013.18994140625 1009.84478759766 1008.61138916016 1019.88000488281 1025.78991699219 1032.62829589844 1040.08764648438 1045.50708007812 1041.49133300781 1054.70593261719 1055.28283691406 1062.83923339844 1053.44799804688 1056.36083984375 1064.25451660156 1064.044921875
960.827270507812 967.5771484375 969.901000976562 976.464477539062 985.555053710938 982.549682617188 983.457702636719 981.257995605469 984.587280273438 978.76806640625 978.037719726562 975.743713378906 974.681701660156 987.971374511719 993.81298828125 1004.12225341797 995.886108398438 987.287231445312 1001.70263671875 1010.111328125 1006.35205078125 1008.52966308594 1008.07543945312 999.345825195312 1006.62939453125 1009.14801025391 1002.87774658203 1012.07830810547 1004.76599121094 1002.43597412109 1020.55529785156 1025.46398925781 1018.42822265625 1018.34387207031 1026.70544433594 1041.73742675781 1040.94738769531 1042.25048828125 1049.85705566406 1057.94287109375 1057.91284179688 1054.81677246094 1060.23217773438 1060.86901855469 1063.84899902344 1054.35095214844
964.999084472656 972.000305175781 976.147216796875 973.3623046875 976.302001953125 984.467163085938 982.916137695312 985.3447265625 984.408508300781 982.772766113281 971.906494140625 977.561279296875 987.716735839844 983.898498535156 990.299011230469 995.802429199219 998.3447265625 998.963073730469 1003.9248046875 1013.13311767578 1013.85455322266 1011.70666503906 1013.88653564453 1014.08209228516 1016.03070068359 1019.83276367188 1016.25866699219 1018.17932128906 1019.63055419922 1013.9248046875 1015.88793945312 1015.71673583984 1019.15014648438 1020.13934326172 1026.66186523438 1037.68530273438 1042.88525390625 1051.18383789062 1054.07849121094 1058.42724609375 1058.45202636719 1059.10766601562 1058.16320800781 1054.54125976562 1052.76000976562 1046.55090332031
980.084167480469 972.974243164062 978.622131347656 972.518493652344 976.743835449219 980.510681152344 979.356018066406 981.172180175781 986.9248046875 982.243896484375 978.2197265625 978.258178710938 984.404602050781 986.577270507812 987.986145019531 993.828430175781 998.577209472656 1012.76239013672 1008.75891113281 1017.29998779297 1008.71240234375 1018.90490722656 1022.76385498047 1025.13391113281 1024.46826171875 1021.75085449219 1018.96911621094 1020.15612792969 1027.92065429688 1031.32019042969 1025.68725585938 1024.69580078125 1018.75439453125 1020.23254394531 1024.90258789062 1036.73400878906 1038.22570800781 1045.93627929688 1047.12377929688 1050.07250976562 1056.96667480469 1052.02209472656 1055.67529296875 1048.64038085938 1044.39147949219 1039.10461425781
977.366333007812 980.428527832031 986.134643554688 983.722778320312 982.458435058594 973.846923828125 982.176818847656 985.697082519531 978.768676757812 975.09033203125 978.611999511719 984.032592773438 990.338806152344 988.242309570312 994.14111328125 996.628112792969 1005.87469482422 1011.01330566406 1012.78198242188 1006.4912109375 1002.28851318359 1016.93383789062 1019.27301025391 1025.50402832031 1028.68017578125 1031.1376953125 1029.04138183594 1021.99737548828 1025.13830566406 1031.86535644531 1031.35913085938 1030.59887695312 1017.48852539062 1021.04040527344 1024.37329101562 1030.23266601562 1028.64489746094 1033.67297363281 1041.25183105469 1040.69189453125 1042.80578613281 1053.65002441406 1046.00329589844 1034.63073730469 1036.89831542969 1038.59313964844
973.00927734375 983.72314453125 984.819763183594 989.114013671875 990.033630371094 984.098754882812 977.695068359375 988.951721191406 979.81396484375 981.140686035156 981.911804199219 989.363037109375 989.039978027344 983.159790039062 995.371154785156 995.930419921875 1007.03350830078 1013.62939453125 1009.12347412109 1011.04815673828 1007.54254150391 1001.154296875 1012.03411865234 1015.79718017578 1029.3056640625 1036.87622070312 1032.17407226562 1026.33837890625 1036.77819824219 1033.685546875 1032.220703125 1026.51342773438 1022.88397216797 1021.18701171875 1021.56408691406 1028.1533203125 1036.31359863281 1034.23266601562 1031.30065917969 1022.59344482422 1028.3916015625 1036.70202636719 1033.23278808594 1037.60986328125 1029.99633789062 1024.97045898438
976.23779296875 981.494384765625 990.797973632812 991.449462890625 990.181457519531 986.977600097656 972.154174804688 974.552917480469 984.003112792969 985.29052734375 993.440612792969 990.856018066406 994.846923828125 990.181823730469 1000.69781494141 1002.28881835938 1013.99749755859 1020.08422851562 1016.02783203125 1021.29644775391 1005.22967529297 1008.49530029297 1021.86383056641 1037.04748535156 1032.07116699219 1037.00952148438 1038.86376953125 1034.13537597656 1040.33020019531 1041.91040039062 1032.92175292969 1028.87683105469 1031.47473144531 1023.26879882812 1027.64953613281 1031.36206054688 1034.98803710938 1032.11572265625 1034.51293945312 1022.72155761719 1022.33807373047 1027.81091308594 1019.62133789062 1021.46484375 1018.4755859375 1026.32019042969
972.439697265625 982.596496582031 987.037475585938 991.249450683594 990.835388183594 986.444030761719 976.002014160156 982.847351074219 983.917358398438 994.819274902344 1001.13018798828 991.476379394531 982.70458984375 997.694885253906 1003.80743408203 1009.27661132812 1012.25274658203 1022.24761962891 1024.57543945312 1025.6748046875 1023.6474609375 1023.83129882812 1026.884765625 1031.10083007812 1043.755859375 1041.92224121094 1044.5458984375 1047.96252441406 1054.27307128906 1037.7890625 1027.79016113281 1034.14294433594 1024.09313964844 1022.86212158203 1027.89501953125 1024.64465332031 1024.15600585938 1027.93640136719 1025.99047851562 1014.45538330078 1018.45678710938 1015.94720458984 1012.72845458984 1018.56030273438 1017.53704833984 1026.67419433594
979.883117675781 989.47216796875 989.519592285156 991.856506347656 990.676879882812 992.374206542969 992.077087402344 988.888427734375 992.068664550781 999.503173828125 1004.08453369141 990.687622070312 984.299926757812 985.6923828125 995.342224121094 1001.95367431641 1009.06439208984 1012.75280761719 1017.78851318359 1022.15747070312 1030.75024414062 1029.83532714844 1027.326171875 1036.51611328125 1039.57458496094 1041.89758300781 1047.15881347656 1043.73413085938 1051.02478027344 1041.80114746094 1039.18615722656 1038.25671386719 1026.96081542969 1024.87268066406 1023.28155517578 1026.44360351562 1022.97442626953 1023.33929443359 1022.85662841797 1017.44946289062 1011.484375 1018.52526855469 1018.42297363281 1015.44061279297 1013.20056152344 1023.93518066406
972.669738769531 983.895751953125 982.045715332031 986.937683105469 992.647277832031 994.632934570312 998.98388671875 994.396301269531 994.849426269531 1001.6005859375 1002.06719970703 990.724487304688 983.528381347656 986.600463867188 992.037475585938 1005.22711181641 1009.05023193359 1024.22375488281 1024.41333007812 1025.2138671875 1027.65930175781 1031.58068847656 1027.63903808594 1040.82446289062 1040.14636230469 1040.947265625 1040.83911132812 1049.74194335938 1049.29858398438 1043.78393554688 1038.57250976562 1045.40576171875 1043.38623046875 1028.9169921875 1023.45269775391 1023.37750244141 1012.21215820312 1012.10809326172 1020.11212158203 1010.19134521484 1015.70379638672 1016.5478515625 1008.02648925781 1005.72869873047 1012.81646728516 1012.17590332031
978.786804199219 974.080627441406 981.995849609375 974.599060058594 989.281311035156 999.902038574219 997.372802734375 993.882507324219 995.639709472656 1003.54541015625 998.407348632812 992.339233398438 996.157287597656 991.721496582031 999.598205566406 1006.02960205078 1015.80316162109 1039.33874511719 1043.87951660156 1033.32922363281 1030.05078125 1032.11608886719 1023.87103271484 1031.71118164062 1040.88317871094 1044.18298339844 1045.79650878906 1045.08032226562 1048.48071289062 1051.54406738281 1041.21667480469 1044.513671875 1047.30444335938 1031.33605957031 1018.03723144531 1015.46893310547 1004.48010253906 1011.6162109375 1015.58111572266 1010.25817871094 1015.00933837891 1014.88842773438 1006.96087646484 1002.30798339844 1010.94616699219 1014.25189208984
983.038269042969 981.291198730469 985.298278808594 976.512878417969 988.74072265625 1002.12023925781 999.202941894531 998.742065429688 1000.384765625 1003.802734375 1001.42034912109 999.825073242188 991.681823730469 994.886352539062 1006.66497802734 1022.08514404297 1030.37219238281 1033.77722167969 1038.90515136719 1025.37219238281 1027.57604980469 1029.24182128906 1028.77758789062 1029.04870605469 1034.71520996094 1036.97229003906 1037.91931152344 1040.95275878906 1045.37426757812 1043.50158691406 1040.78332519531 1041.98254394531 1045.25158691406 1035.62805175781 1029.32824707031 1027.51306152344 1019.33856201172 1015.55065917969 1009.50531005859 1013.03234863281 1018.01666259766 1012.21380615234 1011.76287841797 1005.01080322266 1002.93853759766 1007.69207763672
977.029907226562 972.678100585938 978.553161621094 989.339233398438 992.773742675781 997.742797851562 996.047119140625 999.606872558594 1000.00750732422 1006.74615478516 1007.10754394531 1003.31591796875 989.682312011719 997.122863769531 1003.27111816406 1013.80151367188 1035.587890625 1035.33459472656 1039.06481933594 1032.40893554688 1023.69250488281 1026.31433105469 1031.01147460938 1019.18829345703 1018.37677001953 1026.86340332031 1029.23669433594 1034.45556640625 1040.16040039062 1039.52429199219 1036.8662109375 1039.19201660156 1041.07568359375 1039.19116210938 1028.39587402344 1022.54754638672 1020.55487060547 1012.4375 1016.49957275391 1019.08868408203 1019.95831298828 1016.85266113281 1010.42486572266 1007.06243896484 1003.63647460938 1003.30059814453
974.669677734375 982.02734375 984.940673828125 993.820190429688 996.089660644531 995.967102050781 997.131713867188 1000.23486328125 992.735290527344 997.956665039062 1005.72607421875 1010.02569580078 997.716979980469 994.88525390625 1003.15100097656 1022.27709960938 1030.73071289062 1034.99645996094 1041.29846191406 1038.94140625 1026.02270507812 1023.52667236328 1027.26257324219 1018.76556396484 1014.10382080078 1025.58874511719 1022.26104736328 1027.8232421875 1032.11608886719 1028.40771484375 1029.86889648438 1031.96899414062 1038.36120605469 1027.20739746094 1029.75146484375 1019.18286132812 1012.10107421875 1009.16912841797 1005.45471191406 1006.65051269531 1007.953125 1003.61090087891 1003.47406005859 1011.87103271484 1013.55603027344 1001.48840332031
980.019714355469 981.11376953125 980.784118652344 990.680908203125 993.487060546875 988.66455078125 996.054016113281 1001.32818603516 1005.13397216797 995.328918457031 1005.13403320312 1012.65435791016 1010.84619140625 1013.26470947266 1000.97192382812 1013.21405029297 1022.3671875 1027.19689941406 1033.09973144531 1039.70910644531 1028.45825195312 1017.58087158203 1018.14978027344 1016.49078369141 1004.55242919922 1008.0751953125 1015.19744873047 1023.23980712891 1027.82775878906 1016.89855957031 1023.67175292969 1032.72900390625 1028.89404296875 1025.0390625 1018.55865478516 1017.5078125 1012.81683349609 1004.77319335938 1006.24139404297 1002.09332275391 1008.72058105469 1009.54364013672 1001.39910888672 1013.73327636719 1014.47283935547 1007.42584228516
977.953796386719 983.785339355469 982.006469726562 995.929809570312 994.264099121094 1000.50341796875 995.863098144531 994.075012207031 1001.14544677734 998.198791503906 998.893310546875 1010.59161376953 1011.62609863281 1008.20513916016 1006.03308105469 1007.07843017578 1021.49938964844 1022.89111328125 1020.39691162109 1028.08520507812 1028.34130859375 1025.16076660156 1014.54315185547 1012.39660644531 1005.44366455078 1015.92388916016 1003.69470214844 1013.54821777344 1019.39440917969 1018.86529541016 1020.08673095703 1027.99890136719 1027.02355957031 1020.98089599609 1021.22381591797 1022.82580566406 1008.86199951172 1006.8388671875 1011.935546875 1010.89288330078 1013.15411376953 1011.27435302734 1004.19927978516 1011.80584716797 1011.08752441406 1005.447265625
984.944458007812 986.12060546875 991.076599121094 989.912719726562 996.348937988281 999.005065917969 999.441772460938 999.860656738281 995.08837890625 1007.36517333984 1001.90582275391 1002.38934326172 996.020751953125 994.895141601562 998.849548339844 1009.46203613281 1022.08807373047 1027.33715820312 1029.87194824219 1032.35461425781 1031.63049316406 1019.89379882812 1015.74407958984 1010.70452880859 1012.14593505859 1006.30877685547 1004.33294677734 1013.32464599609 1013.88269042969 1013.73565673828 1028.63317871094 1023.14752197266 1023.01104736328 1023.85034179688 1022.36950683594 1023.74383544922 1014.90985107422 1011.30242919922 1006.91473388672 1021.15399169922 1012.70880126953 1005.92980957031 1008.78582763672 1011.03820800781 1011.17510986328 1003.52313232422
991.389831542969 982.72802734375 988.501953125 990.030212402344 1001.75799560547 1001.60906982422 999.786071777344 1003.45251464844 1008.49114990234 1006.11358642578 1009.63000488281 997.563232421875 1000.19842529297 996.276062011719 997.140197753906 1010.14862060547 1018.68365478516 1025.28381347656 1035.35864257812 1037.07019042969 1036.10632324219 1032.12060546875 1023.0166015625 1023.70385742188 1025.00671386719 1014.56103515625 1001.22222900391 1011.07513427734 1005.86907958984 1015.43389892578 1020.23944091797 1006.73907470703 1009.34637451172 1010.91363525391 1014.53240966797 1015.49206542969 1021.51446533203 1018.57153320312 1013.06964111328 1007.72351074219 1011.21136474609 1007.10565185547 1000.97662353516 1006.88751220703 995.151428222656 1000.0439453125
994.752136230469 989.005737304688 988.554260253906 993.080932617188 1000.71197509766 999.462341308594 999.976928710938 1003.38256835938 1011.37426757812 1010.19958496094 1008.94952392578 1004.68731689453 1004.24261474609 994.998962402344 996.9365234375 1013.86120605469 1017.384765625 1028.60620117188 1033.97619628906 1034.23205566406 1042.97033691406 1034.26599121094 1039.8056640625 1038.783203125 1040.71337890625 1031.60803222656 1022.10949707031 1020.4404296875 1017.48254394531 1025.14086914062 1015.08612060547 1014.35113525391 1005.5751953125 999.343872070312 1003.64465332031 1012.07366943359 1006.00689697266 1007.36706542969 1015.23101806641 1009.34539794922 1009.12139892578 996.094787597656 1003.013671875 996.6337890625 995.226867675781 1001.68518066406
