data/zlatibor_dem_simulations/DEMsim47.asc
NCOLS 150
NROWS 100
XLLCORNER 7394249
YLLCORNER 4841999
CELLSIZE 30
NODATA_VALUE -9999
[rows 20 to 39 of 100, columns 92 to 137 of 150]
995.256774902344 994.087097167969 993.221130371094 1004.66461181641 993.296997070312 984.903198242188 975.455444335938 971.385925292969 976.791870117188 983.946533203125 988.185546875 993.513732910156 994.477233886719 993.962158203125 986.070739746094 987.061157226562 979.454895019531 969.076538085938 963.29443359375 951.032836914062 943.865112304688 942.761840820312 937.599182128906 936.407287597656 947.657165527344 941.962585449219 939.230651855469 959.99169921875 965.04248046875 987.200988769531 995.540710449219 1005.47650146484 1016.41857910156 1016.07861328125 1022.44372558594 1025.26452636719 1028.8583984375 1023.81744384766 1024.10778808594 1037.82360839844 1049.64953613281 1051.5712890625 1064.98425292969 1066.11755371094 1052.7119140625 1057.73571777344
1013.33929443359 1020.39654541016 1012.14904785156 1013.888671875 1010.67559814453 993.509948730469 990.194763183594 992.587158203125 995.714233398438 986.10986328125 990.80908203125 989.277954101562 990.816833496094 992.976318359375 981.1611328125 980.533874511719 980.092590332031 971.050048828125 976.762390136719 955.897216796875 942.183654785156 947.595825195312 942.112182617188 941.406982421875 944.455871582031 947.44775390625 944.636474609375 962.710510253906 975.029418945312 990.403625488281 1001.76800537109 1006.93054199219 1023.05194091797 1029.51257324219 1024.39794921875 1028.69104003906 1039.33532714844 1035.31872558594 1033.40930175781 1045.7734375 1050.12036132812 1055.73474121094 1062.00598144531 1061.8466796875 1052.10437011719 1059.15832519531
1015.99261474609 1024.93420410156 1028.83776855469 1027.34130859375 1018.93469238281 999.256286621094 999.308776855469 1002.28350830078 1004.45361328125 1006.60516357422 1006.15362548828 994.487060546875 995.477416992188 1003.47265625 998.5439453125 992.35546875 988.836608886719 975.742248535156 961.969055175781 956.806762695312 950.774047851562 946.347595214844 949.20068359375 948.9541015625 942.157348632812 948.411560058594 956.259216308594 972.790283203125 985.642639160156 997.819519042969 1006.94036865234 1021.28668212891 1023.03253173828 1030.27587890625 1033.3935546875 1041.8427734375 1042.14245605469 1048.16137695312 1049.90881347656 1048.85461425781 1044.53088378906 1058.54577636719 1048.87048339844 1053.80065917969 1051.82238769531 1062.16748046875
1011.24102783203 1020.38165283203 1028.03308105469 1018.72711181641 1016.32708740234 1006.37536621094 1009.93853759766 1001.16870117188 1005.53948974609 1010.44000244141 1008.61950683594 1001.4619140625 1005.18048095703 1010.40747070312 1007.57501220703 995.749755859375 993.513122558594 970.699035644531 961.380126953125 949.232604980469 947.235107421875 945.996643066406 949.418640136719 947.311828613281 952.541198730469 957.595886230469 964.343017578125 984.115966796875 986.504760742188 999.904113769531 1008.43640136719 1019.51037597656 1027.59924316406 1028.60925292969 1034.22839355469 1035.06762695312 1039.56384277344 1044.04565429688 1046.92138671875 1045.89135742188 1051.30871582031 1056.06726074219 1052.54650878906 1052.77551269531 1049.2412109375 1059.34838867188
1014.38739013672 1024.71496582031 1023.51812744141 1022.9453125 1006.73474121094 1003.6845703125 998.531188964844 1006.42541503906 998.90478515625 1005.79388427734 1006.73889160156 1010.06237792969 1012.51861572266 1010.189453125 1007.62432861328 1005.17834472656 991.820983886719 976.227783203125 950.992309570312 936.623168945312 929.098266601562 940.371276855469 935.601867675781 949.468200683594 955.561340332031 961.822998046875 973.312744140625 993.780700683594 1001.9658203125 1004.30224609375 1014.20318603516 1010.50476074219 1034.76318359375 1031.52392578125 1034.44750976562 1033.16918945312 1031.69445800781 1034.75244140625 1046.30554199219 1048.24963378906 1051.32922363281 1053.05322265625 1051.01501464844 1050.71606445312 1050.91174316406 1053.27856445312
1025.53564453125 1026.03405761719 1022.45513916016 1017.08386230469 1014.33825683594 1008.107421875 1003.8515625 993.996154785156 1002.34613037109 1000.50610351562 1005.17016601562 1010.70770263672 1013.59167480469 1005.99108886719 1008.07067871094 1001.68048095703 998.928100585938 974.190979003906 956.024780273438 949.809692382812 939.638366699219 945.658935546875 937.933166503906 947.527648925781 950.014221191406 960.509521484375 968.059204101562 995.949523925781 1002.01342773438 1012.31317138672 1005.66979980469 1017.43603515625 1034.11242675781 1038.00952148438 1039.03076171875 1033.93286132812 1035.38720703125 1044.84924316406 1042.26635742188 1048.42468261719 1054.11145019531 1048.4736328125 1052.73474121094 1048.93444824219 1047.13830566406 1060.78723144531
1023.32806396484 1020.47882080078 1016.76153564453 1013.60375976562 1009.4443359375 1010.865234375 1002.35485839844 996.291931152344 997.118896484375 992.045776367188 989.818359375 1010.00360107422 1013.15545654297 1007.38006591797 1004.11676025391 1003.72521972656 990.483459472656 972.301940917969 966.619506835938 961.211547851562 947.031555175781 937.710083007812 937.299621582031 947.659729003906 957.924011230469 962.320922851562 969.218383789062 994.02880859375 991.572387695312 1000.98931884766 1015.59326171875 1023.97918701172 1029.2421875 1036.69152832031 1033.62976074219 1036.21496582031 1041.85107421875 1031.1533203125 1038.93627929688 1042.69604492188 1050.65966796875 1043.6220703125 1057.31018066406 1053.16174316406 1057.34521484375 1064.19226074219
1018.63470458984 1018.33032226562 1013.75732421875 1006.54919433594 999.834655761719 1007.45739746094 1001.56823730469 993.0166015625 998.347290039062 995.443786621094 1010.52099609375 1016.45294189453 1016.96630859375 1014.97509765625 1008.03607177734 997.069641113281 993.573425292969 977.302429199219 980.261291503906 959.252868652344 952.8408203125 946.082275390625 945.803527832031 947.459350585938 952.442749023438 962.8193359375 980.443298339844 978.694396972656 999.009460449219 1013.31451416016 1016.28204345703 1021.72625732422 1027.62927246094 1036.59362792969 1033.33068847656 1036.68249511719 1027.52319335938 1036.85595703125 1030.06494140625 1030.0859375 1044.55847167969 1047.32800292969 1053.05749511719 1050.60327148438 1055.48828125 1055.78076171875
1016.05981445312 1013.64038085938 1013.33728027344 1004.57257080078 1002.80932617188 998.318969726562 998.731872558594 998.924743652344 1000.18249511719 997.991516113281 1006.92987060547 1015.67407226562 1014.74719238281 1009.81811523438 999.767822265625 997.326538085938 989.024169921875 975.978576660156 964.501831054688 958.041259765625 957.513244628906 948.510864257812 941.690124511719 945.065490722656 955.971130371094 963.572814941406 974.030517578125 990.827941894531 996.451049804688 1006.16607666016 1014.29571533203 1022.44299316406 1016.43444824219 1032.1513671875 1035.11193847656 1038.53515625 1034.10632324219 1031.55590820312 1029.53552246094 1031.12060546875 1034.54150390625 1033.28112792969 1034.10217285156 1049.40515136719 1051.73388671875 1052.38330078125
1018.15588378906 1005.19921875 1006.84515380859 1013.84490966797 1007.92736816406 999.842468261719 1000.08685302734 992.427612304688 996.800842285156 999.130310058594 1003.62255859375 1024.63879394531 1015.02868652344 1012.43627929688 1005.54248046875 996.874694824219 987.728942871094 978.381896972656 973.03466796875 957.680297851562 955.036804199219 940.78662109375 937.693908691406 949.424011230469 955.01904296875 957.087951660156 968.389099121094 986.275085449219 996.26123046875 1003.71173095703 1011.81127929688 1017.49188232422 1026.46264648438 1028.27893066406 1031.35949707031 1035.55749511719 1029.34606933594 1025.8876953125 1034.81237792969 1031.57067871094 1035.85021972656 1027.05810546875 1031.73596191406 1044.52709960938 1051.87292480469 1053.20190429688
1010.99829101562 1018.81408691406 1016.60900878906 1024.3828125 1015.21636962891 1002.83660888672 999.216125488281 998.5732421875 1003.24359130859 1016.65869140625 1001.79754638672 1010.46203613281 1008.92553710938 1004.08166503906 1000.10437011719 998.970275878906 990.103393554688 974.213073730469 975.854370117188 966.345336914062 956.574829101562 943.610473632812 941.024780273438 946.498107910156 953.98291015625 962.287231445312 975.241027832031 977.857177734375 988.291931152344 1002.10803222656 1009.95404052734 1012.99310302734 1027.65759277344 1025.72021484375 1030.53588867188 1035.38208007812 1029.34545898438 1034.29187011719 1033.61145019531 1034.65417480469 1034.28930664062 1031.44396972656 1039.767578125 1045.79797363281 1049.13439941406 1041.62072753906
1012.19097900391 1011.19848632812 1020.10955810547 1024.93005371094 1021.056640625 1012.38232421875 1002.84912109375 1005.18518066406 1012.64703369141 1011.4072265625 992.207580566406 998.625122070312 995.410278320312 1002.25885009766 997.195861816406 994.009704589844 994.138488769531 978.295654296875 976.861267089844 974.312744140625 958.858032226562 940.436767578125 943.644775390625 948.653686523438 958.732177734375 967.376586914062 970.474853515625 978.460327148438 990.780944824219 997.796020507812 1015.8916015625 1019.54290771484 1017.65692138672 1025.66625976562 1029.67126464844 1029.14916992188 1034.46130371094 1033.0263671875 1034.62170410156 1024.34411621094 1025.47082519531 1021.94519042969 1031.83422851562 1033.12414550781 1032.02368164062 1036.24084472656
1015.24206542969 1009.341796875 1019.10089111328 1014.58392333984 1014.80603027344 1013.12237548828 1006.35327148438 1001.80328369141 1011.77838134766 1005.47985839844 997.403991699219 990.54248046875 984.258911132812 995.677612304688 991.255798339844 1000.79083251953 989.762817382812 979.525085449219 981.091796875 978.671997070312 973.636047363281 954.283264160156 949.632629394531 959.406860351562 965.065185546875 970.73193359375 975.0166015625 976.91650390625 997.781677246094 1010.29479980469 1006.54736328125 1014.78851318359 1020.58404541016 1018.49670410156 1030.29467773438 1029.76623535156 1028.18835449219 1023.94549560547 1024.95556640625 1021.52270507812 1020.68994140625 1026.73095703125 1026.33984375 1025.32006835938 1025.11779785156 1028.42370605469
1019.31176757812 1016.12896728516 1018.48999023438 1014.90667724609 1013.578125 1010.11328125 1001.62487792969 1003.62982177734 1001.30517578125 998.925048828125 992.536987304688 996.336975097656 990.877258300781 990.724853515625 993.825927734375 999.023010253906 990.483581542969 986.095092773438 987.945190429688 988.352111816406 984.213745117188 972.077819824219 969.396850585938 965.436584472656 972.115600585938 981.723449707031 979.372009277344 983.00048828125 1005.7197265625 1002.92535400391 1005.36529541016 1002.19799804688 1015.46832275391 1017.57403564453 1026.71081542969 1025.02014160156 1021.37847900391 1021.63299560547 1019.36578369141 1021.21435546875 1017.65808105469 1025.30700683594 1018.70520019531 1016.25750732422 1017.89416503906 1026.88623046875
1019.50231933594 1021.71649169922 1020.06896972656 1013.35614013672 1004.64105224609 994.132080078125 999.422973632812 999.866271972656 1001.5205078125 999.426147460938 1000.08355712891 998.384460449219 998.467224121094 991.204650878906 999.672729492188 992.452209472656 995.695556640625 988.774230957031 990.633117675781 996.473205566406 992.826477050781 980.329956054688 971.503784179688 972.891540527344 980.974243164062 987.354187011719 983.668701171875 986.34912109375 997.402221679688 993.211303710938 998.381103515625 1004.81072998047 1005.80065917969 1011.83166503906 1019.17565917969 1014.93511962891 1020.16192626953 1016.76605224609 1011.66290283203 1017.55364990234 1020.47467041016 1021.99652099609 1018.44085693359 1018.06091308594 1027.72338867188 1026.47888183594
1015.08270263672 1014.85375976562 1011.21618652344 1007.67944335938 1001.47552490234 1000.01068115234 997.39208984375 1007.64593505859 998.183227539062 998.062316894531 998.437561035156 994.479553222656 994.111633300781 999.091552734375 997.904846191406 991.67333984375 992.330993652344 987.707153320312 988.109252929688 990.592834472656 990.832763671875 990.386352539062 983.81982421875 983.940673828125 994.030212402344 990.472900390625 992.938293457031 987.951293945312 987.774353027344 987.575073242188 1001.25390625 1002.69635009766 1014.41278076172 1007.61798095703 1013.18041992188 1008.98114013672 1016.2890625 1015.94842529297 1012.09448242188 1020.51556396484 1025.03186035156 1015.74176025391 1012.48583984375 1010.42541503906 1016.39624023438 1025.4765625
1014.52886962891 1007.49841308594 1002.20202636719 1002.49493408203 999.993957519531 1001.2197265625 996.989074707031 991.718444824219 994.489379882812 995.860473632812 997.6962890625 996.912353515625 993.8779296875 997.588989257812 996.812744140625 998.365051269531 990.58642578125 984.959350585938 994.533630371094 997.572814941406 993.589233398438 994.521057128906 998.198608398438 985.984985351562 994.999145507812 1004.86047363281 989.855041503906 999.927368164062 991.989990234375 993.303894042969 998.171264648438 1011.02545166016 1009.17864990234 1006.6845703125 1007.79272460938 1013.10400390625 1011.67071533203 1007.46697998047 1015.49237060547 1016.61730957031 1020.98626708984 1018.88372802734 1022.48864746094 1014.07263183594 1006.59826660156 1022.1240234375
1004.26959228516 1008.38531494141 1000.3310546875 1000.48706054688 1006.99530029297 1002.35070800781 997.872802734375 990.196044921875 994.438598632812 988.228576660156 992.250061035156 991.324279785156 993.229125976562 992.488891601562 996.796936035156 995.136108398438 994.860778808594 990.617065429688 994.264953613281 994.011352539062 992.940063476562 1000.09643554688 995.452514648438 1002.08178710938 1000.91876220703 1006.09387207031 996.54931640625 995.188659667969 1001.02044677734 1003.80645751953 1007.58721923828 1009.74279785156 1010.44104003906 999.997863769531 1002.43389892578 1004.93249511719 1001.74633789062 1009.56091308594 1009.38513183594 1015.73059082031 1016.92755126953 1021.60491943359 1021.82250976562 1015.41833496094 1021.77954101562 1027.22827148438
1004.71411132812 1003.05657958984 998.378540039062 1004.29870605469 1004.34020996094 1004.64117431641 997.547119140625 989.435363769531 987.584594726562 990.684509277344 988.183166503906 989.696899414062 988.851013183594 987.003967285156 991.365112304688 998.367797851562 990.099853515625 990.636657714844 995.98828125 998.212829589844 1004.31317138672 999.09423828125 988.195678710938 1000.30456542969 994.265747070312 997.706298828125 1003.60687255859 1005.34606933594 1010.54956054688 1010.18786621094 1009.32177734375 1006.94891357422 1001.09991455078 999.626525878906 1005.65325927734 1001.26196289062 1002.09191894531 1002.76031494141 1013.25067138672 1011.33013916016 1016.1240234375 1020.00378417969 1013.16174316406 1019.29919433594 1025.20666503906 1027.88037109375
1000.41192626953 995.063842773438 998.508422851562 998.343322753906 996.133666992188 1002.75445556641 999.560363769531 992.187866210938 985.491943359375 987.086791992188 992.899841308594 991.344177246094 984.633850097656 987.863647460938 990.630493164062 1001.63830566406 1003.650390625 999.970764160156 995.275268554688 995.759033203125 999.483215332031 998.433898925781 992.413513183594 995.024230957031 997.866638183594 999.416442871094 988.741821289062 1001.01940917969 1005.92584228516 999.317443847656 999.078002929688 1002.55700683594 1003.96759033203 1005.65313720703 1013.34594726562 1009.18585205078 1008.55035400391 1011.17913818359 1010.70001220703 1019.46838378906 1018.89166259766 1019.96820068359 1018.16333007812 1019.61071777344 1031.7529296875 1033.32971191406
