data/zlatibor_dem_simulations/DEMsim60.asc
NCOLS 150
NROWS 100
XLLCORNER 7394249
YLLCORNER 4841999
CELLSIZE 30
NODATA_VALUE -9999
[rows 0 to 19 of 100, columns 92 to 137 of 150]
925.5419921875 915.324035644531 895.297058105469 898.318481445312 889.662475585938 883.340087890625 873.348388671875 870.977722167969 871.230285644531 870.424926757812 864.217102050781 857.945495605469 855.455139160156 855.199340820312 848.970520019531 853.022827148438 857.833068847656 869.736572265625 881.980407714844 890.434448242188 890.044006347656 896.221801757812 908.216430664062 902.119750976562 910.478820800781 915.187744140625 914.209594726562 922.715759277344 924.203857421875 935.302795410156 945.942443847656 954.361877441406 963.759521484375 961.704772949219 963.648559570312 980.41943359375 995.958374023438 1000.4599609375 1001.12762451172 1000.98272705078 1003.6728515625 1006.22473144531 1019.48291015625 1034.83850097656 1040.58532714844 1045.71459960938
932.925659179688 912.305847167969 903.048522949219 903.090759277344 899.188537597656 887.876220703125 882.618835449219 877.283264160156 871.775207519531 872.42431640625 871.019592285156 866.882629394531 861.277954101562 856.079772949219 862.848999023438 858.553527832031 860.14990234375 859.594055175781 867.885314941406 879.649536132812 882.607238769531 896.415649414062 907.047729492188 905.73046875 911.356994628906 914.453125 915.966674804688 921.983215332031 928.229675292969 929.646423339844 945.260009765625 940.960266113281 955.697509765625 955.96044921875 958.589660644531 975.940124511719 986.171081542969 1001.03839111328 994.696105957031 999.345458984375 999.275024414062 1012.21356201172 1025.80554199219 1037.15881347656 1037.59802246094 1040.90869140625
921.794677734375 917.512084960938 910.666809082031 896.836364746094 892.424438476562 886.8701171875 880.676147460938 875.627502441406 882.878356933594 869.875183105469 871.64794921875 868.710266113281 871.813415527344 865.254272460938 867.555480957031 865.205383300781 867.861267089844 864.977966308594 875.921936035156 880.400817871094 888.129516601562 894.469543457031 901.260314941406 908.568542480469 909.957885742188 914.835693359375 919.394287109375 925.782897949219 929.921508789062 935.329223632812 936.87646484375 936.415405273438 947.227294921875 958.2490234375 965.072082519531 969.159423828125 983.043334960938 999.290344238281 994.829040527344 999.6796875 1004.47369384766 1016.47265625 1029.88537597656 1041.44653320312 1051.39868164062 1051.36157226562
926.586791992188 914.560241699219 909.811279296875 906.77099609375 900.787841796875 891.300659179688 890.546997070312 884.771728515625 883.482299804688 875.768981933594 876.966003417969 888.438659667969 888.23193359375 873.515869140625 874.660522460938 866.983337402344 870.19580078125 865.761413574219 870.158569335938 877.873474121094 890.639465332031 893.109436035156 901.679870605469 899.552490234375 902.741943359375 908.059631347656 918.249633789062 921.276916503906 928.156860351562 930.665771484375 933.73876953125 943.331176757812 948.933288574219 951.432373046875 961.479553222656 956.195678710938 968.858764648438 991.166137695312 985.653503417969 1000.72265625 1000.34393310547 1018.65649414062 1041.19055175781 1048.00646972656 1054.83520507812 1056.35949707031
921.78466796875 919.211059570312 902.606323242188 902.871032714844 901.921752929688 894.365966796875 892.02978515625 886.527954101562 877.321655273438 883.007446289062 878.640380859375 880.912780761719 883.205139160156 869.139709472656 871.616149902344 871.606079101562 875.553283691406 872.17626953125 870.085266113281 875.330322265625 883.822570800781 887.447265625 903.334350585938 903.658386230469 907.309326171875 915.421142578125 912.016479492188 919.116149902344 928.145446777344 932.267272949219 944.555908203125 952.766662597656 958.155639648438 948.186462402344 947.387084960938 964.768249511719 966.634704589844 983.802856445312 989.74609375 1003.15795898438 1016.81811523438 1029.63720703125 1036.94104003906 1056.8056640625 1064.37658691406 1070.76831054688
922.617614746094 914.115417480469 903.800659179688 903.273803710938 902.935668945312 900.0830078125 898.992553710938 901.630432128906 892.289916992188 882.550354003906 884.740417480469 887.138366699219 873.836181640625 871.203186035156 884.651489257812 883.326904296875 881.0166015625 874.554931640625 873.395202636719 875.305847167969 880.093933105469 896.585021972656 903.50146484375 913.931274414062 908.120788574219 912.797485351562 915.484558105469 920.296264648438 931.900939941406 934.643676757812 946.190551757812 956.157531738281 957.829284667969 957.049255371094 967.3994140625 968.300231933594 970.291870117188 973.197509765625 992.719787597656 1007.24047851562 1023.23693847656 1034.03161621094 1039.80358886719 1061.11633300781 1062.248046875 1076.99780273438
919.964172363281 919.656433105469 909.233093261719 903.115905761719 911.553649902344 906.085327148438 902.622314453125 905.915832519531 895.271423339844 893.559020996094 883.927307128906 888.681701660156 875.638122558594 875.684448242188 881.202270507812 885.357788085938 881.108764648438 880.545776367188 883.133239746094 895.588562011719 893.796569824219 894.904846191406 905.662902832031 904.25634765625 911.487548828125 916.05712890625 917.146667480469 925.718811035156 935.813049316406 943.310913085938 944.637634277344 956.179809570312 959.738098144531 958.722412109375 964.80712890625 968.179748535156 973.367858886719 964.130676269531 986.449829101562 1005.18176269531 1022.55749511719 1037.04858398438 1042.83081054688 1058.81201171875 1064.09448242188 1078.49377441406
926.414855957031 926.459594726562 919.706787109375 906.556274414062 907.961181640625 912.680603027344 913.191162109375 921.187255859375 903.859985351562 888.929016113281 891.058471679688 891.115539550781 885.518798828125 886.083740234375 886.701538085938 889.417724609375 899.387329101562 890.996765136719 889.791564941406 897.119262695312 891.066650390625 897.02587890625 907.4072265625 914.446044921875 917.439819335938 921.085083007812 924.996887207031 933.712158203125 945.845397949219 945.972900390625 953.248413085938 958.225219726562 958.872009277344 955.720825195312 967.228393554688 966.393005371094 968.115112304688 968.093444824219 981.876770019531 1008.69329833984 1023.43627929688 1034.98986816406 1039.26733398438 1056.80627441406 1059.64575195312 1071.86071777344
929.42578125 922.446228027344 922.468139648438 917.191467285156 912.3193359375 916.633911132812 916.340942382812 923.659790039062 910.252868652344 903.285705566406 904.813354492188 899.681701660156 893.137023925781 891.784362792969 893.088928222656 890.762145996094 899.479125976562 899.932373046875 894.676025390625 906.27099609375 907.546936035156 917.975280761719 917.290161132812 922.724853515625 920.191040039062 927.28076171875 929.750793457031 932.489685058594 945.54150390625 948.232604980469 952.696411132812 966.972351074219 956.047302246094 963.575988769531 968.030212402344 975.675659179688 978.657653808594 980.019165039062 993.312255859375 1007.50347900391 1018.03509521484 1031.84289550781 1034.98388671875 1050.39245605469 1066.47546386719 1072.40673828125
921.011901855469 914.855407714844 921.458374023438 919.695983886719 915.774658203125 922.219909667969 930.051452636719 916.226501464844 916.236389160156 909.22216796875 913.472717285156 910.061279296875 905.542663574219 903.791076660156 896.355834960938 897.475280761719 904.795776367188 907.382141113281 903.299499511719 902.853698730469 914.455993652344 913.333068847656 919.343994140625 922.614807128906 930.094787597656 930.374267578125 931.256713867188 939.319580078125 942.499633789062 956.910339355469 958.827026367188 958.27978515625 954.2548828125 970.314575195312 976.002807617188 980.28759765625 986.627014160156 992.324462890625 1002.6171875 1016.57171630859 1019.32165527344 1032.27099609375 1039.13732910156 1047.25231933594 1056.75451660156 1073.9736328125
923.248168945312 915.415283203125 919.841430664062 922.392578125 920.861389160156 924.806396484375 935.578125 927.326049804688 917.295959472656 919.759948730469 925.00927734375 917.280151367188 913.814514160156 922.552612304688 916.681579589844 914.431396484375 912.509887695312 914.642700195312 915.014465332031 905.131408691406 915.679443359375 918.295227050781 918.343566894531 918.28076171875 928.529235839844 922.223205566406 934.352416992188 936.920532226562 943.690063476562 953.152648925781 958.284118652344 953.603332519531 954.076538085938 966.770935058594 981.363952636719 990.376647949219 989.219665527344 998.762145996094 1009.04150390625 1015.90673828125 1024.57995605469 1038.33898925781 1043.38366699219 1046.51892089844 1068.77111816406 1073.56945800781
935.12841796875 919.040222167969 914.018737792969 925.913208007812 931.284973144531 930.817932128906 930.933959960938 926.217407226562 930.930847167969 938.17578125 933.256896972656 928.889526367188 925.755432128906 928.533935546875 930.274963378906 939.958618164062 935.442199707031 935.119567871094 934.548767089844 931.592712402344 931.423645019531 932.220397949219 926.547119140625 918.111267089844 918.492431640625 921.85400390625 927.179260253906 939.88427734375 943.44384765625 952.454284667969 952.531127929688 953.46826171875 967.361389160156 980.426147460938 986.896301269531 988.351745605469 994.668823242188 998.144287109375 1005.15496826172 1018.66430664062 1020.42761230469 1030.90307617188 1043.28002929688 1051.14282226562 1058.62927246094 1069.34509277344
936.071533203125 926.867736816406 932.11865234375 933.037658691406 940.659301757812 938.098693847656 934.370910644531 944.958801269531 949.822631835938 951.469177246094 947.701171875 928.225524902344 930.713928222656 939.517028808594 944.166748046875 945.503845214844 943.653686523438 944.455810546875 941.112182617188 945.894836425781 937.941345214844 929.816589355469 929.290222167969 919.777465820312 921.400756835938 918.418395996094 925.920593261719 938.812194824219 952.302062988281 950.335510253906 955.605773925781 961.687133789062 963.503662109375 979.134826660156 985.077758789062 985.3857421875 995.182861328125 995.42333984375 1007.96099853516 1011.12237548828 1015.28759765625 1040.34338378906 1043.60522460938 1053.8740234375 1061.68518066406 1068.05419921875
947.014709472656 945.415344238281 933.044250488281 931.21923828125 937.670043945312 944.8291015625 940.133850097656 944.038696289062 955.669982910156 957.968383789062 957.632934570312 948.387817382812 943.482055664062 942.776550292969 950.221557617188 952.902526855469 940.749206542969 943.711181640625 948.6181640625 951.93603515625 941.34912109375 939.012145996094 934.248779296875 928.276672363281 915.134521484375 917.693359375 926.074645996094 940.879516601562 947.547424316406 951.38037109375 965.322326660156 967.200134277344 971.025085449219 981.424438476562 977.820129394531 976.3310546875 995.773132324219 998.23291015625 999.473815917969 1000.56488037109 1012.50512695312 1022.20843505859 1035.87048339844 1042.55993652344 1058.9384765625 1063.91198730469
945.658203125 946.340393066406 934.550964355469 936.665344238281 944.116027832031 946.726684570312 948.567504882812 947.131469726562 963.801330566406 953.891723632812 969.444030761719 962.645202636719 955.7060546875 950.146423339844 960.158142089844 960.429626464844 962.027954101562 961.381958007812 965.096984863281 960.121154785156 947.314697265625 945.723510742188 936.389831542969 926.187377929688 915.306762695312 919.303649902344 925.214050292969 944.789978027344 948.588623046875 961.21630859375 965.708984375 966.106689453125 967.428833007812 976.285705566406 978.62890625 987.119567871094 995.509826660156 999.361999511719 1006.18438720703 1005.49530029297 1014.21752929688 1024.24841308594 1032.49194335938 1039.04858398438 1050.24011230469 1056.41711425781
934.056091308594 940.807067871094 934.667907714844 942.468627929688 940.148010253906 964.77392578125 961.121887207031 964.501708984375 967.073913574219 953.077209472656 960.726013183594 957.421875 965.74853515625 964.777526855469 967.469787597656 969.179260253906 970.820861816406 971.485046386719 970.288024902344 965.736511230469 949.041748046875 939.909545898438 926.868774414062 924.904968261719 925.104858398438 930.528015136719 938.034057617188 950.249572753906 953.118286132812 960.730285644531 970.191955566406 961.324768066406 962.311279296875 972.986877441406 978.759521484375 989.585876464844 999.546325683594 999.199462890625 1001.15191650391 1003.83898925781 1014.15893554688 1020.14349365234 1026.85754394531 1043.97485351562 1052.33666992188 1057.23571777344
942.455139160156 949.321044921875 943.800109863281 944.064697265625 955.739013671875 963.853759765625 967.248107910156 980.139038085938 974.904907226562 967.518005371094 966.010131835938 963.926452636719 971.691284179688 974.664123535156 982.209716796875 968.55419921875 977.083923339844 974.728942871094 969.994201660156 968.024780273438 952.720886230469 946.970581054688 929.192993164062 911.550842285156 917.383605957031 930.284545898438 942.795776367188 947.49755859375 953.329467773438 957.29541015625 963.375366210938 956.682312011719 959.349609375 965.483581542969 984.847473144531 997.790588378906 998.0869140625 1007.42437744141 1011.62359619141 1007.18341064453 1014.04711914062 1023.82861328125 1035.36926269531 1050.447265625 1056.3681640625 1061.92272949219
964.088195800781 953.139709472656 956.921936035156 955.581604003906 959.028747558594 972.803527832031 979.680541992188 987.919372558594 980.664611816406 973.693237304688 978.695190429688 980.656555175781 972.622253417969 981.584167480469 986.229187011719 982.879028320312 976.594543457031 981.328186035156 974.203491210938 963.693298339844 954.480895996094 937.496643066406 921.266540527344 916.181457519531 914.92236328125 929.01123046875 948.656921386719 947.760559082031 947.943725585938 956.525817871094 959.381774902344 961.778869628906 975.018920898438 981.914916992188 987.670227050781 992.226196289062 999.555419921875 1011.2353515625 1020.14129638672 1025.46362304688 1031.04711914062 1042.8310546875 1046.81225585938 1051.81457519531 1065.84143066406 1065.88220214844
973.916687011719 971.955688476562 963.865966796875 975.09912109375 971.761840820312 983.413269042969 986.946044921875 992.886413574219 985.839050292969 977.08740234375 971.60107421875 977.587524414062 978.969665527344 978.866455078125 985.986206054688 988.760498046875 983.306579589844 986.184814453125 977.129089355469 965.080810546875 949.351989746094 942.750122070312 934.913696289062 923.79345703125 932.958190917969 935.498168945312 944.183349609375 939.471008300781 948.686950683594 963.379089355469 966.830383300781 971.890197753906 985.547607421875 987.414245605469 991.494506835938 1001.66131591797 1005.65447998047 1016.06817626953 1026.65502929688 1027.6279296875 1042.17797851562 1049.48815917969 1055.982421875 1057.91882324219 1059.90222167969 1062.35119628906
976.388977050781 980.023498535156 980.036315917969 985.953430175781 995.3671875 991.082763671875 1005.89892578125 1001.77484130859 996.053771972656 984.51904296875 979.848571777344 977.403198242188 980.091491699219 978.621215820312 983.187683105469 988.05224609375 988.342468261719 978.743225097656 974.59033203125 955.357482910156 942.866455078125 941.203125 932.312927246094 931.8994140625 940.519348144531 941.700988769531 952.357299804688 949.30810546875 943.571166992188 954.800537109375 966.004943847656 972.178955078125 984.503112792969 991.227233886719 1003.69921875 1011.37854003906 1006.78393554688 1013.79193115234 1030.72998046875 1037.27795410156 1048.42724609375 1059.93115234375 1063.88806152344 1059.31579589844 1056.59777832031 1061.27758789062
