data/zlatibor_dem_simulations/DEMsim45.asc
NCOLS 150
NROWS 100
XLLCORNER 7394249
YLLCORNER 4841999
CELLSIZE 30
NODATA_VALUE -9999
[rows 20 to 39 of 100, columns 46 to 91 of 150]
1016.46984863281 1012.50164794922 1012.30364990234 1000.85052490234 1004.15551757812 997.366760253906 1007.65362548828 1010.38531494141 1014.50140380859 1019.00323486328 1016.54663085938 1027.38403320312 1023.92260742188 1013.83081054688 1013.95861816406 1021.22106933594 1026.19836425781 1033.87109375 1019.28515625 1015.28094482422 1020.46838378906 1025.30346679688 1024.07250976562 1025.7431640625 1028.61279296875 1016.49774169922 1012.94293212891 1015.99853515625 1021.39715576172 1029.30407714844 1024.21142578125 1021.82946777344 1026.39807128906 1019.36120605469 1022.81970214844 1014.33850097656 1012.29522705078 1027.65161132812 1032.85607910156 1028.576171875 1018.79711914062 1013.0244140625 1009.470703125 1009.59655761719 1006.45520019531 1009.61169433594
1008.44024658203 1008.32641601562 1002.19775390625 1000.94274902344 999.117736816406 1000.20062255859 997.798095703125 1000.36358642578 1005.52551269531 1010.41253662109 1015.85217285156 1018.02264404297 1012.44476318359 1022.99963378906 1019.97717285156 1016.44964599609 1012.89788818359 1015.98577880859 1027.11071777344 1004.88079833984 1018.71734619141 1021.47833251953 1024.93359375 1020.62829589844 1025.38586425781 1019.74639892578 1009.27856445312 1007.39636230469 1002.96276855469 1024.72351074219 1022.30474853516 1018.27850341797 1017.98681640625 1026.14440917969 1021.54364013672 1017.99053955078 1020.62463378906 1014.68395996094 1018.81799316406 1024.48315429688 1018.84643554688 1019.1123046875 1016.42059326172 1002.96276855469 1016.11145019531 1020.34741210938
996.329528808594 999.274230957031 997.773010253906 995.709350585938 993.928466796875 995.621154785156 994.875610351562 998.711791992188 992.498229980469 1005.6162109375 1010.06915283203 1009.54425048828 1008.35034179688 1016.64270019531 1025.22387695312 1019.3642578125 1008.84143066406 1012.33825683594 1020.54266357422 1013.62554931641 1013.57012939453 1014.45910644531 1008.93878173828 1020.9541015625 1020.44860839844 1020.03778076172 1008.85400390625 1000.33807373047 1005.5224609375 1015.80291748047 1018.19421386719 1014.70672607422 1007.59515380859 1009.69763183594 1016.77746582031 1018.38305664062 1015.58679199219 1006.34765625 1010.40838623047 1015.12463378906 1008.99383544922 1007.06451416016 1022.60125732422 1019.09539794922 1022.42553710938 1021.45135498047
989.561218261719 990.270690917969 991.469055175781 991.099182128906 992.485290527344 999.201293945312 993.805358886719 999.415466308594 990.415710449219 1001.32312011719 1013.82678222656 1013.39080810547 1012.03314208984 1012.60961914062 1018.25299072266 1009.42156982422 1002.38726806641 1009.06329345703 1017.80023193359 1017.36572265625 1019.48608398438 1016.20812988281 1008.34063720703 1009.78723144531 1017.29895019531 1015.10052490234 1007.82934570312 1006.228515625 1003.22875976562 1002.94616699219 1000.61419677734 1003.49401855469 1004.27947998047 1012.97332763672 1011.93438720703 1008.73388671875 1012.10144042969 1006.21203613281 1011.93450927734 1011.36669921875 1012.24157714844 1013.82293701172 1014.20007324219 1022.26483154297 1012.37237548828 1015.57061767578
985.882385253906 996.772827148438 995.881103515625 988.465393066406 987.802185058594 980.661987304688 999.186950683594 995.166870117188 994.116455078125 1002.82287597656 1000.99841308594 997.802917480469 1002.65264892578 1000.54779052734 1000.83636474609 1000.17376708984 1004.19366455078 1009.39056396484 1020.73876953125 1026.1005859375 1024.14636230469 1021.42352294922 1013.40844726562 1019.93359375 1009.59893798828 1013.76782226562 1018.72601318359 1020.29290771484 1011.60845947266 1000.2705078125 1001.17822265625 990.604797363281 1000.8955078125 1008.326171875 999.329345703125 1005.90808105469 1000.19122314453 996.559387207031 1009.79602050781 1017.40783691406 1014.78326416016 1008.69647216797 1020.23138427734 1021.76702880859 1015.85687255859 1019.13562011719
994.421081542969 994.019287109375 993.237426757812 996.812927246094 993.687683105469 992.51416015625 988.808776855469 996.558227539062 986.634765625 998.421142578125 999.575622558594 997.949340820312 989.962036132812 995.947326660156 994.262939453125 992.437072753906 1004.86657714844 1007.69152832031 1015.61651611328 1020.10882568359 1016.15209960938 1013.91845703125 1014.47576904297 1013.22467041016 1019.09759521484 1022.21856689453 1014.37701416016 1017.22015380859 1014.00866699219 1002.40075683594 1001.83416748047 995.009094238281 1001.18859863281 1000.65289306641 1007.81475830078 1004.80633544922 1004.25885009766 992.662780761719 1006.31994628906 1010.17749023438 1009.77435302734 1010.96466064453 1015.79107666016 1017.25347900391 1020.21246337891 1027.24145507812
998.828552246094 984.254516601562 982.841125488281 988.393493652344 991.628845214844 987.584655761719 990.661376953125 988.610656738281 994.971801757812 993.549194335938 1000.04693603516 997.317016601562 985.21240234375 986.769775390625 993.91552734375 1001.69659423828 999.808166503906 1010.84527587891 1008.54248046875 1010.19360351562 1000.89709472656 1016.71966552734 1008.90869140625 1008.93365478516 1021.65893554688 1017.40753173828 1016.95886230469 1009.37817382812 1005.71362304688 1000.12896728516 990.316955566406 998.380859375 1004.68450927734 998.356750488281 1002.52703857422 999.569274902344 1003.52227783203 997.3427734375 1005.39868164062 1012.85461425781 1013.67834472656 1010.60400390625 1015.9970703125 1015.05291748047 1023.28497314453 1022.49957275391
996.509948730469 989.029602050781 986.786560058594 984.330200195312 984.763305664062 978.530578613281 976.2431640625 975.245056152344 979.690124511719 999.460266113281 996.152038574219 991.58349609375 984.487609863281 986.157836914062 991.268737792969 987.583374023438 996.816711425781 1005.24639892578 1004.82946777344 1007.14471435547 1010.32403564453 1016.12945556641 1015.17095947266 1015.06848144531 1020.55511474609 1014.86273193359 1007.12091064453 1002.03619384766 1003.26031494141 999.453125 997.122802734375 992.637329101562 1001.64172363281 987.4580078125 989.717834472656 1000.13989257812 1003.03576660156 999.997192382812 1006.77941894531 1004.55450439453 999.336364746094 1013.42926025391 1021.92047119141 1021.91455078125 1023.88958740234 1034.22033691406
993.042785644531 987.566711425781 994.369384765625 982.990539550781 974.97509765625 970.380615234375 968.282348632812 975.753845214844 984.19384765625 997.669799804688 995.194152832031 993.737426757812 986.531005859375 992.350341796875 985.210266113281 981.847595214844 989.944763183594 989.667297363281 1002.91656494141 1007.98425292969 1007.18048095703 1021.03399658203 1019.55999755859 1012.50665283203 1010.90930175781 1008.68304443359 1007.31774902344 997.4521484375 996.109680175781 991.786254882812 991.449645996094 991.606140136719 996.673278808594 991.566162109375 985.279052734375 989.960693359375 998.539794921875 1008.09234619141 1007.82745361328 1004.52252197266 1008.17932128906 1023.23889160156 1023.07891845703 1014.28625488281 1019.35363769531 1025.58435058594
991.358642578125 986.161560058594 982.107299804688 974.016845703125 966.810119628906 971.362854003906 978.965087890625 975.888671875 981.985778808594 991.80615234375 996.914855957031 991.714599609375 987.902526855469 979.09423828125 978.636596679688 982.47705078125 985.024230957031 988.994201660156 996.908264160156 1001.40594482422 1011.28363037109 1020.32153320312 1010.53143310547 1005.70721435547 1003.13781738281 1008.49005126953 998.740295410156 1003.34436035156 993.413269042969 986.701354980469 986.652648925781 979.122009277344 982.938598632812 977.792114257812 980.741760253906 985.298767089844 987.499938964844 1000.65802001953 1012.63885498047 1006.56811523438 1022.4658203125 1034.28698730469 1019.92742919922 1018.68182373047 1018.07769775391 1027.486328125
986.439819335938 989.776916503906 991.998168945312 985.190490722656 975.813720703125 971.437805175781 979.466125488281 984.467041015625 976.334411621094 986.820861816406 991.029296875 982.240417480469 984.443786621094 984.959411621094 981.0087890625 993.153564453125 990.939880371094 992.67041015625 998.722229003906 999.905334472656 1006.92907714844 1002.85504150391 998.454162597656 997.521667480469 995.707214355469 996.700256347656 990.507690429688 993.948791503906 992.558288574219 978.467163085938 982.345153808594 972.294372558594 976.717468261719 975.283325195312 983.728271484375 983.072631835938 988.744995117188 998.537902832031 1008.71551513672 1015.93670654297 1023.15777587891 1025.08654785156 1013.84844970703 1015.51092529297 1019.92425537109 1026.04553222656
988.867553710938 985.579772949219 991.043701171875 988.388122558594 983.964782714844 985.14453125 982.250610351562 976.262817382812 966.703125 978.412109375 984.274353027344 979.690551757812 978.7685546875 979.093139648438 984.533386230469 993.689147949219 988.470458984375 992.418212890625 998.658447265625 1003.50866699219 1001.50958251953 999.7822265625 995.53564453125 992.347534179688 990.520690917969 989.508544921875 1000.09533691406 993.458618164062 983.677307128906 969.5302734375 967.113830566406 968.309143066406 967.536804199219 973.168579101562 988.84033203125 977.78955078125 992.247314453125 999.255493164062 1001.10070800781 1014.68389892578 1015.95849609375 1023.16760253906 1020.42388916016 1013.09661865234 1013.33825683594 1015.22265625
983.190185546875 986.94580078125 985.618347167969 983.374389648438 974.086791992188 978.188903808594 983.118835449219 978.206115722656 977.405212402344 980.605407714844 976.83447265625 974.428405761719 974.359375 977.414978027344 982.570739746094 982.174682617188 989.264709472656 996.079467773438 992.135009765625 998.006164550781 1000.13751220703 991.681640625 995.87646484375 990.087219238281 987.823669433594 992.661254882812 990.075805664062 982.140991210938 971.976684570312 962.204284667969 960.499694824219 956.516662597656 958.808898925781 966.1416015625 979.697021484375 987.984375 999.752502441406 1004.46118164062 1004.20068359375 1024.95581054688 1019.59820556641 1020.14807128906 1016.20111083984 1014.6728515625 1011.16387939453 1011.52972412109
980.168029785156 982.224670410156 984.663879394531 984.273071289062 985.06298828125 979.418579101562 982.895141601562 985.375793457031 985.311340332031 986.30078125 976.223388671875 972.807312011719 976.972045898438 979.71044921875 984.317260742188 985.085876464844 984.224609375 991.341918945312 996.990600585938 997.072509765625 996.051513671875 995.0791015625 994.439819335938 995.28564453125 989.133972167969 980.218322753906 985.160827636719 979.598205566406 973.834899902344 961.90185546875 949.248046875 953.181030273438 951.144287109375 959.20361328125 974.749877929688 990.871826171875 999.617736816406 1005.57977294922 1010.27697753906 1016.39245605469 1023.53314208984 1021.63317871094 1020.22698974609 1010.615234375 1000.580078125 1009.48620605469
968.818969726562 967.088439941406 973.193603515625 981.167236328125 981.089782714844 976.669372558594 966.946716308594 975.845642089844 974.182678222656 974.026489257812 977.725708007812 969.793640136719 980.399780273438 982.656677246094 987.717590332031 986.0869140625 983.830810546875 989.706848144531 991.713928222656 992.027465820312 993.731079101562 986.771545410156 987.140808105469 996.016967773438 986.104553222656 977.509094238281 983.177307128906 982.117431640625 971.134704589844 961.461547851562 955.502075195312 956.287536621094 956.233825683594 966.528137207031 978.355285644531 993.368591308594 1004.33416748047 1003.69274902344 1004.5322265625 1006.89019775391 1007.33074951172 1015.86267089844 1015.95568847656 1018.62316894531 1004.87969970703 1020.66955566406
963.218383789062 968.648376464844 972.071350097656 978.333312988281 984.582275390625 975.230773925781 973.696899414062 969.326110839844 971.77880859375 969.088928222656 969.483215332031 967.399658203125 966.903991699219 974.269958496094 981.660888671875 982.598510742188 988.344177246094 990.699890136719 986.519775390625 984.267883300781 982.656616210938 977.558959960938 972.533203125 981.761840820312 978.56787109375 982.099853515625 975.798828125 969.828674316406 970.943115234375 966.9951171875 961.651428222656 965.367431640625 965.813720703125 974.755920410156 971.934204101562 989.043395996094 995.612609863281 1002.91448974609 1003.80554199219 1003.36871337891 1008.68109130859 1012.98046875 1009.51544189453 1010.10992431641 1009.27941894531 1003.80053710938
972.913818359375 972.222900390625 977.678100585938 984.743957519531 989.000427246094 975.5478515625 980.284851074219 968.556091308594 972.212585449219 976.609130859375 966.018432617188 969.850708007812 968.816833496094 973.531005859375 981.458862304688 988.021728515625 991.92431640625 988.012390136719 990.523498535156 985.406005859375 976.267211914062 962.954895019531 962.889465332031 963.772216796875 977.190856933594 980.489440917969 972.623596191406 973.2705078125 975.467590332031 964.550048828125 958.447570800781 967.44384765625 964.176452636719 977.249694824219 988.801879882812 996.712585449219 1000.02142333984 1002.15277099609 999.827575683594 1000.87902832031 1009.21258544922 1013.02410888672 1010.34405517578 1011.91717529297 1010.68115234375 1008.96081542969
972.832397460938 970.914245605469 967.451904296875 976.550048828125 974.224365234375 976.706176757812 973.9111328125 977.044616699219 976.753051757812 978.809265136719 968.245849609375 973.902709960938 968.441345214844 968.11181640625 979.126770019531 988.23291015625 993.677612304688 986.155883789062 986.361022949219 978.721923828125 976.116577148438 961.711181640625 959.659423828125 964.851196289062 974.862243652344 971.617309570312 976.085693359375 968.863464355469 965.755615234375 964.249389648438 961.674438476562 967.076721191406 979.520446777344 989.969787597656 997.538269042969 991.30078125 996.783569335938 995.350769042969 996.792785644531 997.169555664062 1006.35491943359 1013.74725341797 1014.95147705078 1009.21398925781 1002.837890625 998.848266601562
980.027893066406 971.71337890625 977.722290039062 974.800354003906 981.147033691406 972.880920410156 976.426025390625 979.326782226562 985.140075683594 979.030456542969 974.162841796875 971.686096191406 974.79150390625 974.668334960938 978.856628417969 987.020690917969 987.275756835938 986.767211914062 985.827514648438 982.1064453125 975.516296386719 959.271301269531 957.738647460938 962.623291015625 963.434204101562 973.652282714844 971.295837402344 976.028503417969 968.600769042969 962.728942871094 960.26318359375 966.040222167969 969.367492675781 980.895446777344 984.623657226562 998.369934082031 990.261108398438 993.092956542969 985.459594726562 989.308349609375 1004.83770751953 1010.89929199219 1003.23980712891 1001.09075927734 999.052734375 1000.47528076172
971.499755859375 966.964660644531 972.288269042969 981.590515136719 977.5107421875 966.226684570312 969.563842773438 968.052551269531 979.1005859375 983.279357910156 978.299560546875 979.767517089844 978.170593261719 974.307067871094 976.313659667969 987.181274414062 979.967102050781 974.013977050781 981.330261230469 979.010375976562 974.39697265625 962.946716308594 958.838500976562 956.783752441406 956.1845703125 968.090698242188 964.321960449219 962.02978515625 959.910705566406 961.478454589844 960.281433105469 964.046325683594 969.081298828125 975.063415527344 991.639892578125 991.563232421875 994.547180175781 991.835754394531 982.452270507812 985.508605957031 992.372314453125 1002.18896484375 999.292602539062 999.581604003906 994.750610351562 994.334838867188
