data/zlatibor_dem_simulations/DEMsim1.asc
NCOLS 150
NROWS 100
XLLCORNER 7394249
YLLCORNER 4841999
CELLSIZE 30
NODATA_VALUE -9999
[rows 60 to 79 of 100, columns 92 to 137 of 150]
965.048095703125 971.44580078125 973.886596679688 971.681457519531 970.855529785156 985.585327148438 990.512512207031 990.270629882812 990.251220703125 990.466247558594 986.389709472656 984.24755859375 992.208435058594 987.315673828125 987.539855957031 989.793090820312 993.016296386719 999.412170410156 1004.14434814453 997.552062988281 997.112060546875 998.835876464844 1001.21545410156 1003.40899658203 1009.57373046875 1012.02685546875 1013.35577392578 1009.54840087891 1003.39666748047 1002.8369140625 1003.33483886719 1005.28063964844 1006.07678222656 1009.71856689453 1013.60650634766 1022.560546875 1032.53601074219 1037.31091308594 1041.43115234375 1045.74572753906 1056.83618164062 1066.19250488281 1055.35205078125 1054.63244628906 1061.01892089844 1061.00244140625
958.687927246094 973.143005371094 978.562133789062 977.1689453125 981.847778320312 981.381286621094 989.059875488281 990.063598632812 996.159118652344 987.7412109375 985.838073730469 989.545776367188 991.135009765625 990.218688964844 1001.14978027344 997.336791992188 995.436584472656 1002.21600341797 1007.11291503906 999.687683105469 997.97412109375 1001.69616699219 999.811218261719 1011.3642578125 1016.40490722656 1018.61657714844 1019.15466308594 1013.95147705078 1005.35754394531 998.818359375 1000.53118896484 1003.67205810547 1005.36480712891 1018.92797851562 1021.86334228516 1027.64379882812 1031.08581542969 1037.35498046875 1032.38024902344 1034.00549316406 1042.7646484375 1045.64221191406 1044.66772460938 1051.19201660156 1050.96813964844 1058.060546875
969.547668457031 969.520568847656 981.52490234375 986.070007324219 991.729248046875 985.781005859375 986.525817871094 999.5712890625 994.418762207031 998.422607421875 983.42529296875 992.8212890625 987.824645996094 994.516052246094 991.748779296875 1002.44708251953 1000.65026855469 1008.55169677734 1003.62658691406 1007.58843994141 1005.53369140625 1006.77655029297 1010.37054443359 1014.84722900391 1022.04254150391 1019.05194091797 1020.21099853516 1030.14318847656 1011.73388671875 1007.92071533203 1004.53637695312 1014.09307861328 1015.59631347656 1014.69799804688 1022.12017822266 1031.31762695312 1030.54125976562 1036.23364257812 1035.18835449219 1035.11743164062 1042.64929199219 1034.69592285156 1030.51452636719 1040.04943847656 1043.71228027344 1044.330078125
962.869384765625 978.859375 978.498657226562 988.227905273438 987.519409179688 989.502563476562 997.001525878906 996.633850097656 996.292297363281 989.080505371094 988.196228027344 986.434997558594 993.339050292969 1006.52136230469 997.876953125 1002.97662353516 1002.6962890625 999.419860839844 1001.55072021484 1008.31164550781 1005.75274658203 1010.84234619141 1022.15417480469 1031.47058105469 1034.34423828125 1028.58044433594 1021.92681884766 1025.18005371094 1024.06262207031 1019.44891357422 1018.53601074219 1013.08172607422 1026.90490722656 1023.65637207031 1026.15380859375 1031.09948730469 1032.00085449219 1035.41247558594 1039.03747558594 1040.935546875 1041.3193359375 1030.173828125 1026.09741210938 1032.73498535156 1041.27868652344 1038.71240234375
975.410705566406 978.913208007812 975.257934570312 983.188110351562 997.951782226562 999.713439941406 997.6474609375 1002.76312255859 998.205444335938 993.101684570312 995.996765136719 987.195434570312 988.724182128906 1004.39337158203 1001.06188964844 1003.33624267578 997.744689941406 1009.41766357422 1001.22955322266 1015.41320800781 1021.69940185547 1014.38702392578 1022.62365722656 1034.68298339844 1037.87133789062 1038.27087402344 1029.07482910156 1038.66381835938 1028.69299316406 1022.35095214844 1022.75012207031 1023.92749023438 1024.2490234375 1025.84399414062 1018.69787597656 1023.65686035156 1034.02575683594 1049.46813964844 1044.97326660156 1042.23193359375 1035.23425292969 1028.18408203125 1028.15673828125 1036.72778320312 1031.14709472656 1040.07934570312
979.180297851562 978.484008789062 980.540771484375 979.501586914062 983.85693359375 995.56689453125 999.230773925781 1004.45428466797 1003.88549804688 996.951049804688 992.1171875 993.670227050781 997.757995605469 996.449096679688 1000.69079589844 1004.76751708984 1000.89971923828 1011.03082275391 1019.16357421875 1018.55017089844 1017.14764404297 1015.82287597656 1024.97387695312 1026.86352539062 1039.66540527344 1030.50207519531 1033.20703125 1033.89868164062 1035.70812988281 1030.22216796875 1026.12634277344 1033.4912109375 1030.11169433594 1028.341796875 1024.7001953125 1029.26916503906 1038.17333984375 1036.65490722656 1045.39184570312 1045.43896484375 1036.10961914062 1035.60766601562 1021.29718017578 1028.287109375 1029.6142578125 1035.26843261719
973.566528320312 979.187622070312 975.565612792969 973.930541992188 984.192504882812 992.64892578125 999.030395507812 996.277221679688 1007.18957519531 1005.74890136719 995.421936035156 988.663940429688 989.499267578125 995.240173339844 1001.13989257812 992.204772949219 1004.69879150391 1018.47082519531 1020.53137207031 1023.18334960938 1021.81671142578 1021.85137939453 1014.66619873047 1028.91320800781 1030.22705078125 1031.73571777344 1029.27709960938 1036.38977050781 1043.09826660156 1030.60168457031 1034.65759277344 1038.685546875 1031.6494140625 1029.07897949219 1034.81848144531 1032.82141113281 1036.2802734375 1030.15173339844 1033.01184082031 1034.86962890625 1042.51904296875 1030.46142578125 1029.86572265625 1027.02014160156 1038.41687011719 1036.77185058594
985.172790527344 984.188110351562 978.074584960938 986.157104492188 987.541198730469 990.360595703125 996.363525390625 998.252319335938 1001.09497070312 1002.05993652344 996.584899902344 998.825134277344 990.518615722656 997.106750488281 996.76806640625 997.464904785156 998.73291015625 1013.12237548828 1020.04211425781 1021.81927490234 1028.73950195312 1024.8310546875 1018.65179443359 1023.04571533203 1029.98608398438 1038.93395996094 1041.33251953125 1039.92541503906 1039.58068847656 1037.5751953125 1045.3349609375 1039.93701171875 1039.04309082031 1035.35900878906 1026.048828125 1026.90466308594 1020.9033203125 1025.12109375 1030.16088867188 1032.55932617188 1035.33215332031 1027.15319824219 1037.95642089844 1026.72302246094 1029.427734375 1030.31005859375
984.941284179688 991.117736816406 990.4462890625 988.562561035156 987.280456542969 994.791259765625 995.241088867188 1003.15203857422 996.568359375 999.720397949219 1000.59039306641 1008.73675537109 994.070129394531 987.086059570312 1000.92822265625 1007.84436035156 1006.08843994141 1017.91851806641 1016.71148681641 1020.74108886719 1025.14270019531 1027.05297851562 1026.48864746094 1022.08148193359 1033.611328125 1040.24487304688 1042.94616699219 1056.57934570312 1049.61010742188 1048.033203125 1048.87658691406 1046.22229003906 1043.91162109375 1037.02978515625 1028.8525390625 1023.59094238281 1016.06976318359 1026.91088867188 1018.09222412109 1023.21759033203 1033.35290527344 1022.68615722656 1034.06005859375 1028.29577636719 1040.41247558594 1035.43957519531
981.407531738281 994.047546386719 991.040222167969 994.9365234375 988.636169433594 992.423645019531 994.610412597656 986.442016601562 994.870544433594 998.93017578125 999.846374511719 993.318298339844 991.973999023438 990.531677246094 1001.04821777344 1005.89135742188 1009.9912109375 1014.75756835938 1024.43078613281 1019.20819091797 1030.13415527344 1028.02270507812 1029.0556640625 1032.92211914062 1036.76025390625 1039.52868652344 1052.78869628906 1052.68518066406 1057.24096679688 1052.59057617188 1043.03479003906 1034.64880371094 1036.1669921875 1034.25793457031 1024.26672363281 1021.17913818359 1025.87512207031 1021.59100341797 1015.66094970703 1023.39923095703 1018.76403808594 1028.18969726562 1022.38446044922 1028.84997558594 1029.37194824219 1033.21435546875
974.47509765625 983.45849609375 993.749694824219 1005.0361328125 998.895751953125 988.568908691406 989.984008789062 987.892822265625 994.482788085938 1003.38482666016 1005.45050048828 1004.90252685547 1000.87225341797 1003.94934082031 1004.34838867188 1005.390625 1009.41088867188 1018.97058105469 1020.05712890625 1022.42700195312 1028.02038574219 1030.08093261719 1035.25756835938 1038.55249023438 1033.47998046875 1041.20190429688 1051.13452148438 1043.36865234375 1043.29016113281 1046.14416503906 1045.18920898438 1040.01672363281 1034.62475585938 1039.77600097656 1026.3505859375 1020.50982666016 1025.09594726562 1019.60516357422 1009.65338134766 1013.99713134766 1020.15417480469 1017.47760009766 1022.24035644531 1022.72058105469 1025.12048339844 1024.59948730469
977.680786132812 981.945007324219 990.173767089844 1003.80474853516 997.092712402344 989.756042480469 991.803283691406 992.029113769531 992.264038085938 997.4951171875 1007.74969482422 1006.29565429688 998.863708496094 1005.15777587891 1008.49975585938 1015.74835205078 1013.958984375 1017.22589111328 1021.63885498047 1028.97277832031 1032.19677734375 1029.26452636719 1034.86242675781 1033.09741210938 1031.53186035156 1040.17395019531 1038.45202636719 1041.71203613281 1042.09509277344 1047.29931640625 1047.27172851562 1042.03259277344 1040.88452148438 1027.29858398438 1021.48913574219 1021.01995849609 1015.82983398438 1013.400390625 1018.91796875 1008.31622314453 1014.20458984375 1011.86920166016 1012.74798583984 1028.76257324219 1030.79711914062 1012.12829589844
981.029296875 989.733276367188 986.56884765625 997.513854980469 993.259887695312 994.602844238281 989.472961425781 990.543579101562 993.631652832031 1002.65441894531 1012.29058837891 1011.43463134766 1009.33660888672 1011.44360351562 1010.03894042969 1016.61761474609 1023.63348388672 1030.88134765625 1034.45690917969 1024.91589355469 1029.16247558594 1027.83264160156 1030.890625 1031.20947265625 1032.99926757812 1035.60534667969 1038.74291992188 1045.05200195312 1045.21020507812 1050.57360839844 1043.98217773438 1038.76977539062 1027.09094238281 1029.29504394531 1024.55810546875 1018.18231201172 1017.13195800781 1015.88494873047 1015.35717773438 1014.22686767578 1015.94256591797 1009.96911621094 1010.99591064453 1015.74163818359 1024.79467773438 1013.47766113281
986.839904785156 982.184448242188 994.681335449219 993.428588867188 988.679321289062 997.660217285156 987.27490234375 990.617004394531 997.523864746094 1002.77551269531 1007.07855224609 1012.98693847656 1014.18103027344 1016.65692138672 1017.72296142578 1019.48706054688 1029.50366210938 1029.03442382812 1035.41662597656 1031.62854003906 1026.79699707031 1024.02868652344 1024.33239746094 1028.46105957031 1028.17138671875 1027.00219726562 1032.61486816406 1042.53833007812 1038.11853027344 1052.04382324219 1044.30993652344 1040.70043945312 1028.23608398438 1031.9287109375 1027.3076171875 1024.14013671875 1014.98889160156 1006.87750244141 1011.18310546875 1011.97772216797 1009.57452392578 1010.20343017578 1013.76275634766 1014.00238037109 1017.23077392578 1010.16754150391
990.5107421875 991.820129394531 990.573547363281 996.782531738281 994.626525878906 994.957153320312 995.844116210938 993.212951660156 996.869934082031 1000.21478271484 1006.27740478516 1013.35522460938 1012.98120117188 1008.22521972656 1022.875 1025.92028808594 1032.23168945312 1036.61877441406 1036.58459472656 1028.99755859375 1026.91357421875 1021.26800537109 1019.28558349609 1026.02551269531 1030.23095703125 1027.38989257812 1021.43237304688 1033.26037597656 1035.10437011719 1042.98803710938 1039.1513671875 1035.65661621094 1027.11950683594 1023.02093505859 1028.681640625 1017.50823974609 1007.75653076172 1003.46990966797 1003.94036865234 1004.63848876953 1004.55718994141 1019.00091552734 1008.61798095703 1015.76098632812 1013.31970214844 1005.58477783203
980.237731933594 990.546752929688 998.181884765625 992.276733398438 992.959289550781 1000.56512451172 997.376403808594 998.479248046875 1002.84429931641 1002.17669677734 1009.67633056641 1009.50775146484 1015.44226074219 1012.25207519531 1015.72564697266 1016.36840820312 1029.93322753906 1033.15698242188 1025.45849609375 1027.73693847656 1024.36254882812 1024.20141601562 1021.74291992188 1033.70727539062 1024.55407714844 1023.37438964844 1022.81286621094 1022.40551757812 1024.87341308594 1030.173828125 1030.81298828125 1021.97387695312 1020.70642089844 1018.97027587891 1019.83905029297 1016.81884765625 1014.25146484375 1006.62896728516 1011.25347900391 1010.24114990234 1011.51257324219 1005.48425292969 1008.69683837891 1006.7744140625 1015.46362304688 1009.18823242188
981.135620117188 984.980102539062 995.829467773438 987.639770507812 995.915283203125 1002.20843505859 990.934020996094 995.25390625 1011.49114990234 1010.80224609375 1011.71697998047 1010.02520751953 1004.0439453125 1012.66693115234 1012.66998291016 1012.76409912109 1020.41320800781 1033.087890625 1034.05895996094 1032.74060058594 1028.7412109375 1027.00927734375 1022.23498535156 1019.00024414062 1027.9033203125 1013.92230224609 1022.40435791016 1021.02380371094 1015.68267822266 1023.35284423828 1024.14672851562 1022.51654052734 1013.12738037109 1022.0556640625 1020.11755371094 1011.09259033203 1006.82098388672 1007.01867675781 1006.23059082031 1012.51501464844 1013.01068115234 1006.78631591797 998.710510253906 999.828796386719 1004.69921875 1010.42071533203
982.957641601562 987.390686035156 992.526306152344 995.236999511719 1001.22009277344 1000.05523681641 1004.38580322266 1002.5791015625 1010.83953857422 1009.34991455078 1007.14410400391 1013.21575927734 1015.5654296875 1004.8193359375 1008.79656982422 1014.92663574219 1031.4716796875 1030.64624023438 1033.451171875 1033.60815429688 1031.00451660156 1020.78771972656 1022.83197021484 1022.39727783203 1023.07781982422 1017.25567626953 1019.74456787109 1017.99053955078 1018.13409423828 1020.0341796875 1021.30847167969 1026.15161132812 1015.71746826172 1018.60705566406 1006.36810302734 1009.09851074219 1001.54547119141 1002.63671875 1003.95733642578 1001.96673583984 1006.78833007812 1003.49353027344 1005.27716064453 1000.55041503906 1003.5966796875 998.019958496094
984.661193847656 993.172546386719 995.26123046875 995.103210449219 1006.31085205078 998.697387695312 997.119873046875 1005.92932128906 1010.52056884766 1011.48596191406 1011.74816894531 1012.63433837891 1014.64868164062 1014.26470947266 1011.09973144531 1019.83795166016 1024.57470703125 1024.46716308594 1027.75415039062 1029.15234375 1036.84741210938 1035.25122070312 1027.88708496094 1031.10546875 1028.064453125 1026.04614257812 1018.83312988281 1019.84948730469 1022.19866943359 1021.85552978516 1015.03179931641 1019.27874755859 1020.36975097656 1015.84692382812 1004.63189697266 1003.63482666016 1000.11499023438 1001.93353271484 990.418151855469 1006.80401611328 998.7705078125 997.314147949219 1006.73596191406 1003.12384033203 1001.8564453125 999.804077148438
987.813232421875 989.668884277344 990.926391601562 1000.17199707031 1004.67462158203 1001.69525146484 1002.98120117188 995.337036132812 1004.32849121094 1008.408203125 1010.29675292969 1015.79901123047 1022.07006835938 1016.93829345703 1007.38146972656 1003.71514892578 1014.66552734375 1025.619140625 1034.70690917969 1035.95043945312 1036.48486328125 1031.63439941406 1035.82360839844 1035.64660644531 1036.02880859375 1032.95422363281 1021.17321777344 1020.05694580078 1013.47204589844 1011.72692871094 1011.65826416016 1009.89306640625 1013.8310546875 1003.88623046875 1001.44122314453 1001.689453125 1004.26470947266 997.485656738281 996.999633789062 993.16748046875 992.128234863281 988.150512695312 995.111389160156 993.708190917969 1001.49896240234 1000.94342041016
