data/zlatibor_dem_simulations/DEMsim58.asc
NCOLS 150
NROWS 100
XLLCORNER 7394249
YLLCORNER 4841999
CELLSIZE 30
NODATA_VALUE -9999
[rows 0 to 19 of 100, columns 0 to 45 of 150]
994.732849121094 1006.22772216797 1010.27923583984 1005.34478759766 1004.4638671875 1002.75213623047 1001.36120605469 1008.37139892578 1013.52752685547 1014.91638183594 1018.46929931641 1019.31494140625 1013.93670654297 1013.96820068359 1012.74768066406 1005.57647705078 1002.50689697266 1010.05718994141 1016.31201171875 1017.32348632812 1018.02746582031 1029.02685546875 1035.92224121094 1027.31530761719 1029.48718261719 1024.51892089844 1030.67443847656 1029.06396484375 1023.80969238281 1037.44995117188 1035.22863769531 1034.31713867188 1038.43518066406 1035.76794433594 1022.98468017578 1017.53338623047 1018.84057617188 1009.88836669922 1005.63519287109 1011.16577148438 1002.26434326172 998.902954101562 992.326110839844 978.802001953125 975.361511230469 967.838623046875
1000.47351074219 1004.13885498047 1010.49212646484 1015.48211669922 1007.89385986328 1002.39038085938 1004.56134033203 1012.05426025391 1011.5419921875 1016.21307373047 1023.37945556641 1015.64556884766 1012.36608886719 1015.08129882812 1004.76574707031 1008.88616943359 1008.90051269531 1013.79620361328 1020.72833251953 1027.11022949219 1033.25183105469 1032.68884277344 1032.50146484375 1032.7626953125 1024.82568359375 1033.8388671875 1037.11083984375 1030.47204589844 1025.76574707031 1033.08532714844 1042.70874023438 1036.74279785156 1038.46960449219 1029.67102050781 1024.01684570312 1016.04132080078 1020.30731201172 1011.74920654297 1009.47045898438 1006.49353027344 1002.93975830078 995.04443359375 987.97412109375 978.4736328125 977.322082519531 975.217651367188
1006.87048339844 1000.38311767578 1000.85601806641 1013.18072509766 1014.50299072266 1005.32769775391 1009.939453125 1008.68255615234 1006.10180664062 1016.18487548828 1019.88677978516 1019.36248779297 1010.52593994141 1004.69030761719 1000.59301757812 1005.11383056641 1012.82763671875 1022.96508789062 1017.03991699219 1020.69903564453 1027.47131347656 1039.99548339844 1032.53247070312 1032.10290527344 1031.32348632812 1033.64001464844 1039.52124023438 1030.78283691406 1027.34399414062 1032.44213867188 1040.35192871094 1039.10888671875 1035.70971679688 1035.10607910156 1025.31457519531 1022.77978515625 1021.65466308594 1018.66613769531 1014.91906738281 1012.31225585938 1007.28741455078 1002.72619628906 992.359741210938 988.775268554688 982.825927734375 984.7900390625
1008.51641845703 1002.62127685547 1003.36907958984 1002.93273925781 1012.13604736328 1003.86492919922 1005.04614257812 1005.92376708984 1001.41778564453 1009.94537353516 1013.73028564453 1015.24621582031 1012.61022949219 1012.87524414062 1012.71295166016 1008.22967529297 1013.72900390625 1014.98223876953 1028.88635253906 1018.31750488281 1018.10778808594 1036.03137207031 1039.82580566406 1032.82214355469 1026.55090332031 1027.16943359375 1027.8701171875 1023.12719726562 1026.14660644531 1027.87524414062 1031.58923339844 1036.13977050781 1030.56774902344 1025.98071289062 1023.77526855469 1030.22802734375 1023.17694091797 1027.76123046875 1020.66296386719 1011.53674316406 1007.87164306641 1007.62408447266 999.067993164062 999.808776855469 1006.15838623047 994.435974121094
998.032653808594 996.417724609375 1000.14031982422 997.443908691406 998.187072753906 1002.91387939453 1001.55645751953 1013.76574707031 1016.08544921875 1007.5 1009.62829589844 1008.71008300781 1004.74835205078 1007.58825683594 1002.98657226562 1012.71820068359 1016.68463134766 1019.83245849609 1021.49017333984 1023.22631835938 1036.09973144531 1035.01379394531 1040.03259277344 1029.92114257812 1028.77514648438 1030.59606933594 1021.30560302734 1014.18365478516 1021.91265869141 1026.81982421875 1028.87915039062 1031.37683105469 1032.37731933594 1029.6796875 1026.37707519531 1016.25952148438 1021.48999023438 1031.28039550781 1024.29797363281 1015.41680908203 1011.54711914062 1012.75201416016 1013.88513183594 1009.96673583984 1001.37365722656 994.62109375
992.482482910156 991.104187011719 988.949768066406 993.839660644531 999.919677734375 1000.29144287109 1005.30114746094 1009.95556640625 1006.09771728516 1007.392578125 999.392944335938 1008.57690429688 998.534301757812 1002.33514404297 1004.12579345703 1007.26147460938 1015.54235839844 1022.62609863281 1018.92956542969 1029.29736328125 1032.61779785156 1031.02526855469 1028.38220214844 1028.71496582031 1029.79150390625 1023.75128173828 1016.65600585938 1011.48010253906 1008.44848632812 1014.56018066406 1026.88696289062 1030.91552734375 1033.46484375 1031.31713867188 1032.22192382812 1024.80102539062 1029.55676269531 1031.24377441406 1024.97412109375 1028.14294433594 1020.71850585938 1012.65032958984 1004.43365478516 1005.81433105469 1006.74224853516 1000.42608642578
994.423583984375 987.849670410156 990.475219726562 988.865417480469 999.35009765625 1000.73284912109 1002.61010742188 1005.06488037109 1003.31353759766 999.958618164062 993.3583984375 1000.1962890625 997.666564941406 997.693359375 1005.78881835938 1008.12329101562 1005.85430908203 1013.32073974609 1016.09729003906 1016.57623291016 1032.54052734375 1018.48724365234 1028.2578125 1016.25402832031 1014.67608642578 1023.03686523438 1018.87249755859 1005.30316162109 1011.955078125 1017.65997314453 1028.3994140625 1028.41174316406 1029.36865234375 1022.06884765625 1024.869140625 1023.56256103516 1020.43701171875 1024.14196777344 1028.75402832031 1036.41918945312 1023.81823730469 1016.77508544922 1007.27783203125 1008.6435546875 1002.73333740234 998.023376464844
994.343322753906 986.751647949219 985.398559570312 988.450256347656 1002.52838134766 999.12353515625 1008.00592041016 1007.71636962891 1003.11248779297 1000.55145263672 993.660095214844 991.964294433594 992.999145507812 998.595458984375 1006.17254638672 1007.76501464844 1004.50622558594 1012.08911132812 1012.01251220703 1021.33361816406 1021.84490966797 1026.92163085938 1015.96716308594 1017.68286132812 1016.04290771484 1015.0009765625 1019.77484130859 1011.34777832031 1005.53833007812 1009.74890136719 1017.01898193359 1023.35064697266 1022.59613037109 1012.25177001953 1013.49780273438 1012.52978515625 1020.14532470703 1020.57678222656 1022.51177978516 1029.15673828125 1020.98583984375 1008.95318603516 1005.01232910156 1004.84436035156 999.751037597656 1008.70819091797
986.92236328125 984.827270507812 989.126525878906 992.124572753906 994.040283203125 999.464721679688 1001.19592285156 1002.29956054688 1001.99914550781 993.889343261719 993.821960449219 992.64111328125 999.643737792969 999.391418457031 1006.26031494141 1005.46594238281 1010.39532470703 1012.93585205078 1014.36254882812 1019.52453613281 1017.58459472656 1014.62213134766 1018.18225097656 1007.19738769531 1007.46264648438 1008.93450927734 1009.72454833984 1007.72033691406 1001.24798583984 1009.25286865234 1011.62316894531 1009.50775146484 1011.96002197266 1009.05828857422 1016.62738037109 1025.65783691406 1025.45764160156 1024.89440917969 1022.24871826172 1018.60107421875 1011.56109619141 1011.22448730469 1012.15893554688 1007.17047119141 1006.06085205078 1020.22369384766
986.624572753906 993.432250976562 986.74072265625 995.7763671875 996.164611816406 1004.77545166016 1002.51910400391 1002.31439208984 1003.26513671875 999.928894042969 990.023559570312 989.160888671875 990.569641113281 992.387390136719 1000.09558105469 997.334289550781 1003.12725830078 1006.73706054688 1007.76080322266 1014.30541992188 1009.07873535156 1017.04272460938 1007.70141601562 1006.76525878906 1006.38116455078 1003.51666259766 1003.35595703125 995.789489746094 1002.81048583984 1001.21411132812 1009.51153564453 1013.03948974609 1009.46075439453 1018.06494140625 1017.55358886719 1026.48376464844 1024.96533203125 1020.24328613281 1012.9921875 1010.46917724609 1008.41955566406 995.992614746094 991.081115722656 993.438720703125 1001.78497314453 1011.41870117188
987.836791992188 986.052490234375 991.207946777344 994.343444824219 998.098754882812 992.733764648438 998.158325195312 994.845397949219 998.350769042969 997.065979003906 982.122802734375 982.66162109375 988.614990234375 988.755065917969 994.788330078125 997.5673828125 1006.89538574219 1006.69323730469 1010.02026367188 1000.9189453125 1001.89434814453 1002.60955810547 994.984313964844 998.515991210938 1002.46295166016 1003.34759521484 999.177795410156 988.700500488281 999.756469726562 1008.55798339844 1014.74774169922 1015.62243652344 1008.81335449219 1015.82293701172 1024.71691894531 1023.22503662109 1021.80279541016 1012.51550292969 1008.87225341797 1009.90795898438 1005.7607421875 1008.80145263672 1004.83117675781 1005.93121337891 1011.17980957031 1009.52142333984
995.09765625 982.652648925781 987.712585449219 987.621643066406 992.077758789062 992.782653808594 997.0576171875 1001.88330078125 1008.52142333984 988.397705078125 979.9951171875 982.248291015625 989.134338378906 988.583801269531 988.470764160156 993.096618652344 998.81689453125 998.021667480469 996.716552734375 1000.93707275391 997.940734863281 990.645751953125 996.583618164062 993.337585449219 998.033264160156 996.949645996094 988.182434082031 986.315368652344 998.765625 1005.52911376953 1004.43029785156 1005.25085449219 1010.71240234375 1017.70660400391 1020.81768798828 1021.37280273438 1018.53979492188 1009.40130615234 1014.28082275391 1012.71411132812 1008.55627441406 1012.09991455078 1009.490234375 1009.58404541016 1017.32360839844 1012.30303955078
993.562438964844 989.486938476562 983.141418457031 993.906799316406 998.8466796875 987.062133789062 990.759704589844 1004.99163818359 997.14794921875 999.100891113281 992.479187011719 988.539672851562 988.8876953125 989.650329589844 980.099060058594 993.142700195312 999.174011230469 992.810668945312 1004.08990478516 992.241333007812 982.002685546875 992.706115722656 999.171936035156 1001.63452148438 999.084777832031 998.035522460938 989.561462402344 986.648193359375 991.318481445312 1000.126953125 1011.00177001953 1005.43487548828 1017.16162109375 1031.71838378906 1025.0712890625 1020.67767333984 1023.57952880859 1024.09729003906 1022.99450683594 1021.46832275391 1025.10693359375 1014.56231689453 1015.27374267578 1015.81195068359 1017.31103515625 1014.15191650391
994.102233886719 994.086486816406 985.607116699219 991.80517578125 988.792236328125 984.35400390625 990.253662109375 987.709899902344 986.22265625 998.013427734375 994.87255859375 985.725952148438 981.208190917969 987.97998046875 986.579772949219 994.164428710938 993.699279785156 996.52685546875 991.593933105469 991.892517089844 971.764343261719 977.621154785156 979.486877441406 994.4072265625 999.430908203125 990.522827148438 982.458190917969 983.828918457031 996.011840820312 999.404663085938 1014.93463134766 1018.75347900391 1017.93713378906 1024.4892578125 1022.0234375 1028.294921875 1019.50634765625 1028.31176757812 1030.00549316406 1035.69702148438 1032.71301269531 1026.38708496094 1029.23767089844 1031.73193359375 1020.93872070312 1021.84405517578
986.771179199219 992.765380859375 990.612731933594 984.2392578125 983.974060058594 989.349487304688 979.578430175781 983.949951171875 994.695495605469 995.043579101562 994.12841796875 990.293762207031 977.521545410156 986.29248046875 989.316223144531 987.734130859375 984.993225097656 991.034362792969 998.129211425781 991.781555175781 976.011596679688 981.808532714844 982.999572753906 994.375 992.310302734375 996.402282714844 988.584045410156 993.056579589844 1003.42962646484 1011.57153320312 1024.10864257812 1030.31005859375 1025.32971191406 1022.84100341797 1024.93774414062 1029.10009765625 1035.41748046875 1034.93127441406 1037.60192871094 1036.09399414062 1033.345703125 1037.92932128906 1043.34240722656 1032.13000488281 1028.13720703125 1019.22839355469
982.234313964844 990.300537109375 988.360717773438 982.673217773438 983.891723632812 988.100952148438 980.954772949219 985.265686035156 993.0029296875 991.353271484375 988.495727539062 984.751953125 969.576843261719 977.357666015625 979.266052246094 984.708984375 989.583740234375 988.915588378906 994.908996582031 988.114440917969 987.848937988281 982.29150390625 988.237548828125 989.314270019531 991.678527832031 994.265075683594 995.298522949219 994.662658691406 1005.462890625 1018.39587402344 1033.77038574219 1031.99926757812 1029.84924316406 1026.14831542969 1025.63940429688 1035.90625 1034.94897460938 1044.09191894531 1043.34729003906 1043.41345214844 1035.46154785156 1043.490234375 1046.86315917969 1044.24584960938 1038.26953125 1033.3505859375
977.796020507812 984.948120117188 976.235473632812 971.654907226562 978.561767578125 984.710510253906 982.741088867188 980.632568359375 987.057922363281 985.792297363281 988.177062988281 984.286254882812 967.014953613281 965.7177734375 967.222778320312 981.192626953125 977.848266601562 979.296813964844 978.103637695312 983.653747558594 984.0703125 981.933166503906 991.373168945312 995.879333496094 999.237060546875 998.495666503906 996.859924316406 1003.67572021484 1011.16455078125 1020.95336914062 1021.89666748047 1024.75134277344 1025.37121582031 1029.29125976562 1037.3447265625 1037.52258300781 1038.29650878906 1038.90185546875 1041.67077636719 1039.10693359375 1050.1845703125 1042.59753417969 1046.94116210938 1038.79431152344 1039.34399414062 1038.85327148438
971.08837890625 979.960754394531 976.108337402344 974.667236328125 975.906555175781 977.247375488281 982.669311523438 986.73828125 987.056396484375 993.472290039062 982.89990234375 985.586120605469 971.456970214844 946.885375976562 956.985107421875 969.203063964844 977.745239257812 972.040771484375 967.975830078125 981.221313476562 977.033203125 993.877075195312 987.628173828125 986.742858886719 995.145324707031 999.402465820312 998.962280273438 1006.67297363281 1016.16369628906 1016.43988037109 1014.46331787109 1022.69702148438 1020.28057861328 1025.50109863281 1030.00024414062 1043.0615234375 1045.49853515625 1039.97375488281 1033.72827148438 1048.55261230469 1042.23901367188 1042.02270507812 1038.58190917969 1048.04418945312 1043.08312988281 1043.12390136719
967.470764160156 973.385925292969 968.152465820312 967.3994140625 962.401184082031 966.587158203125 973.016479492188 978.40771484375 982.940490722656 984.772399902344 983.795532226562 982.025573730469 965.593627929688 948.828918457031 947.472900390625 957.503845214844 968.300476074219 965.468811035156 971.456604003906 976.543212890625 986.55615234375 995.60009765625 977.846557617188 985.200744628906 990.109436035156 993.577758789062 1004.81146240234 1006.89263916016 1013.74633789062 1016.24273681641 1017.10717773438 1013.74682617188 1017.18585205078 1024.84350585938 1031.02990722656 1032.14404296875 1035.32019042969 1029.2001953125 1038.60583496094 1038.42028808594 1037.90222167969 1044.59948730469 1040.240234375 1038.10192871094 1041.734375 1042.18859863281
964.389404296875 970.007995605469 964.190124511719 959.475830078125 957.971984863281 961.896789550781 957.677429199219 956.253112792969 966.345825195312 967.398803710938 977.0361328125 972.809204101562 965.963745117188 954.456726074219 947.697204589844 954.810119628906 964.621032714844 964.478393554688 968.447570800781 972.110107421875 975.520629882812 980.038024902344 979.892639160156 984.286743164062 986.240173339844 993.817077636719 1001.59216308594 1005.77227783203 1017.61120605469 1021.87292480469 1017.70031738281 1017.25256347656 1023.96984863281 1022.05352783203 1032.80017089844 1027.025390625 1028.88305664062 1024.25842285156 1022.24609375 1032.87939453125 1039.0537109375 1042.97412109375 1038.85949707031 1039.22595214844 1034.06042480469 1027.9111328125
