data/zlatibor_dem_simulations/DEMsim37.asc
NCOLS 150
NROWS 100
XLLCORNER 7394249
YLLCORNER 4841999
CELLSIZE 30
NODATA_VALUE -9999
[rows 0 to 19 of 100, columns 46 to 91 of 150]
1010.85577392578 998.411987304688 1000.14904785156 991.024536132812 977.573059082031 966.652221679688 953.156921386719 949.342529296875 948.064086914062 957.505065917969 962.396545410156 957.6171875 950.985412597656 945.930969238281 936.342651367188 945.049255371094 940.705139160156 929.38134765625 926.177368164062 910.435913085938 912.175598144531 899.353637695312 898.654052734375 898.300903320312 903.224182128906 913.108703613281 911.043212890625 925.770568847656 938.738952636719 939.024780273438 939.953552246094 949.230651855469 959.141357421875 962.719482421875 962.023193359375 970.690795898438 976.678161621094 967.977600097656 977.2783203125 972.874389648438 966.78955078125 952.852661132812 950.680358886719 951.561645507812 949.118347167969 943.505065917969
1000.85125732422 998.616027832031 1002.78491210938 999.340576171875 980.151550292969 968.1728515625 952.808349609375 954.757019042969 953.142639160156 956.005554199219 955.062133789062 962.880432128906 955.547302246094 954.706604003906 955.07666015625 950.242126464844 937.628051757812 931.464294433594 928.476806640625 918.145141601562 907.961791992188 898.159118652344 898.97021484375 906.537353515625 911.628112792969 915.184204101562 921.134216308594 935.870483398438 939.699890136719 936.692260742188 953.307434082031 958.406494140625 967.323425292969 969.210632324219 969.058166503906 976.922546386719 979.082641601562 979.541931152344 977.268798828125 967.521057128906 959.568664550781 954.651611328125 952.445495605469 958.278503417969 949.326171875 945.426391601562
1010.14050292969 1003.83166503906 1005.82855224609 998.642944335938 983.662475585938 975.081115722656 964.660522460938 952.418640136719 960.241271972656 964.251647949219 969.067077636719 971.027893066406 950.489990234375 967.324157714844 963.971374511719 957.354736328125 939.927673339844 928.866577148438 929.965148925781 916.4755859375 918.962951660156 916.835693359375 916.013916015625 913.847778320312 915.0693359375 934.528198242188 941.04248046875 944.657836914062 946.918701171875 963.981567382812 971.717956542969 973.348693847656 976.957397460938 974.146789550781 984.665344238281 980.057678222656 977.628173828125 981.96484375 973.437866210938 964.135864257812 962.3623046875 947.009643554688 954.628784179688 952.2783203125 946.279113769531 940.414001464844
1017.94342041016 1011.27117919922 1009.56982421875 1002.84942626953 995.275329589844 987.111755371094 973.377319335938 958.748840332031 962.500183105469 966.485107421875 965.990295410156 968.728088378906 968.437255859375 972.832092285156 964.288635253906 957.286804199219 948.779479980469 936.477172851562 933.9765625 928.829650878906 923.788757324219 925.13671875 927.316284179688 935.953491210938 932.670654296875 945.319396972656 954.401916503906 956.925048828125 966.210876464844 976.720764160156 974.046081542969 980.322814941406 982.197021484375 989.616455078125 996.589904785156 996.452392578125 993.088012695312 993.308898925781 970.990417480469 960.414184570312 956.543212890625 954.684997558594 940.761535644531 943.430786132812 940.395812988281 935.272705078125
1013.44610595703 1008.24792480469 1004.43426513672 1003.60479736328 1002.26104736328 998.954650878906 985.792175292969 964.826293945312 977.517761230469 966.812377929688 962.395385742188 968.517883300781 968.527099609375 968.284057617188 962.391784667969 954.37744140625 954.280334472656 939.377380371094 942.208923339844 936.582092285156 928.800109863281 931.014831542969 931.349731445312 941.962646484375 941.227355957031 947.546936035156 950.742858886719 960.262939453125 973.639404296875 981.919250488281 981.445678710938 989.964233398438 991.961547851562 1000.37677001953 1003.96612548828 999.426635742188 997.640930175781 986.732971191406 972.212463378906 958.906921386719 951.591857910156 947.013671875 941.439758300781 947.587707519531 946.70751953125 921.836791992188
1007.65966796875 1009.16088867188 1007.58020019531 995.262329101562 999.02734375 999.854614257812 995.301513671875 983.657836914062 984.752685546875 976.038879394531 968.925598144531 961.969116210938 971.683166503906 975.498718261719 975.575256347656 970.615051269531 965.037414550781 956.807983398438 951.548706054688 956.331420898438 943.814636230469 941.330383300781 954.593017578125 956.248718261719 955.150024414062 951.528015136719 957.896362304688 966.851501464844 976.033752441406 987.835144042969 990.71142578125 983.478271484375 996.329467773438 997.5615234375 1008.71160888672 1018.57904052734 1004.24536132812 991.555786132812 980.536254882812 972.491821289062 953.872131347656 941.193969726562 944.378173828125 936.076171875 935.4541015625 920.927917480469
1013.58636474609 1013.26690673828 1004.10528564453 1005.09222412109 1004.16107177734 1000.93658447266 996.363403320312 992.858581542969 981.520385742188 981.196533203125 970.065002441406 971.955993652344 978.495361328125 988.955017089844 977.30712890625 977.447143554688 970.793273925781 970.116760253906 967.760437011719 959.938720703125 953.231628417969 953.016662597656 952.659606933594 958.587097167969 963.61328125 953.712585449219 967.185363769531 975.618041992188 976.016479492188 985.415771484375 987.179504394531 1004.58068847656 1006.84356689453 1008.57794189453 1013.03564453125 1012.89129638672 1008.96484375 1001.83758544922 988.646545410156 969.744262695312 951.113952636719 948.414916992188 941.503540039062 933.042175292969 930.765625 934.180236816406
1002.53961181641 1005.39050292969 1006.44714355469 1004.6396484375 1009.10040283203 1005.322265625 1001.88201904297 995.76953125 991.447937011719 988.966247558594 981.078063964844 985.701599121094 992.015075683594 987.441284179688 982.707763671875 975.6689453125 973.537292480469 980.051696777344 972.659057617188 969.531005859375 963.091979980469 958.369384765625 960.733642578125 965.622436523438 962.568542480469 961.408081054688 974.542236328125 969.532409667969 973.891845703125 984.618957519531 999.228454589844 1008.91906738281 1013.57104492188 1016.03192138672 1021.568359375 1011.86828613281 1006.29321289062 992.866455078125 986.269226074219 974.566711425781 962.591064453125 952.674194335938 938.89453125 933.589477539062 928.660827636719 925.050537109375
1008.4375 999.853515625 1001.74108886719 1004.24108886719 1008.74652099609 1014.76666259766 1000.36578369141 988.960754394531 986.905151367188 1001.38580322266 1002.12731933594 1004.79821777344 996.880737304688 993.81787109375 995.029235839844 978.859680175781 979.188659667969 977.433288574219 974.335388183594 971.8251953125 974.494201660156 966.262573242188 967.210510253906 970.720458984375 974.070190429688 978.101318359375 981.337036132812 979.956726074219 974.838134765625 989.841369628906 1001.06951904297 1018.40545654297 1025.37890625 1025.55969238281 1025.34985351562 1017.31982421875 1013.84405517578 997.538024902344 989.660705566406 976.943481445312 965.558776855469 957.619384765625 939.074157714844 931.278503417969 929.683837890625 932.98291015625
1004.82141113281 1000.59625244141 1001.82427978516 1006.93597412109 1011.65875244141 1010.36077880859 1000.59924316406 993.894958496094 998.943237304688 1009.43249511719 1020.84478759766 1014.87170410156 1013.51940917969 1006.86535644531 1005.71966552734 996.428894042969 992.709716796875 977.901672363281 980.6279296875 979.507995605469 980.252868652344 987.127868652344 986.220703125 981.178771972656 980.39208984375 988.466430664062 982.835632324219 980.234985351562 977.599670410156 993.474243164062 999.740417480469 1014.65264892578 1025.49743652344 1029.01477050781 1021.98803710938 1022.38073730469 1009.69366455078 1002.71716308594 995.099243164062 983.614929199219 977.917907714844 964.57470703125 948.358276367188 934.504577636719 935.46728515625 940.582214355469
1012.68756103516 1009.73468017578 1004.91497802734 1021.0732421875 1013.4033203125 1016.25177001953 1010.59545898438 996.080688476562 997.420288085938 1010.15606689453 1014.42755126953 1013.52789306641 1015.00665283203 1013.23345947266 1011.18322753906 1007.1533203125 993.497375488281 991.730895996094 986.059326171875 981.573852539062 980.784240722656 988.801025390625 991.654235839844 988.922485351562 987.28271484375 994.024658203125 990.998291015625 984.470825195312 993.060607910156 998.822875976562 1004.81787109375 1018.39324951172 1024.43725585938 1035.23510742188 1031.861328125 1023.6083984375 1024.958984375 1016.68743896484 1004.58959960938 1000.73046875 988.556518554688 976.466430664062 962.483947753906 943.318481445312 946.771423339844 940.053527832031
1013.53771972656 1013.44659423828 1008.51403808594 1017.54455566406 1009.91949462891 1009.67242431641 1004.02087402344 1001.03649902344 1002.13366699219 1006.85504150391 1016.12957763672 1011.255859375 1017.60815429688 1023.39984130859 1014.84777832031 1003.47241210938 1004.66412353516 1000.91369628906 999.698181152344 996.61181640625 984.020385742188 988.31201171875 986.903015136719 992.930297851562 993.557006835938 992.203247070312 999.688110351562 988.032592773438 998.444213867188 1007.43103027344 1013.45935058594 1020.29455566406 1031.40832519531 1036.54138183594 1030.68957519531 1029.84020996094 1035.72912597656 1017.95483398438 1001.54040527344 998.718994140625 994.119812011719 982.575744628906 966.873840332031 956.055419921875 937.802795410156 939.508422851562
1021.60125732422 1017.75244140625 1014.26025390625 1011.67297363281 1013.39703369141 1014.40032958984 1008.92156982422 1009.79565429688 1008.38629150391 1005.39105224609 1014.83502197266 1020.60260009766 1016.53076171875 1019.58978271484 1016.36468505859 1010.64385986328 1012.43957519531 1011.86022949219 1004.00372314453 999.062683105469 989.423156738281 992.87255859375 991.539306640625 999.720275878906 998.813110351562 988.003662109375 997.785217285156 994.129272460938 998.532043457031 1007.01049804688 1019.65447998047 1026.16943359375 1034.61657714844 1029.5048828125 1029.18359375 1031.14965820312 1036.31030273438 1029.62622070312 1007.30999755859 997.16455078125 997.863708496094 990.644165039062 968.915161132812 955.162231445312 938.132751464844 942.018188476562
1025.38244628906 1022.66333007812 1016.74676513672 1006.56591796875 1017.41625976562 1016.32397460938 1014.02978515625 1013.66973876953 1015.66271972656 1011.41302490234 1011.4248046875 1016.52844238281 1018.12615966797 1017.97137451172 1020.93432617188 1017.95819091797 1012.43383789062 1011.96746826172 1004.48864746094 1008.25061035156 1003.50921630859 1007.78161621094 1004.9453125 998.614379882812 999.155395507812 1004.65728759766 1003.84350585938 999.586364746094 1000.49566650391 1022.10418701172 1031.5048828125 1033.49731445312 1035.6162109375 1026.88635253906 1023.72662353516 1029.76708984375 1034.23864746094 1026.08459472656 1013.33087158203 1008.38854980469 1008.30975341797 1000.15533447266 972.427612304688 951.792907714844 943.906372070312 946.2353515625
1029.74206542969 1025.75036621094 1018.41400146484 1006.94018554688 1007.81097412109 1015.51287841797 1016.20697021484 1013.26257324219 1015.73895263672 1012.36480712891 1006.68115234375 1012.06072998047 1018.72357177734 1018.70086669922 1018.14434814453 1018.93627929688 1017.65881347656 1014.79418945312 1011.23992919922 1015.13812255859 1014.64978027344 1012.08111572266 1011.37994384766 1005.22344970703 992.402282714844 994.746520996094 1008.75256347656 1005.53625488281 1013.38537597656 1026.06311035156 1031.67333984375 1026.61242675781 1033.59631347656 1032.24926757812 1035.77783203125 1029.68859863281 1034.22009277344 1036.70959472656 1021.1337890625 1012.17810058594 1008.63922119141 998.108947753906 981.309020996094 961.723571777344 948.390930175781 943.325256347656
1028.69116210938 1018.14532470703 1012.37084960938 999.031433105469 1001.68359375 1006.93597412109 1011.67260742188 1007.33508300781 1013.34295654297 1012.49176025391 1007.46374511719 1017.98046875 1016.86218261719 1018.82684326172 1011.55749511719 1019.37933349609 1019.53161621094 1023.99780273438 1022.96502685547 1021.39056396484 1015.55194091797 1012.86688232422 1007.91772460938 1009.94995117188 990.478088378906 1004.56884765625 1012.05004882812 1013.65545654297 1027.30578613281 1026.51037597656 1031.32434082031 1031.48095703125 1029.18188476562 1034.48962402344 1027.63806152344 1042.03332519531 1038.21618652344 1029.99243164062 1018.75091552734 1027.07202148438 1005.65374755859 995.909851074219 986.158569335938 968.212036132812 950.770812988281 947.0068359375
1024.18664550781 1015.44165039062 1008.38214111328 1004.41522216797 1002.16845703125 997.217102050781 1006.55059814453 1011.88299560547 1012.17315673828 1012.66143798828 1006.43536376953 1010.30383300781 1011.97833251953 1011.55999755859 1019.29028320312 1021.0693359375 1031.11767578125 1028.630859375 1017.85192871094 1025.21716308594 1021.29974365234 1015.90399169922 1016.81219482422 1012.03192138672 1004.03240966797 1009.203125 1013.70471191406 1021.56298828125 1024.33837890625 1030.671875 1030.80151367188 1023.7724609375 1021.84710693359 1027.38830566406 1030.85620117188 1029.65026855469 1035.66479492188 1016.93878173828 1014.89569091797 1016.22869873047 1006.97631835938 998.236633300781 974.756713867188 967.567932128906 956.51416015625 962.194641113281
1015.39593505859 1010.39581298828 1004.76495361328 1002.73693847656 1007.26446533203 1011.11407470703 1010.68493652344 1010.00915527344 1015.75769042969 1008.47436523438 1006.47973632812 1008.18286132812 1007.64691162109 999.746459960938 1007.27062988281 1023.56909179688 1033.79846191406 1033.21752929688 1029.955078125 1028.01989746094 1027.29235839844 1020.82171630859 1023.96130371094 1021.65570068359 1014.42791748047 1015.68487548828 1026.27783203125 1019.43273925781 1022.60485839844 1021.60601806641 1024.056640625 1024.09020996094 1020.11859130859 1025.95275878906 1022.51708984375 1021.56561279297 1018.82891845703 1011.97448730469 1004.70483398438 1004.15283203125 1004.87841796875 997.669921875 990.818725585938 981.281982421875 977.080627441406 967.999206542969
1016.40155029297 1015.32543945312 1008.74389648438 997.289611816406 1006.30816650391 1006.677734375 1007.36468505859 1006.84185791016 1010.08471679688 1002.98254394531 998.321166992188 1003.16796875 1005.19403076172 998.778686523438 1016.83843994141 1019.65484619141 1024.42712402344 1037.6728515625 1034.17529296875 1026.17517089844 1023.72180175781 1022.03393554688 1033.59631347656 1025.34106445312 1024.79174804688 1018.47430419922 1021.67645263672 1014.60327148438 1008.96520996094 1011.84417724609 1009.44799804688 1011.88360595703 1017.72875976562 1024.26416015625 1020.92449951172 1015.84338378906 1012.90417480469 1011.97088623047 1007.35296630859 999.391784667969 1001.68786621094 1002.33282470703 998.262390136719 990.147521972656 986.96240234375 979.767639160156
1014.77856445312 1014.83947753906 1013.33148193359 1005.36676025391 1002.88317871094 1001.28894042969 998.512573242188 993.099731445312 987.642517089844 994.978576660156 997.3154296875 1001.25604248047 993.760437011719 999.925720214844 1005.72198486328 1022.89337158203 1029.43627929688 1029.51684570312 1021.44281005859 1024.58923339844 1021.41784667969 1024.44494628906 1022.72045898438 1023.04449462891 1027.11376953125 1021.46203613281 1023.60797119141 1028.96130371094 1013.29431152344 1012.17291259766 1013.23956298828 1008.25225830078 1015.37762451172 1016.88458251953 1017.53167724609 1019.28723144531 1019.32489013672 1021.93927001953 1008.21405029297 997.861694335938 1000.44140625 1004.12719726562 1004.17425537109 998.662170410156 992.587707519531 999.757080078125
