data/zlatibor_dem_simulations/DEMsim82.asc
NCOLS 150
NROWS 100
XLLCORNER 7394249
YLLCORNER 4841999
CELLSIZE 30
NODATA_VALUE -9999
[rows 20 to 39 of 100, columns 92 to 137 of 150]
986.780700683594 996.455627441406 1005.71441650391 1000.82629394531 1011.49157714844 1006.63275146484 996.407531738281 986.108947753906 984.644714355469 985.97900390625 990.679138183594 994.454895019531 1001.98687744141 999.999572753906 995.513000488281 993.845092773438 987.685791015625 972.819030761719 958.632995605469 954.060546875 942.236206054688 939.008178710938 944.227844238281 936.943725585938 930.287170410156 941.384948730469 945.786010742188 957.918518066406 963.661071777344 974.145568847656 989.932312011719 1000.57507324219 1015.18206787109 1007.31396484375 1013.44018554688 1027.47485351562 1036.76354980469 1025.66320800781 1022.29943847656 1031.00610351562 1026.68518066406 1032.39086914062 1037.0517578125 1041.54821777344 1039.181640625 1043.88049316406
1005.61071777344 1012.67242431641 1012.39514160156 1022.02178955078 1019.81072998047 1013.52429199219 1004.30889892578 1000.12432861328 997.340270996094 989.945190429688 996.873107910156 1002.39184570312 1004.23217773438 1005.27172851562 1006.15319824219 1000.77221679688 986.76416015625 973.696838378906 955.647827148438 950.36572265625 946.569641113281 944.735534667969 937.691833496094 932.143737792969 936.257568359375 930.711059570312 944.576354980469 967.627807617188 972.545654296875 980.759033203125 991.043395996094 1009.27593994141 1009.82318115234 1015.16882324219 1021.25512695312 1024.94384765625 1036.64965820312 1027.37194824219 1025.44396972656 1030.44213867188 1028.65270996094 1034.96520996094 1042.92541503906 1037.7255859375 1046.16882324219 1044.18713378906
1008.13024902344 1023.12048339844 1023.93218994141 1029.05444335938 1023.22113037109 1015.92474365234 1007.16735839844 996.722778320312 999.68212890625 1002.37756347656 1002.62719726562 1007.76293945312 1015.43096923828 1018.2841796875 1004.91589355469 999.875427246094 990.460998535156 974.938293457031 965.91015625 946.325744628906 943.616394042969 939.174377441406 934.595581054688 934.588134765625 939.485900878906 940.846984863281 949.017456054688 974.057495117188 980.025695800781 989.190673828125 995.687683105469 1000.39312744141 1012.3984375 1013.5400390625 1029.94775390625 1031.66833496094 1039.67736816406 1035.82092285156 1035.38989257812 1035.19250488281 1033.55114746094 1037.75610351562 1038.96057128906 1044.48400878906 1049.47863769531 1054.08410644531
1019.30426025391 1030.27160644531 1037.3095703125 1031.60046386719 1031.57153320312 1018.90112304688 1021.2822265625 1013.91986083984 1005.73876953125 1004.23663330078 1007.43505859375 1011.07135009766 1008.28533935547 1014.36450195312 1010.92327880859 996.310729980469 985.572631835938 970.060852050781 953.389343261719 952.333251953125 939.303161621094 932.627502441406 934.680358886719 936.664123535156 939.949523925781 951.340759277344 971.188110351562 977.480163574219 982.119567871094 988.322143554688 996.329895019531 1002.57049560547 1010.95861816406 1017.36401367188 1024.58044433594 1034.54479980469 1042.77673339844 1045.40612792969 1036.78771972656 1043.4287109375 1044.27038574219 1043.91442871094 1044.17785644531 1051.14416503906 1050.71276855469 1057.94372558594
1021.52484130859 1026.37121582031 1027.12719726562 1025.71081542969 1027.22705078125 1021.30236816406 1024.63952636719 1022.22418212891 1014.45648193359 1007.90185546875 1011.28521728516 1009.47192382812 1009.03997802734 1010.80218505859 1009.69110107422 999.179809570312 986.307250976562 966.607360839844 956.292358398438 948.006958007812 938.510192871094 936.885498046875 934.851501464844 935.743103027344 947.671508789062 956.321655273438 979.50244140625 992.568237304688 993.640563964844 993.442260742188 993.553405761719 1013.80993652344 1021.09368896484 1019.8447265625 1030.21252441406 1033.86193847656 1042.56396484375 1039.49682617188 1040.45812988281 1046.9814453125 1050.32287597656 1054.0029296875 1059.81787109375 1054.86267089844 1049.00573730469 1059.66906738281
1021.85571289062 1019.02752685547 1023.92913818359 1030.64611816406 1031.02099609375 1031.92102050781 1022.548828125 1027.59411621094 1018.31146240234 1001.82360839844 1004.83056640625 1004.25421142578 1012.29602050781 1008.83612060547 1011.45220947266 1000.86645507812 987.430847167969 973.456726074219 970.894470214844 957.810791015625 944.254150390625 937.589660644531 939.0458984375 936.30029296875 954.791015625 960.272705078125 978.136840820312 994.048583984375 995.686584472656 995.90185546875 1008.88330078125 1007.38531494141 1017.57250976562 1014.13946533203 1032.96032714844 1027.22570800781 1027.64074707031 1040.91955566406 1043.7119140625 1044.91552734375 1043.98132324219 1062.77673339844 1065.66052246094 1064.68347167969 1054.6171875 1060.98620605469
1025.19738769531 1024.01159667969 1022.77551269531 1033.78601074219 1024.26586914062 1032.69018554688 1018.40991210938 1028.23449707031 1018.61340332031 1007.01989746094 998.219177246094 1000.05291748047 1006.173828125 1008.28002929688 1008.18249511719 1006.43408203125 992.239562988281 974.384826660156 968.933898925781 962.643371582031 941.894897460938 943.153869628906 951.214050292969 953.866455078125 953.281921386719 966.382995605469 979.682678222656 992.231079101562 1002.673828125 1006.25939941406 1009.95910644531 1010.90954589844 1015.43884277344 1024.26354980469 1032.21374511719 1035.2236328125 1034.70434570312 1041.8369140625 1041.31237792969 1042.27185058594 1060.3798828125 1070.79345703125 1069.22680664062 1063.47119140625 1057.81103515625 1054.81396484375
1019.97259521484 1021.87316894531 1021.05224609375 1022.40130615234 1017.75280761719 1020.10876464844 1021.39959716797 1027.94384765625 1017.42498779297 1009.0361328125 999.926330566406 998.293579101562 1001.89276123047 1005.34613037109 1014.17254638672 1011.48608398438 1000.97546386719 982.301574707031 970.679992675781 961.028442382812 956.427307128906 943.2197265625 950.751281738281 950.056640625 952.647399902344 954.227233886719 976.442749023438 997.363830566406 996.076110839844 1009.47802734375 1019.13696289062 1028.83813476562 1031.17016601562 1032.36486816406 1033.36804199219 1035.06640625 1038.28588867188 1043.03784179688 1046.13781738281 1048.16577148438 1049.29162597656 1060.84167480469 1065.72888183594 1058.13269042969 1055.97839355469 1055.74841308594
1014.0087890625 1008.24530029297 1011.37097167969 1012.15832519531 1010.13732910156 1010.55456542969 1012.97607421875 1024.74060058594 1013.75335693359 1003.31958007812 996.940307617188 999.157775878906 1001.83142089844 1006.33215332031 1017.40344238281 1008.62945556641 990.664184570312 983.227661132812 969.746948242188 953.793762207031 959.218322753906 947.619018554688 947.156311035156 945.705322265625 955.768432617188 967.127258300781 975.551513671875 995.999389648438 997.804077148438 998.989318847656 1019.81457519531 1031.13049316406 1029.85437011719 1029.36645507812 1029.79187011719 1034.13354492188 1033.66809082031 1040.70556640625 1048.41564941406 1050.51037597656 1047.42370605469 1051.75158691406 1058.50659179688 1062.09606933594 1058.32275390625 1050.95129394531
1013.51220703125 1013.05908203125 1015.65930175781 1011.48602294922 1015.02508544922 1022.88720703125 1020.57061767578 1018.08673095703 1011.77130126953 1010.17156982422 1001.80102539062 1005.86376953125 1005.89599609375 1006.73614501953 1014.12707519531 1013.06976318359 994.564392089844 981.806884765625 965.633544921875 957.196350097656 949.713928222656 946.185729980469 947.743347167969 945.889953613281 957.037231445312 965.872802734375 974.475646972656 985.671447753906 993.155700683594 998.929016113281 1005.40533447266 1021.12359619141 1032.34143066406 1029.521484375 1017.99621582031 1017.53002929688 1026.59899902344 1032.80261230469 1046.9765625 1047.00549316406 1041.76416015625 1044.3212890625 1058.97802734375 1056.24304199219 1046.65466308594 1051.33557128906
1011.41778564453 1016.09741210938 1011.46850585938 1016.75134277344 1009.71392822266 1016.86999511719 1021.07641601562 1017.20343017578 1001.57275390625 1002.78802490234 1005.83526611328 1003.96148681641 1000.62957763672 997.047485351562 1000.42395019531 997.356018066406 990.663208007812 975.330810546875 966.478759765625 956.941101074219 952.624755859375 942.283935546875 943.4833984375 950.626647949219 958.319641113281 964.44921875 974.827697753906 989.110046386719 1004.15747070312 1012.85192871094 1010.79174804688 1013.00842285156 1026.09643554688 1032.29895019531 1025.3720703125 1011.14086914062 1026.32531738281 1042.42138671875 1048.59338378906 1039.89855957031 1036.25427246094 1035.59045410156 1041.62243652344 1035.64013671875 1047.70080566406 1048.18005371094
1016.44091796875 1010.05438232422 1011.14660644531 1014.70574951172 1015.75549316406 1011.24163818359 1012.76892089844 1015.95227050781 1013.59594726562 1007.11334228516 1002.14074707031 1002.34954833984 992.287475585938 995.748840332031 995.290588378906 995.232604980469 988.88671875 974.64404296875 969.118896484375 964.275207519531 959.205078125 948.567932128906 944.890014648438 947.456909179688 957.121337890625 974.13330078125 979.823852539062 980.454956054688 994.395751953125 1009.65307617188 1012.53399658203 1019.54272460938 1020.22393798828 1021.80981445312 1029.29028320312 1029.75720214844 1025.18420410156 1033.46887207031 1031.93688964844 1036.07507324219 1034.52624511719 1035.03918457031 1030.13903808594 1025.73303222656 1036.00622558594 1041.61889648438
1003.26898193359 1017.29858398438 1014.99670410156 1021.36828613281 1020.65441894531 1013.73413085938 1004.20550537109 1005.96069335938 999.393615722656 999.21630859375 1003.97509765625 995.083190917969 1000.05596923828 999.045776367188 994.718322753906 1003.21765136719 995.190307617188 986.62548828125 973.954284667969 975.35302734375 968.855285644531 948.995178222656 948.614135742188 949.041320800781 960.029052734375 960.439331054688 979.217163085938 989.338134765625 993.206787109375 1007.19677734375 1009.04925537109 1018.47515869141 1018.2626953125 1014.05114746094 1023.40295410156 1020.85681152344 1011.74768066406 1023.89038085938 1021.73571777344 1030.16870117188 1029.79382324219 1024.48828125 1024.18176269531 1013.52978515625 1021.02954101562 1032.04748535156
1006.76348876953 1015.16418457031 1021.44421386719 1012.67114257812 1021.34832763672 1013.23840332031 1006.95343017578 996.951171875 985.078186035156 1002.46215820312 994.595092773438 992.093933105469 997.522827148438 986.2744140625 991.313171386719 995.026916503906 995.271057128906 992.754028320312 984.202819824219 975.135009765625 969.10009765625 965.444152832031 955.75634765625 954.12548828125 973.6201171875 975.693359375 979.14111328125 983.109436035156 996.014038085938 1001.68823242188 1006.83093261719 1010.71771240234 1012.18518066406 1018.80987548828 1030.96301269531 1023.02886962891 1020.21929931641 1009.8369140625 1012.52160644531 1007.58404541016 1012.77740478516 1016.26519775391 1018.22137451172 1014.45886230469 1020.79174804688 1020.14709472656
1012.67346191406 1019.12567138672 1022.07189941406 1021.57879638672 1014.14678955078 1001.87518310547 994.729370117188 993.738952636719 989.764465332031 995.691711425781 998.183166503906 997.666687011719 993.684936523438 995.762573242188 1002.16479492188 990.196533203125 989.3408203125 990.272216796875 982.05908203125 976.194213867188 970.334106445312 972.270568847656 965.686706542969 980.714233398438 987.986206054688 980.390075683594 984.453125 992.444091796875 1001.02960205078 1002.37084960938 1008.10620117188 1012.27960205078 1017.30328369141 1023.2490234375 1031.26208496094 1016.41186523438 1008.43414306641 1008.79541015625 1007.42156982422 1003.14208984375 1007.76538085938 1017.10113525391 1014.85284423828 1025.30432128906 1031.58776855469 1028.296875
1010.74938964844 1015.42938232422 1020.74969482422 1006.58386230469 1005.56481933594 1001.19061279297 999.961975097656 995.09423828125 999.691833496094 993.778930664062 991.431701660156 997.071472167969 1003.25012207031 1000.84265136719 992.042236328125 992.843566894531 991.923645019531 988.828308105469 992.881896972656 982.4150390625 983.0751953125 986.43310546875 979.959411621094 988.439331054688 989.692749023438 995.497802734375 996.696899414062 1005.81774902344 1000.58819580078 1003.36175537109 1003.43572998047 1014.08581542969 1011.11279296875 1011.46234130859 1011.8369140625 1005.54052734375 1009.12194824219 1005.91979980469 1005.68524169922 1007.47900390625 1002.26690673828 1012.91973876953 1027.50439453125 1026.44763183594 1033.08178710938 1038.12805175781
1010.19512939453 1005.29553222656 1003.12176513672 1004.18615722656 1008.08197021484 1001.107421875 999.696899414062 997.568359375 995.113586425781 996.592102050781 982.771484375 989.631713867188 993.187072753906 990.288879394531 994.518005371094 993.900756835938 988.801696777344 986.753173828125 990.032897949219 991.456909179688 998.094909667969 997.04736328125 995.031066894531 991.515686035156 999.823852539062 999.8203125 1009.70715332031 1008.50457763672 1001.13854980469 1005.93200683594 1007.83813476562 1010.58245849609 992.774291992188 997.962951660156 1003.12823486328 1000.81237792969 1003.8603515625 1004.99975585938 1008.11596679688 1008.38458251953 1010.65411376953 1015.94140625 1018.72998046875 1020.17364501953 1016.52661132812 1028.75231933594
1000.95495605469 1003.80120849609 1003.48547363281 999.821838378906 990.568786621094 1001.53802490234 997.2626953125 998.093444824219 999.033081054688 996.522216796875 990.224304199219 993.574645996094 988.712341308594 996.540161132812 993.799621582031 988.671936035156 991.022888183594 989.060974121094 993.6455078125 988.655517578125 992.337585449219 998.464416503906 1006.654296875 1001.73120117188 1002.04895019531 1009.79516601562 1002.08178710938 999.843505859375 1003.79486083984 998.959106445312 1005.2158203125 1001.10827636719 994.547729492188 994.702514648438 999.891418457031 994.186279296875 993.211364746094 998.474975585938 1011.73229980469 1007.63745117188 1014.60992431641 1014.349609375 1005.7783203125 1015.08056640625 1022.93572998047 1032.95935058594
998.51904296875 1000.35809326172 997.469665527344 994.40869140625 993.2470703125 993.146362304688 991.262756347656 996.495910644531 991.045227050781 993.713806152344 992.428955078125 996.87060546875 991.744323730469 989.481201171875 990.312927246094 988.745483398438 988.042053222656 986.4150390625 984.612609863281 993.662902832031 998.438232421875 997.189331054688 1002.17022705078 997.598388671875 1000.41076660156 1011.8583984375 1005.32470703125 999.915893554688 997.98388671875 997.784057617188 994.517272949219 995.154235839844 1002.5283203125 1000.94458007812 1002.814453125 997.400329589844 999.101806640625 1003.26904296875 1015.62390136719 1011.34967041016 1017.23077392578 1024.46752929688 1015.88531494141 1009.14636230469 1022.17169189453 1043.20385742188
988.840270996094 994.003479003906 997.574462890625 990.218933105469 996.805725097656 998.059753417969 992.075439453125 988.577697753906 991.437194824219 992.515747070312 993.555419921875 992.836486816406 998.095520019531 985.773193359375 991.002502441406 990.546875 978.295227050781 972.200561523438 985.321350097656 994.7685546875 996.2646484375 996.37353515625 989.862731933594 990.106323242188 1000.90435791016 1002.73663330078 1010.02734375 999.505249023438 1001.87054443359 998.934204101562 992.350280761719 987.882995605469 1002.09704589844 1002.32611083984 1002.21514892578 1010.10363769531 1012.99884033203 1016.90826416016 1015.21704101562 1018.13745117188 1022.37908935547 1024.38415527344 1036.01062011719 1021.53448486328 1037.37438964844 1049.34436035156
