data/zlatibor_dem_simulations/DEMsim96.asc
NCOLS 150
NROWS 100
XLLCORNER 7394249
YLLCORNER 4841999
CELLSIZE 30
NODATA_VALUE -9999
[rows 0 to 19 of 100, columns 0 to 45 of 150]
1010.67260742188 1009.76177978516 1011.64147949219 1013.64849853516 1007.15930175781 1007.19213867188 1007.48773193359 1006.10968017578 1010.18927001953 1010.62036132812 1014.3017578125 1012.978515625 1009.41790771484 1012.11486816406 1008.01208496094 1012.25531005859 998.244079589844 1020.17785644531 1019.48742675781 1021.26293945312 1039.20056152344 1047.93872070312 1053.3876953125 1044.20666503906 1040.22436523438 1024.41711425781 1022.99755859375 1020.537109375 1030.35900878906 1029.96069335938 1039.62072753906 1039.60266113281 1033.04760742188 1036.59460449219 1031.93591308594 1024.837890625 1016.11859130859 1011.62231445312 1011.46368408203 1010.2607421875 1008.95104980469 995.754089355469 990.391845703125 979.278686523438 991.532287597656 1001.67559814453
1004.9296875 1004.94085693359 1009.33660888672 1009.20886230469 1008.25592041016 1007.28601074219 1011.68151855469 1002.11389160156 1009.38195800781 1010.57183837891 1016.27960205078 1017.82171630859 1009.03198242188 1007.50341796875 1002.86663818359 1007.32403564453 1008.47869873047 1019.80523681641 1023.43365478516 1017.00146484375 1038.81091308594 1044.70935058594 1037.34619140625 1037.22399902344 1027.89318847656 1028.70300292969 1026.26647949219 1026.69128417969 1027.33959960938 1024.47131347656 1018.65264892578 1028.74243164062 1034.28552246094 1031.1181640625 1029.166015625 1017.08312988281 1021.66931152344 1022.12762451172 1012.22045898438 1005.70654296875 1011.34259033203 992.820922851562 983.048950195312 980.214416503906 980.893615722656 998.561584472656
1007.90924072266 1013.53790283203 1003.84600830078 998.253967285156 994.501281738281 995.85986328125 1000.38842773438 999.996337890625 1004.39611816406 1013.81610107422 1008.64715576172 1014.76251220703 1005.61016845703 1003.87127685547 1003.50250244141 1010.79260253906 1011.00750732422 1018.32769775391 1020.90338134766 1011.95056152344 1027.39794921875 1041.65197753906 1037.6884765625 1039.23913574219 1032.39990234375 1029.17980957031 1017.81475830078 1020.50317382812 1021.64807128906 1028.09887695312 1021.39019775391 1029.29895019531 1031.70642089844 1029.95178222656 1026.83935546875 1024.16564941406 1024.48120117188 1020.19091796875 1011.83245849609 1008.25445556641 1000.19964599609 987.62939453125 985.291687011719 991.027954101562 989.774475097656 994.023803710938
999.614929199219 1005.42822265625 992.943237304688 999.825317382812 1000.48950195312 1004.59381103516 1000.18389892578 997.909484863281 1002.81890869141 1013.95697021484 1007.14672851562 1012.70819091797 1004.03784179688 997.35693359375 1005.10815429688 1009.84289550781 1013.01568603516 1021.55828857422 1022.31640625 1014.97039794922 1026.8349609375 1035.2509765625 1044.34143066406 1034.52307128906 1029.22473144531 1028.388671875 1020.61016845703 1014.42065429688 1018.44812011719 1021.66070556641 1029.06555175781 1030.28833007812 1023.82305908203 1018.13507080078 1031.36779785156 1019.87762451172 1018.88970947266 1011.21057128906 1004.69927978516 997.520446777344 994.046020507812 983.712280273438 987.946838378906 995.907836914062 988.903930664062 987.780334472656
993.648620605469 1006.576171875 1001.35723876953 993.629455566406 995.565795898438 1005.89434814453 998.649353027344 1000.53344726562 1003.12017822266 1001.69281005859 1000.23162841797 1003.33032226562 991.627075195312 997.210754394531 1001.81115722656 1012.15594482422 1015.16052246094 1016.03411865234 1020.68182373047 1020.47235107422 1026.1767578125 1037.21240234375 1036.46447753906 1041.50366210938 1027.83654785156 1029.55822753906 1017.77410888672 1010.87298583984 1015.04302978516 1017.73406982422 1024.2783203125 1029.30456542969 1027.634765625 1024.27075195312 1021.59954833984 1016.57000732422 1018.91815185547 1014.06463623047 1009.43725585938 996.201721191406 989.632934570312 987.434936523438 981.172241210938 988.269836425781 994.106628417969 992.156005859375
996.825500488281 1002.04669189453 996.653625488281 998.23095703125 997.000122070312 1002.53045654297 1003.70983886719 1009.490234375 1013.66955566406 1010.67266845703 1011.60931396484 999.835144042969 1002.35821533203 1000.55798339844 1000.34490966797 1017.17700195312 1017.87689208984 1024.92687988281 1028.65173339844 1024.20812988281 1026.69580078125 1025.86547851562 1041.04748535156 1032.58923339844 1034.404296875 1021.06695556641 1022.11840820312 1010.15209960938 1012.95568847656 1013.74285888672 1022.30902099609 1021.47772216797 1023.24108886719 1019.33453369141 1025.95520019531 1018.18719482422 1006.03369140625 1012.15838623047 998.0244140625 997.744079589844 997.350341796875 988.807189941406 977.090087890625 986.701721191406 990.272644042969 996.421997070312
1001.76123046875 991.215209960938 997.821594238281 989.667236328125 985.158630371094 1006.29449462891 1004.84375 1011.21008300781 1010.14263916016 1008.86303710938 1007.48638916016 1000.83770751953 997.851257324219 1004.90362548828 1008.81866455078 1007.92749023438 1019.45684814453 1022.03753662109 1030.9931640625 1030.2900390625 1021.61590576172 1024.02331542969 1036.55163574219 1039.40734863281 1027.21057128906 1023.2158203125 1021.02264404297 1015.25738525391 1011.58990478516 1015.13275146484 1011.32116699219 1017.64245605469 1018.92388916016 1017.07934570312 1016.05847167969 1020.86297607422 1006.89245605469 997.2373046875 1009.82470703125 1003.41497802734 1002.72705078125 992.923278808594 979.743286132812 987.49072265625 992.310363769531 994.085571289062
984.169067382812 989.463256835938 994.279296875 981.556701660156 984.549621582031 998.597351074219 1003.39410400391 1006.31951904297 1015.93316650391 1008.70599365234 1009.19921875 1003.62951660156 998.278381347656 1004.78686523438 1005.49267578125 1010.68798828125 1016.142578125 1021.65167236328 1029.14025878906 1032.55114746094 1026.37084960938 1025.05920410156 1037.47290039062 1038.23498535156 1027.10607910156 1018.40472412109 1007.77471923828 1012.69201660156 1007.68292236328 1001.8017578125 1005.03717041016 1023.17199707031 1024.34777832031 1021.95208740234 1022.54107666016 1016.572265625 1009.12719726562 1001.05773925781 1014.52545166016 1004.39801025391 1000.98297119141 998.988525390625 984.767883300781 990.842041015625 989.160339355469 993.004760742188
990.99169921875 982.025024414062 983.301391601562 985.012512207031 985.001342773438 999.103088378906 1003.68365478516 1000.95086669922 1010.61383056641 1004.04302978516 992.29736328125 995.794616699219 997.336791992188 1000.98529052734 995.938171386719 1008.89080810547 1017.23602294922 1027.69348144531 1034.19262695312 1034.69897460938 1024.49108886719 1030.64465332031 1033.697265625 1028.81237792969 1023.76898193359 1013.51403808594 1009.42578125 1004.88812255859 1000.02166748047 1006.96691894531 1011.8212890625 1011.46820068359 1016.87915039062 1024.25805664062 1018.47729492188 1022.46020507812 1016.14013671875 1018.88830566406 1018.66302490234 1013.62072753906 1004.68463134766 1002.33837890625 991.082153320312 990.318542480469 995.722778320312 992.121215820312
992.013549804688 994.265075683594 981.26220703125 997.327453613281 993.598510742188 997.316345214844 1007.29150390625 1002.01629638672 1004.22515869141 993.874328613281 988.298156738281 989.420654296875 993.57275390625 990.843139648438 997.995178222656 1005.09155273438 1009.78802490234 1019.01025390625 1027.18090820312 1025.94665527344 1026.2666015625 1018.431640625 1018.77099609375 1026.64489746094 1027.298828125 1020.29168701172 1011.53918457031 1005.73510742188 1003.56695556641 1012.3828125 1005.81011962891 1004.55364990234 1015.27801513672 1014.05798339844 1020.81976318359 1022.02856445312 1021.2275390625 1029.31958007812 1012.99493408203 1016.90246582031 1016.31726074219 1011.88592529297 1002.04138183594 998.815795898438 1005.46423339844 1006.06134033203
982.18017578125 984.403747558594 984.378784179688 995.921203613281 998.457397460938 996.485046386719 1001.89141845703 1005.12860107422 1004.90704345703 992.334167480469 992.541564941406 988.861328125 988.716003417969 982.096801757812 994.118713378906 1002.63861083984 1009.96032714844 1008.84466552734 1012.83312988281 1022.60974121094 1023.41949462891 1015.74627685547 1014.90942382812 1011.92510986328 1012.09204101562 1013.36798095703 999.430603027344 998.538757324219 1002.19403076172 1002.564453125 1003.44793701172 1008.69061279297 1014.35760498047 1015.73809814453 1016.35833740234 1028.41650390625 1021.97088623047 1025.83349609375 1014.26403808594 1016.16156005859 1016.40148925781 1015.80200195312 1011.46929931641 1010.97442626953 1010.31951904297 1012.88983154297
978.400390625 986.899291992188 989.011413574219 987.052490234375 994.583679199219 992.851684570312 987.324279785156 983.476806640625 991.242065429688 993.607360839844 988.285400390625 980.430908203125 979.6083984375 982.252990722656 989.407043457031 988.257446289062 990.674560546875 997.419128417969 999.680969238281 1020.95782470703 1020.76361083984 1015.06048583984 1012.68774414062 1001.26049804688 1001.34814453125 1000.93347167969 993.406677246094 994.947021484375 999.604370117188 1003.71948242188 1009.17834472656 1009.32403564453 1009.09991455078 1018.04925537109 1023.56671142578 1040.13549804688 1036.44897460938 1034.91882324219 1015.68676757812 1009.48779296875 1015.72393798828 1022.61950683594 1024.68676757812 1022.21527099609 1014.37347412109 1015.23565673828
978.328857421875 986.585998535156 986.091491699219 984.551025390625 986.826293945312 984.84912109375 986.509948730469 980.286987304688 974.283386230469 988.901123046875 984.999145507812 984.815368652344 973.196044921875 978.266296386719 988.27685546875 985.46630859375 994.078063964844 1001.49670410156 995.242309570312 1010.32885742188 1017.14880371094 1011.20965576172 1016.12921142578 1004.16687011719 995.508483886719 989.291625976562 992.399230957031 998.733337402344 998.2734375 1009.88299560547 1008.9697265625 1009.45678710938 1019.30975341797 1025.13061523438 1027.79626464844 1025.90625 1034.37658691406 1033.84558105469 1026.98583984375 1019.40887451172 1019.51892089844 1031.03076171875 1031.83264160156 1019.89471435547 1023.95532226562 1020.80535888672
984.494506835938 990.3076171875 980.953369140625 985.024230957031 987.399536132812 985.126525878906 985.612426757812 978.090393066406 977.600769042969 978.365051269531 976.26904296875 983.0068359375 986.470458984375 988.429626464844 991.323486328125 1002.78851318359 997.728759765625 993.445617675781 1000.78161621094 999.340637207031 1007.97747802734 1005.88726806641 1000.32000732422 991.405578613281 988.832336425781 987.362426757812 990.391723632812 997.505249023438 1009.36437988281 1020.00042724609 1029.80163574219 1025.80859375 1031.568359375 1037.23864746094 1041.79113769531 1040.64343261719 1030.79443359375 1034.47290039062 1035.46411132812 1032.66357421875 1036.505859375 1035.73425292969 1035.42846679688 1029.34631347656 1034.35595703125 1023.65740966797
985.035095214844 995.368835449219 992.528076171875 988.646057128906 979.559692382812 980.979370117188 992.085083007812 992.812438964844 980.684326171875 989.011596679688 976.200744628906 972.744873046875 983.83251953125 988.868469238281 997.64404296875 991.379760742188 991.080444335938 992.400573730469 995.150512695312 989.296569824219 990.193298339844 997.042663574219 984.850280761719 986.051086425781 984.784301757812 983.647888183594 995.758850097656 1003.04779052734 1019.13061523438 1021.45849609375 1032.24194335938 1034.80358886719 1036.26977539062 1042.88659667969 1048.83215332031 1049.14404296875 1047.2109375 1036.45886230469 1042.40197753906 1038.98193359375 1038.43371582031 1039.45056152344 1030.92919921875 1036.37561035156 1044.02563476562 1032.99633789062
991.711303710938 995.310302734375 986.304870605469 981.899169921875 977.531311035156 988.060974121094 992.77685546875 997.601135253906 982.827026367188 971.628601074219 968.726806640625 969.180847167969 978.435363769531 981.720092773438 993.561828613281 1000.02056884766 982.942504882812 991.247619628906 987.093994140625 983.16064453125 991.741088867188 993.8916015625 988.390502929688 983.602844238281 987.351440429688 987.578063964844 992.273498535156 1001.4853515625 1013.95538330078 1023.697265625 1026.97241210938 1031.21887207031 1039.76330566406 1051.86730957031 1052.82592773438 1051.779296875 1044.72314453125 1045.00158691406 1037.84790039062 1044.01818847656 1044.51586914062 1041.02124023438 1033.7119140625 1045.34887695312 1041.90637207031 1035.34460449219
983.822021484375 987.073669433594 982.434875488281 984.292785644531 982.201782226562 975.957702636719 988.351928710938 988.728881835938 992.972106933594 980.782836914062 971.481079101562 969.424621582031 969.43701171875 982.762145996094 979.205505371094 989.745483398438 984.534423828125 981.66259765625 982.900573730469 980.475219726562 989.635437011719 991.39404296875 987.809143066406 986.857604980469 989.176513671875 982.990478515625 990.714416503906 1000.33172607422 1007.29333496094 1007.06793212891 1015.70428466797 1029.71875 1039.84887695312 1045.00354003906 1041.8603515625 1049.26416015625 1046.15148925781 1045.71887207031 1046.87976074219 1042.20715332031 1041.45458984375 1033.43334960938 1035.98767089844 1039.80505371094 1037.10668945312 1041.05322265625
977.37158203125 981.440124511719 975.349670410156 981.966369628906 981.036499023438 975.4072265625 982.259826660156 988.369934082031 986.93798828125 972.670166015625 975.327880859375 969.928039550781 970.9814453125 968.870788574219 973.064025878906 966.9375 978.958312988281 979.865539550781 982.302795410156 979.643127441406 978.509765625 986.985046386719 988.43896484375 995.235229492188 997.961486816406 992.375854492188 990.107971191406 1012.267578125 1014.94934082031 1017.87756347656 1025.91394042969 1035.73937988281 1041.88903808594 1035.48266601562 1036.24523925781 1045.10876464844 1045.19323730469 1049.02416992188 1049.88696289062 1046.44384765625 1038.19519042969 1041.08337402344 1040.98474121094 1038.92626953125 1046.54650878906 1039.96313476562
974.100402832031 974.063781738281 972.799926757812 969.104125976562 973.583679199219 969.384338378906 980.589660644531 984.233581542969 977.288696289062 966.559753417969 964.876281738281 963.723022460938 955.910034179688 956.536071777344 957.926330566406 963.875244140625 979.953552246094 978.931518554688 975.830810546875 981.424560546875 972.802917480469 975.218994140625 987.794921875 986.776000976562 995.184204101562 1001.47375488281 1005.88629150391 1012.78948974609 1024.88488769531 1021.23791503906 1019.03442382812 1032.97912597656 1037.05944824219 1033.9609375 1037.81030273438 1042.57238769531 1048.00170898438 1051.67736816406 1050.42883300781 1044.82019042969 1038.06896972656 1038.21203613281 1040.69982910156 1043.9951171875 1044.68200683594 1029.1552734375
981.073913574219 977.53857421875 974.029235839844 965.580993652344 960.605285644531 969.049987792969 974.038635253906 970.883422851562 974.849731445312 962.755676269531 955.774597167969 958.479675292969 955.764221191406 953.045715332031 963.183410644531 964.9990234375 966.058715820312 975.076477050781 978.87841796875 984.516906738281 975.521057128906 971.669982910156 988.601257324219 997.225219726562 989.718200683594 996.973937988281 1009.046875 1010.845703125 1016.10345458984 1019.92065429688 1018.53143310547 1019.80902099609 1019.02783203125 1022.25531005859 1036.76953125 1041.51611328125 1046.82312011719 1041.50634765625 1039.45458984375 1045.42224121094 1048.72692871094 1047.42578125 1039.43786621094 1038.56604003906 1031.61975097656 1034.09191894531
