data/zlatibor_dem_simulations/DEMsim86.asc
NCOLS 150
NROWS 100
XLLCORNER 7394249
YLLCORNER 4841999
CELLSIZE 30
NODATA_VALUE -9999
[rows 80 to 99 of 100, columns 46 to 91 of 150]
1011.66326904297 1013.07702636719 1016.05627441406 1009.20776367188 998.087219238281 1008.20495605469 994.945068359375 997.448974609375 992.822570800781 988.919250488281 982.858215332031 978.02099609375 979.533264160156 984.748291015625 979.803100585938 987.751220703125 984.394714355469 977.498840332031 977.047180175781 964.114074707031 974.025512695312 968.7109375 973.353210449219 979.331298828125 991.918395996094 992.099304199219 994.421447753906 1003.42224121094 1006.08465576172 998.0703125 1000.06781005859 1007.65673828125 1021.15246582031 1012.7255859375 1008.32855224609 1014.28485107422 1002.82800292969 998.144714355469 1001.00408935547 1005.25805664062 999.902282714844 1004.95770263672 1004.4345703125 996.408508300781 992.947265625 990.441101074219
1019.30340576172 1008.72711181641 1011.00274658203 1009.63372802734 1008.96795654297 1002.93182373047 1003.21423339844 995.855346679688 994.765991210938 988.292297363281 993.832580566406 994.30517578125 992.940673828125 985.325378417969 982.387268066406 984.889465332031 981.446716308594 982.245239257812 988.568725585938 976.218688964844 975.908386230469 978.70703125 978.055908203125 980.497192382812 984.783325195312 982.507019042969 985.976745605469 999.054443359375 995.83837890625 988.833374023438 993.316040039062 1000.98919677734 1013.1552734375 1014.19604492188 1019.03430175781 1023.32727050781 1011.81622314453 999.830688476562 998.860900878906 1008.23181152344 1007.71734619141 1010.05767822266 999.367126464844 996.003601074219 997.411804199219 993.355285644531
1007.52746582031 1007.08941650391 1014.65887451172 1018.96435546875 1016.75079345703 1009.11547851562 1006.98284912109 1001.81109619141 999.974914550781 1000.98168945312 993.425415039062 990.028625488281 990.496520996094 983.658264160156 982.659423828125 983.534118652344 982.163452148438 987.303955078125 975.075317382812 987.330200195312 980.493041992188 976.168334960938 975.607482910156 982.850341796875 986.334228515625 986.397766113281 980.625244140625 995.182495117188 989.201049804688 981.050231933594 986.3740234375 998.09130859375 1009.88226318359 1001.80407714844 1008.99859619141 1022.23193359375 1021.73590087891 1012.51062011719 999.652648925781 1001.02508544922 999.131958007812 991.530456542969 996.637817382812 993.343139648438 998.155395507812 1002.88842773438
994.92578125 1000.3828125 998.7998046875 1002.24993896484 1009.8154296875 1005.44732666016 1007.29632568359 998.000793457031 991.482421875 1002.44866943359 999.237426757812 993.123779296875 988.680480957031 982.596801757812 986.718505859375 988.001892089844 990.2236328125 989.077758789062 985.978210449219 983.274780273438 987.862121582031 984.885009765625 978.097595214844 986.518737792969 997.791320800781 993.768371582031 981.989318847656 992.530090332031 986.624816894531 982.259704589844 986.622253417969 994.8759765625 999.220153808594 993.356323242188 1002.40777587891 1009.28308105469 1012.00207519531 1003.24810791016 1006.77551269531 1003.24029541016 1001.65173339844 1003.8896484375 1007.05773925781 1006.20300292969 1007.24102783203 996.556030273438
997.823425292969 1003.07196044922 1000.90557861328 1002.23876953125 1005.30682373047 1002.03674316406 997.865905761719 995.941955566406 997.136962890625 1001.98052978516 999.787475585938 993.2470703125 988.271545410156 981.299987792969 985.0439453125 983.211608886719 982.061706542969 983.924621582031 983.049011230469 983.324829101562 986.567810058594 987.413024902344 986.246826171875 994.436157226562 987.031005859375 987.561645507812 988.069091796875 988.803894042969 987.645141601562 986.734069824219 988.501098632812 995.044738769531 991.872680664062 988.039184570312 996.344360351562 1003.03900146484 1007.84881591797 1006.29486083984 1003.33514404297 1008.60900878906 1002.65325927734 1006.021484375 1007.57427978516 1002.09136962891 1004.61633300781 991.769348144531
990.943420410156 995.771179199219 999.790649414062 1010.76190185547 1007.95397949219 1003.48138427734 995.542785644531 995.644775390625 993.776489257812 996.2783203125 998.970031738281 985.561157226562 979.012084960938 991.108703613281 991.356567382812 987.317138671875 983.833312988281 986.389099121094 989.125122070312 985.304748535156 975.584838867188 976.524841308594 981.243469238281 990.716674804688 990.965637207031 989.749450683594 997.124084472656 992.232177734375 989.846923828125 993.099670410156 992.618408203125 987.989074707031 990.873291015625 987.420471191406 998.251770019531 1000.15283203125 1003.39447021484 1005.85498046875 1010.76306152344 1016.37664794922 1006.8388671875 995.127136230469 996.293823242188 1001.13732910156 998.126770019531 987.269287109375
990.280456542969 987.46630859375 1002.20678710938 1009.01806640625 1003.48291015625 1005.95947265625 1000.36328125 993.509765625 991.624328613281 993.729125976562 993.799682617188 984.656433105469 986.593872070312 991.126708984375 994.133544921875 986.070739746094 988.460021972656 981.627136230469 989.005798339844 986.10888671875 975.786804199219 976.895568847656 975.661315917969 980.832092285156 986.527648925781 986.666076660156 990.332397460938 996.689880371094 991.463256835938 987.956665039062 994.171752929688 986.281555175781 992.338073730469 997.033508300781 1003.59399414062 1000.21502685547 1001.46551513672 1008.33325195312 1011.05004882812 1017.46826171875 1005.62652587891 1000.72650146484 999.310180664062 999.87890625 991.492004394531 993.99072265625
991.910278320312 998.750427246094 991.350769042969 1004.72937011719 999.456665039062 1002.11920166016 997.636962890625 999.067626953125 997.121948242188 990.516723632812 995.681884765625 992.097045898438 990.832580566406 988.19921875 987.222961425781 992.328308105469 994.949462890625 992.073120117188 990.967468261719 989.993103027344 979.696960449219 987.01171875 984.060546875 983.4091796875 988.189880371094 994.461181640625 994.039001464844 994.917419433594 997.630004882812 997.769165039062 990.665832519531 995.66748046875 1001.11224365234 994.092956542969 999.164489746094 1008.00866699219 1007.1279296875 1001.205078125 998.272399902344 1014.25695800781 1007.66638183594 1008.97802734375 1008.61614990234 1008.41638183594 998.283325195312 1007.81524658203
988.62060546875 990.153869628906 991.0830078125 989.414489746094 989.707702636719 1001.46087646484 994.616638183594 994.4052734375 994.921936035156 990.688049316406 998.758728027344 999.9013671875 1003.0205078125 989.878295898438 995.212219238281 998.478881835938 992.810485839844 1001.76403808594 995.298095703125 993.810546875 995.130798339844 984.908081054688 989.0146484375 986.418884277344 991.572448730469 999.361450195312 992.210632324219 993.651794433594 988.036315917969 993.640563964844 994.718994140625 997.772705078125 1004.17437744141 1004.83154296875 1003.41168212891 1000.91845703125 997.509704589844 998.127624511719 1005.90838623047 1010.7666015625 1012.34387207031 1007.1630859375 1010.14141845703 1005.18359375 998.363464355469 1004.09686279297
978.413330078125 982.039428710938 984.651489257812 989.000183105469 994.19873046875 993.101867675781 998.050964355469 1001.60333251953 994.154174804688 997.1259765625 1010.38848876953 1007.53631591797 999.299987792969 1001.80218505859 997.302856445312 997.299011230469 999.029968261719 1003.25518798828 998.697448730469 997.211059570312 986.421142578125 984.1953125 978.885803222656 991.850830078125 992.3935546875 992.39013671875 987.408447265625 990.720092773438 996.919982910156 1002.42651367188 1001.48065185547 995.044799804688 999.096496582031 1002.576171875 999.714904785156 998.842590332031 993.750793457031 1003.10565185547 1012.17199707031 1007.91314697266 1010.1591796875 1001.18017578125 1011.67224121094 1008.93444824219 1005.25750732422 1010.71270751953
978.035461425781 980.373229980469 980.415649414062 993.417053222656 996.378967285156 1000.64105224609 998.781005859375 1002.41033935547 998.960571289062 1001.71508789062 1007.75183105469 1005.73986816406 1008.57775878906 1009.55694580078 1006.92541503906 998.424072265625 1002.75762939453 1007.31256103516 1005.92608642578 993.119079589844 989.898864746094 986.021850585938 987.965209960938 992.248168945312 994.541687011719 993.701110839844 990.685241699219 1000.73492431641 1002.08459472656 997.064514160156 1000.28948974609 1001.65698242188 997.133728027344 1002.66973876953 988.968872070312 996.593322753906 992.997314453125 996.218444824219 1009.47076416016 1009.34020996094 1004.16790771484 1017.26300048828 1011.02691650391 1012.150390625 1014.03289794922 1010.68634033203
975.866943359375 978.106018066406 985.073486328125 990.559387207031 991.797241210938 1000.80816650391 997.525085449219 998.815368652344 1007.23321533203 1001.96423339844 1007.56970214844 1009.05438232422 1015.21209716797 1006.61413574219 1007.15618896484 1002.30932617188 1006.15112304688 1012.07574462891 1002.77758789062 994.938842773438 999.948425292969 996.513854980469 988.807556152344 989.155700683594 997.934631347656 998.640747070312 997.856079101562 997.165222167969 1003.15557861328 995.834594726562 990.939392089844 995.964904785156 996.591735839844 999.148498535156 990.598754882812 1002.29248046875 999.607177734375 1004.18157958984 1008.85546875 1013.17517089844 1009.93896484375 1012.04559326172 1017.68841552734 1019.50140380859 1015.89605712891 1009.70501708984
977.073486328125 976.271911621094 982.702026367188 977.146911621094 988.695251464844 986.682495117188 991.846862792969 993.959899902344 1006.13299560547 1005.17877197266 1009.42694091797 1005.41925048828 1014.80487060547 1016.42144775391 1021.12701416016 1016.48480224609 1013.9365234375 1017.20715332031 1014.03784179688 1012.43298339844 1007.19256591797 998.458557128906 991.810791015625 998.622985839844 1004.52770996094 995.952392578125 993.319458007812 993.25 1000.85327148438 998.633239746094 996.686218261719 987.667846679688 998.258911132812 997.648559570312 995.466247558594 991.192260742188 1002.77770996094 1002.3359375 1015.103515625 1010.88653564453 1000.88299560547 1007.76330566406 1015.18603515625 1007.89343261719 1007.9482421875 1008.22534179688
982.72412109375 976.450317382812 972.613159179688 974.104858398438 976.302368164062 984.43701171875 985.548767089844 987.871887207031 996.722839355469 1002.60516357422 999.200744628906 1002.63549804688 1002.49938964844 1015.73327636719 1019.86602783203 1023.17553710938 1016.58776855469 1015.20812988281 1015.37628173828 1009.15185546875 1016.19110107422 1002.4208984375 996.256591796875 1009.56860351562 1003.56457519531 997.105346679688 995.252563476562 998.818542480469 1003.04174804688 999.447570800781 991.485473632812 999.283874511719 997.888793945312 990.39111328125 993.76318359375 995.995300292969 1002.43090820312 1005.20660400391 1004.09649658203 1008.02264404297 997.198425292969 1000.33148193359 999.760986328125 1003.63165283203 1008.66217041016 1005.90478515625
973.308044433594 975.730529785156 967.530578613281 971.574462890625 978.757385253906 987.455749511719 997.157836914062 992.71044921875 1001.91839599609 1000.81652832031 1002.27642822266 1008.689453125 1010.98913574219 1014.68054199219 1013.75341796875 1014.1689453125 1017.49035644531 1020.49169921875 1012.71075439453 1013.26135253906 1013.58648681641 1004.35693359375 1004.66931152344 1006.22283935547 1008.05938720703 1001.22149658203 993.780029296875 999.6123046875 1003.17327880859 999.717529296875 991.003112792969 992.281005859375 992.140258789062 999.672302246094 1001.30535888672 1001.02752685547 997.017211914062 1003.1337890625 1001.87609863281 999.380493164062 997.106506347656 1000.06103515625 993.975036621094 997.480407714844 1009.1875 1007.13195800781
977.230407714844 972.35986328125 976.919738769531 971.588745117188 977.461608886719 995.132141113281 1001.37762451172 1005.8720703125 995.443969726562 996.964233398438 1002.36553955078 1006.83776855469 1014.62103271484 1016.94757080078 1020.88293457031 1016.92114257812 1016.76440429688 1027.92736816406 1017.37176513672 1017.97424316406 1018.56195068359 1009.46960449219 1008.72497558594 1004.11578369141 1004.7109375 998.5146484375 999.184753417969 997.512268066406 1000.70477294922 999.462158203125 997.539245605469 996.379455566406 1002.54174804688 1002.29498291016 998.623840332031 998.283569335938 998.113159179688 991.766479492188 1001.82336425781 999.107421875 1005.03045654297 1003.9560546875 999.955993652344 1000.72943115234 1007.03735351562 1010.08959960938
975.67919921875 974.801513671875 976.882934570312 968.064514160156 973.388427734375 982.969421386719 988.888305664062 1001.00006103516 994.053161621094 996.8203125 999.969909667969 1005.30261230469 1002.90155029297 1010.67645263672 1010.51086425781 1018.79638671875 1020.98565673828 1024.63586425781 1022.24328613281 1020.57855224609 1022.89190673828 1009.23638916016 1017.07257080078 1011.19555664062 1011.38214111328 1000.67608642578 1003.09320068359 999.8984375 1004.47302246094 1002.07391357422 1001.67395019531 1000.83489990234 995.398315429688 997.349243164062 1000.70300292969 1002.96606445312 1003.61083984375 1007.52886962891 999.716857910156 1006.32995605469 1003.36950683594 1003.98278808594 1008.76416015625 1009.47674560547 1011.23266601562 1008.02111816406
974.096984863281 978.989318847656 975.004150390625 972.252197265625 976.157958984375 979.126708984375 982.939880371094 986.568420410156 994.070129394531 991.683288574219 999.216613769531 999.88232421875 1002.10949707031 1011.87042236328 1009.36877441406 1014.02478027344 1020.98156738281 1025.51782226562 1024.95446777344 1019.96984863281 1017.55645751953 1014.22882080078 1012.41918945312 1011.17523193359 1016.9423828125 1007.26214599609 1003.62548828125 1007.09521484375 1011.78253173828 1004.49688720703 1006.35931396484 1006.64697265625 1006.96759033203 1004.52069091797 994.054443359375 993.1201171875 996.770568847656 1006.50842285156 1001.83636474609 1001.18823242188 998.332885742188 1006.35955810547 1004.57208251953 1016.68035888672 1018.18572998047 1018.08776855469
984.113952636719 983.802490234375 979.678527832031 983.958068847656 980.403625488281 980.54296875 980.380310058594 978.879089355469 988.594909667969 992.734436035156 999.715515136719 1005.33129882812 1006.88067626953 1009.07611083984 1007.34704589844 1007.25640869141 1017.49761962891 1022.85150146484 1023.12701416016 1018.37170410156 1012.32855224609 1013.69201660156 1018.06500244141 1022.39434814453 1016.51678466797 1010.77465820312 1011.80303955078 1013.46929931641 1009.54235839844 1011.60296630859 1009.06384277344 1014.60864257812 1006.67205810547 1002.05853271484 1002.78143310547 998.949035644531 998.161437988281 1001.60406494141 1002.97369384766 1004.50537109375 1005.86169433594 1011.30090332031 1009.74224853516 1017.24945068359 1012.51867675781 1013.09234619141
990.5966796875 995.702575683594 985.495971679688 976.784545898438 988.414855957031 988.17626953125 985.94482421875 993.938537597656 991.028991699219 1004.18786621094 1007.18902587891 1015.01000976562 1009.14947509766 1007.9453125 1001.33978271484 1015.01428222656 1014.69384765625 1013.46923828125 1009.2890625 1005.57391357422 1008.8017578125 1016.68811035156 1018.77008056641 1021.82922363281 1017.32818603516 1016.47863769531 1017.29113769531 1020.04418945312 1019.78607177734 1017.21350097656 1017.35375976562 1015.29278564453 1004.11199951172 994.020385742188 992.640197753906 996.592529296875 997.243835449219 1003.3603515625 1000.49468994141 1008.24291992188 1006.12817382812 1015.57708740234 1005.98089599609 1012.64086914062 1019.27807617188 1015.61791992188
