data/zlatibor_dem_simulations/DEMsim67.asc
NCOLS 150
NROWS 100
XLLCORNER 7394249
YLLCORNER 4841999
CELLSIZE 30
NODATA_VALUE -9999
[rows 40 to 59 of 100, columns 0 to 45 of 150]
958.368225097656 964.799926757812 961.579284667969 964.12939453125 964.360717773438 964.088806152344 964.818298339844 976.142944335938 969.799438476562 961.307250976562 967.115844726562 965.842956542969 974.211730957031 976.069885253906 970.020080566406 974.036254882812 979.903259277344 981.216125488281 981.825805664062 984.576904296875 985.034484863281 979.263366699219 977.762145996094 979.007080078125 971.785095214844 969.613037109375 972.540405273438 971.129638671875 967.70703125 973.839538574219 986.879943847656 986.663879394531 979.17578125 978.515014648438 984.620422363281 993.804992675781 984.776000976562 981.623901367188 979.944152832031 982.898803710938 977.917236328125 977.677124023438 973.127502441406 955.985046386719 953.97998046875 966.398559570312
954.629455566406 958.97021484375 954.95849609375 966.674377441406 964.035827636719 967.059020996094 957.855590820312 977.196655273438 977.13623046875 966.32421875 971.057556152344 964.799865722656 971.896179199219 981.035461425781 972.06103515625 975.849670410156 979.137573242188 973.078186035156 975.050842285156 977.06494140625 972.925842285156 984.507995605469 974.857238769531 980.462646484375 973.66845703125 971.271728515625 976.217895507812 972.487670898438 974.444396972656 979.412963867188 981.464050292969 985.005798339844 982.558410644531 987.107116699219 991.414672851562 999.458190917969 985.605407714844 980.466125488281 979.551147460938 985.329895019531 988.236999511719 980.04150390625 975.771728515625 963.597229003906 962.487426757812 965.341918945312
948.749145507812 952.805969238281 956.784423828125 954.904846191406 959.269287109375 961.161987304688 958.237487792969 961.708251953125 973.729187011719 975.855163574219 975.420654296875 978.027038574219 966.568664550781 976.011474609375 972.32080078125 977.560180664062 974.034851074219 974.915954589844 978.570983886719 967.217041015625 964.212097167969 965.820922851562 973.989135742188 978.347961425781 971.666198730469 970.677490234375 971.853942871094 968.513000488281 973.472412109375 974.371826171875 976.450134277344 978.268615722656 982.378845214844 976.528869628906 978.525085449219 993.710327148438 982.019775390625 980.471557617188 981.214233398438 991.729309082031 982.385375976562 976.535583496094 968.651123046875 964.51220703125 965.876770019531 969.50390625
944.700500488281 945.125061035156 957.718933105469 957.097961425781 958.740417480469 954.066162109375 959.181762695312 960.296936035156 970.450500488281 984.218933105469 979.152099609375 975.750549316406 965.976867675781 974.985778808594 972.806762695312 977.486877441406 972.081604003906 978.132080078125 972.84912109375 971.31005859375 959.607421875 966.4580078125 971.441711425781 972.118225097656 974.627746582031 977.202758789062 981.343383789062 979.97021484375 979.940734863281 974.359558105469 982.802307128906 975.869750976562 983.992431640625 975.031372070312 981.415100097656 977.914611816406 984.494567871094 978.948669433594 970.084106445312 985.005310058594 976.934448242188 967.599487304688 962.615478515625 965.167053222656 967.259765625 967.14794921875
949.211853027344 951.323608398438 949.92724609375 954.171020507812 969.893676757812 957.492553710938 961.361633300781 964.839233398438 964.639343261719 975.719421386719 985.007507324219 977.42919921875 965.794372558594 974.827514648438 979.784851074219 976.558654785156 977.798461914062 969.3154296875 973.512390136719 972.845520019531 969.686950683594 972.588073730469 961.978637695312 960.008544921875 969.273376464844 981.696533203125 975.663330078125 981.740234375 981.293334960938 971.939758300781 978.376220703125 980.379943847656 980.336364746094 975.872009277344 966.893188476562 982.016967773438 972.132019042969 981.987426757812 974.129699707031 980.135986328125 972.015747070312 961.526000976562 955.621154785156 964.454223632812 954.999816894531 969.152648925781
952.261901855469 952.204833984375 955.959838867188 965.640502929688 962.561767578125 967.573364257812 968.278137207031 968.08642578125 968.492614746094 969.102478027344 976.422302246094 973.264221191406 973.634826660156 973.832092285156 976.957092285156 986.953308105469 974.808471679688 970.968811035156 969.721923828125 972.607666015625 966.014953613281 969.694091796875 971.717590332031 960.873474121094 967.759948730469 967.453002929688 968.613891601562 973.113952636719 970.610290527344 971.6396484375 973.798461914062 979.80224609375 977.498962402344 967.960327148438 964.373352050781 965.146423339844 970.812805175781 978.404296875 981.679626464844 978.244873046875 967.750732421875 961.708068847656 962.464050292969 957.975402832031 959.765930175781 975.95849609375
958.346618652344 956.835876464844 954.151672363281 960.836547851562 964.56591796875 955.388488769531 963.236267089844 962.102722167969 963.781311035156 963.465759277344 973.363952636719 973.673278808594 970.351379394531 970.109741210938 968.92578125 978.636962890625 974.595397949219 979.258666992188 975.637268066406 963.571533203125 962.636169433594 960.761474609375 966.931579589844 961.782409667969 958.81005859375 959.057922363281 961.764404296875 965.298828125 968.332275390625 976.332153320312 970.564025878906 979.640808105469 969.7939453125 962.443969726562 955.15478515625 957.712280273438 964.4267578125 972.036560058594 980.411437988281 975.621887207031 968.097534179688 958.3583984375 962.021667480469 961.239013671875 963.011352539062 962.352416992188
958.187561035156 960.82568359375 957.032470703125 959.761657714844 957.628967285156 964.091674804688 961.713012695312 955.865234375 960.481262207031 971.3740234375 978.694396972656 974.805725097656 974.822814941406 976.101684570312 974.758911132812 981.416015625 979.999328613281 976.020141601562 970.300354003906 966.425170898438 966.822875976562 970.487426757812 970.562744140625 967.664794921875 961.530578613281 962.37548828125 964.294738769531 965.09912109375 964.944274902344 970.001708984375 972.448608398438 968.606140136719 969.428405761719 967.815124511719 961.370971679688 969.928833007812 969.44873046875 975.182800292969 976.79248046875 972.471252441406 970.965637207031 965.222717285156 963.235778808594 962.006530761719 960.873901367188 961.764221191406
958.523254394531 952.1376953125 952.792053222656 955.406494140625 958.476989746094 966.755981445312 968.710388183594 965.373962402344 962.455993652344 961.9775390625 970.312133789062 971.722595214844 981.864135742188 983.925354003906 979.396789550781 976.004699707031 982.400756835938 976.059692382812 968.344665527344 966.717834472656 973.604248046875 971.716491699219 969.870178222656 969.076599121094 965.989929199219 967.766479492188 964.173522949219 963.061706542969 965.088317871094 974.215087890625 970.964477539062 963.37451171875 968.596801757812 956.628234863281 963.657653808594 978.667358398438 976.548522949219 972.704284667969 968.340393066406 959.465942382812 959.266967773438 963.746276855469 954.613647460938 953.148193359375 959.394958496094 963.631896972656
960.118774414062 962.207275390625 957.962524414062 956.34765625 960.502319335938 962.895446777344 965.489074707031 973.582214355469 973.601623535156 965.09765625 968.374633789062 973.69091796875 974.08447265625 967.660339355469 982.6005859375 972.80908203125 981.794250488281 975.8564453125 974.833435058594 958.533325195312 966.739379882812 960.7373046875 972.450073242188 970.524963378906 971.340148925781 972.176391601562 966.243225097656 963.394958496094 967.317321777344 975.691772460938 966.650207519531 965.887756347656 971.631774902344 961.361694335938 966.128784179688 971.682983398438 969.343627929688 969.2333984375 959.383239746094 959.46533203125 942.429992675781 950.998718261719 948.471496582031 953.8388671875 958.140258789062 961.515808105469
957.535278320312 962.460754394531 967.412902832031 951.604187011719 961.019897460938 964.807983398438 969.476928710938 973.421020507812 973.028076171875 970.481201171875 971.516662597656 967.889526367188 974.561584472656 980.286560058594 989.638122558594 980.537048339844 988.770629882812 980.291137695312 972.1064453125 963.958801269531 968.900268554688 968.239379882812 962.774169921875 967.326110839844 962.430358886719 972.133666992188 965.09912109375 962.722961425781 965.642395019531 976.480651855469 972.194641113281 976.426574707031 973.899047851562 972.099243164062 968.747497558594 973.240356445312 962.88671875 961.841247558594 961.7431640625 962.743957519531 949.5224609375 951.347106933594 944.549560546875 955.960205078125 960.671508789062 964.049377441406
967.040771484375 960.144409179688 964.185302734375 956.358093261719 960.8115234375 958.157836914062 972.215637207031 971.180725097656 973.834716796875 979.940185546875 972.870178222656 974.623779296875 974.096130371094 975.067504882812 975.057739257812 971.442993164062 974.084350585938 977.366455078125 969.192993164062 964.544372558594 965.877990722656 967.774597167969 968.076965332031 966.731689453125 958.837341308594 955.020935058594 947.7138671875 957.912353515625 960.847351074219 962.961486816406 963.852905273438 972.260375976562 974.941040039062 977.90380859375 980.8447265625 976.933654785156 969.440246582031 961.193542480469 962.041809082031 962.166320800781 959.752746582031 958.044555664062 958.981567382812 966.097473144531 970.105041503906 967.8544921875
955.816711425781 959.861572265625 962.993408203125 962.728881835938 966.228210449219 967.925476074219 964.614990234375 977.48828125 980.039367675781 976.724731445312 968.527526855469 974.158569335938 977.266723632812 972.892150878906 974.020141601562 970.158935546875 966.481689453125 973.461608886719 971.13671875 975.14453125 972.280334472656 969.058715820312 969.034057617188 967.801696777344 960.029296875 956.71923828125 964.061584472656 963.914733886719 962.306030273438 961.613342285156 965.264892578125 967.081359863281 965.545166015625 970.632751464844 975.689147949219 979.493957519531 966.847412109375 959.249267578125 960.069030761719 957.153930664062 955.150817871094 961.231628417969 965.456237792969 971.818176269531 966.609130859375 966.324645996094
961.313232421875 957.385131835938 958.835571289062 960.901306152344 971.209167480469 974.150085449219 973.109558105469 977.685791015625 978.354675292969 973.960144042969 978.767944335938 978.910095214844 980.69482421875 981.43701171875 975.597229003906 966.066162109375 967.210815429688 971.191711425781 970.02685546875 976.473083496094 973.429626464844 966.611877441406 966.130065917969 966.489074707031 962.738525390625 961.098999023438 954.667724609375 966.92529296875 963.113525390625 966.928344726562 969.074768066406 966.56396484375 964.610412597656 964.810729980469 970.764099121094 974.831787109375 967.513061523438 966.635925292969 967.37646484375 961.552856445312 948.392822265625 953.37353515625 949.94921875 957.168334960938 965.490905761719 965.146179199219
957.748229980469 956.185241699219 966.951721191406 966.374816894531 973.108154296875 973.5576171875 975.632873535156 971.146484375 975.922241210938 975.042297363281 975.829467773438 977.009582519531 978.468994140625 979.335571289062 972.481994628906 969.571472167969 973.829711914062 967.483642578125 967.172546386719 972.714172363281 974.808410644531 971.092224121094 966.564514160156 959.126220703125 960.472351074219 953.237976074219 949.559814453125 960.677368164062 966.908874511719 974.18896484375 963.637634277344 959.444946289062 957.807678222656 964.483642578125 974.577209472656 974.440795898438 975.541687011719 963.319458007812 956.670288085938 950.357727050781 943.205932617188 948.132629394531 951.482482910156 951.104125976562 959.217346191406 954.156921386719
962.732299804688 960.992736816406 965.452697753906 969.900329589844 974.430847167969 982.179260253906 977.669006347656 974.963134765625 973.828247070312 972.180480957031 972.801818847656 972.889892578125 976.677429199219 974.179077148438 970.285766601562 968.511779785156 966.453796386719 965.017883300781 970.96337890625 982.287841796875 980.965148925781 975.181701660156 962.542236328125 960.301696777344 959.290466308594 955.292236328125 954.546325683594 957.219604492188 970.669555664062 969.476318359375 961.842346191406 965.368957519531 957.792541503906 960.168640136719 968.687194824219 970.452453613281 974.742553710938 969.133056640625 960.435607910156 954.864501953125 941.446594238281 945.858459472656 954.668395996094 952.129272460938 954.620910644531 959.144348144531
968.401245117188 966.490600585938 968.24755859375 965.533569335938 974.1787109375 975.902038574219 974.758911132812 971.545715332031 967.386169433594 969.892761230469 969.742736816406 969.923767089844 973.313354492188 962.988342285156 966.648376464844 961.71875 961.156433105469 971.445190429688 966.785339355469 975.408203125 978.088195800781 962.992309570312 956.122619628906 956.040100097656 957.735046386719 954.747924804688 952.578796386719 955.362609863281 963.653930664062 965.609985351562 969.113342285156 963.321899414062 961.17578125 955.062561035156 949.904479980469 964.871887207031 963.255249023438 964.206420898438 955.100402832031 949.326721191406 951.399597167969 949.385375976562 948.765441894531 957.447082519531 950.068786621094 948.894958496094
979.127746582031 974.380065917969 954.798461914062 967.204956054688 972.826599121094 972.164794921875 969.619506835938 967.518859863281 971.921630859375 964.673583984375 976.086364746094 973.657287597656 960.473937988281 959.684631347656 956.982482910156 965.153930664062 951.310974121094 957.382629394531 964.904724121094 967.269592285156 965.711853027344 967.650817871094 961.459289550781 954.328552246094 952.290100097656 951.447570800781 954.720092773438 955.930541992188 964.03271484375 961.389343261719 960.753112792969 965.303649902344 955.149353027344 960.921447753906 958.65625 962.192565917969 956.191162109375 957.42724609375 954.973571777344 950.379943847656 945.642639160156 953.322814941406 954.569702148438 958.872924804688 958.250122070312 946.156799316406
970.325073242188 972.141967773438 960.976684570312 966.996948242188 960.957153320312 970.414184570312 974.232604980469 974.818725585938 964.094665527344 964.95458984375 961.322021484375 962.827880859375 961.68701171875 962.020141601562 963.022583007812 966.439147949219 961.150329589844 956.748229980469 970.364868164062 969.289489746094 963.263549804688 961.153076171875 956.4130859375 947.682922363281 942.463806152344 953.280639648438 945.71728515625 953.253784179688 958.276245117188 960.44091796875 951.895080566406 957.571044921875 953.708679199219 952.813415527344 955.692810058594 961.194580078125 964.901123046875 961.003173828125 956.173034667969 951.40673828125 953.369140625 952.379272460938 958.178588867188 962.862854003906 951.430053710938 941.944763183594
952.785522460938 959.529052734375 961.685852050781 959.900512695312 953.073303222656 968.054809570312 972.342407226562 959.163818359375 963.128967285156 969.751098632812 956.970336914062 958.29052734375 953.053039550781 960.990478515625 965.660949707031 966.859497070312 962.824279785156 966.237976074219 960.2041015625 960.179870605469 967.232421875 953.675415039062 953.257751464844 950.099975585938 950.536193847656 943.659545898438 950.393981933594 954.917541503906 948.234924316406 954.133728027344 957.989074707031 957.764099121094 953.267272949219 947.7333984375 953.435424804688 959.39501953125 960.150085449219 950.059875488281 950.341369628906 941.857238769531 950.425170898438 946.495056152344 952.627258300781 961.974304199219 945.316833496094 944.682739257812
