data/zlatibor_dem_simulations/DEMsim42.asc
NCOLS 150
NROWS 100
XLLCORNER 7394249
YLLCORNER 4841999
CELLSIZE 30
NODATA_VALUE -9999
[rows 0 to 19 of 100, columns 46 to 91 of 150]
1011.96691894531 1010.76403808594 1004.19116210938 991.270629882812 986.568481445312 972.7939453125 974.646606445312 971.82763671875 968.304992675781 964.057861328125 954.258056640625 954.262023925781 954.034118652344 954.434631347656 941.048400878906 943.566101074219 932.183044433594 926.322998046875 920.638854980469 926.198303222656 913.869689941406 912.869506835938 905.820678710938 910.490295410156 915.900207519531 915.819580078125 928.376708984375 945.033508300781 940.807922363281 957.234008789062 960.488647460938 967.645751953125 958.969787597656 962.785095214844 967.894714355469 970.061584472656 966.129089355469 958.249084472656 975.51708984375 961.078491210938 965.869750976562 957.579284667969 953.216491699219 944.747741699219 936.9013671875 929.081176757812
1016.55261230469 1013.68243408203 1006.39654541016 992.353637695312 995.877136230469 987.521240234375 981.471923828125 973.564392089844 972.622985839844 962.096862792969 954.795593261719 949.559448242188 954.184509277344 952.053466796875 957.073913574219 943.695495605469 934.594604492188 930.206665039062 921.443359375 919.980163574219 900.927490234375 904.888061523438 906.511047363281 913.282165527344 918.9169921875 924.026733398438 932.024719238281 941.266784667969 949.07763671875 966.0947265625 965.194641113281 970.172241210938 966.686462402344 970.401123046875 979.619506835938 969.024597167969 965.18408203125 965.226013183594 967.768371582031 960.884826660156 966.415466308594 969.466857910156 959.309387207031 947.950622558594 937.077880859375 927.824401855469
1018.30267333984 1016.84381103516 1004.87060546875 1001.05444335938 993.085021972656 993.185546875 985.620483398438 976.753356933594 964.884643554688 959.640686035156 961.641540527344 958.512756347656 960.417175292969 962.718383789062 959.579895019531 940.615478515625 935.349792480469 931.578857421875 930.534545898438 917.663879394531 921.441162109375 911.696716308594 919.620361328125 924.502685546875 925.85498046875 924.966674804688 935.301696777344 950.270141601562 956.827026367188 971.005554199219 969.590026855469 975.128112792969 978.572387695312 978.22802734375 982.726989746094 981.913696289062 972.212036132812 974.759826660156 968.820190429688 963.033203125 970.268920898438 970.711730957031 958.563537597656 941.368408203125 941.612731933594 924.886291503906
1014.98522949219 1010.01220703125 1003.31536865234 1006.84606933594 1002.81640625 993.889099121094 985.364929199219 975.43701171875 968.875915527344 956.472290039062 965.775512695312 969.597717285156 964.9501953125 957.3125 963.347412109375 955.814331054688 949.740051269531 942.264892578125 944.10498046875 927.952575683594 924.814697265625 931.886413574219 929.663635253906 940.578735351562 939.469299316406 945.393127441406 950.408203125 954.44287109375 956.508178710938 965.565612792969 970.430114746094 977.875732421875 987.964599609375 989.269287109375 985.801025390625 992.561706542969 990.751220703125 984.118225097656 971.409912109375 964.127746582031 969.184204101562 962.783142089844 951.602966308594 940.263427734375 929.961547851562 914.07861328125
1012.51635742188 1012.73321533203 1004.35131835938 1003.02087402344 1002.48077392578 995.639099121094 989.241149902344 975.349853515625 950.664428710938 950.419189453125 966.436401367188 964.791931152344 966.473327636719 961.532531738281 957.68017578125 964.306274414062 960.847412109375 951.772155761719 955.840393066406 954.270629882812 949.723205566406 941.410400390625 933.6875 939.91845703125 943.7431640625 950.093200683594 955.030822753906 961.996032714844 956.473327636719 965.612609863281 971.136779785156 990.078063964844 996.108459472656 1007.53063964844 999.613159179688 1007.05780029297 995.726989746094 989.114318847656 985.501586914062 970.679321289062 968.881408691406 963.73974609375 949.370361328125 946.340270996094 922.130676269531 917.110229492188
1015.75531005859 1007.74566650391 999.094848632812 1007.15258789062 1003.23992919922 1003.10827636719 996.612243652344 984.171325683594 963.361694335938 966.852966308594 965.926574707031 968.556030273438 975.268737792969 969.069213867188 962.745422363281 962.985961914062 966.125427246094 967.902465820312 972.184143066406 959.702026367188 963.953369140625 959.087036132812 943.033874511719 948.2880859375 947.518310546875 951.764953613281 958.896423339844 968.27880859375 971.534729003906 968.088806152344 988.721130371094 999.77001953125 1007.70281982422 1011.99713134766 1017.73980712891 1012.94439697266 1003.91235351562 989.780883789062 989.52685546875 976.918151855469 970.848327636719 959.220092773438 958.106811523438 935.535522460938 920.446655273438 913.134704589844
1015.29827880859 1006.61804199219 1004.97302246094 1002.15966796875 1007.14495849609 1003.77172851562 1000.61462402344 992.158386230469 978.6220703125 977.985595703125 976.8330078125 976.895446777344 975.608276367188 978.353820800781 976.850158691406 969.149536132812 970.509948730469 986.218078613281 978.334167480469 971.734313964844 978.875427246094 971.994445800781 956.066589355469 947.325012207031 952.851989746094 960.351379394531 958.788208007812 964.606079101562 972.016662597656 981.927673339844 993.7158203125 1009.66088867188 1012.55554199219 1013.33142089844 1018.77856445312 1014.09375 1004.30169677734 997.463073730469 992.466918945312 979.661315917969 973.406860351562 968.521606445312 955.386413574219 938.994323730469 923.815185546875 918.840087890625
1003.49688720703 1007.61480712891 1009.48815917969 1011.32629394531 1008.31207275391 1013.49212646484 1007.66851806641 997.575744628906 1000.47900390625 989.787109375 988.882446289062 991.3125 988.341125488281 990.775207519531 985.419555664062 984.094360351562 998.2998046875 1002.47052001953 998.05419921875 983.605163574219 981.553833007812 977.395080566406 968.140258789062 954.201232910156 961.55517578125 969.179992675781 973.75146484375 975.057678222656 972.79296875 983.362060546875 998.710754394531 1011.67224121094 1014.92095947266 1019.38885498047 1023.37713623047 1013.63665771484 1000.09967041016 995.12255859375 994.141906738281 982.483154296875 979.843200683594 965.828002929688 956.1572265625 943.659118652344 932.501953125 923.852233886719
1009.02087402344 1009.35345458984 1006.77618408203 1017.79791259766 1011.54315185547 1003.27612304688 1005.60766601562 1006.24884033203 1004.91357421875 1005.85424804688 1008.49145507812 1004.56671142578 993.879272460938 990.59130859375 988.199462890625 989.327697753906 995.446960449219 997.058898925781 996.887451171875 995.664733886719 989.941711425781 973.529663085938 968.368835449219 971.937316894531 974.253601074219 981.277954101562 985.391296386719 983.6171875 994.043823242188 993.006774902344 998.903686523438 1023.79779052734 1023.92626953125 1026.72534179688 1023.31396484375 1018.10614013672 1006.57983398438 1002.94708251953 998.708923339844 986.458618164062 970.715393066406 965.791870117188 961.960388183594 941.801940917969 937.7861328125 927.719421386719
1003.04711914062 1004.81420898438 1000.14007568359 1000.40698242188 1003.01837158203 1007.39532470703 1012.42114257812 1019.24444580078 1020.17834472656 1007.79388427734 1011.62664794922 1009.66461181641 993.383422851562 991.322448730469 989.232238769531 989.944519042969 994.850708007812 992.620483398438 989.70849609375 999.069763183594 995.003723144531 991.533081054688 976.407348632812 975.852966308594 976.608337402344 985.889526367188 984.850036621094 989.598388671875 996.132080078125 1006.30407714844 1015.66961669922 1028.18823242188 1028.36596679688 1027.21215820312 1027.86157226562 1017.69482421875 1014.14007568359 997.693969726562 992.880859375 988.299072265625 975.6689453125 960.932556152344 951.844604492188 936.399230957031 923.561584472656 925.784729003906
1012.95935058594 1010.94018554688 1004.50341796875 999.625427246094 991.76953125 1011.53308105469 1014.42980957031 1015.82843017578 1013.51599121094 997.469116210938 997.793640136719 999.411071777344 999.9228515625 996.082824707031 991.129943847656 998.468627929688 1000.33087158203 991.187072753906 992.879333496094 1001.07720947266 997.309326171875 992.616333007812 981.930480957031 980.079345703125 983.799255371094 983.0498046875 995.789123535156 997.340759277344 1004.64959716797 1022.12841796875 1028.27905273438 1027.64001464844 1034.02282714844 1032.46691894531 1015.31903076172 1008.21154785156 1009.58294677734 1005.19744873047 1001.60266113281 989.800537109375 975.276245117188 965.870239257812 945.963745117188 942.094787597656 937.077514648438 942.817687988281
1021.76977539062 1018.71453857422 1006.61273193359 1000.96789550781 1005.21990966797 1010.19274902344 1008.60882568359 1013.11468505859 1017.57513427734 1008.14758300781 1000.63006591797 1002.29852294922 1007.31982421875 1005.69396972656 1004.03308105469 998.769958496094 997.903076171875 997.78759765625 1000.19232177734 997.847534179688 992.630126953125 990.882995605469 985.466369628906 989.518798828125 984.169799804688 983.1240234375 990.087158203125 1004.92114257812 1009.72924804688 1022.26397705078 1027.470703125 1042.17126464844 1038.39074707031 1036.84265136719 1026.62646484375 1018.05810546875 1007.89025878906 1014.1318359375 1004.89331054688 997.661376953125 978.134582519531 970.558410644531 955.835998535156 950.242553710938 936.146728515625 938.801818847656
1025.1923828125 1011.21813964844 1003.23779296875 1006.51733398438 1007.80444335938 1014.29364013672 1008.82159423828 1008.06817626953 1016.16729736328 1018.36840820312 1015.57952880859 1007.54614257812 1014.56622314453 1007.52185058594 1009.99560546875 1004.79858398438 1004.80590820312 997.008972167969 1006.18139648438 999.795227050781 987.540649414062 997.404968261719 999.523498535156 995.849975585938 995.672302246094 986.413940429688 995.088623046875 1009.17065429688 1018.20477294922 1029.24462890625 1038.04699707031 1038.18151855469 1031.27038574219 1031.76635742188 1020.60290527344 1018.17669677734 1022.28656005859 1016.337890625 1012.61810302734 1010.23162841797 983.395629882812 970.283569335938 959.751647949219 956.303527832031 941.6328125 939.737976074219
1019.14703369141 1017.29699707031 1019.76776123047 1011.11895751953 1006.93469238281 1013.96643066406 1005.21832275391 1002.14080810547 1008.919921875 1022.24163818359 1017.35070800781 1013.65087890625 1016.73413085938 1009.73699951172 1011.14770507812 1008.73657226562 1006.14465332031 1001.86352539062 995.993957519531 993.949462890625 994.528930664062 996.210815429688 990.121520996094 993.345703125 992.3095703125 999.706115722656 999.130615234375 1009.55261230469 1026.58190917969 1028.69396972656 1036.08972167969 1037.4755859375 1032.45263671875 1033.98461914062 1030.10168457031 1010.73687744141 1021.20812988281 1029.0341796875 1024.13305664062 1016.83422851562 996.375854492188 978.485595703125 966.711975097656 967.623779296875 947.205261230469 942.748718261719
1014.56677246094 1013.46899414062 1012.40795898438 1007.39031982422 1007.88812255859 998.89404296875 997.356506347656 1004.91748046875 1016.16021728516 1024.47485351562 1019.44848632812 1022.71246337891 1017.81427001953 1012.60528564453 1007.45758056641 1008.43377685547 1015.49517822266 1017.32733154297 1009.25146484375 1006.50280761719 1003.15209960938 998.365112304688 991.995666503906 990.491271972656 985.417358398438 1001.0859375 1001.79016113281 1019.55145263672 1018.36529541016 1020.03393554688 1025.30810546875 1027.50207519531 1040.71655273438 1036.55017089844 1040.59033203125 1027.45581054688 1026.93688964844 1029.51586914062 1019.9208984375 1007.13739013672 994.69287109375 980.290771484375 973.745544433594 955.994079589844 940.807189941406 938.873046875
1011.73223876953 1017.73248291016 1002.80151367188 1006.74078369141 1008.39190673828 1003.76788330078 1003.25518798828 1004.26135253906 1016.04034423828 1013.57476806641 1021.08428955078 1014.47326660156 1010.13494873047 1012.3994140625 1015.13287353516 1013.84399414062 1027.48095703125 1019.29156494141 1016.46374511719 1014.70404052734 1016.89465332031 1008.20819091797 997.155212402344 994.845947265625 994.511535644531 1006.31500244141 1013.34729003906 1015.41906738281 1024.13146972656 1017.68231201172 1015.36584472656 1023.67633056641 1036.05224609375 1044.10217285156 1043.20202636719 1032.59948730469 1031.46557617188 1016.21905517578 1015.69805908203 1005.00988769531 995.230834960938 983.349853515625 973.664733886719 955.192993164062 943.538635253906 946.862976074219
1020.28308105469 1013.03021240234 1009.07354736328 1003.87481689453 999.372436523438 1005.67022705078 1005.86181640625 1007.37200927734 1013.60876464844 1020.50994873047 1022.6279296875 1021.736328125 1016.12060546875 1020.50561523438 1020.14276123047 1016.87164306641 1028.61169433594 1025.40075683594 1024.45031738281 1021.88671875 1028.31530761719 1014.87542724609 1003.11499023438 1000.48876953125 1006.31854248047 1024.33325195312 1025.54406738281 1025.00158691406 1029.86608886719 1024.2626953125 1026.64929199219 1024.02099609375 1031.56213378906 1039.21069335938 1046.45202636719 1028.43566894531 1028.76916503906 1029.31457519531 1018.63757324219 1013.28607177734 999.515808105469 992.324890136719 975.423156738281 965.080810546875 951.956115722656 954.074829101562
1014.15576171875 1005.40087890625 1004.74890136719 1003.98480224609 1001.24304199219 1011.07086181641 1003.13385009766 1005.18182373047 1013.68603515625 1011.59191894531 1026.65490722656 1025.47619628906 1010.96380615234 1011.2880859375 1017.40515136719 1017.2421875 1025.99206542969 1028.59631347656 1027.22509765625 1022.51983642578 1029.92578125 1017.47650146484 1009.67364501953 1007.28619384766 1015.84423828125 1031.37463378906 1025.66552734375 1038.51098632812 1029.02563476562 1028.35229492188 1027.65161132812 1033.22180175781 1030.52026367188 1036.99768066406 1033.44396972656 1021.74230957031 1019.29400634766 1022.28204345703 1020.56439208984 1020.43127441406 1002.27252197266 999.721740722656 982.83447265625 974.651428222656 974.899780273438 963.61669921875
1014.96252441406 1006.14636230469 993.610046386719 997.825317382812 1008.65789794922 1016.66290283203 1005.99285888672 1008.67114257812 1009.81481933594 1014.16339111328 1019.15338134766 1019.30889892578 1005.22473144531 1018.74633789062 1018.25610351562 1028.21740722656 1034.10900878906 1031.74560546875 1037.93322753906 1027.69787597656 1021.63702392578 1021.12615966797 1020.6904296875 1024.92407226562 1020.30444335938 1023.72314453125 1026.61096191406 1022.74481201172 1026.89892578125 1029.61706542969 1024.03051757812 1026.28637695312 1040.82495117188 1034.06469726562 1032.82641601562 1020.39129638672 1019.18865966797 1018.12097167969 1016.42889404297 1015.99426269531 1000.14361572266 1001.71148681641 986.391967773438 984.960021972656 982.673461914062 974.75
1009.80688476562 1001.43017578125 999.493408203125 996.678833007812 1002.96789550781 1012.34973144531 1005.60699462891 1013.27740478516 1018.67639160156 1015.23291015625 1009.70190429688 1020.67706298828 1016.59149169922 1010.83465576172 1027.44384765625 1023.08416748047 1031.9609375 1026.57629394531 1022.17144775391 1031.75744628906 1030.93359375 1028.12182617188 1019.69927978516 1033.30859375 1026.66125488281 1026.89672851562 1027.80334472656 1022.55908203125 1023.47607421875 1021.81658935547 1029.25476074219 1034.01306152344 1043.98266601562 1032.69152832031 1023.216796875 1026.2041015625 1016.93579101562 1015.72644042969 1010.89038085938 998.479553222656 994.636901855469 989.458435058594 996.631042480469 993.415771484375 993.999450683594 997.760070800781
