data/zlatibor_dem_simulations/DEMsim97.asc
NCOLS 150
NROWS 100
XLLCORNER 7394249
YLLCORNER 4841999
CELLSIZE 30
NODATA_VALUE -9999
[rows 80 to 99 of 100, columns 92 to 137 of 150]
990.574951171875 993.658447265625 995.564147949219 998.940307617188 1006.68383789062 1001.19366455078 1000.27618408203 999.34521484375 1005.24243164062 1007.67517089844 1004.71606445312 1010.74896240234 1021.64697265625 1022.56109619141 1021.38812255859 1034.47448730469 1044.89892578125 1032.88439941406 1029.51342773438 1030.65673828125 1032.04797363281 1036.34802246094 1042.59973144531 1042.34301757812 1043.05029296875 1042.34216308594 1045.11547851562 1046.20373535156 1038.81323242188 1033.43151855469 1027.81420898438 1024.29431152344 1012.65759277344 1008.77374267578 1000.77239990234 997.3388671875 1006.51300048828 997.363708496094 996.029174804688 992.539001464844 988.643371582031 1001.11419677734 991.330749511719 984.96142578125 994.144592285156 994.798706054688
984.843139648438 989.820068359375 994.821899414062 995.336120605469 1002.6240234375 1001.78607177734 1004.10888671875 999.281066894531 1004.33758544922 1006.14544677734 998.661315917969 1006.40887451172 1014.26525878906 1016.80725097656 1027.28088378906 1027.94970703125 1031.28076171875 1039.44104003906 1036.97131347656 1041.65710449219 1036.62585449219 1040.07751464844 1039.33337402344 1041.99389648438 1048.71057128906 1049.13793945312 1049.25341796875 1044.42541503906 1043.90930175781 1026.67858886719 1020.83557128906 1021.47540283203 1010.30352783203 999.628479003906 997.875244140625 991.144165039062 1003.81274414062 998.836364746094 993.129028320312 986.250915527344 994.895202636719 994.992248535156 993.332336425781 990.763000488281 999.637634277344 996.116943359375
995.193359375 995.560607910156 996.429382324219 991.248291015625 999.934143066406 998.894287109375 998.766479492188 1005.71459960938 1004.11010742188 1005.2001953125 1002.01171875 1006.42333984375 1019.333984375 1022.21765136719 1028.85717773438 1030.46325683594 1036.55639648438 1036.87561035156 1040.99755859375 1043.4208984375 1048.90051269531 1037.46813964844 1042.36535644531 1042.5283203125 1051.83740234375 1050.41625976562 1049.88098144531 1036.93627929688 1035.54541015625 1022.19366455078 1010.48162841797 1006.89331054688 1006.36614990234 1002.65386962891 992.573669433594 991.809936523438 984.706848144531 995.870849609375 984.830322265625 989.370483398438 993.891662597656 997.134094238281 989.369018554688 991.108703613281 987.447448730469 983.550964355469
1006.83984375 1001.87744140625 1001.18701171875 999.926391601562 1004.66174316406 1007.93017578125 1011.09741210938 1009.74615478516 1008.18634033203 1005.63610839844 1007.74780273438 1004.16333007812 1019.50018310547 1026.09631347656 1027.44738769531 1023.46612548828 1025.8203125 1030.82446289062 1034.41674804688 1043.32580566406 1050.38500976562 1047.06066894531 1050.79260253906 1048.55261230469 1045.47009277344 1049.021484375 1053.03454589844 1039.61584472656 1034.41284179688 1026.88452148438 1018.97961425781 1008.39288330078 1001.42468261719 1001.16613769531 997.695617675781 993.403930664062 985.538024902344 986.811462402344 982.203491210938 987.982971191406 995.446411132812 996.98779296875 989.559814453125 985.603698730469 980.010803222656 977.419616699219
993.179870605469 1002.21325683594 1007.27355957031 1009.71032714844 1003.470703125 1009.14410400391 1003.70178222656 1006.98413085938 1005.94891357422 1006.52966308594 1004.17321777344 1006.77178955078 1016.27288818359 1024.80102539062 1024.24914550781 1020.98815917969 1025.23840332031 1032.666015625 1031.28527832031 1045.07238769531 1053.71325683594 1057.17370605469 1066.03491210938 1052.58459472656 1051.98693847656 1047.95031738281 1041.08459472656 1037.04138183594 1030.6513671875 1022.728515625 1016.43878173828 1006.65838623047 999.616760253906 996.779541015625 995.29443359375 990.659851074219 986.409362792969 984.299926757812 987.362548828125 981.231567382812 984.706298828125 991.958190917969 988.881591796875 990.406555175781 972.758361816406 971.138305664062
998.044250488281 1002.89428710938 1003.03063964844 1014.14709472656 1009.18267822266 1002.40539550781 1014.01965332031 999.844909667969 1006.58557128906 1000.61004638672 999.792663574219 1013.74798583984 1013.53759765625 1019.70056152344 1018.23742675781 1019.72277832031 1022.5556640625 1032.52807617188 1033.64794921875 1049.73901367188 1054.56726074219 1062.23352050781 1063.95666503906 1063.107421875 1063.64294433594 1061.74145507812 1046.63952636719 1038.81665039062 1035.67333984375 1022.20648193359 1016.13916015625 1006.58410644531 989.55859375 997.75 989.895568847656 982.232360839844 975.493774414062 975.714416503906 983.295166015625 984.840209960938 974.35498046875 981.91455078125 979.040222167969 977.977172851562 974.603515625 973.799743652344
995.55322265625 1003.47705078125 1006.59143066406 1008.24127197266 1008.65405273438 1012.18499755859 1003.89825439453 999.068969726562 1007.00775146484 1012.53546142578 1000.90710449219 1010.00531005859 1014.13610839844 1018.06219482422 1021.39562988281 1021.06402587891 1034.95922851562 1047.33361816406 1039.95520019531 1041.47583007812 1047.01965332031 1060.45788574219 1059.52758789062 1067.14770507812 1073.08239746094 1056.49743652344 1060.06262207031 1046.79650878906 1036.57751464844 1022.85223388672 1008.69232177734 1010.58245849609 1001.86956787109 993.838745117188 985.7880859375 977.439758300781 975.520874023438 968.00927734375 976.004760742188 979.567932128906 980.056579589844 976.8388671875 967.5703125 967.980895996094 971.123779296875 970.073913574219
1004.68292236328 1003.48950195312 1005.55096435547 1009.11968994141 1011.62817382812 1015.92712402344 1008.62530517578 1015.68511962891 1015.30749511719 1017.31408691406 1017.08508300781 1010.30670166016 1015.39196777344 1025.609375 1030.25122070312 1038.92687988281 1044.23571777344 1051.91064453125 1048.25659179688 1050.67810058594 1052.89208984375 1048.99035644531 1069.53332519531 1068.04223632812 1070.96154785156 1060.48596191406 1048.10888671875 1055.64855957031 1035.47644042969 1033.10607910156 1019.22900390625 1018.03381347656 1010.91833496094 1008.92517089844 993.143981933594 984.602478027344 976.76611328125 972.697631835938 979.097717285156 980.607360839844 978.595275878906 981.257751464844 975.627502441406 968.862854003906 966.183898925781 969.401733398438
1010.01715087891 1004.85595703125 1001.68853759766 1006.38336181641 1012.68353271484 1015.21301269531 1016.33843994141 1024.60925292969 1029.06628417969 1027.67846679688 1027.298828125 1022.92266845703 1022.33618164062 1027.71276855469 1036.70642089844 1042.44604492188 1041.59008789062 1050.48156738281 1052.7578125 1054.19311523438 1055.01037597656 1055.38305664062 1059.14611816406 1059.595703125 1061.18774414062 1054.57763671875 1052.95263671875 1053.69873046875 1038.29870605469 1034.98315429688 1026.15563964844 1024.61547851562 1017.56634521484 1011.74188232422 1003.88348388672 988.676086425781 982.684936523438 984.442443847656 980.993286132812 981.664367675781 979.720458984375 978.601623535156 970.132446289062 965.7900390625 966.603393554688 975.244506835938
1012.31414794922 998.667236328125 1000.24377441406 1009.21173095703 1014.51843261719 1016.58581542969 1018.70031738281 1025.78515625 1020.81848144531 1024.18176269531 1026.36120605469 1019.2392578125 1027.16748046875 1036.21081542969 1035.248046875 1045.72900390625 1047.36218261719 1052.71069335938 1046.27526855469 1053.93078613281 1052.64331054688 1046.4658203125 1059.43981933594 1062.07287597656 1063.00891113281 1059.19140625 1049.21728515625 1044.1630859375 1036.50537109375 1032.20886230469 1021.43957519531 1014.18157958984 1023.94982910156 1015.12145996094 1003.51672363281 994.133422851562 995.070861816406 988.809875488281 989.949584960938 987.758605957031 978.392456054688 981.198791503906 972.377685546875 963.732177734375 964.597290039062 969.228210449219
1003.49383544922 1010.27288818359 1008.46856689453 1010.78753662109 1015.50402832031 1012.76953125 1017.23626708984 1015.01818847656 1024.51342773438 1021.109375 1031.07629394531 1026.73803710938 1022.21423339844 1028.92138671875 1034.77770996094 1038.9833984375 1054.31530761719 1051.43286132812 1051.84704589844 1047.74084472656 1047.61340332031 1057.521484375 1056.93859863281 1058.54541015625 1058.81591796875 1053.44189453125 1049.896484375 1039.03979492188 1044.36853027344 1034.07104492188 1025.32739257812 1029.04772949219 1023.42437744141 1010.34454345703 1005.71020507812 998.818542480469 994.705322265625 994.688903808594 995.065124511719 988.157897949219 975.290649414062 989.076538085938 976.107482910156 974.579833984375 971.003173828125 967.283630371094
1018.20776367188 1013.21990966797 1017.38323974609 1013.44201660156 1018.47076416016 1014.93939208984 1023.80877685547 1026.96215820312 1020.53955078125 1023.28619384766 1039.00341796875 1032.30126953125 1029.55090332031 1025.50793457031 1035.3935546875 1028.72009277344 1041.927734375 1047.83081054688 1039.77673339844 1047.74401855469 1047.55908203125 1050.88195800781 1054.54064941406 1058.53369140625 1052.61633300781 1060.89953613281 1048.80554199219 1047.2529296875 1041.18981933594 1036.51904296875 1034.22973632812 1036.09289550781 1026.95446777344 1013.79010009766 1011.23931884766 1001.44610595703 1004.25067138672 998.410095214844 999.460998535156 995.723266601562 986.584716796875 979.515930175781 977.765380859375 979.30419921875 974.059997558594 973.518981933594
1012.78363037109 1016.10791015625 1018.65301513672 1005.32385253906 1010.16931152344 1018.08129882812 1030.72351074219 1033.25842285156 1018.93927001953 1025.68225097656 1034.91516113281 1035.70666503906 1041.03637695312 1037.12170410156 1029.79895019531 1030.28503417969 1027.99462890625 1044.1396484375 1042.01647949219 1044.78002929688 1044.11291503906 1046.8056640625 1052.84753417969 1053.44140625 1054.56921386719 1055.37426757812 1050.10131835938 1054.95239257812 1041.04821777344 1032.5546875 1035.79272460938 1032.52075195312 1029.03198242188 1027.14038085938 1010.70874023438 1008.69378662109 999.527282714844 1004.59783935547 996.122314453125 995.361389160156 983.457580566406 988.757873535156 983.270080566406 979.4775390625 977.475463867188 974.101318359375
1012.45324707031 1016.03546142578 1009.8095703125 1015.53497314453 1011.82244873047 1020.90759277344 1036.04284667969 1040.43762207031 1027.20971679688 1027.36145019531 1022.59143066406 1036.4775390625 1037.28527832031 1027.31274414062 1022.31658935547 1031.70129394531 1037.00427246094 1043.13537597656 1044.80493164062 1044.66479492188 1043.58032226562 1044.05285644531 1052.873046875 1054.95922851562 1041.435546875 1045.00134277344 1049.53674316406 1054.19323730469 1041.63659667969 1036.5625 1034.62634277344 1031.07446289062 1022.18255615234 1016.36499023438 1012.64227294922 1009.04461669922 1005.251953125 996.173156738281 988.117736816406 982.02783203125 978.12255859375 976.46826171875 981.654296875 975.391174316406 976.404846191406 970.478881835938
1014.42620849609 1019.75891113281 1013.08337402344 1025.67456054688 1028.22717285156 1022.16259765625 1038.150390625 1035.38024902344 1029.89489746094 1029.16259765625 1026.39807128906 1028.984375 1030.28076171875 1035.85815429688 1024.35900878906 1024.9853515625 1032.0908203125 1037.91296386719 1039.484375 1041.82104492188 1043.77404785156 1046.24792480469 1041.67541503906 1044.50354003906 1041.85961914062 1037.77990722656 1047.29211425781 1043.14404296875 1031.06921386719 1033.44360351562 1022.26812744141 1030.83666992188 1026.92443847656 1013.97760009766 1014.46362304688 1010.40844726562 994.09521484375 995.672546386719 990.534790039062 977.967346191406 978.433227539062 972.204467773438 973.951354980469 968.480895996094 974.719909667969 968.001525878906
1016.84783935547 1023.166015625 1026.55407714844 1029.0927734375 1028.22436523438 1031.99291992188 1042.61242675781 1046.46008300781 1039.03344726562 1033.19616699219 1026.74157714844 1031.34899902344 1020.82873535156 1029.66687011719 1027.53881835938 1022.18249511719 1029.10754394531 1030.96533203125 1038.03723144531 1045.54663085938 1047.74523925781 1043.42639160156 1038.92944335938 1041.48205566406 1041.71447753906 1037.75158691406 1038.12487792969 1042.52380371094 1029.10620117188 1026.6904296875 1021.82781982422 1021.71337890625 1018.81658935547 1018.97369384766 1014.86199951172 1003.87811279297 996.482788085938 994.407653808594 992.722595214844 979.095886230469 977.018493652344 974.552673339844 969.291198730469 973.905944824219 963.524841308594 961.148742675781
1019.63366699219 1029.63928222656 1035.0595703125 1037.21899414062 1029.97180175781 1039.54797363281 1040.97131347656 1051.74938964844 1041.63391113281 1035.345703125 1036.70397949219 1037.57775878906 1033.740234375 1031.49877929688 1032.59594726562 1036.97485351562 1031.69116210938 1026.56335449219 1032.41174316406 1038.85864257812 1040.09204101562 1048.484375 1050.37670898438 1044.841796875 1030.04858398438 1029.72595214844 1026.22741699219 1033.77893066406 1031.26623535156 1025.17614746094 1024.20751953125 1031.54443359375 1014.97442626953 1009.96728515625 1013.70141601562 1006.60827636719 1001.29675292969 987.381958007812 985.876586914062 978.625244140625 972.10302734375 970.180725097656 967.963317871094 965.191772460938 962.922973632812 961.277709960938
1019.08734130859 1025.19787597656 1032.46374511719 1042.48071289062 1040.60681152344 1040.11242675781 1046.98901367188 1048.82629394531 1037.50732421875 1035.46020507812 1035.86145019531 1040.78735351562 1041.82153320312 1043.46240234375 1052.23974609375 1041.5966796875 1032.91552734375 1024.07092285156 1028.49108886719 1042.89526367188 1053.10314941406 1061.54309082031 1057.8466796875 1052.484375 1037.814453125 1025.09191894531 1026.15014648438 1026.013671875 1026.84387207031 1027.15393066406 1023.23492431641 1020.14959716797 1018.10144042969 1013.22937011719 1007.64801025391 1005.47259521484 999.52294921875 992.332702636719 986.505310058594 981.758728027344 970.701232910156 965.314270019531 971.002136230469 961.351684570312 960.807495117188 959.090881347656
1019.92309570312 1033.41857910156 1041.36413574219 1041.58117675781 1045.90466308594 1038.28515625 1041.95544433594 1048.20043945312 1041.69848632812 1049.44396972656 1047.73217773438 1053.07727050781 1054.31970214844 1056.189453125 1058.43823242188 1048.80969238281 1043.94921875 1029.08361816406 1029.5927734375 1045.2978515625 1061.05261230469 1060.8056640625 1051.33654785156 1041.4521484375 1030.0791015625 1024.78308105469 1018.96850585938 1026.77038574219 1021.46429443359 1017.78192138672 1014.43615722656 1018.36846923828 1009.15277099609 1009.98510742188 1002.94372558594 999.500427246094 1009.48675537109 985.60546875 991.085266113281 980.653930664062 973.594116210938 972.010986328125 977.158996582031 963.28759765625 957.526489257812 960.323425292969
1017.74731445312 1034.22448730469 1037.70825195312 1043.6240234375 1052.95874023438 1047.81896972656 1043.63403320312 1058.41430664062 1058.98010253906 1055.38439941406 1059.55895996094 1066.73278808594 1069.10827636719 1065.13220214844 1062.67358398438 1054.38854980469 1052.05407714844 1048.18957519531 1054.091796875 1063.25805664062 1052.7109375 1052.12133789062 1040.69226074219 1037.12353515625 1023.00250244141 1026.10778808594 1024.90991210938 1020.01348876953 1017.05767822266 1014.28186035156 1008.35223388672 1011.64666748047 1012.33148193359 1007.9296875 1010.54583740234 1003.84692382812 1000.16522216797 986.242004394531 984.291137695312 976.348266601562 973.897705078125 976.993408203125 975.231811523438 968.939575195312 967.720947265625 960.263610839844
