data/zlatibor_dem_simulations/DEMsim28.asc
NCOLS 150
NROWS 100
XLLCORNER 7394249
YLLCORNER 4841999
CELLSIZE 30
NODATA_VALUE -9999
[rows 60 to 79 of 100, columns 0 to 45 of 150]
963.074523925781 962.940673828125 959.737182617188 957.859069824219 959.685485839844 966.707824707031 964.881286621094 968.291809082031 956.400634765625 960.276062011719 954.608032226562 962.19189453125 965.18115234375 960.557250976562 964.194152832031 967.691772460938 961.7900390625 953.45654296875 955.488586425781 952.169006347656 948.921569824219 948.658569335938 955.959411621094 954.785522460938 964.97705078125 961.00634765625 958.381042480469 948.174987792969 942.319763183594 948.58984375 949.166748046875 938.809875488281 956.484680175781 950.813171386719 949.840209960938 948.87939453125 953.607238769531 950.181030273438 956.448303222656 951.156311035156 952.753845214844 951.742919921875 959.052978515625 955.9306640625 959.761535644531 962.919250488281
960.5419921875 955.426330566406 953.83837890625 956.488464355469 956.806823730469 958.835693359375 964.497619628906 967.18212890625 966.492614746094 959.511047363281 955.925354003906 957.036010742188 963.529235839844 957.538269042969 954.937622070312 963.430358886719 971.215209960938 960.916076660156 954.32763671875 952.118835449219 948.236999511719 952.131164550781 952.673828125 953.854736328125 966.026489257812 958.57421875 952.360046386719 948.830444335938 941.620910644531 943.347045898438 946.524169921875 953.134094238281 955.830017089844 952.982177734375 953.495239257812 956.559265136719 948.593933105469 951.000854492188 955.118103027344 952.689453125 948.981018066406 953.955444335938 959.347717285156 957.839416503906 948.470581054688 950.52099609375
964.426574707031 960.879577636719 951.77978515625 956.795959472656 954.907409667969 961.481994628906 968.20849609375 960.89501953125 967.633728027344 962.501037597656 958.419677734375 960.372253417969 959.944152832031 957.761535644531 955.098327636719 960.399597167969 958.534912109375 953.388610839844 950.458190917969 948.713439941406 943.755798339844 947.529968261719 948.626892089844 960.340881347656 951.713256835938 950.690368652344 944.596862792969 943.599426269531 932.132507324219 938.073059082031 945.365051269531 942.599670410156 954.679443359375 956.945678710938 955.320983886719 955.707824707031 949.297607421875 954.799377441406 957.361877441406 946.729370117188 946.156799316406 952.176147460938 949.268371582031 947.547607421875 947.511901855469 942.096618652344
971.113525390625 959.490051269531 953.846069335938 953.003540039062 948.274536132812 956.279235839844 961.809020996094 961.6611328125 962.333740234375 959.477783203125 965.410827636719 955.63623046875 955.982421875 951.900207519531 954.800476074219 947.818603515625 956.669311523438 955.403625488281 952.681640625 941.285827636719 933.6533203125 945.222351074219 942.253784179688 952.143249511719 946.41796875 947.497863769531 931.09716796875 928.28271484375 933.397583007812 932.654724121094 939.25244140625 950.976501464844 952.10791015625 957.949035644531 951.975524902344 954.175659179688 949.767639160156 955.075622558594 951.316040039062 956.120788574219 949.671569824219 954.447326660156 953.638854980469 947.345153808594 948.005004882812 944.074096679688
961.470642089844 958.689758300781 961.28466796875 952.302917480469 953.039245605469 951.074951171875 957.230529785156 958.853332519531 962.663452148438 966.099060058594 967.154235839844 956.246459960938 948.680847167969 951.855346679688 947.650451660156 949.031616210938 945.254150390625 950.346984863281 957.621765136719 949.40185546875 949.229370117188 941.251159667969 937.745056152344 943.709228515625 950.713806152344 942.113464355469 934.471557617188 933.477783203125 937.378784179688 923.852600097656 937.412109375 943.073608398438 957.163635253906 946.178955078125 947.44921875 949.961853027344 955.515197753906 949.546081542969 951.655822753906 954.796569824219 955.800109863281 953.461120605469 960.932495117188 951.765686035156 948.042785644531 954.035461425781
956.575378417969 953.312438964844 962.237976074219 962.894592285156 952.116943359375 948.765625 956.275817871094 949.035034179688 956.950134277344 957.301574707031 957.89599609375 957.215637207031 949.775207519531 948.5048828125 942.595825195312 937.247741699219 947.433166503906 951.490112304688 951.611389160156 954.05908203125 948.763488769531 947.504760742188 952.946411132812 945.067321777344 945.722351074219 943.064270019531 942.215515136719 941.006713867188 943.429016113281 942.500183105469 945.837707519531 950.992797851562 952.680725097656 949.305053710938 949.948425292969 948.402038574219 961.976501464844 962.959045410156 954.268493652344 960.823486328125 963.6533203125 956.192993164062 962.583801269531 959.108825683594 951.025573730469 952.074096679688
965.162963867188 951.720092773438 946.788757324219 950.355346679688 953.139404296875 954.434265136719 955.997253417969 950.689086914062 944.843811035156 947.108520507812 950.942260742188 953.918701171875 951.235717773438 940.255676269531 946.066772460938 939.767578125 942.061401367188 944.336364746094 943.264465332031 943.998229980469 950.649108886719 955.117065429688 949.619445800781 943.321044921875 954.101501464844 947.495788574219 940.974975585938 946.066345214844 947.482116699219 951.515930175781 961.286437988281 959.731018066406 958.141174316406 957.185119628906 951.945373535156 956.013305664062 956.82666015625 959.355102539062 964.630920410156 966.708190917969 964.422729492188 957.834167480469 962.945556640625 967.893005371094 964.44921875 964.017395019531
964.260192871094 957.43701171875 952.135925292969 946.926879882812 949.05126953125 952.723388671875 951.723693847656 941.627990722656 939.5322265625 944.858337402344 944.32958984375 941.871215820312 939.291015625 933.011291503906 941.860595703125 942.462463378906 942.295104980469 946.061462402344 949.311950683594 951.704833984375 947.741149902344 957.845581054688 951.261840820312 950.399108886719 953.217346191406 953.555053710938 952.942321777344 953.518005371094 955.9599609375 961.689025878906 967.935302734375 959.775268554688 958.460632324219 956.752624511719 943.258666992188 948.958557128906 947.633544921875 954.503845214844 963.728942871094 961.899291992188 964.286865234375 969.024597167969 967.975219726562 970.122192382812 969.167053222656 976.574157714844
957.313415527344 954.970397949219 949.455200195312 949.891967773438 941.172668457031 937.956665039062 936.417297363281 933.199890136719 937.5615234375 932.9755859375 933.232482910156 942.01904296875 943.932556152344 944.504760742188 952.171142578125 946.885620117188 949.827026367188 952.728332519531 954.259582519531 962.385070800781 963.653869628906 953.019836425781 960.345336914062 954.15771484375 962.015991210938 959.821105957031 958.802368164062 960.809204101562 963.83251953125 965.82861328125 967.770080566406 971.15771484375 951.918029785156 951.459350585938 951.351745605469 951.09326171875 953.264892578125 960.234741210938 964.465454101562 963.351013183594 964.091125488281 961.948059082031 959.755554199219 974.20458984375 973.969482421875 985.185302734375
955.455749511719 956.844116210938 954.104309082031 946.908508300781 938.134521484375 934.404235839844 929.598388671875 938.687133789062 936.301147460938 936.38916015625 935.143920898438 938.786499023438 954.084777832031 950.173706054688 960.497131347656 956.510437011719 944.183654785156 950.060302734375 965.630737304688 963.594116210938 969.441711425781 958.122924804688 968.610229492188 966.081237792969 964.378479003906 960.500854492188 959.951293945312 960.404052734375 963.233520507812 958.262145996094 971.408813476562 965.804016113281 954.53076171875 954.058959960938 957.63427734375 959.272644042969 964.161560058594 963.11962890625 960.713562011719 961.773193359375 962.214538574219 957.853149414062 963.723876953125 970.466979980469 968.343505859375 967.627075195312
952.030456542969 947.774719238281 942.533935546875 950.490417480469 946.476928710938 935.958435058594 938.734191894531 934.734069824219 939.505737304688 949.615417480469 952.900146484375 955.518127441406 958.157409667969 961.622680664062 964.186645507812 960.667053222656 950.545654296875 951.764343261719 964.133178710938 963.038635253906 967.61328125 962.902404785156 961.264404296875 960.628662109375 958.427673339844 960.274658203125 967.441101074219 960.638916015625 965.230285644531 961.273864746094 961.11572265625 962.316467285156 960.158630371094 959.420471191406 959.185485839844 957.688293457031 959.257385253906 964.022155761719 962.257507324219 968.175598144531 964.051391601562 972.456787109375 967.252197265625 968.94873046875 973.788940429688 971.781616210938
945.741149902344 937.496337890625 942.926025390625 950.782897949219 942.523315429688 938.184631347656 934.322692871094 938.259094238281 939.9189453125 945.371765136719 957.392761230469 959.823913574219 974.513732910156 975.18408203125 975.497497558594 972.289367675781 960.057189941406 959.667297363281 961.595642089844 963.513244628906 966.645874023438 952.346618652344 965.501831054688 971.41650390625 963.0634765625 960.481079101562 975.489685058594 973.869934082031 969.416748046875 966.741821289062 961.744323730469 964.40869140625 961.614807128906 965.160339355469 961.579650878906 971.257202148438 964.6240234375 964.026550292969 961.109741210938 972.281921386719 971.750061035156 975.048828125 980.097900390625 977.975952148438 973.74462890625 987.558654785156
934.108642578125 930.043334960938 944.236633300781 937.056884765625 936.803588867188 930.947631835938 934.890869140625 940.260437011719 945.745361328125 947.46484375 958.364440917969 971.292358398438 973.588806152344 978.002075195312 988.193054199219 971.214111328125 960.8935546875 973.355163574219 967.404907226562 963.256713867188 959.918762207031 960.2919921875 962.825927734375 976.975830078125 968.411865234375 970.579650878906 977.582824707031 970.639465332031 966.415405273438 963.667053222656 958.070495605469 960.312561035156 957.119384765625 962.792114257812 964.695739746094 973.005493164062 971.415466308594 967.897094726562 976.601928710938 976.758728027344 977.022766113281 988.0693359375 980.841003417969 987.220336914062 982.940490722656 992.542846679688
935.830627441406 936.429931640625 926.313415527344 926.8857421875 928.525146484375 933.921997070312 932.771789550781 939.696899414062 948.9892578125 952.155944824219 955.086547851562 959.492980957031 975.751342773438 982.621459960938 981.654479980469 976.554931640625 974.006286621094 966.17626953125 967.828674316406 966.63525390625 966.438171386719 968.252197265625 972.157836914062 969.534423828125 978.984924316406 976.390991210938 971.455871582031 974.296813964844 966.343017578125 962.091735839844 964.195068359375 961.451477050781 960.900756835938 966.723083496094 976.283813476562 976.845886230469 978.969421386719 978.331481933594 978.133239746094 981.7470703125 988.823669433594 995.783630371094 990.16796875 992.884216308594 994.537292480469 991.613037109375
935.871948242188 933.467651367188 924.463623046875 934.107666015625 938.877868652344 935.017333984375 935.104736328125 945.366455078125 944.221252441406 942.8935546875 946.97265625 956.996704101562 976.397155761719 977.942932128906 978.827514648438 971.579040527344 974.271484375 975.948547363281 976.653137207031 974.295227050781 967.609558105469 973.915283203125 967.300964355469 969.967346191406 975.713928222656 979.240600585938 978.785949707031 971.052856445312 972.777282714844 968.29736328125 959.236022949219 958.904602050781 964.390563964844 976.017333984375 981.12646484375 985.471252441406 983.108825683594 980.793762207031 983.408508300781 986.197082519531 996.941833496094 996.848449707031 998.658569335938 1008.77593994141 1007.31219482422 1002.83288574219
938.023010253906 940.009948730469 934.913330078125 936.904541015625 942.143432617188 940.345397949219 939.934265136719 942.235473632812 945.038818359375 948.948608398438 957.578918457031 965.408935546875 979.130065917969 965.888549804688 971.3076171875 973.104248046875 970.213256835938 977.492004394531 985.560180664062 983.064575195312 981.479064941406 980.039001464844 975.063354492188 971.249328613281 974.153991699219 978.308715820312 982.347717285156 976.400634765625 973.84130859375 970.71142578125 967.615112304688 975.457702636719 973.354736328125 976.466125488281 985.908386230469 975.267150878906 991.25830078125 990.889465332031 982.320739746094 995.470092773438 994.213012695312 997.851501464844 1003.29608154297 1010.33416748047 1011.12902832031 1017.67236328125
937.729064941406 947.781677246094 939.335327148438 933.602172851562 943.228393554688 944.086669921875 941.028564453125 934.559204101562 940.569641113281 948.747619628906 960.028747558594 963.896301269531 967.105773925781 968.889221191406 971.310180664062 976.429626464844 971.539306640625 978.028686523438 990.195739746094 991.947448730469 985.107543945312 980.828369140625 992.521179199219 988.4921875 992.06494140625 993.612609863281 994.907836914062 991.177062988281 983.132385253906 992.597717285156 985.448303222656 980.322937011719 984.914855957031 989.852355957031 986.993774414062 988.457336425781 992.86279296875 994.248901367188 998.930847167969 1000.65631103516 997.935546875 1002.70074462891 1004.75439453125 1016.97595214844 1016.92266845703 1021.50592041016
942.61328125 939.263061523438 931.353271484375 931.028442382812 934.44189453125 933.514282226562 939.669616699219 944.566040039062 943.691345214844 949.617980957031 950.149291992188 963.940734863281 968.08154296875 967.797302246094 977.064514160156 978.289855957031 977.632446289062 983.092590332031 989.128540039062 987.515380859375 991.327819824219 984.224243164062 991.992553710938 992.455871582031 988.134582519531 989.439880371094 996.173217773438 993.526245117188 994.387268066406 992.820678710938 987.878173828125 987.97216796875 988.132019042969 981.241333007812 981.9521484375 988.663513183594 987.468994140625 994.341796875 991.253234863281 997.470153808594 994.173706054688 1004.49682617188 1019.53967285156 1016.34185791016 1018.19366455078 1035.08679199219
939.65185546875 934.446899414062 930.453002929688 931.929565429688 936.498291015625 932.128234863281 938.173095703125 939.883483886719 939.782165527344 942.618347167969 962.231506347656 963.625854492188 970.850219726562 967.983032226562 973.356323242188 972.178100585938 978.484313964844 980.775695800781 980.242980957031 979.428100585938 985.389099121094 985.867248535156 990.201599121094 999.2158203125 994.096557617188 990.458618164062 992.685607910156 993.880310058594 994.351135253906 997.5791015625 988.369873046875 986.888732910156 987.067932128906 975.798828125 981.689025878906 988.001281738281 991.196960449219 988.79736328125 994.447937011719 993.206604003906 995.473327636719 1001.34124755859 1006.51037597656 1009.18835449219 1022.14447021484 1023.10345458984
955.61962890625 947.416320800781 938.250915527344 931.320251464844 938.577941894531 934.938903808594 934.103942871094 940.650695800781 942.530517578125 949.277099609375 964.654602050781 967.381286621094 972.02392578125 974.658264160156 973.688659667969 965.240661621094 971.364074707031 976.283203125 977.273010253906 978.525573730469 981.35205078125 987.442932128906 989.619079589844 994.238525390625 993.362365722656 993.005554199219 987.484375 984.962890625 992.969970703125 990.57421875 984.870300292969 978.875915527344 975.493957519531 980.893676757812 984.635986328125 984.739501953125 991.225280761719 991.399169921875 993.434326171875 994.530334472656 994.461853027344 1002.64923095703 1001.95135498047 1006.8955078125 1019.12927246094 1016.78967285156
