data/zlatibor_dem_simulations/DEMsim61.asc
NCOLS 150
NROWS 100
XLLCORNER 7394249
YLLCORNER 4841999
CELLSIZE 30
NODATA_VALUE -9999
[rows 60 to 79 of 100, columns 92 to 137 of 150]
976.403137207031 972.382873535156 974.29443359375 973.108764648438 973.949768066406 978.667236328125 975.956298828125 978.46728515625 979.495666503906 990.663818359375 989.67724609375 992.711791992188 995.124328613281 995.117248535156 988.878784179688 984.215698242188 989.177917480469 990.776611328125 988.749145507812 999.555786132812 996.097778320312 990.520629882812 1001.73522949219 1006.93634033203 1000.94183349609 1000.04217529297 1002.96063232422 1006.98260498047 1001.73150634766 1008.05377197266 1004.81378173828 1006.72552490234 1007.10272216797 1019.45281982422 1026.15588378906 1029.61254882812 1034.10803222656 1038.06042480469 1053.66638183594 1052.30786132812 1060.35009765625 1065.65771484375 1063.42761230469 1057.7265625 1067.81921386719 1059.31555175781
975.982604980469 975.909240722656 973.289367675781 977.518676757812 984.478881835938 981.336486816406 988.291259765625 987.096313476562 984.227844238281 985.945922851562 985.555053710938 990.831665039062 990.309265136719 991.925842285156 987.547912597656 987.356262207031 994.041748046875 990.861511230469 995.619445800781 1001.41448974609 998.965881347656 999.539306640625 1001.71527099609 998.912658691406 1017.67614746094 1009.67987060547 1004.13751220703 1012.75482177734 1000.21429443359 1001.36248779297 994.481750488281 1000.14190673828 1006.86657714844 1019.56219482422 1030.392578125 1031.40161132812 1034.81225585938 1034.43542480469 1038.60461425781 1044.37365722656 1049.44506835938 1051.91931152344 1055.43615722656 1051.12573242188 1062.58740234375 1046.46606445312
961.576721191406 969.77099609375 975.706176757812 986.334533691406 987.710021972656 985.927795410156 987.080383300781 989.08837890625 983.896118164062 978.810791015625 984.191833496094 984.918212890625 987.290649414062 982.425720214844 983.256164550781 987.674133300781 990.947814941406 991.205505371094 997.023681640625 1001.39508056641 999.071655273438 993.172424316406 1001.42858886719 1000.94555664062 1009.81048583984 1011.98931884766 1012.01098632812 1018.27941894531 1007.83874511719 1000.63171386719 994.86279296875 1006.08471679688 1020.43737792969 1025.50695800781 1022.96746826172 1033.32556152344 1031.44580078125 1030.3046875 1027.25329589844 1035.42016601562 1039.6337890625 1040.1611328125 1041.40563964844 1052.34265136719 1054.22253417969 1045.18017578125
969.3505859375 969.504272460938 975.567199707031 978.968811035156 986.092712402344 991.930114746094 987.023071289062 990.993530273438 985.026916503906 987.179321289062 993.671508789062 992.711486816406 989.045227050781 980.688232421875 990.335144042969 988.05859375 989.764709472656 988.345764160156 991.96337890625 1003.64715576172 999.941528320312 998.60693359375 998.334106445312 997.404174804688 1009.59112548828 1016.75305175781 1018.96478271484 1012.63458251953 1022.36224365234 1015.69287109375 1013.77197265625 1030.98962402344 1028.14208984375 1026.46374511719 1018.17834472656 1024.21875 1022.53137207031 1034.13452148438 1023.78961181641 1035.49938964844 1030.66857910156 1024.57421875 1033.1279296875 1049.69274902344 1046.34094238281 1047.94836425781
972.661499023438 972.151428222656 971.363647460938 971.608825683594 988.640808105469 997.613525390625 994.11865234375 989.754150390625 993.131774902344 998.673095703125 999.105773925781 991.921813964844 989.263732910156 985.964294433594 996.137084960938 993.028869628906 994.7265625 993.265869140625 995.650756835938 999.080871582031 1003.66571044922 996.354187011719 1001.25335693359 1004.85980224609 1016.68286132812 1022.92413330078 1033.29345703125 1021.39263916016 1021.39166259766 1021.35168457031 1010.71795654297 1017.07080078125 1029.53210449219 1021.83526611328 1023.73083496094 1022.62121582031 1027.08190917969 1025.32116699219 1021.20721435547 1022.16583251953 1022.62927246094 1034.08203125 1030.62927246094 1034.66125488281 1046.10681152344 1039.46936035156
977.413757324219 974.565795898438 980.11767578125 973.689331054688 997.675354003906 993.504516601562 994.786254882812 998.341552734375 992.027954101562 986.311645507812 994.884948730469 998.7294921875 984.571716308594 986.766784667969 991.567749023438 997.297424316406 999.708923339844 1003.77325439453 1000.83544921875 1002.09613037109 1006.93017578125 1011.26690673828 1012.29522705078 1012.06579589844 1016.66497802734 1032.36657714844 1032.08312988281 1019.07250976562 1021.33703613281 1021.13311767578 1015.3486328125 1015.99639892578 1017.40435791016 1018.80108642578 1022.13043212891 1020.52069091797 1012.56475830078 1019.70062255859 1023.48968505859 1012.76275634766 1026.32495117188 1031.41467285156 1025.99926757812 1022.04571533203 1034.78649902344 1037.91320800781
977.258911132812 974.711669921875 975.30517578125 982.262084960938 990.994079589844 988.96484375 995.951782226562 988.587097167969 982.777221679688 989.937927246094 1001.3603515625 999.751770019531 994.216491699219 996.473876953125 997.920349121094 994.452880859375 1002.05834960938 1008.81939697266 1000.63354492188 1003.7041015625 1009.04669189453 1009.74273681641 1008.68353271484 1021.55010986328 1025.9541015625 1025.97521972656 1037.35009765625 1031.92602539062 1035.36791992188 1029.287109375 1026.82312011719 1018.45690917969 1019.73870849609 1011.43481445312 1009.45416259766 1016.87725830078 1011.39440917969 1018.24737548828 1022.22186279297 1015.94342041016 1022.6162109375 1019.44573974609 1018.54089355469 1029.67858886719 1030.07470703125 1025.09228515625
976.208190917969 981.42041015625 980.005920410156 986.048522949219 992.942016601562 989.979858398438 999.720886230469 992.147827148438 991.216735839844 999.998657226562 997.603149414062 997.291870117188 997.667053222656 1001.98681640625 1004.65289306641 1004.97216796875 999.861328125 1004.52740478516 1002.15179443359 1001.34649658203 1008.35162353516 1008.05230712891 1008.94000244141 1019.39324951172 1027.61682128906 1032.76843261719 1040.75952148438 1038.17211914062 1031.06213378906 1022.08538818359 1022.42132568359 1027.13244628906 1016.56652832031 1011.13635253906 1006.5078125 1011.11346435547 1011.15295410156 1010.81329345703 1014.08020019531 1019.61413574219 1020.73413085938 1018.30822753906 1019.70794677734 1029.04309082031 1035.43444824219 1026.33264160156
977.492736816406 986.795349121094 985.54638671875 978.410278320312 990.530639648438 995.365051269531 996.853942871094 993.023742675781 1000.8115234375 1012.18792724609 999.612426757812 999.967041015625 990.795104980469 1004.333984375 1010.814453125 1005.02331542969 1003.48315429688 1000.40295410156 1001.82543945312 1012.22662353516 1009.78509521484 1008.78955078125 1012.80688476562 1018.47143554688 1020.70971679688 1025.14404296875 1035.60949707031 1034.35009765625 1039.36413574219 1039.67785644531 1035.88745117188 1034.74768066406 1025.09692382812 1023.67852783203 1014.31335449219 1016.34655761719 1006.83880615234 1002.10186767578 1005.6064453125 1008.9443359375 1016.20642089844 1013.24780273438 1018.28845214844 1022.44647216797 1024.73779296875 1021.82391357422
977.883850097656 980.040893554688 994.365661621094 983.062744140625 990.73291015625 993.388793945312 986.962158203125 985.427917480469 991.861267089844 997.586730957031 990.08251953125 989.785949707031 988.468811035156 1003.53552246094 1011.4375 1010.84564208984 1002.8203125 1009.35705566406 1015.38684082031 1021.06921386719 1017.78460693359 1011.40814208984 1014.72009277344 1022.61029052734 1026.02941894531 1028.54760742188 1032.017578125 1040.17419433594 1040.9072265625 1044.99609375 1045.01782226562 1038.83532714844 1029.68823242188 1026.853515625 1028.92639160156 1012.87933349609 1005.58111572266 993.716491699219 997.885864257812 1011.37396240234 1020.83966064453 1021.59478759766 1023.26507568359 1024.46740722656 1016.30316162109 1008.78796386719
982.475769042969 991.977111816406 987.220825195312 989.19580078125 995.278198242188 988.664306640625 994.557434082031 993.796875 993.34619140625 997.181518554688 982.821960449219 987.431518554688 989.010803222656 1004.1005859375 1009.65063476562 1014.72125244141 1013.86785888672 1009.03283691406 1016.64819335938 1021.76971435547 1012.89465332031 1011.59826660156 1007.07275390625 1020.07281494141 1026.3173828125 1027.84826660156 1036.55102539062 1039.91027832031 1047.30432128906 1039.50720214844 1040.00158691406 1031.37731933594 1029.17944335938 1030.255859375 1026.6044921875 1020.58557128906 1012.41925048828 1008.779296875 994.680908203125 1004.85858154297 1015.38818359375 1020.23107910156 1018.203125 1022.68414306641 1021.99005126953 1012.64349365234
985.186096191406 997.326232910156 996.969360351562 993.990966796875 999.848022460938 1000.40948486328 1003.69207763672 1007.55609130859 996.259033203125 983.410949707031 989.570617675781 992.987426757812 1000.19024658203 1010.81127929688 1014.43511962891 1007.49389648438 1007.71295166016 1010.76959228516 1009.31402587891 1021.20678710938 1022.21313476562 1018.76159667969 1020.19989013672 1028.43444824219 1030.1435546875 1030.63110351562 1042.78283691406 1050.30322265625 1051.77416992188 1045.90270996094 1049.12316894531 1035.52746582031 1026.21740722656 1026.47155761719 1020.97235107422 1019.93084716797 1025.96166992188 1009.49194335938 1003.23840332031 1001.82360839844 996.495910644531 1014.85314941406 1018.92901611328 1020.25238037109 1015.77008056641 1019.09167480469
981.431945800781 995.289978027344 999.80615234375 1003.48736572266 1000.76843261719 999.389709472656 1007.21911621094 1009.74926757812 997.434020996094 994.797302246094 992.661376953125 1000.38970947266 1003.05395507812 1015.03393554688 1013.93884277344 1008.89855957031 1011.01599121094 1014.74261474609 1013.11315917969 1024.76647949219 1031.7509765625 1025.55712890625 1026.21435546875 1032.50390625 1023.95489501953 1030.86303710938 1035.92907714844 1044.34997558594 1042.50207519531 1049.87121582031 1042.07189941406 1029.25817871094 1032.73596191406 1030.84594726562 1025.75842285156 1026.75231933594 1021.34765625 1008.68096923828 1002.25915527344 997.116943359375 1005.37646484375 1012.36224365234 1014.57824707031 1023.37219238281 1022.75543212891 1017.07019042969
987.344177246094 989.90869140625 998.828186035156 993.769226074219 997.753051757812 1002.55725097656 1003.34619140625 1000.79968261719 998.454284667969 1000.56060791016 1005.21356201172 1006.52624511719 1006.29241943359 1011.95349121094 1009.56579589844 1019.04516601562 1014.13537597656 1016.70538330078 1023.2021484375 1030.68139648438 1030.61291503906 1033.09289550781 1019.62164306641 1026.19079589844 1028.361328125 1033.29614257812 1035.1943359375 1036.07604980469 1048.42443847656 1048.19970703125 1044.58728027344 1034.5517578125 1023.89337158203 1027.30603027344 1023.23712158203 1021.43713378906 1018.57586669922 1006.07055664062 1004.50354003906 995.704833984375 1001.86859130859 1010.24981689453 1011.53082275391 1028.67028808594 1024.24645996094 1022.07781982422
982.637145996094 981.691284179688 988.911865234375 998.3330078125 997.654174804688 995.586975097656 1008.65252685547 1005.47442626953 1001.80932617188 1005.20446777344 1010.62066650391 1018.27886962891 1013.99340820312 1011.95404052734 1012.69604492188 1009.89477539062 1017.71508789062 1016.51763916016 1024.00891113281 1027.23425292969 1027.88745117188 1021.11773681641 1027.12658691406 1022.92529296875 1019.63537597656 1025.42138671875 1019.26922607422 1028.59704589844 1042.60510253906 1036.8134765625 1036.60021972656 1039.04309082031 1026.62133789062 1024.49169921875 1014.86663818359 1022.26934814453 1009.50518798828 1010.72912597656 1000.50775146484 998.275024414062 1004.46783447266 1006.30627441406 1018.94207763672 1021.43957519531 1026.65734863281 1025.38146972656
981.275451660156 978.554077148438 984.181518554688 999.863891601562 1005.02612304688 1000.94976806641 1007.47717285156 1004.82531738281 1004.18878173828 1001.73223876953 1006.11993408203 1003.49945068359 1019.11578369141 1020.33825683594 1017.11016845703 1010.21710205078 1024.36706542969 1027.43225097656 1032.30773925781 1035.84045410156 1029.98217773438 1023.66589355469 1021.99053955078 1022.32403564453 1014.76324462891 1012.06317138672 1021.33081054688 1023.11486816406 1024.8564453125 1026.25048828125 1021.65826416016 1019.88958740234 1022.03552246094 1016.35009765625 1019.53784179688 1016.36383056641 1001.05847167969 1005.53820800781 1004.01898193359 1009.62048339844 1015.79217529297 1019.82403564453 1016.52838134766 1019.33477783203 1012.1953125 1015.11120605469
985.357543945312 979.972778320312 987.541320800781 993.145080566406 997.885498046875 1000.15643310547 1005.07019042969 999.679504394531 1000.69403076172 998.705627441406 1005.35357666016 1010.50787353516 1019.37561035156 1023.89038085938 1012.47326660156 1015.51635742188 1029.24206542969 1031.93566894531 1030.13342285156 1029.44177246094 1035.66064453125 1024.39184570312 1020.72009277344 1022.95849609375 1014.25561523438 1019.75079345703 1017.79302978516 1019.54028320312 1011.97534179688 1013.61242675781 1007.4423828125 1008.03948974609 1013.55676269531 1019.13909912109 1015.84558105469 1018.72857666016 1000.62719726562 1005.16143798828 1007.18212890625 1009.69958496094 1015.72113037109 1015.34197998047 1007.67144775391 1011.05108642578 1017.47479248047 1013.82177734375
991.356506347656 986.877563476562 993.183288574219 987.984436035156 996.884704589844 997.687805175781 1000.29962158203 998.740295410156 998.182006835938 1003.26947021484 1007.173828125 1013.68670654297 1016.30932617188 1012.98901367188 1020.54675292969 1022.40423583984 1022.72406005859 1034.69763183594 1027.97424316406 1024.57543945312 1030.34143066406 1024.51538085938 1022.68579101562 1020.75396728516 1020.85296630859 1019.55200195312 1013.82012939453 1004.44140625 1001.56079101562 1001.09466552734 999.836181640625 1005.73858642578 1005.51300048828 1009.72406005859 1007.82678222656 1011.72711181641 1008.65521240234 1005.05511474609 1009.35137939453 999.952209472656 1003.73211669922 1007.84796142578 1004.95513916016 998.633728027344 1005.25592041016 1007.63677978516
990.763732910156 992.967407226562 994.141540527344 988.718627929688 989.888671875 1002.18713378906 997.190063476562 1002.19110107422 1005.38616943359 1012.36889648438 1014.27593994141 1022.31231689453 1025.15844726562 1023.62573242188 1020.31982421875 1032.57348632812 1037.22790527344 1031.49084472656 1034.34069824219 1029.45922851562 1033.0810546875 1029.18884277344 1027.26538085938 1024.26928710938 1015.18328857422 1014.35925292969 1011.35229492188 1005.84252929688 1000.79309082031 991.473205566406 996.615966796875 999.933532714844 997.23193359375 1010.05297851562 1021.42193603516 1015.07525634766 1007.31652832031 1002.14001464844 994.781799316406 995.518737792969 1004.56207275391 999.691223144531 1006.68438720703 1001.17102050781 1001.27947998047 1012.49359130859
995.116271972656 990.654663085938 995.491821289062 994.802551269531 994.03515625 1003.12219238281 997.998840332031 996.067443847656 999.712280273438 1004.22601318359 1011.93267822266 1010.54925537109 1012.52783203125 1023.60150146484 1027.38110351562 1029.4541015625 1043.94982910156 1035.28063964844 1039.82141113281 1033.78894042969 1031.47326660156 1040.64184570312 1039.18103027344 1028.22973632812 1020.15765380859 1019.33001708984 1012.42254638672 1006.05712890625 1002.8115234375 1001.90893554688 997.367065429688 994.377258300781 998.937622070312 1002.43145751953 1011.10131835938 1007.9853515625 1006.31311035156 1000.87719726562 994.121826171875 994.005065917969 997.174743652344 995.479187011719 995.3740234375 1007.64788818359 1008.54620361328 1010.28717041016
