data/zlatibor_dem_simulations/DEMsim14.asc
NCOLS 150
NROWS 100
XLLCORNER 7394249
YLLCORNER 4841999
CELLSIZE 30
NODATA_VALUE -9999
[rows 40 to 59 of 100, columns 0 to 45 of 150]
934.9931640625 942.424377441406 952.659240722656 958.657897949219 955.0146484375 955.67626953125 964.688354492188 960.009582519531 953.1962890625 964.156982421875 962.363403320312 973.943359375 971.108215332031 972.637145996094 976.692504882812 975.72119140625 980.981323242188 972.830444335938 978.679870605469 982.917907714844 986.243774414062 990.536010742188 989.828674316406 980.976318359375 977.431030273438 964.473754882812 978.552062988281 981.261535644531 977.218688964844 981.764892578125 975.374328613281 972.883117675781 978.231994628906 977.463134765625 981.446594238281 984.483215332031 991.387145996094 982.482727050781 980.027709960938 977.185363769531 973.089233398438 966.742126464844 974.197387695312 978.655883789062 980.830322265625 977.788269042969
940.471801757812 950.229248046875 948.105834960938 946.358520507812 949.670043945312 954.262084960938 954.482360839844 957.2666015625 957.130798339844 961.044067382812 960.068969726562 966.773864746094 980.144775390625 975.886596679688 970.534362792969 975.548583984375 976.393859863281 972.296020507812 979.406921386719 983.688354492188 989.391784667969 986.35205078125 977.602783203125 973.869995117188 967.903076171875 965.217407226562 973.74560546875 977.427795410156 973.897338867188 980.747375488281 977.457153320312 979.268615722656 983.009460449219 985.187561035156 986.649230957031 989.444641113281 985.541931152344 978.873657226562 976.360107421875 973.606079101562 978.209716796875 963.420837402344 973.069580078125 974.51220703125 978.930419921875 976.866943359375
939.636047363281 951.52001953125 958.522888183594 948.704528808594 943.191711425781 945.287902832031 949.979187011719 949.268920898438 947.220764160156 954.984680175781 961.537292480469 968.405944824219 977.406860351562 978.347839355469 972.653137207031 969.974182128906 972.006652832031 977.317749023438 979.168334960938 984.291015625 987.39453125 982.469177246094 968.909301757812 971.495361328125 968.965209960938 973.440856933594 974.097900390625 977.69091796875 976.09375 983.200012207031 977.226928710938 975.434326171875 983.633972167969 984.6337890625 986.441040039062 985.754089355469 975.986877441406 975.649353027344 973.562805175781 973.47216796875 976.751831054688 968.35107421875 967.560668945312 970.161071777344 975.856323242188 975.605834960938
944.668029785156 951.593811035156 959.508239746094 950.916137695312 952.446838378906 954.169677734375 947.901123046875 940.419250488281 947.214721679688 960.654235839844 975.803039550781 972.708618164062 972.862426757812 976.403747558594 982.848327636719 979.264526367188 966.141845703125 975.9892578125 976.027648925781 977.878234863281 975.843383789062 978.166809082031 967.6611328125 965.770385742188 967.495849609375 966.706298828125 965.584228515625 975.492736816406 970.044067382812 968.192749023438 975.691162109375 981.101806640625 983.693420410156 981.390441894531 978.906494140625 976.774169921875 970.16064453125 975.946105957031 977.82666015625 973.876525878906 973.065734863281 972.656433105469 965.022705078125 971.440979003906 971.820373535156 976.071838378906
946.094360351562 946.896423339844 949.284423828125 954.078857421875 956.030700683594 954.649963378906 946.554809570312 945.911865234375 950.83837890625 964.319091796875 967.866027832031 975.267944335938 967.79638671875 973.914978027344 982.317321777344 982.760314941406 977.401916503906 982.715942382812 980.528625488281 969.789001464844 971.257263183594 976.155578613281 969.628234863281 967.879577636719 973.387573242188 970.795104980469 962.409973144531 976.002563476562 975.264831542969 972.24365234375 977.495239257812 969.9453125 971.99560546875 971.4462890625 971.869506835938 977.755432128906 974.371765136719 978.757019042969 970.29052734375 968.148315429688 972.029968261719 970.576538085938 967.910095214844 976.286560058594 971.628845214844 969.095642089844
951.554626464844 961.215759277344 953.489562988281 959.4638671875 962.314880371094 963.527221679688 952.381774902344 960.130554199219 956.427429199219 960.934753417969 964.094482421875 973.429077148438 977.303527832031 985.129699707031 980.822875976562 985.788513183594 976.972839355469 977.539672851562 967.642639160156 965.731506347656 978.866088867188 967.696533203125 962.330078125 975.126892089844 979.606384277344 966.373291015625 967.168334960938 970.21923828125 968.533203125 969.626342773438 970.642211914062 978.585388183594 977.816223144531 976.826721191406 973.741943359375 977.758666992188 967.774475097656 964.794250488281 972.837646484375 972.275939941406 964.939575195312 974.860656738281 972.130126953125 974.388549804688 969.282043457031 958.840209960938
950.563659667969 954.747131347656 964.582885742188 958.945861816406 960.111755371094 960.494018554688 964.493103027344 969.229187011719 961.850158691406 974.459533691406 970.067138671875 976.145874023438 982.345886230469 974.075622558594 970.311462402344 981.851989746094 981.522277832031 977.588317871094 978.337341308594 976.798583984375 972.892700195312 966.012268066406 974.825256347656 974.744567871094 974.902404785156 964.173522949219 965.263305664062 967.482360839844 966.897216796875 968.707763671875 973.434753417969 977.7294921875 979.600219726562 980.315673828125 977.732116699219 978.460510253906 963.671203613281 961.828918457031 968.591735839844 967.848327636719 954.89697265625 969.315368652344 967.04443359375 970.304931640625 965.439758300781 962.857299804688
955.447448730469 946.663330078125 957.682067871094 960.206665039062 963.017333984375 963.537536621094 970.242614746094 969.753662109375 973.541076660156 975.175109863281 974.840026855469 975.416870117188 981.961853027344 974.654724121094 978.047729492188 980.698669433594 984.214660644531 979.769714355469 977.141052246094 976.411560058594 972.426879882812 963.5751953125 973.774719238281 969.905090332031 964.534545898438 966.946899414062 965.067687988281 966.698364257812 967.175170898438 964.128967285156 969.311279296875 967.784301757812 972.5166015625 983.101684570312 979.896118164062 981.3193359375 974.422729492188 967.636413574219 967.894958496094 958.814025878906 952.496459960938 964.030700683594 962.115966796875 965.735534667969 969.225769042969 964.06103515625
953.123901367188 951.541809082031 948.419616699219 953.94677734375 958.084655761719 964.135070800781 966.638427734375 962.347839355469 973.885375976562 975.405456542969 973.923156738281 980.880737304688 981.979797363281 980.009338378906 971.859375 977.412048339844 980.541015625 975.789306640625 981.325988769531 975.904357910156 970.155395507812 964.457153320312 973.318176269531 965.767578125 957.576171875 965.000671386719 968.440795898438 968.558349609375 963.933532714844 952.545715332031 963.946899414062 970.727966308594 978.566772460938 978.117492675781 976.524597167969 977.032470703125 960.246643066406 958.6416015625 959.411926269531 965.257873535156 963.548645019531 962.350463867188 962.792663574219 967.859436035156 954.479919433594 961.526916503906
959.833068847656 952.427124023438 953.4375 955.643859863281 966.329284667969 965.3671875 960.165771484375 969.7880859375 976.5849609375 973.782409667969 963.653869628906 980.790649414062 977.297729492188 984.982849121094 969.187683105469 974.846801757812 984.567626953125 976.514831542969 962.354736328125 960.863952636719 970.449035644531 984.201965332031 973.191528320312 966.556640625 970.060852050781 966.286865234375 964.161560058594 953.960998535156 961.040222167969 965.709167480469 965.235229492188 969.897583007812 973.269653320312 977.641662597656 971.634216308594 971.083679199219 963.309448242188 958.161254882812 958.197448730469 957.722290039062 959.765625 959.688842773438 964.091735839844 959.725402832031 944.122009277344 955.869934082031
957.143005371094 960.419311523438 957.737915039062 963.302612304688 962.442321777344 971.84033203125 961.888061523438 965.223815917969 970.850402832031 968.526550292969 968.443115234375 986.127075195312 984.798217773438 979.684753417969 977.248901367188 972.62353515625 972.968383789062 972.604614257812 964.040771484375 961.820007324219 976.34326171875 975.760437011719 975.764404296875 971.322082519531 968.569458007812 961.323181152344 959.128173828125 955.844909667969 960.054809570312 970.584838867188 976.987670898438 969.53369140625 959.3330078125 963.877624511719 962.422302246094 963.4462890625 963.484497070312 956.047973632812 967.244506835938 964.161499023438 962.861999511719 963.1005859375 965.777160644531 959.139221191406 968.073364257812 960.765075683594
957.03369140625 957.738098144531 957.792236328125 963.9091796875 967.082458496094 968.308715820312 957.918151855469 973.222900390625 978.323913574219 968.222961425781 974.798034667969 979.497680664062 985.391662597656 980.493835449219 976.819763183594 973.620727539062 983.5078125 978.721313476562 968.353332519531 964.998474121094 970.198303222656 968.249938964844 969.662780761719 973.455383300781 958.914916992188 956.831726074219 960.3134765625 959.258056640625 961.001281738281 972.288818359375 976.656433105469 967.767211914062 964.569702148438 965.354125976562 966.4267578125 963.571166992188 966.022338867188 960.886596679688 958.013732910156 960.620483398438 958.221313476562 958.206909179688 954.883178710938 959.175109863281 965.080810546875 971.727111816406
960.058715820312 959.57275390625 959.768981933594 962.555053710938 976.114074707031 968.929565429688 965.783996582031 968.909118652344 981.028686523438 976.71875 977.169006347656 977.946594238281 981.416687011719 974.800048828125 980.076110839844 972.924682617188 972.583190917969 975.966613769531 970.809020996094 965.201293945312 968.84033203125 967.909057617188 975.29736328125 966.241455078125 960.62646484375 959.969543457031 961.572814941406 963.4423828125 965.03466796875 975.502502441406 969.490356445312 965.090637207031 965.279235839844 974.704345703125 976.225646972656 965.399047851562 956.713012695312 968.658325195312 963.609497070312 957.895141601562 956.746704101562 952.235595703125 949.019165039062 955.783203125 966.119201660156 964.069885253906
955.633483886719 960.178344726562 958.044555664062 960.521057128906 971.777893066406 975.390869140625 973.687927246094 971.515808105469 979.892211914062 991.320251464844 985.112243652344 978.029296875 976.675415039062 970.272888183594 973.592407226562 972.554809570312 968.476989746094 970.211486816406 969.409118652344 965.485412597656 964.406616210938 969.567932128906 970.210083007812 963.453063964844 959.75244140625 958.455322265625 963.426818847656 961.002868652344 962.972045898438 975.276184082031 970.719116210938 965.421936035156 965.497924804688 963.794067382812 972.472778320312 968.666809082031 960.877197265625 965.283447265625 962.935180664062 954.477294921875 954.241638183594 952.865356445312 949.026306152344 952.956420898438 965.147155761719 956.114196777344
961.382202148438 962.885864257812 960.5615234375 961.49658203125 973.705017089844 969.920104980469 972.826782226562 968.22412109375 974.53759765625 990.100219726562 982.982421875 974.294494628906 975.021606445312 976.143615722656 973.480407714844 973.464782714844 966.047973632812 970.827392578125 973.353454589844 969.367492675781 965.579467773438 960.58837890625 961.918640136719 960.582946777344 959.68408203125 960.640808105469 965.895568847656 968.730712890625 967.543273925781 972.703735351562 967.590454101562 964.780456542969 965.969360351562 969.665283203125 968.419311523438 969.74609375 958.156982421875 958.805053710938 955.728393554688 950.218933105469 950.072937011719 955.8271484375 952.023254394531 958.723022460938 957.432067871094 956.249633789062
975.101501464844 972.242919921875 968.164794921875 966.359375 965.644226074219 971.45458984375 966.706481933594 961.467224121094 966.519714355469 976.664001464844 975.319519042969 969.462768554688 966.898315429688 969.477294921875 971.818481445312 965.144165039062 967.343811035156 973.222106933594 964.055480957031 963.546691894531 962.396423339844 954.018798828125 956.296325683594 957.492248535156 962.493408203125 967.588317871094 963.525512695312 958.7958984375 967.188537597656 961.968505859375 961.902770996094 964.534118652344 963.344421386719 967.262145996094 962.787048339844 965.889831542969 956.359252929688 958.429565429688 948.915588378906 952.481384277344 956.860778808594 954.356018066406 953.443725585938 953.565979003906 960.586608886719 952.4638671875
972.105590820312 975.738464355469 971.429138183594 971.951599121094 977.699584960938 970.605407714844 975.260192871094 975.193542480469 970.546997070312 970.121826171875 964.67333984375 971.464477539062 970.237548828125 968.673034667969 960.505737304688 967.661254882812 973.320068359375 972.846313476562 973.377563476562 965.645324707031 958.221374511719 953.061157226562 954.883544921875 961.410278320312 961.173461914062 960.073852539062 956.790222167969 964.549987792969 959.456115722656 955.357727050781 962.795593261719 955.690246582031 955.371032714844 965.958862304688 959.160278320312 964.206787109375 961.0888671875 957.015441894531 957.382263183594 960.420654296875 961.784301757812 950.543212890625 956.830383300781 960.009399414062 961.5869140625 951.870971679688
970.466796875 975.102294921875 970.61767578125 977.645568847656 971.973510742188 978.429870605469 964.958129882812 960.514404296875 968.351989746094 958.302795410156 957.039428710938 965.898620605469 963.624206542969 956.980834960938 949.102661132812 960.796203613281 975.253112792969 972.987182617188 973.467041015625 966.03125 964.419311523438 956.611389160156 958.408569335938 959.88671875 960.057983398438 951.481567382812 955.299926757812 952.312866210938 958.064392089844 952.584838867188 946.740051269531 948.349609375 960.139282226562 963.033752441406 956.344421386719 960.28173828125 957.572692871094 957.799255371094 949.5927734375 950.730834960938 956.723937988281 951.069519042969 951.816223144531 954.699279785156 951.9853515625 951.917175292969
978.687744140625 980.017883300781 973.592895507812 968.795593261719 964.378662109375 970.437255859375 964.58251953125 959.990783691406 963.025268554688 967.443298339844 961.530822753906 959.229919433594 953.381896972656 954.636901855469 953.1455078125 959.00390625 970.357971191406 972.300415039062 969.14501953125 971.263732910156 961.754821777344 966.329467773438 953.424255371094 957.814819335938 954.009338378906 949.703369140625 945.98388671875 945.755859375 948.392578125 944.757629394531 951.718627929688 949.894470214844 966.9150390625 966.402465820312 958.354187011719 964.163330078125 966.7763671875 960.650451660156 961.716918945312 957.898681640625 955.722106933594 954.760192871094 959.872131347656 950.456359863281 947.62255859375 946.297119140625
973.984008789062 977.107666015625 967.814270019531 970.682983398438 969.994140625 972.146362304688 972.887268066406 968.186401367188 977.958190917969 967.635437011719 966.563598632812 956.787902832031 951.456909179688 951.796875 947.618530273438 960.534118652344 970.725402832031 971.301879882812 975.944885253906 967.810974121094 965.955505371094 961.561279296875 960.843383789062 955.490173339844 956.481384277344 953.8896484375 948.518859863281 942.489379882812 944.517517089844 952.822448730469 949.747314453125 950.704956054688 960.740600585938 964.179138183594 959.567504882812 961.161743164062 960.072021484375 949.537231445312 958.69482421875 944.417297363281 949.717529296875 944.536682128906 948.258728027344 943.502197265625 947.733215332031 949.266479492188
