data/zlatibor_dem_simulations/DEMsim88.asc
NCOLS 150
NROWS 100
XLLCORNER 7394249
YLLCORNER 4841999
CELLSIZE 30
NODATA_VALUE -9999
[rows 40 to 59 of 100, columns 0 to 45 of 150]
950.372619628906 943.667907714844 948.506225585938 958.544616699219 956.102783203125 956.164672851562 962.3310546875 970.384704589844 965.952331542969 964.852600097656 971.320495605469 968.4951171875 970.431823730469 970.868591308594 970.56396484375 977.763854980469 984.612243652344 981.750732421875 980.94482421875 970.286254882812 955.363342285156 962.1669921875 970.462219238281 975.168884277344 970.520263671875 974.001281738281 978.44970703125 978.461853027344 984.044860839844 979.343017578125 973.251831054688 979.851745605469 982.891723632812 976.407653808594 972.708190917969 973.340148925781 970.127990722656 968.513671875 971.27880859375 974.369262695312 974.400756835938 979.020690917969 976.6708984375 978.40576171875 982.423950195312 979.136047363281
940.519165039062 945.284545898438 946.333862304688 947.339172363281 950.501892089844 951.297241210938 962.083129882812 963.785095214844 959.968505859375 955.467102050781 964.250610351562 972.559265136719 977.928771972656 971.016357421875 968.396362304688 975.082946777344 982.127746582031 987.628356933594 973.914123535156 964.460510253906 961.599548339844 956.238037109375 963.162841796875 963.560180664062 970.8076171875 975.544921875 977.896911621094 981.049011230469 979.119323730469 975.792541503906 977.324096679688 984.494567871094 977.79833984375 980.115783691406 977.400329589844 981.944702148438 975.486633300781 974.2265625 977.141296386719 978.24169921875 970.244445800781 972.508056640625 972.149475097656 972.440124511719 981.069213867188 983.863464355469
939.543823242188 941.410949707031 946.012084960938 954.829711914062 948.478942871094 954.590454101562 958.563903808594 957.64306640625 959.690307617188 953.932312011719 960.38037109375 964.38720703125 975.504028320312 970.199401855469 972.631408691406 978.145263671875 978.795532226562 978.993225097656 976.42138671875 971.100463867188 966.334289550781 961.685791015625 965.745849609375 966.271911621094 971.62060546875 973.2421875 973.624572753906 974.399719238281 974.459350585938 982.263977050781 977.555480957031 968.044494628906 964.617980957031 978.875244140625 973.54052734375 976.276550292969 974.533325195312 978.66455078125 974.788513183594 975.769409179688 972.949279785156 968.451965332031 963.959350585938 966.422302246094 971.381042480469 979.252014160156
940.718200683594 943.09326171875 945.069702148438 955.007690429688 948.800659179688 954.616638183594 962.953002929688 961.2421875 959.17333984375 960.485656738281 969.32080078125 970.486755371094 975.384155273438 968.887451171875 974.59423828125 973.818298339844 980.072631835938 973.256103515625 975.856323242188 972.211303710938 971.637878417969 966.486572265625 965.277709960938 968.10693359375 968.013916015625 967.667114257812 968.005676269531 969.024291992188 983.125854492188 978.975341796875 974.773193359375 972.237731933594 967.138366699219 975.902709960938 975.462097167969 969.285766601562 974.915832519531 974.584167480469 973.361328125 972.718139648438 971.596984863281 957.353698730469 964.31689453125 965.722106933594 967.300109863281 971.239868164062
937.014587402344 939.570495605469 956.221801757812 959.264709472656 945.859924316406 953.318237304688 953.416625976562 957.931091308594 962.061950683594 970.9267578125 969.947570800781 972.622375488281 968.987121582031 980.096557617188 979.19189453125 980.552734375 984.662963867188 980.499084472656 971.826965332031 975.287109375 972.296569824219 963.559997558594 961.403015136719 955.67236328125 961.587890625 955.724060058594 958.872436523438 970.428771972656 965.816589355469 978.100402832031 972.072143554688 973.877563476562 975.04443359375 976.770202636719 973.878723144531 965.445556640625 967.664306640625 970.405944824219 974.247802734375 973.332214355469 968.256408691406 956.069580078125 968.946044921875 963.21142578125 963.822082519531 970.791748046875
941.611572265625 946.676818847656 960.909484863281 957.219543457031 957.164245605469 958.159729003906 959.531372070312 961.465148925781 967.328735351562 963.495483398438 970.73828125 967.426208496094 963.59765625 968.298034667969 978.336547851562 975.863891601562 977.591125488281 976.087219238281 966.12158203125 965.117919921875 963.91015625 964.322265625 960.792358398438 967.034790039062 961.2099609375 960.470581054688 966.733581542969 971.947326660156 962.943298339844 974.822387695312 985.803894042969 985.596618652344 980.595886230469 973.376220703125 973.43017578125 970.72314453125 968.086547851562 972.088073730469 962.129760742188 975.661804199219 970.464050292969 962.6572265625 970.094116210938 955.983459472656 962.617309570312 975.539916992188
950.37744140625 948.955871582031 966.708801269531 974.214599609375 970.859558105469 961.237365722656 968.743225097656 963.933532714844 966.216125488281 967.048400878906 969.065673828125 971.38671875 966.655578613281 965.350463867188 968.533325195312 964.965881347656 974.742309570312 980.109741210938 977.700439453125 970.366882324219 968.080505371094 968.642028808594 968.049072265625 968.005065917969 963.021423339844 961.813049316406 966.949035644531 969.841979980469 967.477294921875 980.422973632812 980.301391601562 979.131896972656 974.144348144531 965.805236816406 972.803588867188 971.765991210938 966.528015136719 966.269165039062 968.491882324219 967.942443847656 961.556762695312 963.777893066406 965.710388183594 955.977355957031 964.634216308594 976.023681640625
958.938232421875 961.602600097656 971.131286621094 983.836547851562 964.340759277344 966.325134277344 969.079345703125 967.895568847656 967.739990234375 969.183898925781 967.882080078125 972.820373535156 973.416625976562 966.057800292969 971.153564453125 967.910278320312 980.213806152344 977.684875488281 980.249084472656 981.713928222656 971.36962890625 974.5673828125 978.749328613281 972.287963867188 965.251586914062 964.273986816406 966.555725097656 967.383728027344 969.148620605469 973.466430664062 972.0380859375 984.842346191406 979.001037597656 982.571228027344 983.662353515625 971.720947265625 961.539306640625 963.21435546875 958.638732910156 960.485412597656 964.966491699219 962.138244628906 961.976928710938 961.027709960938 963.934997558594 960.439758300781
955.116516113281 959.48486328125 964.030029296875 971.871948242188 963.836547851562 964.914123535156 964.045043945312 961.262878417969 969.711181640625 973.931213378906 964.772583007812 964.733581542969 978.042907714844 970.743957519531 970.320556640625 972.420532226562 976.286865234375 976.695861816406 981.847412109375 978.141967773438 976.440734863281 981.140625 980.612731933594 966.814208984375 966.030456542969 957.651428222656 965.39013671875 962.192016601562 958.023559570312 966.044372558594 971.983947753906 976.05859375 978.221496582031 984.988891601562 982.646301269531 971.67529296875 963.440490722656 959.79931640625 958.043701171875 970.300598144531 967.383605957031 971.534118652344 959.416320800781 954.840148925781 961.057189941406 963.457824707031
954.176391601562 959.419250488281 963.283203125 963.555725097656 968.85205078125 966.845520019531 970.551330566406 964.07861328125 965.634460449219 972.318603515625 968.296325683594 966.166870117188 975.974731445312 975.943420410156 965.262329101562 970.006591796875 976.987915039062 973.017578125 984.062133789062 977.482604980469 978.493225097656 978.491455078125 967.9287109375 969.765441894531 968.691772460938 968.324157714844 958.203186035156 968.418518066406 960.009582519531 958.580078125 967.577026367188 975.67431640625 983.984436035156 983.24951171875 973.166748046875 963.630432128906 970.338439941406 965.58740234375 965.130004882812 962.883544921875 968.046264648438 972.041687011719 958.995910644531 966.755004882812 952.762145996094 965.451293945312
957.020751953125 958.6904296875 968.877197265625 967.0185546875 962.940856933594 967.281066894531 973.112121582031 963.721801757812 966.166076660156 973.596069335938 972.584289550781 975.148681640625 974.648071289062 970.406311035156 980.016723632812 975.365966796875 980.073303222656 978.046875 982.217529296875 977.49609375 983.4560546875 971.992370605469 967.827270507812 966.293701171875 960.314270019531 961.706909179688 964.428894042969 962.591186523438 960.123657226562 964.041809082031 976.204406738281 975.888854980469 986.012084960938 982.904724121094 969.074523925781 968.26318359375 963.659606933594 966.336486816406 963.701049804688 958.494934082031 957.484252929688 966.076721191406 963.023620605469 967.518676757812 965.062255859375 965.783935546875
961.244567871094 964.485778808594 971.741333007812 959.651062011719 961.612487792969 969.568786621094 975.220031738281 968.956115722656 973.118713378906 974.527526855469 971.817932128906 970.064147949219 975.632385253906 972.035827636719 981.452392578125 977.908874511719 977.892395019531 970.440490722656 980.603088378906 979.296020507812 974.173645019531 972.6005859375 964.64990234375 961.014526367188 961.800170898438 959.03076171875 960.039794921875 958.927062988281 967.837707519531 968.964538574219 970.985473632812 980.894104003906 978.767150878906 980.271789550781 970.038452148438 962.197326660156 955.381530761719 966.219848632812 963.524536132812 965.283813476562 956.320922851562 958.26611328125 973.594970703125 969.568664550781 958.051330566406 963.221618652344
960.713012695312 970.363037109375 967.757019042969 965.937866210938 968.299560546875 965.677124023438 966.139526367188 980.661682128906 977.624938964844 970.322082519531 972.327392578125 976.379638671875 972.111267089844 977.426513671875 977.936157226562 969.361877441406 975.886413574219 971.786071777344 980.227416992188 975.547180175781 967.592468261719 962.887939453125 960.667358398438 966.672668457031 963.338317871094 961.457702636719 957.038879394531 955.867858886719 968.955505371094 971.776062011719 971.037048339844 972.810791015625 977.266296386719 972.379943847656 965.262329101562 967.543701171875 954.587280273438 959.423278808594 964.660461425781 963.340637207031 965.558654785156 968.152099609375 969.962707519531 971.213134765625 970.355041503906 967.063232421875
960.073486328125 970.637512207031 970.516235351562 963.634704589844 966.667114257812 972.901000976562 973.698547363281 973.364807128906 968.021545410156 969.902099609375 966.285522460938 970.790466308594 966.080627441406 974.425415039062 976.570495605469 972.286926269531 969.848449707031 967.259704589844 971.347961425781 972.222717285156 978.165100097656 971.701477050781 963.283447265625 962.875305175781 962.754577636719 967.597106933594 967.745178222656 963.32958984375 969.283264160156 970.268188476562 965.231567382812 970.364196777344 973.1025390625 972.908813476562 970.82177734375 960.590759277344 957.859802246094 962.030395507812 974.730834960938 964.7470703125 968.620971679688 963.298889160156 962.706604003906 962.951538085938 970.121704101562 961.0234375
963.490539550781 975.690551757812 970.227416992188 974.313049316406 972.460754394531 975.951232910156 974.663024902344 974.872009277344 965.857055664062 972.583068847656 969.430236816406 968.590759277344 969.82080078125 977.120300292969 971.187072753906 979.573913574219 971.31396484375 974.731506347656 967.599487304688 968.392517089844 963.889221191406 968.819885253906 959.111022949219 966.788818359375 966.237976074219 962.598266601562 964.810913085938 972.758483886719 970.716003417969 965.385009765625 962.578125 967.740356445312 960.347412109375 965.611755371094 966.837463378906 959.893981933594 964.308288574219 964.256286621094 968.294860839844 964.575073242188 963.549133300781 955.176513671875 956.8349609375 962.428100585938 972.491882324219 981.10888671875
966.07080078125 980.765197753906 976.60888671875 974.244201660156 980.145080566406 976.236267089844 978.33349609375 979.523193359375 975.190185546875 970.355163574219 980.103698730469 969.799621582031 964.16455078125 969.80419921875 970.752563476562 977.616638183594 978.25244140625 975.275390625 973.892944335938 970.396728515625 965.092041015625 959.732482910156 959.257995605469 960.199035644531 959.135437011719 958.695373535156 961.765441894531 959.133361816406 963.098327636719 962.301513671875 962.991394042969 961.819396972656 957.3779296875 952.734252929688 966.250305175781 965.360534667969 967.153503417969 963.130310058594 960.153442382812 958.401062011719 964.722900390625 962.253723144531 959.304809570312 960.086730957031 968.116760253906 973.020935058594
975.973083496094 980.943115234375 975.101318359375 970.316284179688 972.95849609375 975.927978515625 973.912475585938 965.884216308594 963.777099609375 968.656494140625 967.936157226562 967.256469726562 966.003967285156 978.639343261719 979.413757324219 974.463684082031 971.968688964844 969.684143066406 974.766845703125 976.273254394531 967.423828125 963.754028320312 967.525024414062 957.672790527344 958.122680664062 956.506164550781 958.582458496094 954.980407714844 957.114807128906 962.743041992188 955.624938964844 963.496643066406 956.836059570312 956.594421386719 962.409606933594 963.946655273438 969.253540039062 971.781860351562 968.294555664062 962.483947753906 964.967224121094 965.227233886719 969.5556640625 957.594604492188 955.660949707031 961.9765625
980.236999511719 984.696838378906 973.225646972656 976.816772460938 973.703186035156 971.833618164062 971.048156738281 967.777954101562 974.019409179688 968.069396972656 961.511047363281 966.905700683594 967.682495117188 977.232788085938 975.077392578125 975.7607421875 969.85546875 968.553405761719 965.602966308594 968.766723632812 960.700927734375 961.127014160156 960.982299804688 962.128845214844 965.365478515625 953.692565917969 950.9111328125 952.165466308594 948.281372070312 949.81298828125 949.114807128906 954.470642089844 955.345825195312 961.606750488281 951.711059570312 956.100524902344 966.815002441406 957.867309570312 963.766906738281 961.852783203125 962.396057128906 964.324584960938 961.340759277344 955.546081542969 955.093933105469 957.736572265625
993.992919921875 981.256469726562 974.405212402344 968.486755371094 974.191772460938 969.65380859375 968.304626464844 976.831420898438 980.845947265625 971.274108886719 962.71875 967.891967773438 961.297241210938 966.531372070312 972.891967773438 964.874328613281 968.571105957031 966.787902832031 961.503173828125 957.3955078125 954.837707519531 950.298461914062 951.717651367188 953.342895507812 958.479919433594 947.746520996094 948.364379882812 948.725158691406 952.630126953125 945.179077148438 946.932556152344 951.492431640625 957.944152832031 956.169860839844 958.496154785156 953.437866210938 955.511596679688 956.325073242188 948.346557617188 957.518920898438 955.113098144531 954.404663085938 949.2919921875 950.396606445312 952.0634765625 949.566040039062
995.470153808594 984.281005859375 979.701721191406 974.484680175781 975.972839355469 967.928527832031 962.457275390625 970.341003417969 971.971130371094 968.270935058594 954.695434570312 955.384399414062 963.118530273438 966.755065917969 963.057922363281 969.870422363281 969.246520996094 959.714050292969 959.1279296875 954.850769042969 949.885437011719 947.511474609375 948.515502929688 957.393249511719 961.070922851562 951.762573242188 952.110229492188 948.281127929688 954.533081054688 953.049133300781 950.620788574219 954.956909179688 953.410034179688 952.461303710938 956.338684082031 958.168762207031 956.169006347656 952.345947265625 951.754516601562 951.538452148438 951.149658203125 945.474060058594 937.357543945312 947.540954589844 947.299438476562 950.150756835938
