data/zlatibor_dem_simulations/DEMsim35.asc
NCOLS 150
NROWS 100
XLLCORNER 7394249
YLLCORNER 4841999
CELLSIZE 30
NODATA_VALUE -9999
[rows 40 to 59 of 100, columns 46 to 91 of 150]
971.712036132812 976.084533691406 975.910522460938 978.147155761719 984.144836425781 983.898559570312 981.055114746094 982.612731933594 963.332763671875 965.4267578125 972.231994628906 977.663269042969 968.145690917969 963.752807617188 965.50927734375 955.684936523438 963.810241699219 961.989562988281 966.552368164062 948.792602539062 966.964050292969 964.229797363281 966.878173828125 959.334533691406 965.882629394531 972.077514648438 971.499267578125 970.794006347656 966.08056640625 957.921813964844 964.2392578125 973.252746582031 975.8759765625 986.5478515625 981.480102539062 988.684814453125 991.75537109375 991.193542480469 989.496276855469 986.975463867188 995.936950683594 996.22119140625 990.62890625 996.965759277344 994.322448730469 1001.13830566406
972.936889648438 968.577270507812 973.338500976562 976.060729980469 976.561218261719 977.888244628906 970.282958984375 973.151245117188 967.471984863281 959.552551269531 965.408813476562 970.796997070312 974.806945800781 969.757141113281 975.294616699219 963.52783203125 963.453063964844 962.401794433594 967.699035644531 960.746643066406 967.94677734375 968.900817871094 973.078002929688 974.711547851562 970.703735351562 969.683288574219 966.459899902344 973.070129394531 965.995727539062 966.920104980469 972.171020507812 973.80615234375 979.412353515625 982.966979980469 981.03662109375 982.99267578125 989.015441894531 989.681945800781 989.862976074219 988.592224121094 988.436584472656 983.84375 990.504272460938 990.403503417969 989.879760742188 993.7919921875
966.585083007812 968.713439941406 970.419006347656 973.270935058594 982.466491699219 971.849182128906 969.111694335938 971.191650390625 969.809265136719 968.476440429688 964.77685546875 973.653625488281 983.827819824219 978.961547851562 978.405212402344 972.759948730469 965.843872070312 959.726379394531 959.754272460938 964.7529296875 964.094055175781 961.204223632812 962.242065429688 961.170532226562 968.484985351562 969.262268066406 971.312438964844 964.422424316406 970.452941894531 967.97119140625 966.562744140625 975.43603515625 981.471069335938 977.817810058594 978.179931640625 982.121826171875 990.941162109375 985.263366699219 991.902160644531 988.828552246094 986.799011230469 991.959594726562 986.758850097656 987.867492675781 983.134338378906 981.781433105469
973.515686035156 972.644775390625 979.0693359375 984.174987792969 979.552368164062 978.741149902344 968.523864746094 974.209655761719 967.076538085938 970.078857421875 963.0615234375 974.500610351562 968.091491699219 972.580139160156 975.225891113281 976.993286132812 975.831726074219 967.408935546875 960.575866699219 979.282165527344 974.362060546875 972.595275878906 969.12890625 967.216247558594 971.088745117188 963.237548828125 968.334533691406 961.526306152344 969.785949707031 964.627868652344 965.206481933594 969.881469726562 974.2724609375 968.384887695312 979.931213378906 979.866088867188 980.545043945312 987.486572265625 998.739318847656 988.583740234375 977.742919921875 983.639099121094 982.156982421875 979.148864746094 973.922668457031 980.687866210938
974.044677734375 977.027526855469 979.93408203125 980.644714355469 969.312133789062 977.530944824219 971.842041015625 967.945495605469 969.879333496094 961.457763671875 958.183044433594 964.400573730469 970.125549316406 970.358581542969 969.7431640625 977.280517578125 978.459411621094 976.2314453125 974.833740234375 975.03466796875 972.964721679688 969.548889160156 973.237854003906 973.792846679688 965.569763183594 961.926086425781 966.87939453125 966.157775878906 962.183654785156 965.440368652344 969.882141113281 963.227294921875 962.2392578125 959.153991699219 966.607360839844 967.235534667969 981.27783203125 981.388916015625 984.211730957031 980.440368652344 983.653747558594 975.362915039062 971.557861328125 967.50244140625 972.720336914062 980.363708496094
973.655090332031 980.660339355469 980.093627929688 965.055603027344 969.968200683594 971.443115234375 966.878112792969 973.284606933594 971.992858886719 970.269653320312 954.58203125 967.407531738281 963.404235839844 965.313049316406 969.785888671875 974.248596191406 977.925170898438 980.168334960938 968.363952636719 972.178588867188 967.297424316406 968.547058105469 969.658630371094 965.716064453125 960.768493652344 967.551513671875 970.084838867188 965.347900390625 974.243957519531 973.383911132812 969.197875976562 964.616638183594 960.925415039062 957.3251953125 963.106628417969 964.204772949219 966.215270996094 976.997436523438 981.9501953125 978.605895996094 979.877563476562 976.698913574219 979.720520019531 983.55126953125 980.177062988281 980.162536621094
967.252563476562 975.864807128906 965.477294921875 962.632141113281 959.98828125 966.870849609375 968.720092773438 977.159240722656 971.753173828125 957.825256347656 960.813781738281 957.515197753906 964.171325683594 962.952026367188 965.487060546875 973.331909179688 968.960266113281 980.919128417969 975.67333984375 962.91064453125 966.01318359375 968.318725585938 964.330505371094 969.58984375 957.280578613281 958.359924316406 964.172790527344 971.667602539062 962.300415039062 967.119506835938 969.872192382812 959.854431152344 964.307556152344 965.305419921875 970.929138183594 965.344604492188 975.385925292969 963.276245117188 969.636413574219 971.601196289062 967.565185546875 969.524536132812 977.404052734375 968.073913574219 970.888000488281 973.919738769531
972.185363769531 973.044372558594 969.553833007812 961.673706054688 964.882080078125 966.048645019531 966.200073242188 971.104309082031 966.979309082031 957.676696777344 950.312622070312 967.655700683594 975.861999511719 969.23828125 965.432739257812 969.031860351562 970.231750488281 982.983215332031 972.757202148438 977.282409667969 977.565246582031 968.515930175781 974.857849121094 968.097839355469 958.516357421875 965.312927246094 966.588562011719 964.247741699219 963.406311035156 972.800720214844 969.919494628906 962.3349609375 967.788818359375 967.388549804688 967.390686035156 963.571166992188 966.265625 968.003051757812 963.835632324219 966.859619140625 974.940490722656 975.051086425781 967.740295410156 973.693664550781 972.387023925781 975.408569335938
966.807189941406 969.040344238281 963.379028320312 970.85986328125 973.078918457031 970.038024902344 974.372680664062 969.264099121094 959.213073730469 964.223876953125 966.6240234375 967.478698730469 973.378356933594 966.640380859375 967.829284667969 973.657470703125 975.728393554688 978.223022460938 978.840393066406 969.716369628906 974.172485351562 975.725708007812 969.983825683594 968.843627929688 968.040832519531 964.076171875 959.259704589844 963.077331542969 959.650756835938 960.655090332031 963.952697753906 958.487609863281 961.440002441406 968.262756347656 972.000183105469 969.538269042969 969.6015625 964.238403320312 968.409851074219 970.09423828125 972.753051757812 974.801818847656 968.809692382812 962.553344726562 966.766479492188 975.759948730469
963.371398925781 961.842346191406 970.147338867188 971.279602050781 976.727233886719 968.650268554688 973.255126953125 970.1923828125 962.536743164062 963.207092285156 967.2080078125 963.312927246094 966.415344238281 963.748291015625 966.831726074219 966.197143554688 968.720275878906 968.784790039062 973.34716796875 969.280517578125 973.820007324219 971.985412597656 966.628662109375 959.232177734375 969.845764160156 968.867126464844 960.868225097656 959.278076171875 965.527709960938 962.797302246094 969.616577148438 973.469909667969 966.307556152344 975.511047363281 970.310119628906 972.458862304688 968.747924804688 968.286865234375 972.95751953125 972.124633789062 973.80859375 969.815795898438 969.680114746094 960.614624023438 963.569702148438 977.450012207031
964.346557617188 959.639404296875 967.741271972656 968.137329101562 966.056213378906 972.214782714844 970.484191894531 962.5302734375 964.372802734375 964.479187011719 961.203369140625 972.866333007812 975.035278320312 964.162780761719 961.680541992188 966.7333984375 969.290893554688 962.445556640625 962.327819824219 967.171447753906 965.979797363281 966.7177734375 957.2470703125 966.085571289062 963.430114746094 963.023376464844 963.266052246094 962.871398925781 963.870300292969 973.888122558594 968.871643066406 965.892150878906 977.5244140625 973.7373046875 971.232727050781 953.315063476562 964.763732910156 973.178039550781 973.265014648438 972.086547851562 973.843200683594 964.489868164062 964.945373535156 965.59033203125 969.752075195312 983.47998046875
964.785705566406 962.944396972656 959.986328125 964.457580566406 969.085266113281 972.801635742188 958.060974121094 955.522155761719 967.248046875 966.475708007812 972.051696777344 968.337524414062 967.618530273438 961.081970214844 962.834045410156 959.947631835938 958.920532226562 972.910888671875 967.546813964844 965.020874023438 966.996276855469 966.762756347656 964.270751953125 961.632446289062 950.631225585938 959.468994140625 965.922546386719 967.611511230469 973.167053222656 962.904113769531 961.306701660156 971.256652832031 973.72119140625 968.966125488281 968.170959472656 969.234252929688 962.589416503906 967.084716796875 969.851806640625 964.215698242188 964.516357421875 966.625305175781 964.380981445312 962.109619140625 973.693420410156 974.903503417969
972.731384277344 964.354553222656 955.366149902344 956.718444824219 962.327758789062 966.249877929688 960.02490234375 961.762023925781 962.626098632812 965.445983886719 970.193054199219 965.246948242188 962.685119628906 965.648254394531 967.8388671875 963.1611328125 966.950378417969 961.067138671875 958.999877929688 955.256774902344 954.584777832031 963.880187988281 959.909362792969 951.945739746094 956.235717773438 960.31298828125 963.107971191406 970.716613769531 960.90576171875 961.689025878906 961.923645019531 969.17578125 967.880554199219 975.364379882812 971.123352050781 973.257019042969 964.617553710938 965.795349121094 976.916687011719 973.522705078125 962.922241210938 975.750122070312 966.672546386719 968.881225585938 975.505004882812 973.164123535156
962.309448242188 964.72607421875 960.164855957031 945.400634765625 948.691101074219 956.586364746094 957.6298828125 954.360595703125 953.006469726562 959.200073242188 958.552062988281 966.593688964844 959.775512695312 961.269470214844 964.678283691406 960.915466308594 962.479858398438 957.2041015625 958.294494628906 960.721374511719 961.566772460938 963.907897949219 955.786926269531 953.91015625 949.707153320312 965.586242675781 955.3359375 966.060363769531 968.007934570312 958.831115722656 962.387268066406 969.991638183594 970.404541015625 971.176391601562 972.096801757812 976.107543945312 967.489135742188 971.346984863281 968.432189941406 970.118469238281 964.391296386719 963.321044921875 964.844116210938 971.330139160156 973.99072265625 969.535095214844
959.091979980469 953.503051757812 955.964050292969 956.738403320312 952.33544921875 957.829040527344 956.660278320312 944.63427734375 947.748657226562 950.355285644531 954.227600097656 957.534851074219 953.459350585938 951.454467773438 956.640930175781 954.755187988281 956.296020507812 951.991516113281 962.49169921875 960.004821777344 965.787963867188 952.310607910156 961.259704589844 950.916748046875 963.218566894531 966.5576171875 958.147216796875 963.068969726562 961.285705566406 961.036254882812 961.731018066406 973.719482421875 972.52099609375 982.955017089844 971.958435058594 971.560363769531 978.501953125 974.773132324219 974.864562988281 969.672790527344 971.637084960938 956.891296386719 960.796020507812 963.638610839844 976.902526855469 974.963623046875
961.276672363281 959.140747070312 946.068054199219 958.493896484375 961.542297363281 962.868530273438 954.445922851562 950.414306640625 948.854125976562 952.691711425781 951.074523925781 945.8984375 943.255859375 951.232116699219 953.358825683594 955.332763671875 949.101257324219 949.807250976562 960.644165039062 960.671081542969 956.286437988281 953.503540039062 956.911437988281 955.080139160156 956.26611328125 961.136474609375 959.71142578125 962.969482421875 962.79052734375 960.637390136719 958.268249511719 962.589416503906 969.185668945312 973.056030273438 968.545532226562 964.379333496094 964.485290527344 980.466064453125 972.172424316406 973.647399902344 962.663635253906 961.474060058594 958.44091796875 966.46630859375 969.453918457031 965.752563476562
954.314147949219 952.845703125 939.100341796875 947.607788085938 952.528259277344 960.095336914062 964.290161132812 954.746459960938 941.500610351562 946.928039550781 959.33935546875 954.852416992188 954.096069335938 950.647644042969 957.789733886719 947.568359375 951.552368164062 942.92041015625 951.444702148438 955.561279296875 952.666564941406 954.871154785156 954.948547363281 965.975036621094 966.130859375 963.986755371094 965.729797363281 964.019897460938 965.212036132812 957.013854980469 957.229675292969 953.099487304688 955.731994628906 971.26025390625 958.450988769531 967.567077636719 959.859619140625 971.431823730469 973.335998535156 971.792419433594 964.512756347656 962.409606933594 962.617370605469 960.842834472656 968.950744628906 964.746826171875
954.892456054688 960.486389160156 940.439819335938 944.337829589844 949.960205078125 948.353454589844 961.933898925781 953.484741210938 945.869262695312 957.3037109375 956.795532226562 948.794738769531 953.575805664062 946.87060546875 950.39453125 945.877685546875 952.860961914062 948.440490722656 952.403747558594 950.087524414062 949.368957519531 951.211975097656 953.227661132812 962.113525390625 964.473388671875 969.264465332031 959.847229003906 965.331298828125 966.841613769531 956.091369628906 957.816528320312 949.510375976562 950.742065429688 959.382568359375 964.555541992188 962.471862792969 965.417175292969 966.671142578125 967.483947753906 963.855651855469 964.292541503906 968.009399414062 969.689880371094 968.657592773438 974.10498046875 974.833435058594
951.824035644531 957.039367675781 955.355407714844 951.313171386719 960.491516113281 954.76806640625 954.999267578125 957.865966796875 957.792724609375 956.206481933594 953.137878417969 958.406127929688 958.264465332031 950.09375 959.518798828125 951.129699707031 954.812133789062 956.810119628906 955.032958984375 953.778015136719 946.744262695312 949.394592285156 955.11083984375 957.321105957031 960.588256835938 965.270751953125 966.1865234375 960.527404785156 964.241821289062 957.565979003906 960.914489746094 955.929565429688 959.39306640625 968.586059570312 960.265319824219 962.869384765625 961.395202636719 960.947814941406 962.118347167969 960.167175292969 968.538024902344 968.662963867188 973.019348144531 973.643859863281 970.316528320312 973.895263671875
948.929992675781 952.266479492188 958.495300292969 957.930053710938 956.313537597656 945.654663085938 950.871704101562 967.67724609375 953.338989257812 949.388916015625 960.649475097656 957.35791015625 966.747009277344 958.688720703125 966.421264648438 962.580627441406 958.67919921875 959.384216308594 964.439697265625 965.154968261719 952.839172363281 947.775451660156 958.532470703125 954.36962890625 960.8125 966.584289550781 965.594543457031 965.154235839844 955.670837402344 959.772583007812 961.583068847656 958.192443847656 959.485717773438 960.835083007812 964.579467773438 967.329345703125 966.791076660156 961.204345703125 959.056213378906 957.409362792969 963.603698730469 968.213623046875 967.807006835938 968.176147460938 977.468139648438 977.003662109375
