data/zlatibor_dem_simulations/DEMsim47.asc
NCOLS 150
NROWS 100
XLLCORNER 7394249
YLLCORNER 4841999
CELLSIZE 30
NODATA_VALUE -9999
[rows 40 to 59 of 100, columns 46 to 91 of 150]
971.995971679688 971.319274902344 977.537902832031 974.4775390625 972.809814453125 968.394287109375 968.695922851562 963.158935546875 975.417724609375 966.281799316406 964.401306152344 957.05078125 959.067504882812 966.224792480469 961.476989746094 979.231872558594 981.060607910156 980.529541015625 977.560729980469 989.953796386719 983.487915039062 976.36962890625 973.706848144531 969.962646484375 967.97265625 966.461059570312 973.904846191406 979.565124511719 982.370239257812 972.563354492188 971.272277832031 975.510864257812 979.837524414062 987.293640136719 977.758544921875 980.908325195312 984.528747558594 990.528564453125 995.266235351562 997.637329101562 991.676330566406 993.998229980469 998.846923828125 994.99853515625 993.154418945312 985.307556152344
970.016296386719 971.125366210938 976.790588378906 975.254760742188 980.072692871094 981.559875488281 973.190734863281 968.624267578125 966.2119140625 965.526123046875 966.62548828125 967.436950683594 961.516662597656 969.034362792969 964.677612304688 969.013793945312 976.28271484375 975.895141601562 986.389404296875 987.772155761719 985.278015136719 975.746520996094 969.506042480469 978.064697265625 968.140197753906 965.134338378906 971.730163574219 973.718444824219 975.15087890625 974.169372558594 970.996887207031 967.990417480469 967.772888183594 969.921875 971.865539550781 973.546081542969 980.658142089844 982.59228515625 991.2724609375 990.418212890625 987.205383300781 990.56103515625 994.106506347656 986.795593261719 977.691711425781 985.732788085938
971.216430664062 974.708190917969 977.177612304688 982.635192871094 984.416442871094 969.726257324219 962.19287109375 965.127258300781 961.020690917969 968.189208984375 970.440185546875 965.858581542969 963.705932617188 968.541076660156 969.339294433594 969.2568359375 978.200866699219 985.8203125 988.566040039062 977.277954101562 982.161254882812 976.163879394531 965.771362304688 975.482543945312 978.621765136719 972.992797851562 968.141479492188 965.959167480469 969.078369140625 970.260070800781 971.319091796875 969.871337890625 975.59912109375 970.319152832031 960.067749023438 971.174560546875 975.789611816406 975.568725585938 979.942321777344 980.066345214844 983.346496582031 993.770324707031 995.228332519531 987.56787109375 983.841430664062 982.157470703125
974.157104492188 969.721801757812 972.673095703125 983.362854003906 986.047241210938 966.304626464844 967.057922363281 968.505310058594 967.805114746094 966.429138183594 966.893188476562 967.796081542969 976.045166015625 971.407043457031 978.97216796875 976.478210449219 976.708312988281 974.354858398438 979.726318359375 981.463928222656 977.590454101562 972.564514160156 973.953491210938 967.286315917969 981.016296386719 960.09619140625 963.775573730469 957.947998046875 972.302307128906 967.644348144531 957.903015136719 971.647399902344 977.067138671875 971.301452636719 966.338195800781 975.212768554688 971.84423828125 963.485900878906 979.902099609375 983.499328613281 986.943481445312 993.51953125 985.503601074219 982.7080078125 971.543701171875 968.431701660156
972.777465820312 970.533935546875 984.894775390625 978.172668457031 977.832458496094 967.966125488281 968.953186035156 966.407592773438 977.799499511719 964.5322265625 964.440979003906 959.948181152344 976.886169433594 989.6064453125 979.440124511719 982.318298339844 985.665283203125 978.184387207031 969.645202636719 974.590698242188 976.024353027344 974.094421386719 961.432495117188 964.653869628906 971.126647949219 966.5361328125 956.678588867188 962.344116210938 973.656494140625 974.792358398438 968.376220703125 969.954956054688 972.845764160156 976.249572753906 974.176330566406 979.968139648438 978.766052246094 972.30712890625 965.995910644531 974.662048339844 984.765258789062 988.300964355469 976.947204589844 976.621215820312 968.755249023438 970.493225097656
972.625549316406 971.467407226562 966.512756347656 978.393249511719 976.720703125 969.703002929688 967.369018554688 968.30810546875 972.122802734375 963.307189941406 963.739868164062 970.972717285156 973.896728515625 980.164428710938 972.967834472656 979.043334960938 971.44140625 972.108093261719 968.137268066406 972.5322265625 968.508239746094 965.550598144531 969.655212402344 965.133728027344 953.394897460938 962.225280761719 966.804870605469 975.741516113281 976.343017578125 970.190185546875 969.4921875 970.013671875 966.1396484375 976.725891113281 967.297119140625 978.500915527344 978.175048828125 966.150329589844 958.480590820312 967.588500976562 974.382019042969 976.063110351562 971.576904296875 972.4443359375 977.868835449219 970.346923828125
963.962219238281 968.956359863281 969.200073242188 970.727600097656 978.013000488281 965.108154296875 966.400695800781 976.453735351562 980.780151367188 962.309692382812 963.720031738281 969.566650390625 971.908569335938 973.440368652344 973.454833984375 963.75439453125 969.480834960938 974.180053710938 967.167785644531 965.5263671875 971.521911621094 964.420349121094 961.243469238281 956.055053710938 955.794982910156 966.694396972656 967.399841308594 968.836730957031 973.375549316406 973.186950683594 969.2685546875 974.739074707031 973.7724609375 965.622924804688 976.201782226562 979.810546875 976.409973144531 969.802978515625 966.077331542969 970.201171875 970.590637207031 967.183898925781 969.521179199219 976.821838378906 967.802673339844 976.241577148438
960.569946289062 963.379455566406 976.421813964844 974.23681640625 971.216979980469 972.373168945312 973.879699707031 978.252746582031 972.126403808594 968.944458007812 958.921875 962.702941894531 972.250244140625 967.803955078125 971.175598144531 966.226928710938 966.286437988281 964.893859863281 971.987976074219 972.281860351562 965.89208984375 965.061157226562 966.116882324219 966.952392578125 962.332702636719 963.7978515625 971.288024902344 970.060180664062 975.322570800781 968.204223632812 965.474304199219 967.2314453125 966.308349609375 966.941772460938 970.686889648438 975.6123046875 972.928588867188 973.648498535156 976.877746582031 973.980346679688 976.187927246094 971.341247558594 975.07958984375 971.767822265625 969.316589355469 974.751403808594
968.571166992188 966.883666992188 968.607055664062 972.146423339844 976.628845214844 968.075866699219 973.561279296875 973.441528320312 973.800415039062 970.490356445312 966.062316894531 960.176696777344 967.908935546875 961.005554199219 968.622009277344 972.873474121094 972.033264160156 970.503112792969 963.150024414062 970.965881347656 977.242431640625 975.314392089844 972.600524902344 964.82861328125 966.074340820312 974.122253417969 977.159057617188 975.23193359375 985.211608886719 970.108459472656 971.006042480469 968.724792480469 968.609619140625 969.170776367188 971.340026855469 969.581665039062 971.846740722656 965.353881835938 973.799682617188 973.553466796875 974.058837890625 978.882690429688 975.929748535156 982.623046875 988.609985351562 974.296203613281
969.224975585938 967.945556640625 965.329528808594 968.3583984375 968.880981445312 973.259033203125 970.315490722656 960.167053222656 964.045959472656 964.348022460938 966.449951171875 969.584289550781 962.392700195312 958.382263183594 962.505187988281 972.068725585938 963.069885253906 964.809997558594 973.459106445312 969.056274414062 975.979736328125 974.523193359375 965.992553710938 962.714416503906 971.726867675781 964.869262695312 967.085754394531 980.247863769531 979.292846679688 978.202331542969 969.24365234375 958.043640136719 962.098754882812 968.185485839844 976.320617675781 975.488098144531 975.955200195312 973.495788574219 975.193298339844 973.519226074219 967.451354980469 970.86474609375 977.733093261719 981.476684570312 988.25634765625 991.231323242188
957.507019042969 963.629211425781 966.51318359375 965.211181640625 966.417236328125 961.900512695312 971.16748046875 963.528686523438 954.834045410156 960.203491210938 956.94482421875 968.973754882812 965.506530761719 963.9560546875 961.363098144531 960.625732421875 961.117492675781 963.075256347656 967.967041015625 970.526672363281 966.929992675781 967.994445800781 962.859130859375 959.098449707031 971.840148925781 968.995422363281 972.602600097656 972.839660644531 981.171264648438 983.119995117188 981.965270996094 964.368347167969 965.374877929688 982.340759277344 978.135070800781 973.347900390625 978.089660644531 976.656921386719 964.535766601562 968.552612304688 965.258361816406 964.772399902344 970.7724609375 974.255004882812 978.807922363281 986.94873046875
963.10546875 966.274963378906 981.139831542969 970.510681152344 961.999816894531 965.341613769531 963.765930175781 963.709045410156 953.601623535156 963.927978515625 962.073669433594 966.838500976562 967.827941894531 958.986694335938 953.959838867188 953.021667480469 954.918029785156 962.034973144531 961.542358398438 960.310974121094 962.68212890625 955.268005371094 955.758178710938 952.021057128906 960.559814453125 963.155639648438 962.909301757812 967.420349121094 967.557739257812 975.956420898438 974.456970214844 970.346862792969 971.877990722656 976.45361328125 981.322937011719 974.730590820312 967.082580566406 969.1591796875 967.306213378906 964.161193847656 968.70458984375 971.701538085938 970.226745605469 970.931030273438 975.541015625 978.094116210938
964.578125 969.724304199219 975.305786132812 969.061767578125 967.764831542969 960.339294433594 967.938415527344 964.084533691406 964.246643066406 959.053039550781 961.808349609375 959.015686035156 964.430480957031 958.844543457031 955.129699707031 951.392700195312 956.464538574219 958.139282226562 957.364318847656 950.899780273438 957.201538085938 955.224914550781 954.451049804688 956.379516601562 955.852600097656 965.308959960938 965.54248046875 963.640686035156 962.688232421875 969.242980957031 962.760437011719 958.978942871094 976.139953613281 974.703308105469 979.434265136719 974.903564453125 973.853088378906 969.058044433594 969.556213378906 977.353149414062 971.424560546875 971.801574707031 965.217224121094 971.259704589844 973.807067871094 971.579223632812
961.779663085938 961.023193359375 968.668884277344 977.133178710938 968.258178710938 961.013305664062 963.510131835938 963.09130859375 963.462036132812 952.10205078125 959.767456054688 960.343566894531 958.865600585938 963.466918945312 956.432006835938 960.461853027344 955.901611328125 957.358337402344 954.171508789062 957.023681640625 958.771911621094 954.797790527344 959.311584472656 952.700073242188 956.056579589844 960.277465820312 962.900146484375 949.115539550781 951.158142089844 957.145629882812 961.671691894531 957.518859863281 973.296569824219 972.07470703125 981.579040527344 985.339111328125 974.071105957031 964.700927734375 967.068542480469 975.197326660156 977.488708496094 973.276000976562 965.008911132812 968.870483398438 971.631591796875 971.197875976562
957.837707519531 958.769775390625 962.302917480469 960.301818847656 963.055053710938 962.695556640625 963.443603515625 959.854919433594 946.525390625 953.961547851562 954.170837402344 954.377685546875 948.594787597656 953.611206054688 956.873107910156 959.398681640625 956.930114746094 954.953674316406 957.458435058594 953.5048828125 960.450317382812 961.082214355469 956.441833496094 957.705017089844 955.520874023438 957.212463378906 951.7421875 948.848083496094 941.886352539062 951.055419921875 952.154113769531 957.126770019531 974.32763671875 962.002746582031 973.479614257812 975.166931152344 975.130187988281 962.014526367188 963.330505371094 974.118103027344 978.628845214844 967.351623535156 974.68115234375 979.484069824219 971.139099121094 974.071838378906
953.409423828125 959.699645996094 949.030578613281 950.102233886719 965.410827636719 965.696838378906 952.897827148438 965.688842773438 957.185729980469 961.458435058594 947.771362304688 957.149719238281 938.960083007812 949.599731445312 958.996337890625 949.461975097656 948.407043457031 958.183776855469 953.738891601562 964.427917480469 957.954772949219 958.041931152344 956.444580078125 949.593872070312 944.488464355469 951.647705078125 951.754516601562 948.495361328125 946.74072265625 949.957397460938 946.381713867188 950.1240234375 960.881652832031 963.565979003906 973.409057617188 967.757568359375 977.441223144531 967.441101074219 976.243591308594 973.105041503906 974.368041992188 974.076599121094 977.486999511719 982.269836425781 974.66455078125 969.19384765625
953.670227050781 953.732604980469 944.636169433594 948.189147949219 958.780151367188 959.721435546875 951.844970703125 955.23193359375 956.993103027344 957.565734863281 949.169494628906 949.153076171875 955.03955078125 955.923583984375 958.102722167969 950.768188476562 958.37890625 960.360961914062 956.523742675781 958.326354980469 958.534851074219 960.351318359375 958.626770019531 955.127868652344 949.931884765625 955.68115234375 952.927185058594 951.987854003906 940.655151367188 951.707275390625 950.307006835938 954.751647949219 953.736267089844 959.024658203125 960.692810058594 970.308959960938 969.989318847656 971.229064941406 973.211181640625 972.912475585938 976.747619628906 980.062377929688 979.287475585938 976.063232421875 971.744201660156 965.355041503906
954.747131347656 956.2822265625 962.308532714844 943.909790039062 959.104370117188 961.990539550781 956.837463378906 957.848022460938 952.267150878906 958.071838378906 958.9677734375 946.224243164062 959.766723632812 958.222351074219 958.069641113281 959.749938964844 967.68212890625 960.636840820312 958.3466796875 959.215270996094 958.466918945312 957.005493164062 951.471130371094 952.503112792969 954.667846679688 960.975341796875 953.992553710938 960.127014160156 947.318969726562 951.567321777344 952.746276855469 956.602172851562 955.456176757812 959.504638671875 968.336975097656 967.697937011719 977.334655761719 980.159790039062 978.525695800781 968.730041503906 961.669189453125 973.741027832031 972.746520996094 973.611572265625 969.6572265625 968.671325683594
962.661071777344 959.351806640625 948.709289550781 954.877014160156 957.160888671875 952.734558105469 954.571411132812 959.534484863281 959.947631835938 953.913024902344 952.897155761719 944.342102050781 955.789611816406 960.852111816406 964.050659179688 964.658081054688 966.620544433594 963.824523925781 957.815368652344 957.67578125 960.493041992188 955.851745605469 959.623107910156 962.425109863281 961.653747558594 963.638427734375 963.880249023438 961.318542480469 953.928527832031 951.261047363281 954.904174804688 954.096984863281 965.588928222656 961.07763671875 970.918518066406 975.701293945312 978.182739257812 983.415710449219 976.957824707031 980.375366210938 969.167907714844 965.754150390625 964.691955566406 971.960754394531 971.206604003906 965.328063964844
952.169372558594 960.016845703125 958.593444824219 957.222351074219 953.136169433594 944.589904785156 953.577880859375 950.130920410156 956.500732421875 953.493896484375 952.329162597656 957.653259277344 959.387939453125 966.431701660156 971.484069824219 962.145263671875 959.851684570312 954.94140625 958.338256835938 962.680053710938 967.917419433594 962.931701660156 960.072937011719 960.163940429688 956.331909179688 960.033325195312 969.978637695312 964.151000976562 963.627380371094 959.9873046875 960.862854003906 964.231384277344 969.760681152344 969.619689941406 968.713073730469 969.620361328125 966.089660644531 971.051635742188 977.002685546875 973.329284667969 971.946044921875 963.484436035156 957.755859375 970.869445800781 964.916076660156 966.277954101562
