data/zlatibor_dem_simulations/DEMsim7 (1).asc
NCOLS 150
NROWS 100
XLLCORNER 7394249
YLLCORNER 4841999
CELLSIZE 30
NODATA_VALUE -9999
[rows 40 to 59 of 100, columns 0 to 45 of 150]
951.483276367188 948.035095214844 955.31494140625 969.595520019531 965.473999023438 968.452880859375 967.909851074219 965.580078125 961.405944824219 961.548767089844 976.50439453125 975.457336425781 975.989013671875 974.098388671875 979.180969238281 980.894714355469 981.896789550781 990.706298828125 981.638854980469 982.696411132812 979.514221191406 982.233703613281 981.708190917969 972.344177246094 970.103820800781 966.62451171875 973.151428222656 979.167541503906 981.456787109375 981.307495117188 982.142517089844 979.236511230469 984.662536621094 981.352416992188 978.37255859375 982.742370605469 981.777404785156 986.384094238281 973.180297851562 973.610290527344 968.18310546875 969.7763671875 971.971435546875 988.165283203125 984.56494140625 983.02685546875
951.111633300781 953.309204101562 959.600708007812 957.206298828125 956.129943847656 963.651794433594 963.694519042969 960.977233886719 968.091796875 973.718688964844 971.560485839844 969.906005859375 980.468383789062 990.322448730469 981.348999023438 983.633361816406 981.219116210938 984.838500976562 985.226806640625 999.069702148438 982.757202148438 977.861389160156 987.310668945312 983.413391113281 972.499450683594 968.110961914062 976.379028320312 978.907409667969 982.437561035156 980.532836914062 977.096374511719 982.412048339844 982.972900390625 982.885009765625 978.863647460938 991.21142578125 983.86376953125 980.602355957031 979.822692871094 971.342468261719 973.696960449219 970.857727050781 973.191101074219 973.065979003906 973.442749023438 976.312377929688
940.169982910156 952.932739257812 960.211853027344 958.201538085938 953.482238769531 961.361389160156 956.646728515625 961.413269042969 966.271606445312 975.408203125 974.13671875 972.90673828125 975.779052734375 984.331787109375 980.203002929688 989.552490234375 982.272888183594 979.697937011719 986.692443847656 990.961364746094 986.839294433594 979.381225585938 978.183715820312 987.784240722656 981.591369628906 968.279846191406 976.217956542969 980.892639160156 983.718200683594 984.241821289062 986.09033203125 983.811279296875 982.023376464844 979.247436523438 986.885559082031 984.47314453125 981.771728515625 978.273193359375 976.950256347656 975.306213378906 977.230590820312 970.758117675781 969.795288085938 970.730224609375 970.933898925781 980.22021484375
943.533325195312 945.31298828125 953.101440429688 954.879333496094 952.252136230469 950.603576660156 960.175415039062 969.669982910156 971.644897460938 976.468811035156 982.300598144531 980.366943359375 978.290405273438 984.134460449219 986.438110351562 984.333862304688 978.589599609375 975.625244140625 982.967468261719 979.906860351562 976.564453125 968.133056640625 974.719299316406 984.888977050781 977.739379882812 966.772277832031 980.59033203125 972.927062988281 978.770935058594 983.694152832031 985.101623535156 977.910034179688 988.440002441406 982.855834960938 983.306213378906 987.031616210938 978.522583007812 970.517822265625 973.858642578125 975.046875 973.717834472656 977.463134765625 964.843627929688 965.376220703125 970.429504394531 969.336853027344
945.007751464844 940.512268066406 943.793701171875 942.482849121094 948.007995605469 949.209106445312 968.578857421875 973.932067871094 979.255920410156 973.329345703125 971.440368652344 973.538757324219 966.369506835938 976.361083984375 977.097839355469 978.362854003906 975.756774902344 973.704528808594 975.990234375 971.540954589844 978.545654296875 976.809814453125 973.379455566406 971.764221191406 966.022521972656 958.952026367188 959.320861816406 967.748718261719 968.04052734375 976.267700195312 973.262573242188 981.472473144531 984.123168945312 980.483764648438 971.657165527344 971.006652832031 970.130615234375 962.912902832031 966.962585449219 973.389465332031 970.250122070312 973.770568847656 980.570861816406 979.622741699219 968.868041992188 959.773376464844
939.367126464844 942.358032226562 937.433959960938 949.1337890625 945.588745117188 961.094421386719 974.611450195312 978.613098144531 971.643798828125 966.288635253906 958.391418457031 949.589538574219 965.103942871094 973.759338378906 974.105651855469 977.867065429688 976.290222167969 968.674072265625 982.273986816406 969.521179199219 974.503173828125 973.606140136719 976.919738769531 969.446838378906 966.088195800781 956.490417480469 952.216003417969 969.439514160156 964.891418457031 967.286804199219 971.471130371094 980.170043945312 976.469421386719 978.070922851562 969.276123046875 975.216247558594 967.338073730469 969.189208984375 965.560607910156 972.026428222656 967.588073730469 977.674560546875 976.851013183594 973.06396484375 976.580200195312 970.643249511719
943.670166015625 957.085327148438 953.832092285156 959.943176269531 957.837951660156 963.26611328125 976.792114257812 972.456604003906 977.918273925781 963.236633300781 956.514526367188 963.841613769531 964.392944335938 962.974914550781 965.362121582031 978.462646484375 976.898376464844 980.712707519531 981.641906738281 971.602722167969 973.364318847656 969.77685546875 970.751342773438 972.768310546875 972.697875976562 956.299743652344 954.583984375 960.422973632812 967.277099609375 968.902404785156 975.047302246094 975.402893066406 976.498840332031 974.289855957031 970.112060546875 972.997619628906 970.404052734375 969.138854980469 973.193481445312 974.857788085938 969.247741699219 967.375610351562 967.457885742188 974.445007324219 972.995849609375 969.86669921875
955.239379882812 957.555541992188 958.539428710938 958.920776367188 962.715454101562 966.329772949219 968.260803222656 973.699584960938 977.246643066406 960.741638183594 961.97216796875 962.634948730469 961.164978027344 965.25048828125 962.576965332031 973.296752929688 976.140441894531 975.920715332031 982.320617675781 975.785766601562 973.616027832031 970.713500976562 967.81640625 967.121154785156 966.677429199219 963.932739257812 957.130920410156 963.987915039062 968.017944335938 966.223693847656 981.014099121094 976.5966796875 984.024536132812 978.268798828125 971.919128417969 974.520385742188 972.603149414062 968.0478515625 975.218994140625 966.437377929688 965.45556640625 961.33740234375 963.962219238281 967.154113769531 966.022094726562 961.18115234375
955.123901367188 955.264770507812 959.860229492188 963.442504882812 969.015258789062 963.248046875 961.479064941406 973.653930664062 970.529174804688 968.357482910156 967.906677246094 961.828430175781 959.741271972656 964.346435546875 973.566467285156 971.684875488281 981.242919921875 975.873107910156 983.880432128906 973.600769042969 968.144165039062 971.525390625 973.397033691406 967.629943847656 964.639587402344 958.494018554688 966.056091308594 966.679016113281 972.313903808594 973.235168457031 975.740661621094 982.497375488281 986.362976074219 986.284545898438 974.492004394531 974.573486328125 976.991577148438 965.606872558594 968.570739746094 961.63134765625 959.113342285156 970.00732421875 963.601867675781 962.273986816406 955.254943847656 955.887573242188
955.06201171875 953.530029296875 960.161743164062 970.803771972656 961.710815429688 965.612731933594 959.994201660156 974.818176269531 976.240173339844 966.121704101562 969.846862792969 968.3232421875 962.563232421875 964.364990234375 968.712585449219 979.468994140625 989.500915527344 975.798095703125 971.049987792969 969.872924804688 966.568908691406 974.329040527344 969.368591308594 976.369567871094 961.756103515625 959.412719726562 960.338989257812 967.150634765625 968.984497070312 975.548889160156 973.490356445312 977.916137695312 981.530700683594 974.899291992188 975.154602050781 976.516784667969 972.528564453125 970.808532714844 963.417175292969 962.451721191406 964.064331054688 967.427673339844 960.454772949219 964.311096191406 963.224670410156 953.965393066406
955.08251953125 963.0009765625 962.884155273438 967.922241210938 969.231018066406 959.322143554688 961.889282226562 964.424133300781 972.983215332031 969.259155273438 982.806823730469 973.561828613281 967.982849121094 965.441223144531 964.955017089844 969.470397949219 980.714904785156 976.890075683594 983.908203125 973.032348632812 966.44287109375 974.536499023438 972.382446289062 968.200927734375 968.742553710938 963.230651855469 958.315185546875 958.852355957031 964.556701660156 969.013916015625 970.056274414062 975.633728027344 976.377746582031 974.335327148438 976.136108398438 968.981994628906 980.279663085938 970.615356445312 965.88037109375 961.677124023438 966.480041503906 963.386779785156 963.207397460938 965.860046386719 965.4873046875 959.789611816406
961.008361816406 961.680480957031 964.259155273438 965.359741210938 963.560546875 960.217834472656 965.440307617188 961.81201171875 970.518127441406 965.072021484375 979.236572265625 980.438232421875 972.610595703125 973.147888183594 976.740356445312 984.673889160156 978.450073242188 966.296142578125 975.205444335938 973.104858398438 964.474853515625 972.085266113281 965.056274414062 962.996643066406 966.218444824219 960.989685058594 960.67138671875 961.319030761719 965.583862304688 970.807495117188 969.006896972656 964.010803222656 965.862915039062 956.949829101562 960.158142089844 959.5126953125 964.516845703125 973.980102539062 963.956970214844 958.133666992188 958.072814941406 968.207275390625 966.145385742188 970.026733398438 972.143432617188 961.811828613281
970.161315917969 964.439270019531 966.858703613281 971.846557617188 971.043884277344 963.417724609375 972.138854980469 967.146545410156 974.044189453125 983.81982421875 980.835815429688 973.444030761719 980.528259277344 970.554931640625 977.840209960938 983.450500488281 976.416931152344 971.614196777344 974.583312988281 971.398254394531 965.694763183594 976.422546386719 962.60107421875 960.153869628906 965.587219238281 960.23583984375 957.560241699219 960.29443359375 968.606811523438 969.306579589844 971.718505859375 970.819274902344 963.683715820312 958.7685546875 965.167236328125 963.913024902344 960.409118652344 964.947387695312 961.7421875 963.1669921875 960.373168945312 969.416259765625 969.750610351562 976.382568359375 974.005126953125 968.091369628906
964.742858886719 965.417541503906 970.958801269531 966.379272460938 970.054748535156 975.655090332031 968.831237792969 977.959838867188 971.019348144531 985.428405761719 985.370544433594 980.763977050781 978.234619140625 969.94970703125 979.724182128906 968.971496582031 975.220825195312 970.471069335938 964.31689453125 958.912780761719 970.912475585938 970.12158203125 962.713195800781 956.905212402344 964.2666015625 959.315307617188 955.949096679688 959.036193847656 965.201599121094 964.621154785156 964.436340332031 959.327514648438 964.98291015625 958.160461425781 961.222045898438 966.399353027344 965.538513183594 959.468383789062 957.702514648438 958.424194335938 961.066650390625 969.142883300781 970.220336914062 975.833435058594 971.785278320312 973.067321777344
960.2109375 966.132873535156 977.586853027344 976.841552734375 977.811340332031 978.798828125 976.058532714844 973.956604003906 979.957092285156 981.578247070312 978.84912109375 975.611694335938 979.193664550781 984.035583496094 981.013366699219 979.836303710938 973.518798828125 967.148681640625 966.527648925781 958.147033691406 961.171203613281 964.651123046875 963.308532714844 963.087463378906 959.324584960938 960.565673828125 960.692810058594 960.740356445312 961.958618164062 961.565185546875 967.331787109375 961.60791015625 958.126708984375 959.518432617188 964.176391601562 963.591552734375 963.41259765625 961.629272460938 958.764221191406 964.578491210938 960.621520996094 960.571533203125 964.376892089844 964.747192382812 955.488220214844 965.849365234375
960.122985839844 972.498107910156 974.940673828125 974.688781738281 977.217102050781 979.389892578125 973.458740234375 979.827575683594 976.998168945312 975.598022460938 969.144592285156 972.486877441406 985.728332519531 976.7490234375 974.050537109375 975.877075195312 978.166137695312 974.984191894531 956.835266113281 951.312316894531 955.402770996094 953.8388671875 962.255981445312 959.8330078125 960.982666015625 965.2099609375 960.797973632812 959.792541503906 963.2880859375 958.376770019531 962.80029296875 962.852233886719 963.615539550781 967.361755371094 965.415771484375 962.878234863281 954.575134277344 957.19580078125 962.191528320312 950.469299316406 953.479675292969 958.783325195312 954.426452636719 962.062683105469 959.814208984375 966.976318359375
955.058837890625 962.893676757812 976.110412597656 966.692504882812 971.367309570312 974.06298828125 979.252197265625 977.080322265625 972.262939453125 966.774658203125 962.198913574219 972.850402832031 983.415405273438 976.424865722656 965.364807128906 974.822387695312 968.427551269531 968.433776855469 963.326416015625 957.139953613281 949.600769042969 951.663024902344 959.544372558594 961.690124511719 957.894470214844 952.302307128906 952.069885253906 951.447387695312 956.291931152344 958.363647460938 959.070556640625 957.557495117188 959.099914550781 950.693725585938 961.524841308594 952.112976074219 954.573120117188 954.895629882812 958.784729003906 948.947021484375 956.057861328125 964.982666015625 959.48681640625 955.730895996094 960.007751464844 961.280090332031
958.6376953125 964.681213378906 962.760498046875 966.334777832031 971.579895019531 973.308532714844 972.407287597656 962.648193359375 957.839111328125 960.767944335938 960.28857421875 965.075256347656 977.671875 969.839965820312 967.71728515625 973.493286132812 965.4912109375 971.607177734375 970.361938476562 967.285766601562 955.364562988281 946.804138183594 960.594116210938 952.814880371094 952.327941894531 955.1298828125 953.732238769531 949.485961914062 960.876220703125 961.273559570312 958.940124511719 955.175048828125 958.636779785156 959.663940429688 962.531005859375 959.428771972656 952.434020996094 953.909118652344 950.477233886719 949.798522949219 947.443176269531 956.828247070312 957.891174316406 948.309692382812 953.382873535156 954.439208984375
963.249755859375 964.269348144531 963.061218261719 966.159240722656 973.4697265625 964.923217773438 966.560729980469 955.988037109375 957.975769042969 954.389343261719 961.787963867188 962.231262207031 967.115478515625 961.180541992188 964.282775878906 973.472106933594 971.586791992188 964.223999023438 957.019226074219 958.667724609375 950.179992675781 948.599304199219 946.989990234375 952.832153320312 956.834228515625 956.140014648438 959.014465332031 958.153503417969 961.269470214844 954.044860839844 956.637023925781 959.337646484375 958.418029785156 962.207641601562 955.67919921875 952.917236328125 948.791870117188 947.724243164062 949.382629394531 949.794616699219 948.857604980469 950.119445800781 948.441467285156 953.450927734375 955.844116210938 966.757507324219
972.805053710938 970.72607421875 958.616394042969 963.791687011719 970.030883789062 962.243713378906 966.6572265625 961.207458496094 963.252685546875 961.821533203125 960.652282714844 966.409545898438 964.405700683594 957.561096191406 954.71728515625 967.825866699219 961.606689453125 946.773742675781 947.876220703125 948.955383300781 946.313659667969 946.390686035156 951.509155273438 948.40380859375 954.1513671875 953.288452148438 952.350708007812 950.668579101562 952.862243652344 962.444030761719 955.274963378906 970.372192382812 960.701171875 956.69873046875 951.168212890625 960.378845214844 957.577270507812 952.626831054688 949.19921875 952.971801757812 946.309448242188 945.242309570312 948.239318847656 956.130554199219 961.413818359375 960.664245605469
