data/zlatibor_dem_simulations/DEMsim84 (1).asc
NCOLS 150
NROWS 100
XLLCORNER 7394249
YLLCORNER 4841999
CELLSIZE 30
NODATA_VALUE -9999
[rows 40 to 59 of 100, columns 46 to 91 of 150]
967.400085449219 976.793823242188 968.827819824219 973.224304199219 978.500122070312 967.031982421875 959.726623535156 963.155700683594 971.425598144531 974.174865722656 981.702026367188 979.388427734375 978.714965820312 980.656433105469 978.790161132812 980.405639648438 983.938842773438 981.970397949219 978.009338378906 980.276306152344 975.180541992188 971.941650390625 965.108581542969 969.772216796875 967.348266601562 970.19482421875 966.953796386719 966.423034667969 969.5234375 975.323791503906 965.806335449219 968.000549316406 979.030700683594 980.408020019531 991.267211914062 988.488830566406 993.898132324219 999.268920898438 998.628967285156 998.094604492188 1001.49377441406 999.378540039062 1000.99743652344 1001.58026123047 1007.21520996094 1005.87902832031
968.674865722656 968.464416503906 968.595092773438 973.30908203125 973.155578613281 969.413696289062 974.955200195312 971.874572753906 961.690368652344 961.889343261719 980.223693847656 974.50537109375 977.53515625 978.804382324219 981.108581542969 979.519104003906 981.714660644531 976.818481445312 977.210327148438 975.263732910156 967.064880371094 965.615478515625 963.875854492188 970.167724609375 970.582458496094 973.674377441406 968.404357910156 966.218444824219 972.948974609375 961.944519042969 967.264038085938 975.568481445312 980.679626464844 986.188110351562 985.058044433594 986.354675292969 992.200317382812 998.996520996094 990.968627929688 984.858703613281 994.947631835938 989.673583984375 988.320434570312 996.328125 1013.77490234375 1001.81256103516
970.417358398438 965.893920898438 967.639953613281 967.484375 966.174072265625 959.942016601562 971.123718261719 967.868835449219 967.296752929688 967.386108398438 974.688842773438 980.900451660156 980.802429199219 982.90966796875 980.747924804688 979.226013183594 979.248474121094 979.883483886719 971.267456054688 966.387512207031 976.056091308594 965.486145019531 964.072631835938 971.393798828125 972.930908203125 974.695556640625 972.213439941406 966.745422363281 969.379760742188 972.299377441406 976.659301757812 977.198852539062 976.089477539062 981.136291503906 981.432189941406 985.032958984375 986.941833496094 983.036926269531 987.706604003906 988.971313476562 989.1328125 987.301513671875 979.777648925781 987.563354492188 990.151672363281 988.960388183594
969.125061035156 966.9296875 962.954040527344 967.981506347656 962.504699707031 965.702819824219 970.112426757812 970.336242675781 968.298095703125 971.681579589844 980.614807128906 982.450073242188 982.262268066406 986.609130859375 980.9833984375 984.903686523438 979.002136230469 980.595458984375 977.052917480469 972.9873046875 974.8271484375 963.66796875 969.566223144531 975.703674316406 969.609436035156 970.624572753906 969.143859863281 972.19580078125 967.266967773438 969.689147949219 970.279174804688 964.51318359375 982.0498046875 975.942932128906 977.010620117188 972.939086914062 972.686462402344 982.277770996094 988.732482910156 984.33740234375 986.191711425781 976.295043945312 985.221862792969 977.503845214844 984.359130859375 980.669555664062
972.244079589844 968.532958984375 970.486206054688 964.851867675781 969.384948730469 966.726135253906 966.844665527344 971.143798828125 971.852783203125 972.694641113281 970.402221679688 975.899230957031 980.145141601562 978.588134765625 971.518432617188 978.644287109375 976.067321777344 975.204284667969 984.314147949219 979.238464355469 979.599914550781 965.028625488281 964.032348632812 971.399597167969 969.297424316406 968.587158203125 970.982727050781 974.6064453125 972.142272949219 977.392578125 967.944641113281 967.856201171875 979.170959472656 973.181518554688 972.87060546875 968.148254394531 966.310607910156 976.5703125 971.962829589844 973.143005371094 979.920227050781 974.401733398438 968.0048828125 969.569702148438 974.454040527344 969.697387695312
973.466430664062 971.861877441406 973.152038574219 971.818359375 966.896240234375 967.937927246094 968.900085449219 974.607482910156 967.704162597656 972.865783691406 970.941711425781 968.511779785156 973.533996582031 967.558349609375 965.236145019531 972.818542480469 966.654846191406 978.290405273438 978.674499511719 975.711486816406 980.626220703125 973.916809082031 962.4599609375 961.138549804688 966.804626464844 971.629211425781 969.547119140625 971.23291015625 976.594543457031 978.743041992188 971.251159667969 973.161010742188 977.623657226562 968.310424804688 968.876342773438 970.069030761719 968.542114257812 976.694702148438 977.6484375 981.160400390625 980.125427246094 976.559143066406 982.317810058594 968.919982910156 966.54296875 971.964111328125
972.503540039062 975.172241210938 974.084289550781 966.886901855469 968.403991699219 962.86083984375 965.744567871094 957.900390625 959.040710449219 969.296875 975.207824707031 971.198608398438 966.308776855469 973.535766601562 973.231506347656 969.296447753906 969.981201171875 978.875732421875 973.9716796875 979.487426757812 978.773010253906 972.952270507812 960.738952636719 957.581115722656 965.771362304688 976.176879882812 973.115905761719 980.7265625 977.131713867188 970.571044921875 977.080444335938 964.89013671875 968.747985839844 961.36181640625 968.087463378906 963.670715332031 962.518615722656 967.704406738281 969.612609863281 983.386535644531 974.93359375 979.3544921875 976.83837890625 969.884887695312 970.419372558594 970.590087890625
974.843444824219 974.51611328125 974.079528808594 967.890197753906 964.113708496094 971.516052246094 965.256652832031 959.706237792969 961.810852050781 966.724548339844 970.291870117188 972.79345703125 969.501159667969 967.520446777344 959.949890136719 971.686645507812 964.6181640625 965.91259765625 971.961242675781 971.436950683594 977.431701660156 974.137268066406 964.207336425781 968.529907226562 971.860717773438 968.355163574219 964.659729003906 972.370422363281 979.140502929688 971.997375488281 968.383605957031 964.182922363281 971.333312988281 971.916625976562 975.0947265625 969.455871582031 965.629943847656 971.531555175781 982.169921875 969.584228515625 974.088806152344 975.126159667969 976.117431640625 972.607727050781 964.97802734375 972.359252929688
970.088134765625 979.151184082031 966.23583984375 974.729248046875 968.251342773438 972.316223144531 963.4921875 955.45166015625 958.447509765625 968.084533691406 965.546997070312 959.469970703125 958.985107421875 963.351928710938 950.731262207031 960.631103515625 960.695373535156 969.988525390625 961.479675292969 969.804504394531 982.163940429688 978.774597167969 975.471496582031 970.60009765625 963.202026367188 961.975463867188 974.264709472656 974.751892089844 973.398559570312 968.976684570312 972.980041503906 967.7392578125 963.953125 962.262878417969 970.862182617188 962.779907226562 966.200988769531 983.2568359375 980.640197753906 971.374389648438 967.233337402344 971.845886230469 975.821655273438 974.026550292969 963.42041015625 969.073303222656
971.751281738281 971.65869140625 965.876403808594 968.661193847656 968.099487304688 967.541015625 960.52099609375 956.255004882812 962.255737304688 966.777160644531 966.079833984375 952.394348144531 945.687194824219 951.839111328125 944.102294921875 952.884460449219 957.158203125 970.927490234375 973.698791503906 976.776062011719 978.515441894531 969.329650878906 967.76513671875 973.487243652344 960.06494140625 964.610107421875 970.255981445312 973.4375 965.9052734375 962.775512695312 965.640686035156 968.891845703125 966.313781738281 959.021362304688 966.108703613281 967.597412109375 965.195129394531 976.977111816406 977.541259765625 971.942626953125 958.971801757812 962.298706054688 961.785400390625 959.71142578125 967.432067871094 962.2138671875
975.38818359375 967.960388183594 970.657409667969 970.644897460938 970.949584960938 968.635803222656 965.433227539062 959.463989257812 970.984924316406 967.52490234375 965.541259765625 942.569885253906 941.986511230469 945.910278320312 942.669128417969 945.079406738281 955.911499023438 965.119445800781 979.815673828125 977.865051269531 965.637084960938 960.975769042969 962.806335449219 967.382629394531 959.192321777344 966.89892578125 969.083251953125 975.289245605469 975.006042480469 963.803894042969 966.565979003906 966.533325195312 965.216369628906 956.2001953125 956.160522460938 963.625610351562 965.949279785156 972.630676269531 966.374694824219 973.087646484375 967.922668457031 974.764587402344 972.6357421875 960.459350585938 973.817565917969 971.863830566406
963.719177246094 969.855773925781 963.548217773438 966.350708007812 968.208923339844 970.569946289062 965.090576171875 966.783874511719 969.690368652344 965.655883789062 954.899597167969 942.589965820312 944.983459472656 948.310302734375 948.492919921875 950.21044921875 951.571411132812 961.065673828125 965.968872070312 969.088317871094 958.636352539062 951.5927734375 952.686950683594 964.407165527344 969.442932128906 967.2529296875 976.800964355469 964.304443359375 964.172790527344 957.880615234375 966.230163574219 965.8916015625 963.031188964844 957.815124511719 959.221862792969 961.37109375 962.527954101562 970.236389160156 969.7080078125 970.300903320312 970.328491210938 970.914428710938 973.884643554688 967.956420898438 977.560913085938 970.062805175781
959.472045898438 956.45751953125 961.259338378906 955.599975585938 945.313293457031 960.046875 949.509033203125 958.46728515625 957.460876464844 958.356567382812 948.406494140625 954.496398925781 951.802062988281 954.576965332031 959.628967285156 955.11767578125 958.285949707031 956.156799316406 968.04296875 959.516174316406 960.921630859375 958.416381835938 952.690673828125 956.707214355469 968.889343261719 970.64501953125 974.209838867188 966.230651855469 956.137756347656 962.598754882812 966.877868652344 967.444030761719 963.543579101562 962.838439941406 967.175903320312 961.252563476562 963.813354492188 969.96875 964.586975097656 963.386352539062 970.483520507812 973.266662597656 970.106201171875 974.660278320312 978.404846191406 979.917053222656
954.486389160156 957.68212890625 954.11865234375 949.516540527344 941.451293945312 946.943969726562 942.845520019531 947.923034667969 954.464416503906 959.978149414062 952.42529296875 953.841796875 952.734313964844 956.352905273438 961.677185058594 962.927551269531 951.934753417969 960.147888183594 955.648864746094 958.747436523438 951.533386230469 952.466979980469 953.742126464844 951.399353027344 954.747314453125 963.23193359375 967.110534667969 955.3173828125 958.967346191406 963.208801269531 961.397521972656 954.362426757812 963.918518066406 959.098449707031 961.742248535156 960.232177734375 968.278442382812 969.012268066406 964.899475097656 966.196838378906 963.134094238281 963.4443359375 970.358459472656 967.773010253906 976.943359375 979.897644042969
951.546325683594 952.457214355469 949.034362792969 953.123657226562 949.62939453125 950.207397460938 946.00537109375 948.780700683594 948.94482421875 961.17822265625 953.521850585938 947.031494140625 955.519836425781 954.956298828125 966.402465820312 967.564758300781 955.149108886719 957.3330078125 962.116943359375 960.651000976562 951.148803710938 953.179992675781 947.358032226562 943.621337890625 958.663452148438 964.66064453125 959.234741210938 955.781005859375 959.176452636719 955.569763183594 957.771301269531 959.658447265625 959.735961914062 960.254150390625 970.845336914062 967.116333007812 961.760803222656 957.772338867188 962.328552246094 960.995666503906 956.892333984375 968.400512695312 971.198913574219 969.324096679688 967.287414550781 975.386108398438
954.487243652344 954.771606445312 951.240234375 951.648010253906 951.887390136719 952.879516601562 951.4150390625 942.960998535156 947.783508300781 953.393432617188 961.277160644531 950.631774902344 959.027954101562 965.832397460938 962.251281738281 972.05224609375 963.89599609375 964.467834472656 959.034423828125 956.865783691406 949.940490722656 949.059326171875 952.482055664062 945.489624023438 955.890686035156 953.772644042969 958.399780273438 954.558166503906 953.292175292969 955.673950195312 954.038330078125 950.691772460938 959.377807617188 960.579833984375 962.634582519531 962.203796386719 963.893005371094 962.284362792969 965.312133789062 966.409851074219 956.727233886719 961.314880371094 963.905212402344 973.777282714844 969.843505859375 972.108215332031
954.830932617188 942.388488769531 956.512573242188 957.337158203125 954.997375488281 948.644104003906 946.643676757812 954.23974609375 949.213562011719 951.063537597656 958.118225097656 964.150329589844 959.798522949219 958.641235351562 952.351501464844 954.669494628906 964.374633789062 968.316040039062 959.671020507812 959.837646484375 951.038146972656 949.104064941406 956.694702148438 958.341186523438 959.233520507812 955.827270507812 959.214782714844 950.222290039062 955.400390625 963.58251953125 958.015380859375 954.464172363281 966.280029296875 956.987731933594 961.87109375 955.93701171875 963.105895996094 957.246948242188 959.67236328125 954.353637695312 953.697937011719 966.534301757812 969.680480957031 967.843872070312 965.332641601562 969.927734375
957.649780273438 955.223876953125 955.396240234375 956.710083007812 959.1494140625 953.964599609375 955.6015625 959.175842285156 954.008728027344 950.512390136719 949.485290527344 965.856140136719 964.600402832031 960.587219238281 962.75341796875 964.074340820312 958.997436523438 964.828979492188 957.651123046875 956.079040527344 950.554748535156 952.724060058594 955.970153808594 957.719543457031 961.821533203125 961.700500488281 958.683288574219 958.329711914062 967.863403320312 966.493774414062 961.596130371094 963.787719726562 961.022888183594 966.241638183594 960.388610839844 960.807922363281 966.520385742188 964.724365234375 958.348266601562 958.338012695312 961.081665039062 966.877075195312 964.827880859375 959.394897460938 957.551879882812 963.471252441406
959.704040527344 964.191772460938 953.779113769531 953.176452636719 958.650207519531 952.604370117188 961.00146484375 956.007202148438 964.558654785156 957.35546875 960.715209960938 969.273132324219 962.566955566406 956.797546386719 954.252502441406 955.945983886719 965.833679199219 954.189270019531 959.23388671875 951.779541015625 957.570190429688 954.05810546875 955.398986816406 958.4658203125 962.702331542969 961.053100585938 962.414367675781 956.998107910156 963.283203125 972.442810058594 966.008178710938 965.821166992188 964.467407226562 960.81640625 958.499633789062 971.153930664062 959.484741210938 959.043273925781 960.08642578125 951.377563476562 965.249572753906 967.168823242188 969.296447753906 962.445861816406 959.483947753906 968.960693359375
950.215454101562 947.459045410156 945.376525878906 952.144592285156 949.5986328125 950.611511230469 951.2255859375 957.00341796875 958.617614746094 949.441772460938 955.63037109375 962.269592285156 962.626342773438 961.459594726562 964.009887695312 957.911071777344 961.278564453125 964.08251953125 963.477294921875 950.162109375 950.218933105469 959.043823242188 959.008422851562 965.066528320312 974.870849609375 974.460571289062 962.679748535156 962.044189453125 964.704345703125 964.518859863281 969.42138671875 969.379760742188 963.670593261719 959.800659179688 966.09130859375 971.236206054688 968.687561035156 957.619750976562 957.8017578125 957.816162109375 963.578369140625 963.159423828125 969.653137207031 972.974792480469 962.378540039062 958.650512695312
