data/zlatibor_dem_simulations/DEMsim49.asc
NCOLS 150
NROWS 100
XLLCORNER 7394249
YLLCORNER 4841999
CELLSIZE 30
NODATA_VALUE -9999
[rows 60 to 79 of 100, columns 46 to 91 of 150]
953.671691894531 946.786560058594 948.842590332031 957.0322265625 959.579650878906 952.639404296875 948.018432617188 957.729858398438 958.176452636719 960.166137695312 963.031921386719 965.393188476562 968.46826171875 969.6533203125 972.108703613281 966.648559570312 967.983459472656 973.064880371094 964.45458984375 956.241394042969 965.78564453125 958.553344726562 959.557678222656 963.458557128906 965.536071777344 964.488159179688 961.492309570312 965.255615234375 968.855041503906 964.584655761719 960.62890625 962.673828125 960.41650390625 968.311706542969 967.77392578125 969.340148925781 976.236389160156 971.995483398438 966.219421386719 974.151672363281 980.423278808594 973.18310546875 974.8115234375 961.435241699219 964.9072265625 971.234924316406
948.788452148438 954.954711914062 954.080932617188 951.11962890625 948.88134765625 948.196472167969 943.661987304688 956.307495117188 952.931884765625 958.917663574219 965.036926269531 969.030395507812 962.105346679688 965.555297851562 969.298889160156 973.308349609375 974.851257324219 973.11962890625 971.021240234375 969.013488769531 970.441772460938 964.653991699219 960.414184570312 971.004455566406 961.044189453125 963.153442382812 966.131286621094 969.370361328125 967.590576171875 966.531372070312 961.107482910156 959.64208984375 968.012329101562 970.989624023438 962.785522460938 975.820251464844 978.554565429688 976.407836914062 978.413269042969 970.641540527344 974.144714355469 975.906005859375 976.106323242188 971.847778320312 970.553955078125 966.263671875
959.950012207031 950.638610839844 953.491271972656 946.120910644531 945.521484375 943.566650390625 947.563232421875 948.969299316406 953.099914550781 957.658569335938 959.799682617188 963.156799316406 954.453369140625 967.954467773438 963.44921875 972.134338378906 967.906616210938 961.459167480469 964.309875488281 971.104736328125 970.878662109375 970.503540039062 969.644836425781 970.170593261719 960.898803710938 968.113952636719 972.196472167969 965.05810546875 968.566528320312 960.695373535156 961.684509277344 957.9384765625 969.227905273438 964.773193359375 964.654174804688 975.615478515625 979.052551269531 972.419799804688 974.639831542969 971.405700683594 977.937744140625 979.638916015625 983.154846191406 977.898254394531 968.956298828125 977.835327148438
960.227966308594 952.368225097656 949.465148925781 952.520874023438 949.237182617188 946.695678710938 947.802795410156 953.213989257812 964.964172363281 962.988586425781 962.738159179688 960.772338867188 960.086486816406 965.046569824219 958.483642578125 964.474731445312 956.513793945312 952.619140625 956.395324707031 956.333190917969 967.34375 975.836791992188 968.886352539062 968.756103515625 967.098022460938 982.71337890625 980.852966308594 970.142028808594 964.613830566406 966.344116210938 959.807983398438 966.588684082031 967.445129394531 965.420043945312 966.228210449219 978.140441894531 973.786865234375 981.593383789062 979.020263671875 973.821655273438 974.834533691406 974.290893554688 974.655334472656 979.119262695312 968.319519042969 976.921020507812
961.385314941406 958.203002929688 960.296264648438 950.581726074219 949.826293945312 962.3427734375 951.738098144531 957.730590820312 960.682006835938 964.185241699219 963.04541015625 968.784790039062 958.296508789062 951.638244628906 964.366333007812 963.221313476562 956.503173828125 961.428466796875 953.8740234375 953.079895019531 967.888488769531 971.843933105469 980.86181640625 975.810363769531 976.055847167969 974.527526855469 980.237854003906 969.746276855469 972.635437011719 972.203247070312 965.07861328125 963.536682128906 974.302001953125 982.212280273438 978.349853515625 983.224487304688 978.407043457031 975.099670410156 976.752868652344 965.913208007812 982.148010253906 984.051635742188 981.137634277344 978.053649902344 980.769958496094 982.328430175781
961.078491210938 964.024841308594 961.291931152344 958.72998046875 956.150451660156 958.110046386719 963.989990234375 966.846984863281 966.3427734375 966.278686523438 968.794128417969 969.807800292969 967.269409179688 965.321960449219 962.796447753906 967.589782714844 969.355712890625 970.394104003906 958.237243652344 966.350219726562 967.110534667969 977.651550292969 981.027770996094 971.375305175781 973.5654296875 974.028930664062 964.651550292969 970.165222167969 973.230163574219 976.76513671875 973.261169433594 970.547241210938 974.8779296875 975.791137695312 976.766418457031 982.967407226562 982.173461914062 985.027709960938 983.300659179688 977.763977050781 982.87744140625 976.418884277344 976.924621582031 970.468505859375 977.042663574219 979.271545410156
963.068237304688 967.5556640625 968.505554199219 964.972473144531 962.709838867188 962.29833984375 972.735473632812 966.868957519531 967.93896484375 971.700866699219 971.267333984375 966.633056640625 971.38818359375 971.636840820312 964.68603515625 974.194763183594 970.620666503906 973.970275878906 978.108947753906 978.375610351562 975.738098144531 972.674743652344 969.906433105469 970.243530273438 978.692260742188 975.667358398438 966.702087402344 967.98291015625 973.811096191406 966.766296386719 972.44580078125 973.694885253906 980.665649414062 973.636535644531 975.771057128906 978.561950683594 984.152648925781 983.663024902344 982.632629394531 979.640991210938 988.115905761719 981.884094238281 976.672424316406 970.406311035156 971.24853515625 973.508239746094
971.270690917969 974.460754394531 969.826782226562 976.063110351562 968.315307617188 973.774291992188 971.954528808594 968.938598632812 975.674987792969 963.463012695312 962.619873046875 969.091003417969 972.917724609375 976.261047363281 968.670715332031 973.932373046875 976.844055175781 979.998840332031 982.39599609375 975.602355957031 975.933715820312 976.29345703125 966.668151855469 977.878112792969 975.25341796875 975.435607910156 966.880249023438 975.350280761719 974.456909179688 980.136596679688 977.834106445312 982.579711914062 986.809265136719 980.59619140625 970.999816894531 979.510131835938 985.810302734375 986.133178710938 984.852966308594 989.676574707031 982.260070800781 982.970397949219 976.473083496094 982.080627441406 977.739624023438 971.833374023438
978.943603515625 979.667846679688 988.061950683594 973.476135253906 985.858276367188 988.8154296875 981.518005371094 978.639526367188 968.877258300781 972.39892578125 972.719909667969 976.063110351562 973.588989257812 967.154724121094 978.202453613281 973.976379394531 974.065368652344 978.73974609375 977.663940429688 970.701782226562 969.037475585938 968.026245117188 968.004150390625 967.803649902344 967.921875 976.131408691406 975.509826660156 977.127746582031 974.62548828125 978.834838867188 977.654296875 990.534729003906 997.480590820312 978.652282714844 975.652282714844 984.008361816406 991.469116210938 992.916381835938 994.685363769531 981.794738769531 985.518859863281 972.539978027344 971.345703125 973.797790527344 970.224243164062 979.538146972656
981.550903320312 986.648254394531 989.460205078125 983.027954101562 982.5546875 986.3798828125 989.986450195312 982.605773925781 975.271728515625 978.553039550781 973.752319335938 970.042724609375 968.622375488281 961.021667480469 966.416809082031 977.269714355469 976.810546875 975.952331542969 975.242370605469 970.11962890625 968.107727050781 968.59228515625 965.694702148438 965.706176757812 973.66259765625 981.932189941406 978.158813476562 985.261108398438 987.764038085938 985.639038085938 987.255737304688 981.694396972656 985.673156738281 980.237365722656 978.666870117188 980.968322753906 985.946105957031 994.511901855469 999.118774414062 985.051025390625 983.128784179688 986.460815429688 982.464782714844 973.971801757812 979.191528320312 975.914672851562
992.389709472656 991.278564453125 991.156127929688 987.524719238281 988.171752929688 983.335998535156 982.382019042969 989.315307617188 982.687744140625 967.163940429688 973.388427734375 975.159729003906 969.305114746094 967.290893554688 971.213623046875 967.891784667969 967.088806152344 971.758239746094 977.91162109375 976.731201171875 974.2236328125 972.333557128906 975.086608886719 974.698669433594 969.143432617188 976.404235839844 982.225036621094 986.77587890625 992.759582519531 988.524353027344 982.478088378906 978.30712890625 982.282958984375 984.633117675781 979.3544921875 984.767700195312 990.624450683594 994.501037597656 991.787292480469 986.475708007812 984.802429199219 988.35498046875 981.802917480469 980.37451171875 973.381530761719 974.152465820312
984.843078613281 992.664794921875 989.012756347656 991.019409179688 991.475219726562 984.337646484375 982.47998046875 982.716918945312 975.2685546875 965.772338867188 969.474670410156 972.632141113281 974.356567382812 982.461486816406 976.958251953125 976.614990234375 968.801025390625 966.46826171875 969.770324707031 965.619262695312 973.434936523438 977.035827636719 978.251342773438 976.624816894531 974.180053710938 985.077026367188 980.721435546875 988.365417480469 990.910339355469 982.7978515625 985.071105957031 991.718505859375 984.879211425781 984.002502441406 987.019653320312 986.939514160156 992.842590332031 992.127685546875 988.257751464844 982.155639648438 976.698669433594 978.917724609375 989.187316894531 987.622802734375 980.501770019531 976.223083496094
996.953063964844 1001.82598876953 991.609741210938 996.228759765625 991.83203125 983.687927246094 978.263366699219 985.435974121094 971.082763671875 971.260070800781 977.113342285156 972.232299804688 976.483093261719 981.385070800781 974.283142089844 983.552062988281 972.264343261719 973.914184570312 965.888732910156 965.673645019531 971.00146484375 971.551208496094 986.206420898438 986.944885253906 978.643676757812 978.898803710938 978.793273925781 984.658508300781 985.358459472656 976.785461425781 986.469604492188 994.344848632812 986.674926757812 987.178955078125 992.713562011719 993.837768554688 994.426330566406 997.967895507812 985.067932128906 975.741149902344 980.778686523438 978.875305175781 991.157287597656 979.155456542969 989.473937988281 985.156921386719
1000.01849365234 1008.76495361328 1010.07257080078 1002.65051269531 999.642883300781 991.560180664062 991.24169921875 985.770141601562 983.709228515625 979.942260742188 978.133361816406 977.244201660156 972.401000976562 983.87646484375 976.477783203125 979.360473632812 975.294921875 981.741577148438 974.369201660156 972.169311523438 970.217102050781 979.420471191406 983.558898925781 983.918029785156 971.999633789062 980.555297851562 987.576477050781 984.873596191406 986.023986816406 988.329528808594 994.699279785156 992.249328613281 990.294921875 995.513793945312 982.164855957031 994.654724121094 998.162780761719 1000.42138671875 995.408508300781 985.59033203125 981.826965332031 986.496765136719 992.452331542969 991.251647949219 979.215209960938 984.930847167969
1009.40112304688 1006.33575439453 1011.11114501953 1011.82385253906 1000.42663574219 992.258850097656 992.720825195312 984.799682617188 990.214294433594 979.468688964844 976.541564941406 974.285522460938 979.737426757812 989.967712402344 987.725463867188 974.908996582031 975.299865722656 973.160522460938 971.231384277344 973.351135253906 977.423034667969 980.37548828125 984.771423339844 978.230041503906 979.490112304688 986.845275878906 981.286560058594 985.508117675781 985.508422851562 991.189331054688 998.966064453125 998.26904296875 995.930297851562 993.237609863281 992.421020507812 988.993957519531 996.417663574219 996.452514648438 994.523132324219 991.299743652344 984.462585449219 991.960144042969 985.832397460938 987.835388183594 977.853698730469 983.730407714844
1005.93811035156 1013.29724121094 1016.59729003906 1006.33050537109 999.59716796875 999.7099609375 1000.11437988281 989.751403808594 989.730407714844 986.098449707031 975.239929199219 972.67138671875 982.838256835938 996.607666015625 979.609375 975.033630371094 976.407348632812 965.87451171875 969.868347167969 980.226867675781 984.186828613281 988.127197265625 991.794738769531 985.400573730469 986.324768066406 985.206237792969 978.822265625 988.03759765625 991.565124511719 997.425415039062 1007.23596191406 1005.19299316406 1000.34912109375 1002.53192138672 995.9150390625 994.773071289062 990.768188476562 997.37890625 990.113098144531 996.243041992188 986.252990722656 983.984497070312 993.578674316406 989.290344238281 981.537658691406 979.342651367188
1010.80847167969 1013.82086181641 1001.25170898438 999.368041992188 999.947021484375 998.80078125 990.0693359375 992.369384765625 980.873474121094 978.969421386719 973.88720703125 983.611450195312 984.370361328125 989.850463867188 983.339782714844 980.846862792969 978.832580566406 972.917663574219 972.997253417969 977.971313476562 984.055358886719 981.352172851562 976.570739746094 982.053344726562 985.083435058594 992.611572265625 989.000915527344 995.427795410156 998.197448730469 997.837219238281 1010.87377929688 1003.44439697266 1005.47985839844 1002.77709960938 996.814331054688 996.007751464844 1001.53356933594 999.0380859375 995.950805664062 991.172668457031 992.466003417969 988.280944824219 989.212829589844 989.841857910156 985.667053222656 975.698913574219
1015.927734375 1015.91082763672 1005.83453369141 1001.005859375 996.43798828125 991.433776855469 985.258850097656 988.666381835938 987.862121582031 986.077270507812 979.873962402344 980.24462890625 988.112121582031 981.908142089844 980.597961425781 977.457092285156 974.487915039062 973.123596191406 962.193969726562 979.945251464844 986.806091308594 986.984497070312 975.798645019531 977.733154296875 981.051513671875 987.501342773438 993.832092285156 996.424560546875 996.339965820312 991.565795898438 1000.80926513672 1001.46850585938 1001.06762695312 1002.33233642578 993.082946777344 1002.63983154297 1007.21978759766 1000.96490478516 987.282775878906 1000.40484619141 999.136169433594 1000.96099853516 993.409790039062 985.772155761719 984.377868652344 984.223571777344
1008.89080810547 1011.26647949219 1002.67724609375 1006.91314697266 1003.99407958984 994.034362792969 984.897888183594 986.18115234375 977.895568847656 979.43212890625 974.301452636719 978.532897949219 977.824279785156 982.207641601562 974.465576171875 974.049011230469 973.621643066406 970.178833007812 962.357116699219 975.614318847656 980.509704589844 977.314880371094 971.92236328125 980.709533691406 984.288391113281 983.974304199219 1005.23870849609 996.623657226562 994.532775878906 998.354858398438 998.394897460938 994.310974121094 1003.63366699219 1004.42321777344 1009.67761230469 1004.30249023438 1003.77734375 996.579040527344 992.818481445312 997.826599121094 992.574096679688 998.346618652344 986.765319824219 990.54248046875 991.221496582031 983.8447265625
1004.16333007812 1007.17590332031 1003.26812744141 1007.93432617188 1011.99829101562 1004.00805664062 998.070861816406 990.608642578125 988.8896484375 988.77490234375 979.557861328125 983.9580078125 981.317749023438 984.456237792969 985.304809570312 981.957336425781 977.948425292969 978.317016601562 974.910217285156 969.317138671875 980.756591796875 982.190185546875 980.063171386719 984.316711425781 986.731140136719 982.195861816406 995.916259765625 1002.29992675781 994.335632324219 998.371337890625 998.5107421875 997.223449707031 997.220703125 1001.45617675781 1004.61981201172 1008.74853515625 1002.86016845703 1011.07879638672 1006.91650390625 1005.15844726562 994.102355957031 997.880676269531 996.879150390625 997.516174316406 998.668884277344 985.612243652344
