data/zlatibor_dem_simulations/DEMsim85.asc
NCOLS 150
NROWS 100
XLLCORNER 7394249
YLLCORNER 4841999
CELLSIZE 30
NODATA_VALUE -9999
[rows 20 to 39 of 100, columns 0 to 45 of 150]
961.039428710938 957.183959960938 963.991149902344 956.784362792969 960.698852539062 968.047180175781 974.131896972656 972.195678710938 972.962097167969 972.202758789062 966.747375488281 965.487548828125 958.46630859375 961.802795410156 958.991271972656 960.099914550781 962.417785644531 969.677734375 975.020202636719 979.0146484375 976.257446289062 969.903503417969 976.566345214844 986.105712890625 994.158508300781 1001.61999511719 1000.49816894531 1004.19555664062 1009.27697753906 1015.19049072266 1017.22521972656 1012.57904052734 1013.88763427734 1009.40167236328 1016.71575927734 1020.31622314453 1029.39794921875 1023.30877685547 1019.697265625 1022.26568603516 1032.30212402344 1033.67810058594 1037.13244628906 1035.24291992188 1028.96838378906 1014.82934570312
964.404418945312 952.205505371094 965.3544921875 966.322998046875 958.618225097656 964.830139160156 958.191589355469 965.219177246094 960.574462890625 953.571228027344 961.732788085938 955.652648925781 964.044616699219 961.4560546875 953.096496582031 955.470153808594 964.444213867188 966.846008300781 969.278137207031 971.018127441406 970.405029296875 976.619750976562 984.792907714844 989.589477539062 988.058715820312 992.019165039062 993.5771484375 997.638671875 997.893981933594 1005.43304443359 1008.77380371094 1009.10290527344 1014.70733642578 1008.72119140625 1016.32580566406 1025.34118652344 1019.72918701172 1019.42956542969 1020.94976806641 1022.869140625 1028.50573730469 1034.17810058594 1040.96997070312 1034.4560546875 1022.63232421875 1006.35467529297
965.773010253906 961.595275878906 965.8564453125 962.146179199219 954.643737792969 951.366333007812 945.482666015625 947.841918945312 943.392517089844 943.830078125 949.675170898438 949.498962402344 953.115173339844 957.083557128906 957.848449707031 954.813781738281 963.866333007812 973.343078613281 976.423156738281 972.520690917969 963.312438964844 975.272216796875 983.351379394531 975.881042480469 985.090270996094 991.258239746094 996.313720703125 1008.58728027344 1000.82263183594 1007.85772705078 1007.35290527344 1006.06555175781 1003.16973876953 1005.22125244141 1010.86871337891 1019.04156494141 1020.27764892578 1010.84539794922 1022.53009033203 1029.69445800781 1024.18566894531 1028.18249511719 1026.287109375 1023.29382324219 1012.06378173828 1015.26275634766
951.820251464844 958.261413574219 961.832885742188 961.979919433594 954.44189453125 955.360595703125 948.110961914062 948.404357910156 953.316101074219 954.640563964844 952.445434570312 954.230285644531 959.083312988281 960.812377929688 956.322143554688 956.453674316406 963.442321777344 970.649169921875 986.594543457031 974.336303710938 968.330322265625 975.982788085938 974.431396484375 972.29541015625 983.345764160156 987.70263671875 994.015502929688 1002.88824462891 996.864990234375 995.186218261719 999.535278320312 1010.57751464844 1013.59106445312 1005.04949951172 1013.87774658203 1021.98779296875 1014.79919433594 1009.98101806641 1017.33056640625 1030.2294921875 1023.13885498047 1021.07189941406 1021.25299072266 1018.87554931641 1022.69470214844 1016.70642089844
950.79296875 942.252990722656 947.872924804688 943.924560546875 950.806274414062 952.817138671875 953.904663085938 963.164123535156 967.647277832031 966.195434570312 961.755981445312 958.925109863281 960.687683105469 960.25341796875 955.383422851562 967.891784667969 978.057312011719 970.718017578125 976.107482910156 974.439819335938 967.294555664062 967.707214355469 982.912841796875 978.948852539062 979.777404785156 982.603515625 992.712890625 993.355834960938 984.99658203125 990.703674316406 992.705993652344 1006.32171630859 1002.33959960938 1008.52160644531 1010.09027099609 1018.08471679688 1012.95306396484 1016.21697998047 1013.04907226562 1015.03576660156 1015.51025390625 1022.08239746094 1017.3046875 1023.26043701172 1013.52557373047 1006.55737304688
943.252807617188 949.79150390625 950.789367675781 952.90771484375 958.641052246094 953.135986328125 959.403991699219 963.892272949219 972.571533203125 968.421630859375 968.890258789062 966.11865234375 966.454223632812 961.119262695312 960.968200683594 963.214111328125 982.28857421875 967.639953613281 974.54833984375 966.727783203125 971.877746582031 968.257507324219 979.818420410156 982.810791015625 983.215637207031 974.644104003906 977.340270996094 983.740417480469 985.831787109375 990.485900878906 992.186706542969 998.416076660156 1003.92761230469 1011.2880859375 999.432067871094 1007.33197021484 1013.11029052734 1010.00866699219 1011.28948974609 1014.01123046875 1008.09967041016 1006.17340087891 1015.87622070312 1014.06103515625 1015.25842285156 1007.67333984375
946.953918457031 948.995849609375 954.285400390625 956.785766601562 958.121276855469 959.625915527344 958.812805175781 962.788146972656 971.258544921875 964.942749023438 964.9814453125 968.171813964844 966.979248046875 967.199096679688 974.217956542969 973.991455078125 972.025146484375 970.173461914062 980.235595703125 984.339538574219 977.293823242188 978.080749511719 978.340637207031 979.140563964844 981.259826660156 985.007690429688 986.215087890625 994.571594238281 989.955810546875 991.39697265625 1003.09106445312 995.226989746094 1006.14947509766 1008.24060058594 1005.60040283203 997.459594726562 1000.74816894531 1011.56610107422 1013.84002685547 1015.92993164062 1017.71557617188 1011.86260986328 995.802917480469 1000.70648193359 1006.572265625 1002.60235595703
951.7587890625 949.565795898438 961.008483886719 957.70849609375 961.589477539062 959.276733398438 960.673645019531 958.0302734375 968.702209472656 966.144287109375 973.049133300781 975.179321289062 973.365417480469 976.551879882812 975.16162109375 974.290161132812 969.050720214844 974.704956054688 975.736022949219 982.558654785156 979.003356933594 978.537292480469 983.95849609375 989.380737304688 980.977661132812 983.493347167969 989.482360839844 993.400756835938 994.483093261719 989.598815917969 996.767272949219 986.433471679688 998.248413085938 1003.94927978516 1000.02587890625 990.593383789062 996.923034667969 995.628295898438 1009.96850585938 1011.490234375 1007.89910888672 1008.15295410156 997.169860839844 992.5625 992.99267578125 997.320922851562
946.701538085938 948.339172363281 958.640258789062 958.642395019531 959.552551269531 953.819519042969 963.692077636719 960.103698730469 966.643981933594 963.752502441406 968.060546875 973.163330078125 978.460388183594 978.125732421875 969.705688476562 975.290283203125 962.650207519531 968.374816894531 980.874816894531 983.869079589844 974.974182128906 972.273376464844 987.237976074219 985.726318359375 983.035278320312 993.88671875 995.926635742188 994.874694824219 987.956787109375 980.845397949219 982.521423339844 985.565795898438 991.869995117188 995.651245117188 995.533508300781 987.992553710938 986.733154296875 988.894958496094 1000.14202880859 1003.23706054688 1008.22924804688 999.921691894531 994.181884765625 987.119689941406 983.331420898438 993.448364257812
956.126098632812 952.780029296875 961.649597167969 963.901733398438 951.289611816406 959.035583496094 956.558837890625 958.729797363281 961.95458984375 966.364929199219 981.193542480469 980.636291503906 980.459533691406 975.946716308594 966.533325195312 970.102478027344 965.158447265625 971.854675292969 984.777709960938 988.771545410156 981.107421875 976.825317382812 977.180114746094 988.551147460938 994.181579589844 993.739440917969 988.40673828125 991.168273925781 981.233764648438 974.998840332031 984.251342773438 987.936767578125 986.305847167969 995.1943359375 991.246459960938 983.553100585938 989.028076171875 993.709777832031 992.635437011719 998.893371582031 1004.76898193359 1005.49877929688 1000.64624023438 988.302185058594 987.17333984375 994.017700195312
960.299743652344 959.558410644531 965.86279296875 965.865417480469 955.804138183594 952.393005371094 962.809204101562 964.942687988281 963.171325683594 980.762573242188 977.697570800781 984.025390625 982.37939453125 980.03955078125 969.811157226562 966.988647460938 970.364562988281 976.185668945312 978.734436035156 986.802734375 985.016235351562 986.539794921875 987.398681640625 983.417541503906 984.73779296875 984.303833007812 984.34423828125 978.345825195312 976.615661621094 971.866882324219 983.450317382812 993.338928222656 976.779602050781 985.685852050781 992.77490234375 988.338623046875 989.820556640625 985.131042480469 987.053466796875 991.656372070312 987.093078613281 996.651245117188 987.923889160156 987.247863769531 987.088684082031 991.976745605469
950.618225097656 958.739196777344 957.707214355469 967.314270019531 971.358093261719 970.064025878906 967.351440429688 963.989868164062 969.718627929688 980.97412109375 976.444885253906 977.2841796875 970.080749511719 974.065246582031 975.748229980469 975.131774902344 975.056945800781 972.240356445312 981.884216308594 981.980590820312 977.523742675781 985.241577148438 986.40771484375 985.095764160156 979.520080566406 972.340026855469 980.696655273438 978.933898925781 973.066833496094 971.961303710938 980.553894042969 984.673278808594 986.15673828125 993.194519042969 989.697631835938 994.953002929688 992.82470703125 981.91796875 976.950134277344 989.683227539062 988.92822265625 987.5869140625 983.570434570312 995.61669921875 995.445983886719 993.971435546875
955.989196777344 961.313232421875 962.936157226562 964.594604492188 967.287048339844 967.432312011719 966.006042480469 967.117980957031 968.72216796875 976.554260253906 973.028381347656 970.795471191406 982.182739257812 978.564514160156 968.392211914062 972.952026367188 966.701477050781 965.845092773438 981.851745605469 980.837646484375 982.416442871094 983.038757324219 988.095520019531 982.007568359375 979.277893066406 974.4697265625 976.594848632812 979.721252441406 980.392272949219 975.959045410156 983.158569335938 982.799987792969 988.143737792969 988.751647949219 995.129028320312 994.126831054688 999.355163574219 993.06396484375 986.292846679688 977.642883300781 985.968811035156 983.511840820312 988.269104003906 992.474487304688 991.821166992188 988.709533691406
952.303649902344 965.89990234375 965.024475097656 970.213684082031 966.339416503906 975.019226074219 972.294189453125 969.92236328125 962.384582519531 971.45703125 969.580871582031 984.024475097656 984.331237792969 973.122924804688 970.003356933594 973.577209472656 967.783569335938 972.697509765625 974.97265625 975.622375488281 978.629089355469 990.345642089844 986.029724121094 978.882934570312 979.420349121094 976.451477050781 973.957336425781 975.817932128906 978.15673828125 978.612731933594 981.222351074219 979.450988769531 984.468994140625 980.275573730469 977.003601074219 988.639770507812 993.532165527344 988.578857421875 985.138000488281 977.528625488281 981.317504882812 985.582702636719 988.497314453125 982.17578125 982.979797363281 978.552124023438
957.345458984375 955.926391601562 961.683349609375 956.352478027344 962.694458007812 972.184509277344 974.410522460938 976.043090820312 961.625183105469 971.281677246094 971.532043457031 985.013366699219 992.295349121094 981.692077636719 974.397705078125 972.459594726562 969.623413085938 973.706909179688 974.961486816406 984.130187988281 984.919494628906 986.639831542969 987.002136230469 977.932800292969 980.374389648438 981.799987792969 981.039611816406 975.699157714844 978.885559082031 976.06640625 986.755493164062 989.552368164062 990.988952636719 985.026184082031 979.242431640625 985.422119140625 985.820373535156 983.264831542969 983.024780273438 983.246337890625 978.145080566406 976.544738769531 985.011047363281 989.809936523438 979.576293945312 981.31982421875
955.778503417969 950.827514648438 957.67724609375 963.197082519531 973.256103515625 969.9345703125 971.359558105469 963.6396484375 969.164855957031 973.930297851562 979.776977539062 988.351440429688 979.693298339844 973.292297363281 974.279174804688 974.370056152344 969.735961914062 972.37353515625 978.275207519531 986.425109863281 974.403503417969 978.673400878906 980.408630371094 975.4609375 980.605285644531 985.136474609375 982.171569824219 981.024353027344 975.120239257812 974.778381347656 987.595642089844 993.04541015625 987.661560058594 984.533569335938 981.259094238281 970.303405761719 982.877136230469 978.930603027344 979.252563476562 975.195068359375 978.037109375 981.46630859375 982.157104492188 976.395568847656 981.926086425781 976.796081542969
953.088806152344 957.673095703125 962.979431152344 972.780456542969 976.026184082031 981.117858886719 971.476135253906 973.32666015625 965.547546386719 978.130126953125 978.439758300781 976.425659179688 973.623901367188 974.576599121094 975.484436035156 969.608703613281 963.679016113281 962.131958007812 972.24267578125 985.994567871094 979.703674316406 982.368530273438 976.287658691406 970.616027832031 972.708190917969 983.449035644531 981.714111328125 984.186889648438 976.687133789062 979.862731933594 984.097290039062 982.475158691406 988.769165039062 982.944152832031 979.426635742188 978.96533203125 977.607482910156 975.418762207031 971.732360839844 970.803588867188 972.137329101562 980.326843261719 972.372436523438 972.1552734375 977.265502929688 981.010925292969
955.541259765625 956.51904296875 967.06689453125 975.070922851562 975.367797851562 971.491760253906 973.287170410156 972.262817382812 973.741088867188 968.583068847656 971.586975097656 973.969482421875 968.431945800781 970.247863769531 964.1591796875 968.4189453125 976.34033203125 973.690185546875 976.750305175781 984.952209472656 980.72314453125 981.189819335938 977.56201171875 970.648010253906 969.017395019531 972.464172363281 973.691284179688 974.467163085938 978.662292480469 976.738037109375 974.991760253906 982.372314453125 982.313354492188 981.657592773438 992.699401855469 989.224792480469 983.010559082031 978.915283203125 975.90283203125 981.605285644531 974.972961425781 966.597106933594 965.693359375 971.610717773438 969.352478027344 976.261779785156
964.889038085938 960.18408203125 960.428955078125 968.772277832031 969.242797851562 965.628356933594 972.889099121094 969.927185058594 967.249145507812 964.312622070312 974.934509277344 971.743286132812 965.605651855469 966.854248046875 966.506103515625 971.62890625 978.633972167969 974.6201171875 984.44970703125 980.23486328125 986.447326660156 978.773620605469 972.437683105469 973.008239746094 968.44970703125 972.427368164062 965.114013671875 961.439636230469 968.109924316406 980.941101074219 978.172973632812 981.985778808594 984.002624511719 983.198791503906 981.443237304688 978.382385253906 972.162963867188 973.299926757812 972.399658203125 984.398742675781 979.459350585938 967.950134277344 955.77978515625 958.477661132812 962.687072753906 966.909851074219
965.546630859375 957.765197753906 965.930297851562 971.627868652344 962.759460449219 965.384582519531 963.877258300781 963.566955566406 968.330444335938 964.048034667969 962.966857910156 965.632385253906 966.154479980469 968.483032226562 975.484924316406 972.349182128906 968.186340332031 973.877258300781 977.50634765625 974.927673339844 979.459350585938 974.191528320312 981.148620605469 974.33154296875 977.194885253906 971.859802246094 970.881286621094 965.335327148438 966.775146484375 964.901062011719 974.203125 983.640197753906 983.060974121094 982.8056640625 977.187683105469 977.10791015625 983.656494140625 976.842163085938 981.069702148438 978.393127441406 974.291931152344 966.768615722656 958.361145019531 951.727905273438 960.909301757812 968.899719238281
