data/zlatibor_dem_simulations/DEMsim57.asc
NCOLS 150
NROWS 100
XLLCORNER 7394249
YLLCORNER 4841999
CELLSIZE 30
NODATA_VALUE -9999
[rows 60 to 79 of 100, columns 46 to 91 of 150]
949.363891601562 961.139892578125 958.975219726562 954.614562988281 956.939025878906 949.790649414062 950.782348632812 948.673522949219 960.58935546875 961.480346679688 960.561584472656 961.700439453125 958.695190429688 959.959777832031 958.6201171875 960.586303710938 961.031982421875 950.015747070312 959.628723144531 953.480651855469 960.483703613281 965.779479980469 964.8203125 968.074340820312 967.286865234375 970.167175292969 963.138488769531 963.799072265625 972.439514160156 969.329772949219 964.323974609375 969.482177734375 964.650146484375 962.463562011719 973.701965332031 974.949035644531 965.428771972656 962.081726074219 969.78369140625 968.184875488281 960.316772460938 962.963439941406 969.929626464844 965.972473144531 975.171142578125 967.692687988281
955.102355957031 960.133056640625 959.883666992188 950.096435546875 954.919799804688 952.67919921875 949.446472167969 953.830932617188 961.769958496094 954.195190429688 963.531311035156 953.659301757812 956.292541503906 965.51171875 955.025451660156 956.127136230469 960.278076171875 958.548583984375 962.542663574219 955.656005859375 963.347106933594 964.572265625 970.996765136719 971.629760742188 971.337768554688 971.808227539062 971.029663085938 961.04443359375 962.308349609375 968.67041015625 960.379455566406 960.341979980469 966.499084472656 968.245239257812 969.909545898438 978.498474121094 973.011352539062 968.864685058594 974.623474121094 971.103698730469 971.348205566406 974.821899414062 969.051940917969 971.181396484375 970.051635742188 970.195434570312
953.064208984375 958.400756835938 964.520874023438 948.958251953125 960.71484375 964.183044433594 955.895446777344 959.507568359375 963.255798339844 956.799865722656 962.310852050781 961.376159667969 962.549255371094 965.545471191406 962.12255859375 959.942749023438 952.666564941406 948.493530273438 945.385559082031 950.959777832031 951.910339355469 951.736755371094 962.122802734375 966.707153320312 968.663452148438 974.510864257812 970.237060546875 967.349365234375 964.085571289062 969.730224609375 957.772277832031 961.113464355469 973.334350585938 970.092590332031 966.750122070312 973.203369140625 978.808227539062 976.441528320312 970.447387695312 974.5791015625 975.678771972656 979.3466796875 978.667419433594 971.744934082031 975.902038574219 967.193969726562
943.701416015625 952.895080566406 958.650268554688 963.729553222656 968.466796875 968.615173339844 963.968994140625 960.035095214844 965.935424804688 963.439636230469 966.297302246094 979.999206542969 968.996032714844 964.962890625 958.357543945312 960.31982421875 957.203857421875 960.882507324219 949.146423339844 944.598693847656 944.03564453125 950.939697265625 959.777893066406 972.804443359375 978.12939453125 984.025268554688 976.957580566406 970.961486816406 966.00341796875 963.299011230469 954.263916015625 958.448608398438 970.04931640625 974.058837890625 970.65478515625 976.249816894531 985.9130859375 979.260498046875 978.13525390625 977.193542480469 980.049560546875 975.129272460938 975.373107910156 976.116516113281 970.228210449219 967.214416503906
944.382934570312 954.293090820312 961.67138671875 967.262756347656 972.075439453125 969.150268554688 963.109741210938 958.297241210938 964.424255371094 966.751281738281 964.768981933594 968.790649414062 958.998107910156 960.357116699219 964.038269042969 953.901489257812 959.734680175781 969.468811035156 954.115478515625 944.861022949219 939.075134277344 942.720458984375 958.816467285156 967.394714355469 971.505126953125 979.293334960938 982.3603515625 977.956115722656 975.393859863281 968.955993652344 967.154968261719 958.758544921875 969.62890625 965.440856933594 977.975646972656 972.447082519531 980.544494628906 986.509521484375 983.306213378906 983.111877441406 976.799011230469 981.829467773438 975.2119140625 967.435363769531 975.266357421875 971.121276855469
962.684326171875 959.089904785156 970.107360839844 972.991333007812 974.422973632812 973.457458496094 975.228210449219 971.771484375 960.469848632812 964.620788574219 966.695007324219 962.683654785156 963.721740722656 964.485534667969 973.420471191406 962.58740234375 955.655944824219 962.827026367188 955.446594238281 954.557495117188 946.255615234375 951.743835449219 951.466064453125 966.019714355469 975.757934570312 975.320190429688 984.520446777344 980.114990234375 980.318420410156 980.496337890625 969.881042480469 967.753967285156 977.519104003906 982.2001953125 973.467041015625 974.00830078125 982.068298339844 992.290405273438 984.516540527344 973.301025390625 979.81298828125 967.30419921875 973.449157714844 974.411315917969 975.682373046875 981.279724121094
962.0947265625 961.315124511719 970.340759277344 983.46484375 978.57373046875 981.339416503906 976.412963867188 973.861022949219 960.884460449219 966.713195800781 970.479919433594 962.14306640625 966.429138183594 971.969116210938 973.698974609375 962.431396484375 964.703308105469 969.625732421875 961.788696289062 954.234558105469 958.813110351562 951.784912109375 958.522277832031 969.79150390625 971.945678710938 977.097290039062 974.045776367188 977.556762695312 972.016174316406 970.68359375 977.969665527344 980.051452636719 981.726989746094 970.229431152344 975.230407714844 968.350402832031 978.68505859375 983.64990234375 984.165222167969 977.256713867188 981.19482421875 968.5361328125 972.995788574219 982.03515625 974.131469726562 974.870178222656
964.380798339844 963.618041992188 973.932861328125 984.297241210938 982.695007324219 986.287170410156 974.996704101562 973.517822265625 969.663879394531 971.701049804688 972.943725585938 972.847045898438 979.165283203125 972.609802246094 979.231872558594 970.585388183594 972.59228515625 974.687744140625 962.239685058594 959.246948242188 960.921325683594 953.203979492188 957.939819335938 967.783630371094 975.893493652344 977.932312011719 969.02734375 970.379577636719 970.747497558594 970.841979980469 973.989929199219 979.880615234375 972.622497558594 978.361389160156 975.334289550781 974.348449707031 973.645263671875 982.589965820312 986.413452148438 986.057434082031 974.619995117188 974.652709960938 981.613342285156 978.260620117188 972.579711914062 982.7177734375
968.688537597656 978.271789550781 967.077758789062 979.213562011719 975.511047363281 984.829956054688 973.600952148438 973.175964355469 973.406188964844 971.226440429688 977.370788574219 975.286743164062 971.678466796875 967.898620605469 972.624267578125 977.744262695312 978.936767578125 978.860961914062 966.124755859375 965.778686523438 970.828918457031 967.441284179688 967.581115722656 975.662170410156 974.751525878906 980.856506347656 978.957092285156 976.305908203125 977.832153320312 975.260192871094 980.858154296875 975.2490234375 964.346557617188 974.515686035156 978.233154296875 970.866027832031 974.663208007812 977.414245605469 978.985534667969 985.340026855469 982.247009277344 991.664794921875 989.955993652344 985.442199707031 984.208068847656 985.5966796875
975.184143066406 971.020874023438 967.856201171875 984.234252929688 983.460083007812 988.237609863281 993.800354003906 989.958129882812 981.183959960938 969.800537109375 972.226745605469 981.228088378906 966.632446289062 970.690368652344 977.334899902344 977.67822265625 979.483154296875 979.130493164062 978.55078125 970.194702148438 976.037109375 975.500671386719 969.811401367188 988.734802246094 982.412780761719 980.893310546875 983.464660644531 977.711181640625 981.528564453125 981.675231933594 979.212524414062 973.739807128906 972.8740234375 967.645141601562 973.18017578125 975.818298339844 981.313293457031 978.929321289062 984.834289550781 984.960510253906 985.4609375 980.298217773438 984.730529785156 991.310546875 984.659057617188 976.162475585938
983.359436035156 991.112182617188 988.053588867188 988.063598632812 988.463012695312 997.189025878906 990.927062988281 986.794982910156 982.741455078125 968.502014160156 969.798950195312 969.811889648438 974.53271484375 971.2431640625 970.525268554688 964.661010742188 977.043273925781 983.270629882812 976.291381835938 976.30078125 986.851501464844 980.586730957031 981.182067871094 976.763671875 979.691772460938 986.639953613281 980.158081054688 988.647521972656 981.198059082031 986.264953613281 989.998168945312 974.13525390625 971.722290039062 979.49462890625 978.563537597656 974.554443359375 979.153137207031 986.288513183594 981.227844238281 982.906799316406 984.214538574219 975.483337402344 980.819091796875 978.351257324219 968.756408691406 971.448791503906
991.006164550781 999.812438964844 998.118286132812 991.990844726562 988.275146484375 986.207580566406 986.473815917969 987.071655273438 990.233581542969 978.377502441406 976.329467773438 973.427307128906 971.9521484375 966.094665527344 961.242614746094 967.283569335938 977.64990234375 962.412719726562 971.578552246094 978.795654296875 987.0185546875 985.327453613281 976.294494628906 972.984802246094 977.763000488281 975.482116699219 982.841003417969 987.951904296875 990.124938964844 989.618896484375 977.888732910156 976.728332519531 975.786376953125 977.58349609375 969.885620117188 978.052062988281 980.788818359375 980.173706054688 981.860534667969 984.520629882812 978.58154296875 976.417358398438 971.17041015625 968.695251464844 967.700866699219 973.998229980469
998.737976074219 1005.47296142578 1010.21051025391 993.027587890625 992.896423339844 986.209045410156 986.115112304688 988.304931640625 989.102783203125 975.481262207031 971.469604492188 977.483459472656 976.714294433594 969.399536132812 966.593994140625 968.754455566406 973.919189453125 974.226623535156 970.353454589844 972.221740722656 980.340026855469 982.964904785156 985.91259765625 980.652587890625 978.734985351562 980.676635742188 981.239379882812 987.101745605469 997.131408691406 993.687255859375 987.745239257812 984.579284667969 977.912048339844 979.509399414062 979.825744628906 979.106323242188 983.110656738281 982.576110839844 983.126953125 984.448059082031 977.466491699219 967.38232421875 967.568786621094 966.804077148438 971.242919921875 973.563903808594
1009.53796386719 1017.53448486328 1002.73083496094 999.29052734375 1002.21258544922 1005.72320556641 997.966186523438 989.028076171875 993.160034179688 986.815124511719 980.462585449219 974.112915039062 982.310424804688 977.117797851562 967.031982421875 967.593017578125 969.794799804688 971.298095703125 972.336791992188 971.977783203125 981.918395996094 980.096801757812 984.809875488281 983.830017089844 983.735534667969 988.994323730469 977.708984375 982.518615722656 979.664306640625 991.983215332031 989.292907714844 984.664733886719 986.625671386719 977.949951171875 978.023010253906 981.686706542969 987.726745605469 982.963806152344 986.533203125 984.31689453125 985.6025390625 977.641662597656 982.982971191406 970.111389160156 969.548156738281 977.632141113281
999.918518066406 1005.47534179688 1003.57940673828 1005.21832275391 1003.15417480469 1000.96350097656 1002.1611328125 994.868835449219 990.496643066406 983.023681640625 977.243530273438 971.581970214844 976.513793945312 978.709411621094 963.099426269531 971.370239257812 972.057373046875 970.18359375 975.782653808594 978.866638183594 977.061218261719 984.431213378906 987.811401367188 993.029541015625 991.091613769531 989.848693847656 989.780029296875 993.426147460938 991.356079101562 998.634826660156 1000.76501464844 996.822021484375 994.350158691406 993.123474121094 987.953002929688 989.260192871094 990.23388671875 994.582702636719 989.958923339844 985.644165039062 981.010559082031 983.404541015625 982.19775390625 979.730163574219 977.876403808594 968.366760253906
1016.11840820312 1011.00238037109 1011.12982177734 1014.61822509766 1007.73822021484 1000.6787109375 1000.24523925781 1001.22711181641 989.737854003906 989.744750976562 974.658447265625 975.341979980469 977.758361816406 980.603393554688 976.514282226562 973.443237304688 976.21044921875 975.322326660156 975.843200683594 973.686218261719 978.996826171875 983.806213378906 985.326110839844 991.396545410156 1000.67315673828 1001.54241943359 998.3134765625 997.50732421875 997.852111816406 998.002685546875 999.336364746094 1002.70544433594 994.40771484375 998.851928710938 1003.10571289062 995.037353515625 997.627014160156 992.891479492188 989.084228515625 981.570373535156 986.88818359375 978.989196777344 983.184753417969 986.752014160156 986.442749023438 984.797607421875
1016.41760253906 1023.28625488281 1012.63549804688 1003.70440673828 999.495422363281 997.875122070312 1007.55865478516 1005.04412841797 995.866333007812 996.515319824219 984.447509765625 979.074157714844 976.630187988281 975.601257324219 981.165222167969 979.286804199219 988.177429199219 976.991333007812 975.233215332031 969.659118652344 979.690856933594 980.548156738281 981.185119628906 986.269165039062 987.94580078125 994.432250976562 995.986999511719 1004.18579101562 1008.02819824219 1005.28070068359 1003.61004638672 1003.54870605469 999.9541015625 995.007202148438 996.778991699219 997.625061035156 998.109497070312 1001.30895996094 995.554260253906 994.041381835938 983.758483886719 979.995910644531 978.096618652344 990.686096191406 995.018493652344 994.996520996094
1010.11840820312 1012.50115966797 1007.73858642578 1001.05578613281 1002.38250732422 998.396118164062 1005.28002929688 1003.16375732422 1009.95874023438 1000.91668701172 986.17431640625 976.753295898438 978.709411621094 984.403015136719 981.187622070312 979.250915527344 982.651794433594 973.724670410156 973.752075195312 980.708923339844 974.004089355469 974.78857421875 978.920593261719 986.981750488281 983.374145507812 993.366333007812 995.646789550781 1003.82873535156 1008.34045410156 1006.53765869141 1002.03118896484 999.778625488281 990.773498535156 1001.45025634766 1003.37872314453 996.04638671875 999.188720703125 1005.08868408203 1002.39080810547 1000.27777099609 988.067016601562 980.402648925781 983.055114746094 990.588684082031 992.218017578125 990.125183105469
1008.92803955078 1005.7861328125 1001.13092041016 999.692687988281 990.281433105469 991.909423828125 993.743469238281 1000.31842041016 1006.828125 1008.23010253906 989.403015136719 978.423645019531 980.352355957031 985.770141601562 981.8193359375 979.391052246094 977.247985839844 974.417358398438 969.8232421875 973.925354003906 971.365417480469 966.586120605469 969.921875 983.491943359375 980.938171386719 977.286804199219 997.023681640625 1005.02520751953 1004.90704345703 1006.13250732422 1008.42517089844 1002.29382324219 995.960876464844 1000.78662109375 1016.42443847656 997.658752441406 997.86181640625 1006.76977539062 1009.06915283203 998.046508789062 982.953186035156 989.2666015625 980.124206542969 991.888305664062 995.118286132812 988.907653808594
1006.06884765625 1000.65533447266 1000.57434082031 1003.79113769531 994.238952636719 988.388061523438 991.18408203125 998.659545898438 1012.47869873047 1011.1455078125 991.979553222656 982.900024414062 984.798767089844 985.410400390625 993.169067382812 992.377075195312 980.542602539062 976.854675292969 971.885559082031 973.023742675781 977.280456542969 980.941040039062 975.737060546875 970.66796875 979.033325195312 982.106140136719 995.563049316406 996.915649414062 1000.89019775391 1007.12390136719 1005.97332763672 1008.42614746094 1001.25280761719 1006.69134521484 1011.40380859375 1008.93176269531 996.074584960938 998.931274414062 1007.03393554688 1004.22064208984 997.955932617188 997.661743164062 996.059814453125 991.41015625 984.944702148438 986.812194824219
