data/zlatibor_dem_simulations/DEMsim7 (1).asc
NCOLS 150
NROWS 100
XLLCORNER 7394249
YLLCORNER 4841999
CELLSIZE 30
NODATA_VALUE -9999
[rows 80 to 99 of 100, columns 46 to 91 of 150]
1027.44885253906 1029.8994140625 1020.15356445312 1027.35876464844 1016.70227050781 1011.66271972656 1002.04632568359 995.09228515625 991.237976074219 986.699462890625 990.760803222656 993.392883300781 990.7021484375 975.608825683594 973.555969238281 981.439758300781 978.479431152344 978.519592285156 976.266662597656 979.445129394531 981.455200195312 979.037170410156 977.73828125 979.029418945312 982.913146972656 991.431457519531 990.596496582031 995.848693847656 990.325439453125 994.404113769531 991.25927734375 999.009521484375 999.945007324219 996.906982421875 1005.51239013672 1010.9853515625 1007.45867919922 1010.42877197266 1010.78442382812 1010.98913574219 1003.07666015625 1000.49108886719 996.147033691406 998.024230957031 985.640197753906 990.617797851562
1025.17248535156 1016.97277832031 1019.47882080078 1017.701171875 1014.77587890625 1006.80212402344 1000.79663085938 990.799072265625 993.0908203125 985.187805175781 987.309387207031 990.538757324219 978.092041015625 982.310729980469 978.400573730469 978.336853027344 977.391662597656 977.287963867188 979.826293945312 976.818298339844 977.199279785156 976.905944824219 986.209838867188 982.901123046875 985.441345214844 988.795654296875 999.823852539062 998.407043457031 996.770263671875 993.816467285156 990.5439453125 997.192016601562 1004.96423339844 1012.61822509766 1014.81872558594 1008.80218505859 1007.13232421875 1008.7490234375 1011.8623046875 1004.94024658203 1002.46826171875 1000.56164550781 999.118957519531 1000.17211914062 995.731384277344 992.746643066406
1021.83312988281 1020.03875732422 1018.97882080078 1012.31591796875 1010.86669921875 1013.91461181641 1003.54522705078 993.486877441406 988.656982421875 977.84326171875 976.150512695312 980.3193359375 981.240356445312 983.745483398438 976.261840820312 972.870666503906 968.085021972656 972.368896484375 975.16796875 975.633361816406 977.793884277344 976.395080566406 977.867370605469 984.300170898438 988.929382324219 995.66796875 990.752258300781 990.599365234375 995.560668945312 989.886840820312 992.574768066406 994.567993164062 1000.46716308594 999.445678710938 1005.17993164062 1000.92138671875 1000.17126464844 1002.52618408203 1002.03088378906 1006.29046630859 1004.11511230469 1005.26440429688 1004.50372314453 996.567321777344 998.453186035156 987.90380859375
1011.50744628906 1016.25836181641 1010.80035400391 1013.10290527344 1007.50958251953 1007.80517578125 1002.52893066406 988.636596679688 983.135498046875 978.556335449219 985.622924804688 985.566833496094 991.304870605469 993.116088867188 987.969299316406 974.091735839844 972.611145019531 976.911254882812 976.795166015625 984.796813964844 980.836059570312 982.902282714844 984.243286132812 990.8173828125 993.04150390625 997.215942382812 981.787902832031 992.533142089844 986.305786132812 987.848388671875 991.98046875 991.954650878906 993.968811035156 991.200134277344 992.458801269531 987.336242675781 997.704772949219 1004.41882324219 1013.29168701172 1006.29907226562 1002.68267822266 1006.02221679688 1003.25512695312 1000.12213134766 998.172973632812 980.763549804688
1009.89709472656 1010.60443115234 1002.34710693359 1001.98370361328 998.973999023438 997.551696777344 991.163879394531 981.535949707031 984.912475585938 988.61181640625 991.168518066406 989.240051269531 993.819396972656 999.159240722656 992.283508300781 989.8173828125 988.709533691406 989.790466308594 993.123718261719 989.423278808594 983.521667480469 985.007995605469 985.480163574219 992.315979003906 994.401611328125 988.457763671875 983.783447265625 985.570861816406 985.032348632812 981.817138671875 987.418212890625 988.10546875 986.112487792969 988.184875488281 987.939270019531 992.104064941406 998.12451171875 1007.45635986328 1016.46838378906 1007.37475585938 1004.87823486328 1001.26208496094 1004.125 998.359558105469 988.911376953125 989.060485839844
1004.09484863281 1006.99938964844 992.517578125 997.197387695312 1000.39703369141 1000.94348144531 991.031311035156 987.886901855469 986.260131835938 992.946533203125 992.865417480469 991.321228027344 993.939697265625 999.868591308594 1002.77838134766 993.864501953125 991.278747558594 996.315307617188 998.254455566406 995.803283691406 995.261413574219 985.108642578125 993.043151855469 1001.93884277344 989.967651367188 984.656555175781 992.061462402344 989.925659179688 985.268249511719 987.650817871094 993.921203613281 990.844909667969 988.8759765625 992.826171875 985.674926757812 991.943298339844 1000.04327392578 1011.427734375 1009.38201904297 1007.06829833984 1000.23492431641 994.140869140625 1007.19696044922 1009.27435302734 1008.748046875 997.014892578125
990.812805175781 1000.90325927734 996.023010253906 992.112182617188 1004.75439453125 1005.09967041016 1001.61413574219 988.000427246094 991.941040039062 993.267700195312 992.751892089844 991.99609375 995.344299316406 999.8916015625 994.669189453125 985.509765625 993.817504882812 988.884094238281 988.24072265625 990.761047363281 994.026733398438 995.521057128906 989.531799316406 988.013732910156 987.925354003906 987.161926269531 987.339904785156 990.114135742188 989.114562988281 988.895080566406 993.596862792969 993.109741210938 988.4765625 991.599731445312 997.522583007812 989.40283203125 996.983642578125 1003.82098388672 999.6474609375 1003.46905517578 1006.36315917969 1004.36181640625 1013.6630859375 1006.08038330078 1011.27886962891 1008.99938964844
992.892944335938 991.379760742188 995.727233886719 990.436706542969 998.768981933594 996.648254394531 991.928283691406 996.734069824219 996.486877441406 993.868408203125 1004.70324707031 997.962158203125 998.655334472656 994.922180175781 993.656127929688 991.588806152344 985.143249511719 990.54443359375 987.700134277344 986.629943847656 991.702026367188 989.520812988281 988.948425292969 993.135192871094 990.875 984.490173339844 994.301635742188 998.491027832031 997.183471679688 995.852966308594 988.234680175781 990.6298828125 990.233703613281 995.546569824219 990.332580566406 994.222351074219 996.967224121094 1002.93853759766 1001.55047607422 1003.70977783203 1005.87091064453 1012.00140380859 1018.00634765625 1010.27856445312 1011.7626953125 1004.51611328125
991.675537109375 997.135009765625 997.205444335938 997.421936035156 991.142456054688 993.698181152344 990.123413085938 996.425964355469 999.703796386719 1005.60021972656 1002.91705322266 1000.36340332031 991.143005371094 984.575927734375 994.890258789062 1001.08203125 993.762756347656 998.050842285156 988.854431152344 994.251647949219 991.767578125 985.352905273438 983.66259765625 993.139587402344 981.257690429688 990.088500976562 1007.82287597656 1002.19018554688 997.867492675781 996.25146484375 989.856079101562 999.701416015625 996.264709472656 986.1064453125 993.494689941406 993.412963867188 1005.24206542969 1006.12036132812 1002.21490478516 1003.42700195312 1006.87371826172 1013.04516601562 1009.20916748047 1004.85986328125 1004.97106933594 1005.61511230469
985.352966308594 985.48193359375 995.354553222656 1001.78588867188 1006.35906982422 996.753967285156 990.673950195312 997.367004394531 1004.60363769531 1006.87841796875 1006.89233398438 1012.39575195312 996.510131835938 992.517150878906 992.392883300781 1001.16619873047 1003.86999511719 1000.31976318359 1000.7939453125 1001.87231445312 999.160217285156 981.557250976562 983.969970703125 981.170043945312 987.804870605469 994.967895507812 1002.5107421875 999.445617675781 1002.37072753906 1002.37237548828 1005.27062988281 995.467651367188 993.219787597656 992.809997558594 984.493774414062 998.182861328125 1000.60913085938 1005.47637939453 1005.25274658203 998.287536621094 1010.13836669922 1009.97143554688 1011.83361816406 1005.54534912109 1007.41229248047 1008.52331542969
982.236755371094 988.271179199219 990.0087890625 996.851196289062 994.497192382812 994.775939941406 997.20458984375 1000.96911621094 1002.48248291016 1010.52575683594 1005.83557128906 1003.63537597656 1001.38610839844 1003.15411376953 1000.07464599609 1005.07550048828 1005.54229736328 999.150939941406 1006.35925292969 1004.5673828125 998.309875488281 997.077819824219 992.775634765625 988.853332519531 990.933044433594 988.736328125 992.474670410156 999.074279785156 999.031433105469 995.823974609375 992.5966796875 987.386474609375 991.991638183594 992.67041015625 997.771423339844 989.66162109375 992.244689941406 997.555847167969 1003.83935546875 996.592529296875 1006.70532226562 1006.28802490234 1009.76690673828 1014.02807617188 1019.07635498047 1013.61663818359
970.015563964844 982.014404296875 990.542541503906 984.776977539062 989.055236816406 994.605224609375 999.83056640625 1004.74456787109 1008.92883300781 1008.52673339844 1003.87548828125 1005.21142578125 1007.34167480469 1016.46917724609 1016.97741699219 1013.37780761719 1014.53771972656 1009.43548583984 1007.67510986328 1003.36773681641 995.775695800781 993.265197753906 992.2041015625 992.902893066406 987.62890625 987.931030273438 990.948852539062 1004.94775390625 997.280700683594 997.910827636719 997.254455566406 989.476440429688 996.906005859375 989.409545898438 995.263549804688 993.348693847656 992.992065429688 995.106384277344 1005.45147705078 1000.39990234375 1006.68585205078 1009.44543457031 1009.87438964844 1017.29760742188 1012.86651611328 1019.1201171875
977.966430664062 977.477905273438 975.820983886719 979.913452148438 993.458190917969 991.022338867188 999.365661621094 1006.38067626953 1010.45843505859 1007.07171630859 1004.78564453125 1011.43225097656 1013.70916748047 1023.84649658203 1017.59930419922 1017.88287353516 1012.12341308594 1008.80975341797 1000.95123291016 1008.13879394531 991.958862304688 988.474914550781 995.953125 991.927001953125 994.10693359375 999.282531738281 995.366455078125 997.209655761719 995.5634765625 997.024780273438 997.129211425781 996.032836914062 992.979797363281 998.954650878906 988.780944824219 994.890991210938 998.694519042969 997.95263671875 999.978393554688 1000.59216308594 1007.36834716797 1005.42236328125 1014.2822265625 1011.23760986328 1016.78497314453 1019.23846435547
974.071594238281 976.540222167969 982.389343261719 982.318237304688 985.538940429688 999.363830566406 1000.08239746094 999.523681640625 1006.88586425781 1001.99780273438 1007.34069824219 1017.65655517578 1024.44421386719 1023.3173828125 1026.0791015625 1019.52856445312 1014.98577880859 1012.63848876953 1006.89392089844 1003.22540283203 997.864440917969 1005.00854492188 998.666625976562 997.615478515625 995.619323730469 995.066955566406 995.175598144531 1001.68988037109 1003.03424072266 991.8125 997.775085449219 997.278015136719 1002.78729248047 998.986145019531 996.552673339844 1004.25769042969 997.330932617188 995.714294433594 999.782043457031 1006.6201171875 1004.92645263672 1009.95556640625 1008.40771484375 1009.85302734375 1012.24847412109 1025.56213378906
972.229553222656 970.64404296875 974.420776367188 975.874572753906 985.471557617188 991.330627441406 990.148559570312 1000.53002929688 1006.99792480469 1002.36065673828 1012.07946777344 1021.98602294922 1021.69653320312 1019.97686767578 1012.56842041016 1011.05133056641 1019.88299560547 1006.53680419922 1006.97796630859 996.925537109375 1008.24145507812 1008.92309570312 1005.27709960938 1007.81518554688 1003.48687744141 999.460571289062 997.332641601562 1004.27966308594 1010.80517578125 1010.77374267578 1002.87573242188 1002.48931884766 1002.02185058594 993.7802734375 997.251159667969 1008.83355712891 1005.99285888672 1008.46295166016 999.780578613281 1006.56707763672 1004.14587402344 1002.3994140625 1003.33581542969 1008.76605224609 1012.19421386719 1024.03063964844
975.220886230469 969.862243652344 975.049499511719 971.72265625 979.337951660156 977.81201171875 991.524475097656 996.958435058594 1000.39178466797 1001.10229492188 1007.30139160156 1006.64251708984 1006.08862304688 1010.84448242188 1016.76312255859 1023.91387939453 1019.04809570312 1014.61328125 1009.90124511719 1014.42431640625 1007.0361328125 1017.16546630859 1006.86798095703 1003.21710205078 1005.48260498047 998.6044921875 995.238403320312 1008.8408203125 1008.72259521484 1012.90563964844 1007.39196777344 1007.63452148438 1003.26666259766 995.305114746094 1005.07562255859 1007.76007080078 1007.51989746094 1006.80389404297 1009.81024169922 1007.90234375 1008.85180664062 1002.46661376953 997.135192871094 1003.52783203125 1014.65557861328 1020.99047851562
975.518615722656 969.330993652344 971.827819824219 975.507690429688 977.776733398438 981.930297851562 996.72021484375 1000.04748535156 998.457458496094 1006.08081054688 1018.28491210938 1021.06488037109 1013.86828613281 1016.01953125 1021.69091796875 1032.11499023438 1031.95654296875 1020.86431884766 1020.77630615234 1025.48120117188 1023.90856933594 1019.70526123047 1013.83776855469 1007.56665039062 1000.20678710938 1004.80657958984 1001.47857666016 1006.69604492188 1013.19677734375 1010.43115234375 1007.55548095703 995.924560546875 996.776000976562 996.217407226562 1003.45971679688 999.858215332031 1003.33966064453 999.433288574219 1019.97644042969 1021.08978271484 1010.90698242188 1000.42449951172 1002.68865966797 1007.13067626953 1014.37890625 1017.23150634766
973.034729003906 970.677612304688 974.730529785156 977.083312988281 974.345764160156 980.646240234375 981.471435546875 994.50927734375 999.524658203125 1008.45550537109 1004.65454101562 1010.66986083984 1010.16320800781 1016.71166992188 1019.34954833984 1033.83227539062 1035.76586914062 1025.50805664062 1019.66766357422 1027.9931640625 1024.98327636719 1025.80041503906 1025.87536621094 1016.78552246094 1017.57904052734 1013.16320800781 1013.27783203125 1013.62225341797 1011.55224609375 1007.14685058594 1005.89123535156 999.506103515625 996.565795898438 996.881652832031 998.734619140625 996.561706542969 1001.85748291016 1004.39099121094 1005.62475585938 1015.93182373047 1006.33587646484 1003.18634033203 1001.47875976562 996.432922363281 1009.85302734375 1016.08850097656
967.517211914062 978.353393554688 977.970947265625 982.111572265625 977.567016601562 993.682006835938 987.712097167969 994.122314453125 992.986267089844 995.789733886719 1001.23004150391 1001.3232421875 1001.78454589844 1007.56683349609 1022.37750244141 1035.56311035156 1028.37475585938 1027.42163085938 1024.36413574219 1022.49615478516 1028.5654296875 1028.36645507812 1020.66735839844 1029.27392578125 1027.8056640625 1029.28625488281 1023.68634033203 1018.94836425781 1012.49993896484 1006.78106689453 1007.06219482422 1008.73052978516 1007.04736328125 995.034118652344 997.174072265625 1000.78527832031 995.822082519531 998.185668945312 998.672485351562 1004.49432373047 1004.47534179688 1007.74505615234 1005.21868896484 1003.203125 1004.26098632812 1021.34497070312
973.527526855469 970.624450683594 973.640808105469 987.971374511719 986.279418945312 992.290344238281 992.315551757812 991.9208984375 990.421447753906 1000.3408203125 993.483154296875 997.879760742188 1003.10400390625 1009.48980712891 1018.45538330078 1031.64978027344 1015.59674072266 1011.27661132812 1016.51428222656 1029.14123535156 1031.1669921875 1034.80920410156 1018.47180175781 1020.38970947266 1024.87377929688 1029.48120117188 1022.92315673828 1019.09155273438 1014.25909423828 1014.12231445312 1009.19750976562 1004.38128662109 995.233215332031 1001.63714599609 997.700988769531 1000.16046142578 1003.85534667969 998.548095703125 1001.62145996094 1000.06939697266 1003.04797363281 1009.92425537109 1002.43786621094 992.332458496094 994.247802734375 1007.67736816406
