data/zlatibor_dem_simulations/DEMsim89.asc
NCOLS 150
NROWS 100
XLLCORNER 7394249
YLLCORNER 4841999
CELLSIZE 30
NODATA_VALUE -9999
[rows 20 to 39 of 100, columns 0 to 45 of 150]
954.546325683594 958.449829101562 965.095581054688 963.866333007812 962.232177734375 961.778869628906 963.757507324219 971.085510253906 970.358520507812 974.902954101562 976.632995605469 974.166198730469 969.553894042969 959.049560546875 967.801940917969 970.296020507812 975.218383789062 964.183166503906 973.175415039062 972.38720703125 967.64208984375 970.936645507812 975.541809082031 983.295288085938 992.39990234375 1001.85375976562 1005.15637207031 1010.23638916016 1003.08947753906 1004.89739990234 1016.71026611328 1012.45227050781 1018.18365478516 1018.71710205078 1025.45739746094 1026.10485839844 1020.78790283203 1026.38989257812 1032.45190429688 1033.04443359375 1036.7646484375 1031.31396484375 1038.61096191406 1028.18176269531 1024.95690917969 1023.91162109375
933.78271484375 942.694396972656 944.617858886719 950.286560058594 947.40234375 955.717102050781 965.279479980469 958.413208007812 966.367004394531 964.764465332031 969.570190429688 970.745666503906 963.258911132812 960.543090820312 962.814025878906 966.591918945312 972.327392578125 975.0087890625 977.563903808594 966.408508300781 968.347412109375 966.025939941406 962.772644042969 972.133728027344 982.146606445312 989.336486816406 999.901000976562 1008.77838134766 1006.96624755859 1004.28289794922 1008.98358154297 1009.47589111328 1015.03009033203 1015.89001464844 1011.90002441406 1017.88848876953 1020.42431640625 1024.54528808594 1030.47973632812 1033.94030761719 1032.61364746094 1022.28173828125 1027.67272949219 1021.1337890625 1022.66680908203 1013.14093017578
940.537963867188 939.480224609375 943.267944335938 945.267944335938 951.417114257812 950.157104492188 958.095397949219 946.779174804688 955.282348632812 955.210571289062 969.397338867188 964.617309570312 958.313415527344 959.187255859375 956.486145019531 961.016235351562 965.332885742188 970.207336425781 972.375549316406 977.397705078125 983.538635253906 972.785400390625 969.025329589844 978.325378417969 981.081298828125 989.705810546875 991.662170410156 1000.97790527344 1006.02026367188 1012.04858398438 1005.50823974609 1011.19036865234 1007.42254638672 1010.70056152344 1010.88299560547 1021.00427246094 1020.69989013672 1021.11096191406 1031.95739746094 1043.32373046875 1034.05932617188 1022.37298583984 1024.158203125 1016.88488769531 1006.64721679688 1001.38427734375
952.389770507812 940.845031738281 939.039733886719 940.38623046875 939.628295898438 948.272277832031 945.0302734375 946.968139648438 961.167358398438 959.331665039062 961.342590332031 957.565368652344 958.850402832031 956.041809082031 954.63818359375 959.569519042969 962.00048828125 965.012756347656 972.220275878906 973.199279785156 967.437316894531 963.165283203125 973.597717285156 981.429870605469 984.160339355469 986.694641113281 1003.66064453125 997.928588867188 999.276245117188 997.876892089844 1007.98596191406 1003.90954589844 1012.05999755859 1008.62127685547 1015.92224121094 1011.43243408203 1011.80303955078 1020.10321044922 1028.15393066406 1028.08447265625 1028.9755859375 1022.71057128906 1024.43884277344 1016.48175048828 1007.74017333984 1005.26416015625
958.226379394531 950.903625488281 943.299011230469 947.109924316406 942.630615234375 955.329772949219 949.478515625 950.018127441406 960.49169921875 974.083984375 966.742492675781 959.6083984375 961.724914550781 960.903747558594 951.518615722656 963.13037109375 967.623596191406 964.327758789062 972.419189453125 969.037719726562 964.848022460938 972.135681152344 977.078002929688 981.911682128906 983.065673828125 986.294494628906 991.927917480469 998.059326171875 1001.63342285156 994.179565429688 1000.92224121094 1011.69049072266 1003.19775390625 1009.81005859375 1011.99053955078 1013.49591064453 1006.79241943359 1014.55822753906 1023.19012451172 1030.97082519531 1016.74304199219 1014.85699462891 1009.56140136719 1014.85113525391 1006.38995361328 1007.21618652344
949.145202636719 947.429321289062 947.3193359375 950.559997558594 958.08154296875 963.382202148438 959.037780761719 954.360778808594 962.50537109375 975.47607421875 968.290283203125 964.556884765625 964.181030273438 962.077392578125 961.942565917969 965.466674804688 967.870849609375 970.500793457031 968.720031738281 970.305297851562 972.375 975.142456054688 979.002990722656 983.582336425781 980.91845703125 982.453918457031 985.980651855469 995.490844726562 1001.23937988281 993.751708984375 993.565795898438 1000.87567138672 998.107604980469 995.247253417969 999.479370117188 995.470336914062 1005.7392578125 1008.68243408203 1027.30493164062 1020.75360107422 1015.92401123047 1014.32458496094 1004.75579833984 997.980346679688 997.285522460938 1005.095703125
955.279663085938 955.213134765625 951.933410644531 952.605834960938 954.020568847656 957.58642578125 965.528503417969 965.364501953125 967.893615722656 968.756896972656 965.305480957031 962.226501464844 965.728149414062 969.568176269531 968.061645507812 967.444519042969 965.359008789062 968.63525390625 963.60205078125 974.601440429688 979.408813476562 981.872253417969 977.642944335938 980.092041015625 972.446472167969 972.859497070312 980.094848632812 989.278503417969 1006.98638916016 1004.40307617188 996.952819824219 994.659301757812 994.6337890625 988.739562988281 990.818054199219 996.121765136719 1002.72747802734 1016.31597900391 1022.32763671875 1021.31683349609 1017.16442871094 1011.20404052734 1003.45275878906 999.152404785156 996.907958984375 997.10791015625
944.409790039062 942.602416992188 946.844848632812 954.907287597656 952.355224609375 952.721008300781 957.337707519531 964.495483398438 959.869262695312 965.482116699219 966.960693359375 964.371032714844 964.837585449219 971.647094726562 972.318603515625 962.340515136719 964.531311035156 969.348754882812 964.6904296875 974.8046875 978.892761230469 983.597778320312 982.163757324219 981.008056640625 980.051635742188 977.763977050781 990.063293457031 992.720764160156 995.196411132812 998.476501464844 1001.98529052734 994.535400390625 997.586975097656 995.406372070312 993.260925292969 991.722961425781 1008.21618652344 1009.88128662109 1012.39306640625 1016.03106689453 1010.37530517578 1007.33734130859 1004.14392089844 990.729187011719 993.752197265625 997.969177246094
945.979553222656 943.622680664062 951.426086425781 955.670715332031 965.566955566406 954.370483398438 958.044494628906 965.358642578125 963.611328125 967.457641601562 981.028625488281 980.333679199219 981.008605957031 983.392333984375 974.216735839844 966.492065429688 969.506286621094 975.516967773438 970.134216308594 978.337646484375 982.318542480469 988.939392089844 987.155944824219 984.914184570312 975.642822265625 981.914978027344 989.524169921875 981.04638671875 983.902404785156 991.779724121094 992.33056640625 992.434692382812 988.719848632812 994.852172851562 991.782958984375 995.7138671875 997.097534179688 1000.96282958984 1000.46057128906 1002.04077148438 1006.54937744141 997.566711425781 999.121704101562 989.76318359375 987.526428222656 995.856079101562
953.095520019531 953.754821777344 958.805908203125 969.469604492188 970.305419921875 962.164001464844 959.553344726562 959.567749023438 958.929382324219 972.486877441406 978.085510253906 979.092651367188 984.55224609375 980.240051269531 976.787536621094 976.782287597656 982.943115234375 975.789916992188 978.517028808594 982.9443359375 979.553771972656 981.146484375 981.817260742188 982.510559082031 983.554748535156 982.817260742188 984.599853515625 982.836547851562 989.172729492188 988.9501953125 986.190002441406 986.839782714844 991.856811523438 992.615051269531 992.784301757812 991.484680175781 1001.17120361328 998.88037109375 1004.45184326172 1000.08270263672 1006.62738037109 998.287414550781 994.905822753906 980.357177734375 975.976989746094 988.069641113281
944.977905273438 947.223083496094 958.932189941406 967.681518554688 971.869140625 965.327819824219 963.778686523438 963.26513671875 967.161010742188 980.611999511719 983.903686523438 991.518371582031 988.34228515625 977.883361816406 969.451416015625 976.449157714844 977.057556152344 985.126831054688 981.760925292969 988.612426757812 986.515197753906 982.954284667969 976.261962890625 987.416259765625 990.802062988281 984.388488769531 995.137573242188 987.2568359375 979.332641601562 977.773986816406 990.901550292969 992.955017089844 991.833374023438 993.349914550781 994.518310546875 995.958190917969 992.617553710938 998.272521972656 1004.84637451172 998.705932617188 1000.74578857422 998.624084472656 988.6220703125 986.819946289062 980.286376953125 982.764099121094
947.548522949219 949.006958007812 948.150817871094 965.623168945312 965.348999023438 967.144714355469 961.544067382812 955.53466796875 968.765319824219 968.822265625 988.051879882812 986.43505859375 982.923828125 975.908264160156 969.817260742188 979.054321289062 977.240844726562 986.971435546875 978.266723632812 982.566101074219 988.176208496094 983.974670410156 985.911682128906 985.876831054688 983.796630859375 993.949279785156 985.405700683594 982.732971191406 987.685729980469 977.609741210938 982.832336425781 989.94921875 989.624816894531 990.987487792969 992.37646484375 994.550964355469 986.514953613281 990.493713378906 988.516296386719 986.898132324219 992.797607421875 989.446533203125 981.017456054688 982.733581542969 988.338684082031 988.01220703125
956.841186523438 961.731872558594 951.943054199219 963.870849609375 971.07568359375 972.254211425781 978.158081054688 963.358093261719 972.348449707031 978.010009765625 980.438781738281 980.48486328125 978.5 967.339904785156 975.923522949219 970.753967285156 979.424255371094 975.757568359375 982.048950195312 984.073608398438 985.298828125 987.700256347656 986.633605957031 986.750122070312 989.019836425781 985.961975097656 981.468139648438 980.188537597656 978.011840820312 976.439636230469 979.2685546875 982.992614746094 985.645446777344 983.329650878906 976.964111328125 983.457702636719 989.262634277344 979.681091308594 990.67236328125 986.84765625 983.350830078125 989.022583007812 988.76904296875 990.575317382812 993.102478027344 988.720825195312
951.990905761719 944.462890625 946.703735351562 961.460998535156 971.741149902344 975.849426269531 971.885681152344 961.430969238281 958.959655761719 972.314331054688 979.643127441406 984.853332519531 972.735107421875 964.024536132812 962.862243652344 968.828002929688 979.357116699219 974.105651855469 970.307861328125 969.058898925781 978.635925292969 993.096496582031 996.956665039062 994.516296386719 988.647155761719 989.589111328125 988.940551757812 979.046142578125 973.243347167969 979.504089355469 977.927185058594 981.668212890625 978.998107910156 981.074645996094 973.118896484375 980.233703613281 978.299255371094 984.507995605469 987.323120117188 988.694396972656 981.037902832031 992.302734375 990.604125976562 991.466918945312 987.255187988281 986.736694335938
956.492553710938 941.431701660156 942.747192382812 956.455932617188 968.093933105469 974.678405761719 969.104431152344 967.348266601562 967.457458496094 974.883728027344 980.082092285156 980.125854492188 974.610473632812 970.975708007812 970.739501953125 969.158996582031 983.884765625 977.591674804688 974.15673828125 968.904724121094 981.465637207031 982.489196777344 1000.28778076172 997.40478515625 998.028930664062 992.151672363281 981.551879882812 982.512329101562 976.206848144531 973.380126953125 985.791137695312 986.121276855469 976.682556152344 979.988586425781 974.598510742188 970.292541503906 976.916320800781 979.797607421875 973.278930664062 979.110107421875 987.362548828125 984.294067382812 987.789245605469 988.606079101562 993.010620117188 987.995422363281
951.490295410156 949.703430175781 954.0244140625 960.485046386719 967.058349609375 968.665161132812 965.999572753906 968.567199707031 968.429565429688 974.303405761719 976.736572265625 980.189880371094 968.789245605469 977.009094238281 977.220825195312 975.631225585938 980.79296875 982.119689941406 972.283874511719 977.82666015625 977.395690917969 986.309509277344 996.471862792969 997.547119140625 997.168090820312 996.424194335938 991.633911132812 978.16064453125 975.318786621094 977.291076660156 980.189086914062 985.04052734375 989.361572265625 983.964782714844 970.214111328125 971.408630371094 973.982482910156 981.344604492188 970.963073730469 978.02099609375 982.723999023438 980.815185546875 982.408447265625 982.051330566406 984.134887695312 976.064331054688
958.420043945312 956.986938476562 964.405883789062 966.835388183594 972.278381347656 974.955322265625 969.513610839844 972.492736816406 978.499816894531 978.567504882812 971.812072753906 969.216674804688 967.017517089844 979.444885253906 981.461547851562 977.771606445312 981.638549804688 978.144592285156 978.897338867188 982.298400878906 982.460083007812 982.001525878906 978.247192382812 989.566528320312 986.436828613281 988.348815917969 983.489807128906 981.522033691406 969.430725097656 965.752807617188 977.071533203125 981.523620605469 979.408874511719 975.242004394531 978.516784667969 976.270324707031 975.411499023438 975.919067382812 971.636840820312 975.767028808594 970.469116210938 975.279113769531 977.379333496094 975.423645019531 978.342651367188 975.800598144531
958.801025390625 961.040466308594 966.671936035156 971.485900878906 972.742492675781 978.927429199219 978.7978515625 970.295349121094 971.783874511719 974.590515136719 969.108520507812 973.558471679688 965.819763183594 971.109313964844 974.6328125 985.461669921875 975.636657714844 974.723388671875 970.230529785156 981.462158203125 983.228637695312 974.207214355469 972.924682617188 979.669921875 981.033203125 986.152404785156 984.783996582031 978.136413574219 980.315734863281 970.616577148438 973.730285644531 981.983642578125 975.807495117188 971.459533691406 967.080078125 970.995056152344 973.340759277344 977.926574707031 978.902893066406 977.749633789062 970.886962890625 968.797546386719 974.791259765625 970.764404296875 974.850708007812 984.720764160156
956.559204101562 964.72021484375 961.111450195312 970.670043945312 968.1533203125 972.998962402344 978.774230957031 970.325927734375 974.214965820312 975.260375976562 968.818481445312 968.043701171875 970.680847167969 972.748352050781 974.940795898438 977.89453125 973.683959960938 971.248657226562 978.42724609375 979.398620605469 980.717468261719 978.74609375 970.019592285156 971.394409179688 980.469543457031 982.148559570312 979.428466796875 976.664611816406 982.112060546875 968.881042480469 976.373474121094 977.059936523438 988.431945800781 980.777465820312 977.715270996094 976.374450683594 979.737609863281 983.144775390625 976.862487792969 972.468444824219 978.442993164062 966.700439453125 978.806213378906 973.711486816406 976.872314453125 977.79052734375
947.87158203125 954.894409179688 961.828186035156 969.778625488281 972.462707519531 966.295227050781 964.386108398438 962.105773925781 962.860473632812 967.991027832031 967.599731445312 973.856506347656 972.850158691406 968.244934082031 966.912719726562 975.187194824219 979.641784667969 982.036071777344 976.946105957031 978.869750976562 969.198669433594 971.568237304688 971.94091796875 968.493835449219 966.343688964844 970.283630371094 973.97705078125 968.42724609375 976.840148925781 981.246765136719 978.097045898438 982.204467773438 982.758361816406 986.601806640625 982.921630859375 979.877319335938 979.14306640625 983.599060058594 981.943603515625 981.458984375 985.392639160156 981.14111328125 979.556945800781 973.052062988281 976.043579101562 973.135375976562
