data/zlatibor_dem_simulations/DEMsim48.asc
NCOLS 150
NROWS 100
XLLCORNER 7394249
YLLCORNER 4841999
CELLSIZE 30
NODATA_VALUE -9999
[rows 40 to 59 of 100, columns 92 to 137 of 150]
989.387817382812 986.981872558594 989.074890136719 993.516418457031 995.007995605469 992.081237792969 1009.45623779297 1001.91052246094 992.154479980469 985.297424316406 982.327026367188 984.211975097656 996.181030273438 993.147521972656 991.432434082031 985.814819335938 997.063293457031 990.534606933594 994.249145507812 987.647521972656 986.747802734375 988.685302734375 988.527526855469 997.323181152344 996.398986816406 992.69580078125 998.321655273438 1001.89331054688 998.356628417969 1000.26348876953 1000.73040771484 998.071655273438 1008.59790039062 998.21533203125 1004.37512207031 1010.25708007812 1012.11242675781 1025.75109863281 1022.55297851562 1026.70520019531 1013.33972167969 1026.19555664062 1036.49914550781 1045.12121582031 1055.59765625 1050.9736328125
981.770202636719 977.823059082031 986.743530273438 996.817993164062 997.008544921875 996.594909667969 998.650390625 1002.84368896484 999.559143066406 990.401489257812 984.806640625 983.899597167969 993.694274902344 989.109436035156 984.845764160156 984.948303222656 994.273559570312 1000.99151611328 983.549072265625 987.190551757812 984.421752929688 984.209411621094 998.943603515625 995.950866699219 997.755798339844 994.176574707031 997.168273925781 996.045227050781 999.08544921875 994.809448242188 1001.75518798828 1002.08099365234 1000.15533447266 1000.39117431641 1004.04919433594 1009.17767333984 1022.36730957031 1026.21032714844 1026.26684570312 1012.45465087891 1021.51123046875 1023.83734130859 1038.3388671875 1048.11560058594 1055.34240722656 1055.91088867188
991.59228515625 990.817749023438 986.362731933594 987.301025390625 994.801635742188 990.243103027344 997.445007324219 1003.04998779297 990.269836425781 984.794799804688 986.464721679688 981.685302734375 986.5849609375 978.724609375 980.074340820312 991.519958496094 986.186889648438 981.318298339844 982.8759765625 991.720336914062 985.84619140625 986.766174316406 996.625793457031 999.298034667969 1001.46368408203 1000.63500976562 994.325073242188 992.256774902344 997.282531738281 994.479675292969 998.319152832031 1003.63122558594 1005.03582763672 1006.27697753906 1019.19494628906 1013.16290283203 1020.34008789062 1024.26452636719 1026.19738769531 1026.02172851562 1029.66540527344 1034.65612792969 1043.43469238281 1052.12475585938 1055.10339355469 1070.59350585938
992.452026367188 983.109436035156 985.045227050781 985.371948242188 982.017944335938 980.697875976562 989.089782714844 992.111755371094 993.565673828125 983.975891113281 982.906005859375 981.007385253906 987.286376953125 979.110534667969 982.7490234375 991.113220214844 983.918395996094 974.550170898438 984.195983886719 989.113647460938 999.21142578125 996.80126953125 1008.05853271484 994.630920410156 1004.01983642578 985.804504394531 990.19677734375 1001.29925537109 1005.17474365234 1004.37017822266 1004.61480712891 1002.52893066406 1009.87487792969 1017.46490478516 1019.12927246094 1022.78967285156 1023.61724853516 1025.44689941406 1032.07019042969 1028.68041992188 1024.92834472656 1030.97839355469 1047.802734375 1058.8369140625 1060.4990234375 1069.51342773438
989.807250976562 986.784423828125 985.84033203125 983.842224121094 981.677551269531 980.926025390625 980.535034179688 992.047058105469 991.259887695312 983.012268066406 970.762756347656 976.937072753906 984.429992675781 982.82470703125 989.123779296875 988.256103515625 992.062255859375 980.927368164062 987.878845214844 990.349487304688 1002.25006103516 996.789855957031 998.646911621094 1006.55590820312 994.306396484375 996.450317382812 992.32763671875 996.77001953125 1006.48669433594 1009.66070556641 1004.20611572266 1003.31195068359 1008.88555908203 1018.62231445312 1021.00524902344 1018.51495361328 1028.57189941406 1031.00512695312 1031.16003417969 1026.44299316406 1022.82379150391 1037.86120605469 1049.28442382812 1062.64672851562 1069.57165527344 1071.58020019531
981.845031738281 979.494140625 982.837768554688 974.08544921875 975.995178222656 976.921875 983.512329101562 987.951904296875 986.436767578125 971.23095703125 971.06005859375 972.311828613281 976.926147460938 983.605834960938 989.080688476562 990.838256835938 989.798950195312 986.360412597656 990.248413085938 993.018981933594 995.434875488281 1002.61499023438 1009.09747314453 1006.95947265625 1008.47717285156 1008.00433349609 1003.90710449219 1004.69116210938 1014.38037109375 1009.00341796875 1007.78668212891 1001.28967285156 1008.04760742188 1015.55828857422 1029.18811035156 1029.86901855469 1029.13037109375 1030.93408203125 1023.83422851562 1022.38366699219 1028.53662109375 1040.83227539062 1054.2197265625 1060.29907226562 1073.94250488281 1078.63696289062
975.834228515625 984.613586425781 983.405883789062 978.059875488281 975.943481445312 975.169860839844 979.689697265625 982.546508789062 980.151184082031 979.913391113281 980.811157226562 976.633422851562 986.090759277344 994.213134765625 990.697204589844 992.367614746094 993.140075683594 1000.17352294922 999.966186523438 1002.92053222656 996.922973632812 1003.18634033203 1009.71563720703 1011.46282958984 1012.70153808594 1008.38287353516 1007.31396484375 1002.29168701172 1015.09808349609 1006.61370849609 1001.44970703125 999.888000488281 1004.37780761719 1016.83312988281 1032.32934570312 1032.39208984375 1035.89343261719 1036.44409179688 1040.33117675781 1038.17651367188 1050.60278320312 1055.11474609375 1060.95300292969 1063.94897460938 1071.92749023438 1091.32336425781
971.933166503906 974.218078613281 980.219482421875 977.233215332031 965.708068847656 973.709228515625 978.804077148438 984.539123535156 983.620666503906 982.259765625 985.202758789062 978.462036132812 994.842590332031 992.62109375 991.472106933594 994.012023925781 991.321105957031 996.44287109375 999.228515625 1004.13659667969 1010.02899169922 999.691528320312 1009.74353027344 1006.99932861328 1003.74835205078 999.932189941406 1006.18609619141 1004.12622070312 1015.16412353516 1012.89459228516 998.996398925781 1008.25543212891 1007.52197265625 1016.24755859375 1031.35925292969 1035.66455078125 1045.38818359375 1040.77404785156 1043.19775390625 1046.04248046875 1052.23254394531 1060.52551269531 1069.97985839844 1071.91918945312 1076.53942871094 1091.09777832031
967.361633300781 972.474670410156 981.231811523438 976.614501953125 964.237915039062 977.483520507812 988.539733886719 978.764587402344 974.27392578125 979.898254394531 982.74169921875 990.656555175781 991.526550292969 988.42626953125 988.282531738281 989.028076171875 996.989685058594 995.624633789062 995.484252929688 1007.78851318359 1003.20043945312 1004.44079589844 1006.50433349609 995.493530273438 1000.66534423828 1001.37634277344 995.920288085938 1001.44848632812 1011.09594726562 1010.3447265625 1010.45147705078 1023.21948242188 1022.97576904297 1028.87145996094 1034.07446289062 1033.73059082031 1033.09069824219 1041.20166015625 1042.00122070312 1053.39709472656 1060.79809570312 1066.16320800781 1083.74450683594 1080.18994140625 1084.77172851562 1092.93054199219
967.1376953125 979.367797851562 989.770263671875 986.967102050781 982.041137695312 979.613403320312 980.10693359375 979.334838867188 978.313537597656 978.861877441406 983.892211914062 994.152160644531 986.340576171875 986.312072753906 983.418029785156 991.616882324219 998.004638671875 993.320495605469 996.96240234375 1001.20611572266 1004.2861328125 1002.82922363281 1000.12762451172 997.643371582031 1002.95111083984 1005.10241699219 1008.95556640625 1003.00482177734 1013.66241455078 1016.8720703125 1016.20428466797 1028.56726074219 1036.77624511719 1041.87756347656 1041.92639160156 1050.95739746094 1048.65307617188 1048.83984375 1053.55627441406 1055.54577636719 1068.87023925781 1068.39697265625 1071.83410644531 1072.55749511719 1085.09301757812 1093.56372070312
967.210876464844 970.235168457031 980.029113769531 989.111938476562 985.768981933594 985.746398925781 985.392211914062 981.84814453125 980.805908203125 987.370666503906 980.943786621094 983.382507324219 979.31494140625 980.873168945312 977.896423339844 992.600219726562 984.974060058594 989.651306152344 985.266906738281 994.213989257812 999.881225585938 1000.71875 1008.64343261719 1008.20330810547 1000.55853271484 1008.78381347656 1001.29663085938 1005.49499511719 1009.01904296875 1011.15289306641 1017.84301757812 1027.099609375 1036.85803222656 1040.44213867188 1044.73376464844 1039.14050292969 1048.37731933594 1052.25573730469 1053.22204589844 1069.70837402344 1071.068359375 1064.46618652344 1074.87536621094 1075.99829101562 1090.02526855469 1093.65808105469
970.089111328125 978.332763671875 975.817932128906 983.681030273438 979.716369628906 973.601806640625 977.031433105469 976.48876953125 981.210205078125 987.248840332031 980.454467773438 982.044677734375 981.5341796875 978.333435058594 981.625244140625 978.129577636719 982.495544433594 980.372192382812 987.098999023438 985.374694824219 988.020690917969 993.099853515625 1005.03405761719 1002.0615234375 1001.51330566406 1007.06219482422 1006.25054931641 1013.06597900391 1005.62878417969 1014.10919189453 1023.89758300781 1026.1484375 1038.81420898438 1040.41760253906 1045.73474121094 1040.87145996094 1043.51306152344 1054.75134277344 1063.71997070312 1072.73706054688 1076.47265625 1076.537109375 1074.14526367188 1081.73352050781 1083.48742675781 1088.31286621094
977.818481445312 982.877746582031 971.237365722656 972.721618652344 974.451782226562 971.066162109375 976.437072753906 981.826782226562 979.963562011719 982.120361328125 983.132141113281 983.529113769531 981.147155761719 974.971618652344 982.843200683594 990.607543945312 991.303649902344 980.645568847656 971.390075683594 978.648986816406 972.604858398438 990.982360839844 1000.23718261719 1000.87036132812 1007.13995361328 997.956604003906 1006.93865966797 1013.62811279297 1011.23010253906 1022.69958496094 1023.39947509766 1023.91674804688 1029.79223632812 1045.7763671875 1049.74499511719 1034.99462890625 1040.61999511719 1047.63305664062 1064.22863769531 1076.25769042969 1082.08813476562 1079.26550292969 1086.95043945312 1087.02795410156 1090.13500976562 1090.447265625
971.308959960938 961.167358398438 971.587280273438 975.536865234375 969.466918945312 970.118591308594 969.604736328125 970.6162109375 979.645446777344 977.456115722656 980.382629394531 980.149475097656 982.369506835938 978.79345703125 985.151489257812 986.491760253906 990.395690917969 980.578369140625 972.626220703125 975.869384765625 977.646545410156 981.955932617188 996.910705566406 1002.13806152344 1004.67462158203 1000.93536376953 1010.14147949219 1014.22174072266 1016.90484619141 1027.63427734375 1020.55419921875 1019.62377929688 1025.4326171875 1039.44775390625 1037.01953125 1036.60925292969 1041.20178222656 1044.86059570312 1060.64123535156 1069.22338867188 1072.1455078125 1088.30310058594 1082.84692382812 1086.29357910156 1087.02404785156 1091.17700195312
959.612548828125 961.285339355469 964.030212402344 975.634826660156 973.55322265625 974.698608398438 975.311706542969 971.831970214844 970.706359863281 974.549560546875 974.824645996094 980.849426269531 984.055114746094 974.686584472656 978.751831054688 980.880798339844 981.007263183594 982.980224609375 976.009399414062 980.198913574219 980.524780273438 985.130310058594 989.958068847656 992.830871582031 993.190185546875 995.281311035156 1005.32244873047 1013.42883300781 1006.16320800781 1016.20568847656 1015.76080322266 1022.11865234375 1021.47442626953 1027.65173339844 1030.40258789062 1029.21203613281 1041.59448242188 1042.45910644531 1050.30419921875 1063.72082519531 1076.21301269531 1086.44982910156 1085.85900878906 1089.99768066406 1092.77001953125 1087.06030273438
970.652526855469 968.220703125 969.524108886719 972.810546875 980.808715820312 977.33251953125 973.88818359375 977.913818359375 973.186096191406 972.208862304688 970.913391113281 978.622253417969 980.477783203125 977.922485351562 978.046142578125 979.098999023438 982.958679199219 987.22412109375 989.479125976562 999.699035644531 986.893981933594 983.734802246094 996.590698242188 1001.07586669922 995.43798828125 995.940551757812 1000.76440429688 1013.33410644531 1012.14587402344 1007.95513916016 1007.27593994141 1019.56939697266 1016.10394287109 1021.51373291016 1031.5400390625 1030.720703125 1042.98034667969 1053.85437011719 1057.75048828125 1055.29125976562 1064.43994140625 1079.69006347656 1080.51611328125 1087.39880371094 1078.97998046875 1082.02819824219
969.662109375 964.236083984375 967.395812988281 975.213562011719 981.413452148438 987.282653808594 982.722839355469 976.740112304688 972.919372558594 977.278198242188 976.976501464844 975.59326171875 984.96728515625 980.039245605469 980.456848144531 977.681579589844 977.435668945312 985.404113769531 989.307312011719 1001.40545654297 995.025146484375 994.504089355469 1000.72326660156 993.910339355469 993.317810058594 996.686157226562 1007.5478515625 1006.57379150391 1012.19018554688 1008.80694580078 1013.44421386719 1013.30584716797 1010.38781738281 1025.927734375 1032.27490234375 1043.63049316406 1054.23327636719 1051.166015625 1049.53796386719 1052.12438964844 1060.96923828125 1072.15356445312 1079.27917480469 1085.13635253906 1083.33703613281 1078.33972167969
965.640258789062 968.904907226562 968.526245117188 976.264770507812 975.31494140625 973.675659179688 982.252563476562 981.389221191406 979.136047363281 975.059265136719 981.04736328125 986.281799316406 987.916625976562 981.596801757812 986.513549804688 980.17529296875 979.402282714844 992.705078125 993.572509765625 999.486389160156 997.822082519531 989.708862304688 993.888671875 992.851257324219 1000.72784423828 1002.22052001953 1005.23046875 1012.41339111328 1005.53546142578 1004.03735351562 1006.30084228516 1012.08135986328 1023.5703125 1024.65588378906 1045.71862792969 1055.16345214844 1059.72399902344 1055.34985351562 1050.20690917969 1048.11547851562 1049.82934570312 1056.10668945312 1071.1962890625 1074.7568359375 1080.26879882812 1079.66052246094
968.472900390625 969.447326660156 971.564819335938 975.937377929688 963.866638183594 971.261047363281 969.900634765625 979.636352539062 980.615295410156 982.286193847656 979.01025390625 980.776733398438 984.658874511719 992.349243164062 982.656494140625 981.606506347656 984.3408203125 991.972778320312 991.116577148438 994.657165527344 1008.76977539062 999.248291015625 1008.884765625 1002.85766601562 1000.15686035156 1002.67883300781 1000.68682861328 1000.73889160156 1002.08404541016 1009.15490722656 1007.75592041016 1007.49755859375 1016.11401367188 1023.13525390625 1041.29541015625 1046.25451660156 1047.7216796875 1044.04992675781 1046.48962402344 1049.84484863281 1051.1455078125 1058.54077148438 1063.67492675781 1067.4052734375 1062.58312988281 1072.54736328125
970.966613769531 973.053405761719 976.701965332031 977.607299804688 975.105712890625 973.880065917969 977.013732910156 984.384155273438 985.684814453125 986.072326660156 990.327514648438 984.428344726562 989.820251464844 982.691162109375 976.40234375 980.305847167969 978.519592285156 985.858032226562 991.955261230469 996.74609375 1000.50769042969 1005.45721435547 1008.36248779297 1010.08831787109 1008.60437011719 1010.25970458984 1005.52563476562 1004.896484375 993.448425292969 1007.12756347656 1010.64117431641 1012.08312988281 1008.74835205078 1022.48382568359 1027.93872070312 1038.91662597656 1042.96350097656 1054.04321289062 1049.96313476562 1051.79736328125 1053.6552734375 1045.00146484375 1054.8427734375 1055.0087890625 1056.65075683594 1058.76550292969
