data/zlatibor_dem_simulations/DEMsim90.asc
NCOLS 150
NROWS 100
XLLCORNER 7394249
YLLCORNER 4841999
CELLSIZE 30
NODATA_VALUE -9999
[rows 60 to 79 of 100, columns 92 to 137 of 150]
971.899841308594 974.496826171875 980.122863769531 968.208618164062 973.53564453125 976.828979492188 978.582763671875 976.311462402344 970.751953125 975.616577148438 976.622131347656 975.141479492188 981.909301757812 990.641174316406 992.984130859375 997.612121582031 989.721801757812 999.690856933594 1003.36712646484 1007.279296875 1001.18084716797 1004.32330322266 999.89501953125 998.629089355469 992.20166015625 990.413696289062 994.765991210938 998.59521484375 1006.56372070312 1006.45684814453 1017.66979980469 1022.80596923828 1024.44592285156 1020.66918945312 1019.35052490234 1025.50756835938 1018.37475585938 1017.08129882812 1023.068359375 1026.75280761719 1034.73071289062 1047.08056640625 1045.62585449219 1050.45849609375 1053.49719238281 1057.75256347656
965.06591796875 962.086791992188 975.848205566406 972.878784179688 971.582275390625 978.115051269531 981.1865234375 976.913879394531 979.100036621094 985.672546386719 985.001892089844 986.271728515625 993.005493164062 993.192260742188 992.428527832031 991.895568847656 992.770202636719 993.310607910156 1009.92602539062 1006.36291503906 1005.63165283203 1006.37951660156 1009.58233642578 994.224243164062 990.215393066406 985.542907714844 988.911987304688 1005.81677246094 1013.34265136719 1012.25872802734 1008.20239257812 1014.76696777344 1014.29357910156 1015.20593261719 1017.66064453125 1013.80413818359 1016.71649169922 1020.25262451172 1022.74645996094 1027.69067382812 1031.17028808594 1041.73840332031 1047.54150390625 1045.08020019531 1048.06433105469 1051.5869140625
969.936828613281 974.56884765625 963.258666992188 969.974548339844 980.357055664062 985.6640625 988.009094238281 982.854187011719 974.170959472656 979.16015625 997.898864746094 990.741455078125 991.499206542969 999.711120605469 998.300598144531 998.340270996094 999.464965820312 996.895324707031 1004.88806152344 1006.81097412109 1006.15216064453 1004.30108642578 1012.28460693359 997.77197265625 995.087219238281 1000.49957275391 1005.37750244141 1009.43603515625 1018.01977539062 1008.64703369141 1018.39245605469 1021.60729980469 1010.84088134766 1013.83917236328 1015.43157958984 1015.93634033203 1029.31762695312 1025.75354003906 1024.64807128906 1030.91088867188 1035.09985351562 1044.41577148438 1039.30578613281 1042.20190429688 1051.27478027344 1051.41442871094
965.426818847656 961.860412597656 961.322937011719 973.538269042969 983.981201171875 991.804870605469 993.0048828125 982.867492675781 980.656677246094 986.893371582031 993.680297851562 988.124145507812 996.811950683594 1004.67175292969 1002.31323242188 1004.09393310547 1005.20104980469 1005.82763671875 1010.79864501953 1013.07550048828 1010.01513671875 1010.76385498047 1004.12048339844 1002.32147216797 998.642272949219 1010.71691894531 1021.26525878906 1017.16223144531 1027.4501953125 1023.27124023438 1017.56781005859 1020.17266845703 1011.10705566406 1015.72906494141 1017.36059570312 1029.08764648438 1025.39978027344 1027.38977050781 1035.40637207031 1043.58703613281 1039.77136230469 1031.91284179688 1037.21923828125 1036.86022949219 1047.91198730469 1049.978515625
969.544738769531 972.492370605469 977.168395996094 987.002380371094 981.292846679688 988.109680175781 991.769958496094 985.089538574219 987.118591308594 983.630615234375 977.480041503906 989.284606933594 999.465270996094 998.190307617188 991.637023925781 1001.58178710938 1005.40148925781 1009.80676269531 1009.84820556641 1008.42395019531 1008.91424560547 1008.85675048828 1005.2197265625 1012.63623046875 1022.67266845703 1029.68640136719 1026.12854003906 1026.49719238281 1028.25549316406 1033.25732421875 1025.97802734375 1017.99029541016 1015.76226806641 1019.40808105469 1023.26220703125 1030.9306640625 1027.05102539062 1026.083984375 1033.13562011719 1033.55944824219 1039.78015136719 1043.74987792969 1044.78552246094 1051.57470703125 1041.41125488281 1053.04284667969
974.411499023438 977.366394042969 986.561157226562 987.831237792969 980.915771484375 985.126831054688 981.161437988281 990.451354980469 988.894470214844 986.522521972656 974.052429199219 985.074584960938 993.216003417969 999.250549316406 995.059997558594 1006.11871337891 1006.51794433594 1010.56201171875 1007.78729248047 1002.69586181641 1010.37811279297 1010.15930175781 1013.35858154297 1013.53918457031 1029.68615722656 1032.98608398438 1038.91394042969 1030.68994140625 1027.68469238281 1023.61138916016 1029.42724609375 1023.29858398438 1022.06036376953 1032.03112792969 1035.85302734375 1034.67456054688 1030.74792480469 1015.86260986328 1021.21051025391 1035.81945800781 1041.15393066406 1047.62963867188 1044.60009765625 1041.82727050781 1042.32067871094 1042.21398925781
973.859619140625 976.024536132812 985.428405761719 987.322387695312 986.386535644531 983.379638671875 982.425903320312 985.817443847656 986.061889648438 984.788024902344 986.337036132812 985.960693359375 993.161193847656 1000.78234863281 993.467529296875 1010.11309814453 1006.75158691406 1000.49432373047 1004.63037109375 1017.79351806641 1013.28460693359 1012.30902099609 1013.39685058594 1017.29870605469 1031.21264648438 1038.06188964844 1038.75048828125 1038.25817871094 1041.61340332031 1036.5029296875 1031.72570800781 1023.89288330078 1026.59838867188 1029.52294921875 1031.46459960938 1027.21496582031 1022.73895263672 1010.85845947266 1017.66497802734 1024.48608398438 1036.09606933594 1040.82238769531 1038.50512695312 1041.58532714844 1032.38757324219 1032.30517578125
981.876586914062 979.95263671875 983.758605957031 985.76025390625 980.139526367188 984.0498046875 985.840393066406 991.813354492188 996.003967285156 995.538818359375 991.497802734375 992.40625 997.956787109375 1002.30871582031 1004.95672607422 1010.52728271484 999.813598632812 992.86669921875 1000.17523193359 1012.9228515625 1019.67016601562 1017.54400634766 1020.79107666016 1024.07946777344 1024.88134765625 1037.62365722656 1038.16088867188 1054.88525390625 1040.53479003906 1039.09899902344 1040.13854980469 1031.49755859375 1029.63671875 1028.56530761719 1024.05200195312 1021.7705078125 1017.20336914062 1019.61419677734 1029.68395996094 1035.81945800781 1042.32385253906 1040.86108398438 1039.69226074219 1039.53686523438 1031.06848144531 1033.03430175781
979.919738769531 989.977661132812 995.017944335938 990.372497558594 990.926696777344 990.507202148438 987.361206054688 988.071960449219 1004.83569335938 1003.61187744141 994.240966796875 996.595092773438 996.7568359375 1000.84484863281 998.22705078125 993.399108886719 999.043151855469 1001.74822998047 1005.56921386719 1014.28356933594 1022.79473876953 1023.52789306641 1024.58178710938 1027.27856445312 1029.95690917969 1041.01257324219 1039.60144042969 1036.71240234375 1047.69006347656 1031.0634765625 1041.05041503906 1038.46618652344 1024.17297363281 1023.84997558594 1022.23254394531 1021.57537841797 1012.23870849609 1017.78131103516 1027.51635742188 1034.09973144531 1037.11401367188 1041.36608886719 1037.57897949219 1038.63647460938 1035.27197265625 1028.06896972656
988.80126953125 992.899291992188 989.627197265625 994.072875976562 992.421813964844 997.447814941406 992.469787597656 997.941711425781 1008.29791259766 997.20361328125 995.210510253906 996.59619140625 1007.38629150391 1006.08898925781 1005.89483642578 1009.18811035156 1004.83435058594 995.920776367188 1007.89678955078 1015.81372070312 1023.65515136719 1024.01513671875 1032.96826171875 1032.49926757812 1030.16772460938 1038.30883789062 1035.43188476562 1033.05407714844 1048.93896484375 1041.58422851562 1041.73486328125 1054.18737792969 1033.58374023438 1026.98291015625 1016.37677001953 1016.90319824219 1017.00622558594 1020.99981689453 1027.86254882812 1031.00366210938 1034.36706542969 1036.19323730469 1035.33642578125 1037.96508789062 1029.70983886719 1031.85791015625
988.026977539062 984.097229003906 986.825744628906 982.178771972656 996.793823242188 997.339172363281 1002.76300048828 1002.11285400391 1004.19055175781 999.169311523438 995.485534667969 1005.15930175781 1016.32788085938 1019.64819335938 1022.71368408203 1020.46331787109 1015.12084960938 1008.01348876953 1017.31146240234 1015.89001464844 1029.91381835938 1021.40692138672 1029.76245117188 1026.15161132812 1035.75610351562 1034.52282714844 1039.49279785156 1038.83947753906 1041.68823242188 1039.83044433594 1040.52868652344 1039.7919921875 1036.40466308594 1019.31378173828 1018.46978759766 1020.66815185547 1025.40393066406 1021.96588134766 1024.41833496094 1029.62536621094 1030.20544433594 1036.38854980469 1031.61193847656 1028.14538574219 1028.33947753906 1026.89379882812
984.442932128906 977.81298828125 977.747619628906 977.081848144531 990.215698242188 1001.34521484375 1012.48303222656 1004.64562988281 1001.25341796875 999.983642578125 998.253662109375 1007.46771240234 1029.10095214844 1027.10009765625 1028.25402832031 1021.57592773438 1022.654296875 1018.59790039062 1021.60211181641 1021.94879150391 1026.48254394531 1018.91003417969 1031.37060546875 1030.86901855469 1029.37585449219 1033.51428222656 1042.44714355469 1039.69189453125 1047.65100097656 1038.193359375 1034.5634765625 1033.98608398438 1028.85217285156 1027.83923339844 1022.93249511719 1016.82922363281 1021.72552490234 1017.87286376953 1021.81982421875 1031.47302246094 1030.72595214844 1037.26147460938 1040.54260253906 1025.48791503906 1020.39562988281 1016.96533203125
980.852966308594 985.693603515625 976.740539550781 982.594360351562 988.446716308594 1002.06665039062 1008.00518798828 1007.94439697266 1000.12268066406 1001.05090332031 1003.48681640625 1013.35467529297 1018.56494140625 1026.81481933594 1030.90393066406 1026.06372070312 1020.36822509766 1018.18927001953 1020.94262695312 1024.66748046875 1027.9052734375 1019.56604003906 1025.34106445312 1031.93859863281 1029.81091308594 1034.82165527344 1047.66381835938 1033.37841796875 1039.79553222656 1038.75476074219 1035.15588378906 1032.32763671875 1032.96899414062 1033.71813964844 1022.50726318359 1014.53240966797 1007.48754882812 1016.03210449219 1013.26458740234 1025.60620117188 1034.04541015625 1031.94738769531 1036.96862792969 1029.29931640625 1013.72076416016 1019.32965087891
981.028198242188 977.430603027344 980.139526367188 987.515197753906 995.414916992188 999.300537109375 1003.19049072266 1004.62097167969 996.721801757812 1004.27410888672 1022.64831542969 1016.87030029297 1014.69964599609 1023.70733642578 1027.7568359375 1020.09130859375 1018.41149902344 1013.14208984375 1016.69927978516 1016.91223144531 1025.68981933594 1023.23675537109 1023.06817626953 1022.25775146484 1028.21765136719 1032.31115722656 1042.21594238281 1046.60314941406 1035.57739257812 1029.091796875 1022.74096679688 1031.54223632812 1026.99865722656 1024.98876953125 1019.52398681641 1013.52667236328 1013.01409912109 1007.81506347656 1012.76641845703 1015.71423339844 1020.20574951172 1025.009765625 1025.07250976562 1018.26812744141 1015.05645751953 1002.00671386719
982.614135742188 989.3701171875 991.569519042969 991.522338867188 991.649780273438 997.822204589844 1009.77349853516 1003.61401367188 1000.58843994141 1005.05487060547 1012.02270507812 1018.70666503906 1009.7998046875 1014.65948486328 1016.95489501953 1021.50085449219 1016.37518310547 1017.82373046875 1023.82623291016 1024.40209960938 1030.22583007812 1030.25476074219 1020.47589111328 1027.30639648438 1023.19842529297 1030.38720703125 1035.56335449219 1036.44213867188 1032.68786621094 1027.67834472656 1023.65942382812 1018.92626953125 1020.83770751953 1018.52172851562 1022.46380615234 1014.72576904297 1011.48321533203 1008.98358154297 1006.68591308594 1016.48205566406 1020.36212158203 1016.171875 1017.74969482422 1024.95092773438 1019.38171386719 1005.19079589844
990.599609375 982.088195800781 993.798034667969 1000.39544677734 1003.91094970703 1004.00646972656 1007.49743652344 1010.79541015625 1007.9208984375 1000.08355712891 1012.18170166016 1005.27508544922 1011.67681884766 1017.01245117188 1025.53125 1028.01831054688 1022.90808105469 1033.71179199219 1035.48522949219 1030.88220214844 1034.61560058594 1023.21685791016 1016.25531005859 1030.45935058594 1027.16723632812 1024.82751464844 1023.09765625 1023.08489990234 1020.03167724609 1021.62487792969 1018.07275390625 1014.78155517578 1017.29382324219 1022.02801513672 1018.09252929688 1008.38433837891 1002.71441650391 1009.23425292969 1010.62811279297 1012.44635009766 1019.71746826172 1012.62719726562 1011.53247070312 1012.90454101562 1012.46704101562 1005.81616210938
991.952575683594 985.10986328125 986.821838378906 994.929138183594 995.904418945312 1002.01391601562 1005.71868896484 1008.34075927734 1014.91979980469 1009.10736083984 1005.37341308594 1011.19854736328 1025.20227050781 1019.22943115234 1021.90753173828 1025.46472167969 1029.01989746094 1046.62561035156 1055.77783203125 1047.54443359375 1037.91540527344 1031.38940429688 1018.27490234375 1026.28662109375 1020.43786621094 1016.13751220703 1011.36279296875 1013.05902099609 1015.88037109375 1012.92639160156 1009.44964599609 1007.091796875 1013.96710205078 1014.46868896484 1015.31176757812 1010.43505859375 1005.16052246094 1003.76147460938 1005.43615722656 1005.08044433594 1005.43591308594 1005.04791259766 999.499328613281 1002.2939453125 1007.14477539062 1010.18499755859
987.536987304688 988.874389648438 987.2529296875 999.445373535156 995.886840820312 991.066101074219 1004.73211669922 1005.27026367188 1012.18157958984 1007.19305419922 1007.11260986328 1012.72125244141 1016.84515380859 1019.01000976562 1023.10760498047 1034.26684570312 1040.56396484375 1049.21545410156 1055.89245605469 1044.52783203125 1042.05187988281 1031.55920410156 1021.1630859375 1012.14892578125 1017.10797119141 1011.63171386719 1017.05773925781 1020.54351806641 1004.90112304688 1003.54498291016 1011.70697021484 1007.03576660156 1004.16394042969 1018.60083007812 1019.2685546875 1010.21624755859 1005.75402832031 1001.05474853516 1001.16033935547 1000.05706787109 1004.73455810547 993.228454589844 993.844543457031 998.372436523438 1010.24377441406 1014.26373291016
983.096374511719 984.166748046875 991.000305175781 994.830383300781 994.838195800781 992.438598632812 1004.13513183594 999.391052246094 1003.19146728516 1006.31921386719 1003.77764892578 1004.87414550781 1014.24426269531 1023.56237792969 1023.37176513672 1029.25756835938 1036.96533203125 1041.19470214844 1047.95007324219 1043.88073730469 1038.009765625 1032.38842773438 1027.67358398438 1018.61993408203 1010.47869873047 1012.73529052734 1016.65655517578 1015.57922363281 1007.44384765625 1008.57513427734 1001.41107177734 1003.29937744141 1009.91607666016 1007.31591796875 1015.26556396484 1011.53369140625 1002.06823730469 999.320861816406 998.156127929688 1007.12976074219 998.881896972656 994.972717285156 997.284362792969 993.26220703125 991.616577148438 1001.57177734375
994.4970703125 990.397338867188 999.206848144531 989.356994628906 993.910217285156 987.145080566406 998.036376953125 1010.16638183594 1000.09320068359 1004.57855224609 1006.18859863281 1004.48126220703 1017.28125 1030.03845214844 1032.79296875 1030.97534179688 1033.87561035156 1045.24230957031 1048.40148925781 1038.15979003906 1038.91247558594 1033.67065429688 1029.89294433594 1027.14904785156 1016.02716064453 1019.04235839844 1025.76672363281 1013.3720703125 1007.20806884766 1010.11175537109 1003.90643310547 1003.41687011719 1004.90545654297 1005.28179931641 1006.59063720703 1004.82427978516 997.973754882812 1003.50158691406 1003.06921386719 1007.43359375 997.928649902344 989.645324707031 995.487426757812 999.132873535156 997.014892578125 995.843200683594
