data/zlatibor_dem_simulations/DEMsim27.asc
NCOLS 150
NROWS 100
XLLCORNER 7394249
YLLCORNER 4841999
CELLSIZE 30
NODATA_VALUE -9999
[rows 60 to 79 of 100, columns 92 to 137 of 150]
964.2392578125 971.157531738281 972.087463378906 974.239624023438 975.016967773438 975.3212890625 972.666381835938 973.517639160156 975.851989746094 978.319885253906 979.015197753906 985.70849609375 980.641479492188 979.129577636719 990.853759765625 998.783630371094 998.578063964844 1001.14672851562 998.111633300781 997.331359863281 1005.72125244141 1016.62670898438 1007.71417236328 1011.25396728516 1000.45794677734 997.671447753906 1010.66864013672 1005.3203125 1001.19921875 1001.01354980469 1004.59039306641 1001.77569580078 1006.27075195312 1016.55456542969 1014.68634033203 1021.96667480469 1026.720703125 1033.28979492188 1037.69665527344 1051.17138671875 1055.49291992188 1052.34448242188 1056.22180175781 1058.75512695312 1080.05822753906 1077.19116210938
970.481506347656 970.944763183594 970.939208984375 973.53515625 970.422241210938 966.183410644531 976.744384765625 982.175964355469 980.60302734375 985.31591796875 976.736694335938 984.706420898438 983.217468261719 988.434814453125 994.695983886719 1002.86053466797 1007.95086669922 1005.97021484375 1007.94207763672 1002.11511230469 1007.24353027344 1018.64953613281 1016.96081542969 1006.47625732422 1013.86639404297 998.171752929688 1004.60406494141 1012.93280029297 1007.49615478516 1007.69555664062 1007.82794189453 1015.07012939453 1007.83923339844 1015.08050537109 1025.4931640625 1032.46960449219 1033.56188964844 1032.96301269531 1038.22827148438 1033.45935058594 1041.8115234375 1045.60375976562 1045.51611328125 1058.64245605469 1064.57470703125 1064.44689941406
963.800659179688 971.495361328125 974.663696289062 970.207641601562 967.867065429688 961.632873535156 967.919006347656 983.301818847656 982.224365234375 982.878662109375 980.201232910156 979.163879394531 979.210021972656 988.803771972656 1001.51092529297 1004.72857666016 1009.77551269531 1014.14666748047 1009.59478759766 1009.57781982422 1014.01910400391 1024.27087402344 1023.76995849609 1014.96722412109 1010.11773681641 1002.95989990234 1011.73553466797 1019.17150878906 1021.65368652344 1015.93444824219 1015.21325683594 1005.00146484375 1010.80517578125 1008.28271484375 1015.98889160156 1027.64282226562 1036.64294433594 1037.17016601562 1041.52783203125 1035.05615234375 1032.72033691406 1034.42724609375 1038.68005371094 1058.83618164062 1055.67102050781 1056.10083007812
967.419067382812 973.403625488281 973.359924316406 969.730834960938 969.35693359375 970.59033203125 970.114196777344 981.490173339844 981.128967285156 980.060180664062 973.228271484375 976.815307617188 985.650695800781 994.954040527344 1003.08312988281 1009.35052490234 1012.12744140625 1017.09564208984 1014.92858886719 1011.87530517578 1023.91485595703 1026.09326171875 1033.61279296875 1021.16174316406 1012.12219238281 1008.49169921875 1007.15710449219 1018.85809326172 1023.88879394531 1012.28979492188 1008.49914550781 1006.01928710938 1001.55120849609 1012.26885986328 1020.32012939453 1031.7958984375 1038.2900390625 1033.71789550781 1024.64770507812 1028.01086425781 1028.42736816406 1025.98364257812 1042.76696777344 1051.87719726562 1047.88952636719 1049.04406738281
975.203063964844 973.765930175781 979.4873046875 980.948059082031 979.407409667969 981.486389160156 995.121154785156 990.7421875 996.682189941406 993.912353515625 983.582946777344 984.680847167969 992.288269042969 1006.23986816406 1006.33233642578 1012.79376220703 1012.31359863281 1018.19317626953 1026.22424316406 1021.65405273438 1026.15063476562 1027.64562988281 1032.5283203125 1026.48986816406 1023.81457519531 1015.80352783203 1014.76953125 1024.58752441406 1031.04736328125 1024.56176757812 1016.80834960938 1021.10705566406 1025.8212890625 1019.45336914062 1028.30822753906 1031.97534179688 1036.81213378906 1034.04943847656 1027.04809570312 1019.34991455078 1015.55786132812 1030.06811523438 1031.203125 1042.35827636719 1040.28735351562 1047.36889648438
975.93408203125 980.029541015625 982.699645996094 981.443054199219 974.4248046875 983.486755371094 993.997192382812 994.635681152344 991.653137207031 991.661193847656 1002.20623779297 994.285827636719 995.422546386719 1003.99102783203 1007.74914550781 1011.28283691406 1011.11602783203 1015.16662597656 1022.29351806641 1018.68493652344 1020.52093505859 1018.92346191406 1030.15124511719 1026.78833007812 1021.78344726562 1018.17041015625 1021.04669189453 1033.73901367188 1030.99230957031 1037.150390625 1029.580078125 1029.09594726562 1030.30615234375 1035.73388671875 1038.23132324219 1037.40661621094 1031.77893066406 1028.14233398438 1024.90588378906 1019.2470703125 1020.47436523438 1028.15161132812 1026.7939453125 1034.33032226562 1042.13269042969 1042.24389648438
984.336608886719 991.304748535156 986.94970703125 993.033203125 990.963928222656 990.808349609375 998.161376953125 1001.00476074219 994.817993164062 988.346374511719 994.934387207031 996.622192382812 1008.09643554688 998.96875 1001.23962402344 1001.12951660156 1001.904296875 1011.62274169922 1015.25091552734 1014.88317871094 1011.90838623047 1015.72595214844 1024.18237304688 1026.49682617188 1022.1630859375 1022.43054199219 1019.98699951172 1034.94641113281 1041.42639160156 1039.21740722656 1037.62866210938 1036.61279296875 1046.59802246094 1042.3359375 1033.1376953125 1032.02856445312 1028.29724121094 1022.34918212891 1011.54254150391 1015.35632324219 1015.70281982422 1016.46380615234 1018.32952880859 1031.15307617188 1038.76953125 1040.30297851562
977.458923339844 990.205627441406 992.181091308594 989.994750976562 984.640991210938 993.039916992188 991.203857421875 990.424987792969 993.969665527344 995.727294921875 992.737060546875 997.469848632812 992.093444824219 994.413818359375 1002.85662841797 1004.32537841797 1014.8125 1010.84283447266 1012.74212646484 1019.21112060547 1014.93811035156 1010.40728759766 1026.14392089844 1024.84606933594 1029.705078125 1030.16809082031 1027.48620605469 1035.89660644531 1040.27905273438 1044.36010742188 1035.35632324219 1040.09167480469 1041.51440429688 1047.37731933594 1037.39184570312 1025.60168457031 1015.71630859375 1014.61151123047 1013.12451171875 1005.13311767578 999.168212890625 1009.38806152344 1016.37921142578 1018.52862548828 1029.50988769531 1022.90808105469
983.435485839844 989.137451171875 988.904479980469 990.545166015625 989.867492675781 992.950866699219 991.845031738281 994.223693847656 987.169982910156 992.312866210938 1000.15533447266 998.551635742188 993.303771972656 995.99560546875 1001.06280517578 1003.56256103516 1013.30120849609 1007.31176757812 1008.38531494141 1012.3017578125 1010.31799316406 1018.08892822266 1019.60589599609 1024.56652832031 1035.513671875 1035.76647949219 1046.69055175781 1047.96472167969 1039.48059082031 1043.21813964844 1044.33422851562 1039.2041015625 1045.9951171875 1042.84130859375 1033.39038085938 1020.84680175781 1016.04437255859 1017.28106689453 1012.37017822266 1009.90344238281 999.210144042969 1005.64172363281 1009.97058105469 1026.83581542969 1019.92926025391 1011.34576416016
984.970886230469 988.090270996094 992.693359375 991.60595703125 991.642211914062 987.238891601562 989.773986816406 986.500427246094 995.232177734375 996.048767089844 1005.19842529297 992.485778808594 991.018493652344 998.824951171875 1008.70855712891 1015.82080078125 1013.1875 1007.78350830078 1013.17108154297 1002.8603515625 1017.08093261719 1022.09051513672 1023.40692138672 1029.53149414062 1035.50695800781 1044.29284667969 1052.48364257812 1047.42504882812 1045.86218261719 1036.73864746094 1041.54943847656 1038.76916503906 1038.41247558594 1026.81420898438 1031.19946289062 1028.28771972656 1020.48760986328 1020.18585205078 1017.18310546875 1015.97955322266 1012.9765625 1017.79595947266 1014.69390869141 1026.06823730469 1023.5107421875 1018.47338867188
975.332885742188 987.6591796875 989.825622558594 988.06494140625 993.393920898438 988.532836914062 989.081298828125 989.516906738281 984.301940917969 992.531188964844 1006.91845703125 1005.68518066406 992.222473144531 1003.27557373047 1004.70617675781 1009.05072021484 1008.14025878906 1016.14044189453 1016.89270019531 1009.47674560547 1009.77978515625 1022.11560058594 1027.447265625 1034.90747070312 1043.14855957031 1041.59020996094 1048.62023925781 1043.06030273438 1048.23608398438 1045.55932617188 1041.37329101562 1028.07971191406 1025.19482421875 1024.04638671875 1015.62805175781 1023.55889892578 1011.21923828125 1015.10070800781 1005.47058105469 1016.41766357422 1017.89385986328 1018.61676025391 1027.68811035156 1026.09643554688 1020.41796875 1024.30139160156
972.733337402344 982.274536132812 991.667602539062 994.138549804688 991.977172851562 991.447631835938 983.519775390625 992.480529785156 990.932556152344 991.804504394531 997.830139160156 1000.01110839844 1006.01385498047 1004.29730224609 1009.02532958984 1001.44244384766 1014.33630371094 1017.68365478516 1017.75311279297 1009.42254638672 1013.40246582031 1010.33215332031 1025.50805664062 1028.41186523438 1036.88830566406 1039.61938476562 1040.00524902344 1033.56420898438 1034.94213867188 1042.701171875 1041.53051757812 1039.33874511719 1021.47778320312 1019.39538574219 1013.40075683594 1016.80059814453 1015.66918945312 1016.43609619141 1010.52917480469 1014.96368408203 1015.81097412109 1014.59606933594 1021.37640380859 1025.31188964844 1020.63745117188 1019.20880126953
973.240844726562 988.202758789062 991.775146484375 991.343627929688 980.191162109375 974.605529785156 990.241455078125 990.672546386719 997.762329101562 991.0712890625 1000.63330078125 1006.08386230469 1010.07739257812 1010.77124023438 1011.689453125 1011.20275878906 1011.00531005859 1013.26342773438 1012.49310302734 1013.12780761719 1023.09655761719 1020.73541259766 1021.59552001953 1032.05053710938 1031.09802246094 1031.50756835938 1030.10400390625 1033.34313964844 1026.48522949219 1033.50170898438 1031.6181640625 1037.97680664062 1027.40539550781 1023.06683349609 1022.00433349609 1023.80938720703 1020.86285400391 1016.70257568359 1013.49346923828 1013.35693359375 1018.46691894531 1022.01629638672 1017.45050048828 1020.76544189453 1020.91412353516 1018.69366455078
971.987915039062 976.76708984375 990.66748046875 990.724243164062 990.910522460938 990.05712890625 990.638916015625 994.75537109375 999.265563964844 1001.61462402344 1008.61407470703 1006.97497558594 1013.63208007812 1016.90704345703 1017.94091796875 1021.14489746094 1013.16394042969 1012.89672851562 1019.84136962891 1014.67474365234 1018.12475585938 1022.09918212891 1025.42565917969 1029.95239257812 1022.43048095703 1027.61962890625 1029.55688476562 1028.98168945312 1031.58178710938 1031.22534179688 1024.02026367188 1024.50903320312 1017.54125976562 1016.34838867188 1012.07794189453 1018.67584228516 1010.3564453125 1011.91143798828 1020.38928222656 1010.97125244141 1021.20452880859 1017.69012451172 1014.73852539062 1023.30108642578 1021.29229736328 1023.48284912109
979.767639160156 987.918273925781 987.232116699219 991.039306640625 993.397827148438 995.6728515625 998.812866210938 1009.18469238281 1007.18774414062 1008.64312744141 1009.60125732422 1018.65246582031 1015.33245849609 1018.439453125 1024.12927246094 1021.11090087891 1016.05004882812 1021.14001464844 1012.85900878906 1028.58312988281 1023.17041015625 1021.62487792969 1023.37377929688 1024.62255859375 1021.61010742188 1024.27661132812 1029.76184082031 1024.83081054688 1029.96166992188 1029.13500976562 1029.51672363281 1025.52124023438 1016.55773925781 1012.96398925781 1009.4140625 1008.2080078125 1004.08624267578 1013.20556640625 1012.10180664062 1018.42108154297 1011.32940673828 1012.29547119141 1012.80743408203 1022.35119628906 1029.15124511719 1017.15808105469
993.301025390625 991.134094238281 991.032592773438 999.667053222656 990.490173339844 996.708251953125 999.203552246094 1011.69561767578 1007.37310791016 1002.68725585938 1002.06365966797 1006.36407470703 1021.59173583984 1026.61401367188 1026.35986328125 1027.32360839844 1018.53314208984 1021.59698486328 1027.84887695312 1035.89196777344 1034.36193847656 1024.12475585938 1021.65179443359 1023.09820556641 1020.47497558594 1011.51330566406 1018.80456542969 1025.20812988281 1025.65551757812 1028.63195800781 1029.15087890625 1016.68249511719 1011.50207519531 1019.84002685547 1013.37152099609 1010.15234375 1003.54565429688 1006.31420898438 1004.14483642578 1013.78198242188 1016.46148681641 1016.876953125 1013.77313232422 1007.16345214844 1014.20050048828 1018.39886474609
991.404968261719 992.183654785156 985.603210449219 995.568054199219 990.021362304688 997.915222167969 1002.17529296875 1004.30651855469 1010.24658203125 1007.62445068359 993.108337402344 1013.29992675781 1022.24938964844 1027.77099609375 1017.95220947266 1025.34130859375 1022.00903320312 1019.07470703125 1023.84619140625 1030.14526367188 1030.72778320312 1025.38049316406 1022.95446777344 1013.03570556641 1017.85284423828 1019.55053710938 1016.22613525391 1021.34271240234 1023.06359863281 1017.22003173828 1020.76953125 1014.57159423828 1013.85003662109 1017.53820800781 1008.82086181641 1007.57086181641 1002.00054931641 1001.40026855469 1002.89874267578 997.721557617188 1010.68054199219 1013.46069335938 1015.94543457031 1001.11486816406 1014.38482666016 1012.80529785156
994.768981933594 987.121765136719 991.405456542969 995.599426269531 997.178405761719 998.294250488281 998.512573242188 1008.26049804688 1006.63360595703 1003.13208007812 1004.06799316406 1016.41516113281 1023.40612792969 1027.76086425781 1024.29333496094 1028.28930664062 1020.38311767578 1019.56561279297 1022.75079345703 1027.55725097656 1033.09936523438 1030.81591796875 1021.74005126953 1026.720703125 1030.83239746094 1028.27197265625 1025.9306640625 1026.90954589844 1023.11804199219 1024.43615722656 1019.98559570312 1014.86608886719 1014.85211181641 1007.21026611328 1004.05297851562 1004.30883789062 1000.81573486328 1000.37994384766 1003.71203613281 1000.88781738281 1010.24615478516 1014.53857421875 1012.46820068359 1011.47491455078 1006.80737304688 1003.53424072266
993.927368164062 993.108276367188 986.051513671875 985.346313476562 989.764831542969 995.594177246094 995.349182128906 998.9111328125 998.569274902344 1007.03454589844 1013.02270507812 1013.67584228516 1017.65405273438 1027.0400390625 1029.30786132812 1022.52545166016 1020.88262939453 1027.60461425781 1021.14135742188 1029.39990234375 1030.61767578125 1032.96850585938 1035.90100097656 1030.30493164062 1035.7890625 1025.89697265625 1031.47021484375 1034.45153808594 1027.77770996094 1017.97320556641 1026.55847167969 1020.28198242188 1012.57562255859 1007.00854492188 1015.46612548828 1010.84246826172 998.946350097656 994.748352050781 1007.62481689453 1010.65679931641 1007.66729736328 998.136535644531 1004.20349121094 1010.65728759766 998.657470703125 1002.93133544922
988.371704101562 986.591430664062 987.715148925781 981.910400390625 981.994262695312 998.132019042969 1001.87805175781 1002.53210449219 1006.51916503906 1005.9228515625 1006.47814941406 1007.85437011719 1006.08612060547 1016.04956054688 1021.66912841797 1015.92205810547 1026.56091308594 1027.59997558594 1025.32666015625 1034.66259765625 1031.48474121094 1036.44799804688 1036.26037597656 1039.85290527344 1034.05529785156 1036.51147460938 1032.60986328125 1040.63610839844 1022.75122070312 1024.00854492188 1018.76916503906 1018.38928222656 1010.95758056641 1012.3857421875 1005.82385253906 1008.03302001953 1011.60296630859 998.892150878906 1002.62561035156 1009.49444580078 1005.59375 1002.13366699219 997.286804199219 1000.40936279297 999.361267089844 997.582336425781
