data/zlatibor_dem_simulations/DEMsim42.asc
NCOLS 150
NROWS 100
XLLCORNER 7394249
YLLCORNER 4841999
CELLSIZE 30
NODATA_VALUE -9999
[rows 40 to 59 of 100, columns 46 to 91 of 150]
966.81640625 969.446655273438 973.320861816406 972.207336425781 975.98974609375 969.246459960938 969.854553222656 968.444763183594 968.802673339844 967.946472167969 975.011596679688 972.382934570312 965.836120605469 977.556457519531 971.857482910156 979.986755371094 981.68505859375 978.400817871094 979.672485351562 970.444213867188 973.408569335938 972.751647949219 970.245788574219 966.224487304688 972.369995117188 971.997253417969 962.618774414062 966.704284667969 966.496704101562 972.316162109375 979.962463378906 981.310241699219 982.501098632812 988.277587890625 988.938171386719 990.342346191406 992.869506835938 992.855529785156 1000.79479980469 996.305114746094 997.619995117188 996.759582519531 989.893005371094 999.1181640625 996.93408203125 994.1220703125
959.325927734375 964.546936035156 968.8486328125 971.780151367188 974.393615722656 963.783813476562 963.658813476562 964.456115722656 971.255187988281 971.663146972656 977.015991210938 973.733703613281 973.370483398438 970.377258300781 976.8251953125 967.495971679688 979.560180664062 980.881164550781 980.215759277344 972.350952148438 971.940124511719 970.640869140625 968.212280273438 961.416625976562 967.332885742188 966.219360351562 968.278503417969 966.609680175781 973.918762207031 968.486877441406 969.556518554688 968.760559082031 982.656982421875 987.423095703125 980.719482421875 978.542419433594 996.504028320312 995.6396484375 988.143249511719 993.556884765625 995.128051757812 992.888732910156 996.159912109375 996.235656738281 995.713500976562 992.612670898438
956.383178710938 952.026123046875 961.157165527344 976.457275390625 977.2255859375 967.962951660156 961.236328125 960.087463378906 977.023132324219 975.374267578125 976.102478027344 982.540466308594 978.127868652344 972.885681152344 977.688049316406 973.246887207031 969.816223144531 972.824890136719 984.045532226562 976.623046875 974.310729980469 978.984252929688 968.194702148438 966.675598144531 967.930969238281 959.973510742188 967.36181640625 963.564575195312 966.013305664062 962.697326660156 961.484252929688 973.475830078125 976.529479980469 972.824951171875 973.381958007812 975.331115722656 983.216674804688 984.123596191406 979.536560058594 982.982299804688 988.4296875 987.284851074219 993.536499023438 997.762573242188 991.841613769531 991.761962890625
954.608276367188 950.951477050781 964.903442382812 970.6396484375 976.097717285156 970.280090332031 966.099975585938 968.899963378906 970.275695800781 966.519226074219 970.569030761719 977.635559082031 974.923217773438 971.242736816406 979.971130371094 972.761474609375 968.2412109375 970.881774902344 983.287170410156 986.540283203125 977.111938476562 974.461547851562 966.781921386719 960.579162597656 958.874877929688 956.964477539062 962.348022460938 963.767883300781 959.162109375 973.559143066406 962.0361328125 975.851684570312 976.295715332031 975.924926757812 975.178466796875 972.483825683594 970.461364746094 973.502075195312 981.542907714844 990.190185546875 983.648132324219 984.282836914062 982.590087890625 994.55615234375 982.669738769531 981.2578125
958.105712890625 958.211364746094 963.802551269531 970.273681640625 968.922424316406 969.179748535156 967.32763671875 971.799987792969 975.377380371094 966.718078613281 966.023986816406 975.698486328125 964.899169921875 969.283386230469 973.798889160156 967.382202148438 968.86767578125 974.726745605469 976.836853027344 979.563354492188 978.460205078125 976.973327636719 969.76416015625 960.509826660156 959.308532714844 964.808898925781 968.182434082031 959.47021484375 965.251159667969 969.841186523438 969.617309570312 973.557250976562 975.248413085938 979.791687011719 959.428833007812 963.700073242188 966.060668945312 975.902770996094 984.554626464844 985.195434570312 984.117858886719 987.992431640625 982.920471191406 986.294799804688 982.400146484375 978.721984863281
961.271667480469 961.709167480469 966.771362304688 962.625854492188 969.646179199219 972.590881347656 973.540771484375 971.554565429688 966.065490722656 970.2177734375 971.60009765625 972.747863769531 969.534790039062 974.080383300781 977.872131347656 973.669860839844 969.2626953125 978.017944335938 971.692932128906 968.786865234375 971.273620605469 966.7578125 964.782653808594 961.586669921875 958.15185546875 957.927856445312 962.299926757812 964.779052734375 971.251831054688 967.394409179688 974.198913574219 979.042053222656 965.632202148438 965.967834472656 964.424682617188 961.568969726562 965.377197265625 972.145874023438 968.753601074219 975.045166015625 977.614379882812 973.1396484375 979.352844238281 977.931518554688 973.421691894531 974.423828125
960.763305664062 959.956970214844 971.775329589844 963.476318359375 968.049682617188 965.852111816406 959.414306640625 957.084899902344 968.870178222656 967.574584960938 962.984313964844 973.701477050781 973.477294921875 981.080749511719 970.729797363281 976.294006347656 972.092956542969 970.569702148438 975.675537109375 964.651306152344 970.506469726562 969.037475585938 963.811767578125 962.203308105469 957.604858398438 957.579528808594 964.215942382812 969.626831054688 963.3505859375 973.749450683594 967.189819335938 972.54345703125 972.976623535156 962.801574707031 970.999755859375 963.121398925781 967.199768066406 962.769714355469 969.377319335938 979.155334472656 975.374145507812 978.48046875 975.044677734375 975.427917480469 979.586730957031 980.643615722656
960.384887695312 959.122741699219 963.453247070312 965.014038085938 971.482421875 964.54345703125 966.596496582031 965.428588867188 971.393493652344 971.658325195312 971.991149902344 979.446716308594 976.156494140625 972.82666015625 969.910461425781 977.570251464844 969.692810058594 966.318481445312 968.678833007812 972.236206054688 970.033508300781 965.231689453125 960.192260742188 956.538330078125 954.523132324219 958.654541015625 970.073425292969 965.535339355469 966.732116699219 968.9619140625 974.582214355469 977.336303710938 974.421569824219 970.876403808594 971.279052734375 970.904724121094 962.532287597656 962.829895019531 962.003723144531 969.445556640625 974.169372558594 975.395263671875 969.081726074219 971.6630859375 967.551940917969 972.569763183594
957.36279296875 949.881103515625 963.193237304688 962.172668457031 964.23828125 968.034545898438 964.028442382812 960.394409179688 962.413635253906 968.862243652344 972.0205078125 970.995666503906 978.751586914062 976.840698242188 967.372009277344 965.46435546875 968.003845214844 964.973876953125 972.608520507812 969.272827148438 964.328918457031 963.576843261719 962.484619140625 958.460876464844 958.875244140625 959.914672851562 967.158569335938 973.727294921875 968.549743652344 972.559509277344 974.948486328125 974.699401855469 963.519592285156 972.301208496094 974.583435058594 970.1669921875 969.597595214844 972.249267578125 971.54931640625 972.989501953125 979.833862304688 982.466735839844 970.860595703125 968.755676269531 972.719299316406 972.05419921875
960.432556152344 950.010620117188 952.710693359375 954.656860351562 966.966735839844 972.065124511719 967.762939453125 964.006896972656 964.598083496094 964.124633789062 966.884826660156 975.470092773438 978.530700683594 973.540161132812 967.835144042969 961.900756835938 967.936157226562 965.460876464844 961.663452148438 959.66064453125 964.156127929688 960.180053710938 960.239501953125 964.882141113281 963.342712402344 966.031127929688 970.839172363281 960.13623046875 963.867126464844 965.302429199219 968.224792480469 963.700500488281 965.125549316406 969.338806152344 967.59912109375 975.365112304688 972.749084472656 966.067260742188 965.135803222656 965.911010742188 972.236145019531 978.203430175781 970.367736816406 967.586730957031 967.39697265625 969.491271972656
967.89697265625 955.300598144531 953.6494140625 956.15283203125 967.112976074219 966.962463378906 967.561218261719 969.426696777344 960.94970703125 967.755126953125 958.141296386719 964.282409667969 967.772155761719 959.7021484375 969.293701171875 965.44140625 979.186706542969 977.591552734375 970.885986328125 964.043762207031 969.615051269531 963.35888671875 960.144836425781 968.788146972656 961.804382324219 962.222229003906 968.021362304688 967.306701660156 970.211303710938 961.707641601562 961.097534179688 963.006958007812 965.978088378906 956.85595703125 968.470764160156 973.06298828125 970.300476074219 968.709533691406 964.190734863281 967.576232910156 966.909973144531 967.644836425781 969.327514648438 970.159851074219 967.968322753906 968.541625976562
965.036926269531 962.477905273438 953.173950195312 956.439453125 967 971.955322265625 969.158508300781 969.9775390625 965.110900878906 961.325744628906 961.187316894531 962.578674316406 961.205078125 966.212463378906 967.578002929688 969.43798828125 966.758117675781 966.7431640625 969.937744140625 970.035949707031 967.615051269531 961.30419921875 968.236877441406 964.335205078125 965.91650390625 978.575317382812 968.920349121094 962.659118652344 975.001647949219 961.639953613281 970.689758300781 966.9765625 967.036865234375 963.848571777344 969.024047851562 967.668334960938 966.289611816406 967.096252441406 968.436706542969 974.625183105469 970.950073242188 971.656677246094 971.715759277344 971.836608886719 971.522583007812 969.660888671875
966.835571289062 966.121276855469 958.753173828125 962.108764648438 964.345031738281 971.868469238281 966.248962402344 968.632507324219 963.415222167969 961.611145019531 953.014526367188 958.812744140625 954.755615234375 962.524597167969 960.284484863281 959.563903808594 958.195617675781 957.322937011719 962.175231933594 962.945068359375 956.744018554688 957.620849609375 957.279235839844 965.558288574219 970.6796875 960.22607421875 954.424621582031 960.991821289062 963.390014648438 967.305603027344 964.651489257812 957.438903808594 967.080932617188 968.008483886719 958.664306640625 962.140502929688 964.877380371094 957.484741210938 966.193542480469 971.998413085938 970.162536621094 966.420166015625 973.443176269531 970.22998046875 969.119201660156 967.921081542969
970.636962890625 966.768676757812 963.932067871094 966.888000488281 970.419189453125 965.952880859375 967.946411132812 965.637634277344 961.223571777344 964.034851074219 959.417785644531 959.405395507812 957.246704101562 958.375183105469 967.551330566406 964.24560546875 956.285095214844 957.468139648438 962.822082519531 961.343444824219 960.289245605469 952.008239746094 959.768188476562 960.694641113281 961.373718261719 963.178161621094 957.548583984375 959.812316894531 949.437927246094 968.405090332031 965.622863769531 962.060180664062 967.370239257812 966.156860351562 958.052978515625 965.796508789062 967.143920898438 958.572570800781 966.912780761719 972.778930664062 966.879638671875 963.702819824219 967.57568359375 963.99560546875 978.386352539062 972.855102539062
969.518188476562 962.601257324219 958.218200683594 954.661254882812 951.472839355469 948.446166992188 950.234008789062 955.423278808594 955.455200195312 963.001525878906 953.49267578125 953.4873046875 955.373413085938 960.324401855469 965.885131835938 959.144348144531 952.457824707031 957.524353027344 963.542663574219 964.780883789062 955.21826171875 955.385009765625 958.31689453125 961.433959960938 955.547973632812 965.41064453125 960.687866210938 965.186828613281 963.712341308594 962.370727539062 957.538452148438 961.862670898438 965.609008789062 960.154479980469 958.879760742188 957.83837890625 958.885986328125 961.340270996094 962.856262207031 968.711486816406 966.807678222656 963.466369628906 971.796142578125 973.567810058594 976.138305664062 979.299926757812
958.619506835938 958.008605957031 956.095581054688 952.336791992188 945.457214355469 945.627197265625 949.111633300781 959.31689453125 961.352722167969 966.952453613281 964.624389648438 953.915771484375 959.939331054688 963.076171875 962.574951171875 950.959289550781 945.983764648438 945.302734375 953.061340332031 963.6650390625 964.424865722656 965.490478515625 961.924743652344 951.10400390625 952.934631347656 957.41455078125 966.203369140625 954.303100585938 967.608947753906 964.469543457031 958.549621582031 969.190124511719 966.164245605469 959.359924316406 957.986389160156 957.340087890625 956.287719726562 951.06689453125 962.87646484375 966.058959960938 964.453674316406 968.234069824219 977.282592773438 970.023071289062 972.738342285156 973.845031738281
955.859069824219 947.669555664062 951.358947753906 934.857788085938 948.700561523438 956.497680664062 953.249816894531 958.286376953125 965.561401367188 970.697937011719 958.664367675781 949.220397949219 956.982604980469 957.883850097656 957.495849609375 948.294921875 943.538208007812 939.822448730469 942.573547363281 959.560546875 955.734130859375 961.2734375 967.57275390625 962.964965820312 952.398986816406 957.133666992188 960.412231445312 959.263488769531 963.367370605469 962.031433105469 963.116455078125 961.563293457031 968.810302734375 963.124938964844 964.958190917969 957.882019042969 960.9521484375 951.877258300781 956.697082519531 958.625732421875 963.420166015625 967.421447753906 978.351623535156 969.393798828125 967.939208984375 966.974853515625
939.585510253906 945.283569335938 945.953857421875 940.561462402344 944.65771484375 957.457763671875 959.026489257812 956.213684082031 956.344482421875 953.696472167969 954.861450195312 949.1357421875 953.333557128906 951.843872070312 953.130187988281 948.2001953125 952.211791992188 949.473266601562 952.340576171875 966.927490234375 953.889404296875 960.803283691406 964.750915527344 954.386474609375 957.593322753906 956.556823730469 960.563293457031 960.364562988281 964.193725585938 965.643981933594 966.455017089844 956.912536621094 959.16748046875 966.344299316406 963.485656738281 970.56689453125 965.032348632812 958.644287109375 955.895385742188 962.405639648438 965.935424804688 973.2216796875 961.53125 971.405944824219 958.233032226562 967.280517578125
943.078125 950.698974609375 947.256042480469 946.326599121094 951.610107421875 950.20703125 953.902954101562 964.738525390625 951.248229980469 952.736877441406 954.004089355469 952.548583984375 948.749694824219 959.082641601562 956.273864746094 967.656311035156 963.832885742188 961.447875976562 953.628295898438 960.403381347656 967.715576171875 967.026062011719 964.589904785156 962.065673828125 955.264892578125 957.856201171875 956.477172851562 964.467163085938 970.132568359375 977.136047363281 960.430786132812 958.890991210938 960.292175292969 972.932006835938 967.266662597656 968.045837402344 963.994750976562 967.394104003906 964.231201171875 959.379577636719 963.336364746094 965.768005371094 963.879272460938 968.688903808594 970.625183105469 971.18017578125
950.223205566406 953.006103515625 958.86279296875 948.673706054688 944.823852539062 946.452026367188 944.181884765625 949.293273925781 953.267395019531 958.037414550781 956.079040527344 944.435241699219 962.4794921875 957.511535644531 960.670043945312 964.681884765625 960.7734375 962.8798828125 953.37744140625 965.273681640625 970.135864257812 961.901977539062 964.193725585938 961.705139160156 963.213012695312 956.638244628906 957.054870605469 961.972778320312 968.486999511719 971.141723632812 969.372009277344 965.415344238281 969.199401855469 971.128845214844 972.298645019531 966.1630859375 969.522155761719 967.928955078125 957.513854980469 964.134765625 966.586608886719 965.297302246094 973.062561035156 976.098571777344 975.666564941406 965.644287109375
