data/zlatibor_dem_simulations/DEMsim83.asc
NCOLS 150
NROWS 100
XLLCORNER 7394249
YLLCORNER 4841999
CELLSIZE 30
NODATA_VALUE -9999
[rows 60 to 79 of 100, columns 0 to 45 of 150]
973.974304199219 972.546691894531 972.204284667969 973.310241699219 967.658325195312 967.396484375 972.754150390625 975.662780761719 970.930419921875 955.034301757812 958.904602050781 955.762573242188 961.555541992188 955.581237792969 957.663452148438 958.0205078125 950.787170410156 964.290649414062 958.016662597656 961.220581054688 955.744079589844 960.924926757812 956.326110839844 940.177917480469 940.50830078125 951.692016601562 956.384033203125 958.975646972656 948.672119140625 954.873474121094 957.090270996094 946.80517578125 951.699340820312 951.734741210938 951.18017578125 955.4990234375 953.243835449219 950.220092773438 948.668762207031 949.825988769531 959.962951660156 960.287170410156 959.563598632812 952.347595214844 951.436462402344 944.947448730469
982.846069335938 978.310729980469 975.339721679688 970.782287597656 965.940612792969 965.855834960938 968.150695800781 968.388916015625 964.500366210938 962.930053710938 965.755737304688 964.198791503906 955.09619140625 948.665100097656 953.188659667969 950.009521484375 959.305969238281 956.276245117188 963.897827148438 959.154479980469 950.904479980469 958.417297363281 961.56494140625 944.773071289062 946.256591796875 950.945068359375 950.308654785156 956.918823242188 954.462829589844 955.377990722656 954.607727050781 947.7861328125 957.602294921875 952.244018554688 949.912414550781 953.129943847656 954.416015625 943.699829101562 944.922912597656 951.78076171875 949.871765136719 955.232360839844 948.840576171875 948.256652832031 958.166076660156 948.452575683594
979.449768066406 974.509216308594 964.839233398438 963.538024902344 969.413635253906 958.811950683594 958.105346679688 962.516540527344 954.473815917969 962.949890136719 959.274841308594 960.420532226562 967.864318847656 957.075500488281 951.6064453125 947.433532714844 958.12841796875 953.22607421875 953.121704101562 955.474914550781 961.220031738281 965.049682617188 961.761962890625 951.420837402344 947.574523925781 947.254455566406 946.800842285156 953.6767578125 945.810791015625 950.572509765625 955.963562011719 947.047546386719 947.632507324219 947.466857910156 948.81298828125 952.573120117188 954.2060546875 949.783264160156 946.052612304688 946.962646484375 938.186401367188 944.460327148438 949.309692382812 950.938232421875 946.876586914062 943.482604980469
966.694091796875 967.985595703125 959.325317382812 953.960510253906 957.046508789062 955.633544921875 951.051635742188 952.665283203125 947.485595703125 948.006042480469 950.767761230469 960.517272949219 962.756652832031 954.558898925781 955.270629882812 947.866638183594 950.771057128906 949.965393066406 959.9453125 961.1591796875 959.428405761719 957.712768554688 966.06103515625 952.793884277344 949.867858886719 949.2158203125 940.157958984375 940.708740234375 940.246520996094 947.116455078125 953.320983886719 942.153137207031 945.881103515625 948.409790039062 946.275695800781 954.524719238281 954.24853515625 962.034118652344 948.198059082031 945.930603027344 948.746032714844 952.968322753906 953.060363769531 950.696594238281 948.809936523438 948.288757324219
964.00732421875 967.365112304688 962.772277832031 957.184753417969 959.455444335938 950.501159667969 941.853454589844 947.750427246094 949.327087402344 947.978332519531 948.94189453125 942.187866210938 950.159240722656 949.700805664062 947.276611328125 953.638732910156 945.959045410156 952.782104492188 962.620422363281 958.980834960938 951.959411621094 951.798706054688 954.207763671875 950.979370117188 952.727172851562 947.869750976562 947.321716308594 943.612365722656 950.40869140625 951.792602539062 946.525390625 943.898620605469 947.582336425781 949.6474609375 951.337341308594 954.784545898438 946.203308105469 952.273986816406 952.93701171875 948.456359863281 954.644714355469 967.762634277344 954.994079589844 953.570678710938 946.938659667969 949.988464355469
955.736389160156 959.248107910156 959.040893554688 956.273010253906 957.502746582031 946.105773925781 949.512084960938 946.279541015625 946.69091796875 941.732971191406 948.682861328125 945.341186523438 952.593688964844 951.804016113281 943.732727050781 943.91357421875 950.137939453125 944.318725585938 952.810241699219 953.492126464844 949.152099609375 946.293273925781 946.248046875 947.645690917969 939.880676269531 938.072692871094 935.723083496094 948.981628417969 945.939636230469 955.724304199219 951.678161621094 949.475891113281 951.793701171875 955.563049316406 958.929321289062 944.595458984375 945.156005859375 944.192687988281 945.704467773438 955.791687011719 953.170349121094 957.987548828125 965.332458496094 954.89208984375 954.402160644531 955.264831542969
956.606018066406 956.550537109375 961.605590820312 956.991394042969 960.649169921875 957.478149414062 956.625061035156 952.137878417969 950.550354003906 948.526977539062 945.932189941406 950.784912109375 946.852294921875 949.597106933594 951.343872070312 947.445861816406 948.527221679688 947.572570800781 944.168090820312 945.392333984375 936.711059570312 950.377380371094 956.639526367188 952.125366210938 944.922424316406 950.107849121094 941.345153808594 949.735168457031 944.2158203125 953.500793457031 951.024108886719 962.450073242188 958.818298339844 958.404846191406 957.607666015625 944.637023925781 955.65283203125 953.36328125 954.037170410156 947.296813964844 950.221923828125 962.958068847656 961.318969726562 959.17236328125 953.2998046875 962.277099609375
953.614379882812 947.832580566406 959.306884765625 962.655151367188 954.621398925781 950.806640625 949.096557617188 957.885131835938 949.310913085938 947.348510742188 951.421142578125 953.477905273438 947.180297851562 953.036987304688 953.277587890625 953.11572265625 957.719970703125 949.097595214844 958.989562988281 951.541198730469 946.836120605469 946.937622070312 955.513793945312 954.807556152344 954.481323242188 955.919921875 956.130676269531 955.624145507812 956.03466796875 953.573303222656 960.59716796875 966.592895507812 964.50439453125 949.113159179688 947.064270019531 946.983642578125 951.989440917969 953.22119140625 955.734619140625 957.408630371094 958.081481933594 958.873596191406 967.105834960938 965.732666015625 971.73681640625 973.921752929688
956.079833984375 949.812316894531 954.410583496094 950.869812011719 950.822570800781 949.487915039062 950.833740234375 955.560791015625 954.894897460938 944.853332519531 947.915649414062 950.836242675781 940.508850097656 948.374633789062 954.153259277344 960.460144042969 954.728698730469 954.395263671875 955.14990234375 947.647583007812 952.200927734375 949.37744140625 950.125915527344 957.72021484375 952.777221679688 960.329650878906 961.1611328125 962.156921386719 954.586059570312 957.177124023438 949.036987304688 953.187194824219 960.303527832031 953.328369140625 955.295349121094 955.377136230469 960.533325195312 959.836120605469 952.16162109375 961.536010742188 961.480651855469 962.674987792969 964.293701171875 967.938354492188 984.486694335938 988.018005371094
951.378967285156 951.431335449219 955.333923339844 947.490234375 946.82421875 943.850280761719 939.8544921875 941.182312011719 941.948974609375 937.712829589844 942.580139160156 953.277954101562 951.546936035156 964.31298828125 964.722229003906 954.261901855469 960.106689453125 957.242370605469 959.798461914062 952.909240722656 959.309143066406 958.497009277344 958.212951660156 959.986022949219 958.455139160156 956.739318847656 962.06884765625 960.708740234375 955.986022949219 952.327209472656 950.205383300781 956.235107421875 953.446838378906 955.516784667969 957.800231933594 959.551330566406 956.854064941406 964.978088378906 957.949096679688 963.521911621094 973.514404296875 963.370788574219 968.248962402344 967.627868652344 976.427612304688 984.669372558594
953.385498046875 949.681823730469 947.402282714844 946.117858886719 944.980712890625 946.576477050781 934.587829589844 934.151489257812 935.881469726562 943.444946289062 946.971069335938 956.7099609375 965.179931640625 972.53271484375 974.775146484375 959.023132324219 961.900329589844 956.996643066406 955.766174316406 968.015258789062 963.354675292969 965.230773925781 964.297546386719 967.277893066406 960.300048828125 966.41796875 960.98681640625 955.738647460938 959.918395996094 952.582214355469 950.001953125 954.859252929688 957.597595214844 950.417236328125 959.570373535156 956.731689453125 964.845764160156 964.569702148438 971.139099121094 969.489929199219 965.114868164062 981.320495605469 972.365661621094 968.136413574219 974.472351074219 983.558837890625
941.957946777344 945.215026855469 944.078735351562 938.090515136719 941.896301269531 939.318359375 926.439331054688 930.651306152344 933.854125976562 942.733276367188 956.978088378906 963.575439453125 972.269836425781 973.986389160156 978.433532714844 967.744140625 961.880432128906 964.630615234375 965.595336914062 961.720458984375 971.556884765625 958.491516113281 971.150329589844 967.706726074219 964.709777832031 964.001342773438 960.214538574219 954.345031738281 951.404235839844 957.337097167969 952.064025878906 957.661499023438 956.725036621094 955.817932128906 957.658874511719 957.460632324219 962.028930664062 960.657897949219 973.642578125 972.453857421875 965.77001953125 974.1513671875 976.748901367188 976.936340332031 981.011596679688 982.836364746094
943.2744140625 948.132202148438 944.429565429688 945.086608886719 945.35791015625 939.415771484375 926.059020996094 934.17822265625 940.323547363281 942.459533691406 956.999267578125 966.895202636719 969.714477539062 978.686706542969 987.868225097656 974.241333007812 968.8759765625 977.841064453125 971.556091308594 958.26318359375 954.082214355469 960.584228515625 967.396240234375 968.086059570312 971.620056152344 966.970947265625 956.944213867188 960.790710449219 958.499816894531 957.565551757812 954.17626953125 961.283386230469 962.921264648438 964.859008789062 956.855102539062 962.609924316406 961.505737304688 956.4482421875 973.34130859375 982.938903808594 983.823974609375 982.062622070312 975.588439941406 987.746215820312 991.153198242188 990.048950195312
944.686584472656 941.21826171875 940.189575195312 935.233703613281 935.701293945312 937.539245605469 932.841491699219 939.433227539062 948.745300292969 944.938171386719 966.173400878906 968.19775390625 966.187377929688 970.124816894531 982.542236328125 973.864379882812 974.27197265625 976.710327148438 977.719360351562 970.782775878906 962.803955078125 968.921142578125 974.510681152344 974.4287109375 974.272521972656 967.814514160156 962.035766601562 961.726318359375 962.0849609375 966.678649902344 958.209594726562 961.0751953125 962.266845703125 962.737731933594 963.89599609375 961.2998046875 963.454711914062 963.946228027344 973.290405273438 979.911682128906 988.575866699219 995.562805175781 989.374328613281 982.958251953125 991.295776367188 996.156127929688
933.993225097656 930.821044921875 933.994812011719 933.497680664062 931.585815429688 937.611633300781 934.591674804688 940.955383300781 952.796508789062 954.058349609375 961.1416015625 972.254760742188 968.923889160156 975.0908203125 977.47509765625 972.8818359375 974.005493164062 976.149475097656 972.156066894531 981.980895996094 976.108276367188 982.540405273438 977.378784179688 973.755798339844 976.747375488281 970.831665039062 966.385131835938 957.88916015625 963.177917480469 969.371643066406 974.518737792969 968.949829101562 963.504150390625 966.462341308594 963.76708984375 959.270751953125 965.541320800781 964.788330078125 966.043273925781 977.486267089844 986.551879882812 993.335693359375 982.69482421875 1002.30865478516 1007.71643066406 1007.16040039062
924.023803710938 929.256286621094 931.33984375 929.483764648438 921.286071777344 936.196594238281 931.592651367188 940.969604492188 950.432250976562 965.736633300781 962.673767089844 962.500549316406 975.197204589844 970.990234375 975.195129394531 978.877563476562 979.148620605469 975.101440429688 974.940795898438 981.033752441406 983.089721679688 976.484008789062 976.926940917969 978.104431152344 980.021301269531 988.697509765625 974.85302734375 958.96923828125 962.934326171875 971.122314453125 967.595581054688 971.414184570312 973.835021972656 964.447326660156 964.0185546875 962.110534667969 956.844177246094 964.489135742188 973.254211425781 971.861694335938 978.271606445312 998.07861328125 1005.27325439453 1011.63696289062 1008.28533935547 1006.87524414062
918.386108398438 931.978637695312 933.254638671875 930.293151855469 929.243530273438 931.357116699219 932.625732421875 939.624633789062 942.52099609375 958.846313476562 960.778503417969 963.17529296875 973.487121582031 980.09130859375 978.4248046875 983.784118652344 979.607666015625 979.138916015625 984.620239257812 980.503234863281 982.803894042969 982.382507324219 980.459106445312 987.120666503906 994.815002441406 994.882141113281 984.948547363281 974.058288574219 973.286682128906 972.443786621094 976.245361328125 981.302368164062 974.306701660156 972.00048828125 973.98193359375 977.251098632812 968.271789550781 961.573364257812 968.043518066406 977.3115234375 978.810363769531 996.092163085938 1016.78204345703 1014.34252929688 1015.29791259766 1023.23828125
928.599182128906 934.752258300781 932.990478515625 932.194458007812 934.463195800781 932.913208007812 937.856262207031 941.617858886719 953.759155273438 962.023193359375 952.244995117188 966.304260253906 971.703918457031 986.121948242188 987.599792480469 984.034362792969 979.492431640625 976.338562011719 974.2548828125 973.603332519531 980.424133300781 978.144775390625 984.286560058594 995.781188964844 991.8974609375 988.747802734375 983.988403320312 980.576049804688 981.112670898438 981.494812011719 980.472229003906 983.275207519531 987.088989257812 982.37451171875 976.201965332031 970.961059570312 966.236755371094 968.83349609375 969.042175292969 982.346801757812 991.808410644531 1005.328125 1021.25646972656 1020.13098144531 1012.4189453125 1018.85430908203
938.457214355469 937.885864257812 935.210144042969 936.750244140625 943.074035644531 935.499145507812 934.215637207031 940.274536132812 950.106323242188 958.052673339844 959.246398925781 956.363098144531 968.9208984375 983.87158203125 980.551879882812 977.986267089844 978.442504882812 973.169189453125 969.134338378906 977.869934082031 973.545227050781 974.534912109375 982.910278320312 985.938720703125 987.221435546875 985.519836425781 987.260986328125 984.523864746094 978.7529296875 981.576782226562 981.267639160156 980.318176269531 976.343383789062 977.638488769531 976.162048339844 971.185363769531 969.854797363281 966.452087402344 972.436401367188 982.260131835938 992.655334472656 1009.42749023438 1014.37670898438 1013.25549316406 1018.98358154297 1014.48107910156
934.095520019531 939.723754882812 949.041442871094 946.568481445312 944.441101074219 943.756896972656 936.155822753906 932.435180664062 948.534973144531 953.356628417969 956.372131347656 954.622192382812 965.930786132812 972.908996582031 972.504333496094 974.286682128906 978.409118652344 970.5986328125 967.846923828125 975.744995117188 980.828063964844 982.463500976562 980.836486816406 983.980041503906 987.61865234375 986.012390136719 980.53271484375 991.343933105469 984.963073730469 986.617919921875 985.966613769531 980.123657226562 978.246032714844 981.773071289062 974.658996582031 969.933654785156 967.9775390625 972.880065917969 976.930725097656 984.489196777344 993.413208007812 1006.51245117188 1011.21765136719 1017.53759765625 1018.07684326172 1013.89794921875
