data/zlatibor_dem_simulations/DEMsim6.asc
NCOLS 150
NROWS 100
XLLCORNER 7394249
YLLCORNER 4841999
CELLSIZE 30
NODATA_VALUE -9999
[rows 0 to 19 of 100, columns 92 to 137 of 150]
933.596252441406 919.158081054688 914.481201171875 906.8564453125 903.48828125 891.365234375 874.500732421875 882.711853027344 884.580383300781 874.255859375 868.795288085938 870.43701171875 863.265197753906 854.333679199219 854.083129882812 854.034851074219 855.07568359375 862.383239746094 866.200256347656 872.939453125 889.280822753906 895.418273925781 904.343566894531 910.461242675781 915.742736816406 917.800720214844 909.843322753906 909.965270996094 917.960205078125 927.7158203125 939.771118164062 955.571350097656 950.601806640625 954.351013183594 956.278198242188 961.054321289062 976.373474121094 1000.09240722656 1001.85089111328 1020.23846435547 1018.53686523438 1014.2490234375 1018.39978027344 1024.03515625 1043.67810058594 1064.77856445312
931.199096679688 914.4736328125 905.24951171875 903.041687011719 903.974670410156 888.494384765625 881.890502929688 873.962768554688 870.003112792969 874.531921386719 875.116760253906 872.584350585938 873.60205078125 864.136291503906 862.192016601562 856.65234375 854.092590332031 858.084045410156 870.331115722656 870.386352539062 880.355773925781 885.578186035156 895.471618652344 906.123840332031 909.078186035156 918.493835449219 912.087280273438 915.53515625 924.418518066406 934.090881347656 937.739990234375 943.414794921875 945.845764160156 951.515197753906 964.365783691406 970.680053710938 976.269592285156 998.828674316406 1001.5888671875 1010.38110351562 1019.732421875 1023.71575927734 1023.55554199219 1032.96875 1049.00695800781 1065.43115234375
918.391967773438 904.700256347656 902.521362304688 902.817077636719 913.675537109375 899.790893554688 886.709350585938 874.199279785156 878.075622558594 874.707336425781 871.152465820312 875.812438964844 875.48046875 873.477294921875 862.460083007812 861.785949707031 856.073791503906 862.175842285156 875.797119140625 875.121520996094 879.85205078125 886.798645019531 887.309204101562 907.718566894531 904.958862304688 910.833923339844 912.504150390625 912.078735351562 926.937622070312 933.811950683594 942.425231933594 946.680786132812 944.612854003906 945.976745605469 960.369873046875 970.989440917969 988.3740234375 994.126892089844 1002.72857666016 1012.32971191406 1013.20538330078 1015.93017578125 1023.46697998047 1035.17102050781 1049.921875 1063.83068847656
912.549011230469 914.183837890625 906.024841308594 906.923095703125 915.857788085938 914.536865234375 894.617980957031 884.665649414062 880.823425292969 881.794982910156 876.578552246094 873.281188964844 879.966735839844 874.461975097656 875.463195800781 864.809509277344 869.918212890625 869.336059570312 875.0654296875 876.265319824219 874.825256347656 885.074096679688 885.846374511719 898.095947265625 907.173828125 918.1728515625 912.793334960938 919.864929199219 923.8291015625 929.315490722656 947.061889648438 948.872436523438 941.223266601562 948.254577636719 959.523742675781 966.842041015625 979.522033691406 998.047790527344 994.403381347656 1006.84246826172 1010.67840576172 1018.22821044922 1031.87097167969 1038.53210449219 1049.177734375 1067.23803710938
922.095886230469 922.493041992188 915.84716796875 913.361511230469 913.764221191406 904.987121582031 898.001281738281 884.598693847656 883.648254394531 877.203125 883.698303222656 880.167053222656 879.276062011719 879.397216796875 878.595275878906 875.632385253906 871.605407714844 869.6142578125 866.411560058594 863.306823730469 872.232360839844 878.804931640625 890.811401367188 900.932189941406 911.90673828125 914.228576660156 922.429260253906 921.98046875 924.880187988281 925.13525390625 922.079040527344 932.92724609375 941.076049804688 944.863830566406 958.668090820312 969.101867675781 976.08251953125 986.211853027344 999.599731445312 996.196960449219 1011.45971679688 1029.70886230469 1029.77087402344 1046.69201660156 1059.65710449219 1078.44177246094
928.992248535156 916.263854980469 913.418151855469 918.217468261719 910.287231445312 907.776000976562 910.7412109375 894.9296875 883.601989746094 885.910583496094 887.245544433594 882.609375 877.298156738281 882.053955078125 891.853393554688 886.76708984375 881.860656738281 884.53271484375 872.31103515625 871.810791015625 871.342041015625 880.359924316406 894.927185058594 904.493835449219 905.711730957031 918.12646484375 929.599792480469 931.515625 918.987670898438 915.572326660156 927.078796386719 933.736450195312 935.34521484375 943.161682128906 959.616821289062 964.949401855469 985.027099609375 979.838684082031 987.0390625 991.091613769531 1000.64056396484 1025.73425292969 1041.16589355469 1042.08728027344 1057.50366210938 1078.22607421875
924.420471191406 920.665893554688 906.137451171875 907.252075195312 915.7919921875 916.574951171875 917.053283691406 903.764526367188 901.416931152344 892.347290039062 891.599060058594 890.6640625 881.538513183594 881.6513671875 888.354614257812 888.538818359375 892.694641113281 893.052490234375 883.67578125 878.754638671875 878.900146484375 879.208862304688 893.3095703125 905.294982910156 917.251159667969 925.234313964844 926.04052734375 936.367492675781 924.617065429688 926.944274902344 923.476867675781 929.390380859375 937.844543457031 943.615356445312 957.001403808594 974.373474121094 982.188720703125 979.567565917969 986.084045410156 993.720581054688 1017.91900634766 1026.11596679688 1043.73254394531 1040.53698730469 1058.86450195312 1084.99255371094
914.649963378906 915.592834472656 916.445617675781 918.273193359375 913.260192871094 917.868225097656 918.077880859375 914.109191894531 910.323608398438 900.089477539062 896.865539550781 893.9970703125 887.841186523438 880.146667480469 893.611328125 886.215576171875 889.749328613281 886.605895996094 887.412048339844 884.681396484375 882.161926269531 879.55859375 887.559875488281 915.400939941406 926.974548339844 929.701049804688 925.255920410156 922.404907226562 925.852294921875 931.681396484375 930.066650390625 938.705749511719 950.649780273438 950.605102539062 958.615539550781 968.600769042969 971.688598632812 984.502807617188 986.670166015625 1001.76696777344 1024.71948242188 1032.2880859375 1046.42346191406 1048.69763183594 1062.23901367188 1083.75268554688
915.369873046875 916.550659179688 916.92041015625 909.9990234375 919.978393554688 911.035278320312 908.61474609375 913.691467285156 911.947814941406 910.057922363281 907.207763671875 901.802795410156 895.357055664062 901.8642578125 896.666748046875 894.957458496094 897.860595703125 895.335571289062 895.954650878906 898.865966796875 894.561889648438 889.718627929688 893.106140136719 915.637451171875 928.439453125 926.308654785156 926.483703613281 925.454956054688 929.05029296875 929.617736816406 937.829406738281 942.531494140625 953.070068359375 964.364318847656 961.640930175781 971.045776367188 977.628051757812 986.947998046875 998.241943359375 1009.53125 1017.91223144531 1041.29418945312 1050.08898925781 1058.57629394531 1069.28381347656 1089.66638183594
921.122497558594 915.8017578125 918.483215332031 926.069763183594 921.519287109375 906.787414550781 908.054809570312 913.586059570312 910.348815917969 913.358581542969 913.169494628906 906.37939453125 904.45751953125 904.06689453125 905.035034179688 906.001586914062 905.306945800781 902.746459960938 890.86572265625 896.84033203125 899.486328125 900.468383789062 903.2529296875 908.007690429688 922.629516601562 921.819458007812 921.205688476562 925.303100585938 932.494689941406 936.345031738281 945.606506347656 949.731140136719 955.535827636719 967.281311035156 966.679260253906 980.202209472656 994.445190429688 1007.22314453125 1004.43560791016 1020.455078125 1027.02099609375 1040.533203125 1050.40588378906 1067.44970703125 1078.14416503906 1095.34606933594
939.171630859375 926.749816894531 919.326232910156 928.866516113281 923.070617675781 918.232604980469 914.311706542969 918.010070800781 914.97314453125 921.134094238281 914.380310058594 913.182434082031 915.766235351562 914.620178222656 921.359313964844 916.56298828125 916.308532714844 906.053588867188 901.950561523438 909.545043945312 911.106506347656 907.085021972656 915.669372558594 918.546630859375 929.989807128906 929.139099121094 928.961975097656 929.483459472656 941.306091308594 940.81005859375 953.239196777344 955.247192382812 959.910522460938 966.611022949219 978.328796386719 986.729858398438 998.722900390625 1013.29260253906 1017.80279541016 1018.134765625 1028.26916503906 1042.04296875 1057.69897460938 1061.10266113281 1076.927734375 1093.76330566406
939.679565429688 927.742309570312 921.511596679688 937.518859863281 928.759826660156 926.433288574219 928.5 927.7509765625 929.544311523438 928.076354980469 923.475341796875 918.23876953125 923.182983398438 919.89013671875 935.574096679688 934.469482421875 922.354370117188 920.62060546875 918.812255859375 927.022521972656 926.668273925781 923.392028808594 915.951904296875 911.574035644531 921.736328125 928.005126953125 930.733703613281 937.457153320312 944.713256835938 947.191589355469 958.276733398438 968.846557617188 970.760925292969 974.74365234375 972.481628417969 981.300048828125 999.248718261719 1010.11798095703 1019.80242919922 1016.54919433594 1039.07482910156 1052.37243652344 1068.76416015625 1063.01904296875 1076.24633789062 1091.10961914062
952.792297363281 941.003295898438 933.799621582031 938.439331054688 932.5830078125 928.990539550781 937.108215332031 944.546630859375 943.41796875 940.852600097656 936.547668457031 924.069458007812 940.045104980469 938.071350097656 942.940979003906 946.611633300781 946.731506347656 947.953674316406 938.43896484375 933.375122070312 934.292358398438 930.550720214844 922.196472167969 919.799621582031 916.216796875 927.825012207031 934.539367675781 944.024719238281 946.251953125 955.77001953125 966.177001953125 973.343200683594 976.543029785156 977.889404296875 980.168029785156 981.59130859375 997.154663085938 1007.18585205078 1016.14764404297 1027.6640625 1037.35986328125 1043.64379882812 1064.66931152344 1062.71264648438 1079.38732910156 1084.56103515625
950.535400390625 944.826782226562 956.632873535156 956.7841796875 947.557373046875 946.912780761719 952.309753417969 962.025573730469 960.8330078125 959.385437011719 942.583740234375 937.222534179688 943.39697265625 941.383850097656 949.448669433594 957.414489746094 959.417175292969 962.342102050781 948.668273925781 947.046875 946.752563476562 946.214172363281 927.610961914062 920.265869140625 912.472961425781 924.87109375 932.838623046875 946.189575195312 945.028381347656 959.998901367188 967.005737304688 977.01513671875 979.336791992188 977.951599121094 987.7138671875 988.210266113281 1005.34252929688 1010.01049804688 1017.60516357422 1021.60626220703 1034.35925292969 1047.64892578125 1068.46850585938 1071.82543945312 1073.26171875 1085.12829589844
947.334716796875 951.098693847656 961.757934570312 966.771423339844 965.301879882812 964.387268066406 961.117248535156 969.666625976562 972.217834472656 962.523254394531 947.415344238281 945.858032226562 953.900207519531 958.430297851562 951.306762695312 952.558288574219 960.892211914062 964.989868164062 958.695007324219 953.347351074219 952.461364746094 948.189270019531 942.5419921875 935.193054199219 920.150390625 924.868957519531 930.088439941406 938.23095703125 956.410949707031 959.52197265625 958.335327148438 976.280517578125 973.681091308594 988.498962402344 995.660766601562 998.371704101562 1012.26361083984 1011.69818115234 1024.697265625 1032.68347167969 1035.1142578125 1048.21435546875 1061.15661621094 1065.84313964844 1064.72192382812 1083.38916015625
952.637512207031 959.326049804688 971.716125488281 963.648620605469 971.161254882812 969.2119140625 975.990539550781 972.116516113281 979.117065429688 969.041137695312 965.1708984375 955.158752441406 954.52099609375 954.808532714844 960.626037597656 967.5751953125 973.337219238281 967.343383789062 966.689270019531 965.181396484375 968.488708496094 951.924621582031 938.06591796875 932.468627929688 936.728393554688 924.323669433594 928.977966308594 946.924865722656 950.460632324219 961.819091796875 969.654663085938 976.596862792969 986.565185546875 986.928771972656 997.544860839844 1006.03704833984 1012.42907714844 1028.53442382812 1039.11218261719 1037.12634277344 1039.33142089844 1049.07824707031 1052.94970703125 1055.92126464844 1074.22009277344 1086.56164550781
962.907775878906 971.00244140625 961.703308105469 967.392272949219 973.955322265625 977.295166015625 983.117919921875 978.672180175781 986.124328613281 981.667114257812 979.890686035156 972.315368652344 967.137268066406 965.736938476562 973.812927246094 975.537658691406 972.072998046875 967.206604003906 970.710815429688 963.245666503906 951.609558105469 947.11181640625 941.288818359375 936.199096679688 938.425537109375 937.649658203125 935.930969238281 945.08544921875 953.425109863281 958.915710449219 976.649353027344 982.234252929688 980.222839355469 983.603454589844 994.008056640625 1011.85760498047 1019.76782226562 1020.91845703125 1039.98278808594 1043.16467285156 1032.25256347656 1037.4091796875 1050.92578125 1054.88989257812 1072.88671875 1082.99438476562
959.320739746094 966.46337890625 969.18701171875 969.933410644531 973.125061035156 991.043029785156 990.180358886719 990.991394042969 983.799377441406 974.600219726562 973.644409179688 976.295043945312 971.771484375 970.434143066406 974.308959960938 967.569885253906 977.279357910156 974.474731445312 975.8984375 963.935668945312 950.386047363281 943.293029785156 939.750061035156 932.349853515625 934.583435058594 935.639770507812 948.044799804688 949.795104980469 961.616577148438 964.529968261719 974.650146484375 978.778686523438 981.641540527344 984.05029296875 1000.26623535156 1010.68597412109 1018.48870849609 1018.00750732422 1036.63830566406 1032.86706542969 1026.64562988281 1030.75280761719 1046.1259765625 1056.98132324219 1064.95397949219 1064.43176269531
969.972351074219 968.5283203125 974.080993652344 969.931457519531 976.072204589844 988.589050292969 995.434265136719 991.495056152344 988.108825683594 982.471008300781 986.922607421875 977.380859375 977.962463378906 977.363647460938 971.70361328125 966.56201171875 975.463928222656 962.96240234375 963.189453125 953.337768554688 954.128295898438 944.287780761719 932.733520507812 930.138916015625 924.053649902344 934.131652832031 944.109802246094 958.174560546875 964.884643554688 962.357849121094 970.864074707031 988.273864746094 985.650024414062 999.536254882812 1004.9853515625 1011.64288330078 1016.27178955078 1015.38067626953 1027.00500488281 1026.01330566406 1032.12048339844 1031.76818847656 1041.77294921875 1057.20715332031 1063.14367675781 1059.24731445312
981.830932617188 980.991638183594 984.754333496094 985.111572265625 988.164611816406 987.632263183594 995.248474121094 1001.68328857422 996.039978027344 986.571594238281 984.294616699219 985.500244140625 987.281188964844 984.976440429688 981.257141113281 979.691711425781 981.307678222656 967.443481445312 964.685424804688 958.290588378906 955.853698730469 943.9658203125 936.374145507812 929.197875976562 932.257446289062 934.857055664062 941.957336425781 960.045166015625 974.537963867188 974.689208984375 973.117126464844 990.525756835938 997.181823730469 1004.50311279297 1006.12353515625 1016.70343017578 1021.45733642578 1015.01965332031 1024.76257324219 1032.724609375 1033.04248046875 1028.90856933594 1036.71228027344 1054.62841796875 1059.86889648438 1060.1650390625
