data/zlatibor_dem_simulations/DEMsim15.asc
NCOLS 150
NROWS 100
XLLCORNER 7394249
YLLCORNER 4841999
CELLSIZE 30
NODATA_VALUE -9999
[rows 0 to 19 of 100, columns 0 to 45 of 150]
1000.40972900391 1013.11065673828 1009.16052246094 1003.49267578125 1000.58270263672 1002.49420166016 1003.84411621094 1002.35284423828 1010.08489990234 1020.10406494141 1012.02087402344 1010.62329101562 1015.82116699219 1014.21337890625 1008.26916503906 1004.52117919922 1002.82763671875 1011.40844726562 1014.95074462891 1028.96435546875 1038.26611328125 1043.64624023438 1043.99743652344 1048.5146484375 1034.2138671875 1029.77807617188 1040.76940917969 1028.78234863281 1028.16809082031 1021.65368652344 1028.46911621094 1027.71423339844 1022.39056396484 1026.337890625 1022.22375488281 1016.01995849609 1015.87109375 1024.33288574219 1018.27734375 1014.97662353516 1018.47637939453 1014.04516601562 1006.27014160156 1002.74926757812 997.464660644531 995.332580566406
1003.81262207031 1005.26916503906 1011.40203857422 997.699462890625 997.519165039062 996.15673828125 1000.33654785156 1004.27612304688 1006.14727783203 1012.88836669922 1012.10705566406 1015.55560302734 1016.40545654297 1014.85559082031 1012.04809570312 1010.34063720703 1005.64392089844 1008.14593505859 1016.35437011719 1028.48913574219 1030.05749511719 1038.43542480469 1041.97155761719 1046.49035644531 1032.59777832031 1029.39233398438 1032.83032226562 1032.01403808594 1023.93060302734 1027.42724609375 1031.56274414062 1037.84777832031 1032.79052734375 1029.79956054688 1031.63952636719 1024.93225097656 1023.59899902344 1021.20208740234 1010.24792480469 1017.62878417969 1018.04425048828 1012.02252197266 1004.86566162109 1006.6416015625 1006.75579833984 1001.23767089844
1009.80584716797 1003.171875 1000.93756103516 1003.01696777344 991.435607910156 1002.09185791016 1002.41247558594 1000.07769775391 1001.48522949219 1008.06256103516 1001.5615234375 1010.97882080078 1002.58184814453 999.025512695312 1006.01092529297 1009.169921875 1013.28399658203 1018.08636474609 1023.19464111328 1035.28723144531 1033.57385253906 1037.32019042969 1035.14916992188 1038.28527832031 1032.95727539062 1023.83581542969 1025.42651367188 1027.45727539062 1024.54821777344 1036.0712890625 1035.40283203125 1026.49768066406 1022.07244873047 1023.86346435547 1028.61547851562 1024.08679199219 1021.54077148438 1013.36968994141 1014.99084472656 1010.63116455078 1013.92199707031 1016.56536865234 1012.95458984375 1011.95910644531 1012.37829589844 1004.28106689453
997.971435546875 998.806457519531 991.381774902344 993.144348144531 993.96533203125 998.304504394531 995.239990234375 1002.69445800781 1009.10736083984 1009.42053222656 1006.49963378906 1006.60668945312 1001.26104736328 1001.69909667969 1003.75042724609 1008.14074707031 1019.79168701172 1026.99291992188 1027.33508300781 1034.47534179688 1033.88781738281 1029.73400878906 1024.35314941406 1030.70922851562 1031.21313476562 1020.25054931641 1023.44372558594 1020.87451171875 1022.98510742188 1025.36401367188 1028.17456054688 1021.36517333984 1022.09185791016 1018.87927246094 1029.59594726562 1021.00238037109 1024.93139648438 1015.75305175781 1016.6484375 1012.05932617188 1015.37261962891 1008.1787109375 1014.79229736328 1006.25305175781 998.240844726562 1000.76080322266
989.085510253906 992.497680664062 992.087280273438 1003.52502441406 999.501281738281 1002.08184814453 1002.46197509766 1005.60101318359 1004.12542724609 1001.08880615234 1006.02490234375 1005.95251464844 1001.53240966797 992.341613769531 997.608093261719 1003.54565429688 1016.37646484375 1017.61145019531 1022.66473388672 1028.23156738281 1023.37188720703 1026.17956542969 1028.2197265625 1023.25134277344 1019.87658691406 1010.3642578125 1020.13531494141 1013.43414306641 1019.51672363281 1027.51794433594 1033.3564453125 1028.55395507812 1025.017578125 1030.54650878906 1027.74096679688 1026.35180664062 1033.79162597656 1030.45007324219 1025.22375488281 1020.09417724609 1017.54724121094 1020.49261474609 1016.91345214844 1009.66082763672 1013.82580566406 995.344116210938
984.125732421875 985.124084472656 985.930603027344 1001.46466064453 1010.05987548828 1008.59637451172 1015.34936523438 1016.71520996094 1005.71551513672 1004.85302734375 1004.2509765625 1004.48504638672 999.967590332031 999.83251953125 1001.82135009766 1013.79077148438 1010.77758789062 1009.234375 1021.99694824219 1029.30212402344 1026.08032226562 1023.59625244141 1020.19903564453 1020.59521484375 1024.71862792969 1019.10241699219 1018.67572021484 1007.55578613281 1023.16741943359 1019.46368408203 1019.05328369141 1029.8056640625 1026.72717285156 1036.26354980469 1019.74029541016 1037.55163574219 1031.25964355469 1035.1435546875 1031.01550292969 1029.05444335938 1023.54901123047 1014.28033447266 1011.29943847656 1007.58795166016 1007.11291503906 1003.79089355469
987.148498535156 986.564514160156 987.956298828125 996.653015136719 1002.26092529297 1002.12451171875 1011.82678222656 1010.80462646484 1005.20935058594 1004.91796875 1001.40380859375 991.348327636719 995.488464355469 995.560363769531 1004.18719482422 1013.26245117188 1016.1240234375 1012.64239501953 1019.88470458984 1023.16711425781 1024.89343261719 1023.43133544922 1026.36120605469 1022.97644042969 1023.02075195312 1024.77319335938 1019.74987792969 1002.62982177734 1011.78857421875 1013.28631591797 1019.12878417969 1025.20141601562 1031.57507324219 1027.54577636719 1019.29290771484 1025.60034179688 1033.56823730469 1038.23132324219 1034.62841796875 1035.55456542969 1030.02551269531 1020.46343994141 1018.64080810547 1012.27874755859 1019.45788574219 1011.4541015625
983.8759765625 982.444763183594 990.23681640625 991.551208496094 997.621398925781 1007.91778564453 1013.00708007812 1023.30853271484 1011.74444580078 997.242553710938 991.677429199219 984.031005859375 994.8876953125 992.519958496094 1003.3544921875 1003.796875 1006.69317626953 1015.22119140625 1018.87463378906 1025.62670898438 1024.58874511719 1026.38818359375 1028.71606445312 1025.62731933594 1021.79760742188 1015.51202392578 1005.57366943359 1003.03778076172 1004.69848632812 1012.97155761719 1021.62298583984 1033.041015625 1030.66394042969 1021.57983398438 1019.38848876953 1017.2578125 1024.66040039062 1028.95202636719 1031.30883789062 1030.59948730469 1020.69720458984 1019.52362060547 1012.02398681641 1011.41015625 1014.01971435547 1010.50726318359
973.925537109375 974.109191894531 990.309692382812 991.124755859375 995.026489257812 1000.1767578125 1004.89630126953 1010.06378173828 1014.90386962891 1007.46319580078 999.581481933594 993.896911621094 985.3115234375 989.978271484375 991.239379882812 1002.96209716797 1012.21374511719 1014.06829833984 1023.49987792969 1021.97998046875 1022.82379150391 1023.43243408203 1030.8671875 1016.64630126953 1012.13323974609 1003.27160644531 1012.37750244141 1003.91448974609 1003.35290527344 1007.99597167969 1013.76031494141 1025.97399902344 1021.85241699219 1019.08837890625 1016.13256835938 1017.17303466797 1024.05578613281 1026.94189453125 1026.69836425781 1014.25122070312 1013.18859863281 1013.00714111328 1014.37170410156 1012.47686767578 1006.75555419922 1004.98504638672
980.928283691406 979.850219726562 989.104858398438 997.476318359375 999.763671875 997.694458007812 1003.20153808594 1003.80395507812 999.496032714844 1003.27416992188 991.345825195312 994.468383789062 987.058532714844 985.297302246094 994.135192871094 999.133728027344 1010.13146972656 1007.10565185547 1013.35583496094 1018.47064208984 1015.62701416016 1019.19573974609 1019.28588867188 1015.41357421875 1008.67694091797 998.840209960938 998.588500976562 1004.63458251953 1006.19543457031 1009.52691650391 1009.66577148438 1012.87994384766 1013.23272705078 1013.88189697266 1015.60931396484 1020.76422119141 1020.82971191406 1017.94580078125 1014.36584472656 1006.63128662109 999.675048828125 1007.18572998047 1003.9462890625 1012.93304443359 1015.47198486328 1006.12622070312
983.785034179688 988.54296875 990.180053710938 999.588806152344 1002.87451171875 1008.90209960938 1001.49383544922 991.098449707031 993.334899902344 997.476013183594 986.856567382812 987.195495605469 983.556884765625 979.874572753906 999.344177246094 999.506774902344 1000.14440917969 1007.34436035156 1008.66015625 1010.01641845703 1007.88702392578 1006.94714355469 1001.67669677734 1004.84661865234 1005.05749511719 988.932067871094 993.693420410156 1001.74426269531 1002.71850585938 1005.22845458984 1008.84057617188 1012.91278076172 1013.33520507812 1010.67358398438 1020.88269042969 1020.35992431641 1011.59289550781 1017.99365234375 1006.19219970703 1009.09362792969 1001.64617919922 1004.71508789062 1005.63854980469 1010.74975585938 1007.78594970703 1010.19281005859
982.900939941406 993.109924316406 991.780944824219 998.833068847656 994.377319335938 1001.23651123047 1007.01300048828 991.836120605469 997.308776855469 988.644470214844 989.764282226562 988.019836425781 982.852355957031 980.386657714844 988.224548339844 992.378601074219 1001.20745849609 999.586120605469 1001.68212890625 1003.83099365234 1001.71807861328 1001.947265625 996.083557128906 995.400634765625 999.196838378906 996.812805175781 1004.35736083984 1004.4931640625 1008.48040771484 1005.01770019531 1005.71533203125 1015.83441162109 1019.96997070312 1017.50366210938 1022.78228759766 1023.36865234375 1011.02960205078 1013.322265625 1015.54766845703 1011.26153564453 1006.96942138672 1003.0703125 1004.70062255859 1010.64825439453 1017.37951660156 1005.98529052734
972.98681640625 986.043518066406 981.990173339844 993.925415039062 990.448913574219 996.646362304688 1001.21942138672 988.721374511719 988.134948730469 987.582336425781 985.324890136719 989.760009765625 990.021728515625 979.746765136719 990.440124511719 988.365234375 1000.13641357422 996.712524414062 991.473083496094 994.755981445312 1001.50897216797 997.732177734375 1007.52197265625 1003.14025878906 997.728088378906 988.777404785156 999.889770507812 1007.90228271484 1007.22283935547 1010.19158935547 1009.21331787109 1012.08312988281 1023.33984375 1017.24938964844 1016.69622802734 1025.26428222656 1021.81646728516 1015.62969970703 1020.54748535156 1025.49780273438 1026.46350097656 1024.97143554688 1014.14056396484 1018.64093017578 1016.78637695312 1008.97174072266
973.22998046875 978.140625 985.967407226562 988.65771484375 988.341552734375 994.118286132812 995.184814453125 987.8798828125 988.778564453125 983.408203125 973.958068847656 976.337707519531 978.658142089844 985.481811523438 980.552185058594 982.286254882812 997.951599121094 997.202819824219 998.302917480469 990.855834960938 999.477722167969 999.50244140625 999.928771972656 996.242980957031 990.567199707031 988.473937988281 991.512939453125 999.444152832031 1008.56909179688 1015.40521240234 1026.34851074219 1023.41412353516 1033.60034179688 1016.08673095703 1023.18688964844 1028.60620117188 1034.98620605469 1027.46862792969 1038.52941894531 1035.34753417969 1032.63232421875 1028.86657714844 1020.64813232422 1020.61352539062 1022.75463867188 1014.57977294922
982.263977050781 982.653930664062 990.220092773438 985.572998046875 983.047302246094 986.112976074219 997.241027832031 985.474975585938 988.080810546875 980.592224121094 973.159790039062 972.300598144531 972.313842773438 981.760986328125 982.616577148438 984.734558105469 997.094909667969 992.821899414062 1003.22039794922 996.849975585938 1003.3955078125 1002.66522216797 998.559997558594 996.58837890625 991.569580078125 992.370910644531 990.424621582031 1002.05151367188 1009.63171386719 1018.27459716797 1028.84643554688 1031.43420410156 1035.78356933594 1033.06298828125 1026.63256835938 1028.70031738281 1034.19079589844 1035.43139648438 1040.51611328125 1043.61071777344 1038.78686523438 1030.18908691406 1027.10949707031 1025.61828613281 1030.00964355469 1032.66711425781
980.708190917969 989.98388671875 989.34326171875 985.059143066406 992.214660644531 995.289001464844 991.899841308594 988.11865234375 983.805297851562 977.523315429688 967.458618164062 969.461059570312 968.759582519531 966.857604980469 977.313415527344 974.20751953125 985.925415039062 994.223510742188 995.662658691406 1002.11865234375 1004.02386474609 1006.27789306641 993.920104980469 988.9169921875 994.939453125 999.147766113281 995.572509765625 999.341247558594 1004.60864257812 1012.298828125 1025.30969238281 1032.30847167969 1035.10400390625 1028.35217285156 1026.4853515625 1034.37341308594 1035.07360839844 1038.85485839844 1045.73059082031 1044.798828125 1039.20544433594 1036.35095214844 1030.1259765625 1022.67138671875 1031.94775390625 1027.68835449219
985.085632324219 981.380981445312 975.709777832031 984.431884765625 983.147888183594 982.654296875 982.168823242188 980.672912597656 983.299194335938 980.755432128906 974.15283203125 970.904235839844 960.67431640625 964.329650878906 962.030700683594 969.105895996094 985.519775390625 995.431701660156 992.129699707031 998.302734375 1011.537109375 1003.33239746094 1000.64880371094 991.114624023438 992.813842773438 999.756530761719 997.164611816406 1001.66528320312 1005.68170166016 1011.61462402344 1027.29223632812 1030.12731933594 1026.38952636719 1021.65930175781 1035.64892578125 1035.86779785156 1043.20764160156 1044.52758789062 1048.14306640625 1042.6923828125 1041.87390136719 1041.09741210938 1037.05993652344 1030.49658203125 1027.16027832031 1024.22985839844
978.578125 977.6572265625 976.662231445312 978.645263671875 975.989562988281 976.912170410156 979.032348632812 986.203491210938 985.080017089844 976.7822265625 976.554748535156 973.718994140625 961.699645996094 958.235046386719 956.037536621094 965.893798828125 973.221862792969 989.4833984375 991.344604492188 994.500793457031 1002.28387451172 997.918212890625 987.784057617188 983.945678710938 995.650024414062 1004.30578613281 997.701171875 1003.66162109375 1013.43249511719 1014.61212158203 1013.02349853516 1022.19519042969 1022.19116210938 1022.49774169922 1029.00817871094 1025.74291992188 1043.86596679688 1045.1181640625 1041.03869628906 1038.89392089844 1047.70593261719 1034.986328125 1037.04272460938 1032.71203613281 1030.00231933594 1038.17065429688
973.471374511719 976.511474609375 967.945983886719 973.001342773438 973.707214355469 974.501159667969 979.7177734375 979.066772460938 985.389526367188 976.206237792969 970.597473144531 971.16259765625 961.223571777344 960.85107421875 969.847473144531 973.395935058594 978.4208984375 989.225158691406 992.952087402344 993.509216308594 981.186401367188 986.678955078125 988.627258300781 983.842102050781 996.924499511719 1000.58209228516 1007.85803222656 1004.4501953125 1013.52294921875 1015.59136962891 1015.88696289062 1024.17150878906 1010.63305664062 1018.44964599609 1024.64807128906 1028.52563476562 1041.97912597656 1046.25573730469 1049.20654296875 1046.39013671875 1037.07287597656 1044.75146484375 1039.61047363281 1033.01721191406 1029.92333984375 1027.271484375
971.783447265625 962.194152832031 961.104675292969 964.078796386719 960.110290527344 969.734375 977.782104492188 981.907287597656 979.802612304688 985.98046875 974.271362304688 967.2373046875 966.122131347656 964.673767089844 970.692810058594 980.559753417969 984.43017578125 984.14306640625 981.16552734375 984.139770507812 980.291931152344 982.156616210938 984.23046875 989.483459472656 1000.93792724609 1008.33624267578 1009.27111816406 1006.59478759766 1003.05969238281 1012.83178710938 1013.91137695312 1018.1591796875 1015.96148681641 1021.16009521484 1018.38269042969 1033.13720703125 1037.43811035156 1040.43664550781 1050.47705078125 1038.01452636719 1041.44470214844 1041.56909179688 1046.267578125 1028.04223632812 1023.93328857422 1015.73480224609
