data/zlatibor_dem_simulations/DEMsim7 (1).asc
NCOLS 150
NROWS 100
XLLCORNER 7394249
YLLCORNER 4841999
CELLSIZE 30
NODATA_VALUE -9999
[rows 60 to 79 of 100, columns 0 to 45 of 150]
961.992309570312 963.417541503906 954.346801757812 962.047180175781 961.406005859375 961.029174804688 963.57470703125 965.936645507812 961.877502441406 961.235290527344 968.113708496094 962.380676269531 961.898071289062 952.865356445312 951.052795410156 964.030029296875 954.144226074219 943.66455078125 944.785217285156 941.958068847656 946.860412597656 945.608154296875 945.373046875 941.221252441406 946.338073730469 953.05517578125 947.865783691406 946.339050292969 952.659973144531 957.169494628906 949.629577636719 957.330688476562 961.105163574219 953.584594726562 958.080688476562 957.52685546875 954.68701171875 947.026977539062 950.305114746094 941.916748046875 947.748474121094 939.888122558594 954.818969726562 958.184204101562 953.994995117188 960.782531738281
961.708923339844 957.848571777344 961.484375 967.604187011719 964.3076171875 964.082641601562 972.360412597656 967.166198730469 956.556945800781 961.818237304688 968.0302734375 963.003234863281 962.031677246094 951.456115722656 951.224792480469 958.019104003906 951.721008300781 944.812683105469 947.386779785156 946.642211914062 947.364135742188 949.583984375 954.230102539062 944.57080078125 950.018737792969 955.012329101562 950.881713867188 946.8369140625 949.107360839844 952.379272460938 951.684875488281 954.578735351562 954.668334960938 953.548522949219 953.923217773438 949.916076660156 952.12841796875 946.7138671875 950.078063964844 952.608703613281 946.235168457031 954.501220703125 954.5810546875 959.740783691406 956.759643554688 962.561401367188
960.003540039062 954.831604003906 957.105041503906 964.844299316406 963.643127441406 962.34375 969.612976074219 963.510803222656 962.751159667969 968.706787109375 956.321044921875 952.421630859375 955.650573730469 964.854553222656 960.849060058594 954.010009765625 949.425231933594 943.083190917969 944.609619140625 949.227905273438 953.664245605469 953.734130859375 948.19384765625 951.31396484375 949.370971679688 951.593383789062 951.8134765625 944.893859863281 945.326843261719 945.450622558594 951.616516113281 951.37841796875 945.952880859375 951.025451660156 962.908874511719 951.657592773438 957.049926757812 954.954406738281 947.41845703125 956.097290039062 953.280334472656 957.929077148438 948.685180664062 955.181701660156 961.460205078125 966.84423828125
964.525939941406 957.197631835938 960.646545410156 969.275085449219 963.36572265625 960.707702636719 962.455749511719 955.493103027344 958.408935546875 959.799255371094 955.866027832031 954.3876953125 951.147583007812 957.994750976562 957.619201660156 959.006591796875 949.527465820312 940.607849121094 939.289855957031 940.05615234375 949.819763183594 959.078918457031 949.601623535156 950.573425292969 949.259948730469 950.661437988281 941.388244628906 941.329956054688 941.919616699219 942.513610839844 947.452392578125 956.447448730469 948.783386230469 948.381958007812 963.604858398438 959.013122558594 953.246765136719 949.312561035156 955.146789550781 953.793151855469 955.543029785156 958.997436523438 965.722778320312 962.579467773438 963.908935546875 973.490661621094
960.925231933594 950.538269042969 952.83251953125 958.645935058594 968.015991210938 960.649475097656 957.758666992188 953.954650878906 954.470520019531 957.589965820312 950.246704101562 955.088439941406 957.270202636719 951.598999023438 944.149291992188 945.73095703125 946.128967285156 945.6865234375 939.117370605469 938.277465820312 943.733337402344 950.802978515625 948.954406738281 949.58642578125 946.558654785156 944.859558105469 948.814025878906 946.086547851562 945.689147949219 943.752624511719 944.179016113281 949.354797363281 950.678283691406 953.852905273438 950.851440429688 953.739135742188 958.093627929688 957.099914550781 947.729125976562 955.1904296875 958.127746582031 963.6865234375 959.041076660156 962.716430664062 975.133422851562 974.464538574219
954.817138671875 951.778930664062 957.097717285156 962.133972167969 961.925415039062 958.913940429688 958.391845703125 956.243530273438 953.092529296875 949.705444335938 946.734069824219 949.566284179688 949.827514648438 943.76904296875 944.40673828125 945.142761230469 947.613220214844 944.442321777344 937.977416992188 942.626586914062 944.357788085938 950.133728027344 955.638122558594 948.944702148438 945.893676757812 943.01513671875 944.395690917969 948.6787109375 947.812622070312 956.910339355469 946.304809570312 944.431091308594 941.734741210938 956.110595703125 949.146606445312 957.705261230469 956.98046875 953.72216796875 960.867004394531 958.640380859375 958.875305175781 962.937316894531 965.569641113281 964.639709472656 973.469421386719 966.032470703125
962.837158203125 964.323181152344 971.325927734375 966.472900390625 956.989196777344 958.147766113281 955.9853515625 946.594848632812 941.190368652344 940.524841308594 944.516296386719 949.701965332031 947.855773925781 945.240539550781 938.428039550781 940.186706542969 949.871887207031 945.7568359375 943.1572265625 947.107971191406 953.550415039062 950.391723632812 958.734558105469 949.677856445312 944.550720214844 945.565734863281 942.698669433594 947.605285644531 949.504211425781 948.861511230469 957.550537109375 948.938049316406 952.356750488281 956.989440917969 954.79833984375 951.93212890625 946.947692871094 960.985595703125 959.242980957031 965.324584960938 962.209777832031 961.974670410156 960.756530761719 963.215759277344 970.646240234375 961.750671386719
951.152954101562 963.205932617188 971.5126953125 963.511169433594 957.614685058594 953.421997070312 954.437683105469 940.083557128906 932.1123046875 936.233520507812 942.813171386719 940.114135742188 944.746948242188 942.245849609375 947.825439453125 944.959045410156 946.801513671875 945.651184082031 939.952453613281 955.659118652344 953.979187011719 952.472412109375 962.005676269531 954.033203125 950.161315917969 941.794311523438 944.605895996094 953.338012695312 949.45703125 962.492736816406 960.000549316406 958.667907714844 958.263977050781 950.077453613281 951.533508300781 954.896789550781 954.444396972656 963.245727539062 962.720764160156 972.290283203125 968.574951171875 963.925964355469 957.985534667969 962.600952148438 971.301574707031 972.073913574219
963.668334960938 962.163269042969 961.817199707031 951.353881835938 953.559509277344 956.151489257812 952.867004394531 941.579711914062 936.880859375 938.840698242188 933.812744140625 942.507141113281 939.671081542969 942.591979980469 951.902282714844 956.867370605469 959.327209472656 953.223327636719 950.373046875 950.392150878906 954.693115234375 954.21484375 952.82080078125 957.422668457031 967.092712402344 956.3017578125 963.849975585938 958.255432128906 954.252868652344 968.223815917969 966.811279296875 964.446228027344 954.354675292969 961.399475097656 963.817138671875 957.731262207031 956.088256835938 959.762268066406 963.451232910156 975.347595214844 968.909057617188 962.197875976562 954.204833984375 965.188354492188 973.124694824219 974.180358886719
959.767333984375 955.785766601562 950.036987304688 950.379028320312 947.920959472656 950.384887695312 940.6337890625 937.924682617188 938.237915039062 938.606750488281 935.570983886719 940.65478515625 938.937255859375 947.787231445312 944.7412109375 958.57666015625 968.177368164062 966.531921386719 961.491577148438 954.929931640625 960.161254882812 959.266845703125 965.031799316406 961.423217773438 966.255432128906 961.478088378906 963.5693359375 962.102905273438 965.926391601562 974.574096679688 973.708923339844 953.065856933594 955.827453613281 953.406494140625 958.266479492188 954.885498046875 959.0888671875 961.458984375 971.233276367188 974.02392578125 967.492248535156 967.543579101562 969.060241699219 967.342163085938 974.739562988281 972.858703613281
949.546142578125 953.452514648438 944.014587402344 945.15478515625 950.110046386719 941.575866699219 942.201354980469 946.816528320312 943.216491699219 937.869262695312 942.284240722656 934.354736328125 935.703491210938 945.214050292969 957.179016113281 962.651733398438 968.341796875 977.326477050781 973.205383300781 967.449829101562 964.32763671875 962.273193359375 965.731323242188 964.197570800781 964.423645019531 960.3505859375 958.948364257812 961.768432617188 970.571411132812 975.673767089844 963.139099121094 953.695434570312 952.320373535156 953.809265136719 952.444458007812 954.52197265625 967.994873046875 974.585632324219 978.844543457031 972.625427246094 971.29443359375 968.731079101562 976.456726074219 975.461608886719 973.828125 982.881713867188
951.126647949219 948.00244140625 943.212463378906 943.029663085938 938.165710449219 935.182922363281 944.244873046875 945.61083984375 936.778259277344 937.111999511719 943.476440429688 931.702087402344 936.90576171875 944.32958984375 957.557678222656 963.764099121094 969.078552246094 974.413146972656 976.026062011719 964.307434082031 967.202026367188 974.497192382812 968.633178710938 971.087524414062 968.308715820312 975.064392089844 971.424072265625 972.380493164062 972.734680175781 980.161804199219 971.862060546875 968.357788085938 963.181091308594 954.051025390625 954.672485351562 957.592346191406 962.341186523438 977.745422363281 976.065856933594 976.303527832031 979.242126464844 988.254516601562 989.757629394531 983.924438476562 988.0751953125 991.260009765625
949.264587402344 943.260803222656 942.40673828125 941.7646484375 938.356140136719 929.818420410156 937.947143554688 937.1611328125 929.635498046875 942.314147949219 943.513061523438 938.620056152344 951.84228515625 958.191528320312 967.967407226562 968.033630371094 968.824340820312 969.960205078125 978.808166503906 970.157165527344 978.91845703125 979.576354980469 979.868041992188 980.247680664062 977.881469726562 981.538940429688 972.490539550781 980.134643554688 972.117126464844 972.933654785156 980.849792480469 977.201232910156 971.467407226562 963.540161132812 955.4736328125 956.805603027344 972.648315429688 978.251770019531 972.058471679688 978.177062988281 981.134399414062 992.626525878906 990.070983886719 994.109252929688 989.731079101562 988.851623535156
942.238098144531 943.115234375 941.083557128906 938.746215820312 941.041564941406 933.940673828125 939.00390625 937.361083984375 947.689514160156 952.793762207031 949.688415527344 944.887145996094 957.955810546875 959.173034667969 967.719482421875 966.79052734375 973.038879394531 975.225280761719 974.566345214844 985.751403808594 984.625854492188 987.05322265625 981.296630859375 979.039306640625 983.671691894531 980.330993652344 988.399169921875 976.4296875 976.719848632812 972.638061523438 977.626647949219 972.748352050781 976.99755859375 968.576416015625 964.141357421875 974.524353027344 983.03955078125 983.161743164062 980.960327148438 985.7861328125 988.173034667969 989.227478027344 989.847412109375 995.149963378906 989.860656738281 998.2978515625
930.877563476562 930.690063476562 931.122802734375 933.124816894531 938.025024414062 934.676208496094 943.9375 945.242919921875 950.086181640625 951.104919433594 953.680297851562 958.952270507812 958.265441894531 968.703796386719 975.1201171875 984.534484863281 976.132385253906 978.038330078125 977.202087402344 987.385192871094 983.389404296875 986.169555664062 986.989929199219 984.244140625 981.239379882812 979.894165039062 978.124206542969 975.054443359375 981.243957519531 971.6513671875 981.31201171875 975.375061035156 978.896789550781 976.210083007812 968.677062988281 980.884826660156 987.142150878906 980.325988769531 985.160034179688 988.669189453125 989.495422363281 985.192077636719 996.199035644531 993.58984375 1002.83276367188 993.266906738281
936.802185058594 935.083740234375 934.241943359375 933.611999511719 940.262573242188 938.636413574219 951.04296875 939.857543945312 937.937072753906 951.914611816406 953.262268066406 963.693420410156 968.387084960938 972.461975097656 975.248596191406 985.773010253906 992.176452636719 984.349670410156 982.308044433594 986.809936523438 982.081420898438 984.13134765625 978.878784179688 988.836669921875 993.573181152344 983.855895996094 973.959899902344 977.620300292969 975.1728515625 978.948852539062 973.148498535156 971.402587890625 969.766235351562 979.104431152344 975.194519042969 981.384643554688 992.376098632812 985.683166503906 988.24072265625 985.421020507812 990.024169921875 996.516296386719 999.167907714844 999.419067382812 999.436584472656 1001.65185546875
945.386962890625 939.96484375 940.301086425781 934.972717285156 941.072570800781 941.531921386719 938.82568359375 937.199890136719 947.382690429688 948.60791015625 948.335205078125 960.495056152344 967.269775390625 967.910034179688 974.44580078125 988.446228027344 987.372619628906 987.383422851562 986.897705078125 991.87646484375 979.340759277344 979.083923339844 987.53271484375 992.657836914062 990.091491699219 983.42578125 991.483947753906 992.746520996094 981.896423339844 978.10791015625 969.839721679688 974.291625976562 970.799926757812 970.344604492188 975.063781738281 985.162902832031 987.920104980469 985.771728515625 992.087768554688 987.222045898438 987.159790039062 988.883422851562 995.158020019531 1009.45275878906 1000.18969726562 1004.63262939453
954.841003417969 943.408447265625 940.558410644531 933.837646484375 932.997192382812 931.742126464844 932.802856445312 938.112915039062 946.474243164062 949.914611816406 953.626403808594 956.648132324219 961.760803222656 979.541137695312 983.653259277344 985.079956054688 983.202697753906 981.236145019531 981.199523925781 990.552551269531 984.860168457031 981.758605957031 988.602966308594 990.483215332031 989.716491699219 988.796203613281 998.980102539062 990.245849609375 978.519958496094 969.944152832031 981.235961914062 969.695861816406 976.2001953125 980.761413574219 978.443359375 981.818725585938 988.29443359375 984.265869140625 977.45849609375 991.234619140625 993.399841308594 1001.65106201172 1007.04461669922 1007.84375 1010.83947753906 1021.36529541016
949.659240722656 945.10546875 940.431396484375 937.62451171875 938.412475585938 938.143432617188 934.318664550781 942.541137695312 946.907775878906 947.436950683594 960.21044921875 954.267639160156 972.720520019531 970.413879394531 980.898620605469 982.898254394531 981.200622558594 978.27490234375 977.703308105469 988.338012695312 990.745666503906 995.996154785156 995.372131347656 997.651184082031 995.46875 999.841247558594 998.026611328125 990.93408203125 980.898315429688 973.416564941406 973.369689941406 973.032409667969 980.94873046875 982.488708496094 984.629150390625 980.788146972656 977.103820800781 985.766723632812 987.141967773438 981.516967773438 993.049987792969 1001.52362060547 1005.61022949219 1007.63232421875 1005.23175048828 1012.99481201172
954.419799804688 942.053833007812 936.867065429688 944.028564453125 941.527648925781 938.179077148438 946.386535644531 948.265441894531 951.946350097656 953.630737304688 956.655334472656 969.926696777344 972.966674804688 978.084838867188 974.468322753906 990.571716308594 988.828002929688 982.85498046875 978.367126464844 983.57421875 988.880920410156 1000.3232421875 1001.04028320312 998.86572265625 991.997680664062 991.507629394531 991.981689453125 986.717712402344 976.213012695312 978.899108886719 980.022094726562 983.487243652344 983.097229003906 987.603820800781 988.026306152344 985.822998046875 980.1416015625 980.488098144531 989.833068847656 988.038391113281 996.17041015625 999.269226074219 1001.73590087891 1004.92919921875 1019.21875 1022.16857910156
