data/zlatibor_dem_simulations/DEMsim98.asc
NCOLS 150
NROWS 100
XLLCORNER 7394249
YLLCORNER 4841999
CELLSIZE 30
NODATA_VALUE -9999
[rows 40 to 59 of 100, columns 0 to 45 of 150]
928.763854980469 937.218322753906 950.1591796875 954.236572265625 967.696533203125 969.170593261719 965.122985839844 967.381042480469 968.562866210938 961.381469726562 947.0869140625 950.191528320312 962.523986816406 973.226989746094 980.338195800781 982.326782226562 974.069458007812 966.797485351562 972.594055175781 977.601745605469 973.412719726562 972.518249511719 970.0361328125 978.541564941406 974.060913085938 971.103088378906 973.67138671875 983.049133300781 984.315002441406 969.469177246094 974.103698730469 976.229675292969 984.056091308594 983.719116210938 982.84326171875 987.289245605469 973.314880371094 972.166381835938 967.868774414062 972.89453125 968.186279296875 976.11328125 973.53857421875 960.592651367188 959.889221191406 965.142150878906
933.931274414062 944.781188964844 946.361267089844 951.021789550781 961.423767089844 959.140686035156 960.923767089844 965.382141113281 961.391418457031 953.899353027344 960.707824707031 966.63720703125 969.993408203125 977.127685546875 977.058288574219 972.166076660156 975.179870605469 970.687072753906 983.136596679688 979.794677734375 978.086669921875 972.168579101562 975.523132324219 969.455688476562 973.393615722656 970.268310546875 973.12060546875 984.217041015625 977.542846679688 978.38330078125 976.363586425781 982.769104003906 984.373657226562 983.691650390625 980.778991699219 973.578918457031 981.952087402344 975.660217285156 979.276672363281 978.133605957031 965.932739257812 966.745178222656 971.430419921875 956.294494628906 955.862731933594 963.178649902344
934.028076171875 944.381896972656 952.6435546875 951.244140625 954.738647460938 957.307373046875 962.554870605469 956.140441894531 952.009338378906 951.905090332031 958.686218261719 965.455810546875 973.958557128906 968.319213867188 977.786682128906 986.966613769531 977.360168457031 974.127563476562 984.327026367188 987.573120117188 984.188110351562 982.21875 972.878112792969 977.44921875 976.6533203125 969.568359375 977.62939453125 975.641052246094 973.940185546875 977.851013183594 982.15771484375 978.945373535156 983.387451171875 981.676879882812 988.474792480469 978.863098144531 982.569946289062 981.321716308594 978.599548339844 975.613830566406 962.909301757812 966.970336914062 961.055725097656 957.238891601562 948.6396484375 962.754821777344
942.970336914062 942.098388671875 954.519897460938 946.597473144531 950.991027832031 954.774536132812 956.125366210938 962.381774902344 958.701171875 961.517456054688 960.892578125 963.342346191406 965.590698242188 965.388244628906 967.272644042969 975.936889648438 974.663757324219 974.742431640625 975.58154296875 979.358703613281 975.651916503906 980.814208984375 982.093811035156 979.275817871094 974.5595703125 970.267578125 979.726196289062 982.534973144531 976.068725585938 982.578125 981.106689453125 988.286499023438 988.994140625 984.280517578125 986.319458007812 982.238830566406 975.601867675781 979.363098144531 978.793884277344 982.402099609375 976.074401855469 975.197082519531 971.345825195312 964.403503417969 964.679870605469 962.831420898438
948.820861816406 948.127136230469 953.906372070312 952.908935546875 955.033630371094 962.937377929688 956.904113769531 957.591186523438 964.487548828125 967.907165527344 974.035522460938 960.6416015625 963.182373046875 966.8759765625 966.40087890625 963.862243652344 979.732360839844 973.583984375 972.704833984375 967.991271972656 968.126098632812 978.00537109375 969.563720703125 976.907653808594 971.772338867188 960.514038085938 968.671264648438 973.150817871094 980.116149902344 975.678466796875 981.694213867188 982.688110351562 986.74462890625 991.141540527344 990.291076660156 977.469482421875 976.692749023438 977.633361816406 981.764465332031 978.713623046875 975.211303710938 971.353637695312 968.522827148438 967.632690429688 963.45947265625 975.560363769531
952.510192871094 949.258239746094 954.838073730469 964.079040527344 963.921325683594 956.925170898438 962.491760253906 964.213134765625 969.991638183594 970.51513671875 971.247802734375 963.813415527344 964.293273925781 967.096862792969 967.276977539062 967.650695800781 976.064208984375 973.633850097656 971.852600097656 972.16552734375 972.809448242188 973.776611328125 973.39013671875 973.517639160156 969.483032226562 964.96044921875 969.713989257812 966.604309082031 977.116394042969 975.580017089844 981.663513183594 974.26416015625 981.877136230469 979.237915039062 978.134216308594 976.234985351562 966.938110351562 969.13720703125 971.622314453125 971.142761230469 961.931823730469 967.212036132812 961.857543945312 961.437744140625 963.850219726562 971.655029296875
946.783874511719 942.718688964844 952.74658203125 972.873779296875 965.677124023438 963.137451171875 968.747802734375 970.309753417969 961.886413574219 966.947814941406 964.023071289062 969.363647460938 968.819274902344 966.31787109375 968.615783691406 962.195861816406 974.023864746094 978.416687011719 979.785339355469 977.949279785156 973.804138183594 967.930053710938 968.085693359375 966.879943847656 962.57080078125 965.846618652344 956.420104980469 959.658996582031 960.784912109375 973.2822265625 970.345153808594 977.01904296875 978.115112304688 974.911376953125 976.411865234375 972.446533203125 964.615295410156 961.313598632812 965.506713867188 955.268005371094 962.224487304688 965.597045898438 960.059387207031 954.341918945312 958.940673828125 963.546081542969
949.048400878906 956.548828125 958.827087402344 969.292175292969 971.095031738281 961.164611816406 965.729248046875 968.856323242188 964.863220214844 974.963745117188 965.383666992188 965.671081542969 966.007873535156 967.170288085938 965.280944824219 965.532836914062 970.378112792969 974.236877441406 976.66650390625 990.987060546875 978.570129394531 966.711059570312 966.543762207031 959.223266601562 964.054626464844 967.101440429688 966.841918945312 964.970886230469 956.842163085938 968.087951660156 977.533325195312 978.666015625 979.294677734375 975.397277832031 974.290222167969 972.324096679688 965.593811035156 971.550842285156 966.529296875 955.397094726562 952.021789550781 970.14892578125 961.363830566406 960.63037109375 952.880920410156 959.748046875
950.615112304688 952.883911132812 963.888427734375 964.121398925781 964.266784667969 966.3349609375 968.826599121094 978.584838867188 969.252990722656 973.457824707031 971.383422851562 970.385192871094 973.098693847656 972.126892089844 979.926452636719 981.845153808594 979.581604003906 971.896667480469 981.506591796875 989.994689941406 970.6494140625 967.996643066406 971.571472167969 964.997863769531 963.351989746094 963.874877929688 969.261474609375 957.274658203125 958.633483886719 971.461120605469 981.546203613281 984.348327636719 978.128845214844 974.801696777344 974.692016601562 973.489440917969 968.037170410156 958.639221191406 963.624572753906 958.130798339844 958.669616699219 964.127685546875 956.475646972656 958.0146484375 956.278747558594 960.943664550781
958.848083496094 951.758239746094 958.502014160156 956.492004394531 971.815368652344 963.748229980469 971.398803710938 969.499084472656 966.817687988281 971.037292480469 967.175964355469 972.532409667969 977.253662109375 979.038513183594 976.24658203125 977.388854980469 983.043884277344 981.750427246094 975.959838867188 975.006958007812 971.319030761719 967.804748535156 971.12255859375 963.556579589844 963.718444824219 960.177917480469 967.816528320312 963.773010253906 960.834838867188 965.700866699219 979.759582519531 984.007690429688 976.237365722656 968.786560058594 968.372314453125 964.5126953125 961.803955078125 962.630920410156 967.140502929688 962.349731445312 961.087707519531 963.604064941406 966.436218261719 960.875549316406 958.550659179688 952.884582519531
958.548706054688 954.634338378906 951.868530273438 955.710510253906 967.008056640625 965.246520996094 967.127075195312 962.491455078125 972.754577636719 966.937194824219 972.663208007812 976.119506835938 983.729431152344 979.449645996094 982.524047851562 983.747802734375 977.063720703125 983.262145996094 984.5947265625 984.113220214844 973.1982421875 972.587951660156 963.281860351562 958.220886230469 960.081909179688 960.88134765625 957.83154296875 963.060913085938 960.488708496094 963.4541015625 976.54345703125 978.248229980469 975.969787597656 964.03662109375 965.848999023438 964.312255859375 965.776550292969 963.1796875 968.082641601562 957.280151367188 964.383117675781 965.306274414062 967.473266601562 966.50927734375 956.419860839844 958.643127441406
962.46728515625 959.958984375 954.015808105469 958.478210449219 964.07666015625 969.254211425781 965.466979980469 964.815612792969 973.875 969.696472167969 977.600036621094 980.783264160156 984.07958984375 984.75927734375 977.667907714844 976.955688476562 975.147705078125 973.322387695312 990.502624511719 990.889282226562 978.939819335938 976.966735839844 965.001953125 953.51708984375 958.182434082031 952.991149902344 962.265380859375 956.89794921875 960.799621582031 970.014709472656 972.728515625 969.077941894531 960.5595703125 963.840942382812 972.464233398438 967.45166015625 967.689392089844 968.174072265625 963.680908203125 966.790222167969 962.158630371094 966.888916015625 970.376342773438 970.392272949219 973.944885253906 965.421569824219
968.111328125 967.703063964844 967.273071289062 968.773803710938 967.552917480469 970.267456054688 969.063415527344 966.016479492188 964.089294433594 976.620483398438 970.805358886719 976.174255371094 978.927307128906 978.64599609375 972.223388671875 971.273620605469 972.380432128906 973.953735351562 985.8671875 983.395874023438 979.307922363281 974.814270019531 964.314147949219 966.341430664062 962.632751464844 952.319213867188 958.056579589844 958.968139648438 965.556640625 970.708984375 973.048461914062 968.859924316406 956.079223632812 955.52490234375 963.973266601562 961.660461425781 961.968322753906 957.373107910156 962.551391601562 958.383666992188 958.463195800781 968.799194335938 974.956481933594 968.733642578125 966.615600585938 969.984375
968.851135253906 975.585693359375 980.360473632812 983.865356445312 969.887634277344 972.253601074219 975.038879394531 970.511596679688 963.952087402344 960.205078125 970.425720214844 965.871398925781 970.946899414062 972.447082519531 971.133422851562 967.705322265625 976.652465820312 968.562622070312 971.482482910156 980.733276367188 984.834350585938 974.115966796875 959.914489746094 960.614013671875 963.526916503906 957.85205078125 958.288330078125 962.810913085938 966.693786621094 972.986022949219 971.840759277344 963.753967285156 963.921691894531 958.051818847656 966.063781738281 965.662292480469 960.219665527344 959.066345214844 961.280517578125 954.44970703125 961.906555175781 973.258117675781 977.595153808594 970.736206054688 971.206420898438 973.765869140625
966.812866210938 974.676879882812 968.568420410156 975.661499023438 974.527526855469 971.521118164062 973.537048339844 978.196228027344 973.126159667969 963.547241210938 963.15966796875 962.841674804688 963.953857421875 981.044738769531 977.809692382812 972.87548828125 970.916931152344 973.592651367188 970.505920410156 972.507080078125 975.865112304688 979.962585449219 959.938781738281 957.080200195312 961.902221679688 962.232238769531 962.797424316406 957.225830078125 963.597473144531 964.509826660156 964.754028320312 958.596252441406 959.242126464844 967.620178222656 963.555236816406 971.693298339844 968.93896484375 954.418640136719 956.836364746094 955.884399414062 962.153747558594 963.468200683594 966.223571777344 968.767700195312 962.347778320312 966.458618164062
962.830505371094 963.411193847656 970.927551269531 970.881225585938 972.291625976562 968.447204589844 972.918640136719 971.635437011719 962.504760742188 966.126098632812 954.215576171875 961.987121582031 969.95947265625 964.2236328125 972.107788085938 975.15234375 961.253234863281 970.246337890625 971.607116699219 972.697143554688 977.767395019531 976.054260253906 963.039184570312 968.760925292969 963.119506835938 963.605285644531 963.536987304688 961.736633300781 957.416870117188 958.023010253906 960.657775878906 960.357604980469 961.181518554688 960.422790527344 958.552856445312 971.527404785156 961.140991210938 962.420959472656 961.595336914062 959.752807617188 962.926818847656 964.332214355469 971.260314941406 973.168029785156 968.084167480469 968.079223632812
954.166076660156 954.38671875 965.505004882812 969.680419921875 973.292907714844 966.581115722656 970.169067382812 972.588745117188 957.941223144531 961.249694824219 959.036315917969 962.162658691406 964.20703125 962.252563476562 966.287963867188 968.910217285156 965.079467773438 971.460998535156 967.225280761719 967.956604003906 976.646301269531 968.919555664062 962.197692871094 964.223876953125 965.269714355469 967.036560058594 964.0419921875 955.489440917969 952.255004882812 955.338562011719 958.280456542969 957.513916015625 965.820373535156 961.935668945312 959.366638183594 959.944152832031 962.922607421875 959.36083984375 959.383605957031 953.536926269531 968.226806640625 971.58154296875 966.005615234375 961.271423339844 958.187866210938 955.324401855469
953.185668945312 957.783996582031 962.864624023438 963.164672851562 975.614074707031 974.662231445312 973.904907226562 973.566772460938 958.510559082031 952.908020019531 956.606567382812 962.740234375 966.198669433594 960.356140136719 958.498352050781 961.589294433594 968.069763183594 971.563537597656 975.047180175781 967.822631835938 966.602478027344 964.813293457031 960.913696289062 967.086486816406 961.696960449219 963.483581542969 957.3759765625 948.926635742188 947.439514160156 951.468994140625 955.89990234375 958.610900878906 967.345886230469 960.65771484375 964.145324707031 956.341796875 963.188415527344 963.06201171875 964.965148925781 958.252136230469 960.491638183594 967.857177734375 958.704223632812 951.6005859375 957.227294921875 955.494812011719
958.521911621094 958.940368652344 968.789184570312 966.251953125 974.4462890625 973.355529785156 974.697143554688 976.908569335938 968.176879882812 950.618896484375 952.271301269531 958.520751953125 961.310729980469 960.40380859375 958.046569824219 970.218078613281 962.892944335938 975.217407226562 978.497863769531 968.783813476562 962.693786621094 964.632019042969 971.067749023438 967.101623535156 974.222045898438 960.229675292969 956.70849609375 954.246032714844 946.002624511719 936.026611328125 945.150573730469 956.384643554688 963.642822265625 964.891906738281 961.970886230469 960.139709472656 956.115112304688 960.333435058594 961.262145996094 960.442016601562 960.60791015625 963.647399902344 959.774108886719 957.771423339844 963.316833496094 954.594421386719
962.597106933594 963.108276367188 961.774108886719 961.827453613281 972.939514160156 971.947448730469 965.032958984375 972.6806640625 962.575622558594 954.660949707031 950.412170410156 958.054748535156 965.785949707031 964.581787109375 961.179626464844 960.225524902344 959.971069335938 973.150085449219 978.445129394531 977.75634765625 968.738586425781 962.352600097656 961.272155761719 965.44775390625 965.247192382812 960.0029296875 958.066162109375 958.536682128906 949.796875 948.035278320312 948.120422363281 955.638854980469 958.612121582031 958.753051757812 960.6171875 956.561401367188 948.126770019531 957.248107910156 949.312316894531 952.545959472656 946.250610351562 953.066284179688 959.272033691406 958.764343261719 954.216125488281 952.174011230469
