data/zlatibor_dem_simulations/DEMsim100.asc
NCOLS 150
NROWS 100
XLLCORNER 7394249
YLLCORNER 4841999
CELLSIZE 30
NODATA_VALUE -9999
[rows 40 to 59 of 100, columns 92 to 137 of 150]
976.380615234375 990.35009765625 998.697875976562 990.425109863281 993.464965820312 985.846313476562 983.630126953125 981.541931152344 978.279907226562 981.504089355469 980.932861328125 980.33251953125 993.50244140625 988.43017578125 991.500183105469 994.82666015625 989.725158691406 989.913879394531 994.872924804688 991.9638671875 992.970092773438 1003.19860839844 999.836364746094 988.061767578125 996.679260253906 990.065979003906 1002.24621582031 995.458984375 989.431457519531 989.216552734375 1006.23614501953 1007.22302246094 1008.93829345703 1011.52850341797 1017.00915527344 1010.66607666016 1005.94891357422 1011.61486816406 1017.51538085938 1017.16326904297 1028.37902832031 1029.56005859375 1030.20385742188 1040.70837402344 1039.33337402344 1053.33557128906
991.613891601562 990.410949707031 994.770080566406 990.303405761719 985.917907714844 980.882751464844 982.093200683594 979.48046875 977.47607421875 978.213134765625 986.296081542969 985.359558105469 991.595336914062 984.15576171875 991.601379394531 986.077270507812 983.316284179688 991.632507324219 996.470458984375 994.165710449219 993.855285644531 996.164001464844 987.095275878906 986.83349609375 987.763488769531 995.166442871094 999.114868164062 997.526611328125 984.470703125 988.692687988281 994.742614746094 997.701965332031 1004.42755126953 1004.45581054688 1008.35522460938 1020.43957519531 1017.27880859375 1018.53491210938 1028.75024414062 1034.37573242188 1033.11303710938 1029.68884277344 1045.09704589844 1045.90502929688 1045.72326660156 1054.92358398438
994.077392578125 987.8408203125 995.375732421875 990.746337890625 979.111022949219 976.022277832031 969.447326660156 973.148559570312 981.765808105469 984.921997070312 977.103637695312 986.716369628906 984.24951171875 983.035949707031 981.754211425781 982.702697753906 990.33935546875 985.351257324219 986.486877441406 990.665771484375 981.31103515625 988.614013671875 988.097839355469 989.504211425781 986.198059082031 987.521301269531 994.676696777344 998.584167480469 996.39306640625 988.645935058594 988.654174804688 994.732177734375 1003.12310791016 999.455444335938 1001.04711914062 1016.75085449219 1026.03625488281 1026.71057128906 1028.66845703125 1029.40576171875 1034.14965820312 1036.93493652344 1047.13513183594 1056.70568847656 1060.09997558594 1062.26232910156
987.592102050781 980.60498046875 979.418823242188 981.662658691406 977.71240234375 973.323608398438 967.240905761719 971.329345703125 983.843811035156 982.24609375 988.257263183594 977.801635742188 976.653259277344 977.705200195312 977.968566894531 985.035400390625 989.775085449219 985.005859375 1000.14660644531 986.530517578125 989.531005859375 988.041320800781 985.65966796875 992.419311523438 996.398864746094 989.360107421875 1000.92224121094 1000.8291015625 999.236938476562 995.579772949219 986.943176269531 996.891235351562 1001.84289550781 1004.83923339844 1013.6357421875 1013.45471191406 1027.19604492188 1030.40954589844 1040.28527832031 1037.42980957031 1043.43200683594 1058.46948242188 1057.69689941406 1058.59777832031 1066.71838378906 1068.61071777344
982.817932128906 979.554748535156 977.493896484375 980.2177734375 981.466735839844 981.476318359375 977.722595214844 972.295471191406 972.991821289062 977.607177734375 987.890075683594 978.203247070312 982.684265136719 982.162841796875 975.743103027344 985.921203613281 993.729675292969 992.648132324219 991.202026367188 989.397644042969 997.499938964844 995.95849609375 990.115234375 992.046447753906 996.365356445312 999.382751464844 1004.88977050781 1005.69079589844 1007.33911132812 999.368896484375 995.382019042969 1003.23461914062 1012.11499023438 1018.83923339844 1018.97229003906 1023.15582275391 1026.66259765625 1034.17053222656 1041.53015136719 1053.9404296875 1058.14990234375 1055.92687988281 1059.16552734375 1070.70520019531 1073.89855957031 1077.71533203125
974.987365722656 979.735656738281 984.913757324219 977.485961914062 979.609497070312 982.685668945312 988.828308105469 976.939270019531 985.521545410156 979.132568359375 978.695373535156 983.810485839844 978.862487792969 974.512145996094 978.517578125 986.945068359375 986.576171875 992.367736816406 1001.91534423828 996.332458496094 998.1884765625 1007.84466552734 1001.45318603516 1006.80816650391 1013.57739257812 1015.60266113281 1016.33740234375 1007.99743652344 1001.04064941406 1004.78125 1002.7705078125 1006.40209960938 1019.88946533203 1026.42297363281 1033.56127929688 1030.46606445312 1036.42395019531 1034.41882324219 1039.5185546875 1054.95288085938 1052.42883300781 1065.45764160156 1072.06457519531 1082.38745117188 1087.24890136719 1093.83569335938
974.6044921875 975.720581054688 978.765747070312 979.550598144531 980.368041992188 977.9794921875 989.779846191406 983.322204589844 990.5693359375 982.670532226562 982.511779785156 985.79052734375 986.961242675781 976.946044921875 982.126708984375 987.904479980469 988.741638183594 991.405822753906 994.741882324219 996.493896484375 992.201965332031 1005.44659423828 1010.62805175781 1019.54907226562 1018.92895507812 1017.41485595703 1006.21527099609 1012.48138427734 1012.08001708984 1014.30444335938 1009.05072021484 1010.15960693359 1020.36474609375 1029.08483886719 1036.44995117188 1030.208984375 1028.86340332031 1030.83129882812 1039.146484375 1045.17895507812 1044.9140625 1058.97448730469 1071.27673339844 1081.1748046875 1089.16479492188 1095.41052246094
976.692565917969 976.662231445312 979.231140136719 976.570617675781 979.940002441406 974.411987304688 971.29296875 976.390808105469 985.608215332031 982.7373046875 982.568298339844 985.9970703125 988.189758300781 991.431213378906 992.972778320312 993.214294433594 993.750427246094 996.961486816406 996.948852539062 996.594177246094 991.091796875 998.924743652344 1013.03228759766 1015.83776855469 1010.42779541016 1014.84460449219 1002.20361328125 1001.28082275391 1009.32952880859 1019.63812255859 1018.22039794922 1019.0361328125 1022.67962646484 1029.46850585938 1031.25402832031 1033.08544921875 1029.82214355469 1040.1591796875 1041.96142578125 1049.44653320312 1055.37768554688 1062.28125 1071.33227539062 1074.06628417969 1084.34692382812 1098.28857421875
975.363220214844 971.440612792969 978.904235839844 980.018493652344 982.030578613281 971.290466308594 967.601928710938 977.285339355469 973.193786621094 976.88720703125 985.963317871094 984.032165527344 982.305297851562 994.754577636719 987.425354003906 992.440979003906 991.580993652344 997.489196777344 996.410705566406 991.458374023438 997.387817382812 1001.15533447266 1005.17108154297 1007.51385498047 1006.11297607422 1006.81365966797 1004.11431884766 1000.14801025391 1006.61419677734 1011.2021484375 1006.97454833984 1026.43994140625 1025.52319335938 1035.77514648438 1032.53002929688 1037.76428222656 1045.90759277344 1057.27453613281 1054.99499511719 1053.54150390625 1058.33557128906 1067.38110351562 1081.35363769531 1087.22534179688 1081.39929199219 1090.04528808594
972.724060058594 973.542358398438 971.696044921875 976.977722167969 971.742004394531 968.263916015625 972.052917480469 974.336791992188 972.679321289062 976.616149902344 978.871032714844 984.930114746094 988.99755859375 993.2841796875 989.028259277344 991.478637695312 990.4404296875 992.347778320312 990.0087890625 995.09521484375 990.344177246094 996.12158203125 992.975646972656 1002.33996582031 1011.74926757812 1010.43890380859 1002.92529296875 1008.8603515625 1006.48974609375 1011.67919921875 1017.49682617188 1027.05407714844 1028.58520507812 1043.02600097656 1048.3173828125 1049.60900878906 1047.15551757812 1055.79992675781 1063.54187011719 1062.16845703125 1070.43298339844 1068.66821289062 1085.52197265625 1098.01721191406 1084.46423339844 1087.30993652344
979.787536621094 975.0888671875 977.80029296875 979.7431640625 972.439697265625 972.91162109375 967.781372070312 971.713012695312 973.586181640625 977.258544921875 974.898315429688 980.5673828125 986.400695800781 993.840393066406 988.750793457031 988.078369140625 996.286499023438 1007.51171875 1000.35229492188 991.97900390625 987.438415527344 984.485900878906 993.838745117188 991.2353515625 995.457885742188 1001.50848388672 1003.90014648438 1006.13415527344 1007.14501953125 1013.14642333984 1022.13751220703 1031.32080078125 1038.31225585938 1047.12744140625 1049.18835449219 1050.1240234375 1048.76318359375 1060.16967773438 1056.42810058594 1073.90209960938 1076.79296875 1081.81408691406 1085.11694335938 1096.55480957031 1092.01843261719 1087.30749511719
970.415893554688 977.490051269531 985.785949707031 977.791931152344 974.230590820312 971.46826171875 974.842956542969 972.1513671875 971.369201660156 972.763366699219 979.617797851562 977.671203613281 975.829833984375 987.121276855469 984.95849609375 987.419372558594 996.15185546875 1003.92266845703 1002.10052490234 992.534912109375 992.004638671875 986.496826171875 989.928405761719 991.9951171875 997.878967285156 1001.04827880859 1007.62097167969 1015.97082519531 1014.97991943359 1010.48468017578 1018.79809570312 1030.45629882812 1027.1142578125 1035.37902832031 1054.6875 1058.05224609375 1062.65966796875 1057.37158203125 1060.50451660156 1069.03967285156 1079.38916015625 1088.14367675781 1103.58862304688 1095.53002929688 1094.61779785156 1093.66784667969
971.876525878906 983.410095214844 983.8193359375 976.115539550781 970.076049804688 972.969055175781 973.071533203125 980.724487304688 977.306518554688 976.651184082031 975.982971191406 982.193359375 986.360290527344 984.157775878906 989.207824707031 990.035888671875 989.76513671875 988.752807617188 996.561218261719 990.362365722656 991.459777832031 989.168640136719 979.869567871094 988.164123535156 999.953552246094 1010.32775878906 1009.00579833984 1011.21966552734 1014.22076416016 1013.77825927734 1025.55310058594 1024.96423339844 1030.1025390625 1032.05041503906 1031.17907714844 1049.34997558594 1048.59191894531 1049.544921875 1060.25085449219 1070.599609375 1078.7392578125 1090.6767578125 1096.29992675781 1088.63354492188 1096.26770019531 1094.09167480469
975.637634277344 980.445495605469 974.036437988281 970.337280273438 976.490539550781 984.447631835938 976.5166015625 974.682373046875 975.672607421875 977.29248046875 981.497192382812 985.875122070312 988.160705566406 985.779479980469 972.103271484375 978.692565917969 980.302856445312 983.99560546875 983.591369628906 982.04443359375 984.668273925781 981.169128417969 986.877197265625 991.785888671875 993.328430175781 998.050231933594 1004.38336181641 1007.595703125 1006.05426025391 1017.60412597656 1016.54193115234 1017.3447265625 1022.50054931641 1027.34606933594 1028.59521484375 1033.39807128906 1038.4697265625 1047.58618164062 1055.79455566406 1061.69958496094 1080.82470703125 1078.07897949219 1093.23156738281 1092.33776855469 1084.39111328125 1084.25207519531
976.027709960938 978.199462890625 973.251525878906 971.579650878906 973.446594238281 983.93505859375 978.308898925781 979.267822265625 976.420227050781 972.134094238281 978.472717285156 978.663146972656 983.300903320312 967.514587402344 977.854919433594 976.780151367188 974.5546875 981.274780273438 977.322326660156 983.339599609375 976.7333984375 971.846069335938 986.322448730469 998.757019042969 990.690307617188 996.415283203125 994.515075683594 996.943542480469 1007.63073730469 1018.10821533203 1011.14184570312 1010.11529541016 1008.11853027344 1019.37963867188 1020.53277587891 1021.98944091797 1032.78039550781 1044.80700683594 1044.81579589844 1053.84533691406 1075.1787109375 1078.79248046875 1094.72875976562 1090.63537597656 1093.82312011719 1085.39892578125
974.069213867188 966.365539550781 974.291015625 959.977966308594 965.695251464844 970.212524414062 985.586303710938 974.002868652344 978.766418457031 979.659973144531 981.113952636719 977.850524902344 984.939025878906 979.424987792969 976.574829101562 978.160400390625 970.94677734375 985.154968261719 986.957824707031 985.724182128906 984.457641601562 982.086242675781 991.243896484375 994.997192382812 997.069152832031 1000.74114990234 1002.50469970703 1001.86999511719 1008.24151611328 1024.86352539062 1011.52453613281 1009.52551269531 1009.94116210938 1018.06256103516 1017.19219970703 1026.74865722656 1036.20703125 1043.06115722656 1039.6923828125 1051.30480957031 1073.96838378906 1076.23022460938 1092.07702636719 1092.46057128906 1086.63830566406 1096.125
979.786376953125 982.868347167969 970.60400390625 960.630432128906 966.649841308594 974.102233886719 975.713500976562 979.486938476562 977.045471191406 984.590209960938 986.507995605469 991.299133300781 986.871826171875 985.133483886719 981.606628417969 979.150634765625 983.077331542969 992.51123046875 991.260864257812 993.726806640625 987.578491210938 987.120178222656 985.942932128906 992.420593261719 996.120422363281 999.316223144531 1007.48840332031 1007.35479736328 1020.48413085938 1016.03094482422 1004.72674560547 1007.25555419922 1007.88549804688 1015.97515869141 1018.56085205078 1022.10040283203 1031.2578125 1042.93798828125 1047.06640625 1046.05712890625 1070.24609375 1079.92700195312 1090.18884277344 1092.40393066406 1086.17626953125 1088.66760253906
980.116821289062 980.688171386719 979.936340332031 968.375610351562 976.294799804688 977.464721679688 980.580932617188 985.679748535156 980.615295410156 984.095825195312 983.336486816406 980.006591796875 983.477661132812 980.681030273438 983.547790527344 985.033203125 988.385986328125 993.186462402344 1000.18310546875 990.509460449219 990.580261230469 1000.7587890625 987.580505371094 988.000793457031 991.103515625 999.558227539062 1012.81658935547 1002.04449462891 1013.45361328125 1005.6416015625 1009.04486083984 1013.20037841797 1006.05694580078 1017.01458740234 1015.03576660156 1015.21862792969 1022.26409912109 1044.91125488281 1038.06372070312 1059.83410644531 1070.69958496094 1082.95642089844 1084.05859375 1084.13610839844 1080.26208496094 1081.88171386719
977.110900878906 980.158630371094 978.975158691406 973.787048339844 969.591857910156 968.173156738281 975.0791015625 978.156311035156 988.455444335938 980.194946289062 977.008361816406 968.402954101562 972.199584960938 978.077270507812 982.537353515625 989.619384765625 986.284606933594 997.953430175781 998.774841308594 1006.93811035156 1005.50604248047 1008.767578125 994.250549316406 991.321838378906 1001.99127197266 1003.40972900391 995.500854492188 1001.46264648438 1006.26977539062 1012.48968505859 1006.09698486328 1005.93872070312 1009.80792236328 1010.82586669922 1009.38073730469 1016.00421142578 1031.15905761719 1048.064453125 1046.82971191406 1061.83605957031 1065.21142578125 1070.9111328125 1078.21606445312 1079.06555175781 1078.17272949219 1070.28601074219
977.811889648438 976.276489257812 978.121765136719 973.952453613281 963.98486328125 978.71630859375 982.90185546875 976.396057128906 982.983337402344 977.797058105469 977.112731933594 968.398254394531 971.503051757812 975.680603027344 979.8876953125 990.880676269531 993.20654296875 996.144653320312 998.190490722656 1009.54406738281 1010.22888183594 1006.13366699219 1000.71618652344 1003.03149414062 1003.81396484375 1008.58508300781 996.909545898438 997.308288574219 1001.3955078125 1006.97735595703 1008.45245361328 1009.98516845703 1008.48278808594 1015.42700195312 1014.27319335938 1017.68872070312 1029.65698242188 1046.23559570312 1048.51110839844 1053.27197265625 1051.06323242188 1048.60974121094 1058.26318359375 1066.9404296875 1059.22607421875 1060.77661132812
