data/zlatibor_dem_simulations/DEMsim36.asc
NCOLS 150
NROWS 100
XLLCORNER 7394249
YLLCORNER 4841999
CELLSIZE 30
NODATA_VALUE -9999
[rows 40 to 59 of 100, columns 46 to 91 of 150]
961.188720703125 965.243835449219 969.972717285156 977.954895019531 967.808959960938 970.002258300781 968.051025390625 964.962219238281 975.095336914062 977.327819824219 982.878967285156 974.959045410156 973.820434570312 978.452087402344 977.185485839844 976.781311035156 981.079162597656 971.07470703125 979.744689941406 969.462158203125 972.072204589844 979.421264648438 975.549438476562 974.817932128906 972.904418945312 980.409423828125 986.532165527344 988.289367675781 973.273986816406 975.546691894531 972.163940429688 972.100158691406 982.916931152344 989.595947265625 992.871704101562 994.4775390625 995.88916015625 1000.99884033203 999.891235351562 1002.00347900391 998.022827148438 998.860168457031 998.1494140625 995.975708007812 990.388793945312 987.684387207031
967.998352050781 962.813781738281 966.149108886719 973.760864257812 968.893737792969 965.31005859375 969.441162109375 969.194030761719 978.495361328125 976.107543945312 972.392944335938 968.296875 975.392333984375 979.556884765625 981.537292480469 984.1201171875 978.7978515625 970.527770996094 970.396545410156 972.620544433594 979.73779296875 979.894897460938 972.527038574219 968.97314453125 971.028015136719 977.680908203125 976.453247070312 973.245483398438 969.087036132812 975.140991210938 974.426452636719 978.949279785156 981.389099121094 989.080749511719 987.271057128906 994.828369140625 1002.43353271484 998.645141601562 997.8154296875 1001.14276123047 1005.19964599609 990.692077636719 998.682739257812 999.812622070312 979.629150390625 991.759887695312
972.851379394531 972.272216796875 974.01806640625 972.978698730469 971.87548828125 969.064208984375 973.818054199219 975.628051757812 972.462951660156 965.946044921875 965.211547851562 978.643310546875 974.130859375 975.478271484375 979.038146972656 982.552978515625 976.089111328125 969.689331054688 971.876220703125 977.701721191406 977.450073242188 980.377563476562 979.764892578125 971.534423828125 969.419189453125 973.985412597656 970.196472167969 963.663940429688 977.323669433594 970.50830078125 974.086608886719 980.367492675781 973.441223144531 991.08984375 984.070190429688 990.163391113281 990.380493164062 988.070983886719 992.89697265625 990.618591308594 990.073913574219 993.198364257812 989.303771972656 980.853271484375 981.062072753906 984.835876464844
978.234436035156 975.712463378906 974.507141113281 972.056335449219 970.059143066406 970.447937011719 970.371765136719 967.907409667969 969.133911132812 968.749633789062 972.330322265625 972.31103515625 970.797790527344 976.073547363281 977.259338378906 981.237243652344 977.413452148438 967.919677734375 976.249572753906 976.065307617188 976.831481933594 976.708740234375 974.147094726562 970.467529296875 971.840515136719 972.046752929688 974.411499023438 970.582824707031 977.203063964844 967.263549804688 977.138244628906 976.531982421875 969.66064453125 975.395202636719 974.595886230469 976.927490234375 972.064025878906 973.357116699219 978.027526855469 982.103454589844 989.393432617188 990.171875 991.593505859375 980.535888671875 989.90185546875 984.481689453125
975.131164550781 976.345703125 970.397521972656 966.190979003906 971.127563476562 975.038879394531 973.822387695312 966.730163574219 965.321166992188 963.801147460938 969.108825683594 972.15234375 976.411560058594 972.496520996094 976.703674316406 968.098449707031 974.256103515625 982.081604003906 978.4169921875 979.932800292969 979.456420898438 975.646667480469 982.064697265625 974.143432617188 975.874694824219 962.152893066406 964.361328125 972.794616699219 976.415710449219 973.416809082031 974.937438964844 973.855285644531 972.532043457031 973.449523925781 969.398071289062 973.746948242188 966.245849609375 964.775329589844 967.078186035156 968.027038574219 973.642578125 989.16162109375 989.61474609375 984.147888183594 989.398132324219 981.9541015625
965.979736328125 975.97021484375 972.593139648438 966.8671875 965.830261230469 973.827392578125 974.657958984375 964.6435546875 972.161743164062 963.820373535156 970.8291015625 969.8642578125 974.897705078125 980.227416992188 972.791809082031 972.016235351562 973.052795410156 974.13525390625 977.661804199219 976.28759765625 966.402404785156 977.687622070312 976.891906738281 969.792846679688 972.056518554688 971.53857421875 965.11376953125 972.752685546875 974.248901367188 973.4033203125 969.223266601562 964.843505859375 957.588256835938 966.976440429688 979.306396484375 963.670593261719 964.132568359375 963.089416503906 961.380004882812 969.838989257812 975.655944824219 982.138854980469 978.63427734375 991.665893554688 984.203186035156 975.462280273438
965.68310546875 962.246032714844 968.20166015625 965.933349609375 970.434448242188 975.146484375 965.926696777344 949.248291015625 959.256713867188 968.998718261719 975.818176269531 972.731567382812 972.085876464844 979.106628417969 974.75048828125 970.82861328125 968.959289550781 964.327270507812 969.940612792969 971.710327148438 966.324951171875 975.83837890625 981.660949707031 971.006469726562 970.169311523438 961.149047851562 970.57177734375 973.453979492188 981.268127441406 973.313537597656 965.018493652344 962.248840332031 969.104309082031 969.161926269531 974.299926757812 973.919372558594 965.894165039062 971.3427734375 972.584228515625 977.123718261719 977.284423828125 988.5849609375 997.808898925781 989.979431152344 993.070190429688 973.809814453125
961.741455078125 974.803527832031 973.571472167969 963.828674316406 964.928100585938 967.439514160156 974.922424316406 963.685729980469 959.722473144531 964.039733886719 969.280639648438 971.931823730469 975.487243652344 977.433349609375 970.827514648438 962.302001953125 964.364501953125 964.008056640625 970.731872558594 970.088928222656 973.465209960938 973.08447265625 976.2919921875 969.167785644531 966.766052246094 962.380249023438 967.597900390625 974.707641601562 967.397644042969 973.60205078125 963.414611816406 966.285278320312 963.671203613281 961.750244140625 965.698181152344 970.97802734375 968.893798828125 964.765747070312 971.736572265625 962.584533691406 975.85400390625 991.016540527344 989.53466796875 991.699462890625 980.927856445312 977.874206542969
959.891784667969 967.633117675781 965.408142089844 968.714416503906 964.309692382812 964.332458496094 965.569458007812 960.146911621094 958.273193359375 960.640441894531 960.306579589844 971.596557617188 973.862731933594 970.895263671875 972.543701171875 960.04541015625 963.452331542969 964.320007324219 960.550048828125 969.684997558594 974.288757324219 979.679809570312 979.914306640625 974.897521972656 971.284240722656 965.225341796875 967.352478027344 976.851013183594 970.596069335938 971.027526855469 969.89208984375 974.286254882812 970.602783203125 971.164367675781 969.841369628906 964.0634765625 973.102600097656 971.591125488281 970.515319824219 976.835327148438 975.846252441406 980.575073242188 989.184020996094 978.269165039062 977.626159667969 974.125427246094
959.804077148438 960.865234375 957.068908691406 965.515197753906 963.148315429688 970.948181152344 969.990844726562 960.719604492188 960.075378417969 963.491088867188 963.403686523438 974.514099121094 964.391540527344 971.786560058594 971.0341796875 962.923889160156 968.12255859375 957.247436523438 963.066711425781 967.742370605469 969.866516113281 975.606750488281 974.369812011719 966.781066894531 966.384704589844 971.442138671875 974.566528320312 986.039672851562 977.584655761719 976.102111816406 968.805053710938 962.312805175781 967.367126464844 970.165771484375 968.009338378906 959.945861816406 961.397216796875 972.996337890625 972.406066894531 968.979919433594 976.735107421875 974.421081542969 976.029541015625 984.25341796875 974.6318359375 976.792907714844
963.461669921875 959.0869140625 962.055725097656 966.416625976562 967.127868652344 967.039367675781 959.509399414062 966.9169921875 957.973815917969 964.615844726562 959.229858398438 962.172912597656 966.279296875 967.483642578125 967.719665527344 959.3564453125 957.248291015625 957.746826171875 958.317321777344 961.927917480469 961.50048828125 964.405029296875 961.065856933594 959.650512695312 958.798645019531 968.9345703125 974.692687988281 975.10791015625 973.439086914062 980.435363769531 977.476745605469 970.922485351562 963.841003417969 963.396484375 971.653747558594 967.215270996094 973.052185058594 971.367126464844 968.846496582031 972.973815917969 972.415466308594 970.3193359375 972.977172851562 977.450805664062 979.286315917969 968.496154785156
967.5908203125 954.3193359375 963.536254882812 974.417236328125 969.739807128906 974.935668945312 972.900512695312 969.588989257812 957.56787109375 962.933349609375 965.086120605469 957.642211914062 969.207702636719 973.651550292969 965.247131347656 956.941467285156 961.861999511719 962.301513671875 960.776733398438 954.449890136719 961.247436523438 956.790954589844 958.333435058594 962.786376953125 961.208251953125 962.938903808594 972.831481933594 966.579650878906 971.807434082031 968.970275878906 970.471862792969 974.447937011719 961.445129394531 968.34814453125 968.515930175781 972.636047363281 977.679504394531 973.674194335938 972.130676269531 975.649780273438 968.009216308594 968.070556640625 968.354797363281 964.405029296875 974.679626464844 972.030517578125
960.020263671875 961.4150390625 963.638732910156 968.340515136719 966.024475097656 965.775817871094 969.902709960938 969.038635253906 955.350891113281 953.587463378906 956.972900390625 956.812316894531 964.359924316406 967.201354980469 966.796264648438 965.235168457031 964.636596679688 960.326416015625 958.101257324219 956.8232421875 959.327819824219 957.642395019531 962.650146484375 965.605163574219 966.435974121094 959.176879882812 958.397888183594 950.090026855469 957.062438964844 963.781982421875 964.318603515625 962.771850585938 961.791687011719 962.51513671875 964.904174804688 973.927856445312 990.408874511719 981.136657714844 978.108093261719 972.332214355469 963.015441894531 971.912048339844 974.325927734375 971.364990234375 975.286193847656 974.207214355469
953.772583007812 957.959594726562 973.042724609375 963.936096191406 952.703674316406 960.286315917969 958.593444824219 958.548461914062 962.99267578125 959.491149902344 954.132263183594 945.693603515625 959.765930175781 962.36474609375 957.262084960938 947.132202148438 953.647827148438 954.671936035156 959.276672363281 958.751770019531 958.536926269531 960.893432617188 958.946716308594 963.141479492188 961.377807617188 960.117736816406 962.395751953125 955.602233886719 947.960693359375 956.711181640625 960.908996582031 966.258239746094 962.890625 962.126037597656 963.312683105469 970.110412597656 974.573120117188 977.486267089844 971.305480957031 967.592468261719 965.736755371094 965.819213867188 968.20166015625 973.748229980469 972.347595214844 968.20263671875
950.250122070312 955.172424316406 962.264038085938 964.207885742188 954.442443847656 949.80810546875 950.388549804688 949.71337890625 950.130981445312 956.577880859375 951.724365234375 946.455993652344 956.351318359375 964.290588378906 950.654113769531 954.468444824219 958.393615722656 956.646667480469 953.419799804688 956.359802246094 962.011291503906 961.989013671875 958.506713867188 961.040771484375 963.270080566406 966.174072265625 966.005676269531 965.094299316406 955.375915527344 960.3896484375 963.26513671875 975.698608398438 965.555786132812 960.452880859375 960.649353027344 961.823425292969 956.260620117188 965.390747070312 960.493103027344 960.894104003906 956.665405273438 958.603759765625 959.300109863281 964.521179199219 972.322692871094 972.189819335938
949.837341308594 955.912536621094 961.39501953125 966.232238769531 967.2861328125 956.756774902344 954.099060058594 945.990173339844 953.435546875 958.5361328125 957.085998535156 949.793884277344 947.859375 957.727966308594 956.993713378906 946.251098632812 952.26171875 955.053894042969 949.789367675781 948.6572265625 955.724975585938 958.896179199219 952.865234375 959.065185546875 967.8525390625 963.478088378906 959.388122558594 959.993957519531 956.225036621094 948.631225585938 968.688171386719 972.772888183594 966.106384277344 958.6923828125 960.976745605469 960.680603027344 963.167114257812 963.522094726562 962.736511230469 957.045166015625 951.399230957031 959.143920898438 959.906860351562 973.605285644531 972.824584960938 972.011413574219
952.217651367188 955.051330566406 954.746215820312 959.927734375 966.01708984375 962.4140625 951.392639160156 947.332702636719 953.519836425781 960.450073242188 959.123779296875 956.209777832031 957.399475097656 954.385070800781 951.949829101562 948.780456542969 954.330810546875 955.00146484375 956.970825195312 955.089111328125 955.503784179688 956.815246582031 960.567687988281 966.989807128906 961.127624511719 958.276733398438 954.727722167969 958.158752441406 955.926086425781 955.601501464844 959.997253417969 954.189208984375 962.929992675781 965.369384765625 965.00048828125 965.739074707031 967.756469726562 953.413879394531 965.583068847656 962.029602050781 962.334594726562 956.439575195312 962.030822753906 972.4775390625 971.607971191406 965.811096191406
958.278625488281 955.840148925781 951.862976074219 957.956909179688 965.457580566406 974.512939453125 954.460754394531 962.867309570312 960.932189941406 955.579040527344 951.952087402344 957.598693847656 959.900939941406 956.460815429688 948.002380371094 946.606384277344 955.624938964844 956.722778320312 954.526245117188 957.025634765625 956.759887695312 956.915222167969 956.4521484375 964.679931640625 964.547546386719 962.754455566406 953.27099609375 958.475036621094 954.252075195312 953.73681640625 953.663513183594 946.190368652344 962.858764648438 964.861022949219 964.983459472656 969.865417480469 965.885437011719 967.281982421875 970.553894042969 974.162658691406 964.617858886719 963.765502929688 969.528442382812 967.562194824219 973.027465820312 971.2060546875
955.289306640625 950.123229980469 950.55224609375 962.527160644531 964.33251953125 956.842956542969 956.797180175781 961.550476074219 955.906616210938 959.06103515625 959.829162597656 950.176025390625 965.771118164062 968.733947753906 949.296569824219 949.51611328125 960.064636230469 960.397399902344 961.003601074219 959.30810546875 951.831848144531 965.13427734375 965.537231445312 964.073059082031 970.484985351562 965.362121582031 956.801940917969 956.900451660156 959.697143554688 952.61865234375 953.591186523438 953.355834960938 965.079650878906 968.511169433594 967.673217773438 975.877685546875 981.755676269531 978.081481933594 970.236083984375 970.981323242188 962.399719238281 957.853759765625 965.816772460938 971.779479980469 971.535339355469 972.919677734375
955.481201171875 954.591247558594 948.398254394531 962.911682128906 953.856994628906 960.123107910156 949.859802246094 959.361206054688 959.848022460938 958.289428710938 956.965759277344 951.813354492188 958.210998535156 964.901062011719 956.231201171875 960.195617675781 960.201599121094 957.394714355469 965.493286132812 959.313232421875 957.97998046875 956.427551269531 966.219421386719 971.4130859375 964.460815429688 960.713562011719 955.783874511719 955.623291015625 963.246887207031 961.921691894531 961.8359375 962.559631347656 964.167297363281 970.596618652344 968.760375976562 973.4384765625 971.678283691406 971.270690917969 970.917602539062 973.826110839844 967.129333496094 966.161193847656 962.282775878906 956.617919921875 966.035583496094 972.417785644531
