data/zlatibor_dem_simulations/DEMsim26.asc
NCOLS 150
NROWS 100
XLLCORNER 7394249
YLLCORNER 4841999
CELLSIZE 30
NODATA_VALUE -9999
[rows 20 to 39 of 100, columns 92 to 137 of 150]
998.25732421875 996.522888183594 999.607299804688 1007.81799316406 1006.25518798828 1015.58319091797 1015.80712890625 1016.95306396484 1011.26086425781 1011.76391601562 1011.91168212891 1009.58862304688 994.849792480469 991.263366699219 985.085510253906 984.390197753906 977.008911132812 972.837463378906 976.576293945312 969.652282714844 951.660217285156 940.017761230469 937.634643554688 933.263122558594 943.949096679688 944.796325683594 943.297424316406 958.615600585938 964.975708007812 975.331298828125 987.461853027344 993.436584472656 1004.66937255859 1005.94787597656 1013.23022460938 1019.60052490234 1031.19812011719 1045.94665527344 1044.64611816406 1047.16296386719 1040.53894042969 1033.83874511719 1032.78002929688 1044.96875 1046.35522460938 1063.66040039062
1008.66979980469 1005.04797363281 1013.47814941406 1021.37554931641 1008.42163085938 1014.37683105469 1015.56280517578 1022.45989990234 1014.99420166016 1005.609375 1008.31585693359 1009.60705566406 1002.38861083984 1004.95257568359 998.038757324219 988.282043457031 977.266174316406 971.100341796875 971.116394042969 969.916870117188 957.82861328125 947.335876464844 944.067749023438 940.075256347656 945.119689941406 948.742614746094 949.153198242188 959.241088867188 972.869201660156 987.263366699219 998.462585449219 997.886657714844 1012.81652832031 1022.90673828125 1024.62817382812 1021.20867919922 1028.6435546875 1045.08569335938 1047.86474609375 1048.25085449219 1047.23828125 1041.83728027344 1044.09838867188 1043.36364746094 1051.03283691406 1066.08874511719
1010.08245849609 1015.44256591797 1023.40289306641 1031.30700683594 1026.83068847656 1029.06176757812 1020.94146728516 1007.06951904297 1015.45855712891 1011.11639404297 1004.35424804688 1005.38568115234 1005.90692138672 995.622131347656 1003.79754638672 996.748107910156 990.496032714844 973.851867675781 969.463134765625 959.093200683594 954.728210449219 945.881774902344 946.175903320312 942.472778320312 957.507385253906 961.864013671875 964.8193359375 973.418273925781 983.644775390625 1003.12420654297 1005.92736816406 1010.25726318359 1012.513671875 1021.05731201172 1024.13342285156 1023.29321289062 1034.12268066406 1043.63354492188 1042.1943359375 1048.16979980469 1052.46813964844 1046.3681640625 1048.23327636719 1042.65112304688 1048.41320800781 1064.90307617188
1023.29833984375 1020.35174560547 1031.33544921875 1029.14025878906 1035.59326171875 1031.81958007812 1019.89324951172 1013.01605224609 1003.40625 1009.44885253906 1008.91418457031 1000.72705078125 1005.89025878906 999.037292480469 1004.44049072266 1003.33868408203 993.549560546875 981.903686523438 969.879760742188 962.131408691406 949.2470703125 929.346374511719 934.428527832031 940.811157226562 951.634826660156 961.9541015625 967.539978027344 980.6103515625 988.306518554688 1003.63647460938 1004.53198242188 1014.85815429688 1017.48474121094 1030.70458984375 1029.98815917969 1029.04943847656 1037.90881347656 1041.62109375 1041.482421875 1041.85388183594 1051.02014160156 1051.24816894531 1052.26171875 1052.32299804688 1056.73229980469 1056.23364257812
1025.20227050781 1026.83813476562 1029.46362304688 1035.64587402344 1041.84362792969 1029.40893554688 1022.93731689453 1013.38336181641 1004.85241699219 1005.33160400391 997.243225097656 1009.43121337891 1008.79608154297 1012.57696533203 1006.96087646484 998.002197265625 989.276062011719 981.300598144531 976.2333984375 964.583190917969 949.702453613281 938.239624023438 936.010925292969 939.565612792969 955.104309082031 960.848205566406 975.918518066406 986.254211425781 1002.71752929688 1012.82702636719 1010.06420898438 1016.40344238281 1024.35693359375 1029.22570800781 1032.455078125 1037.00915527344 1040.32885742188 1039.37487792969 1042.52734375 1042.18676757812 1056.59240722656 1051.53503417969 1047.64916992188 1059.51428222656 1057.12719726562 1061.49914550781
1025.33203125 1024.96789550781 1029.89123535156 1024.15637207031 1025.64819335938 1025.24584960938 1024.16516113281 1011.89013671875 1002.80261230469 998.78076171875 1003.0205078125 1010.28985595703 1007.31475830078 1004.72521972656 999.992126464844 1006.77075195312 995.662170410156 979.378967285156 976.507629394531 965.782653808594 958.076171875 949.8896484375 935.529113769531 938.833374023438 939.445983886719 958.328918457031 973.566162109375 977.895324707031 996.001953125 1003.04895019531 1026.10522460938 1029.99072265625 1039.39685058594 1032.75317382812 1037.5576171875 1042.04284667969 1030.81176757812 1032.49548339844 1029.6884765625 1042.71691894531 1045.58068847656 1045.68737792969 1046.96667480469 1052.21875 1047.15588378906 1047.796875
1018.77142333984 1021.50854492188 1025.62377929688 1029.05493164062 1026.06530761719 1020.66491699219 1021.63000488281 1012.53973388672 1019.28881835938 1007.57629394531 1009.04327392578 1013.81256103516 1006.47052001953 1005.11340332031 1009.27569580078 1003.60797119141 999.57275390625 978.754150390625 969.55078125 962.868469238281 961.019165039062 958.310974121094 942.13134765625 939.510375976562 940.483825683594 952.774597167969 972.051879882812 974.704711914062 991.923095703125 999.05712890625 1014.95788574219 1023.16522216797 1026.64660644531 1033.07580566406 1034.87658691406 1044.12585449219 1038.75329589844 1032.02404785156 1036.31787109375 1030.57690429688 1036.90808105469 1038.55615234375 1036.20861816406 1036.1435546875 1045.26513671875 1038.48083496094
1023.08666992188 1025.7529296875 1013.32922363281 1014.33636474609 1015.82232666016 1014.37365722656 1022.00341796875 1021.81518554688 1017.82592773438 1014.16998291016 1009.30444335938 1014.02960205078 999.53759765625 1002.64410400391 1007.04986572266 998.851440429688 993.639587402344 984.122863769531 972.992309570312 961.664428710938 962.482971191406 952.085083007812 946.171081542969 941.786926269531 947.005859375 950.665893554688 963.395324707031 973.464294433594 991.681762695312 1004.08227539062 1007.90393066406 1023.02410888672 1030.1298828125 1031.14379882812 1042.57409667969 1043.82470703125 1042.93371582031 1044.02746582031 1033.19213867188 1027.70080566406 1035.94384765625 1030.87768554688 1027.77624511719 1027.07653808594 1038.46887207031 1035.03955078125
1026.1494140625 1021.11511230469 1016.14019775391 1024.38879394531 1017.24957275391 1015.29046630859 1021.70092773438 1024.02429199219 1012.96392822266 1006.72015380859 1011.50054931641 1008.01312255859 999.492065429688 1006.01159667969 1007.97723388672 1000.15924072266 985.449340820312 980.050231933594 963.609741210938 964.425537109375 960.670471191406 950.532165527344 955.137451171875 942.3583984375 947.638549804688 951.728271484375 964.443542480469 978.261474609375 997.631042480469 998.466369628906 1004.40093994141 1021.18194580078 1018.97174072266 1040.67578125 1046.26501464844 1049.89416503906 1042.72644042969 1033.94641113281 1033.34069824219 1027.39086914062 1026.42199707031 1028.89916992188 1021.84869384766 1027.09375 1034.62866210938 1021.33648681641
1018.53741455078 1013.87554931641 1018.56072998047 1015.04187011719 1013.99151611328 1016.68835449219 1025.01904296875 1028.65490722656 1027.28930664062 1016.21197509766 1010.40960693359 1005.10876464844 1003.86871337891 1002.03540039062 1002.99102783203 1004.37902832031 992.164733886719 982.198181152344 963.737731933594 961.784912109375 952.760986328125 947.056640625 951.327941894531 952.211975097656 943.790588378906 955.606811523438 964.294006347656 977.942077636719 1000.15563964844 998.6328125 1006.13269042969 1013.11871337891 1021.64904785156 1036.02014160156 1039.53198242188 1050.25561523438 1038.134765625 1031.80700683594 1033.35266113281 1034.0849609375 1027.798828125 1022.97467041016 1015.66064453125 1019.19696044922 1022.86395263672 1022.28503417969
1019.05877685547 1016.88562011719 1012.37731933594 1021.35278320312 1026.51489257812 1021.17297363281 1019.92120361328 1023.8037109375 1015.05474853516 1012.03210449219 1004.70159912109 1007.25402832031 1006.48516845703 1000.04486083984 1008.86071777344 1000.71124267578 983.547607421875 982.815490722656 973.471008300781 959.985168457031 959.253967285156 944.276428222656 943.621154785156 942.274841308594 943.25 957.410278320312 973.721496582031 978.062561035156 995.75830078125 1000.10406494141 1010.62292480469 1009.83221435547 1025.86877441406 1027.69738769531 1038.05603027344 1044.69226074219 1044.1572265625 1039.65795898438 1033.26416015625 1039.91662597656 1025.40344238281 1015.236328125 1014.08648681641 1014.37121582031 1024.56115722656 1025.71142578125
1019.79620361328 1012.40106201172 1011.02960205078 1010.70849609375 1015.48376464844 1025.08740234375 1019.30151367188 1023.03826904297 1014.90509033203 1009.63879394531 1008.82611083984 1011.16925048828 1005.94952392578 1005.25628662109 1000.74108886719 997.67041015625 987.521423339844 977.759033203125 981.94189453125 967.991638183594 956.428833007812 950.393249511719 948.033569335938 943.962158203125 948.509033203125 959.905151367188 969.61572265625 983.731140136719 1000.00463867188 1001.53295898438 1003.6826171875 1018.28399658203 1020.26904296875 1024.40893554688 1027.50903320312 1028.97009277344 1034.23962402344 1035.28430175781 1029.53588867188 1032.29895019531 1025.31921386719 1022.21038818359 1024.00402832031 1021.46820068359 1020.90869140625 1026.64672851562
1012.58856201172 1011.46905517578 1001.62542724609 1013.27307128906 1010.85034179688 1014.78778076172 1017.29858398438 1016.66473388672 1013.65557861328 1013.00347900391 1003.10424804688 1008.43383789062 1006.69763183594 1009.751953125 1009.51623535156 1003.14978027344 999.224975585938 993.133239746094 977.190734863281 963.809387207031 955.146667480469 956.545959472656 950.104919433594 950.404846191406 957.334411621094 960.211242675781 965.642028808594 979.985961914062 986.976989746094 995.611938476562 1005.05920410156 1020.36566162109 1029.72583007812 1024.19702148438 1023.63226318359 1024.8447265625 1028.54650878906 1018.43518066406 1023.23291015625 1031.49475097656 1028.40063476562 1027.44299316406 1024.39147949219 1019.77532958984 1017.43579101562 1038.76342773438
1010.42340087891 1005.49322509766 1011.67565917969 1006.61254882812 1004.11779785156 1010.71362304688 1011.11737060547 1011.89855957031 1021.92132568359 1016.47894287109 1004.63726806641 996.544677734375 1003.54095458984 1015.24462890625 1004.27423095703 995.483703613281 992.8876953125 995.963745117188 983.742309570312 982.687805175781 967.675048828125 962.313781738281 954.186401367188 965.214050292969 967.997131347656 968.860473632812 975.078979492188 981.140686035156 991.302795410156 999.212951660156 1007.74652099609 1009.08227539062 1019.52081298828 1023.78900146484 1027.17102050781 1022.74176025391 1022.35131835938 1020.75671386719 1018.51208496094 1020.26647949219 1015.62487792969 1024.10522460938 1021.94665527344 1019.44653320312 1017.33154296875 1032.49243164062
1011.39739990234 1013.96502685547 1008.4013671875 1005.07019042969 994.683959960938 1000.83258056641 1004.64947509766 999.435852050781 1011.83489990234 1001.50933837891 992.416137695312 990.204711914062 1000.44854736328 998.209228515625 995.885375976562 987.907165527344 988.573852539062 993.489013671875 996.649475097656 988.357482910156 980.192565917969 965.749084472656 963.206420898438 968.528442382812 984.950805664062 982.539428710938 986.52880859375 991.402770996094 991.261047363281 1000.29254150391 1002.466796875 1012.31939697266 1017.29058837891 1016.28118896484 1015.9208984375 1023.42388916016 1017.47515869141 1024.85461425781 1012.94403076172 1010.64288330078 1014.90075683594 1015.49810791016 1021.15802001953 1017.43188476562 1028.45593261719 1038.2158203125
1011.01141357422 1017.22467041016 1010.27911376953 998.971313476562 997.351989746094 997.203308105469 991.928833007812 995.234436035156 992.12548828125 995.954711914062 993.997192382812 1003.52899169922 992.678283691406 990.97607421875 995.034423828125 991.139831542969 988.324951171875 994.542053222656 998.4208984375 989.579467773438 981.964538574219 985.536804199219 975.520690917969 989.434326171875 997.251708984375 989.678344726562 994.247802734375 1000.95184326172 996.449829101562 999.38525390625 1014.53717041016 1011.90081787109 1016.12451171875 1015.57177734375 1012.29461669922 1011.51092529297 1021.86083984375 1014.67523193359 1007.41577148438 1004.95275878906 1007.52911376953 1015.52496337891 1017.20159912109 1026.09387207031 1036.552734375 1049.42309570312
994.702392578125 1009.34051513672 1000.57891845703 992.728088378906 991.337219238281 997.327392578125 996.41259765625 996.569396972656 996.112487792969 989.652587890625 991.429382324219 992.286071777344 993.610290527344 987.064575195312 989.485290527344 990.582153320312 995.541564941406 989.816589355469 998.110412597656 1000.18414306641 1002.20520019531 990.565246582031 987.47314453125 989.844787597656 997.023864746094 989.790100097656 992.303527832031 997.926452636719 1006.63208007812 1004.98553466797 1011.01501464844 1006.82171630859 1013.3828125 1012.60931396484 1015.29931640625 1009.22149658203 1018.66870117188 1020.53881835938 1008.80108642578 1001.84832763672 1005.30535888672 1014.80731201172 1023.01239013672 1025.52624511719 1032.80017089844 1053.14086914062
994.170471191406 1001.07989501953 998.848449707031 990.062316894531 985.953735351562 997.709411621094 997.964050292969 1001.47631835938 996.82177734375 990.753540039062 998.465393066406 993.19384765625 991.237670898438 985.237243652344 977.365661621094 987.957336425781 997.223754882812 990.011108398438 992.298461914062 997.191162109375 997.840881347656 999.650085449219 1000.67706298828 990.239196777344 995.252807617188 1003.36907958984 1003.31970214844 1004.50415039062 1012.95745849609 1007.12054443359 999.533142089844 1015.47515869141 1013.33441162109 1011.44226074219 1006.81115722656 1011.85290527344 1013.38446044922 1010.43859863281 1014.31323242188 1002.99041748047 1011.97985839844 1015.28521728516 1028.1025390625 1028.33056640625 1035.58410644531 1056.69458007812
998.581298828125 995.725280761719 991.8408203125 995.229736328125 986.467712402344 991.133911132812 990.280151367188 997.377319335938 1002.81915283203 991.386474609375 992.450561523438 989.772766113281 982.996826171875 985.448425292969 976.853332519531 984.935180664062 997.775146484375 991.962341308594 993.276306152344 997.400329589844 1005.10461425781 1002.80963134766 999.716430664062 993.314819335938 1004.625 1009.380859375 1003.67864990234 1005.76318359375 1001.72894287109 1002.77172851562 1003.83062744141 999.711730957031 1003.00854492188 1006.10931396484 1005.92388916016 1001.50689697266 1009.50988769531 1005.81091308594 1016.00970458984 1019.12780761719 1021.78771972656 1025.69555664062 1023.39001464844 1031.82360839844 1031.61730957031 1055.70458984375
989.601257324219 993.633544921875 993.308349609375 995.305603027344 985.131042480469 986.838012695312 990.849060058594 989.752197265625 994.074279785156 994.494079589844 989.394592285156 993.501220703125 981.778625488281 988.476196289062 989.028503417969 992.427062988281 999.376525878906 997.424438476562 994.601501464844 990.573669433594 993.256591796875 991.726745605469 993.395263671875 998.847595214844 1000.51983642578 1003.90612792969 1002.66546630859 1002.25140380859 999.201538085938 1002.77416992188 992.346313476562 996.901916503906 991.965942382812 998.144165039062 1002.46569824219 1000.05499267578 1007.36468505859 1003.32446289062 1023.32659912109 1021.49591064453 1026.06652832031 1027.28955078125 1031.92517089844 1027.57336425781 1041.40588378906 1057.92114257812
