data/zlatibor_dem_simulations/DEMsim52.asc
NCOLS 150
NROWS 100
XLLCORNER 7394249
YLLCORNER 4841999
CELLSIZE 30
NODATA_VALUE -9999
[rows 20 to 39 of 100, columns 46 to 91 of 150]
1010.73468017578 1007.58154296875 1005.03430175781 1014.45336914062 1013.17022705078 1003.13916015625 993.196044921875 994.606018066406 1006.61291503906 1014.45141601562 1020.10894775391 1022.18426513672 1024.63244628906 1020.41857910156 1024.59191894531 1027.21948242188 1015.4541015625 1014.67547607422 1012.65307617188 1023.72021484375 1030.12719726562 1024.6865234375 1017.18347167969 1024.81982421875 1021.89685058594 1023.57208251953 1020.57067871094 1027.53161621094 1026.20068359375 1029.39636230469 1019.22320556641 1016.83050537109 1015.63696289062 1019.54400634766 1024.16296386719 1020.46081542969 1014.46838378906 1004.26000976562 1010.57733154297 1012.24072265625 1005.90930175781 997.71435546875 992.633422851562 994.8134765625 998.051330566406 981.060913085938
1012.87805175781 1008.56066894531 998.798767089844 999.62890625 1003.91510009766 994.765930175781 1002.13836669922 993.7392578125 1009.71075439453 1017.71630859375 1008.76110839844 1012.14569091797 1010.3974609375 1015.96502685547 1020.25860595703 1025.91516113281 1015.2724609375 1011.95220947266 1022.01080322266 1020.79290771484 1017.6748046875 1032.69592285156 1027.49328613281 1022.17156982422 1022.64038085938 1015.82659912109 1010.07604980469 1015.90887451172 1017.89807128906 1024.82202148438 1026.86560058594 1016.04132080078 1022.50921630859 1020.24237060547 1016.49169921875 1017.79681396484 1015.14001464844 1001.88745117188 1003.07525634766 1012.18347167969 1011.88073730469 1008.30920410156 998.267395019531 997.489990234375 999.761474609375 995.994384765625
1006.53106689453 1006.14007568359 998.068725585938 1001.82922363281 996.99462890625 991.934753417969 1004.20635986328 1007.72961425781 1023.11083984375 1018.32067871094 1013.64031982422 1008.30206298828 1004.8125 1006.20697021484 1008.51403808594 1013.51165771484 1020.88073730469 1019.82269287109 1025.18725585938 1015.43127441406 1023.48211669922 1022.83306884766 1027.55810546875 1021.85675048828 1020.39562988281 1016.02252197266 1012.19488525391 1011.24249267578 1012.07537841797 1015.38446044922 1008.44702148438 1015.58587646484 1011.67926025391 1019.56573486328 1011.90185546875 1010.20593261719 1011.71911621094 1010.25793457031 1011.50378417969 1010.07489013672 1010.40588378906 1011.23034667969 1007.13879394531 1003.10168457031 1012.40124511719 1001.63415527344
1010.84649658203 1000.08160400391 995.55224609375 994.355285644531 987.786193847656 1000.759765625 1003.54693603516 992.036071777344 1012.62786865234 1012.34716796875 1006.30230712891 1004.9951171875 1001.35388183594 1019.70538330078 1014.27838134766 1017.79010009766 1015.16320800781 1019.89208984375 1021.33770751953 1017.7158203125 1018.47344970703 1016.63989257812 1017.89147949219 1022.69097900391 1013.15533447266 1015.89526367188 1009.32775878906 1007.40960693359 1001.12811279297 1007.80114746094 1005.10308837891 1001.17919921875 1004.86590576172 1004.91040039062 1008.02490234375 1007.92340087891 1004.86358642578 998.681945800781 1004.89343261719 1009.59637451172 1012.20031738281 1009.51409912109 1010.38256835938 1012.13525390625 1015.76641845703 1013.60784912109
1013.35363769531 1006.86700439453 985.678466796875 996.803344726562 987.453369140625 993.168884277344 997.393249511719 997.675720214844 1004.80310058594 1006.19036865234 1003.09484863281 1002.96362304688 997.237365722656 1011.10638427734 1018.00329589844 1019.60876464844 1014.82897949219 1016.17834472656 1022.25897216797 1023.43316650391 1023.28118896484 1023.04028320312 1025.04797363281 1018.64196777344 1014.89459228516 1018.12292480469 1013.55999755859 1014.66455078125 1005.14825439453 1004.24017333984 1002.24090576172 1010.44671630859 1007.25714111328 1007.56597900391 1006.11676025391 1004.32586669922 996.525207519531 986.6396484375 1001.08666992188 1007.19378662109 1007.43676757812 1020.46807861328 1019.3837890625 1010.39483642578 1012.62036132812 1018.38690185547
1011.74475097656 1005.34674072266 993.100036621094 994.410217285156 984.702270507812 986.949462890625 988.458557128906 991.415649414062 998.781494140625 1001.20556640625 999.786499023438 999.735595703125 1009.41009521484 1010.63677978516 1012.76184082031 1014.26416015625 1013.41046142578 1017.71490478516 1020.45355224609 1017.68194580078 1020.34100341797 1024.18127441406 1017.98870849609 1019.09301757812 1020.38128662109 1023.41876220703 1027.83569335938 1016.78338623047 1008.76904296875 1008.53594970703 1009.84643554688 1011.27209472656 1007.29309082031 1000.02807617188 998.621765136719 1000.57922363281 996.614196777344 998.913818359375 1004.27185058594 1005.75903320312 1012.11804199219 1017.14666748047 1014.02130126953 1015.38372802734 1014.36688232422 1010.66833496094
1003.58837890625 998.4658203125 997.791137695312 986.438598632812 987.164489746094 978.593017578125 984.149841308594 992.328308105469 991.218566894531 1000.1103515625 1001.43566894531 1002.16870117188 1001.32250976562 998.787170410156 1000.74145507812 1010.35656738281 1011.50402832031 1019.96099853516 1016.5185546875 1010.73999023438 1016.2861328125 1019.53765869141 1023.92010498047 1026.92846679688 1020.12689208984 1012.90258789062 1019.96234130859 1017.74499511719 1002.57073974609 1005.59027099609 1015.10461425781 1011.41522216797 1003.18316650391 992.494567871094 992.002624511719 1003.0830078125 995.161804199219 1003.806640625 998.173767089844 1004.00909423828 1008.86975097656 1012.01983642578 1008.63708496094 1016.50219726562 1012.41497802734 1010.15002441406
997.073181152344 987.492431640625 988.45751953125 984.351196289062 980.542297363281 973.237670898438 977.128234863281 987.85595703125 994.209533691406 994.062805175781 994.890197753906 985.706726074219 995.130065917969 1004.58569335938 994.658020019531 992.366027832031 1000.28344726562 1006.22924804688 1010.34954833984 1008.74310302734 1002.03332519531 1016.71392822266 1020.13500976562 1016.23779296875 1019.77801513672 1007.06866455078 1004.99383544922 1007.22705078125 1004.05377197266 999.085815429688 1004.32073974609 997.541076660156 1001.05480957031 997.300354003906 994.618286132812 995.701416015625 997.446411132812 999.518737792969 1004.28332519531 1007.96215820312 1009.65130615234 1011.51519775391 1018.11334228516 1017.7958984375 1013.69293212891 1007.56298828125
995.94189453125 990.7861328125 985.744445800781 982.342529296875 977.692810058594 971.980407714844 979.738403320312 986.292541503906 989.587524414062 987.121276855469 986.790344238281 990.479370117188 1007.35699462891 1003.724609375 1005.57641601562 1001.33978271484 998.855346679688 1000.83819580078 1004.27886962891 1001.89117431641 1010.24139404297 1017.12005615234 1011.7685546875 1008.24749755859 1006.34564208984 1000.32897949219 1006.61517333984 997.990966796875 998.118530273438 998.773071289062 1004.40856933594 1002.18798828125 998.035766601562 995.413208007812 990.609680175781 990.613342285156 1002.99987792969 1002.7275390625 1007.31335449219 1002.09167480469 1004.35284423828 1006.87725830078 1004.77850341797 1014.13836669922 1017.38684082031 1010.76751708984
991.288940429688 993.53759765625 988.188110351562 985.415283203125 979.16943359375 971.350280761719 975.134216308594 986.387756347656 987.8818359375 988.347045898438 988.430236816406 989.6015625 999.4951171875 999.221923828125 1000.09429931641 995.443786621094 988.460632324219 992.445190429688 993.263732910156 1001.61444091797 1009.93267822266 1008.66119384766 1007.56219482422 1014.33209228516 1004.68536376953 993.5087890625 989.010437011719 997.405517578125 998.665771484375 1004.52722167969 1002.95764160156 1003.63159179688 995.233093261719 996.493774414062 1003.77221679688 1004.08001708984 1005.78131103516 1013.5537109375 1019.67718505859 1011.49102783203 1007.54052734375 999.651733398438 997.800598144531 1007.48388671875 1012.44207763672 1013.58673095703
988.706787109375 987.184631347656 982.05078125 975.356628417969 975.385192871094 969.09326171875 968.737487792969 985.937438964844 985.389221191406 987.330871582031 981.749755859375 981.613342285156 989.271728515625 989.5068359375 992.888916015625 985.492309570312 994.1240234375 996.769714355469 998.750610351562 1001.03582763672 1006.94506835938 1000.31707763672 1002.00634765625 1007.38098144531 1003.82196044922 998.2685546875 997.378234863281 992.68017578125 985.560913085938 992.053527832031 997.405883789062 995.106689453125 1000.013671875 999.442749023438 998.828552246094 1004.19158935547 1003.09143066406 1008.62579345703 1014.16180419922 1006.56610107422 1010.17108154297 1008.55938720703 1007.61059570312 1005.13153076172 1018.47296142578 1009.93200683594
992.463134765625 984.391296386719 982.171508789062 980.410766601562 976.658874511719 981.25 972.679077148438 977.828063964844 977.045593261719 977.418395996094 969.255554199219 969.360473632812 978.745056152344 970.758178710938 972.273986816406 990.532470703125 995.321350097656 1001.16003417969 991.371520996094 995.168151855469 994.8095703125 1001.16735839844 1001.87457275391 994.344055175781 993.008666992188 992.795043945312 993.30419921875 994.703796386719 992.002502441406 988.189453125 987.539367675781 989.198974609375 989.01123046875 996.202514648438 1000.94622802734 1004.13787841797 1011.30200195312 1001.96997070312 1003.18359375 1002.94421386719 1017.12054443359 1007.39685058594 1015.13903808594 1010.94567871094 1011.27423095703 1027.65844726562
982.670104980469 986.372131347656 983.920654296875 971.39404296875 976.879211425781 977.266540527344 980.997192382812 975.129760742188 971.674194335938 965.104431152344 967.253112792969 964.554626464844 961.669311523438 962.011840820312 974.143859863281 986.824279785156 991.401977539062 991.162475585938 998.625 997.698425292969 996.348449707031 999.04736328125 997.3115234375 994.201110839844 991.530578613281 991.383117675781 999.205810546875 991.847351074219 1002.02355957031 990.978454589844 989.385192871094 986.371154785156 991.599060058594 1004.41564941406 991.487243652344 993.633422851562 997.23046875 1004.72924804688 1013.23547363281 1007.19104003906 1012.69500732422 1006.14343261719 1013.494140625 1010.90594482422 1010.28845214844 1011.98077392578
986.674011230469 985.963134765625 979.943237304688 983.338806152344 987.207275390625 983.313781738281 978.723266601562 969.006652832031 973.967834472656 965.048217773438 964.208923339844 961.619689941406 958.955627441406 966.073486328125 966.475646972656 972.951171875 985.69384765625 988.957580566406 987.903991699219 993.491638183594 996.183776855469 993.670776367188 987.672973632812 994.411254882812 986.571899414062 991.141174316406 986.503112792969 991.216613769531 994.672058105469 993.495971679688 986.358764648438 993.035400390625 991.765869140625 998.098754882812 1000.66198730469 1003.04779052734 998.723999023438 1002.32373046875 1005.22546386719 1009.23870849609 1014.66870117188 1010.31634521484 1012.16339111328 1010.60290527344 1013.14477539062 1015.99334716797
986.513305664062 980.214233398438 983.911804199219 980.119445800781 983.332397460938 979.308410644531 972.624572753906 965.779541015625 963.735412597656 965.064819335938 972.04443359375 969.712951660156 966.375915527344 963.613159179688 969.728332519531 977.089294433594 982.071533203125 978.259338378906 986.144287109375 990.78515625 988.002136230469 989.731872558594 990.692810058594 994.989318847656 982.480834960938 986.013244628906 982.106994628906 989.226867675781 1001.78363037109 1002.9287109375 1001.94232177734 993.650390625 1005.92669677734 1003.24755859375 996.46923828125 1006.79913330078 997.147644042969 998.249877929688 1006.72723388672 1010.24554443359 1016.73944091797 1014.22698974609 1011.35607910156 1014.35424804688 1011.09405517578 1013.76672363281
976.755493164062 972.309631347656 980.783813476562 975.202270507812 977.749389648438 975.412170410156 967.796264648438 971.226013183594 964.656127929688 977.134643554688 980.293151855469 972.072631835938 965.25244140625 966.438415527344 966.619995117188 974.444396972656 974.364379882812 977.320922851562 981.777893066406 983.968505859375 991.285705566406 982.774536132812 981.353881835938 980.126647949219 979.784973144531 982.341796875 986.316650390625 992.552368164062 1006.14953613281 1008.31878662109 1007.01379394531 995.855651855469 995.613891601562 991.946472167969 992.430358886719 995.891357421875 997.396789550781 1001.26062011719 1018.56573486328 1014.8359375 1012.54364013672 1018.99829101562 1018.09008789062 1021.67724609375 1019.25402832031 1007.98950195312
972.296508789062 971.279174804688 970.128234863281 973.911865234375 978.700927734375 972.003601074219 965.134338378906 969.564025878906 971.861755371094 986.859680175781 981.833251953125 968.93017578125 966.89111328125 972.209045410156 970.856872558594 964.349853515625 970.462951660156 982.059509277344 976.774230957031 983.526733398438 985.066711425781 982.412902832031 982.123107910156 976.781372070312 976.205688476562 982.464477539062 989.232299804688 993.146667480469 990.499938964844 1002.21057128906 1000.78179931641 994.657836914062 985.897216796875 989.820068359375 991.561340332031 998.449401855469 998.936401367188 1010.19989013672 1019.76190185547 1016.76544189453 1013.85577392578 1011.04595947266 1015.56005859375 1020.24206542969 1018.83184814453 1006.64404296875
963.599487304688 961.752075195312 967.595031738281 967.069519042969 976.030578613281 979.264465332031 969.179138183594 967.750854492188 965.784545898438 979.509216308594 978.571655273438 976.608825683594 968.5439453125 958.101928710938 966.498596191406 963.815124511719 964.320129394531 976.275207519531 966.84375 974.832763671875 979.867980957031 981.272705078125 978.180114746094 973.017883300781 974.90234375 983.170227050781 989.952819824219 992.453430175781 986.128845214844 994.678039550781 997.036254882812 990.510986328125 984.917785644531 978.433471679688 982.75341796875 988.680480957031 992.383972167969 1013.70263671875 1015.72448730469 1023.40753173828 1015.25268554688 1006.42376708984 1009.53454589844 1016.16320800781 1012.70806884766 1005.28784179688
972.124389648438 970.680236816406 970.358276367188 968.035583496094 975.658752441406 967.931335449219 973.48095703125 970.223815917969 970.913635253906 976.327758789062 970.557067871094 968.9443359375 968.183044433594 966.376892089844 963.045227050781 963.843627929688 961.369445800781 978.653747558594 972.023010253906 974.491088867188 973.839904785156 970.616760253906 966.730041503906 970.139343261719 968.214050292969 970.5009765625 980.159057617188 994.887023925781 978.350036621094 988.226989746094 983.372436523438 981.555297851562 979.630187988281 981.25341796875 982.72265625 992.768798828125 994.200927734375 1005.90869140625 1006.98089599609 1008.87719726562 1008.09875488281 997.714660644531 1013.13018798828 1012.21112060547 1006.44525146484 1002.04724121094
971.354919433594 968.035400390625 969.811828613281 969.523803710938 963.493591308594 960.068542480469 964.945251464844 971.134216308594 974.031616210938 966.336853027344 970.608276367188 971.8486328125 958.734313964844 966.2568359375 965.719482421875 969.269409179688 969.584228515625 972.250671386719 975.111267089844 973.9501953125 970.8505859375 962.719787597656 967.414611816406 967.994689941406 965.039123535156 963.379577636719 974.77001953125 975.280090332031 981.033325195312 981.219848632812 978.026062011719 976.265930175781 978.019470214844 981.160217285156 987.927978515625 982.051818847656 990.106384277344 1004.32470703125 1003.33868408203 1004.85675048828 1008.91613769531 1002.79644775391 993.868103027344 997.116333007812 999.159851074219 1002.04620361328
