data/zlatibor_dem_simulations/DEMsim2.asc
NCOLS 150
NROWS 100
XLLCORNER 7394249
YLLCORNER 4841999
CELLSIZE 30
NODATA_VALUE -9999
[rows 80 to 99 of 100, columns 92 to 137 of 150]
992.347045898438 995.915283203125 995.278991699219 995.747985839844 994.248046875 993.959045410156 1003.15985107422 1000.00750732422 1006.56573486328 1012.82556152344 1011.46661376953 997.517883300781 1003.33709716797 1008.19805908203 1015.78942871094 1022.17364501953 1022.67858886719 1024.20324707031 1024.70129394531 1020.29418945312 1033.80029296875 1036.04431152344 1044.505859375 1035.62487792969 1029.08056640625 1018.01538085938 1010.44635009766 1006.63903808594 1008.75103759766 1011.5166015625 1003.27124023438 1000.77642822266 999.0029296875 1000.92352294922 1006.88787841797 1007.08349609375 1005.73162841797 1003.99267578125 993.664184570312 990.904602050781 992.87353515625 994.00146484375 994.54638671875 990.084838867188 996.319152832031 995.673522949219
996.663330078125 996.176879882812 998.534851074219 997.709106445312 992.990051269531 992.669799804688 997.064086914062 995.685302734375 1007.82568359375 1011.28735351562 1010.26635742188 1004.0595703125 1008.56677246094 1014.64074707031 1014.81433105469 1028.51501464844 1027.82141113281 1035.37084960938 1025.6337890625 1033.18884277344 1043.38354492188 1047.9990234375 1058.06591796875 1048.060546875 1027.76232910156 1011.89965820312 1004.51226806641 999.3994140625 1000.11242675781 994.647338867188 1007.89752197266 1008.15368652344 997.886901855469 992.284301757812 996.53955078125 1000.45092773438 1000.56225585938 1008.09753417969 988.826965332031 992.4677734375 1001.09948730469 991.916931152344 993.74560546875 985.966369628906 987.845520019531 999.343872070312
997.37744140625 996.714172363281 995.462707519531 999.514404296875 998.445739746094 993.804626464844 993.426513671875 1001.32946777344 997.954467773438 1007.67687988281 1018.57604980469 1013.94500732422 1011.47918701172 1011.99920654297 1018.24230957031 1021.28405761719 1034.59216308594 1043.76318359375 1037.083984375 1040.88952636719 1048.927734375 1059.10876464844 1064.33166503906 1054.16955566406 1037.62658691406 1012.07531738281 1014.21539306641 1014.30834960938 1003.77130126953 998.858093261719 1003.02416992188 1001.58026123047 1001.17834472656 996.953063964844 994.799926757812 994.413208007812 998.537414550781 991.66357421875 990.522399902344 981.546264648438 985.266662597656 987.14404296875 985.896606445312 977.937744140625 983.619018554688 987.675720214844
999.256103515625 1002.47143554688 1001.49237060547 1008.74389648438 1004.20867919922 1001.6796875 997.977294921875 1003.81536865234 1001.26391601562 1009.57708740234 1020.8046875 1016.83599853516 1017.30999755859 1013.95678710938 1018.33093261719 1031.673828125 1037.43273925781 1039.74694824219 1037.18579101562 1045.52038574219 1046.09936523438 1064.81530761719 1061.22180175781 1054.47631835938 1048.52026367188 1027.06201171875 1024.31665039062 1012.15338134766 1016.19030761719 1006.04449462891 1002.32373046875 1001.68090820312 999.553833007812 989.955017089844 995.511291503906 994.248229980469 983.532348632812 984.720275878906 985.300476074219 970.285522460938 985.050903320312 988.240356445312 980.343872070312 970.883056640625 977.271179199219 982.544860839844
1001.84216308594 1007.15692138672 1016.6669921875 1008.70935058594 1001.64483642578 1017.83270263672 1005.41943359375 1003.63781738281 1004.96221923828 1005.18316650391 1012.71624755859 1007.51403808594 1006.06634521484 1022.36431884766 1029.88781738281 1035.8857421875 1036.58227539062 1043.1005859375 1047.08837890625 1056.95520019531 1048.87573242188 1061.7353515625 1062.52819824219 1050.47766113281 1047.47009277344 1035.94372558594 1025.60144042969 1018.22979736328 1019.29174804688 1010.75323486328 1006.13311767578 1004.87341308594 998.64404296875 986.920715332031 986.292907714844 987.998107910156 981.563537597656 974.754943847656 978.89208984375 979.240478515625 988.539428710938 980.950866699219 990.017272949219 977.294494628906 972.752014160156 978.526977539062
1000.99523925781 1006.20166015625 1009.41534423828 1004.13824462891 1006.68646240234 1017.93548583984 1011.47332763672 1009.47967529297 1002.22192382812 1005.48937988281 1008.318359375 1018.61053466797 1017.94927978516 1022.00158691406 1033.408203125 1031.85107421875 1042.93957519531 1047.21520996094 1055.34936523438 1053.77868652344 1056.25476074219 1060.21228027344 1064.85205078125 1063.56323242188 1061.19995117188 1049.99108886719 1035.51354980469 1030.74584960938 1017.03497314453 1014.43774414062 1007.95123291016 1010.89215087891 1007.73577880859 1007.96740722656 996.620971679688 989.285461425781 984.233581542969 974.440002441406 981.140502929688 980.861694335938 980.197814941406 981.090393066406 984.269653320312 977.107604980469 975.051696777344 975.493103027344
1001.40771484375 1000.10308837891 1004.98309326172 996.623718261719 1002.54370117188 1005.21624755859 1012.82983398438 1019.12060546875 1009.95397949219 1007.53015136719 1014.29949951172 1020.75231933594 1019.87872314453 1020.84350585938 1037.73181152344 1029.69299316406 1036.3623046875 1047.03881835938 1057.5029296875 1065.10388183594 1060.716796875 1060.15661621094 1068.21179199219 1062.79736328125 1064.14221191406 1059.37390136719 1040.55859375 1034.06726074219 1024.87353515625 1019.08410644531 1016.32861328125 1017.72821044922 1010.90344238281 1007.23980712891 1003.47406005859 996.510681152344 985.955993652344 978.839294433594 977.46142578125 984.462829589844 980.153015136719 974.968811035156 983.526489257812 977.690063476562 967.486633300781 971.779113769531
997.112548828125 995.645812988281 992.850402832031 989.622375488281 1000.16058349609 1003.66278076172 1008.76733398438 1016.63861083984 1020.83190917969 1017.49090576172 1014.78582763672 1019.25939941406 1028.38366699219 1031.00024414062 1026.50402832031 1035.5166015625 1042.98181152344 1047.93701171875 1053.98132324219 1064.30395507812 1060.009765625 1064.12121582031 1059.06030273438 1057.56494140625 1062.81311035156 1055.19641113281 1045.2998046875 1046.10302734375 1034.81896972656 1023.61364746094 1017.66302490234 1021.71203613281 1014.27563476562 1011.93255615234 997.13134765625 995.886596679688 997.024169921875 982.983093261719 982.281433105469 972.768676757812 982.728637695312 986.639770507812 982.6318359375 987.7080078125 979.358032226562 978.056884765625
1000.16339111328 994.578369140625 1000.17602539062 996.982849121094 1001.58099365234 1006.29321289062 1017.69439697266 1020.27642822266 1030.90747070312 1028.57678222656 1032.79223632812 1030.21569824219 1026.99279785156 1029.58129882812 1030.92358398438 1032.42993164062 1044.08361816406 1051.75866699219 1057.419921875 1057.86218261719 1059.98266601562 1055.40844726562 1062.75817871094 1057.30981445312 1065.38879394531 1062.11633300781 1054.19213867188 1049.27014160156 1039.21948242188 1028.82397460938 1032.509765625 1027.82678222656 1017.34869384766 1006.98992919922 1005.10717773438 998.280944824219 1002.84088134766 984.814819335938 982.853210449219 980.037353515625 977.863647460938 982.188049316406 985.095703125 984.989013671875 982.477661132812 979.4482421875
1006.76208496094 1005.50598144531 1002.88989257812 1002.68438720703 1012.01440429688 1014.65295410156 1016.40167236328 1018.83715820312 1024.94262695312 1030.82263183594 1029.01171875 1023.37213134766 1026.58081054688 1023.40759277344 1032.77209472656 1036.17517089844 1041.84448242188 1050.64086914062 1053.54577636719 1055.75122070312 1055.05651855469 1056.85363769531 1064.451171875 1060.53918457031 1061.19030761719 1060.46936035156 1059.04028320312 1052.99072265625 1043.66442871094 1041.19177246094 1042.56640625 1031.60546875 1022.33227539062 1011.82366943359 997.691772460938 1001.26525878906 993.638916015625 989.537963867188 981.194458007812 988.040771484375 982.359802246094 984.701538085938 981.577453613281 977.40478515625 974.912292480469 980.931396484375
1010.50726318359 1010.89483642578 1014.81811523438 1009.12268066406 1013.24279785156 1007.28839111328 1012.25891113281 1015.71960449219 1013.31719970703 1021.41387939453 1023.20404052734 1026.72473144531 1024.68371582031 1032.31994628906 1043.04150390625 1038.95532226562 1039.70397949219 1048.76782226562 1050.16381835938 1049.41809082031 1057.64086914062 1050.80871582031 1052.82739257812 1051.15881347656 1066.72644042969 1055.86364746094 1046.77575683594 1048.23779296875 1047.08129882812 1038.44201660156 1031.1171875 1027.35046386719 1020.81262207031 1013.74700927734 1001.78436279297 1007.83001708984 1005.05139160156 993.652282714844 982.946166992188 985.471862792969 991.442260742188 982.718627929688 981.278381347656 975.013488769531 977.657043457031 972.545959472656
1016.25872802734 1018.44897460938 1024.61193847656 1020.60833740234 1015.1630859375 1010.00305175781 1022.22497558594 1010.32958984375 1009.10437011719 1024.85424804688 1027.91259765625 1030.80358886719 1030.47570800781 1035.36572265625 1045.77905273438 1037.6328125 1043.22924804688 1047.9228515625 1042.36218261719 1046.00305175781 1048.85168457031 1042.97094726562 1054.75329589844 1061.177734375 1061.40417480469 1052.01293945312 1041.56652832031 1043.10144042969 1040.00622558594 1039.013671875 1037.71789550781 1027.64074707031 1014.33020019531 1013.30084228516 1004.01605224609 997.0810546875 999.721862792969 995.56494140625 989.248474121094 987.014282226562 990.68408203125 977.803649902344 979.753662109375 977.136657714844 969.022399902344 971.558776855469
1014.09020996094 1020.67260742188 1013.66833496094 1009.54376220703 1013.20031738281 1016.02612304688 1016.28204345703 1016.11932373047 1016.14898681641 1018.06036376953 1031.95373535156 1035.05615234375 1036.76171875 1036.21020507812 1041.57849121094 1033.52673339844 1041.78869628906 1046.15759277344 1029.94653320312 1032.30859375 1037.57312011719 1037.63647460938 1043.33093261719 1043.53820800781 1050.75939941406 1055.666015625 1043.63928222656 1052.24780273438 1041.53234863281 1040.10046386719 1039.576171875 1039.75231933594 1024.20739746094 1022.24133300781 1010.33227539062 1001.50122070312 1002.66705322266 993.787109375 989.719360351562 988.300659179688 983.696899414062 980.690673828125 972.963928222656 974.931335449219 966.917358398438 964.152770996094
1017.12231445312 1015.40924072266 1030.27160644531 1014.18542480469 1016.99377441406 1024.72045898438 1023.09271240234 1020.09014892578 1022.05499267578 1025.61267089844 1024.74304199219 1039.08459472656 1030.66943359375 1031.55822753906 1032.2216796875 1029.96557617188 1038.96459960938 1033.45471191406 1030.01672363281 1026.18103027344 1048.76940917969 1040.0029296875 1036.82763671875 1045.9765625 1051.57885742188 1050.39208984375 1050.22595214844 1053.14111328125 1038.18481445312 1042.10119628906 1040.08068847656 1033.57067871094 1030.36254882812 1020.46557617188 1011.79504394531 1007.29113769531 997.499206542969 992.206298828125 990.127563476562 971.624938964844 976.182189941406 978.306823730469 969.446899414062 967.867431640625 961.446960449219 962.3642578125
1021.33319091797 1020.82611083984 1028.65759277344 1021.9755859375 1023.36529541016 1025.76257324219 1025.951171875 1022.19390869141 1027.69299316406 1030.72033691406 1031.59899902344 1035.30212402344 1027.28503417969 1019.62591552734 1023.65887451172 1019.9306640625 1027.61840820312 1034.61889648438 1020.76428222656 1029.33544921875 1039.201171875 1040.919921875 1044.91296386719 1045.80090332031 1048.3935546875 1055.95043945312 1049.31774902344 1049.02563476562 1043.23669433594 1036.95703125 1036.54187011719 1033.67077636719 1032.02844238281 1011.90228271484 1010.64251708984 998.726867675781 992.989135742188 992.279357910156 983.883911132812 969.952941894531 967.641723632812 973.591979980469 969.843566894531 970.295104980469 953.872131347656 957.385681152344
1018.21685791016 1025.51086425781 1026.97277832031 1029.17797851562 1020.20288085938 1033.34582519531 1027.265625 1038.09924316406 1032.99182128906 1032.72741699219 1026.23046875 1021.41839599609 1026.48791503906 1011.44921875 1023.32696533203 1022.626953125 1030.38671875 1026.98132324219 1025.75549316406 1026.87426757812 1030.69506835938 1033.86987304688 1037.80603027344 1039.91906738281 1042.60961914062 1053.60510253906 1045.30200195312 1038.66259765625 1031.47082519531 1038.65881347656 1027.70422363281 1028.39306640625 1024.88842773438 1017.19189453125 1007.07244873047 998.288757324219 987.176086425781 980.284362792969 978.968811035156 971.440551757812 969.995971679688 972.387939453125 969.41357421875 968.365966796875 965.462585449219 961.725891113281
1011.48645019531 1015.04138183594 1026.45935058594 1029.62658691406 1026.09045410156 1041.08972167969 1037.11804199219 1040.97839355469 1042.24108886719 1030.34741210938 1023.89056396484 1017.91204833984 1016.39984130859 1020.35876464844 1030.43225097656 1025.63842773438 1029.42883300781 1025.73706054688 1025.46142578125 1031.37976074219 1034.67419433594 1036.43444824219 1037.03491210938 1034.4765625 1036.72277832031 1042.18347167969 1038.36669921875 1033.21643066406 1027.09765625 1026.14001464844 1028.87329101562 1022.80456542969 1017.65087890625 1008.95574951172 1007.73028564453 1003.62158203125 990.163208007812 982.892456054688 978.138671875 970.703857421875 974.12890625 980.437438964844 971.869445800781 964.680236816406 958.9140625 960.216003417969
1013.50390625 1017.91204833984 1028.05065917969 1026.63244628906 1030.94775390625 1041.79333496094 1038.9521484375 1041.2724609375 1040.04614257812 1027.43212890625 1021.91119384766 1015.8134765625 1024.86242675781 1019.30700683594 1028.27270507812 1025.90515136719 1032.98327636719 1022.39166259766 1028.10461425781 1031.52807617188 1027.1708984375 1023.96588134766 1026.2294921875 1033.74353027344 1032.28198242188 1031.5859375 1032.03137207031 1030.80871582031 1016.81195068359 1023.35247802734 1020.70257568359 1011.46234130859 1005.89630126953 1003.12518310547 1001.27069091797 988.715942382812 984.379699707031 991.235229492188 977.375610351562 977.633422851562 974.529846191406 981.994018554688 972.822021484375 956.510009765625 956.844787597656 964.84423828125
1009.67388916016 1019.24645996094 1023.12487792969 1027.68383789062 1034.46752929688 1045.99621582031 1044.88293457031 1042.02172851562 1040.40283203125 1030.57189941406 1027.43395996094 1019.98376464844 1028.43444824219 1032.30249023438 1027.23168945312 1024.38977050781 1035.4599609375 1027.34521484375 1021.22802734375 1027.62145996094 1025.81323242188 1022.54528808594 1024.14208984375 1027.42224121094 1028.22448730469 1032.66882324219 1026.07446289062 1022.83264160156 1024.63000488281 1018.94097900391 1019.79406738281 1015.58447265625 1016.552734375 1011.36181640625 998.898254394531 997.497253417969 994.231872558594 985.789855957031 980.274230957031 973.882507324219 979.581604003906 980.039306640625 977.1416015625 961.452026367188 961.894104003906 966.516296386719
1019.42181396484 1015.88873291016 1022.02575683594 1028.40649414062 1031.09155273438 1035.31274414062 1035.78540039062 1036.46118164062 1033.47351074219 1028.23559570312 1028.91796875 1025.3505859375 1029.93139648438 1037.53051757812 1025.736328125 1027.37536621094 1023.92907714844 1023.18377685547 1016.88494873047 1018.42462158203 1022.23895263672 1017.84613037109 1018.22875976562 1030.47729492188 1025.03234863281 1026.14672851562 1021.76629638672 1011.87750244141 1015.06103515625 1022.796875 1016.03771972656 1016.93988037109 1011.85089111328 1016.08728027344 1003.52667236328 987.552429199219 982.391296386719 981.709655761719 977.3896484375 973.093383789062 978.168395996094 970.16552734375 974.622314453125 965.814575195312 957.041748046875 963.520874023438
