data/zlatibor_dem_simulations/DEMsim68 (1).asc
NCOLS 150
NROWS 100
XLLCORNER 7394249
YLLCORNER 4841999
CELLSIZE 30
NODATA_VALUE -9999
[rows 80 to 99 of 100, columns 46 to 91 of 150]
1008.32165527344 1015.59790039062 1025.11853027344 1028.1728515625 1020.55340576172 1010.80981445312 999.225219726562 996.678649902344 1000.85601806641 986.745483398438 978.649780273438 970.639892578125 977.0126953125 977.967712402344 981.838623046875 977.481567382812 979.137634277344 977.918090820312 969.981750488281 961.825561523438 964.125244140625 966.770935058594 975.493041992188 977.39111328125 976.136779785156 986.901550292969 990.069458007812 988.280822753906 998.834045410156 1004.13146972656 1012.07769775391 1015.78344726562 1016.41229248047 1008.42095947266 1009.23907470703 1014.96722412109 1015.47924804688 1001.57183837891 1001.55596923828 1006.21881103516 1008.52691650391 995.628662109375 990.468017578125 995.433166503906 997.867248535156 994.392150878906
995.057678222656 1002.24871826172 1011.91363525391 1022.33819580078 1019.76824951172 1013.86260986328 1007.09631347656 1002.24401855469 1003.52124023438 995.185119628906 985.786193847656 982.426086425781 982.386596679688 978.472717285156 977.368347167969 979.880432128906 982.400146484375 983.9755859375 976.919189453125 977.341674804688 976.597778320312 964.414428710938 974.6416015625 974.447082519531 974.005310058594 986.834045410156 988.7607421875 985.948364257812 991.598266601562 998.785217285156 1008.76611328125 1017.51770019531 1015.95562744141 1016.29827880859 1007.26019287109 1016.28991699219 1001.42016601562 999.913330078125 1000.20697021484 1000.23791503906 1000.84899902344 991.474365234375 1000.13793945312 995.907348632812 997.700073242188 994.707946777344
989.131774902344 992.71142578125 1002.68218994141 1007.76843261719 1007.52844238281 1013.47705078125 1003.43823242188 1008.22119140625 1001.64147949219 994.854797363281 997.176147460938 992.147827148438 992.09423828125 990.280822753906 980.643371582031 985.601928710938 986.8330078125 978.877502441406 972.573181152344 978.310180664062 983.524841308594 981.593872070312 987.648132324219 983.228210449219 970.118957519531 986.83984375 988.045532226562 979.339660644531 978.844055175781 990.451599121094 1001.31640625 1010.31201171875 1008.75024414062 1010.06060791016 1000.15679931641 1003.21728515625 995.554809570312 994.867248535156 995.99951171875 998.818054199219 995.532592773438 999.805908203125 1004.80310058594 1007.32720947266 999.416442871094 994.942749023438
985.244140625 986.678649902344 995.620727539062 1002.78491210938 1009.01177978516 1005.13397216797 996.585144042969 997.306762695312 1009.93511962891 997.115051269531 991.718444824219 990.806274414062 992.621459960938 986.657104492188 986.251098632812 986.175598144531 987.4755859375 980.743896484375 987.697326660156 986.889709472656 982.012573242188 982.488891601562 984.630004882812 988.366882324219 978.424743652344 985.642700195312 987.941528320312 982.560363769531 981.033874511719 990.139038085938 994.667602539062 995.111328125 996.2333984375 1003.67181396484 994.399658203125 1003.22467041016 1004.88720703125 993.439453125 999.881103515625 1000.38739013672 1000.50018310547 996.618041992188 1001.09521484375 1005.74035644531 1007.83618164062 999.567504882812
985.095642089844 983.851379394531 985.114379882812 992.20849609375 993.228088378906 1001.29064941406 996.6162109375 991.990478515625 1003.71520996094 993.635375976562 995.580993652344 995.756042480469 999.248413085938 984.858703613281 989.666320800781 982.128356933594 989.054565429688 991.701538085938 994.288635253906 987.480041503906 984.095458984375 988.276489257812 988.014892578125 986.640869140625 990.007507324219 977.347351074219 977.848571777344 976.548217773438 984.53955078125 992.835693359375 988.114624023438 995.131896972656 996.775207519531 990.025085449219 990.633483886719 996.524169921875 999.686950683594 993.091064453125 997.63720703125 1004.72705078125 1007.17767333984 999.215942382812 1000.14654541016 1012.52014160156 1006.07202148438 990.190185546875
988.139465332031 985.691345214844 989.183898925781 997.580627441406 1001.48736572266 993.471984863281 996.333374023438 997.252136230469 992.825988769531 1001.4248046875 1000.35363769531 1003.38226318359 992.905090332031 994.359558105469 990.31640625 987.517578125 997.92822265625 993.513305664062 994.018920898438 992.276611328125 990.210388183594 991.522827148438 992.158813476562 989.132629394531 984.428527832031 986.637939453125 987.968505859375 983.603576660156 987.751647949219 989.8583984375 983.20654296875 994.902954101562 993.088928222656 988.0849609375 985.50732421875 996.248046875 989.845764160156 986.51416015625 990.134704589844 1002.07629394531 1013.68829345703 1003.07940673828 1000.09539794922 996.388000488281 1002.09411621094 998.712463378906
993.326782226562 984.508666992188 992.460693359375 995.329162597656 997.740234375 996.272827148438 994.732299804688 994.707824707031 994.614379882812 994.571472167969 988.492065429688 997.931030273438 988.305603027344 1000.99810791016 1003.53527832031 995.673889160156 997.349426269531 998.567077636719 996.411865234375 987.884948730469 995.213684082031 991.421936035156 987.53173828125 990.135314941406 994.433532714844 987.630126953125 983.308166503906 992.483581542969 994.420288085938 989.266174316406 987.2314453125 985.748962402344 991.895324707031 991.573974609375 985.492614746094 991.653991699219 982.838684082031 990.690124511719 995.435302734375 1006.17541503906 1005.61773681641 1007.0595703125 1006.44000244141 1003.39508056641 1003.56878662109 995.3076171875
985.020202636719 994.163208007812 986.844360351562 990.291076660156 986.994567871094 994.83984375 993.818237304688 991.426635742188 989.908874511719 989.8310546875 991.867431640625 990.879333496094 997.055297851562 1007.09143066406 999.486328125 999.571838378906 994.539611816406 998.258911132812 996.982727050781 986.547912597656 1001.05090332031 999.150451660156 991.617492675781 985.491027832031 990.49267578125 995.382934570312 989.193603515625 992.944091796875 999.136535644531 990.39404296875 989.181518554688 989.413696289062 986.579956054688 983.157409667969 987.968994140625 993.20703125 993.370056152344 997.565368652344 1001.84503173828 1005.79235839844 1005.23522949219 1007.85882568359 1006.51904296875 1000.64703369141 1006.84820556641 1000.85668945312
990.959838867188 977.960510253906 984.415344238281 993.607055664062 986.468933105469 996.114624023438 995.878540039062 998.462646484375 995.442321777344 1003.15002441406 1000.91418457031 998.99609375 990.925537109375 995.918151855469 1006.34539794922 999.521606445312 995.913696289062 1002.76245117188 997.866455078125 992.038818359375 995.510559082031 998.514892578125 994.986755371094 991.164001464844 987.193481445312 992.4375 991.279113769531 997.00244140625 1001.80822753906 996.681091308594 990.864807128906 989.937805175781 987.883544921875 984.586730957031 997.578247070312 998.505737304688 989.36181640625 998.6591796875 995.930908203125 1007.27282714844 1006.34197998047 1005.2353515625 1006.12152099609 1008.20849609375 1009.69689941406 1002.95666503906
986.779602050781 980.286376953125 977.198364257812 991.190795898438 990.243591308594 991.497985839844 993.674377441406 1000.06140136719 998.348999023438 1004.02606201172 1012.64440917969 1004.75939941406 1004.21221923828 1000.82489013672 1010.18011474609 1002.921875 997.012512207031 995.404846191406 989.395141601562 990.890869140625 992.415405273438 996.276672363281 989.540222167969 990.33056640625 993.117431640625 992.281005859375 999.804748535156 995.805419921875 1006.29925537109 996.165344238281 988.806762695312 986.502990722656 984.671447753906 989.657409667969 986.216369628906 995.701293945312 998.758361816406 1001.84002685547 1010.74072265625 1007.52465820312 1010.80462646484 1010.65423583984 1005.0625 1005.4130859375 1012.9619140625 1010.21826171875
984.92138671875 980.399597167969 984.810791015625 983.947143554688 993.300537109375 1001.42401123047 1001.32086181641 1004.88354492188 996.331665039062 1009.00103759766 1014.35321044922 1012.37573242188 1009.23138427734 1013.46838378906 1005.86517333984 1004.72888183594 997.012878417969 1001.76959228516 999.746765136719 1001.30633544922 999.228332519531 995.007263183594 989.853088378906 992.321411132812 992.713989257812 985.407043457031 991.576721191406 989.669006347656 1001.01385498047 997.141235351562 988.634887695312 991.4716796875 986.711853027344 998.838317871094 996.226745605469 1000.75219726562 998.169799804688 1001.54205322266 1009.75036621094 1005.58911132812 1004.57238769531 1008.96069335938 1007.64831542969 1004.98327636719 1007.53527832031 1012.19128417969
977.459777832031 981.074829101562 980.4384765625 986.851379394531 998.087158203125 1003.70758056641 995.676879882812 997.596557617188 1000.36950683594 1015.23297119141 1013.60870361328 1011.19409179688 1014.03637695312 1013.11883544922 1003.96984863281 1006.92919921875 997.957702636719 1007.62255859375 1014.79650878906 1016.40814208984 1003.67657470703 1000.85260009766 994.095092773438 992.21875 988.568542480469 984.373962402344 989.942993164062 994.348205566406 990.933166503906 999.021179199219 998.160461425781 988.684020996094 996.894897460938 996.892700195312 993.219177246094 993.029541015625 994.355590820312 992.652954101562 1012.59985351562 1002.18664550781 998.111938476562 1005.50726318359 1000.57769775391 1007.76354980469 1014.50408935547 1017.08752441406
976.490478515625 979.155700683594 976.431091308594 989.284362792969 999.287292480469 995.490783691406 1001.53198242188 1002.84527587891 1004.75701904297 1005.171875 1007.37487792969 1016.0712890625 1015.74438476562 1010.23083496094 1009.34185791016 1009.29376220703 996.885009765625 999.127136230469 1004.56640625 1016.34820556641 1013.74920654297 1005.81427001953 1000.12268066406 994.50830078125 994.961547851562 992.822570800781 998.536010742188 1002.21649169922 1000.57635498047 998.093811035156 998.672058105469 993.428161621094 994.367980957031 997.997131347656 996.872680664062 989.711364746094 994.306579589844 987.919982910156 1003.56805419922 994.90234375 997.163940429688 1007.41851806641 1005.75408935547 1008.31280517578 1017.36157226562 1015.33752441406
976.9921875 981.278259277344 988.068237304688 996.319274902344 994.319580078125 993.449523925781 995.0478515625 995.351318359375 999.91455078125 1006.34136962891 1001.81579589844 1009.2431640625 1013.65533447266 1022.02191162109 1012.97595214844 1019.52581787109 1011.09185791016 1009.80633544922 1017.14636230469 1009.00726318359 1014.60284423828 1010.74951171875 999.740905761719 1002.23004150391 1006.06384277344 994.217163085938 1005.02624511719 1010.34173583984 1007.06243896484 997.563110351562 996.231262207031 995.055603027344 992.579040527344 994.800048828125 994.99462890625 995.241333007812 996.401245117188 993.751281738281 1003.75006103516 993.452880859375 1001.88104248047 1008.78253173828 1008.72552490234 1006.84558105469 1012.74243164062 1016.93383789062
978.551086425781 982.993103027344 982.854614257812 992.993408203125 993.114562988281 998.969604492188 998.779235839844 1001.00640869141 1004.57305908203 1007.68365478516 998.191772460938 1009.23010253906 1013.7529296875 1016.17987060547 1018.99011230469 1013.59588623047 1013.79437255859 1011.19708251953 1020.60327148438 1010.48937988281 1007.65594482422 1004.79235839844 994.282409667969 999.024597167969 997.788818359375 1007.99951171875 1006.86907958984 1009.50274658203 1015.65258789062 1006.31036376953 1000.82543945312 994.054748535156 1001.89819335938 1000.08038330078 1001.52850341797 994.740356445312 995.038330078125 996.799682617188 999.132385253906 1004.21484375 1001.36364746094 1020.43115234375 1019.21105957031 1014.11096191406 1018.80682373047 1024.35400390625
975.155090332031 981.44091796875 989.207458496094 989.42626953125 991.380615234375 1000.06365966797 1002.42138671875 1004.13537597656 1009.28839111328 1014.31860351562 1012.35693359375 1006.75689697266 1013.56976318359 1015.67651367188 1014.87133789062 1016.5517578125 1014.53796386719 1018.36737060547 1013.67694091797 1006.82440185547 1014.90960693359 1017.59783935547 1005.53155517578 1011.82312011719 1003.56457519531 1002.46820068359 1006.43005371094 1015.44714355469 1021.15539550781 1006.4580078125 1007.78491210938 999.03759765625 998.026428222656 1006.81085205078 999.506774902344 999.388427734375 997.928588867188 1012.53656005859 1002.13421630859 996.004943847656 996.533996582031 1006.87591552734 1014.75311279297 1015.46545410156 1016.60052490234 1029.20935058594
980.247985839844 977.15087890625 976.841369628906 991.978942871094 995.801818847656 990.455749511719 1003.11096191406 1004.93054199219 1011.29119873047 1019.63342285156 1022.04449462891 1024.92944335938 1025.15734863281 1024.84899902344 1020.28070068359 1009.74505615234 1021.36883544922 1020.08215332031 1010.93310546875 1013.9375 1012.69818115234 1011.4091796875 1011.24530029297 1007.14129638672 1006.84252929688 1008.38946533203 1011.36077880859 1016.31506347656 1025.79858398438 1016.69464111328 1007.74645996094 1005.94537353516 999.5029296875 1002.51690673828 1004.45855712891 1008.22540283203 1003.16009521484 1011.92303466797 1002.08575439453 994.198181152344 994.304382324219 1006.02276611328 1009.23980712891 1018.11560058594 1022.25775146484 1023.55041503906
980.851196289062 976.708251953125 975.474182128906 988.420166015625 985.706665039062 983.880126953125 984.495056152344 1004.09899902344 1006.10955810547 1009.70184326172 1018.93743896484 1022.11645507812 1015.00213623047 1022.85522460938 1025.33813476562 1021.22375488281 1016.14880371094 1023.71203613281 1025.02587890625 1018.7890625 1014.47430419922 1015.35095214844 1017.72741699219 1008.02758789062 1012.93884277344 1017.40460205078 1010.64215087891 1010.96099853516 1012.30053710938 1018.69720458984 1017.69366455078 1005.90545654297 1009.37707519531 1004.88012695312 1005.53125 1010.43463134766 1008.52667236328 1004.24774169922 1001.37860107422 1001.86236572266 999.087280273438 1004.54016113281 1015.45483398438 1018.12805175781 1023.80163574219 1019.54296875
975.491149902344 974.255615234375 977.322692871094 979.951354980469 979.014770507812 981.908996582031 980.723571777344 998.826965332031 1004.05438232422 1003.74871826172 1017.33978271484 1020.37634277344 1022.34649658203 1018.71148681641 1019.83264160156 1022.06787109375 1022.17413330078 1013.74145507812 1018.36456298828 1021.52227783203 1013.90753173828 1018.52197265625 1017.19964599609 1006.80841064453 1008.21466064453 1009.15179443359 1009.13702392578 1013.50012207031 1015.32061767578 1018.63677978516 1023.66809082031 1019.51776123047 1013.4423828125 1010.50500488281 1002.20678710938 1006.78186035156 1011.30072021484 998.007202148438 1000.32849121094 1000.91015625 1003.86334228516 1007.31274414062 1013.71008300781 1017.08843994141 1013.76745605469 1017.45239257812
975.318420410156 975.347961425781 983.87939453125 986.089294433594 974.205871582031 978.6240234375 980.437805175781 994.6015625 999.446472167969 1003.30999755859 1015.76208496094 1015.12963867188 1017.64526367188 1022.34649658203 1023.27600097656 1020.58361816406 1025.37927246094 1015.12512207031 1022.08197021484 1015.84490966797 1018.21221923828 1019.41491699219 1016.80206298828 1012.10162353516 1013.39910888672 1009.56872558594 1014.49841308594 1010.49383544922 1015.05822753906 1020.96221923828 1028.626953125 1024.48583984375 1032.38366699219 1025.30554199219 1020.10760498047 1009.79406738281 1014.62133789062 1015.33825683594 1003.3037109375 1005.44439697266 1007.96069335938 1014.61798095703 1015.68328857422 1026.37353515625 1030.52795410156 1016.82733154297
