data/zlatibor_dem_simulations/DEMsim85.asc
NCOLS 150
NROWS 100
XLLCORNER 7394249
YLLCORNER 4841999
CELLSIZE 30
NODATA_VALUE -9999
[rows 40 to 59 of 100, columns 46 to 91 of 150]
971.493041992188 967.952392578125 972.259033203125 972.633972167969 979.724853515625 967.838439941406 965.980651855469 965.989379882812 965.914733886719 977.237915039062 981.648742675781 967.669860839844 972.176879882812 978.986755371094 974.477233886719 977.888671875 980.390991210938 988.932006835938 990.710144042969 986.487854003906 982.444702148438 978.263977050781 976.663024902344 965.712829589844 972.872497558594 980.911315917969 970.052001953125 979.287109375 975.654663085938 968.583129882812 980.96533203125 979.837036132812 987.681823730469 982.028015136719 990.273864746094 992.813598632812 993.276550292969 1004.33825683594 1007.65844726562 1006.46868896484 1002.65625 994.54150390625 990.124633789062 982.763122558594 983.673034667969 993.135864257812
966.26708984375 965.567932128906 970.780639648438 978.589477539062 973.35986328125 975.079711914062 972.326171875 967.078125 964.893615722656 967.655334472656 972.256530761719 978.024963378906 979.269897460938 973.236083984375 969.177734375 974.998779296875 980.510375976562 978.805297851562 986.383850097656 979.636535644531 982.180725097656 978.124572753906 981.86572265625 974.562194824219 966.708862304688 972.116516113281 963.624816894531 974.725158691406 966.690185546875 982.693786621094 976.901184082031 976.398376464844 984.506103515625 972.479248046875 982.424133300781 984.262939453125 988.610290527344 996.01513671875 993.529846191406 1003.81842041016 997.393737792969 991.718627929688 989.010925292969 991.851379394531 985.693664550781 987.0712890625
971.260986328125 982.328125 974.211791992188 979.755859375 971.310852050781 976.369934082031 967.915466308594 964.365600585938 958.279907226562 962.169677734375 971.9228515625 984.43115234375 981.229248046875 985.071411132812 979.22412109375 981.282043457031 991.292419433594 976.432495117188 981.537475585938 987.734497070312 985.156677246094 971.366516113281 973.309326171875 967.363708496094 965.593688964844 970.405151367188 968.519104003906 963.349304199219 966.866394042969 974.62548828125 971.313720703125 972.756103515625 978.750854492188 973.038879394531 977.283752441406 971.832458496094 985.868713378906 974.822937011719 979.815368652344 993.456909179688 988.529357910156 981.329528808594 988.098693847656 994.176208496094 982.784851074219 985.718200683594
975.603637695312 977.839111328125 967.187927246094 969.971496582031 977.001647949219 973.369873046875 972.141174316406 969.484619140625 973.988037109375 965.210510253906 969.147338867188 978.864807128906 986.942626953125 979.654907226562 980.508972167969 984.051513671875 991.512939453125 987.976318359375 979.078491210938 975.271728515625 984.794067382812 979.238525390625 970.106140136719 968.116516113281 965.317443847656 969.477294921875 973.051208496094 968.541870117188 962.906677246094 969.421752929688 969.214599609375 973.07470703125 972.060241699219 965.4404296875 974.332214355469 970.187255859375 978.973571777344 982.273803710938 977.029907226562 973.967041015625 981.776245117188 987.574951171875 983.021667480469 990.222473144531 985.557189941406 990.06396484375
969.718933105469 968.732543945312 959.155639648438 970.410400390625 971.011901855469 970.261901855469 967.314208984375 970.175109863281 974.035034179688 973.283508300781 980.155395507812 977.896179199219 975.714477539062 968.432495117188 979.495056152344 975.686950683594 979.028625488281 972.466247558594 971.340576171875 971.336853027344 981.227905273438 979.364318847656 977.312438964844 968.672912597656 962.71044921875 968.727478027344 970.175354003906 971.552551269531 965.22802734375 967.346069335938 975.71875 971.770935058594 976.614929199219 972.109680175781 974.391418457031 971.503967285156 976.9853515625 974.910278320312 983.293640136719 975.858276367188 974.283081054688 981.68115234375 980.050659179688 983.609008789062 984.852478027344 985.430358886719
968.132202148438 959.580017089844 965.143493652344 972.092651367188 964.953430175781 965.080932617188 975.889221191406 977.281372070312 970.745849609375 973.262939453125 967.24365234375 966.920593261719 965.627807617188 963.940246582031 968.210815429688 972.037841796875 970.667114257812 974.550415039062 974.377746582031 975.107849121094 979.015747070312 978.877014160156 973.233520507812 963.241882324219 961.289916992188 959.780578613281 954.198364257812 962.029174804688 961.006164550781 968.681701660156 976.153991699219 970.022399902344 975.001892089844 969.57177734375 975.4013671875 975.521789550781 978.43505859375 981.687805175781 981.778991699219 978.338562011719 974.908630371094 972.664611816406 978.870239257812 975.625061035156 988.987487792969 985.173095703125
954.064758300781 957.931518554688 962.8828125 966.606201171875 971.803283691406 966.447082519531 966.516174316406 968.135192871094 965.569946289062 971.337524414062 963.618408203125 965.733154296875 975.363403320312 961.569152832031 967.619201660156 970.605102539062 970.570678710938 974.772094726562 963.999572753906 970.956970214844 968.816528320312 966.6396484375 962.243530273438 970.113159179688 961.844421386719 952.867431640625 957.933410644531 966.581237792969 965.443969726562 974.509216308594 972.624694824219 961.31103515625 960.265625 964.814392089844 967.528015136719 978.168762207031 978.167175292969 977.606689453125 966.003051757812 978.379028320312 970.286682128906 974.765686035156 978.186828613281 977.212707519531 984.782592773438 979.212341308594
962.964965820312 958.769653320312 963.990234375 973.7646484375 973.221862792969 974.55615234375 965.254089355469 962.123474121094 959.378173828125 968.391723632812 965.208618164062 966.275329589844 978.927062988281 965.072875976562 962.958801269531 965.875732421875 971.537841796875 964.804992675781 966.103088378906 966.951354980469 961.8232421875 962.6435546875 957.223754882812 959.122192382812 957.945739746094 958.952941894531 966.501342773438 974.825561523438 970.651123046875 970.852478027344 974.840698242188 972.173950195312 963.205322265625 965.764892578125 967.259155273438 973.022277832031 976.185729980469 971.232543945312 965.713134765625 972.080871582031 976.373779296875 973.1240234375 973.970947265625 977.091369628906 982.215393066406 969.286010742188
964.456481933594 967.899230957031 973.578491210938 967.1904296875 975.124389648438 974.159729003906 972.5224609375 971.634582519531 955.777038574219 953.804382324219 968.799438476562 962.774536132812 964.973327636719 965.771118164062 967.269897460938 958.777221679688 968.349975585938 968.845153808594 964.208068847656 975.07080078125 968.629333496094 969.318969726562 962.323974609375 962.775390625 970.058471679688 971.6533203125 970.796081542969 970.489013671875 981.1591796875 977.052368164062 965.699035644531 969.466979980469 964.694458007812 965.98486328125 967.04150390625 965.634460449219 969.916870117188 974.889038085938 980.793029785156 974.434204101562 977.563415527344 970.803161621094 971.498596191406 972.657043457031 978.770446777344 981.306701660156
965.5810546875 970.246826171875 968.526184082031 967.3896484375 977.715698242188 971.741882324219 964.642456054688 969.409362792969 962.606750488281 962.263671875 975.173522949219 968.766723632812 967.448120117188 966.249450683594 969.135009765625 968.108520507812 965.819885253906 966.913024902344 969.156494140625 973.178894042969 974.1416015625 971.77392578125 964.949279785156 969.0732421875 964.483642578125 969.137451171875 973.268310546875 970.959838867188 986.55615234375 976.246459960938 974.488220214844 967.784240722656 959.397338867188 959.545104980469 964.037841796875 964.240600585938 964.321533203125 969.980346679688 972.032592773438 966.437072753906 968.157470703125 971.803894042969 976.138244628906 974.46142578125 975.047241210938 969.737426757812
960.470581054688 961.071105957031 959.314392089844 963.416625976562 974.442993164062 975.479309082031 973.380859375 960.700927734375 959.305541992188 954.341857910156 967.403198242188 972.391662597656 972.055969238281 968.692749023438 968.845092773438 958.419311523438 953.275573730469 960.360290527344 964.704284667969 970.463623046875 974.85107421875 973.651062011719 969.232849121094 964.499389648438 968.628967285156 965.4638671875 969.433959960938 976.776916503906 980.952819824219 967.0498046875 963.620300292969 968.973876953125 968.438781738281 965.884338378906 963.795715332031 967.550720214844 962.403442382812 968.18115234375 971.80224609375 970.946899414062 971.346862792969 970.773376464844 966.265258789062 970.528076171875 969.2138671875 972.855041503906
963.734252929688 963.985473632812 962.8779296875 967.704284667969 966.652954101562 980.524475097656 969.180358886719 964.930419921875 961.606140136719 964.548828125 961.145080566406 965.923645019531 965.5224609375 966.152160644531 964.338439941406 951.271667480469 958.1689453125 958.079223632812 960.569396972656 960.11181640625 968.779235839844 974.626098632812 968.907409667969 957.980407714844 960.479553222656 956.573486328125 965.833312988281 971.6279296875 967.784790039062 971.303283691406 964.525939941406 959.650573730469 967.095642089844 967.117858886719 958.422058105469 961.841979980469 960.098876953125 967.423034667969 973.317321777344 972.575012207031 962.512512207031 970.948486328125 970.960021972656 968.264892578125 967.359985351562 970.898681640625
969.197509765625 967.104248046875 974.205871582031 964.255676269531 966.122253417969 970.828979492188 967.302734375 968.44921875 961.425598144531 963.885986328125 961.734191894531 959.435913085938 962.481079101562 961.447509765625 955.175354003906 955.160949707031 960.344421386719 961.552185058594 945.206604003906 955.204223632812 958.367309570312 956.160217285156 963.732238769531 957.222045898438 967.657409667969 958.570983886719 966.772277832031 966.66650390625 963.060546875 967.098083496094 958.08740234375 957.171508789062 965.719360351562 965.825439453125 955.661315917969 948.178100585938 957.275756835938 962.432373046875 975.38671875 969.91455078125 967.174621582031 970.81005859375 973.46826171875 970.529113769531 967.7861328125 977.988342285156
964.827880859375 965.729675292969 958.778930664062 957.384948730469 959.314270019531 965.146301269531 962.027282714844 957.788452148438 963.739135742188 957.299865722656 956.110961914062 958.392822265625 969.835510253906 960.932250976562 949.487731933594 956.650024414062 950.034973144531 946.663757324219 952.222717285156 954.036010742188 953.881591796875 953.428344726562 952.950134277344 957.381469726562 951.900695800781 959.765808105469 968.886352539062 975.458923339844 968.908508300781 965.536560058594 962.618225097656 953.221557617188 955.783386230469 953.298828125 952.538391113281 944.769470214844 951.770629882812 965.185180664062 967.936767578125 965.394409179688 958.896545410156 962.261657714844 971.468994140625 969.606872558594 967.674682617188 974.350891113281
960.172729492188 968.468872070312 952.821472167969 949.029663085938 952.967041015625 958.759399414062 960.02880859375 958.135498046875 957.635314941406 963.688903808594 959.303833007812 952.186096191406 955.152893066406 954.527221679688 957.678283691406 950.159484863281 950.852844238281 955.420959472656 957.650634765625 950.671875 948.535705566406 948.296508789062 940.909362792969 954.221435546875 959.839904785156 953.484191894531 963.614929199219 967.25341796875 973.21484375 961.698913574219 962.394836425781 952.53466796875 954.124145507812 957.898620605469 955.04052734375 951.886474609375 959.181274414062 966.16796875 959.752746582031 962.688903808594 955.96240234375 952.216430664062 967.319152832031 966.81787109375 974.382080078125 971.833740234375
956.260681152344 958.6064453125 952.653381347656 953.959899902344 956.196838378906 951.070129394531 958.966491699219 958.285827636719 957.509094238281 962.025451660156 960.45849609375 959.106079101562 964.763061523438 955.622924804688 953.205444335938 953.349426269531 960.132507324219 973.049133300781 965.88037109375 954.995788574219 954.9453125 950.834777832031 949.675842285156 946.682800292969 955.764465332031 954.261596679688 955.604736328125 958.730712890625 970.07861328125 968.348510742188 964.375244140625 951.03173828125 951.263854980469 956.977905273438 953.809265136719 957.483215332031 954.153930664062 964.577026367188 956.252807617188 960.35107421875 964.720031738281 956.948059082031 966.701965332031 967.001281738281 976.138671875 969.195678710938
953.070983886719 956.77001953125 952.987609863281 957.697570800781 949.875366210938 951.916015625 957.731262207031 959.62646484375 958.951721191406 955.61181640625 959.28125 957.155883789062 957.311157226562 967.524047851562 955.134338378906 952.536376953125 961.893859863281 959.128723144531 960.155944824219 954.372131347656 957.310913085938 946.8134765625 947.850524902344 948.671264648438 956.788879394531 960.04736328125 955.206787109375 960.383422851562 969.847839355469 969.2900390625 965.153991699219 956.775817871094 957.181030273438 954.284301757812 955.633850097656 956.480285644531 964.962341308594 959.197082519531 956.935241699219 952.574462890625 962.326354980469 967.309448242188 959.019714355469 967.651611328125 972.1806640625 966.787841796875
959.177062988281 952.200622558594 955.648681640625 950.585388183594 949.434509277344 947.701721191406 948.836181640625 953.532775878906 949.8876953125 948.935424804688 954.35498046875 960.990844726562 958.956237792969 961.153869628906 964.748107910156 960.37744140625 956.434936523438 964.263366699219 960.779541015625 961.33740234375 960.540710449219 959.933776855469 963.533447265625 959.381408691406 963.064147949219 955.506164550781 962.962158203125 962.891845703125 962.47509765625 964.812194824219 963.872680664062 959.448425292969 963.079772949219 961.193786621094 966.564636230469 976.435363769531 959.451416015625 948.413146972656 953.891845703125 953.971130371094 965.810852050781 967.93408203125 961.72509765625 964.770629882812 964.391662597656 969.664306640625
960.199951171875 961.320495605469 954.011047363281 953.511413574219 950.573425292969 952.516235351562 947.48828125 946.513488769531 946.303161621094 949.313293457031 964.068664550781 966.261169433594 968.651245117188 961.022888183594 954.492065429688 965.288269042969 967.141662597656 963.540466308594 965.235229492188 964.077209472656 957.0556640625 958.5419921875 964.371398925781 955.884948730469 959.111877441406 962.2177734375 964.133850097656 965.641357421875 960.662780761719 970.374633789062 971.761108398438 958.041137695312 960.47509765625 962.004943847656 969.949951171875 967.097351074219 967.638305664062 957.719421386719 959.803100585938 965.088317871094 965.224304199219 967.953002929688 962.822875976562 973.199279785156 963.587951660156 965.022399902344
958.545227050781 960.464294433594 955.668823242188 954.298889160156 953.661499023438 960.460327148438 956.439636230469 950.860900878906 958.323364257812 951.892211914062 952.865539550781 964.454956054688 959.680419921875 956.545593261719 951.51904296875 964.670654296875 972.307739257812 961.490112304688 971.008728027344 974.10400390625 965.572082519531 967.047180175781 960.21240234375 964.188781738281 957.682678222656 962.913757324219 972.211120605469 970.648803710938 964.589660644531 966.145263671875 960.078369140625 953.697326660156 954.959289550781 962.612609863281 963.722045898438 968.241577148438 970.491394042969 967.948669433594 961.51318359375 964.640319824219 967.950012207031 974.312866210938 977.475952148438 973.007507324219 971.432006835938 969.937072753906
