data/zlatibor_dem_simulations/DEMsim91.asc
NCOLS 150
NROWS 100
XLLCORNER 7394249
YLLCORNER 4841999
CELLSIZE 30
NODATA_VALUE -9999
[rows 40 to 59 of 100, columns 46 to 91 of 150]
966.597900390625 969.613037109375 980.167724609375 976.938537597656 976.094909667969 973.392822265625 973.12890625 970.448120117188 968.850463867188 977.028625488281 966.562866210938 971.187316894531 976.358215332031 994.116577148438 994.280456542969 994.08837890625 992.574951171875 989.468872070312 982.387756347656 977.528015136719 975.846862792969 973.94189453125 968.959289550781 977.614440917969 973.921447753906 969.834899902344 971.504943847656 979.502014160156 977.410583496094 985.843383789062 975.114624023438 976.954772949219 981.865905761719 985.82373046875 979.633850097656 986.461242675781 991.159729003906 994.70703125 994.090454101562 999.054504394531 992.105712890625 991.044494628906 983.755004882812 992.029602050781 996.58740234375 993.246643066406
967.670349121094 964.88623046875 965.449768066406 975.607727050781 980.461242675781 971.863037109375 970.455200195312 963.077941894531 972.896240234375 971.964721679688 966.948303222656 978.17822265625 976.924011230469 992.491333007812 989.521728515625 995.196350097656 991.996398925781 992.082702636719 975.550415039062 970.360290527344 970.412475585938 969.165649414062 967.130798339844 973.5849609375 973.379821777344 964.700256347656 970.360168457031 970.577392578125 980.244445800781 973.886047363281 973.487854003906 977.65234375 979.10400390625 976.180480957031 983.118957519531 982.988891601562 982.475280761719 988.400634765625 990.482849121094 993.061340332031 992.343872070312 993.456665039062 993.290283203125 987.948486328125 991.398742675781 1000.07989501953
967.241455078125 957.90673828125 960.047607421875 965.963317871094 977.23291015625 970.444152832031 960.330078125 973.373046875 972.788818359375 966.678283691406 969.250366210938 969.294799804688 981.451904296875 984.683654785156 993.081604003906 1001.20135498047 991.566833496094 984.458618164062 974.432739257812 978.720336914062 978.386047363281 977.932312011719 980.379699707031 975.522766113281 971.043884277344 972.297485351562 966.668640136719 974.355529785156 967.323913574219 966.973693847656 965.473510742188 978.232727050781 980.822204589844 975.5654296875 980.968811035156 983.663635253906 984.447204589844 995.069091796875 990.835021972656 994.091552734375 985.4560546875 986.451843261719 987.916381835938 990.885803222656 988.665832519531 989.280944824219
961.073120117188 965.280395507812 960.691589355469 963.916137695312 971.533020019531 969.382629394531 963.93017578125 971.857849121094 967.855712890625 969.302429199219 960.386047363281 966.416564941406 979.449523925781 978.967041015625 979.298706054688 987.541625976562 982.380004882812 977.757507324219 975.599670410156 979.69921875 980.404174804688 981.213623046875 978.9619140625 978.697387695312 972.822326660156 971.021362304688 973.185852050781 970.164184570312 968.586120605469 968.049194335938 971.041076660156 972.401977539062 974.763977050781 969.283264160156 970.8369140625 973.966369628906 986.746704101562 981.331970214844 988.148071289062 990.989196777344 984.142883300781 985.096496582031 983.858520507812 983.183715820312 985.459045410156 992.203979492188
966.8076171875 970.094848632812 964.107421875 963.831298828125 970.915100097656 967.353271484375 959.253784179688 967.008361816406 969.625 970.649719238281 965.555358886719 966.417419433594 976.268920898438 971.636413574219 969.203369140625 984.473205566406 977.854675292969 973.711730957031 975.846862792969 974.734313964844 974.497314453125 977.286254882812 973.28564453125 974.117248535156 974.599365234375 967.142028808594 967.654174804688 968.226928710938 955.281433105469 966.158813476562 972.205810546875 971.110595703125 969.360473632812 971.311401367188 966.058471679688 971.909973144531 983.531921386719 976.752990722656 980.990783691406 974.581298828125 986.299194335938 976.185791015625 985.317932128906 985.188293457031 978.565246582031 988.5068359375
970.128845214844 975.901489257812 964.939331054688 968.7587890625 961.84375 970.4443359375 963.0576171875 954.429931640625 969.914672851562 971.854919433594 966.355590820312 966.95947265625 965.483825683594 963.061401367188 965.970458984375 979.18212890625 976.057006835938 965.967712402344 974.006225585938 974.589111328125 970.141052246094 963.704772949219 963.700500488281 964.01025390625 969.896057128906 963.272094726562 973.210388183594 961.869567871094 965.277709960938 965.959594726562 968.119812011719 969.434448242188 966.939575195312 974.746826171875 971.456726074219 968.674499511719 971.549377441406 964.458984375 973.408813476562 978.803405761719 979.212341308594 975.133728027344 983.641906738281 992.630310058594 972.059204101562 981.908142089844
969.726379394531 963.396301269531 968.715576171875 973.263977050781 978.255249023438 970.12841796875 952.97802734375 959.062927246094 969.71533203125 964.744934082031 971.362060546875 967.342468261719 966.39111328125 973.841918945312 971.625 976.043823242188 971.277587890625 968.243896484375 973.042419433594 967.319152832031 967.734558105469 965.534851074219 959.275573730469 968.224182128906 963.288513183594 965.374267578125 967.078674316406 965.75390625 962.612426757812 964.305358886719 972.436096191406 969.185852050781 970.541625976562 966.42919921875 971.795227050781 970.270751953125 972.18115234375 979.387756347656 978.949523925781 976.975158691406 977.483276367188 981.277893066406 979.866333007812 982.771240234375 976.119201660156 975.367126464844
968.671813964844 972.959289550781 972.467590332031 972.238647460938 975.244140625 965.161315917969 966.697021484375 966.158386230469 970.152282714844 974.623229980469 969.795837402344 975.602416992188 977.109558105469 969.560668945312 971.265197753906 970.473876953125 971.542175292969 971.343444824219 968.374633789062 971.501403808594 974.74609375 965.178833007812 965.511596679688 964.272277832031 967.662231445312 964.733215332031 968.693176269531 962.064086914062 960.342468261719 972.398376464844 973.197814941406 965.124084472656 964.904602050781 963.578735351562 966.781982421875 966.871337890625 971.060546875 968.273986816406 977.059204101562 975.463134765625 977.491516113281 977.530822753906 980.267395019531 980.681518554688 983.057373046875 971.830932617188
969.7177734375 977.495544433594 967.520568847656 961.660461425781 961.531311035156 966.794738769531 969.093017578125 971.946838378906 965.815124511719 967.283203125 963.066101074219 975.113220214844 976.397827148438 978.176635742188 971.980102539062 973.806579589844 966.863891601562 960.096374511719 965.068359375 967.786926269531 977.094421386719 968.340454101562 958.969970703125 958.569885253906 962.468811035156 962.22216796875 968.910278320312 961.460388183594 967.638977050781 967.555969238281 957.571166992188 962.089599609375 968.048950195312 972.014831542969 964.680908203125 967.552307128906 969.289855957031 964.065307617188 972.219116210938 968.0546875 966.194091796875 972.310241699219 981.348022460938 984.549377441406 977.520263671875 969.323364257812
971.933166503906 974.305419921875 966.644836425781 965.645385742188 959.751281738281 971.444519042969 970.616455078125 966.649230957031 966.263427734375 962.269653320312 961.832702636719 974.094848632812 977.524230957031 967.577941894531 971.947692871094 977.332946777344 969.329345703125 958.446228027344 960.578491210938 966.906005859375 966.971862792969 964.483276367188 957.630981445312 955.183349609375 954.605651855469 965.384460449219 972.796997070312 970.822875976562 974.703186035156 965.356811523438 966.645385742188 958.638366699219 970.340759277344 966.110961914062 973.604736328125 964.505981445312 969.490356445312 966.120910644531 970.692565917969 974.016662597656 967.97607421875 965.343566894531 981.352783203125 984.469421386719 976.488220214844 969.263916015625
973.801940917969 972.411437988281 967.057922363281 962.894897460938 969.282348632812 967.066101074219 966.138366699219 971.095031738281 972.119934082031 964.503845214844 967.353942871094 971.794982910156 967.730651855469 969.920349121094 974.798461914062 973.6845703125 963.188842773438 963.258972167969 955.834533691406 964.393432617188 968.665954589844 961.235900878906 963.722473144531 955.733337402344 961.684692382812 963.607543945312 976.112060546875 967.562927246094 972.638610839844 971.918395996094 977.789428710938 969.881713867188 968.628295898438 966.247985839844 957.941589355469 967.694702148438 973.177673339844 967.2294921875 963.68896484375 961.221374511719 964.005615234375 969.397277832031 973.744934082031 971.702453613281 965.509643554688 966.677673339844
965.391357421875 956.149963378906 963.564514160156 968.163757324219 969.403991699219 970.26025390625 965.318969726562 969.198181152344 974.355285644531 969.336120605469 962.500793457031 966.44287109375 974.680908203125 962.8916015625 961.612609863281 967.073974609375 954.413391113281 951.141784667969 950.011840820312 960.201904296875 959.41162109375 959.635498046875 960.444519042969 960.207214355469 964.161804199219 967.73486328125 968.056823730469 967.961547851562 966.080993652344 971.536926269531 965.763549804688 970.335510253906 964.19677734375 956.02099609375 956.835571289062 961.24951171875 969.004943847656 977.08056640625 970.886596679688 969.127014160156 976.365295410156 964.776550292969 967.456420898438 959.567016601562 965.088256835938 968.687255859375
963.581726074219 963.212890625 971.777038574219 974.487670898438 966.315490722656 967.085693359375 975.297485351562 968.721984863281 973.118591308594 967.371337890625 967.839294433594 966.090026855469 967.785766601562 955.576538085938 957.225891113281 961.778991699219 963.183166503906 959.245361328125 948.514343261719 944.444152832031 950.189208984375 951.752563476562 952.104125976562 958.370971679688 955.360595703125 958.648559570312 968.181762695312 965.225341796875 966.329406738281 968.919677734375 972.407836914062 964.330444335938 967.820434570312 962.181457519531 960.362854003906 962.893676757812 975.709716796875 973.108947753906 969.919921875 967.203857421875 968.654113769531 964.767944335938 965.147583007812 969.084838867188 968.037658691406 965.199462890625
962.362121582031 967.460266113281 972.348754882812 974.237548828125 967.413757324219 970.831909179688 971.914001464844 965.877807617188 958.864013671875 963.210876464844 965.581848144531 959.740112304688 961.443359375 957.177734375 964.652404785156 962.1923828125 958.757385253906 958.784423828125 956.780822753906 949.307556152344 951.933837890625 956.073059082031 947.160705566406 959.3681640625 950.369934082031 962.592041015625 966.646606445312 959.016540527344 965.232543945312 965.135375976562 960.612426757812 965.285095214844 964.81640625 958.316955566406 963.855651855469 959.603576660156 965.53466796875 959.8623046875 966.239929199219 973.197692871094 962.077575683594 969.39892578125 971.0673828125 976.720336914062 974.272155761719 972.958984375
974.757995605469 982.550170898438 978.385192871094 979.316833496094 972.691040039062 971.892578125 975.777160644531 958.307922363281 954.013061523438 962.505798339844 952.848754882812 954.860473632812 956.738220214844 954.575134277344 951.587341308594 958.247741699219 959.192260742188 956.245056152344 964.805114746094 953.929809570312 950.505432128906 949.800659179688 958.512268066406 955.772277832031 960.801086425781 962.796020507812 957.753051757812 951.698852539062 962.824951171875 960.85107421875 964.846618652344 960.783264160156 956.816650390625 954.523620605469 965.90771484375 958.505310058594 960.860046386719 961.123291015625 969.419189453125 965.078857421875 953.91064453125 963.74755859375 967.486145019531 965.837890625 972.702026367188 973.595642089844
963.796203613281 969.5634765625 968.050842285156 972.426452636719 970.372436523438 970.721740722656 966.637023925781 959.346069335938 951.826477050781 949.784545898438 949.267028808594 955.386535644531 953.353149414062 958.090942382812 957.345703125 960.71875 952.129455566406 959.527648925781 958.673950195312 956.769409179688 953.655029296875 946.3232421875 956.148254394531 962.617919921875 947.741271972656 960.953186035156 953.845397949219 944.813049316406 956.928344726562 960.273193359375 966.910949707031 969.768676757812 969.486572265625 964.380859375 961.708312988281 956.9912109375 964.119384765625 969.326538085938 969.010375976562 963.993286132812 963.158813476562 966.905029296875 961.840881347656 959.195495605469 965.812194824219 962.390747070312
957.187561035156 965.965698242188 962.161071777344 963.764404296875 956.668823242188 959.72265625 956.764892578125 952.719909667969 951.969848632812 956.038879394531 951.78857421875 959.195251464844 954.260864257812 956.849731445312 951.689880371094 953.897155761719 956.0830078125 962.000427246094 962.436584472656 956.052368164062 958.608703613281 956.328674316406 964.811889648438 967.784790039062 967.437316894531 958.043518066406 953.284729003906 955.447204589844 957.614135742188 960.631469726562 968.175537109375 967.219970703125 962.306640625 960.010925292969 958.6826171875 960.015197753906 967.511901855469 968.792236328125 965.858337402344 967.260437011719 962.992309570312 970.707092285156 963.133361816406 953.231384277344 964.538208007812 968.955261230469
954.60498046875 955.66845703125 954.247131347656 954.176330566406 954.0419921875 948.879577636719 951.357788085938 949.626037597656 959.161071777344 950.77099609375 953.108581542969 953.1865234375 960.738464355469 961.546752929688 963.482421875 957.016357421875 959.142578125 958.590148925781 956.731628417969 959.260498046875 958.451232910156 967.06640625 972.634643554688 967.854187011719 960.104064941406 958.311828613281 961.689086914062 957.575500488281 960.216979980469 965.461791992188 968.666198730469 970.708129882812 965.488220214844 961.804870605469 964.049072265625 960.871887207031 971.517822265625 963.55029296875 966.913391113281 968.445922851562 964.445617675781 962.576843261719 964.353698730469 959.58251953125 968.917663574219 966.0166015625
956.081115722656 951.032470703125 948.509155273438 954.841491699219 960.507934570312 961.366149902344 957.913208007812 948.132446289062 954.680725097656 955.129028320312 952.63134765625 953.675415039062 960.501953125 954.553283691406 960.259643554688 960.333801269531 960.909484863281 964.632446289062 948.077819824219 953.3525390625 958.681335449219 972.003234863281 971.661499023438 972.192565917969 958.513732910156 958.154968261719 961.13525390625 963.397644042969 964.399230957031 963.379272460938 959.433044433594 961.203918457031 960.485290527344 962.46728515625 963.17529296875 965.671936035156 975.1630859375 961.33544921875 961.599609375 964.796691894531 958.492797851562 964.728393554688 970.775451660156 969.325866699219 975.9384765625 970.539978027344
961.097595214844 952.448303222656 951.587768554688 954.15771484375 959.780212402344 955.680603027344 954.545959472656 944.525085449219 950.379150390625 944.777770996094 957.171020507812 962.744567871094 963.575927734375 955.95703125 962.973937988281 963.325561523438 963.007629394531 964.873657226562 949.749328613281 953.303344726562 962.476745605469 967.184692382812 969.720031738281 966.864318847656 960.718872070312 958.786560058594 962.942810058594 957.660217285156 963.070861816406 964.269165039062 964.653259277344 962.02880859375 956.625305175781 966.109619140625 966.275390625 969.3857421875 972.642333984375 961.207092285156 969.3505859375 962.074401855469 962.716979980469 962.264709472656 977.249084472656 970.831848144531 968.795776367188 969.355407714844
