data/zlatibor_dem_simulations/DEMsim25.asc
NCOLS 150
NROWS 100
XLLCORNER 7394249
YLLCORNER 4841999
CELLSIZE 30
NODATA_VALUE -9999
[rows 40 to 59 of 100, columns 92 to 137 of 150]
995.641418457031 991.974365234375 993.301696777344 990.258361816406 998.403625488281 996.576171875 983.295959472656 986.806762695312 987.770874023438 985.533996582031 978.184936523438 988.680236816406 981.087219238281 978.785095214844 988.3173828125 986.587280273438 987.484802246094 981.112854003906 990.034423828125 991.989929199219 996.376403808594 994.537414550781 996.354797363281 988.480834960938 992.463745117188 999.424682617188 1001.81219482422 1001.60711669922 996.377807617188 999.425170898438 1001.91094970703 998.253234863281 1003.45526123047 1006.74884033203 1010.2041015625 1010.77740478516 1022.24176025391 1023.07574462891 1028.306640625 1028.78430175781 1031.13391113281 1036.71569824219 1044.84643554688 1046.66455078125 1039.29919433594 1051.5283203125
992.8720703125 986.806945800781 982.431457519531 983.083801269531 992.183898925781 991.945434570312 993.364990234375 993.532531738281 983.903442382812 983.230163574219 979.855529785156 989.439453125 982.046569824219 988.989196777344 996.721618652344 994.192626953125 988.15380859375 986.52001953125 983.050170898438 988.756652832031 981.477172851562 983.452209472656 981.733642578125 992.492431640625 995.052978515625 996.038696289062 995.802917480469 1000.37652587891 1002.28717041016 996.447326660156 1001.09637451172 1002.00823974609 1011.70684814453 1004.95318603516 1014.78472900391 1011.298828125 1020.59478759766 1027.70336914062 1031.64135742188 1042.31481933594 1047.5859375 1047.92236328125 1052.02368164062 1061.224609375 1048.64086914062 1056.58728027344
986.939819335938 980.310363769531 972.447143554688 986.563049316406 987.026123046875 984.400085449219 990.603149414062 981.27490234375 975.884826660156 973.390502929688 974.742065429688 977.316589355469 983.935791015625 989.813232421875 986.711181640625 997.1689453125 988.641784667969 984.094360351562 988.537353515625 975.45947265625 977.823974609375 978.639038085938 984.681640625 984.124816894531 990.325988769531 992.728515625 996.525085449219 990.746398925781 990.41015625 996.509948730469 998.1923828125 1004.62054443359 1008.53350830078 1012.61688232422 1013.04296875 1011.15948486328 1024.7822265625 1032.62329101562 1040.92248535156 1040.43627929688 1046.29345703125 1046.27770996094 1052.77526855469 1060.421875 1062.32885742188 1067.09106445312
977.093994140625 971.636535644531 971.575622558594 976.104858398438 982.233215332031 983.315734863281 993.524597167969 979.124206542969 979.464721679688 969.468017578125 969.330078125 980.101684570312 979.766784667969 984.184936523438 986.164123535156 989.852661132812 982.135437011719 985.600219726562 987.076782226562 985.528686523438 981.832824707031 985.387268066406 987.511413574219 986.760864257812 994.290893554688 990.441284179688 1001.17657470703 995.925842285156 1006.72705078125 999.948120117188 1003.16333007812 1002.22839355469 1009.69958496094 1014.48962402344 1014.54302978516 1018.04779052734 1031.81127929688 1039.50402832031 1037.03771972656 1036.01843261719 1041.98046875 1043.41955566406 1064.45239257812 1076.38659667969 1073.60363769531 1079.21630859375
982.53515625 973.846313476562 984.022277832031 984.06787109375 981.517150878906 985.633422851562 983.494201660156 979.138061523438 973.356384277344 967.582763671875 965.005187988281 978.401428222656 977.109008789062 981.21435546875 981.967163085938 993.011535644531 990.914245605469 993.468139648438 985.157165527344 992.22119140625 994.965026855469 997.578125 996.443298339844 1000.61785888672 1006.81030273438 1008.04284667969 1009.50518798828 1011.02648925781 1012.46942138672 1010.05194091797 1016.65466308594 1003.42889404297 1005.7314453125 1012.48760986328 1020.15814208984 1024.5615234375 1032.31884765625 1038.7490234375 1047.51452636719 1035.45263671875 1038.24133300781 1050.68322753906 1063.24291992188 1069.17932128906 1077.11938476562 1085.52819824219
975.340942382812 979.361450195312 986.313110351562 984.216918945312 985.758056640625 979.308532714844 976.041198730469 975.992126464844 979.569274902344 978.524291992188 976.322448730469 980.449462890625 982.217102050781 975.890014648438 982.523620605469 993.057800292969 998.750366210938 998.921752929688 991.082702636719 995.543151855469 995.276672363281 1011.39587402344 1012.82635498047 1013.22790527344 1013.19512939453 1016.49566650391 1017.58489990234 1008.32934570312 1014.47344970703 1012.69152832031 1013.09008789062 1015.10955810547 1014.67993164062 1028.26989746094 1031.36181640625 1036.71508789062 1037.04089355469 1041.24926757812 1049.27770996094 1049.24621582031 1051.51611328125 1053.2548828125 1058.7041015625 1075.31872558594 1078.77038574219 1082.75415039062
974.137512207031 979.590637207031 978.414672851562 972.7421875 970.27587890625 964.535034179688 963.947448730469 973.6806640625 974.227600097656 979.088317871094 981.577209472656 979.758422851562 984.145935058594 978.936889648438 990.760009765625 995.877319335938 995.051635742188 993.72802734375 991.477783203125 990.876342773438 995.948913574219 1006.06683349609 1009.26727294922 1009.2470703125 1011.22235107422 1011.68585205078 1011.33557128906 1015.93054199219 1012.92956542969 1012.12750244141 1017.67169189453 1011.58697509766 1022.21453857422 1032.08166503906 1035.30493164062 1038.43786621094 1038.34326171875 1043.22570800781 1049.93579101562 1054.74243164062 1051.73229980469 1059.8046875 1061.14501953125 1073.53491210938 1073.99658203125 1080.70031738281
973.430297851562 969.013366699219 974.135986328125 971.680419921875 969.973754882812 968.41064453125 970.732299804688 980.762756347656 974.144836425781 979.870239257812 993.249816894531 986.337158203125 986.252319335938 989.368713378906 986.91796875 999.818542480469 991.126586914062 987.971557617188 992.123840332031 993.853637695312 1000.56811523438 1004.6484375 1005.63598632812 1008.77734375 1016.79229736328 1019.73907470703 1019.34710693359 1016.91058349609 1018.20825195312 1010.25964355469 1018.3955078125 1020.09533691406 1019.92053222656 1028.24951171875 1037.71850585938 1031.43298339844 1039.15234375 1047.46423339844 1048.92431640625 1054.05639648438 1055.134765625 1054.91271972656 1065.53063964844 1072.18872070312 1077.33142089844 1077.7568359375
979.476440429688 975.828918457031 970.505920410156 967.009948730469 967.60986328125 980.792297363281 981.706115722656 982.072998046875 982.199584960938 982.617248535156 987.117065429688 985.038757324219 981.070556640625 991.846252441406 993.162719726562 992.067077636719 988.107849121094 993.91748046875 996.494689941406 1000.50036621094 1006.85876464844 1004.66265869141 1005.31085205078 1003.67639160156 1010.52478027344 1019.22424316406 1023.52508544922 1017.07263183594 1014.84875488281 1014.75360107422 1015.38037109375 1024.18859863281 1025.15698242188 1030.16394042969 1031.16809082031 1023.40545654297 1030.09033203125 1035.49914550781 1047.69885253906 1050.2626953125 1053.56652832031 1055.80944824219 1068.94653320312 1071.69494628906 1076.84558105469 1083.6015625
982.206115722656 979.439697265625 966.487915039062 966.906066894531 972.780822753906 983.523742675781 985.6953125 982.01611328125 988.873107910156 983.854675292969 987.390075683594 986.627990722656 994.165832519531 1001.353515625 993.683471679688 991.261535644531 1000.69586181641 995.249450683594 997.981079101562 995.333068847656 1003.95953369141 1003.29943847656 1005.91076660156 1007.83984375 1015.98443603516 1012.70190429688 1014.88171386719 1021.61248779297 1011.89923095703 1013.04553222656 1018.32476806641 1027.37414550781 1022.86022949219 1030.09606933594 1031.13195800781 1026.83654785156 1029.82568359375 1036.38024902344 1043.30151367188 1037.87963867188 1051.30920410156 1068.75402832031 1069.75598144531 1077.97790527344 1075.95886230469 1079.28100585938
976.357543945312 974.520751953125 974.656982421875 971.457458496094 977.991455078125 982.081481933594 983.300354003906 984.606384277344 975.814453125 975.238708496094 971.292419433594 980.383544921875 986.781799316406 995.884033203125 985.795837402344 987.103820800781 989.260864257812 992.268371582031 994.988464355469 989.989929199219 997.098815917969 1004.59210205078 1011.22302246094 1014.74340820312 1015.17846679688 1004.49060058594 1008.47521972656 1013.82629394531 1012.71905517578 1017.77001953125 1026.62121582031 1021.35125732422 1019.87927246094 1029.49682617188 1028.384765625 1025.43322753906 1022.47412109375 1034.67468261719 1037.80407714844 1046.28771972656 1057.24926757812 1070.46435546875 1076.15991210938 1073.33679199219 1072.23132324219 1086.01989746094
970.634460449219 971.305480957031 971.291625976562 977.105773925781 977.661315917969 976.691101074219 979.915832519531 977.747375488281 971.883178710938 966.120544433594 970.553161621094 978.842529296875 985.300598144531 984.930541992188 982.186767578125 977.080871582031 987.545837402344 990.473510742188 990.85107421875 992.158935546875 1008.17895507812 1010.45642089844 1020.33343505859 1013.59924316406 1008.36987304688 1004.59869384766 1007.2275390625 1015.60107421875 1023.49377441406 1024.44458007812 1025.06958007812 1027.94018554688 1030.35168457031 1026.30444335938 1024.73522949219 1022.94488525391 1030.29125976562 1032.19836425781 1043.90783691406 1055.34289550781 1068.78942871094 1067.44177246094 1084.46398925781 1083.12023925781 1090.52612304688 1089.39404296875
974.656188964844 974.311584472656 966.651245117188 977.104431152344 972.214294433594 975.701293945312 973.671936035156 975.549926757812 969.94287109375 962.026794433594 962.531555175781 970.071166992188 977.04833984375 975.406555175781 975.31591796875 982.543823242188 983.461364746094 984.894592285156 991.640075683594 998.068359375 1007.01531982422 1014.65447998047 1012.11511230469 1018.73077392578 1008.58447265625 1007.36145019531 1004.07403564453 1018.10382080078 1032.22326660156 1027.10974121094 1028.11022949219 1024.06677246094 1033.2373046875 1025.63232421875 1018.52178955078 1025.451171875 1030.38098144531 1041.287109375 1037.95458984375 1046.03735351562 1056.96142578125 1070.67980957031 1076.66528320312 1081.76428222656 1085.31079101562 1091.49548339844
966.248291015625 968.873962402344 966.042724609375 972.511047363281 972.256408691406 972.402587890625 972.953186035156 974.598449707031 975.992065429688 960.911804199219 971.731201171875 970.884887695312 969.530151367188 969.297119140625 978.677673339844 981.593566894531 976.313842773438 991.105285644531 998.032104492188 997.042236328125 996.137878417969 1005.30407714844 1011.82702636719 1017.84625244141 1007.45727539062 1005.51586914062 1009.6650390625 1025.02233886719 1031.138671875 1028.63842773438 1028.22326660156 1024.61413574219 1017.27288818359 1022.27648925781 1019.17895507812 1022.74517822266 1029.5458984375 1038.06469726562 1038.61108398438 1049.50451660156 1063.27026367188 1072.53186035156 1087.13464355469 1086.05322265625 1087.23107910156 1091.65466308594
969.102416992188 968.112182617188 966.4755859375 979.447631835938 982.934448242188 985.312744140625 978.47998046875 978.434692382812 970.831787109375 973.498474121094 976.260864257812 977.995666503906 975.709899902344 982.817443847656 978.418273925781 980.065856933594 980.911254882812 990.150634765625 998.462768554688 1002.79321289062 999.561706542969 999.35888671875 1004.71484375 1001.76751708984 1004.06048583984 1001.63360595703 1009.80151367188 1025.00427246094 1027.61547851562 1030.63244628906 1031.49072265625 1019.57434082031 1019.7060546875 1019.06469726562 1022.94158935547 1021.73455810547 1036.529296875 1033.0966796875 1039.82543945312 1055.99401855469 1066.26147460938 1073.3740234375 1077.20153808594 1088.673828125 1101.78515625 1094.6318359375
975.731994628906 968.911804199219 968.950317382812 979.211486816406 984.4599609375 990.362487792969 989.789672851562 983.913452148438 983.485656738281 986.582702636719 976.229858398438 968.953308105469 976.747680664062 975.861999511719 984.635681152344 984.317687988281 980.814453125 983.749145507812 992.120849609375 999.096740722656 997.549926757812 998.484985351562 992.130310058594 983.4326171875 994.966491699219 1000.93188476562 1009.76519775391 1018.31353759766 1013.13568115234 1017.38714599609 1024.38220214844 1025.39880371094 1021.03851318359 1029.09680175781 1018.45086669922 1028.81127929688 1033.14611816406 1039.6552734375 1045.84838867188 1054.90307617188 1059.52990722656 1057.74291992188 1073.10803222656 1078.77258300781 1092.62487792969 1091.36291503906
965.973754882812 968.550537109375 967.586181640625 976.58349609375 982.892272949219 986.117858886719 987.836669921875 984.113220214844 981.318298339844 984.009033203125 976.574951171875 969.167663574219 976.192687988281 974.291198730469 980.448120117188 981.955139160156 986.317504882812 994.333557128906 997.411071777344 998.786560058594 997.697265625 988.917846679688 985.012939453125 979.431457519531 995.532043457031 1000.53680419922 1008.50903320312 1009.20861816406 1014.73327636719 1022.59906005859 1024.43322753906 1026.15490722656 1020.23223876953 1014.43469238281 1023.92218017578 1030.18811035156 1037.00695800781 1037.70886230469 1042.45446777344 1046.79431152344 1053.51611328125 1065.04858398438 1077.30932617188 1080.6689453125 1086.76843261719 1084.06701660156
964.103820800781 963.896057128906 970.431274414062 972.739624023438 977.246887207031 981.990295410156 976.450134277344 982.828674316406 985.168640136719 972.827514648438 979.180480957031 976.7626953125 967.845031738281 974.716247558594 984.173278808594 983.900268554688 991.294616699219 993.201721191406 995.86181640625 991.085510253906 987.139587402344 979.789306640625 980.228210449219 985.911743164062 998.30712890625 1000.55676269531 1001.89489746094 1008.830078125 1009.11364746094 1012.69927978516 1030.69714355469 1025.46154785156 1026.99731445312 1023.60595703125 1030.3662109375 1029.37023925781 1033.33081054688 1034.45458984375 1036.42309570312 1041.2646484375 1060.67346191406 1068.6259765625 1082.35522460938 1090.36157226562 1095.96350097656 1088.81848144531
966.053833007812 959.62841796875 974.377197265625 976.509643554688 976.4375 983.225402832031 978.463989257812 985.736938476562 988.531005859375 984.804077148438 980.254516601562 973.860656738281 978.912414550781 981.578308105469 984.561645507812 988.661071777344 986.64013671875 992.689636230469 995.679809570312 990.570556640625 982.810302734375 981.530944824219 982.400573730469 986.478454589844 989.880249023438 999.30517578125 999.280700683594 1010.24755859375 1005.53466796875 1013.89654541016 1011.86157226562 1015.28723144531 1014.49578857422 1011.94860839844 1012.84661865234 1027.58410644531 1031.94421386719 1035.40771484375 1035.14660644531 1042.31030273438 1050.0126953125 1067.08935546875 1076.37854003906 1082.65808105469 1090.38720703125 1074.28662109375
954.155822753906 963.946350097656 969.209533691406 980.474243164062 974.340698242188 978.090148925781 980.995361328125 995.525146484375 991.591796875 984.324401855469 975.783752441406 976.069091796875 982.675964355469 991.143249511719 994.364929199219 995.40966796875 995.457458496094 993.889953613281 1000.36834716797 990.989807128906 996.488647460938 983.519958496094 989.887268066406 991.120483398438 996.255737304688 1000.62921142578 1005.11608886719 1000.33502197266 1004.05499267578 998.199462890625 1011.13500976562 1009.40734863281 1009.58508300781 1015.78991699219 1019.22607421875 1023.50872802734 1023.94714355469 1040.44287109375 1053.05749511719 1049.79772949219 1048.28796386719 1067.49658203125 1077.63696289062 1079.23559570312 1080.11853027344 1060.30285644531
