data/zlatibor_dem_simulations/DEMsim52.asc
NCOLS 150
NROWS 100
XLLCORNER 7394249
YLLCORNER 4841999
CELLSIZE 30
NODATA_VALUE -9999
[rows 40 to 59 of 100, columns 46 to 91 of 150]
972.782165527344 963.858703613281 966.813720703125 973.061767578125 962.322570800781 960.092346191406 960.180603027344 967.179992675781 972.642883300781 965.243713378906 966.2265625 964.297546386719 969.116271972656 962.445373535156 961.412231445312 970.802307128906 969.188659667969 966.662902832031 972.996398925781 973.77392578125 965.523010253906 958.547668457031 964.885559082031 968.940734863281 971.859802246094 970.1806640625 973.8544921875 976.890747070312 987.876953125 988.961608886719 971.75146484375 978.051147460938 980.536071777344 979.874938964844 981.622863769531 988.862182617188 989.418579101562 992.278686523438 995.267883300781 1003.06390380859 1013.50524902344 1009.18103027344 992.641296386719 994.237915039062 997.037536621094 995.843872070312
982.096496582031 970.313415527344 975.239868164062 975.585693359375 966.204467773438 959.135803222656 962.756652832031 969.831115722656 976.256164550781 971.415283203125 969.668212890625 967.603820800781 953.905517578125 964.168884277344 973.086059570312 968.731994628906 974.541076660156 968.541381835938 970.837890625 970.459594726562 961.67333984375 963.760070800781 961.14892578125 965.480712890625 963.100524902344 971.344970703125 966.444885253906 972.312805175781 974.926696777344 975.215393066406 968.618896484375 979.059265136719 979.535095214844 984.449951171875 990.309204101562 983.613708496094 977.716979980469 995.163330078125 997.006958007812 998.612365722656 994.933349609375 993.155456542969 989.6640625 989.781921386719 990.413269042969 996.711791992188
982.119567871094 975.128967285156 978.554626464844 972.83642578125 961.289245605469 964.315063476562 964.279541015625 964.182067871094 969.257873535156 977.474609375 964.076293945312 958.848327636719 959.855163574219 974.210021972656 984.820007324219 979.054565429688 975.294921875 971.535949707031 972.952941894531 971.361389160156 966.377502441406 967.493286132812 959.843505859375 969.418029785156 973.896423339844 964.008239746094 963.721984863281 969.760986328125 968.926208496094 972.322082519531 974.749816894531 986.585205078125 974.609802246094 984.858093261719 983.21533203125 975.870910644531 979.217407226562 990.670837402344 994.643188476562 996.845458984375 991.521362304688 985.385803222656 980.125915527344 979.241516113281 983.878967285156 986.908996582031
973.682434082031 982.894592285156 975.934509277344 967.361083984375 961.624328613281 962.630737304688 959.396301269531 971.849243164062 970.281677246094 966.825744628906 962.005798339844 956.559875488281 961.795349121094 969.900695800781 978.088195800781 977.312622070312 988.553283691406 983.417419433594 974.020629882812 974.888488769531 963.137634277344 965.983032226562 969.882751464844 972.214233398438 968.455200195312 973.444213867188 974.134460449219 965.078430175781 964.312072753906 966.341003417969 968.161376953125 967.724182128906 969.699645996094 970.372375488281 976.062438964844 979.215698242188 980.598999023438 982.444396972656 982.798583984375 983.031372070312 988.437255859375 985.133483886719 984.812072753906 971.31494140625 984.050476074219 977.857421875
974.038879394531 973.616516113281 973.753723144531 965.567199707031 961.473876953125 961.432312011719 969.734558105469 971.624938964844 967.034606933594 968.630126953125 965.213317871094 967.468627929688 965.195617675781 972.010803222656 972.167236328125 977.331176757812 981.297912597656 973.915710449219 976.323974609375 977.716003417969 969.718688964844 965.479125976562 962.997375488281 960.930541992188 967.656677246094 968.885498046875 967.899047851562 965.598754882812 963.395568847656 968.899475097656 963.669250488281 966.446044921875 962.119140625 959.742126464844 966.614929199219 980.770935058594 983.299255371094 980.087341308594 975.771301269531 986.723205566406 986.4384765625 983.422058105469 977.954162597656 975.621887207031 974.70849609375 977.237548828125
970.252990722656 970.033020019531 973.321838378906 973.626953125 974.35498046875 969.391174316406 961.683837890625 966.784484863281 968.306701660156 965.027404785156 970.977233886719 974.695678710938 968.371337890625 968.909057617188 978.85107421875 976.985900878906 973.901550292969 963.437622070312 963.338806152344 974.8837890625 975.047119140625 964.712829589844 965.092895507812 966.359252929688 966.433837890625 957.843078613281 962.783081054688 960.376708984375 966.499877929688 967.354125976562 974.35888671875 972.694091796875 963.022094726562 963.469482421875 959.866088867188 969.898864746094 976.826049804688 976.094604492188 978.570922851562 968.657592773438 972.976257324219 977.782531738281 971.68701171875 975.567504882812 975.286499023438 973.419494628906
966.216979980469 967.154174804688 974.434692382812 970.706481933594 965.299560546875 969.72265625 964.744140625 971.389343261719 970.79296875 974.127014160156 974.371704101562 970.194580078125 973.415405273438 975.272644042969 974.858215332031 959.93994140625 970.925476074219 963.369567871094 961.119506835938 971.494384765625 967.890380859375 961.746154785156 961.377868652344 961.607482910156 968.194580078125 959.1083984375 950.567565917969 962.131286621094 961.92138671875 970.144897460938 974.6923828125 973.215026855469 968.248291015625 971.627380371094 969.361572265625 967.720031738281 985.306274414062 981.587280273438 985.15283203125 968.927673339844 966.900695800781 968.769836425781 982.290771484375 978.193054199219 972.665588378906 971.117614746094
962.808166503906 959.6240234375 977.490783691406 968.10498046875 972.82080078125 964.818603515625 966.807373046875 966.117431640625 965.792846679688 975.483520507812 969.745910644531 972.349853515625 974.653137207031 978.780151367188 971.043395996094 967.38623046875 960.697387695312 961.605773925781 967.044860839844 969.80517578125 969.632568359375 968.90966796875 970.692138671875 963.019165039062 961.200744628906 962.560791015625 956.269714355469 959.00390625 965.349548339844 968.456359863281 974.193115234375 975.662780761719 963.339782714844 972.637329101562 969.930053710938 976.632873535156 978.046875 974.994384765625 979.885559082031 972.188537597656 972.663146972656 972.8955078125 973.706848144531 967.250244140625 968.771179199219 971.154174804688
951.892639160156 959.847900390625 972.465942382812 967.952941894531 976.138732910156 971.420288085938 963.930480957031 960.847045898438 966.165100097656 964.237915039062 972.420043945312 967.034912109375 974.813842773438 973.44580078125 968.958740234375 961.395446777344 954.580322265625 960.287841796875 967.008972167969 953.554809570312 968.623168945312 972.260070800781 964.864624023438 956.424926757812 966.258117675781 967.082214355469 962.412170410156 971.553955078125 968.622497558594 961.873168945312 974.783935546875 972.269104003906 968.441284179688 970.83544921875 965.470397949219 964.601745605469 969.97021484375 972.364501953125 973.163879394531 961.185241699219 962.069641113281 969.537048339844 975.698852539062 972.081176757812 978.004211425781 972.548950195312
962.921569824219 957.595275878906 967.372253417969 967.882141113281 970.8232421875 970.230712890625 969.132995605469 964.205200195312 965.253051757812 963.511840820312 964.267578125 963.277099609375 984.189086914062 981.240112304688 970.111572265625 958.853210449219 954.202514648438 962.017395019531 964.34619140625 955.323547363281 960.123657226562 968.195617675781 963.734741210938 961.874572753906 974.773132324219 967.044555664062 981.39990234375 978.494873046875 971.449768066406 966.908874511719 970.449035644531 968.953002929688 965.239013671875 964.003601074219 968.559692382812 974.852600097656 973.309143066406 969.88134765625 972.2880859375 960.265258789062 968.954956054688 965.377136230469 980.143493652344 980.513061523438 967.6083984375 970.213195800781
971.533508300781 965.000366210938 966.986145019531 970.245666503906 967.188537597656 969.29052734375 970.258605957031 965.378784179688 962.103637695312 960.049987792969 958.494140625 961.48291015625 965.198913574219 967.824279785156 965.588195800781 957.712097167969 965.1044921875 959.134216308594 961.960205078125 960.556579589844 964.648315429688 974.637023925781 970.704040527344 974.378173828125 973.380310058594 977.301696777344 976.45849609375 976.004028320312 978.262451171875 971.861206054688 964.952026367188 962.202575683594 968.025390625 961.907104492188 959.493774414062 967.283264160156 960.597045898438 966.006164550781 973.593933105469 967.402587890625 971.414794921875 969.91259765625 966.645874023438 980.928771972656 969.669677734375 962.417114257812
975.608947753906 970.794128417969 968.60498046875 970.12646484375 974.165832519531 977.474487304688 969.055236816406 965.790771484375 966.864685058594 963.264953613281 962.926635742188 963.078186035156 963.771362304688 961.080749511719 955.443359375 966.619140625 966.433776855469 964.785583496094 968.994262695312 959.237976074219 971.98291015625 967.466735839844 969.457336425781 975.230102539062 969.791870117188 981.934936523438 975.474731445312 972.946228027344 969.314208984375 973.213256835938 964.740234375 970.584289550781 964.713439941406 953.809020996094 962.782165527344 962.712097167969 962.402038574219 960.788696289062 971.398254394531 978.553161621094 977.987609863281 973.338989257812 967.181091308594 965.273681640625 977.287841796875 974.655517578125
973.645263671875 969.271911621094 964.660949707031 973.531372070312 966.899597167969 969.537475585938 966.770385742188 967.275451660156 963.632202148438 960.075134277344 957.692138671875 950.549865722656 952.416076660156 958.417297363281 953.384887695312 955.898254394531 961.905151367188 962.973571777344 964.278564453125 959.63720703125 963.832824707031 965.858642578125 965.155212402344 964.810974121094 971.991577148438 978.433715820312 974.20068359375 976.804443359375 975.726257324219 965.22998046875 963.344787597656 960.741455078125 968.766662597656 961.706848144531 965.980163574219 962.258422851562 962.931823730469 969.969665527344 975.4140625 979.839172363281 978.813842773438 968.312805175781 969.805114746094 976.013793945312 965.341064453125 980.481140136719
960.524536132812 960.254089355469 957.236694335938 963.844787597656 963.702697753906 960.372741699219 952.9794921875 958.891845703125 958.697082519531 952.529052734375 959.014221191406 954.410217285156 959.870056152344 958.450805664062 953.372924804688 952.571411132812 966.501403808594 968.339233398438 957.584106445312 952.34033203125 957.79541015625 959.059509277344 959.809997558594 955.236206054688 960.256652832031 960.700378417969 967.195007324219 974.987609863281 973.716125488281 968.486572265625 963.958129882812 967.12841796875 962.357421875 951.148681640625 956.2724609375 965.281005859375 965.160339355469 966.600891113281 970.551025390625 985.598327636719 977.125183105469 963.736755371094 965.613037109375 977.978759765625 973.14013671875 976.279052734375
962.591186523438 958.207702636719 954.916687011719 954.334899902344 949.516479492188 961.103820800781 956.687133789062 956.882690429688 947.234069824219 949.24169921875 951.780700683594 949.694702148438 956.565124511719 958.682861328125 954.363342285156 955.083923339844 954.712890625 964.284973144531 960.832092285156 953.623840332031 951.4921875 952.855895996094 957.262084960938 956.780517578125 960.606689453125 957.983825683594 960.944519042969 963.379150390625 965.656921386719 959.820861816406 962.356628417969 960.47607421875 961.731079101562 959.142700195312 956.301025390625 970.90625 974.275573730469 970.382263183594 968.964660644531 977.594482421875 970.123718261719 959.063598632812 959.916442871094 969.603515625 973.502075195312 974.4013671875
959.451110839844 959.12548828125 955.743835449219 962.430419921875 961.686218261719 958.391235351562 954.262023925781 955.036987304688 945.503112792969 944.179138183594 944.081726074219 944.82373046875 945.316528320312 944.156494140625 949.484680175781 952.05322265625 956.931213378906 957.704406738281 961.631042480469 947.949584960938 954.35986328125 958.225891113281 957.48291015625 952.539611816406 948.917175292969 953.960021972656 958.889709472656 970.732543945312 966.144287109375 962.7138671875 961.278991699219 957.723266601562 957.760986328125 961.115966796875 959.69921875 966.187683105469 958.33935546875 958.555969238281 960.678039550781 962.52978515625 967.395202636719 963.962036132812 959.969482421875 961.283996582031 970.49365234375 968.669311523438
953.706787109375 956.395629882812 957.895935058594 961.560180664062 957.873352050781 948.907897949219 956.524230957031 948.816284179688 949.713134765625 948.409423828125 951.289245605469 944.06640625 952.330017089844 953.139282226562 958.267211914062 952.733520507812 958.389465332031 956.3916015625 956.5166015625 958.981567382812 963.328308105469 967.017456054688 962.599548339844 964.052062988281 962.077087402344 953.524353027344 958.8125 964.238525390625 959.42578125 959.783874511719 968.690856933594 965.480224609375 959.418701171875 969.029968261719 966.196838378906 957.304626464844 957.492370605469 952.716369628906 949.861206054688 960.017822265625 963.560424804688 963.160339355469 967.971374511719 971.682434082031 965.643737792969 974.772521972656
953.972045898438 962.006896972656 955.404724121094 960.514770507812 957.706359863281 956.223327636719 954.480224609375 957.194641113281 951.292297363281 949.641906738281 952.962036132812 947.135070800781 952.564331054688 953.392883300781 958.226501464844 958.603454589844 955.68994140625 965.530090332031 952.999206542969 961.664184570312 961.74658203125 961.421203613281 960.401062011719 963.487243652344 970.047546386719 959.611511230469 958.394592285156 964.417236328125 963.051391601562 961.65673828125 969.283813476562 968.234497070312 969.552856445312 964.719177246094 964.829956054688 960.121032714844 960.727355957031 950.151000976562 956.222473144531 964.220397949219 966.01025390625 966.500244140625 960.26953125 965.415893554688 965.826965332031 967.530334472656
949.136047363281 953.552673339844 954.0927734375 951.833312988281 948.733154296875 953.866760253906 957.077819824219 956.330505371094 955.744140625 956.935913085938 955.354309082031 949.480407714844 952.479248046875 949.672302246094 960.219055175781 954.2392578125 959.883850097656 959.447631835938 959.272399902344 962.806884765625 963.013000488281 955.70458984375 966.537109375 968.488830566406 967.854736328125 966.291381835938 968.137023925781 966.166198730469 970.642700195312 974.700866699219 970.050903320312 975.473876953125 965.071411132812 965.234497070312 959.854064941406 968.361877441406 960.886779785156 955.158264160156 957.146911621094 962.085021972656 961.6484375 968.867004394531 959.205749511719 963.813598632812 965.750915527344 969.232849121094
946.778015136719 950.744018554688 952.446655273438 949.228759765625 949.302551269531 948.973754882812 956.205993652344 954.70703125 948.287475585938 948.171997070312 957.489379882812 954.11181640625 961.488708496094 959.312805175781 956.975830078125 952.282592773438 958.901306152344 960.808288574219 958.230285644531 964.470581054688 963.003540039062 958.506469726562 958.251037597656 962.438049316406 959.231689453125 965.641418457031 961.996704101562 978.712951660156 975.619140625 965.366821289062 966.917053222656 978.086059570312 971.740844726562 965.410461425781 973.888061523438 967.681884765625 968.385803222656 966.113586425781 964.727355957031 964.828247070312 965.682678222656 968.245849609375 965.298645019531 961.637023925781 968.196350097656 972.7255859375
