data/zlatibor_dem_simulations/DEMsim45.asc
NCOLS 150
NROWS 100
XLLCORNER 7394249
YLLCORNER 4841999
CELLSIZE 30
NODATA_VALUE -9999
[rows 40 to 59 of 100, columns 92 to 137 of 150]
995.90771484375 997.723449707031 998.861206054688 989.387634277344 981.0732421875 980.247924804688 985.26123046875 981.158630371094 975.540710449219 980.481262207031 975.187805175781 974.485290527344 981.804382324219 984.635070800781 987.798583984375 979.619323730469 988.112915039062 990.354064941406 995.3310546875 993.4609375 993.113952636719 1002.08203125 1001.41632080078 994.140686035156 995.531372070312 992.395874023438 993.422119140625 997.647155761719 998.490112304688 998.949096679688 1002.69219970703 1004.427734375 994.760375976562 995.586303710938 1002.82305908203 1005.21203613281 1022.28381347656 1019.90051269531 1023.50738525391 1025.96020507812 1027.00170898438 1027.07751464844 1029.953125 1039.5888671875 1052.11840820312 1055.77758789062
992.830139160156 985.18896484375 993.5634765625 992.759582519531 989.401123046875 983.855712890625 983.322814941406 984.66650390625 975.940856933594 978.163391113281 970.591430664062 984.711669921875 988.569091796875 991.182861328125 986.348205566406 989.426818847656 984.958984375 986.423034667969 995.333618164062 989.756164550781 985.420837402344 993.319641113281 995.020690917969 992.700500488281 997.875061035156 1004.6533203125 1003.34820556641 1001.67852783203 1001.27392578125 1004.82916259766 993.829467773438 1000.21350097656 998.380554199219 1001.15222167969 1010.53356933594 1021.33392333984 1027.54418945312 1024.08117675781 1026.57873535156 1023.60705566406 1029.75866699219 1026.81286621094 1034.35998535156 1046.18615722656 1051.49060058594 1060.86682128906
985.76904296875 989.572814941406 993.487426757812 988.355224609375 987.790344238281 985.115478515625 991.512878417969 980.823852539062 983.068908691406 984.429016113281 980.326843261719 985.714904785156 993.136169433594 989.026123046875 994.785278320312 992.895751953125 983.7392578125 981.853881835938 993.612915039062 984.431762695312 984.720031738281 991.030151367188 1002.97619628906 1000.31982421875 996.549987792969 996.772583007812 996.367065429688 1003.25213623047 996.674377441406 996.730346679688 997.053283691406 998.298095703125 999.647705078125 1003.66998291016 1017.97381591797 1021.31854248047 1024.5439453125 1031.2841796875 1019.39984130859 1024.92846679688 1026.62866210938 1038.83862304688 1032.19323730469 1042.91638183594 1062.40173339844 1073.62866210938
981.841186523438 982.711181640625 986.093933105469 982.306701660156 981.012084960938 978.592895507812 984.5498046875 981.35498046875 974.768737792969 979.498291015625 977.011840820312 983.671630859375 988.924682617188 988.018005371094 998.849182128906 989.045593261719 984.320068359375 985.062194824219 988.490478515625 987.470092773438 996.3447265625 998.593933105469 1008.13397216797 1005.34362792969 993.318603515625 995.516296386719 996.158386230469 992.228149414062 987.444396972656 982.711059570312 997.0078125 989.170593261719 1004.41235351562 1009.31970214844 1027.1796875 1021.63775634766 1029.20336914062 1025.40686035156 1025.71301269531 1037.59252929688 1034.38232421875 1032.59704589844 1038.00524902344 1055.43408203125 1067.01928710938 1078.7001953125
979.595031738281 983.811767578125 986.796691894531 988.015991210938 977.052307128906 983.566528320312 983.618469238281 971.771240234375 967.997863769531 963.747680664062 968.097351074219 975.295227050781 983.371643066406 981.40625 993.482421875 983.677673339844 986.868225097656 981.972839355469 979.907958984375 994.786071777344 1001.05114746094 1009.62335205078 1016.595703125 1017.01330566406 1011.15570068359 1000.17565917969 993.276550292969 988.668151855469 978.151062011719 981.744384765625 995.179382324219 1000.79046630859 1004.04705810547 1009.32592773438 1017.00659179688 1029.47863769531 1024.28344726562 1021.26049804688 1028.55676269531 1033.49487304688 1042.42395019531 1041.08264160156 1047.61291503906 1053.59655761719 1069.8017578125 1083.06506347656
974.057250976562 972.690368652344 971.275329589844 979.476013183594 979.197021484375 965.700134277344 979.196594238281 976.643859863281 970.364074707031 963.921020507812 970.244445800781 986.277587890625 986.310607910156 987.651977539062 994.195739746094 986.607604980469 988.489074707031 988.285522460938 986.67431640625 991.229736328125 995.589050292969 1000.44415283203 1019.50994873047 1023.30895996094 1015.48461914062 1003.61126708984 998.649108886719 992.435302734375 979.534790039062 995.445983886719 1002.46014404297 1011.58813476562 1025.48986816406 1021.25299072266 1024.2685546875 1029.43041992188 1028.26147460938 1020.07781982422 1025.3916015625 1040.97448730469 1047.42321777344 1048.87536621094 1057.90295410156 1053.46997070312 1073.85998535156 1087.50134277344
968.216735839844 968.520751953125 969.81884765625 973.012512207031 970.979614257812 976.963806152344 976.048645019531 975.336853027344 977.605102539062 975.699157714844 978.912902832031 978.883666992188 991.592712402344 984.596984863281 991.071899414062 987.559020996094 984.691101074219 986.480712890625 992.528381347656 1003.03210449219 998.628540039062 1009.50286865234 1019.99291992188 1021.43414306641 1017.01977539062 1009.37823486328 998.743835449219 996.824829101562 987.926330566406 997.611389160156 1003.95983886719 1014.82446289062 1025.67431640625 1023.49920654297 1020.99584960938 1022.36260986328 1026.38562011719 1024.09545898438 1028.94152832031 1045.03747558594 1044.02807617188 1045.31335449219 1059.77697753906 1066.400390625 1075.95385742188 1086.39086914062
965.548278808594 964.445617675781 965.204345703125 973.428771972656 967.660888671875 979.772155761719 979.238708496094 979.008117675781 983.098083496094 978.398620605469 981.736389160156 987.665893554688 991.512268066406 995.206481933594 993.4970703125 989.995727539062 985.814025878906 980.797973632812 989.005676269531 984.864440917969 993.25537109375 1013.04412841797 1016.74609375 1018.16552734375 1015.96734619141 1018.23107910156 1003.84411621094 996.956848144531 997.21044921875 1011.07354736328 1013.62292480469 1022.86010742188 1021.52856445312 1023.55535888672 1030.03002929688 1030.01599121094 1034.83959960938 1046.01843261719 1052.05261230469 1047.99487304688 1053.34155273438 1057.49487304688 1064.01538085938 1067.9072265625 1078.119140625 1089.55261230469
977.35009765625 972.621887207031 967.839111328125 972.357360839844 971.868347167969 981.730895996094 977.827880859375 976.284118652344 984.081420898438 984.925476074219 985.624084472656 988.189697265625 989.545166015625 990.351623535156 989.477478027344 983.010314941406 978.6142578125 989.254333496094 1000.84680175781 991.42138671875 998.687377929688 1010.64135742188 1009.66809082031 1015.45538330078 1020.25427246094 1004.94055175781 1001.13531494141 999.545471191406 1008.12432861328 1023.99249267578 1024.21350097656 1024.49462890625 1020.62017822266 1022.04461669922 1034.84594726562 1037.67468261719 1042.05200195312 1045.76440429688 1054.20837402344 1058.23571777344 1059.18688964844 1053.96948242188 1064.94165039062 1066.55883789062 1082.23095703125 1090.88220214844
979.808898925781 975.009094238281 973.839904785156 974.538635253906 981.625793457031 986.031188964844 981.275817871094 984.055480957031 985.517211914062 981.369934082031 981.671997070312 982.652954101562 981.288818359375 984.136291503906 982.837097167969 985.418273925781 984.681823730469 985.423767089844 993.013061523438 990.557556152344 993.311889648438 1007.95965576172 1014.68957519531 1016.19995117188 1014.99456787109 1016.36163330078 1003.78259277344 1019.55529785156 1022.45440673828 1024.13720703125 1019.8095703125 1025.69995117188 1026.71789550781 1034.07958984375 1033.87866210938 1036.10217285156 1043.607421875 1055.48425292969 1056.04528808594 1049.35192871094 1056.06640625 1057.7099609375 1073.32922363281 1081.509765625 1087.12585449219 1098.80920410156
982.495910644531 976.739685058594 980.9931640625 986.840087890625 975.731079101562 987.964538574219 988.561706542969 986.376831054688 992.613647460938 986.148132324219 985.053771972656 988.448852539062 976.961120605469 980.465454101562 984.077941894531 980.926818847656 986.000244140625 997.437377929688 985.678955078125 988.177917480469 986.536926269531 996.299987792969 996.039367675781 1002.63989257812 1007.77789306641 1003.28625488281 1008.87835693359 1024.07006835938 1027.2841796875 1030.17370605469 1025.59619140625 1031.28271484375 1029.44702148438 1036.44799804688 1039.25561523438 1037.91162109375 1050.91955566406 1053.865234375 1052.98291015625 1054.17785644531 1058.5068359375 1063.93408203125 1068.11999511719 1093.34265136719 1091.97473144531 1092.47424316406
973.435607910156 978.57666015625 984.880432128906 985.279235839844 973.126770019531 978.516418457031 984.809936523438 984.092102050781 980.337219238281 980.867126464844 981.181579589844 984.427368164062 986.150024414062 990.231506347656 982.202270507812 983.180725097656 987.873718261719 993.72998046875 986.895935058594 986.659057617188 987.83984375 997.034851074219 1003.07775878906 1005.67620849609 1009.35113525391 1011.515625 1020.78582763672 1028.64489746094 1035.06042480469 1024.19775390625 1026.1259765625 1031.63732910156 1031.48449707031 1036.74731445312 1036.5947265625 1032.57836914062 1037.06774902344 1043.45458984375 1050.18688964844 1054.81005859375 1059.53918457031 1069.86804199219 1077.23693847656 1087.01477050781 1094.79345703125 1097.85290527344
974.827392578125 972.763488769531 982.556579589844 986.222717285156 971.52294921875 977.26708984375 974.363159179688 974.055969238281 972.604248046875 979.646911621094 978.346557617188 981.365783691406 979.385131835938 976.261413574219 982.594482421875 973.84716796875 977.26123046875 979.701843261719 982.620056152344 981.787170410156 975.014953613281 982.423217773438 999.871337890625 1003.11889648438 1004.10650634766 1005.80584716797 1010.42425537109 1027.20751953125 1020.86944580078 1020.34948730469 1011.89984130859 1024.587890625 1029.46801757812 1034.208984375 1033.33532714844 1033.90649414062 1030.46044921875 1035.50476074219 1050.81567382812 1058.11999511719 1066.28332519531 1076.41491699219 1083.68908691406 1095.71398925781 1102.25891113281 1087.27294921875
972.870239257812 973.039245605469 983.078857421875 976.940979003906 974.910827636719 974.377685546875 972.303527832031 968.558837890625 970.588928222656 977.069152832031 974.138305664062 977.93359375 974.96923828125 979.350524902344 976.041931152344 975.100463867188 969.195190429688 976.137145996094 984.27392578125 985.80908203125 971.29248046875 980.152648925781 987.216552734375 994.218078613281 995.520446777344 995.592163085938 1004.54278564453 1013.50543212891 1009.05181884766 1010.40545654297 1009.95910644531 1010.40289306641 1013.67822265625 1024.78369140625 1024.40942382812 1029.623046875 1037.78308105469 1042.24816894531 1058.61730957031 1061.31323242188 1074.62683105469 1084.76281738281 1087.30432128906 1096.69897460938 1089.97998046875 1091.11499023438
966.566772460938 967.928588867188 969.333618164062 969.894104003906 971.164611816406 970.037719726562 971.674560546875 965.030639648438 975.087341308594 975.814025878906 978.023193359375 973.94580078125 976.255798339844 983.475219726562 979.293395996094 983.102600097656 979.728759765625 978.6259765625 983.121337890625 984.728942871094 985.242248535156 983.687927246094 984.911560058594 989.562561035156 985.04931640625 985.969177246094 999.182250976562 1005.86761474609 1012.63061523438 1010.93536376953 1004.36846923828 1008.35961914062 1010.27722167969 1018.36157226562 1022.77941894531 1031.2939453125 1034.51428222656 1052.88537597656 1056.13537597656 1064.63024902344 1075.50927734375 1085.35009765625 1091.94262695312 1092.2353515625 1092.08996582031 1094.46618652344
968.857788085938 965.236999511719 967.968994140625 969.787292480469 975.353149414062 967.360168457031 967.207397460938 969.822692871094 990.473388671875 988.998107910156 980.446228027344 980.255187988281 988.681945800781 978.092895507812 976.741638183594 977.762573242188 987.811950683594 987.912719726562 988.279663085938 982.681335449219 983.508605957031 985.8916015625 984.356994628906 990.391967773438 991.294555664062 988.269714355469 991.222351074219 1001.00598144531 1006.41241455078 1007.35699462891 999.217041015625 1008.61651611328 1004.76666259766 1011.38848876953 1021.34429931641 1037.24731445312 1036.61975097656 1046.02368164062 1061.69262695312 1064.2490234375 1071.134765625 1082.98864746094 1087.34509277344 1079.8232421875 1089.533203125 1088.49291992188
971.096984863281 970.212158203125 971.712829589844 968.013916015625 971.30712890625 976.420776367188 975.372436523438 979.869445800781 988.445251464844 981.681823730469 986.1962890625 977.520751953125 981.483154296875 975.8125 978.492004394531 982.265197753906 981.362731933594 984.456481933594 986.082702636719 990.397888183594 988.82421875 986.3525390625 988.035705566406 991.116760253906 991.946472167969 990.147399902344 995.301574707031 993.830383300781 1005.87780761719 997.576110839844 1005.62725830078 1008.60009765625 1004.95190429688 1008.37139892578 1023.34716796875 1033.13647460938 1039.986328125 1045.01782226562 1055.46716308594 1058.60876464844 1066.18811035156 1073.89147949219 1089.45983886719 1078.34753417969 1092.16040039062 1087.05432128906
976.571228027344 973.166625976562 971.010803222656 968.740356445312 968.400268554688 972.576049804688 975.44482421875 982.276611328125 983.207397460938 983.055908203125 976.786987304688 977.318542480469 978.602722167969 984.529846191406 976.706176757812 980.311584472656 987.880126953125 998.290954589844 994.115478515625 996.080932617188 1001.39556884766 992.44921875 997.580017089844 992.092041015625 988.096252441406 987.560852050781 993.091369628906 987.78466796875 992.569885253906 999.259826660156 1001.89141845703 1009.86743164062 1014.42901611328 1017.84228515625 1027.51086425781 1037.94738769531 1037.33435058594 1039.66809082031 1054.40966796875 1075.53759765625 1073.45764160156 1083.58337402344 1082.64331054688 1079.1474609375 1081.93151855469 1075.37805175781
976.1806640625 972.852600097656 980.529174804688 975.695922851562 965.106628417969 974.075073242188 976.055725097656 981.016418457031 987.382141113281 981.378112792969 975.264282226562 978.455322265625 973.36865234375 977.429992675781 983.714782714844 983.432434082031 990.251098632812 989.642028808594 1002.27008056641 1006.41125488281 1004.66491699219 1009.14263916016 1001.29022216797 991.929626464844 989.082824707031 988.6142578125 990.427001953125 992.116760253906 995.637512207031 1002.31512451172 1001.49572753906 1005.84112548828 1014.80474853516 1016.73510742188 1023.96832275391 1034.68505859375 1041.82666015625 1045.31298828125 1048.12390136719 1060.64575195312 1074.73364257812 1082.96020507812 1080.42297363281 1067.67224121094 1074.48059082031 1070.21166992188
979.6787109375 965.622192382812 968.997619628906 974.912048339844 970.186767578125 973.976135253906 980.103820800781 982.697998046875 985.630004882812 980.157775878906 987.619323730469 974.389221191406 970.223449707031 972.857055664062 983.754455566406 986.576843261719 997.320678710938 992.81201171875 1000.74572753906 1008.95751953125 1000.59149169922 1007.80834960938 999.062316894531 990.656799316406 988.331420898438 986.578796386719 991.743041992188 988.783264160156 990.228271484375 992.680480957031 995.626831054688 1004.58697509766 1018.41412353516 1022.07897949219 1018.72393798828 1026.26647949219 1025.75842285156 1040.802734375 1048.08679199219 1058.86743164062 1071.55847167969 1074.1435546875 1061.19104003906 1059.50256347656 1060.3857421875 1054.48474121094
