data/zlatibor_dem_simulations/DEMsim27.asc
NCOLS 150
NROWS 100
XLLCORNER 7394249
YLLCORNER 4841999
CELLSIZE 30
NODATA_VALUE -9999
[rows 60 to 79 of 100, columns 46 to 91 of 150]
944.405517578125 953.204772949219 956.112609863281 949.301452636719 945.941711425781 945.694519042969 945.43212890625 957.820617675781 959.280151367188 958.842651367188 963.036254882812 964.004577636719 954.911560058594 956.91015625 952.335632324219 958.306762695312 960.557861328125 964.943176269531 968.256469726562 970.339233398438 962.731750488281 964.731201171875 960.910766601562 966.521911621094 961.407348632812 957.031433105469 962.382690429688 967.466796875 969.603759765625 971.736083984375 969.114318847656 969.001953125 968.586486816406 966.433776855469 971.340026855469 974.216064453125 978.270568847656 980.290161132812 962.675720214844 961.881286621094 974.89990234375 961.742248535156 968.151062011719 963.698364257812 961.720336914062 961.3515625
945.723815917969 950.054809570312 956.287048339844 958.091430664062 957.740478515625 951.921508789062 961.614501953125 957.909790039062 962.635620117188 956.164367675781 966.889892578125 967.834350585938 958.164306640625 962.588806152344 960.14794921875 966.154357910156 972.088317871094 968.189025878906 974.166320800781 964.152221679688 958.595947265625 953.036499023438 962.032165527344 963.393737792969 969.333984375 963.568359375 971.915161132812 971.671508789062 972.908203125 973.822143554688 973.257080078125 971.820617675781 972.639038085938 966.789916992188 976.316955566406 976.841003417969 980.912963867188 976.826354980469 971.996276855469 970.358642578125 976.211059570312 968.262573242188 966.557312011719 965.123291015625 964.699890136719 960.002685546875
952.9931640625 942.47412109375 956.810424804688 963.572265625 965.0234375 959.519653320312 954.501403808594 959.829040527344 959.439758300781 957.208374023438 967.319152832031 965.776123046875 961.65673828125 965.670593261719 961.216857910156 967.697448730469 971.496948242188 976.864868164062 976.656555175781 967.821105957031 961.750061035156 963.458740234375 966.161193847656 966.25439453125 965.027099609375 969.53076171875 970.399230957031 967.427856445312 966.959106445312 971.116333007812 968.604370117188 971.88525390625 963.731140136719 968.920532226562 969.814086914062 982.057983398438 983.79833984375 985.603698730469 978.013061523438 972.945190429688 969.615783691406 976.592651367188 972.514404296875 972.517150878906 969.740417480469 970.292846679688
953.695068359375 954.717041015625 954.088073730469 957.081970214844 965.59765625 966.393493652344 964.258422851562 956.614196777344 963.015380859375 957.556030273438 966.26708984375 970.843078613281 969.966064453125 964.772094726562 965.648559570312 962.1767578125 967.851318359375 967.90087890625 973.849365234375 972.987182617188 964.028747558594 975.672180175781 976.950988769531 978.035827636719 969.053405761719 972.35546875 971.35009765625 967.987915039062 961.667053222656 966.659851074219 964.536987304688 967.262084960938 967.026245117188 968.761901855469 969.45556640625 971.626281738281 979.794067382812 978.429138183594 975.919616699219 982.682250976562 979.426452636719 977.780212402344 976.064086914062 975.235961914062 967.01171875 966.775512695312
970.005920410156 972.225341796875 960.361450195312 959.015075683594 964.939880371094 961.070495605469 961.782470703125 972.330322265625 963.401428222656 968.187866210938 971.525085449219 971.356567382812 962.57763671875 972.636352539062 966.465942382812 965.870300292969 963.793518066406 963.843688964844 963.302062988281 968.245971679688 967.117858886719 968.401428222656 973.838195800781 974.243286132812 973.755981445312 968.193481445312 973.741149902344 967.553344726562 962.842346191406 963.935241699219 967.088928222656 966.784057617188 969.949951171875 972.496215820312 968.88427734375 974.915222167969 980.703674316406 982.7412109375 981.699462890625 981.797424316406 979.728698730469 974.9931640625 974.766052246094 975.263061523438 960.9365234375 963.7705078125
975.2734375 968.026184082031 967.293212890625 966.267883300781 967.118286132812 971.934448242188 969.138061523438 971.472961425781 964.775634765625 974.984252929688 978.047790527344 968.028503417969 969.265869140625 970.728576660156 973.0107421875 968.288452148438 964.377258300781 966.554870605469 963.818359375 965.653625488281 957.1787109375 968.729125976562 974.602661132812 970.761108398438 965.626525878906 974.449645996094 976.622192382812 979.405334472656 975.492736816406 966.535278320312 971.297546386719 969.128234863281 969.12060546875 976.663879394531 980.52587890625 982.767517089844 974.96337890625 977.496704101562 979.890563964844 983.666687011719 987.124450683594 974.101013183594 971.818359375 965.681213378906 957.952209472656 969.013732910156
968.756225585938 972.090576171875 968.313781738281 972.007446289062 971.458618164062 977.820983886719 981.473266601562 980.026916503906 972.904479980469 972.497924804688 966.925415039062 969.671020507812 967.082214355469 971.012573242188 976.201416015625 971.354858398438 966.799194335938 968.966613769531 966.359802246094 965.903442382812 966.4599609375 967.281921386719 970.320373535156 979.119689941406 982.911804199219 977.702575683594 976.439453125 977.19384765625 974.941528320312 977.613159179688 973.768005371094 976.010192871094 972.109191894531 968.860290527344 983.30908203125 984.325073242188 980.905944824219 980.368041992188 982.970153808594 985.62841796875 990.80126953125 979.817443847656 971.294616699219 964.08447265625 962.895202636719 964.052001953125
975.276672363281 977.485900878906 976.74462890625 975.891723632812 980.714782714844 976.440368652344 979.036987304688 978.280700683594 977.8779296875 972.897705078125 969.8125 966.539428710938 974.00634765625 966.666625976562 972.690734863281 973.078491210938 971.159790039062 968.090637207031 976.493103027344 964.299377441406 972.372680664062 972.760009765625 975.199890136719 974.781494140625 984.401794433594 978.678161621094 965.852905273438 977.806457519531 978.00390625 981.722229003906 982.657836914062 973.514038085938 975.96533203125 977.892517089844 983.170959472656 987.557495117188 987.829467773438 983.326904296875 986.803466796875 992.086791992188 984.660217285156 979.645141601562 976.295166015625 972.307922363281 967.796691894531 981.081970214844
981.399841308594 986.762817382812 983.23876953125 985.806335449219 987.30078125 982.042602539062 978.677001953125 979.409118652344 976.34521484375 960.913146972656 964.509582519531 957.425048828125 965.495056152344 966.838684082031 964.749267578125 979.290588378906 974.040283203125 975.109741210938 968.49755859375 969.473083496094 977.221008300781 968.744750976562 978.958679199219 975.383605957031 977.269470214844 976.849975585938 980.03076171875 985.017822265625 982.697570800781 972.824523925781 976.050476074219 972.708557128906 975.043273925781 985.334106445312 986.313781738281 986.46240234375 982.239074707031 984.823120117188 988.42333984375 988.393005371094 990.472106933594 980.77685546875 976.984130859375 972.717651367188 967.73583984375 983.118835449219
984.466430664062 987.58251953125 995.489868164062 986.35498046875 983.336486816406 992.893615722656 982.327819824219 981.680847167969 973.137756347656 966.116027832031 958.528442382812 963.074096679688 961.82421875 966.622619628906 965.924682617188 969.703979492188 968.089660644531 964.294677734375 964.634826660156 971.384460449219 968.97998046875 972.258056640625 966.64599609375 972.767456054688 979.788330078125 974.076965332031 980.63623046875 981.863891601562 988.063781738281 985.403869628906 980.249267578125 972.921875 988.336242675781 981.416198730469 990.224426269531 997.109252929688 994.670043945312 992.075134277344 984.482788085938 985.349914550781 985.826354980469 980.157775878906 979.044250488281 971.006652832031 973.695068359375 977.183776855469
988.918395996094 989.229064941406 994.274108886719 987.755920410156 981.120422363281 982.706848144531 977.37939453125 980.883605957031 980.265808105469 971.72509765625 972.266418457031 973.560485839844 969.308227539062 972.920654296875 976.922180175781 970.640563964844 968.2587890625 964.750427246094 972.068603515625 965.948425292969 971.943298339844 971.044006347656 966.259033203125 971.201477050781 980.639587402344 973.550415039062 984.465759277344 986.68212890625 986.894592285156 980.531433105469 987.325744628906 982.495483398438 987.144409179688 976.702697753906 981.308532714844 989.889892578125 990.708435058594 994.786682128906 989.310424804688 988.664794921875 979.200439453125 977.5341796875 981.021606445312 974.945129394531 977.939270019531 971.934020996094
994.273315429688 997.731811523438 998.6328125 986.58642578125 979.6171875 978.758178710938 975.4462890625 984.794921875 980.850524902344 978.0185546875 977.676635742188 975.009460449219 979.944946289062 980.0947265625 976.440612792969 969.957641601562 970.462585449219 973.525329589844 968.279174804688 972.085205078125 974.749816894531 974.315612792969 975.980529785156 970.897583007812 981.311462402344 973.004699707031 977.975524902344 987.018432617188 982.053100585938 985.527954101562 988.023620605469 988.49169921875 983.123962402344 983.789794921875 988.902893066406 990.771301269531 993.017456054688 982.025573730469 990.637512207031 980.4755859375 976.923767089844 978.4404296875 986.346069335938 981.154907226562 972.698303222656 972.201293945312
992.220703125 993.933288574219 990.551574707031 990.200866699219 985.796630859375 979.815002441406 981.013549804688 979.742004394531 985.721923828125 981.13720703125 986.557067871094 975.759765625 978.393859863281 982.887634277344 970.589172363281 965.406860351562 971.930847167969 971.133483886719 974.677978515625 972.862182617188 976.134033203125 963.684631347656 971.648742675781 967.854614257812 972.023803710938 981.16552734375 987.610473632812 985.754028320312 980.85546875 983.272644042969 982.980041503906 990.191284179688 988.531005859375 992.94287109375 990.1748046875 986.10302734375 988.243957519531 978.804077148438 987.129455566406 983.356750488281 974.878356933594 983.426574707031 985.393676757812 980.211791992188 971.906921386719 971.523620605469
994.878784179688 997.082275390625 990.511840820312 988.39794921875 982.674438476562 980.111450195312 986.414245605469 983.763793945312 979.501708984375 977.775939941406 983.03955078125 980.376892089844 975.4755859375 979.222534179688 985.650573730469 975.66552734375 973.626403808594 971.02880859375 970.274230957031 977.151916503906 975.22265625 978.993530273438 974.747680664062 970.230163574219 972.720153808594 985.918090820312 985.614074707031 985.061096191406 985.581787109375 983.900451660156 982.190856933594 991.380249023438 988.893249511719 993.649353027344 985.413330078125 988.4033203125 988.567077636719 981.96630859375 981.169006347656 979.948913574219 986.1015625 979.1083984375 980.012145996094 974.432678222656 977.92333984375 976.103881835938
1002.92938232422 1009.15228271484 1002.25561523438 988.794128417969 985.891296386719 989.473937988281 990.021850585938 988.787353515625 976.608642578125 976.608215332031 983.482971191406 988.689147949219 984.127136230469 978.539855957031 977.139526367188 973.605529785156 963.070556640625 968.066650390625 972.4345703125 977.244567871094 988.101867675781 984.652038574219 977.143310546875 973.891235351562 982.139038085938 991.685302734375 985.646301269531 992.524047851562 991.336486816406 992.7314453125 992.282775878906 994.317260742188 995.200378417969 1000.96148681641 988.746154785156 987.713195800781 988.238952636719 988.455505371094 974.533874511719 978.111450195312 982.376220703125 984.66748046875 982.678344726562 974.67431640625 977.711120605469 981.804443359375
1007.44927978516 1007.3525390625 1001.27264404297 998.716857910156 997.896118164062 992.901306152344 982.296142578125 987.398193359375 979.416687011719 978.503784179688 981.242065429688 988.249877929688 993.449401855469 989.325134277344 977.226440429688 975.890258789062 971.797180175781 967.417175292969 974.960510253906 982.325012207031 976.893371582031 988.569458007812 981.306945800781 988.746826171875 991.529296875 986.721801757812 992.78173828125 1001.77947998047 1000.37194824219 993.380065917969 995.535827636719 1002.13824462891 995.008544921875 1005.87255859375 1001.13842773438 996.554260253906 985.889038085938 990.656860351562 986.136962890625 981.454528808594 988.126708984375 984.082641601562 985.893615722656 991.235229492188 987.372375488281 985.181457519531
1002.54534912109 1001.90661621094 1010.30401611328 1001.20989990234 1001.15142822266 994.735900878906 990.624694824219 978.670959472656 979.87109375 977.387023925781 982.366882324219 982.838745117188 980.759094238281 981.233642578125 978.922119140625 980.450561523438 971.492919921875 965.922973632812 982.673095703125 982.296203613281 985.923156738281 988.8994140625 990.823486328125 989.617797851562 985.478881835938 993.372131347656 999.795654296875 998.188903808594 999.000915527344 996.435668945312 990.379516601562 998.241455078125 998.643859863281 997.606018066406 997.542541503906 998.642578125 994.184814453125 999.531127929688 996.627075195312 991.281005859375 991.947448730469 989.640808105469 988.955810546875 979.620727539062 990.870422363281 989.682250976562
1008.05230712891 1019.21405029297 1015.36187744141 1013.08752441406 1009.34289550781 1000.56201171875 991.144104003906 984.205261230469 982.507202148438 976.164428710938 976.426025390625 983.79833984375 980.232116699219 984.171875 974.937133789062 981.116394042969 977.994812011719 971.841796875 981.453857421875 985.209777832031 984.842590332031 984.849914550781 993.980773925781 994.019104003906 993.466186523438 990.838928222656 990.825744628906 997.665161132812 1003.40124511719 992.750305175781 988.826477050781 990.658569335938 997.600830078125 993.493896484375 994.831604003906 998.999633789062 996.192016601562 1003.85223388672 1010.53643798828 996.457092285156 1001.24353027344 1004.16967773438 998.897766113281 993.031677246094 983.227600097656 996.409484863281
1000.64196777344 1019.72570800781 1026.78271484375 1019.55645751953 1011.07415771484 1004.46557617188 992.993835449219 986.838256835938 973.325378417969 979.773071289062 983.333190917969 992.758850097656 984.200256347656 973.65673828125 973.769348144531 973.805541992188 975.011535644531 973.136169433594 971.806213378906 981.022583007812 981.21728515625 984.592102050781 990.965637207031 986.678405761719 992.667785644531 989.298156738281 992.112487792969 988.972045898438 997.242797851562 986.683410644531 990.714233398438 995.447509765625 1007.08050537109 1008.033203125 1001.72570800781 997.66650390625 989.931640625 999.751281738281 1004.15502929688 996.509399414062 994.259765625 996.871826171875 993.336242675781 992.464538574219 996.4140625 996.770935058594
1011.27117919922 1014.14575195312 1018.12677001953 1025.02514648438 1010.91241455078 1006.49914550781 1003.36047363281 992.782897949219 984.383178710938 983.386413574219 980.207763671875 988.912963867188 988.610107421875 979.209899902344 980.436157226562 968.826416015625 974.755065917969 981.697387695312 975.482543945312 974.214233398438 981.215148925781 981.977233886719 982.0791015625 984.1201171875 983.332214355469 988.840393066406 993.849853515625 989.350280761719 992.103271484375 985.376403808594 988.525207519531 998.933471679688 1004.71380615234 1007.65570068359 1012.04333496094 1008.41638183594 996.845703125 1000.52056884766 1000.34954833984 999.10888671875 1004.58929443359 1001.24786376953 1003.05187988281 996.58740234375 997.884826660156 993.693664550781
