data/zlatibor_dem_simulations/DEMsim48.asc
NCOLS 150
NROWS 100
XLLCORNER 7394249
YLLCORNER 4841999
CELLSIZE 30
NODATA_VALUE -9999
[rows 0 to 19 of 100, columns 92 to 137 of 150]
912.966552734375 913.080078125 904.7451171875 909.959594726562 898.931457519531 893.682983398438 891.492919921875 889.961059570312 875.939819335938 873.417724609375 871.419738769531 871.892578125 861.028198242188 856.808898925781 855.095458984375 856.395935058594 863.236511230469 865.505920410156 880.338317871094 884.141967773438 890.274353027344 887.870239257812 897.750244140625 898.438232421875 907.364990234375 908.401611328125 915.771545410156 915.11767578125 928.419006347656 937.075317382812 949.466918945312 949.492248535156 961.128234863281 965.634704589844 963.235656738281 977.351318359375 985.575988769531 983.102722167969 981.982482910156 987.109436035156 1003.77569580078 1008.80181884766 1015.22253417969 1022.88201904297 1036.73876953125 1039.36669921875
920.866333007812 909.379760742188 906.57666015625 902.454345703125 904.902709960938 889.753051757812 892.5693359375 883.446533203125 878.119079589844 878.778198242188 877.25146484375 874.721435546875 871.773254394531 866.511413574219 860.715148925781 854.64501953125 856.62060546875 871.95458984375 882.212036132812 883.808532714844 893.370544433594 886.870666503906 896.629577636719 907.046630859375 912.005004882812 913.381896972656 915.563598632812 924.857116699219 927.101623535156 930.782409667969 947.9326171875 954.565734863281 963.4169921875 964.789611816406 966.418518066406 973.729553222656 976.009338378906 983.300903320312 989.216247558594 989.975463867188 1010.94299316406 1015.75860595703 1014.64562988281 1027.94262695312 1044.658203125 1039.61254882812
923.982604980469 912.74755859375 907.86181640625 906.302795410156 900.467163085938 896.9111328125 896.750854492188 884.030639648438 887.541137695312 875.512634277344 877.819091796875 881.294677734375 877.505065917969 873.517150878906 859.315551757812 865.436767578125 864.109008789062 870.419372558594 882.113708496094 886.975891113281 885.190673828125 891.333923339844 897.690734863281 908.99462890625 909.9248046875 909.450988769531 919.896423339844 926.067810058594 943.297912597656 947.944458007812 950.817077636719 958.922424316406 955.353454589844 955.329162597656 962.91015625 969.85986328125 976.275146484375 988.693664550781 985.7841796875 993.3076171875 1011.11956787109 1018.45074462891 1020.46472167969 1040.94946289062 1046.06494140625 1050.5146484375
912.912658691406 908.658447265625 904.031372070312 909.256530761719 903.740600585938 898.643188476562 896.24560546875 880.356384277344 888.053466796875 879.058227539062 880.394287109375 882.747192382812 881.802612304688 880.103759765625 871.729675292969 868.966796875 871.662475585938 874.426208496094 879.792907714844 883.162658691406 882.60546875 896.976135253906 904.465942382812 901.693115234375 909.101501464844 911.756530761719 920.986755371094 930.059265136719 935.099792480469 942.996704101562 942.605407714844 954.881164550781 959.079284667969 961.219116210938 962.167724609375 965.410888671875 973.579528808594 981.759460449219 987.4052734375 997.608581542969 1014.99670410156 1021.43255615234 1032.78002929688 1048.1455078125 1047.68908691406 1066.18884277344
907.982971191406 907.557067871094 903.271240234375 905.045776367188 904.332458496094 897.131286621094 902.451049804688 892.557983398438 892.70458984375 876.683410644531 881.798034667969 878.315124511719 881.188354492188 876.828063964844 879.784118652344 876.371704101562 875.457153320312 887.644409179688 884.104125976562 880.700256347656 879.051696777344 894.468200683594 898.07861328125 902.302551269531 902.677307128906 917.775390625 924.321044921875 930.465087890625 926.986572265625 937.064025878906 934.214111328125 945.889282226562 961.097595214844 959.644348144531 964.524719238281 963.933227539062 971.587829589844 981.204040527344 990.34130859375 1005.41735839844 1017.37713623047 1034.1240234375 1045.92346191406 1054.41674804688 1069.93725585938 1065.94970703125
913.857421875 910.015991210938 915.310302734375 905.60498046875 899.290954589844 905.445007324219 904.242736816406 892.08984375 889.020324707031 883.2021484375 875.339111328125 880.242919921875 871.358093261719 882.390502929688 884.92626953125 883.444519042969 884.133483886719 894.974365234375 882.252807617188 879.831726074219 883.689453125 886.837463378906 902.505737304688 903.035400390625 908.385986328125 908.577941894531 922.55810546875 929.315246582031 929.178344726562 920.947509765625 929.576721191406 942.663330078125 953.373107910156 958.958740234375 957.656372070312 968.955505371094 976.051635742188 988.054992675781 993.396484375 1001.41778564453 1018.13140869141 1040.2265625 1052.91394042969 1068.01184082031 1076.27526855469 1085.93029785156
909.549438476562 910.902160644531 917.164733886719 908.790710449219 903.886413574219 908.366271972656 902.551635742188 902.622619628906 898.881103515625 896.712219238281 889.460998535156 884.680114746094 887.238464355469 889.962646484375 897.656494140625 889.666809082031 898.966735839844 900.437438964844 898.565795898438 885.365600585938 892.132080078125 899.688842773438 907.030395507812 909.25341796875 911.914123535156 912.547058105469 915.706115722656 920.965942382812 923.430297851562 927.131286621094 935.626098632812 945.004089355469 949.985717773438 957.557373046875 969.7783203125 969.633666992188 970.942626953125 985.020751953125 990.740295410156 1012.00988769531 1025.88110351562 1055.41101074219 1063.65393066406 1066.48974609375 1079.01904296875 1080.65173339844
916.674865722656 914.994018554688 923.63818359375 917.572204589844 912.065002441406 913.591674804688 903.139831542969 898.022094726562 893.99365234375 894.981506347656 893.772583007812 892.59228515625 892.084594726562 882.733459472656 888.458618164062 889.424743652344 901.843688964844 907.640197753906 909.414978027344 907.580444335938 899.007263183594 903.475158691406 911.75537109375 909.631469726562 912.308715820312 904.473876953125 907.051574707031 921.730895996094 919.746765136719 927.401428222656 931.590942382812 936.527587890625 944.271118164062 956.302551269531 969.493774414062 970.491271972656 980.923950195312 984.275512695312 994.887512207031 1010.21844482422 1025.12170410156 1046.61389160156 1056.81530761719 1070.94226074219 1080.73889160156 1094.14050292969
926.189880371094 922.361083984375 923.071838378906 923.091003417969 918.894836425781 917.153503417969 908.536560058594 912.058227539062 901.398986816406 896.8310546875 894.122009277344 894.149230957031 891.236389160156 894.084899902344 892.850463867188 906.333251953125 912.352905273438 908.738891601562 902.269775390625 906.536193847656 907.369567871094 906.1025390625 911.689270019531 906.108825683594 907.251770019531 916.606079101562 915.041320800781 922.759033203125 924.695739746094 927.699829101562 933.603515625 933.63671875 932.707458496094 953.925109863281 971.419250488281 978.472717285156 978.997680664062 988.417053222656 998.465454101562 1010.32702636719 1026.40771484375 1039.74194335938 1051.248046875 1065.20629882812 1079.65307617188 1099.43103027344
924.076843261719 918.463256835938 924.773864746094 929.549194335938 927.824829101562 922.853271484375 920.246215820312 927.508728027344 914.119445800781 911.469482421875 904.010498046875 900.932373046875 898.454650878906 911.403747558594 904.39453125 912.084533691406 915.925964355469 908.259216308594 903.443969726562 910.4462890625 903.308410644531 903.533630371094 908.046081542969 909.64697265625 907.70849609375 915.095825195312 919.087219238281 927.01220703125 929.343078613281 937.425537109375 935.213134765625 936.007446289062 942.245788574219 947.493896484375 969.142517089844 981.569885253906 975.258117675781 983.589965820312 999.427673339844 1008.20251464844 1020.66064453125 1037.59692382812 1055.64733886719 1071.71960449219 1080.54992675781 1095.75732421875
921.90185546875 927.322387695312 923.107543945312 931.249389648438 931.275268554688 926.396545410156 926.58349609375 923.425842285156 927.02587890625 919.519958496094 916.761596679688 903.886901855469 907.3857421875 916.441711425781 924.136779785156 918.800842285156 925.127685546875 918.292419433594 915.560180664062 911.501281738281 913.7548828125 915.026611328125 907.6416015625 913.53564453125 917.582885742188 908.234130859375 909.882629394531 930.154418945312 935.310424804688 941.89306640625 950.351867675781 946.137268066406 950.535461425781 958.421813964844 973.516784667969 980.251403808594 980.9296875 991.320556640625 995.651977539062 1006.79656982422 1018.50543212891 1030.8330078125 1046.88305664062 1063.31848144531 1079.9755859375 1083.08215332031
934.8330078125 931.093383789062 927.565856933594 929.658203125 927.755615234375 922.915649414062 926.515625 930.471618652344 931.916320800781 926.058776855469 931.353637695312 923.183166503906 922.948364257812 930.220703125 931.443176269531 939.061767578125 932.600341796875 933.746704101562 924.200439453125 920.703857421875 929.237121582031 922.505554199219 923.918151855469 926.607360839844 922.427917480469 918.88916015625 916.5068359375 928.119812011719 942.774536132812 950.164672851562 950.201354980469 953.538696289062 966.523620605469 968.497985839844 978.027587890625 971.923095703125 983.513122558594 989.452758789062 997.720703125 1015.09484863281 1020.87634277344 1034.65661621094 1049.17504882812 1059.95129394531 1076.20556640625 1082.81494140625
944.500732421875 934.380798339844 927.327514648438 932.218688964844 940.117065429688 942.627624511719 934.272155761719 938.902404785156 936.515197753906 934.578796386719 935.655212402344 932.906616210938 940.889404296875 938.747802734375 944.987365722656 951.599914550781 953.538940429688 949.352233886719 951.337890625 930.45263671875 938.192077636719 933.5361328125 924.745361328125 920.828491210938 922.665405273438 922.496337890625 923.315063476562 933.662719726562 942.103271484375 955.746459960938 958.822265625 959.460021972656 973.142333984375 978.510070800781 981.893920898438 970.289306640625 977.364013671875 990.372497558594 991.559448242188 1010.35333251953 1022.08776855469 1031.13305664062 1050.50720214844 1062.40649414062 1073.13928222656 1093.52380371094
939.959167480469 940.678283691406 933.506042480469 941.080078125 947.003173828125 951.726318359375 943.063659667969 949.192993164062 951.248229980469 951.638000488281 949.763061523438 941.203125 950.049682617188 949.563598632812 951.062927246094 954.650024414062 952.349670410156 954.421813964844 951.6767578125 941.96533203125 941.174255371094 935.980346679688 929.482116699219 934.106018066406 907.405517578125 915.009033203125 927.359924316406 944.566955566406 943.700744628906 953.383666992188 953.817749023438 965.010009765625 973.758483886719 979.367309570312 993.174255371094 991.1591796875 987.4462890625 997.536010742188 1004.22045898438 1016.36328125 1026.08825683594 1033.11254882812 1047.08947753906 1063.82458496094 1076.35510253906 1086.21911621094
944.934692382812 938.2998046875 944.344543457031 946.297912597656 959.446472167969 959.177062988281 951.460083007812 959.657165527344 959.356994628906 962.060607910156 956.189453125 952.069580078125 960.189453125 969.684814453125 966.025756835938 963.6220703125 968.992614746094 956.390319824219 956.137878417969 944.335205078125 935.949951171875 931.3486328125 927.981506347656 915.894714355469 911.819274902344 908.524169921875 926.384826660156 944.998107910156 942.837829589844 957.497253417969 956.970336914062 964.877014160156 966.199523925781 984.702026367188 994.453491210938 996.334411621094 1007.78039550781 1010.09161376953 1007.71166992188 1022.12591552734 1029.57788085938 1050.17102050781 1056.35095214844 1063.02746582031 1075.53430175781 1086.46594238281
952.631469726562 947.996154785156 949.253234863281 952.49658203125 958.378723144531 960.449645996094 960.50830078125 972.0380859375 968.272155761719 965.611694335938 961.098937988281 970.557739257812 966.2021484375 973.41552734375 972.912170410156 976.363525390625 977.8740234375 969.201843261719 961.377868652344 947.497802734375 932.31005859375 925.311462402344 929.054382324219 917.287414550781 906.041137695312 918.894653320312 940.028137207031 946.536376953125 953.346740722656 963.86962890625 971.811218261719 978.517395019531 974.537658691406 988.926330566406 997.82763671875 1009.48657226562 1015.84381103516 1024.09436035156 1024.9619140625 1038.20715332031 1044.49145507812 1052.88415527344 1055.5849609375 1070.65588378906 1079.14599609375 1078.47033691406
950.963012695312 962.924926757812 954.427124023438 959.842712402344 970.140502929688 972.222290039062 974.365112304688 974.683776855469 974.319091796875 971.257568359375 970.466674804688 972.8359375 975.146789550781 981.73828125 981.578796386719 983.126220703125 985.780212402344 981.432739257812 967.573547363281 950.497985839844 937.233703613281 930.047973632812 919.297668457031 918.689025878906 921.562805175781 927.465942382812 937.350036621094 947.458740234375 959.882080078125 979.744262695312 975.627014160156 990.741943359375 988.958435058594 992.445739746094 999.175231933594 1020.06927490234 1028.56872558594 1039.8037109375 1041.36376953125 1042.61108398438 1047.90612792969 1056.17309570312 1062.31420898438 1068.724609375 1074.20715332031 1083.82861328125
964.967346191406 972.171630859375 965.986633300781 975.259155273438 997.784118652344 984.311584472656 986.907897949219 987.309387207031 984.703369140625 976.196105957031 983.62841796875 982.653869628906 986.648742675781 982.236145019531 982.044982910156 978.288391113281 988.785583496094 983.492126464844 970.873352050781 956.325439453125 939.371459960938 933.52099609375 921.152893066406 915.473754882812 921.055480957031 927.736389160156 928.055236816406 953.69775390625 964.56005859375 977.690673828125 984.865234375 993.677551269531 991.912841796875 988.099243164062 1004.38171386719 1015.44927978516 1032.65222167969 1038.55249023438 1042.23168945312 1047.39758300781 1051.71215820312 1067.76611328125 1070.49035644531 1070.44580078125 1069.57055664062 1071.77844238281
981.877380371094 992.443420410156 987.44482421875 996.585327148438 1006.30108642578 1009.96771240234 1002.86822509766 993.993896484375 989.448486328125 991.509399414062 985.060119628906 979.219116210938 986.385559082031 989.532348632812 988.80908203125 988.310485839844 989.060791015625 985.497009277344 977.337036132812 967.187805175781 943.454650878906 921.611083984375 923.731750488281 913.67431640625 918.973937988281 925.67041015625 930.667419433594 950.018676757812 965.24609375 980.886535644531 983.763000488281 991.207946777344 987.695129394531 990.265563964844 997.75732421875 1020.15063476562 1033.44653320312 1047.42724609375 1042.17199707031 1056.89111328125 1052.66613769531 1051.1611328125 1073.01806640625 1069.04821777344 1060.56481933594 1066.60705566406
994.621520996094 1000.90106201172 1011.66174316406 1010.10473632812 1017.98590087891 1019.51165771484 1012.55236816406 1006.23602294922 995.249145507812 1001.40478515625 998.572204589844 990.120361328125 992.366516113281 982.566650390625 993.471740722656 994.433288574219 986.009948730469 979.72412109375 968.598388671875 960.734375 947.71630859375 932.606201171875 929.674621582031 922.968078613281 924.883850097656 930.392028808594 935.3857421875 951.847412109375 974.439208984375 990.191528320312 980.230102539062 985.952880859375 989.483154296875 1004.27282714844 1009.34033203125 1029.07556152344 1039.46069335938 1053.13562011719 1060.52661132812 1062.54040527344 1049.28051757812 1061.13488769531 1062.49792480469 1065.15405273438 1058.091796875 1059.29736328125
