data/zlatibor_dem_simulations/DEMsim12.asc
NCOLS 150
NROWS 100
XLLCORNER 7394249
YLLCORNER 4841999
CELLSIZE 30
NODATA_VALUE -9999
[rows 60 to 79 of 100, columns 46 to 91 of 150]
954.028625488281 947.991088867188 950.942199707031 954.685424804688 962.01953125 961.451965332031 963.7998046875 970.9375 972.667358398438 962.427734375 958.726196289062 964.680480957031 969.744018554688 964.466430664062 961.235534667969 952.977722167969 959.705383300781 949.323364257812 947.619079589844 958.884338378906 963.45458984375 959.709777832031 960.614990234375 962.730651855469 963.016479492188 956.758605957031 965.406127929688 959.911254882812 966.777038574219 969.956604003906 962.975891113281 965.434875488281 965.013549804688 969.338439941406 967.90234375 962.620666503906 966.6669921875 974.325500488281 981.950744628906 970.960327148438 964.24658203125 974.269714355469 967.103698730469 970.948669433594 970.242736816406 964.107727050781
940.377624511719 944.525085449219 952.983459472656 953.9462890625 955.275329589844 965.646301269531 977.364685058594 971.362060546875 966.071533203125 963.551208496094 960.792114257812 961.749633789062 964.185974121094 960.688903808594 965.057495117188 961.784545898438 962.946960449219 954.275939941406 956.326477050781 950.727294921875 962.733825683594 963.540710449219 958.307739257812 964.08642578125 961.736145019531 963.891235351562 979.157836914062 974.618774414062 970.072387695312 961.734375 966.744323730469 967.563598632812 960.923217773438 966.46240234375 967.291320800781 967.234008789062 973.842041015625 975.187866210938 970.915222167969 969.612426757812 972.965576171875 973.556457519531 969.762390136719 975.108276367188 971.218872070312 969.904541015625
949.284973144531 951.046997070312 949.237121582031 954.659606933594 955.501708984375 964.241638183594 976.85986328125 975.494445800781 977.600830078125 971.80859375 970.632263183594 961.957397460938 966.073059082031 965.8984375 962.989929199219 962.398376464844 970.475158691406 962.718383789062 957.266357421875 964.868896484375 967.289184570312 973.342712402344 968.837524414062 967.761169433594 969.098876953125 977.679870605469 973.65869140625 975.015930175781 971.115112304688 968.749389648438 974.339050292969 967.94189453125 961.635559082031 970.30419921875 968.670532226562 972.466247558594 973.141296386719 968.079406738281 963.943237304688 972.340026855469 973.963623046875 982.367736816406 972.217651367188 975.092529296875 969.884094238281 971.93017578125
954.748840332031 959.570373535156 967.763305664062 965.153442382812 971.069580078125 977.144897460938 979.778747558594 977.844360351562 969.865600585938 972.269653320312 971.255981445312 976.361267089844 969.940246582031 970.862548828125 961.680358886719 965.359924316406 965.005920410156 967.511108398438 962.704528808594 967.161376953125 975.416748046875 970.096862792969 966.625915527344 967.397155761719 971.617736816406 976.380249023438 968.746948242188 968.746276855469 971.967834472656 969.341186523438 976.88916015625 974.529296875 969.755493164062 975.554504394531 977.734619140625 981.0205078125 976.34228515625 972.4755859375 966.147766113281 966.421813964844 973.005676269531 974.9912109375 974.887573242188 969.052429199219 973.414855957031 972.831237792969
955.892944335938 965.6435546875 966.153747558594 978.840454101562 982.756652832031 986.715576171875 976.295776367188 968.613037109375 971.238830566406 976.140075683594 971.252380371094 973.494750976562 970.706604003906 965.988891601562 965.488220214844 961.136901855469 963.469848632812 961.2197265625 971.126220703125 977.356811523438 974.48779296875 979.502563476562 959.943298339844 965.394409179688 976.041198730469 973.816284179688 974.353210449219 972.111633300781 975.974487304688 985.87646484375 980.228942871094 977.327392578125 975.166564941406 983.382141113281 974.748474121094 979.024230957031 978.316528320312 983.357543945312 977.661804199219 980.572387695312 982.746337890625 982.809814453125 983.769775390625 974.9794921875 981.618896484375 981.255187988281
961.096740722656 963.447875976562 966.678405761719 976.935607910156 993.082275390625 982.645935058594 977.337219238281 971.261840820312 970.255859375 978.599060058594 976.720520019531 978.722412109375 974.767578125 971.514892578125 968.071655273438 960.60791015625 957.237854003906 960.425415039062 963.217407226562 970.647033691406 979.726501464844 973.668518066406 970.102600097656 970.60986328125 970.329467773438 976.835998535156 979.270690917969 984.173461914062 984.212707519531 981.566162109375 972.752624511719 975.929260253906 983.369995117188 974.505554199219 977.437133789062 977.371459960938 980.122680664062 982.799682617188 980.376525878906 976.384582519531 987.420166015625 977.156311035156 975.083679199219 981.482788085938 984.361145019531 975.427368164062
966.350158691406 961.451721191406 966.041015625 975.273193359375 987.387756347656 984.804260253906 979.372680664062 977.146057128906 974.03955078125 975.874084472656 971.187927246094 977.393371582031 973.294982910156 976.116821289062 960.917602539062 961.808410644531 968.660705566406 960.904479980469 965.512634277344 978.834838867188 980.989013671875 979.266174316406 969.610412597656 968.469482421875 972.750549316406 971.940246582031 976.389892578125 977.716735839844 980.988586425781 977.229187011719 968.127746582031 968.540466308594 981.431518554688 976.839233398438 979.896911621094 968.703308105469 972.172241210938 975.4130859375 978.41845703125 987.129089355469 990.291931152344 982.207397460938 974.197570800781 976.316467285156 976.830078125 975.009399414062
969.024230957031 971.506408691406 971.700744628906 976.039306640625 984.028991699219 970.642639160156 973.081115722656 977.199890136719 966.658081054688 966.1533203125 966.055908203125 977.01904296875 972.788818359375 974.09033203125 968.752746582031 968.897888183594 972.755615234375 970.990173339844 960.6982421875 971.072021484375 975.217956542969 974.214721679688 968.250915527344 968.663635253906 971.082824707031 975.657104492188 979.995727539062 975.804992675781 971.878356933594 973.858032226562 971.285278320312 960.914184570312 969.205749511719 962.761840820312 961.683959960938 968.709594726562 975.067016601562 980.885864257812 985.564270019531 989.859130859375 986.85205078125 985.86279296875 976.20166015625 981.632690429688 969.033630371094 974.547546386719
977.658935546875 982.355041503906 982.991760253906 986.07470703125 977.664001464844 974.907775878906 972.709533691406 974.155883789062 968.602416992188 971.707641601562 958.676696777344 971.682556152344 970.482299804688 961.9912109375 970.756164550781 964.246032714844 972.83447265625 972.233581542969 968.48388671875 966.433288574219 974.236022949219 963.773803710938 959.745727539062 968.998046875 969.032592773438 973.895935058594 977.172424316406 975.495727539062 974.460021972656 974.217407226562 973.81494140625 963.717956542969 977.807800292969 972.369140625 970.134582519531 966.779174804688 970.726867675781 970.075317382812 981.489868164062 984.819213867188 980.298828125 982.404663085938 988.775024414062 972.99853515625 976.128784179688 969.977294921875
978.755859375 987.310119628906 981.401000976562 987.493041992188 984.182861328125 984.846374511719 980.453369140625 969.043212890625 968.626098632812 970.922912597656 973.08984375 974.307373046875 962.173583984375 960.127319335938 973.373107910156 971.168395996094 983.785217285156 972.630310058594 966.758483886719 967.217346191406 967.603393554688 963.279235839844 966.259216308594 970.142944335938 964.022888183594 973.639587402344 977.624694824219 980.899841308594 972.404846191406 978.198059082031 985.177795410156 981.44091796875 967.519409179688 964.801147460938 978.17626953125 972.735046386719 979.321228027344 982.36767578125 980.449035644531 987.586364746094 987.050537109375 981.164123535156 970.087097167969 970.440673828125 971.868286132812 977.715759277344
988.292297363281 988.926574707031 989.139038085938 994.40576171875 997.216186523438 987.972961425781 984.448608398438 981.335083007812 971.36376953125 975.357238769531 969.7392578125 961.033996582031 970.921875 968.283325195312 968.0078125 978.634704589844 969.584716796875 970.392944335938 971.227844238281 967.9990234375 963.7099609375 973.090515136719 970.490417480469 972.133361816406 975.756896972656 982.549438476562 986.2802734375 988.723876953125 979.867736816406 978.950134277344 988.121948242188 981.619079589844 969.477233886719 977.90966796875 967.699035644531 976.101684570312 983.576843261719 987.125122070312 985.962585449219 982.510864257812 985.43701171875 985.865173339844 982.888916015625 977.797119140625 975.044860839844 972.079833984375
993.461975097656 989.909362792969 989.297180175781 999.321166992188 996.533630371094 995.792663574219 990.906616210938 976.534362792969 989.359741210938 972.787963867188 973.814025878906 971.14404296875 969.185791015625 974.876098632812 979.994812011719 982.723327636719 978.911865234375 971.006652832031 962.440185546875 969.442016601562 969.088012695312 978.349243164062 980.397888183594 979.154357910156 969.378784179688 975.58203125 979.266967773438 987.875610351562 990.1669921875 991.083068847656 981.000183105469 977.724609375 974.377258300781 973.037109375 976.147094726562 986.939514160156 985.106567382812 986.180541992188 983.541076660156 990.233093261719 980.967407226562 989.173950195312 983.98974609375 983.05322265625 980.787658691406 987.803527832031
997.688354492188 992.699279785156 1002.26898193359 1005.94525146484 1000.19256591797 992.71484375 989.284301757812 987.168823242188 982.650207519531 973.884643554688 973.8974609375 981.794189453125 973.511474609375 976.257995605469 977.42529296875 979.015502929688 974.931030273438 963.464538574219 957.086547851562 971.903503417969 974.974426269531 979.744079589844 979.484924316406 977.932861328125 975.958984375 979.937927246094 976.0654296875 990.01025390625 989.398376464844 991.707580566406 983.519897460938 987.281616210938 979.047607421875 983.418029785156 973.164428710938 977.489685058594 980.436401367188 990.632080078125 993.551391601562 989.642150878906 993.892333984375 989.637573242188 989.911376953125 986.215454101562 984.600036621094 983.557739257812
998.592468261719 996.957092285156 1006.78192138672 1001.23303222656 1007.63110351562 997.303771972656 985.66650390625 986.620910644531 986.245849609375 976.102966308594 972.408874511719 978.61279296875 984.289367675781 974.353637695312 976.6630859375 980.886047363281 969.49755859375 970.996643066406 967.276672363281 971.264343261719 975.017883300781 981.852844238281 977.572570800781 978.813659667969 982.930297851562 982.547119140625 991.333679199219 998.241027832031 999.080261230469 998.885009765625 993.182922363281 988.247436523438 992.372863769531 984.304992675781 982.632629394531 980.074645996094 981.793579101562 1000.52484130859 997.975769042969 991.973266601562 986.061218261719 985.667297363281 989.061889648438 990.923461914062 986.755920410156 984.375366210938
1012.55010986328 1008.22064208984 1017.86608886719 1008.27630615234 1006.93328857422 997.453552246094 985.427795410156 974.863098144531 982.774536132812 983.413696289062 982.074279785156 987.980407714844 978.318298339844 980.101623535156 976.605407714844 971.480895996094 966.789367675781 963.466247558594 970.0927734375 961.591247558594 970.79150390625 971.211120605469 981.195495605469 983.134948730469 985.028991699219 988.127258300781 998.175659179688 1006.33422851562 1011.34704589844 1003.87854003906 1006.64343261719 999.459289550781 986.970947265625 996.2265625 988.661987304688 982.490844726562 983.660949707031 992.082824707031 996.319396972656 996.528381347656 995.828979492188 991.903503417969 995.129943847656 987.433715820312 979.763061523438 978.962036132812
1018.57733154297 1014.09765625 1018.18493652344 1015.01165771484 1009.26086425781 999.385375976562 985.243408203125 986.090209960938 979.52685546875 986.345153808594 979.593811035156 987.153686523438 982.65234375 976.824340820312 978.9072265625 972.710021972656 965.452697753906 966.334655761719 973.417846679688 969.707641601562 967.297790527344 981.282165527344 991.547058105469 985.771789550781 982.921569824219 985.273010253906 998.383666992188 1002.16473388672 1011.44873046875 1007.34289550781 1006.64428710938 1007.03912353516 1001.26171875 995.379150390625 988.732177734375 985.722595214844 985.520202636719 986.166931152344 998.704833984375 992.301086425781 990.418151855469 992.778930664062 997.637512207031 995.357788085938 985.417907714844 984.970886230469
1025.06799316406 1018.05902099609 1019.43450927734 1021.30554199219 1012.98181152344 1005.13403320312 989.550476074219 983.721923828125 977.835388183594 980.826293945312 981.553283691406 982.263488769531 978.100036621094 981.302185058594 979.2509765625 977.020690917969 977.306884765625 965.839416503906 976.196533203125 977.034912109375 972.607482910156 973.189147949219 982.653747558594 983.781372070312 990.708862304688 984.812316894531 997.418640136719 999.20263671875 994.882080078125 1002.99645996094 1007.48852539062 1012.58746337891 1010.87567138672 1000.64447021484 999.168151855469 992.586730957031 991.838012695312 991.846130371094 999.23828125 995.286804199219 992.597412109375 990.469665527344 1000.59375 991.6748046875 990.26123046875 991.057983398438
1022.35034179688 1017.23889160156 1016.71588134766 1013.72399902344 1011.14422607422 999.768249511719 997.131286621094 993.157165527344 982.9072265625 989.546325683594 985.812683105469 988.523681640625 984.697082519531 985.233825683594 993.785705566406 980.990173339844 970.110534667969 962.146789550781 968.754333496094 973.906005859375 971.390075683594 972.928405761719 985.795593261719 994.640441894531 983.8359375 980.721618652344 995.778503417969 989.719970703125 994.132690429688 984.966064453125 993.244995117188 1000.54327392578 1001.89410400391 1008.23718261719 1005.15625 1000.4892578125 999.611999511719 1000.57135009766 994.669494628906 997.153625488281 1003.07775878906 1001.50891113281 992.400268554688 997.893371582031 990.453125 991.654357910156
1017.36340332031 1022.10113525391 1023.42651367188 1015.12469482422 1010.63165283203 1003.23492431641 998.790771484375 1000.60046386719 993.339233398438 999.999267578125 984.319641113281 978.925964355469 980.04150390625 986.878173828125 989.282592773438 983.380737304688 972.217407226562 964.846313476562 969.558837890625 974.748413085938 971.688415527344 977.396240234375 981.957397460938 988.668518066406 998.144470214844 988.228271484375 983.688171386719 986.445617675781 985.056823730469 989.536376953125 995.432800292969 994.905517578125 998.871398925781 1008.20959472656 1007.82830810547 1016.63055419922 1004.20959472656 997.815979003906 996.272644042969 998.192565917969 997.7802734375 989.040588378906 992.800231933594 989.415283203125 995.440856933594 993.772583007812
1015.91021728516 1025.30932617188 1023.97052001953 1022.41174316406 1014.45812988281 1008.26263427734 994.649780273438 993.610168457031 993.217346191406 993.814575195312 986.236877441406 984.7529296875 977.894958496094 983.511413574219 983.632995605469 986.426818847656 986.0498046875 973.450561523438 965.003112792969 976.906372070312 972.456115722656 974.828979492188 970.737365722656 986.718994140625 992.403686523438 992.120971679688 983.807739257812 981.326049804688 985.156127929688 986.374572753906 987.919921875 990.5986328125 998.291625976562 1008.96752929688 1005.33740234375 1003.52813720703 1005.46502685547 993.191345214844 998.1904296875 1001.25421142578 998.032470703125 990.006469726562 992.602844238281 995.23095703125 997.027526855469 990.468383789062
