data/zlatibor_dem_simulations/DEMsim28.asc
NCOLS 150
NROWS 100
XLLCORNER 7394249
YLLCORNER 4841999
CELLSIZE 30
NODATA_VALUE -9999
[rows 80 to 99 of 100, columns 0 to 45 of 150]
961.717956542969 950.108093261719 946.812683105469 930.666381835938 926.214782714844 938.065490722656 935.469909667969 935.078735351562 937.322082519531 948.723449707031 958.273559570312 968.04833984375 977.160522460938 975.973022460938 972.782775878906 968.50390625 968.7646484375 974.3974609375 979.279113769531 973.688354492188 980.004089355469 987.860900878906 990.603454589844 996.848571777344 992.935302734375 985.733276367188 989.295837402344 985.066162109375 983.397827148438 982.635559082031 986.788696289062 984.303894042969 980.733642578125 977.115783691406 980.844543457031 981.581420898438 986.750732421875 985.845153808594 998.282165527344 1001.61193847656 999.650512695312 1001.01434326172 998.984558105469 1009.22143554688 1008.81982421875 1010.57312011719
961.323974609375 959.405578613281 952.105163574219 939.078186035156 931.451843261719 938.041076660156 935.181579589844 932.715148925781 939.408935546875 948.951110839844 963.144653320312 970.325622558594 973.273315429688 978.8251953125 975.877685546875 977.347229003906 963.809265136719 968.860473632812 972.446350097656 968.588134765625 980.410400390625 983.937316894531 985.396606445312 986.487426757812 987.350708007812 983.523986816406 984.149230957031 987.130920410156 975.8720703125 982.771606445312 988.208068847656 974.200866699219 982.420166015625 976.273559570312 974.837036132812 982.731994628906 972.908142089844 994.797119140625 999.430236816406 986.928588867188 990.457885742188 992.709777832031 995.186218261719 996.234680175781 998.742736816406 996.780700683594
963.418395996094 966.791687011719 957.271484375 948.10888671875 943.131652832031 950.051025390625 941.493896484375 939.324768066406 939.26171875 950.764465332031 966.337280273438 972.687561035156 973.785095214844 972.390869140625 977.591430664062 967.023376464844 965.121643066406 968.73681640625 967.335815429688 972.098205566406 975.096557617188 981.149536132812 973.212036132812 981.464294433594 982.111877441406 974.685241699219 974.716064453125 977.575744628906 972.860168457031 972.34765625 970.31396484375 974.876953125 972.789855957031 970.931518554688 984.556579589844 975.1064453125 978.998657226562 985.51318359375 984.3271484375 984.375061035156 987.902038574219 981.947937011719 985.391845703125 998.184814453125 1000.7353515625 994.190612792969
975.222290039062 961.439758300781 950.192443847656 943.813720703125 940.282653808594 936.491638183594 940.355224609375 936.866882324219 933.143676757812 945.646118164062 961.488525390625 968.862487792969 972.367248535156 968.443237304688 969.438171386719 968.709594726562 967.907409667969 965.502807617188 961.886901855469 970.064025878906 969.080200195312 966.427307128906 961.303771972656 968.24267578125 963.194763183594 968.614562988281 959.78759765625 965.608947753906 969.552368164062 963.088073730469 963.327270507812 966.008056640625 972.879028320312 976.128051757812 981.578430175781 977.765625 979.442810058594 978.718811035156 973.697448730469 972.134033203125 980.720703125 981.600524902344 992.067687988281 995.013061523438 997.372741699219 985.223083496094
965.562072753906 953.536804199219 946.629821777344 936.263244628906 936.240295410156 937.590026855469 938.722778320312 942.933166503906 937.788879394531 938.029235839844 955.703430175781 962.869262695312 962.673706054688 956.051818847656 955.744140625 954.662170410156 957.589477539062 963.7158203125 958.416442871094 967.06982421875 959.568237304688 956.419738769531 945.827941894531 954.316650390625 954.690368652344 957.329040527344 962.142639160156 965.075256347656 966.488830566406 969.946166992188 957.200988769531 963.72607421875 966.542114257812 964.927551269531 976.705505371094 979.554565429688 978.201965332031 976.953369140625 976.0859375 971.420288085938 972.414001464844 979.690002441406 985.262878417969 993.393737792969 987.624389648438 980.926818847656
955.761901855469 938.274841308594 931.108947753906 935.346252441406 940.041137695312 943.278198242188 937.400268554688 940.138427734375 939.818908691406 939.775695800781 952.010375976562 960.907958984375 955.247985839844 953.633911132812 954.739868164062 949.087646484375 953.103515625 956.555786132812 958.670288085938 963.545104980469 962.101806640625 954.521118164062 944.571655273438 942.785949707031 957.683715820312 955.282470703125 954.87353515625 958.593872070312 961.373596191406 961.538452148438 963.404235839844 961.929443359375 964.293701171875 969.870361328125 982.99169921875 986.027099609375 984.184997558594 979.741394042969 976.610168457031 977.002563476562 974.193603515625 977.489990234375 980.449279785156 991.005981445312 986.943664550781 982.311767578125
932.841186523438 926.665710449219 930.602966308594 935.7958984375 942.456420898438 944.398315429688 944.471801757812 938.266662597656 938.202087402344 946.556030273438 948.22314453125 950.292541503906 955.749328613281 958.413757324219 954.185180664062 950.069641113281 953.855407714844 958.441162109375 961.065795898438 964.384033203125 963.793762207031 949.84375 949.3994140625 942.953857421875 943.851013183594 957.997009277344 958.835632324219 959.1982421875 965.104125976562 958.430297851562 959.618957519531 964.671752929688 963.188781738281 961.405517578125 965.451965332031 974.33447265625 986.977233886719 974.046813964844 968.004150390625 970.375549316406 970.221374511719 974.217346191406 980.115966796875 977.73046875 984.387756347656 986.3076171875
942.280822753906 929.820190429688 932.929992675781 937.460754394531 943.911437988281 945.60302734375 951.924987792969 948.782287597656 946.391235351562 947.205688476562 942.18994140625 951.622009277344 964.1611328125 958.698181152344 948.435852050781 947.100952148438 957.369445800781 952.933959960938 955.423950195312 960.699523925781 962.223205566406 957.574096679688 956.354370117188 954.176879882812 949.968566894531 953.2861328125 962.980590820312 964.523315429688 969.16064453125 962.379089355469 957.408447265625 965.801940917969 962.508361816406 964.706176757812 961.825866699219 965.004760742188 974.44287109375 967.252258300781 967.878051757812 967.784423828125 970.990295410156 969.813781738281 986.90234375 978.470336914062 981.10400390625 992.117919921875
952.117614746094 949.86669921875 949.029113769531 951.549377441406 942.671447753906 945.163391113281 950.374267578125 945.573791503906 949.794677734375 941.630065917969 947.756530761719 948.05322265625 952.286315917969 955.232666015625 942.4365234375 946.872619628906 950.747009277344 959.107421875 959.726928710938 958.807434082031 957.112426757812 960.603576660156 961.3310546875 959.163757324219 967.326843261719 961.844482421875 956.951232910156 956.323303222656 970.729125976562 964.198913574219 966.240478515625 965.398864746094 963.870239257812 960.41015625 962.575378417969 965.355346679688 964.93017578125 970.644287109375 970.148254394531 968.601928710938 971.437683105469 973.031127929688 972.983764648438 979.240356445312 982.88330078125 993.432373046875
955.595153808594 955.995788574219 956.779907226562 956.532958984375 952.210388183594 948.308898925781 946.445617675781 952.173767089844 948.882080078125 945.359436035156 949.252685546875 951.680236816406 953.333801269531 956.828979492188 949.985656738281 956.651977539062 961.2099609375 970.777465820312 968.987487792969 965.837951660156 951.128662109375 958.236389160156 963.889953613281 964.321350097656 970.424194335938 960.71923828125 959.077331542969 962.2119140625 969.061218261719 971.290710449219 964.584289550781 964.879089355469 965.436828613281 965.649230957031 962.444152832031 968.026428222656 965.467712402344 968.685791015625 963.548889160156 966.46435546875 970.360412597656 976.119384765625 973.034851074219 981.361022949219 976.116455078125 985.678771972656
965.050231933594 960.908386230469 954.5908203125 951.794311523438 959.078186035156 962.828369140625 946.748840332031 957.010803222656 951.570495605469 946.269775390625 955.934265136719 960.06201171875 957.494140625 955.870483398438 959.8134765625 969.942199707031 969.89453125 969.990783691406 969.926879882812 965.097412109375 959.348693847656 958.412780761719 963.071350097656 962.810180664062 963.93505859375 965.737915039062 962.439575195312 966.841369628906 972.719970703125 966.727783203125 978.038696289062 968.792785644531 971.802673339844 968.905639648438 971.309997558594 965.710327148438 965.451782226562 966.498840332031 964.890258789062 970.857116699219 959.187133789062 979.691955566406 972.619689941406 973.610473632812 976.000183105469 984.690124511719
964.508117675781 960.406677246094 957.730041503906 958.028747558594 953.665405273438 951.946960449219 951.249267578125 952.070007324219 959.651672363281 962.344421386719 961.101806640625 965.413513183594 966.580810546875 967.579711914062 968.135925292969 967.384155273438 978.085388183594 973.733459472656 961.208068847656 958.672058105469 951.683349609375 960.248352050781 967.64208984375 959.849670410156 965.747009277344 964.390075683594 964.784423828125 961.73291015625 965.455078125 971.689697265625 970.516357421875 975.287536621094 975.362243652344 975.669677734375 973.638366699219 972.837097167969 975.110778808594 968.798950195312 966.125366210938 964.911682128906 960.650695800781 967.002868652344 967.942504882812 968.208312988281 972.03564453125 979.988159179688
964.077453613281 969.875122070312 961.888671875 963.566040039062 956.620544433594 954.814270019531 949.590454101562 943.392395019531 952.1435546875 953.617004394531 957.436340332031 965.434814453125 969.613220214844 970.475891113281 969.338806152344 979.496154785156 978.236145019531 962.674194335938 957.386169433594 956.469421386719 960.268798828125 958.255554199219 963.793273925781 966.37158203125 958.884582519531 963.618103027344 961.672607421875 972.479675292969 971.894409179688 962.86865234375 966.553039550781 963.706848144531 967.171447753906 967.946594238281 974.552612304688 971.819458007812 973.205688476562 977.151794433594 980.793701171875 970.200805664062 967.414733886719 964.762573242188 976.102416992188 963.732116699219 966.737365722656 976.657775878906
972.8681640625 969.653564453125 963.618103027344 958.955078125 965.354553222656 961.256713867188 946.621765136719 948.900756835938 953.044372558594 956.438781738281 954.554565429688 959.853149414062 965.493225097656 969.256652832031 974.848999023438 979.783996582031 977.379577636719 967.599426269531 964.767944335938 961.984619140625 953.500183105469 951.455505371094 963.922546386719 961.821105957031 970.925415039062 963.303527832031 962.95703125 965.671936035156 968.904663085938 970.524108886719 963.932800292969 963.992309570312 968.893981933594 964.57763671875 969.453247070312 971.444213867188 975.708862304688 976.756469726562 979.108642578125 983.234191894531 968.550048828125 972.006225585938 969.040710449219 964.316650390625 970.857666015625 971.230346679688
969.932739257812 972.723754882812 964.457458496094 961.790893554688 955.028625488281 958.220031738281 946.44873046875 943.73388671875 948.64990234375 959.978942871094 961.167053222656 965.005798339844 976.3017578125 976.776245117188 969.800842285156 965.43994140625 969.010986328125 976.147338867188 980.272338867188 983.166870117188 970.340209960938 969.019897460938 966.775939941406 970.907775878906 971.6669921875 966.332641601562 965.560729980469 967.635498046875 974.541381835938 979.166381835938 963.553649902344 962.82470703125 963.936340332031 969.208068847656 969.354797363281 962.798217773438 966.679382324219 965.582885742188 970.554992675781 975.403381347656 978.836181640625 972.202270507812 976.10107421875 968.312622070312 976.383544921875 970.202209472656
964.279602050781 970.307922363281 966.462097167969 966.688903808594 966.074096679688 954.803039550781 946.787963867188 947.560241699219 945.004699707031 959.704162597656 959.755004882812 961.065795898438 976.270080566406 989.693359375 983.282897949219 978.589294433594 974.496948242188 979.481018066406 978.125732421875 982.567993164062 969.878601074219 974.341857910156 974.479064941406 973.87353515625 976.604064941406 971.377868652344 972.079284667969 962.357238769531 975.618041992188 979.161743164062 971.057067871094 964.109008789062 959.088989257812 962.71240234375 956.467224121094 960.297424316406 964.598999023438 968.323120117188 973.6669921875 983.529602050781 979.447082519531 978.360290527344 978.4052734375 973.135559082031 973.276245117188 977.431274414062
962.1884765625 959.681213378906 953.324951171875 959.867309570312 961.724548339844 961.349792480469 943.1923828125 945.119079589844 947.6630859375 949.519470214844 953.348083496094 955.609252929688 975.119506835938 979.3359375 984.993103027344 980.318115234375 981.950988769531 982.398803710938 973.1337890625 978.935607910156 977.262756347656 970.2099609375 974.495849609375 972.094299316406 974.539306640625 972.41650390625 968.376647949219 961.240417480469 965.082214355469 970.951904296875 967.936767578125 962.386840820312 963.580505371094 959.385314941406 960.928100585938 966.071594238281 968.485412597656 972.833801269531 975.019714355469 978.597900390625 976.876403808594 973.789306640625 973.460998535156 977.989990234375 977.075622558594 976.037902832031
967.368713378906 956.658508300781 952.758178710938 943.604370117188 953.945617675781 950.288452148438 941.379455566406 943.636596679688 947.375915527344 949.078796386719 953.419860839844 973.652160644531 975.235412597656 972.242492675781 980.638732910156 980.852722167969 978.236694335938 980.410827636719 975.072875976562 980.773864746094 973.460205078125 972.581115722656 975.225830078125 975.747436523438 974.674987792969 973.592712402344 965.9189453125 958.801940917969 959.856506347656 958.57470703125 958.710205078125 956.103637695312 958.239807128906 959.731994628906 969.351989746094 967.573913574219 974.24755859375 971.469482421875 974.882141113281 978.508728027344 977.606994628906 981.389831542969 976.0244140625 974.567749023438 981.623046875 974.04052734375
961.361633300781 944.961791992188 937.10986328125 937.073425292969 940.440063476562 947.681457519531 946.566711425781 943.356323242188 948.406799316406 954.566955566406 964.915344238281 972.396667480469 977.541748046875 976.042236328125 973.841003417969 973.869995117188 975.549987792969 974.001281738281 974.251098632812 978.354431152344 968.934326171875 967.274169921875 971.172302246094 976.143920898438 973.137268066406 969.017822265625 968.48486328125 956.671997070312 962.483032226562 950.653015136719 955.195251464844 965.254516601562 963.9716796875 966.1376953125 973.397644042969 964.613159179688 978.637268066406 969.499694824219 978.765502929688 978.105834960938 982.535522460938 987.260925292969 978.712341308594 972.327941894531 983.917663574219 990.950927734375
953.631774902344 952.18701171875 938.495239257812 936.139221191406 940.014343261719 953.203857421875 950.80322265625 958.170288085938 960.901794433594 971.734558105469 973.290466308594 975.934204101562 979.447448730469 981.769836425781 968.420532226562 972.5966796875 983.119323730469 980.418151855469 985.494323730469 977.484680175781 973.026428222656 969.403198242188 967.445190429688 979.964294433594 977.900939941406 963.916259765625 963.499145507812 964.223693847656 956.989135742188 958.033630371094 960.968566894531 974.157470703125 969.912475585938 969.410827636719 970.83984375 961.630249023438 974.330932617188 976.425476074219 984.361206054688 982.778381347656 978.751770019531 989.880004882812 984.345397949219 976.430847167969 998.846374511719 994.677612304688
