data/zlatibor_dem_simulations/DEMsim15.asc
NCOLS 150
NROWS 100
XLLCORNER 7394249
YLLCORNER 4841999
CELLSIZE 30
NODATA_VALUE -9999
[rows 60 to 79 of 100, columns 46 to 91 of 150]
952.492858886719 956.154113769531 952.618530273438 951.318481445312 950.744018554688 945.603271484375 954.475219726562 958.995483398438 960.589721679688 959.21728515625 954.809143066406 957.044128417969 959.966674804688 957.166748046875 966.469787597656 959.765808105469 967.113098144531 966.557312011719 967.972595214844 968.234252929688 971.400512695312 957.688171386719 954.653503417969 956.454650878906 959.5107421875 959.964782714844 959.986022949219 961.43017578125 963.96240234375 966.060668945312 969.14501953125 963.127380371094 965.603515625 966.361206054688 976.669860839844 978.238403320312 964.723937988281 972.219909667969 970.637451171875 966.111572265625 965.484497070312 964.50537109375 969.123168945312 976.471618652344 972.048522949219 972.2255859375
955.005004882812 955.390075683594 956.395690917969 949.24072265625 952.588684082031 952.476318359375 948.89794921875 954.312866210938 956.092041015625 960.401000976562 957.659729003906 960.455749511719 961.590454101562 959.116333007812 967.429260253906 974.387939453125 971.944213867188 972.670776367188 979.131103515625 974.362121582031 968.088317871094 960.956420898438 963.568298339844 958.9072265625 963.998413085938 966.031372070312 965.474060058594 972.7001953125 967.776672363281 966.510864257812 965.432739257812 971.363037109375 968.684631347656 971.635375976562 971.246154785156 979.578186035156 975.141906738281 981.303771972656 971.076354980469 968.262329101562 968.930419921875 967.783630371094 970.11767578125 972.385314941406 975.810119628906 969.590270996094
950.460632324219 951.121215820312 960.192321777344 958.326232910156 952.778564453125 952.494689941406 947.335083007812 953.0400390625 942.346313476562 962.3876953125 960.258361816406 964.754455566406 963.828308105469 970.152893066406 970.472229003906 973.5341796875 983.078063964844 984.305114746094 973.190124511719 978.772155761719 978.592895507812 973.607849121094 971.215759277344 964.845275878906 963.775146484375 969.013488769531 975.277282714844 970.591735839844 971.799560546875 969.966064453125 964.169372558594 958.721984863281 961.216247558594 972.638793945312 982.02880859375 977.025390625 985.285705566406 974.755798339844 972.20751953125 969.683532714844 975.516174316406 972.943664550781 970.413635253906 969.141845703125 968.686096191406 972.102294921875
949.816528320312 947.507751464844 960.516296386719 957.94677734375 952.950256347656 952.273254394531 944.391235351562 948.244445800781 948.997619628906 959.026000976562 950.110046386719 965.306579589844 964.225769042969 973.30810546875 970.607849121094 965.156372070312 977.74560546875 981.571594238281 974.006286621094 976.821655273438 990.078491210938 982.272216796875 983.312194824219 970.481811523438 976.47705078125 979.576110839844 982.206115722656 969.674621582031 970.510070800781 968.869812011719 954.564880371094 961.533996582031 969.260986328125 973.37060546875 971.850891113281 982.630859375 978.868896484375 975.401672363281 973.106201171875 984.00927734375 976.562744140625 972.680541992188 963.535034179688 961.426452636719 965.171997070312 967.597717285156
950.016418457031 956.599182128906 960.315002441406 957.28857421875 949.193603515625 948.588928222656 944.024780273438 957.770446777344 952.329833984375 960.701782226562 954.916381835938 956.808349609375 967.568481445312 971.839538574219 968.054382324219 972.461486816406 976.8896484375 982.598876953125 972.201110839844 972.125732421875 974.264343261719 978.693725585938 989.312255859375 972.948425292969 985.016723632812 984.394592285156 981.536499023438 977.736389160156 974.946105957031 959.470642089844 958.897705078125 970.027099609375 968.503845214844 972.548156738281 982.622680664062 987.098083496094 980.102233886719 979.94921875 979.063232421875 978.180419921875 990.4423828125 978.771545410156 982.737731933594 972.657409667969 983.7158203125 983.183044433594
961.045104980469 967.37939453125 968.560729980469 959.256042480469 955.898376464844 950.4658203125 950.497497558594 964.207397460938 964.181762695312 975.085083007812 962.679565429688 965.570251464844 967.048889160156 973.261840820312 972.778259277344 965.270568847656 967.89697265625 971.501708984375 961.650146484375 967.073486328125 968.398010253906 972.971557617188 978.045288085938 970.032775878906 980.356994628906 987.130004882812 993.671508789062 984.084411621094 978.126403808594 978.548645019531 966.234008789062 961.578308105469 966.335083007812 970.703735351562 973.024291992188 971.808776855469 979.328063964844 973.544921875 982.278564453125 983.231262207031 980.625 983.488464355469 978.30078125 986.372192382812 974.414184570312 976.899963378906
951.978149414062 974.074035644531 980.304260253906 961.269165039062 963.15478515625 958.959045410156 956.642150878906 961.764526367188 964.20361328125 966.8837890625 973.017639160156 967.386535644531 976.3330078125 975.929321289062 969.555480957031 960.946350097656 960.792785644531 965.476745605469 962.678039550781 958.351501464844 964.526611328125 971.417541503906 976.251098632812 966.954345703125 977.928649902344 987.373107910156 991.007202148438 983.220397949219 974.392150878906 971.554931640625 962.699584960938 969.384765625 972.444580078125 976.193969726562 969.068481445312 967.97265625 975.967224121094 977.413818359375 985.505676269531 986.722900390625 987.108215332031 980.021484375 985.75390625 986.523376464844 974.731506347656 965.736450195312
969.874938964844 975.810302734375 977.231872558594 978.220764160156 977.999938964844 979.717468261719 977.248718261719 965.025085449219 967.848083496094 967.487915039062 974.420166015625 972.723205566406 968.975036621094 973.174438476562 967.699340820312 962.754943847656 960.057495117188 961.643493652344 967.000732421875 967.484497070312 966.403137207031 966.823303222656 979.834045410156 973.786010742188 979.158447265625 989.323791503906 986.971618652344 977.384948730469 984.693603515625 970.322021484375 964.253479003906 964.982299804688 972.752380371094 977.377685546875 975.3427734375 976.037902832031 976.042602539062 983.474243164062 982.828918457031 986.480712890625 984.172058105469 978.686889648438 980.02587890625 979.946533203125 979.158752441406 979.213928222656
973.756286621094 986.01123046875 983.107604980469 984.081848144531 997.621520996094 987.273010253906 974.407836914062 972.736877441406 967.601257324219 970.210388183594 970.316589355469 973.662719726562 970.01220703125 969.951232910156 968.111328125 967.154113769531 962.547119140625 961.334899902344 970.611877441406 961.775817871094 961.155822753906 965.476440429688 976.692199707031 981.117492675781 983.238037109375 983.318603515625 989.868957519531 983.860412597656 976.5546875 970.249755859375 966.631713867188 972.884094238281 971.402893066406 979.205261230469 974.541259765625 984.279968261719 979.013122558594 977.831237792969 982.350952148438 985.835021972656 980.662231445312 983.06201171875 976.60791015625 978.180419921875 978.422668457031 980.6640625
984.457458496094 991.223754882812 989.240112304688 987.428771972656 992.046691894531 986.048522949219 978.271057128906 973.254272460938 967.737854003906 974.825317382812 977.140991210938 977.349426269531 977.559753417969 971.403991699219 975.834716796875 967.934997558594 970.123046875 962.945068359375 968.8134765625 967.941528320312 971.714721679688 963.438720703125 969.448852539062 973.644592285156 979.193969726562 979.351013183594 983.063842773438 978.826416015625 980.0576171875 980.405029296875 979.988464355469 978.279479980469 977.748352050781 980.821899414062 978.675720214844 983.927368164062 983.933959960938 982.489562988281 984.29296875 986.131896972656 990.192565917969 991.904479980469 982.21240234375 981.052185058594 980.568908691406 984.345458984375
991.737915039062 989.798278808594 988.485717773438 978.838256835938 985.180908203125 987.926391601562 978.294860839844 967.965698242188 972.540161132812 981.415832519531 976.313293457031 982.10791015625 978.17724609375 977.632934570312 982.573608398438 971.668884277344 967.772705078125 971.273864746094 964.005126953125 966.915771484375 969.859436035156 967.715698242188 969.640380859375 971.487731933594 975.18701171875 978.077575683594 992.278503417969 978.606994628906 983.152587890625 986.056091308594 985.623291015625 978.536560058594 981.455932617188 979.0498046875 978.45556640625 984.723693847656 992.792541503906 992.214721679688 990.332885742188 987.723388671875 988.938354492188 991.614501953125 980.535095214844 984.924560546875 981.616394042969 978.289123535156
991.783264160156 986.665771484375 990.458679199219 984.711730957031 995.808044433594 994.806457519531 980.199462890625 977.194274902344 968.625854492188 978.3818359375 984.615295410156 977.928771972656 977.976135253906 971.327575683594 976.420715332031 974.191162109375 964.790893554688 961.127136230469 971.166564941406 974.65087890625 972.960021972656 971.004943847656 969.089233398438 971.8564453125 975.664794921875 979.370544433594 980.708679199219 984.754821777344 969.318359375 980.350830078125 990.00146484375 985.0576171875 984.413024902344 982.629638671875 985.356201171875 983.418579101562 991.022399902344 985.416259765625 983.225646972656 973.614440917969 983.289306640625 990.092468261719 989.911987304688 980.462829589844 980.787902832031 979.277221679688
984.767456054688 986.251892089844 980.981994628906 988.199829101562 992.487121582031 985.129699707031 977.476440429688 970.004638671875 969.205444335938 970.248046875 982.297180175781 985.2041015625 972.863159179688 969.907592773438 975.427795410156 979.322387695312 976.105224609375 972.885131835938 980.705871582031 980.100219726562 976.318054199219 977.015441894531 976.292175292969 967.795471191406 972.667602539062 978.656311035156 977.310180664062 983.341003417969 981.456726074219 980.702331542969 990.864196777344 989.365966796875 989.715393066406 977.534240722656 983.053344726562 982.847961425781 989.343200683594 998.569946289062 988.476623535156 976.661682128906 982.957702636719 978.781494140625 986.649108886719 981.538818359375 984.493530273438 983.095520019531
989.675842285156 987.2294921875 984.970581054688 993.722961425781 988.005187988281 984.903503417969 982.44677734375 982.028381347656 970.953979492188 973.78564453125 976.729614257812 980.441467285156 982.238708496094 972.54736328125 974.021789550781 974.849914550781 976.896301269531 969.775756835938 983.431945800781 992.474487304688 990.231506347656 980.316955566406 985.931823730469 985.380065917969 987.28564453125 985.830749511719 988.619812011719 987.692077636719 983.663940429688 985.41748046875 988.156921386719 990.931701660156 987.001525878906 986.146789550781 979.725830078125 993.753723144531 998.457641601562 999.222229003906 996.225280761719 983.323608398438 985.061218261719 978.495971679688 983.648803710938 976.971984863281 984.82763671875 980.500244140625
994.377502441406 998.774230957031 994.538696289062 988.889221191406 981.479858398438 984.806274414062 987.253845214844 977.434936523438 974.334594726562 979.041564941406 976.929565429688 973.614868164062 981.027893066406 978.311279296875 974.969421386719 976.120239257812 973.260070800781 977.692321777344 980.977966308594 980.322448730469 982.949401855469 990.049987792969 987.639587402344 994.169799804688 996.579528808594 991.285339355469 986.999694824219 995.155029296875 981.435791015625 987.090393066406 990.732238769531 994.057495117188 994.054077148438 991.005310058594 989.441223144531 995.896179199219 999.581237792969 995.427368164062 993.430419921875 992.900695800781 984.214904785156 986.000427246094 983.098754882812 984.50634765625 979.158569335938 983.93408203125
991.224609375 997.779113769531 1001.55065917969 983.737487792969 986.411010742188 987.502197265625 979.569580078125 971.107360839844 978.910034179688 987.246643066406 980.185791015625 983.9970703125 986.520202636719 979.710693359375 980.166870117188 969.967102050781 972.605041503906 972.775085449219 978.400085449219 979.166137695312 981.601745605469 979.3291015625 985.665405273438 984.339904785156 988.099182128906 1000.14862060547 998.079284667969 990.033081054688 979.311950683594 993.826538085938 998.512268066406 1003.63580322266 995.841613769531 990.490844726562 995.101379394531 1008.59588623047 1003.21795654297 1003.54541015625 993.075744628906 997.726867675781 992.961364746094 993.138305664062 988.91357421875 990.057312011719 983.465087890625 984.04443359375
994.707885742188 1003.06591796875 1004.79925537109 990.952026367188 995.560485839844 991.320678710938 980.817810058594 979.374877929688 981.263244628906 984.052978515625 989.127746582031 981.311096191406 981.037536621094 983.78662109375 983.679077148438 976.321411132812 972.954833984375 970.876098632812 976.4130859375 980.366821289062 978.200988769531 978.726806640625 983.085754394531 984.211120605469 994.353271484375 998.299072265625 997.304992675781 988.680480957031 993.113586425781 997.156494140625 1004.21057128906 1005.61517333984 993.549133300781 991.308044433594 998.985290527344 1004.62554931641 1002.66760253906 1001.63092041016 999.217346191406 996.551635742188 995.58837890625 999.190734863281 995.060424804688 993.914489746094 987.97412109375 987.18310546875
1007.986328125 1017.62445068359 1013.97357177734 994.139465332031 989.459106445312 995.931335449219 982.952514648438 978.486999511719 980.168762207031 977.483459472656 983.400817871094 979.154418945312 989.182189941406 981.767944335938 977.647094726562 979.129455566406 972.996887207031 974.551635742188 975.834533691406 969.740966796875 980.229248046875 982.911376953125 985.245849609375 992.751953125 988.204284667969 994.305541992188 982.651245117188 985.939147949219 991.407287597656 993.6103515625 997.037292480469 1000.64514160156 993.501708984375 1000.79022216797 1005.78277587891 999.516418457031 1001.59307861328 1006.59948730469 1000.91845703125 997.414672851562 1003.43768310547 1002.80133056641 1000.40563964844 994.839477539062 991.101806640625 994.417419433594
1012.32470703125 1016.13555908203 1007.1494140625 1003.46649169922 991.026123046875 993.017944335938 1002.12683105469 984.400268554688 978.382690429688 981.726135253906 989.061096191406 984.242614746094 983.110290527344 979.45849609375 975.5986328125 974.548522949219 967.127014160156 976.242797851562 971.045593261719 973.697143554688 976.565673828125 981.441711425781 983.316223144531 990.508666992188 988.873657226562 984.304443359375 984.577575683594 994.014221191406 994.817443847656 1000.64337158203 1004.005859375 1001.68353271484 999.946960449219 1005.08819580078 1008.08294677734 1003.52740478516 1003.51434326172 1003.01275634766 1001.30963134766 1008.29669189453 1001.76934814453 1000.16076660156 995.88623046875 995.372863769531 992.237182617188 998.985900878906
1015.05688476562 1012.23492431641 1007.18682861328 1005.80200195312 994.002624511719 993.795471191406 1004.25262451172 995.411254882812 986.834106445312 981.793884277344 982.646057128906 994.122436523438 987.586120605469 985.474365234375 970.375793457031 977.062805175781 980.069641113281 974.891723632812 976.601867675781 971.673583984375 977.868835449219 979.549743652344 978.730895996094 984.623229980469 989.395385742188 983.837158203125 995.472717285156 990.990905761719 996.473693847656 1005.25537109375 1007.34637451172 1007.15948486328 1001.66204833984 1005.44055175781 1009.29797363281 1007.32556152344 1009.79449462891 1008.10943603516 1006.72192382812 1010.94610595703 1006.69116210938 1001.89855957031 993.087158203125 987.317138671875 986.080627441406 987.10400390625
