data/zlatibor_dem_simulations/DEMsim14.asc
NCOLS 150
NROWS 100
XLLCORNER 7394249
YLLCORNER 4841999
CELLSIZE 30
NODATA_VALUE -9999
[rows 60 to 79 of 100, columns 92 to 137 of 150]
967.942687988281 973.345336914062 980.039489746094 969.985229492188 976.522888183594 982.024719238281 980.923034667969 975.824401855469 975.314880371094 980.375427246094 981.59375 979.556335449219 987.257507324219 987.951354980469 988.110778808594 996.345031738281 992.52783203125 993.994873046875 994.30078125 992.104614257812 997.281921386719 997.911437988281 1003.96118164062 1005.49584960938 1009.04327392578 1010.28460693359 998.515869140625 999.835998535156 1002.47082519531 1000.73583984375 1009.47796630859 1023.72875976562 1019.70318603516 1018.86853027344 1020.06140136719 1027.57250976562 1031.8173828125 1044.09558105469 1051.58752441406 1052.57849121094 1047.17346191406 1043.0947265625 1045.31921386719 1047.01806640625 1038.30517578125 1037.03845214844
971.514221191406 975.216979980469 989.031982421875 979.714721679688 971.751281738281 967.488220214844 979.325561523438 980.476440429688 978.033386230469 978.315002441406 980.96484375 976.703063964844 985.865234375 990.171813964844 991.068481445312 984.4482421875 983.043823242188 989.953186035156 989.131896972656 991.271057128906 995.036499023438 1001.55249023438 1004.42749023438 1003.35717773438 1003.73620605469 994.551086425781 999.256408691406 1005.21215820312 1015.89416503906 1012.15032958984 1017.33135986328 1023.59753417969 1023.93817138672 1015.77136230469 1024.09545898438 1024.27294921875 1032.98120117188 1034.1572265625 1044.1376953125 1045.5302734375 1041.30993652344 1039.03210449219 1042.66198730469 1049.62976074219 1034.58679199219 1030.84777832031
970.384765625 982.464233398438 991.751831054688 977.750915527344 966.456420898438 968.355346679688 974.320129394531 978.936279296875 984.342956542969 977.588745117188 981.58251953125 976.314636230469 985.954162597656 999.334350585938 988.375793457031 984.813903808594 981.452209472656 988.671691894531 990.282470703125 991.585021972656 1007.86926269531 1005.43182373047 1000.48089599609 1001.47937011719 993.500427246094 1008.44372558594 1005.10302734375 1009.51348876953 1021.60815429688 1021.50384521484 1026.13549804688 1026.60888671875 1020.82000732422 1023.46630859375 1019.59967041016 1028.15661621094 1029.9013671875 1036.57788085938 1046.98046875 1049.37243652344 1043.61706542969 1044.98547363281 1043.07080078125 1039.81774902344 1035.42517089844 1028.40710449219
973.849670410156 981.861267089844 988.609985351562 976.914001464844 974.972839355469 972.325012207031 988.869140625 983.791625976562 980.310546875 972.47509765625 975.448791503906 978.238952636719 984.871337890625 992.883239746094 992.714416503906 986.470581054688 991.183471679688 984.466125488281 1001.58892822266 996.856750488281 1006.60308837891 999.051330566406 1007.52239990234 1005.28985595703 995.508422851562 1012.62945556641 1011.65209960938 1012.34582519531 1016.39263916016 1025.56591796875 1033.53869628906 1036.75500488281 1024.91674804688 1025.65307617188 1020.08874511719 1022.47161865234 1029.23901367188 1029.76586914062 1043.71228027344 1048.26916503906 1045.41015625 1045.59130859375 1036.77331542969 1041.60412597656 1042.47119140625 1031.10498046875
980.326171875 984.307067871094 983.673889160156 977.42724609375 979.335388183594 980.289184570312 991.564453125 988.595092773438 985.021484375 977.292114257812 968.626037597656 980.43603515625 994.957946777344 988.074584960938 993.696411132812 995.353393554688 996.550964355469 1003.12286376953 999.897338867188 998.59228515625 1006.14147949219 1001.78216552734 1009.134765625 1012.3759765625 1006.92578125 1013.86730957031 1020.16333007812 1024.55151367188 1024.32165527344 1025.96130371094 1034.25939941406 1037.41357421875 1038.17346191406 1021.76007080078 1017.07641601562 1017.78558349609 1025.73608398438 1021.37170410156 1030.23425292969 1047.3896484375 1040.42810058594 1037.38854980469 1038.04370117188 1041.37512207031 1048.16345214844 1032.58154296875
982.230407714844 981.486633300781 986.633666992188 985.438720703125 981.629150390625 983.860778808594 994.171081542969 995.612365722656 979.714050292969 974.964172363281 978.518310546875 989.67529296875 993.625366210938 992.429382324219 992.5732421875 997.811401367188 1002.91345214844 1013.32623291016 1015.78619384766 1008.55657958984 1011.1455078125 1006.84399414062 1012.20355224609 1020.30981445312 1017.73468017578 1025.62573242188 1031.72082519531 1028.28930664062 1027.73864746094 1028.27429199219 1024.06408691406 1033.0537109375 1034.21630859375 1028.06469726562 1018.02838134766 1024.23278808594 1022.09869384766 1022.20874023438 1033.47717285156 1038.15893554688 1037.65856933594 1036.28576660156 1034.61071777344 1042.14428710938 1042.40393066406 1040.81713867188
980.246398925781 972.127136230469 977.801818847656 972.995849609375 983.405090332031 982.244323730469 983.6005859375 993.610900878906 980.054931640625 982.96875 983.5986328125 989.033020019531 1000.6494140625 990.031188964844 988.791015625 985.36328125 1008.44982910156 1020.50170898438 1019.22973632812 1019.56909179688 1015.02850341797 1018.30633544922 1027.1806640625 1025.6689453125 1034.55798339844 1041.17456054688 1033.83776855469 1030.46166992188 1030.68701171875 1026.68151855469 1022.01055908203 1035.93859863281 1031.15588378906 1026.71398925781 1025.83837890625 1020.67065429688 1020.87561035156 1016.57635498047 1020.79901123047 1031.89660644531 1037.41674804688 1035.72424316406 1040.3828125 1031.80444335938 1029.26513671875 1033.73229980469
984.410522460938 977.280334472656 981.2333984375 974.522033691406 980.608642578125 980.715576171875 979.385131835938 994.875610351562 988.981994628906 991.4970703125 993.695068359375 996.109558105469 988.40869140625 990.900695800781 987.428833007812 995.766479492188 1008.1357421875 1013.87042236328 1022.41961669922 1022.57214355469 1023.29742431641 1031.63146972656 1027.37512207031 1030.40295410156 1030.24951171875 1041.30505371094 1031.35339355469 1036.56323242188 1036.98046875 1028.46923828125 1034.97265625 1035.63659667969 1033.79870605469 1036.62060546875 1023.87481689453 1023.23175048828 1014.89813232422 1016.53955078125 1023.98980712891 1028.78845214844 1030.46740722656 1036.29406738281 1034.72497558594 1029.05310058594 1024.72583007812 1024.32275390625
978.642578125 974.447692871094 977.275085449219 987.733825683594 995.371765136719 987.916870117188 988.108764648438 991.701293945312 992.512878417969 1006.03314208984 1005.53924560547 991.493286132812 1002.23162841797 992.814758300781 1002.56512451172 1004.26928710938 1014.08428955078 1025.74255371094 1029.912109375 1025.75329589844 1026.51538085938 1026.01403808594 1032.48620605469 1032.55187988281 1042.29370117188 1039.50891113281 1032.62951660156 1031.76452636719 1037.35827636719 1031.24096679688 1031.4638671875 1033.62109375 1027.92224121094 1035.45886230469 1025.69921875 1019.60186767578 1021.23266601562 1017.05474853516 1027.57568359375 1032.39221191406 1027.19689941406 1024.29479980469 1019.1875 1028.25451660156 1025.17858886719 1020.96734619141
975.160766601562 973.311584472656 985.464172363281 995.257446289062 994.058898925781 994.684020996094 995.228149414062 993.424926757812 991.211791992188 998.221374511719 1002.34008789062 994.167358398438 1004.58068847656 995.174499511719 1001.33312988281 1003.91802978516 1007.91186523438 1023.46215820312 1025.63684082031 1028.43322753906 1025.98388671875 1026.07189941406 1025.96667480469 1031.70861816406 1035.26501464844 1039.51672363281 1041.93469238281 1038.12963867188 1039.57104492188 1043.89526367188 1035.94677734375 1032.38830566406 1025.4921875 1035.31909179688 1024.29602050781 1018.9248046875 1020.38079833984 1014.01647949219 1021.26959228516 1027.73620605469 1022.6318359375 1015.84594726562 1015.19079589844 1024.02648925781 1026.01379394531 1025.69799804688
974.97314453125 980.784790039062 995.950866699219 989.822937011719 994.085205078125 1000.82397460938 1001.78509521484 997.046020507812 990.339416503906 996.089233398438 996.911926269531 1002.80499267578 1002.88208007812 1000.77587890625 1002.44854736328 1003.07537841797 1008.82861328125 1017.70251464844 1022.78656005859 1021.26031494141 1026.71484375 1027.69775390625 1029.29760742188 1035.45068359375 1039.78295898438 1035.48913574219 1042.17053222656 1034.18566894531 1042.65905761719 1043.27917480469 1042.05041503906 1033.55773925781 1033.41918945312 1030.0068359375 1019.35223388672 1020.23443603516 1015.09478759766 1022.85327148438 1020.84204101562 1023.37255859375 1017.54187011719 1014.04595947266 1016.75579833984 1026.47119140625 1026.66955566406 1027.82397460938
977.661560058594 983.971862792969 986.484008789062 990.02685546875 992.933776855469 1005.17559814453 1005.3603515625 999.390319824219 994.486022949219 983.365173339844 991.794799804688 996.509033203125 1003.84338378906 1000.55731201172 1000.91333007812 1003.4150390625 1018.40545654297 1025.97619628906 1028.5654296875 1020.01586914062 1017.93194580078 1023.58135986328 1030.90686035156 1031.93762207031 1040.78698730469 1036.94995117188 1028.744140625 1037.5966796875 1042.80249023438 1038.01818847656 1046.99926757812 1033.697265625 1037.63977050781 1026.18896484375 1027.478515625 1017.61901855469 1011.73840332031 1019.36224365234 1021.09143066406 1014.4150390625 1019.46630859375 1021.30639648438 1013.48291015625 1019.06140136719 1026.15612792969 1020.89276123047
975.718322753906 989.502136230469 996.719299316406 993.176025390625 997.642944335938 1000.57647705078 1003.58087158203 989.746765136719 988.736999511719 992.398681640625 993.79052734375 1002.33312988281 1002.18487548828 1007.69995117188 1002.45001220703 1012.72106933594 1024.18493652344 1030.68481445312 1024.88464355469 1025.53198242188 1030.03979492188 1032.39587402344 1029.40856933594 1037.88732910156 1033.79064941406 1034.32434082031 1030.84985351562 1027.21997070312 1036.01818847656 1040.68688964844 1027.55432128906 1028.71264648438 1025.81799316406 1015.35668945312 1019.23486328125 1012.77880859375 1016.39770507812 1023.63903808594 1021.87878417969 1015.53594970703 1023.66339111328 1025.05639648438 1017.62969970703 1021.36346435547 1022.24652099609 1011.02001953125
982.343139648438 984.977478027344 991.3447265625 992.317260742188 999.427551269531 1003.74493408203 1000.19714355469 998.665100097656 994.775207519531 997.673034667969 996.445007324219 999.702880859375 1003.32641601562 1008.68688964844 1007.70642089844 1013.45483398438 1022.7626953125 1020.07330322266 1029.09741210938 1034.89916992188 1032.67614746094 1039.64367675781 1046.71948242188 1038.98608398438 1035.93774414062 1028.4697265625 1025.15344238281 1023.79071044922 1023.35052490234 1027.76745605469 1020.373046875 1012.35748291016 1024.53942871094 1025.74145507812 1018.45788574219 1011.28210449219 1016.39294433594 1020.52508544922 1021.83636474609 1020.04583740234 1032.44616699219 1027.33972167969 1020.47967529297 1013.73327636719 1015.61352539062 1015.48864746094
983.558654785156 986.132385253906 989.968994140625 995.633422851562 994.261108398438 999.441528320312 997.6494140625 998.865539550781 1001.27770996094 1003.61499023438 998.165100097656 1011.35650634766 1005.25872802734 1006.74694824219 1013.53601074219 1017.47039794922 1021.24420166016 1023.17333984375 1030.98266601562 1031.80004882812 1033.05737304688 1035.94421386719 1039.12255859375 1048.05712890625 1033.51110839844 1021.71600341797 1019.55200195312 1010.46301269531 1011.32952880859 1013.05322265625 1017.13146972656 1016.58483886719 1023.43286132812 1031.92248535156 1016.07647705078 1014.5185546875 1016.81958007812 1017.91973876953 1017.96008300781 1021.42120361328 1029.49255371094 1023.41625976562 1018.53070068359 1008.36627197266 1016.82281494141 1013.71594238281
980.263854980469 990.999877929688 995.546508789062 991.279907226562 987.223449707031 997.014404296875 1001.90179443359 1010.73736572266 1006.24871826172 999.178161621094 1005.84442138672 1012.09075927734 1006.80981445312 1006.69378662109 1011.34185791016 1018.32574462891 1026.28247070312 1019.73010253906 1031.67236328125 1024.38684082031 1027.04443359375 1030.77490234375 1031.9794921875 1037.15576171875 1016.48840332031 1017.23944091797 1015.61584472656 1011.23797607422 1012.78729248047 1014.28576660156 1015.83264160156 1013.53894042969 1012.43609619141 1019.71148681641 1014.35784912109 1011.03155517578 1004.01837158203 1005.78344726562 1008.25244140625 1015.74481201172 1007.44982910156 1014.32806396484 1013.70776367188 1010.9130859375 1011.427734375 1018.75958251953
987.555908203125 976.951904296875 986.730041503906 994.312072753906 996.06591796875 997.8671875 1003.25274658203 1009.10101318359 1012.57751464844 1010.07415771484 1012.08489990234 1006.58227539062 1010.84521484375 1014.16149902344 1019.25439453125 1024.6416015625 1026.90502929688 1022.69689941406 1020.39208984375 1023.33276367188 1029.22375488281 1041.06225585938 1032.29650878906 1022.08062744141 1013.30609130859 1012.75408935547 1017.03619384766 1010.04504394531 1009.23919677734 1013.96276855469 1008.13433837891 1005.75915527344 1016.79675292969 1016.37384033203 1013.07257080078 1010.67315673828 1003.86560058594 1004.56677246094 1005.55749511719 1004.29376220703 1007.74249267578 1009.12591552734 1010.41204833984 1006.46423339844 1008.19262695312 1010.35321044922
982.724609375 983.806945800781 992.513427734375 1003.58343505859 1001.46801757812 1002.76239013672 1007.1279296875 1005.97760009766 1008.4970703125 1011.62127685547 1011.25091552734 1010.23040771484 1019.83917236328 1024.54443359375 1018.79705810547 1028.91821289062 1029.43127441406 1017.29559326172 1022.888671875 1023.82940673828 1027.953125 1040.97375488281 1033.15966796875 1022.25085449219 1021.19769287109 1024.20922851562 1018.70483398438 1013.52233886719 1018.90887451172 1011.46520996094 1008.72045898438 1020.69317626953 1023.03228759766 1015.88854980469 1016.90313720703 1015.67370605469 1006.16253662109 1006.7236328125 1006.21228027344 1008.15582275391 1010.00482177734 1008.85528564453 1009.30364990234 1004.03521728516 996.617736816406 1006.99157714844
978.377868652344 984.422912597656 984.231628417969 986.910217285156 993.009765625 994.12744140625 996.361206054688 999.640563964844 995.400573730469 1007.17199707031 1006.84118652344 1012.02239990234 1012.32568359375 1026.19641113281 1030.3701171875 1021.35321044922 1031.85595703125 1032.70068359375 1026.09655761719 1026.962890625 1032.271484375 1035.69592285156 1031.65161132812 1034.00720214844 1025.1640625 1031.42114257812 1028.48254394531 1025.44934082031 1025.68322753906 1012.96502685547 1017.93707275391 1023.38336181641 1017.16156005859 1017.01556396484 1014.54522705078 1015.62426757812 1009.84429931641 1002.83770751953 1003.28015136719 1009.62921142578 1006.73596191406 1015.68200683594 1010.23236083984 1001.43292236328 1003.06176757812 1009.67523193359
983.122314453125 987.791687011719 983.237365722656 982.139465332031 989.747619628906 988.128784179688 1002.68774414062 999.515686035156 986.816528320312 1001.09448242188 1009.90814208984 1006.47631835938 1008.93170166016 1018.18377685547 1027.00561523438 1022.08721923828 1026.0595703125 1025.00317382812 1022.4130859375 1031.21997070312 1025.28466796875 1021.67083740234 1033.51354980469 1032.18786621094 1028.63159179688 1034.27319335938 1023.93688964844 1027.91442871094 1029.68029785156 1020.03662109375 1017.43981933594 1014.6513671875 1013.494140625 1012.80975341797 1010.87677001953 1010.56500244141 1004.58129882812 1002.59899902344 1012.17230224609 1003.27746582031 998.894714355469 1003.35913085938 1005.74255371094 1002.37213134766 994.411010742188 1002.34252929688
