data/zlatibor_dem_simulations/DEMsim32.asc
NCOLS 150
NROWS 100
XLLCORNER 7394249
YLLCORNER 4841999
CELLSIZE 30
NODATA_VALUE -9999
[rows 20 to 39 of 100, columns 46 to 91 of 150]
1021.95245361328 1013.65863037109 1002.74060058594 999.55419921875 998.3671875 999.854248046875 1000.00177001953 1006.01440429688 1005.91314697266 1008.03814697266 1016.21276855469 1010.74810791016 1014.41296386719 1013.49432373047 1016.75946044922 1025.54919433594 1021.08917236328 1027.15026855469 1037.64050292969 1032.15966796875 1026.30639648438 1022.48394775391 1029.10668945312 1029.03735351562 1021.44775390625 1016.75183105469 1019.71075439453 1015.16314697266 1013.39111328125 1007.77545166016 1008.76336669922 1009.2412109375 1012.18524169922 1004.33862304688 1007.07257080078 1015.93426513672 1020.666015625 1018.15393066406 1012.67419433594 1013.88391113281 1007.14471435547 995.276000976562 993.359252929688 995.340881347656 989.370178222656 988.306823730469
1017.71533203125 1014.39282226562 995.782165527344 999.083312988281 998.658508300781 995.521850585938 989.363159179688 993.3720703125 1005.26007080078 1009.69738769531 1013.9228515625 1007.22937011719 1011.86584472656 1016.44091796875 1015.90856933594 1027.61730957031 1021.99078369141 1022.89428710938 1023.61340332031 1026.7529296875 1017.60400390625 1024.08935546875 1024.03137207031 1018.55065917969 1014.96051025391 1013.09326171875 1016.95758056641 1015.55017089844 1011.88586425781 1007.05920410156 1009.44769287109 1003.74975585938 999.23095703125 1006.04943847656 1014.27984619141 1014.65173339844 1017.49578857422 1015.47515869141 1012.17065429688 1011.46875 1006.57250976562 1007.01806640625 996.459655761719 1001.37835693359 992.446228027344 996.078918457031
1021.92742919922 1012.26275634766 1000.33544921875 993.284240722656 996.614440917969 988.521728515625 985.068054199219 989.323120117188 996.089965820312 1003.06701660156 1016.00317382812 1009.27642822266 1015.47125244141 1009.21771240234 1007.03112792969 1017.576171875 1012.79675292969 1021.22491455078 1025.0634765625 1024.04772949219 1023.26794433594 1024.82299804688 1020.06567382812 1019.20727539062 1019.47137451172 1020.87384033203 1022.49786376953 1017.37274169922 1012.37860107422 1005.8134765625 1004.61090087891 1004.78118896484 997.46484375 1001.99310302734 1002.10168457031 1006.7861328125 1014.96014404297 1021.26751708984 1010.24993896484 1016.91088867188 1011.35363769531 1007.66821289062 1008.10809326172 1009.470703125 1003.08843994141 997.260620117188
1017.36480712891 1009.47821044922 996.948669433594 990.321044921875 986.379638671875 989.067443847656 989.986938476562 990.39697265625 986.143920898438 995.257141113281 1001.88317871094 1010.66064453125 1012.27655029297 1012.68499755859 1012.06768798828 1016.07727050781 1016.66735839844 1009.890625 1019.61828613281 1025.28039550781 1016.82501220703 1021.65643310547 1018.79351806641 1020.31652832031 1012.34161376953 1010.12579345703 1011.53680419922 1007.98107910156 999.405090332031 1006.65130615234 1001.4931640625 1003.73101806641 1011.50939941406 1001.98052978516 1004.68634033203 1002.18121337891 1007.9990234375 1010.453125 1007.78002929688 1008.15167236328 1010.97540283203 1013.64770507812 1011.91516113281 1013.96820068359 1012.96978759766 1017.00970458984
1004.95654296875 999.052551269531 991.666564941406 989.602478027344 999.025329589844 989.624633789062 1000.07354736328 994.050170898438 988.935607910156 981.416320800781 1002.73388671875 1006.57202148438 1007.56872558594 1012.40863037109 1011.01422119141 1008.61712646484 1014.09069824219 1012.40631103516 1004.91363525391 1019.54461669922 1019.33911132812 1013.13214111328 1007.41375732422 1010.85443115234 1006.86700439453 997.286987304688 1001.61059570312 1005.06945800781 1005.02490234375 1014.00323486328 1012.30895996094 1008.42712402344 1008.47155761719 1000.57989501953 1003.18084716797 1009.10046386719 1007.14001464844 1005.03533935547 1007.52941894531 1007.21978759766 1004.40368652344 1014.20623779297 1014.72888183594 1014.50567626953 1016.53314208984 1027.32238769531
994.511352539062 991.104125976562 994.518249511719 993.111267089844 994.7197265625 989.820861816406 997.838256835938 988.783203125 991.105834960938 993.549072265625 998.169982910156 998.909545898438 1002.28692626953 999.520690917969 997.7978515625 1002.12963867188 1003.97863769531 1010.91864013672 1015.81042480469 1023.23529052734 1016.97119140625 999.22021484375 997.54345703125 995.423217773438 1001.01446533203 997.182373046875 1004.62219238281 1004.19659423828 1010.15832519531 1012.05767822266 1017.32495117188 1007.71716308594 1004.21325683594 1001.97839355469 1006.38555908203 1001.59368896484 1004.21124267578 1006.51647949219 1002.12335205078 1015.06524658203 1000.92102050781 1007.42974853516 1015.27703857422 1021.78881835938 1029.34008789062 1039.99096679688
994.180786132812 991.531494140625 983.680236816406 988.405334472656 991.203918457031 986.679748535156 986.189208984375 983.751037597656 986.608215332031 989.335815429688 993.615295410156 992.596862792969 995.303649902344 995.601806640625 995.139770507812 993.640380859375 998.794494628906 1001.05810546875 1008.79962158203 1011.73626708984 1006.42401123047 1002.8935546875 1003.03814697266 1001.41864013672 990.89697265625 995.617797851562 997.509216308594 990.717163085938 1001.06469726562 1008.33807373047 1006.55694580078 1006.80047607422 992.967956542969 992.630798339844 996.239929199219 1005.4482421875 1006.76800537109 1000.07299804688 1004.01519775391 1013.88995361328 1010.74816894531 1024.48461914062 1017.45129394531 1029.99365234375 1029.21948242188 1040.73315429688
994.90087890625 990.72119140625 988.030944824219 981.760986328125 991.173217773438 989.889343261719 987.517211914062 991.510131835938 988.873474121094 988.210754394531 982.19921875 978.859313964844 984.365661621094 984.642700195312 983.763671875 993.136840820312 995.167053222656 1003.3974609375 1011.45153808594 1003.23370361328 1001.34918212891 1008.880859375 1010.24780273438 1007.76104736328 1006.13604736328 992.94140625 1002.38812255859 996.10595703125 1001.03540039062 1003.44165039062 996.793273925781 997.911682128906 996.648071289062 993.684448242188 990.683776855469 1003.94378662109 1002.1201171875 1003.58740234375 1006.44671630859 1010.00036621094 1022.00415039062 1032.58337402344 1038.99865722656 1032.65844726562 1026.60290527344 1028.37475585938
1001.69543457031 1000.63665771484 986.935546875 978.441528320312 989.566345214844 991.698852539062 991.184387207031 986.881408691406 991.473876953125 991.078002929688 979.642456054688 980.25390625 986.349304199219 975.509033203125 978.810302734375 992.176025390625 1001.12561035156 1010.15899658203 1005.38287353516 1000.88891601562 999.823669433594 1011.48516845703 1016.59454345703 1006.44769287109 1001.52380371094 1004.57580566406 997.080688476562 990.669616699219 995.793579101562 988.633178710938 982.364074707031 991.704345703125 994.263122558594 998.615234375 992.393493652344 994.737182617188 1003.537109375 999.503662109375 1008.34613037109 1019.77734375 1021.71417236328 1031.55883789062 1038.52990722656 1023.55975341797 1024.009765625 1027.50048828125
994.619079589844 987.416015625 977.973754882812 978.164916992188 987.360961914062 983.739074707031 993.630310058594 989.510498046875 988.512573242188 991.55029296875 978.3076171875 986.926513671875 984.741577148438 976.384033203125 977.714904785156 997.636840820312 1000.39587402344 1000.9365234375 1000.85321044922 1004.70227050781 996.095336914062 1003.95812988281 1003.39007568359 1001.34625244141 998.250244140625 998.994995117188 1002.65087890625 1001.57312011719 996.181579589844 984.483703613281 984.704956054688 987.640258789062 992.900390625 990.548034667969 992.701477050781 993.911926269531 1002.16326904297 997.141479492188 1003.87310791016 1005.85369873047 1022.71002197266 1024.6162109375 1028.11987304688 1023.14617919922 1028.97094726562 1013.19213867188
991.065795898438 982.719909667969 981.474731445312 985.134033203125 980.826416015625 981.107727050781 984.202087402344 984.813232421875 991.230041503906 993.933898925781 987.198303222656 980.580139160156 984.844909667969 977.537719726562 988.146179199219 991.977966308594 995.982299804688 999.651062011719 1001.59954833984 1001.97296142578 987.657409667969 999.208557128906 1003.43170166016 1004.78894042969 999.718078613281 1005.12322998047 994.331848144531 991.466552734375 991.790710449219 983.6591796875 985.560729980469 980.037048339844 986.879150390625 988.652038574219 988.369323730469 998.313537597656 996.463928222656 994.470947265625 999.4951171875 1006.09344482422 1014.21325683594 1019.03704833984 1021.62756347656 1024.57751464844 1021.92785644531 1019.02136230469
990.165222167969 990.6513671875 974.714233398438 976.972595214844 985.396667480469 981.056579589844 975.964599609375 978.873413085938 982.838684082031 987.499267578125 983.357666015625 973.722229003906 976.008911132812 989.640075683594 995.4248046875 989.541442871094 990.065490722656 997.817504882812 1001.29119873047 999.064636230469 996.745300292969 1002.20635986328 1002.24645996094 1001.0546875 992.687805175781 989.973937988281 984.970153808594 987.750549316406 987.683776855469 982.08544921875 984.271606445312 986.788269042969 999.396545410156 995.665771484375 997.711608886719 997.759948730469 1003.10864257812 1006.06536865234 1007.65295410156 1008.39483642578 1008.85803222656 1016.21063232422 1017.95776367188 1017.43328857422 1016.64544677734 1024.41088867188
985.898681640625 988.304992675781 984.609436035156 981.820617675781 981.69677734375 980.541564941406 972.573791503906 980.722106933594 977.170776367188 981.16943359375 982.756530761719 978.165405273438 984.225769042969 986.792846679688 990.890808105469 988.177856445312 988.847900390625 996.824401855469 1000.82006835938 998.272399902344 994.326782226562 997.673278808594 999.491455078125 998.631896972656 994.452575683594 987.102172851562 988.342895507812 982.87548828125 982.440490722656 981.585266113281 979.265686035156 989.85498046875 997.322326660156 1000.35675048828 999.917053222656 1000.76721191406 1006.14373779297 1006.25653076172 1014.65942382812 1002.70074462891 1011.47979736328 1010.73223876953 1016.40502929688 1011.93334960938 1014.38983154297 1022.65319824219
985.017211914062 990.077819824219 994.011840820312 982.631713867188 979.207885742188 977.377563476562 976.904235839844 972.513488769531 974.361999511719 979.095886230469 983.006286621094 987.134948730469 973.939697265625 979.786926269531 986.367126464844 990.367370605469 995.98779296875 999.739562988281 991.180847167969 997.076721191406 986.819091796875 984.942077636719 988.800415039062 991.521667480469 995.468994140625 985.150390625 984.6435546875 980.336486816406 981.451171875 978.718139648438 971.819641113281 984.266723632812 998.211669921875 1004.65539550781 1002.98974609375 996.276428222656 997.817993164062 1002.78253173828 1007.84716796875 1010.73333740234 1009.7744140625 1011.30358886719 1011.90509033203 1010.48516845703 1013.20452880859 1012.76672363281
973.2294921875 979.929138183594 985.370422363281 982.395935058594 968.529113769531 970.65234375 972.021240234375 971.166320800781 975.87060546875 980.056213378906 985.001525878906 987.035583496094 984.020812988281 985.287170410156 981.867797851562 985.0322265625 999.339721679688 994.994018554688 993.02001953125 994.805603027344 993.268493652344 985.301696777344 986.554138183594 988.831970214844 985.372253417969 979.23974609375 982.440368652344 986.4580078125 983.927917480469 982.256225585938 975.639831542969 974.280639648438 990.120483398438 999.253173828125 999.904724121094 1012.28485107422 1013.53643798828 1008.12628173828 1003.36968994141 988.249145507812 997.698791503906 1008.83422851562 1012.22772216797 1012.21429443359 1008.40783691406 1012.60784912109
976.364929199219 977.202453613281 974.792785644531 980.567443847656 974.51904296875 966.498901367188 969.217712402344 967.09326171875 973.818664550781 974.122375488281 983.562927246094 984.168640136719 983.85791015625 992.433837890625 991.364318847656 987.738342285156 995.617370605469 999.576171875 992.916687011719 988.739379882812 992.930725097656 985.663940429688 987.95166015625 979.930908203125 976.953796386719 983.724365234375 980.991271972656 979.715698242188 987.631103515625 978.868225097656 973.226501464844 980.003479003906 987.704162597656 1004.318359375 1013.04132080078 1002.67431640625 1002.78674316406 1000.98010253906 1001.35046386719 993.815185546875 992.755126953125 1007.02392578125 1009.24365234375 1007.185546875 1010.57653808594 1013.98529052734
977.061218261719 977.498962402344 974.094116210938 982.541687011719 973.814514160156 965.060119628906 967.448669433594 966.43212890625 974.419982910156 969.905395507812 975.022155761719 976.379211425781 982.614929199219 988.3154296875 991.246887207031 987.974426269531 988.431518554688 987.864929199219 987.072265625 991.023010253906 987.98046875 981.014038085938 982.327209472656 969.166809082031 973.230712890625 978.463500976562 973.456909179688 971.768005371094 975.904907226562 975.414672851562 974.861938476562 981.0546875 988.915710449219 993.474609375 1000.51763916016 997.229248046875 1003.48217773438 993.448852539062 994.144897460938 995.693908691406 993.97021484375 999.932861328125 1003.13781738281 1005.81005859375 1007.525390625 1012.72979736328
974.938537597656 970.26953125 975.014526367188 979.780090332031 974.367431640625 967.483093261719 966.267456054688 964.978271484375 968.099731445312 978.265869140625 979.989318847656 967.688232421875 979.862609863281 989.070007324219 991.292297363281 987.360656738281 981.5078125 990.434936523438 977.713134765625 985.56005859375 985.657043457031 983.529724121094 976.581726074219 978.848449707031 976.750793457031 979.9072265625 971.586608886719 968.947265625 968.470397949219 961.694030761719 967.722534179688 975.319641113281 989.637939453125 995.485961914062 1002.15270996094 996.146789550781 994.100708007812 997.631896972656 1004.11871337891 996.556762695312 996.305603027344 992.816284179688 994.659118652344 1003.71081542969 1008.60089111328 1011.23223876953
975.207580566406 970.301574707031 976.715942382812 981.391418457031 985.173706054688 972.427978515625 971.898376464844 969.001586914062 977.895141601562 989.254821777344 988.732727050781 977.972045898438 975.303405761719 989.12158203125 998.521484375 991.2275390625 993.881042480469 991.514770507812 988.453491210938 984.007873535156 983.185241699219 980.7978515625 974.967224121094 969.018493652344 969.201904296875 976.610717773438 974.342651367188 970.114562988281 972.692810058594 964.568176269531 963.738525390625 965.478210449219 981.6123046875 992.460388183594 993.369934082031 995.872253417969 991.185119628906 995.700622558594 1003.4912109375 990.551086425781 1003.57678222656 997.511840820312 1000.59600830078 1001.47387695312 1006.8037109375 1005.99554443359
966.81103515625 976.187866210938 977.857055664062 974.621704101562 979.824401855469 974.194702148438 970.41015625 972.439636230469 984.928894042969 990.609985351562 992.395812988281 986.363403320312 987.026184082031 991.467102050781 997.640869140625 990.501342773438 998.763793945312 988.434448242188 992.378662109375 991.967895507812 978.940673828125 972.911499023438 971.132507324219 966.300476074219 963.181396484375 957.384155273438 965.417114257812 967.809326171875 968.49755859375 970.352355957031 964.06298828125 977.907775878906 978.8388671875 985.410400390625 992.90625 984.996276855469 994.976440429688 996.811828613281 996.693725585938 1002.96856689453 1000.41156005859 1003.14410400391 997.208618164062 992.794921875 997.152709960938 995.242126464844
