data/zlatibor_dem_simulations/DEMsim15.asc
NCOLS 150
NROWS 100
XLLCORNER 7394249
YLLCORNER 4841999
CELLSIZE 30
NODATA_VALUE -9999
[rows 20 to 39 of 100, columns 0 to 45 of 150]
966.677307128906 954.989807128906 953.624267578125 952.202941894531 954.548034667969 965.715026855469 972.084289550781 975.80224609375 973.323303222656 974.871826171875 979.13623046875 961.640502929688 959.482666015625 958.649597167969 966.642395019531 976.337280273438 981.8232421875 983.345947265625 986.321350097656 992.145324707031 987.89111328125 980.780517578125 978.704284667969 981.004272460938 989.829711914062 996.119995117188 1006.90203857422 1006.62316894531 1006.10791015625 1015.29998779297 1014.51818847656 1012.47869873047 1013.43377685547 1023.08172607422 1031.19030761719 1042.66760253906 1036.51989746094 1043.14086914062 1035.96911621094 1031.64025878906 1028.4736328125 1020.73687744141 1019.07843017578 1012.06115722656 1004.04016113281 1011.29168701172
953.829345703125 940.648315429688 946.03857421875 951.492919921875 953.399658203125 958.085754394531 977.399841308594 969.205932617188 969.618896484375 971.6083984375 971.814392089844 962.210205078125 960.331665039062 958.550720214844 962.21630859375 968.916564941406 981.770324707031 981.274658203125 971.788513183594 981.628662109375 981.319885253906 977.441040039062 976.038513183594 980.025024414062 981.773559570312 995.138549804688 991.092346191406 999.58203125 1010.40850830078 1009.29565429688 1016.89996337891 1010.53430175781 1009.58422851562 1027.42175292969 1024.06262207031 1028.38146972656 1029.30407714844 1034.31127929688 1029.19116210938 1029.0205078125 1016.16955566406 1013.84954833984 1003.32958984375 995.896850585938 988.897705078125 1010.26287841797
948.165466308594 951.680541992188 946.573425292969 943.91943359375 950.167541503906 956.380859375 959.424499511719 954.219909667969 964.550903320312 955.377075195312 960.335815429688 956.085571289062 952.067626953125 950.8671875 955.692749023438 959.036743164062 959.832763671875 964.416381835938 968.465942382812 969.145690917969 975.429870605469 972.918273925781 973.714904785156 970.376708984375 967.354736328125 972.087463378906 986.147827148438 997.231201171875 1005.15344238281 1008.59716796875 1012.93579101562 1011.42681884766 1010.03521728516 1016.03082275391 1003.40185546875 1016.10479736328 1021.18237304688 1020.56762695312 1026.38977050781 1026.19409179688 1022.69470214844 1020.82958984375 1007.71520996094 1002.1650390625 1000.59069824219 1000.10522460938
956.272338867188 950.190856933594 943.415161132812 947.543823242188 954.731323242188 953.108337402344 953.448425292969 955.060241699219 962.1044921875 956.081848144531 954.925842285156 951.020080566406 957.173950195312 959.057922363281 960.300415039062 962.935241699219 956.565979003906 955.345581054688 953.493530273438 963.110961914062 966.592468261719 970.222717285156 964.22705078125 960.075439453125 964.785461425781 966.445068359375 983.642883300781 994.747314453125 1001.96710205078 1007.31610107422 1015.1904296875 1009.33074951172 1008.95654296875 996.871459960938 1010.53582763672 1011.30511474609 1020.20404052734 1024.60729980469 1020.72894287109 1016.58618164062 1018.98400878906 1011.25439453125 1006.56195068359 1001.81298828125 999.614929199219 998.995727539062
953.312805175781 944.574157714844 937.272521972656 954.906555175781 958.889099121094 959.46240234375 954.879821777344 960.121032714844 956.717956542969 958.417419433594 948.541442871094 957.783264160156 967.972045898438 969.367553710938 967.904174804688 964.305847167969 952.123962402344 955.055603027344 956.151123046875 960.351623535156 968.536010742188 965.847045898438 968.211486816406 962.95947265625 967.716369628906 974.098876953125 985.428100585938 988.093200683594 1003.14379882812 1009.69506835938 1009.01068115234 1004.16564941406 1004.26623535156 1004.88140869141 1013.69946289062 1007.79010009766 1006.94915771484 1015.05670166016 1019.29559326172 1011.13647460938 1008.43298339844 999.939880371094 1004.15606689453 1002.51928710938 1002.03533935547 997.320434570312
948.45751953125 946.276489257812 950.518859863281 956.106994628906 965.621887207031 967.07177734375 967.580444335938 960.989318847656 951.467346191406 958.4248046875 955.21240234375 963.473693847656 968.197875976562 973.023193359375 969.278747558594 962.59765625 961.403381347656 957.786071777344 959.482238769531 966.906188964844 976.143493652344 970.933471679688 972.772644042969 978.913452148438 977.69140625 987.154052734375 991.225708007812 994.239562988281 1008.23748779297 1002.93096923828 995.841674804688 1002.06378173828 1002.89184570312 1007.34191894531 1009.09533691406 1011.89575195312 1007.54296875 1014.79998779297 1014.96130371094 1006.82189941406 995.981994628906 995.800842285156 999.354187011719 994.106506347656 990.762939453125 993.949340820312
954.189331054688 956.31884765625 954.176147460938 958.211181640625 966.199035644531 969.554748535156 963.84423828125 959.677185058594 966.769653320312 967.951721191406 961.614807128906 972.345764160156 971.385314941406 976.47705078125 977.244018554688 969.604187011719 964.955749511719 963.122741699219 973.45166015625 961.158752441406 964.458068847656 986.055053710938 985.123107910156 984.3818359375 983.034362792969 983.992492675781 986.47998046875 992.41748046875 994.633117675781 998.433410644531 993.555480957031 995.695861816406 1003.71649169922 1014.53570556641 1017.39569091797 1010.60656738281 1015.11291503906 1004.57629394531 1001.37347412109 998.5224609375 990.904907226562 982.812683105469 986.603515625 989.478393554688 996.648864746094 991.711303710938
965.955444335938 955.956359863281 950.2333984375 958.554809570312 969.018432617188 965.478637695312 963.601318359375 957.07958984375 958.086303710938 961.896545410156 971.516845703125 980.779846191406 980.473999023438 975.039794921875 975.364074707031 966.257629394531 962.971801757812 968.912902832031 972.912841796875 967.872863769531 968.990295410156 984.206604003906 985.894592285156 985.753356933594 982.948913574219 990.889892578125 992.116821289062 993.56201171875 989.046447753906 991.420166015625 994.438781738281 989.606750488281 998.549926757812 1008.25628662109 1007.65466308594 1004.04718017578 998.050842285156 1001.49877929688 994.261596679688 993.764709472656 987.973083496094 979.336242675781 978.41650390625 990.966796875 999.834289550781 1003.07879638672
960.902038574219 953.589782714844 956.156555175781 958.53857421875 961.573608398438 958.350891113281 954.709655761719 965.281921386719 962.119445800781 963.396606445312 966.337524414062 973.769287109375 975.597106933594 978.753662109375 973.669372558594 969.942504882812 965.775024414062 969.457702636719 966.952819824219 979.576293945312 981.752746582031 988.408203125 996.623229980469 987.346069335938 985.918701171875 988.95703125 988.896362304688 987.755798339844 995.9013671875 1002.38879394531 995.820007324219 993.913452148438 992.637451171875 1004.09985351562 1013.11779785156 1008.900390625 1002.59844970703 1003.4111328125 993.458618164062 993.610595703125 987.913818359375 988.386535644531 992.076721191406 990.669616699219 1000.77642822266 1003.13629150391
960.151123046875 950.516662597656 961.370483398438 964.260559082031 961.610717773438 961.162963867188 954.721313476562 960.028564453125 964.450744628906 963.230102539062 966.41064453125 977.387512207031 975.783630371094 975.262878417969 968.710571289062 972.666809082031 969.859069824219 969.85498046875 973.888977050781 977.446838378906 980.865539550781 992.098022460938 993.126770019531 993.907348632812 984.633178710938 985.664428710938 985.5283203125 991.435119628906 989.149719238281 992.473876953125 991.688232421875 990.174682617188 995.816101074219 1002.92529296875 1006.21600341797 1005.58947753906 1003.95422363281 988.896423339844 990.411315917969 995.427307128906 993.04345703125 991.713195800781 993.201538085938 985.270812988281 995.935607910156 1003.52447509766
955.785766601562 954.635009765625 967.086486816406 967.952514648438 963.791015625 965.622497558594 967.9765625 961.166381835938 963.400756835938 968.377136230469 969.213989257812 985.349487304688 982.260498046875 978.623840332031 984.354614257812 974.958312988281 975.910461425781 976.18115234375 970.140197753906 977.615539550781 988.177124023438 986.065673828125 993.777893066406 985.937622070312 986.84521484375 986.352478027344 986.348388671875 991.27783203125 986.731628417969 983.322021484375 987.653381347656 992.61376953125 993.721435546875 1004.69409179688 1007.24066162109 998.133728027344 992.875732421875 986.463134765625 980.783142089844 984.843688964844 996.606323242188 995.1884765625 994.261657714844 989.922607421875 993.847290039062 994.061889648438
953.635314941406 954.81884765625 962.3603515625 965.929077148438 968.403686523438 965.212707519531 970.814147949219 964.020751953125 967.250366210938 968.510559082031 965.45361328125 973.789733886719 981.624877929688 977.136657714844 976.055114746094 977.5703125 989.126892089844 976.313354492188 973.037536621094 983.44580078125 985.296081542969 981.19677734375 986.203491210938 977.968566894531 981.641479492188 981.584533691406 982.490051269531 982.328186035156 978.382019042969 984.866394042969 992.631774902344 993.612609863281 996.237609863281 998.82080078125 985.567687988281 983.9619140625 982.091735839844 984.907470703125 981.152160644531 987.249450683594 1002.70092773438 993.337829589844 998.096496582031 994.0107421875 994.307067871094 987.385375976562
952.7744140625 956.858154296875 960.02978515625 958.0146484375 967.864501953125 964.204833984375 963.396728515625 963.102905273438 967.094909667969 965.979370117188 973.23876953125 978.808166503906 977.677795410156 974.74609375 965.533447265625 972.221130371094 976.48388671875 974.451904296875 976.298400878906 977.73095703125 977.956848144531 988.681396484375 981.723327636719 980.382202148438 976.714111328125 976.252746582031 979.135375976562 975.138671875 983.606018066406 986.302429199219 990.875610351562 983.945556640625 998.147277832031 998.554931640625 990.796264648438 985.072143554688 976.29541015625 973.969482421875 974.504150390625 984.208923339844 991.666259765625 994.616271972656 992.832580566406 981.032470703125 991.534606933594 994.474426269531
954.64892578125 957.0712890625 960.969055175781 955.315063476562 967.944641113281 976.349365234375 969.471069335938 966.567504882812 968.118286132812 965.830261230469 965.556457519531 975.091552734375 977.654907226562 965.114685058594 974.654663085938 967.190979003906 970.957153320312 974.516845703125 981.002258300781 977.667541503906 981.3583984375 987.150207519531 985.030883789062 976.718933105469 968.801025390625 981.291625976562 974.426086425781 971.293273925781 982.853454589844 986.15625 986.354248046875 986.757995605469 989.759460449219 988.319091796875 989.512145996094 980.715393066406 978.289916992188 980.690185546875 985.075012207031 986.529846191406 982.582458496094 984.727478027344 985.291015625 986.44970703125 987.582580566406 983.296325683594
953.8642578125 956.029968261719 957.331237792969 952.992431640625 961.193115234375 972.16064453125 971.078674316406 969.908630371094 965.966491699219 974.036193847656 967.430358886719 972.045593261719 972.41845703125 965.846374511719 966.988464355469 973.611694335938 974.796997070312 975.2255859375 981.326477050781 979.075622558594 972.220764160156 988.475891113281 989.021484375 983.188354492188 980.803955078125 980.003601074219 978.905029296875 973.678405761719 976.865966796875 983.571350097656 983.267272949219 989.987182617188 986.540588378906 981.623352050781 974.453308105469 973.322448730469 970.106079101562 973.672790527344 980.129211425781 975.845336914062 979.077209472656 984.067993164062 980.54296875 982.945678710938 989.560974121094 987.002624511719
952.347290039062 960.583129882812 952.59619140625 956.430297851562 962.301391601562 966.506958007812 972.703857421875 970.578918457031 966.806030273438 967.406127929688 961.100646972656 968.891967773438 965.418151855469 964.854797363281 970.485900878906 969.892883300781 974.703491210938 972.917541503906 975.532409667969 979.05419921875 978.489562988281 988.598571777344 990.872863769531 983.678161621094 984.543212890625 980.184753417969 986.528564453125 982.299072265625 983.8427734375 987.621276855469 983.12353515625 983.259765625 978.927612304688 974.372436523438 981.7294921875 973.966552734375 979.953063964844 971.788269042969 975.372009277344 974.6875 981.982360839844 980.079833984375 983.849609375 988.104309082031 980.063537597656 988.297180175781
958.466613769531 962.375061035156 958.183166503906 958.170227050781 963.988098144531 971.131164550781 970.089050292969 968.916076660156 965.80078125 977.690490722656 957.210510253906 965.783020019531 969.600769042969 970.560852050781 979.415832519531 976.901672363281 973.116943359375 982.392578125 973.243347167969 992.127075195312 987.759399414062 987.020568847656 981.274047851562 982.858459472656 986.541809082031 979.121459960938 989.311462402344 983.418334960938 990.183044433594 985.615417480469 996.796691894531 982.614990234375 980.468688964844 973.092041015625 973.781372070312 979.90234375 975.025573730469 974.499328613281 971.651977539062 968.331420898438 968.157104492188 977.311706542969 983.119445800781 982.796691894531 984.044128417969 977.898010253906
957.317199707031 955.71435546875 965.677124023438 960.180358886719 960.577453613281 965.880126953125 974.62890625 971.896911621094 975.466735839844 972.665710449219 961.955810546875 965.06982421875 962.118896484375 976.807800292969 977.860473632812 976.682983398438 973.134582519531 974.857727050781 979.416015625 985.177368164062 978.5068359375 980.549377441406 979.585327148438 979.782653808594 982.7802734375 984.280700683594 988.284057617188 981.928771972656 991.012451171875 996.2158203125 984.563171386719 981.263366699219 987.369140625 974.722839355469 972.139343261719 977.532348632812 975.865295410156 975.52880859375 965.046875 962.805297851562 971.690246582031 975.794494628906 975.55078125 976.316772460938 979.834777832031 976.312316894531
951.296142578125 956.86328125 962.722412109375 964.192260742188 962.902221679688 967.905334472656 972.501159667969 974.812866210938 974.542175292969 967.883544921875 964.553039550781 961.903503417969 960.369934082031 962.633361816406 973.699890136719 982.465637207031 978.674072265625 974.251098632812 978.314514160156 980.613220214844 979.388732910156 975.715087890625 977.561645507812 979.864868164062 978.341430664062 968.144836425781 976.385925292969 983.113525390625 983.308349609375 988.362731933594 985.34521484375 971.443420410156 981.989440917969 973.58251953125 973.378356933594 977.40283203125 977.340393066406 979.361572265625 970.947448730469 972.135375976562 967.989990234375 975.765380859375 965.641845703125 972.310546875 972.338195800781 969.940185546875
953.598693847656 954.621887207031 953.293518066406 960.471374511719 963.270324707031 963.282287597656 965.944702148438 972.024658203125 969.121765136719 971.12451171875 958.901000976562 960.566284179688 963.374206542969 962.491088867188 969.211303710938 981.135925292969 977.386291503906 978.590881347656 973.659545898438 981.291687011719 984.041015625 973.345275878906 968.158874511719 978.235107421875 975.794616699219 970.602905273438 970.771789550781 981.154418945312 978.548217773438 977.214111328125 971.508728027344 972.752380371094 967.61279296875 970.245422363281 978.256164550781 976.076354980469 979.779052734375 979.684020996094 977.48876953125 979.72607421875 973.218688964844 965.700622558594 976.668762207031 971.229736328125 963.90185546875 968.115112304688
