data/zlatibor_dem_simulations/DEMsim88.asc
NCOLS 150
NROWS 100
XLLCORNER 7394249
YLLCORNER 4841999
CELLSIZE 30
NODATA_VALUE -9999
[rows 20 to 39 of 100, columns 92 to 137 of 150]
993.221801757812 992.648376464844 997.868896484375 1000.66680908203 1003.85406494141 1004.48333740234 995.40478515625 999.929321289062 1001.6162109375 988.724182128906 992.965393066406 992.398376464844 995.16455078125 986.901245117188 976.729614257812 981.085266113281 971.353576660156 962.7353515625 960.471618652344 955.803344726562 949.309814453125 941.925659179688 955.708312988281 946.7646484375 947.472717285156 947.405090332031 939.12744140625 949.498901367188 953.865661621094 970.63671875 985.078918457031 980.78271484375 990.181640625 1011.07720947266 1023.84875488281 1022.49475097656 1030.81286621094 1034.02819824219 1038.7529296875 1040.7236328125 1038.8603515625 1035.20849609375 1038.27697753906 1053.17016601562 1060.1201171875 1063.35949707031
1013.2646484375 1011.42504882812 1013.52490234375 1012.39007568359 1016.01513671875 1013.44598388672 1011.27392578125 1008.92956542969 1008.69549560547 998.337463378906 992.445617675781 993.5966796875 994.118591308594 994.030700683594 978.513000488281 975.812744140625 965.931762695312 971.4052734375 964.011657714844 955.627868652344 956.199035644531 954.899963378906 947.8623046875 941.242797851562 939.578308105469 939.043884277344 947.728088378906 960.16064453125 962.447265625 976.53271484375 990.025573730469 990.581115722656 993.399291992188 1015.40649414062 1028.63134765625 1031.41369628906 1034.10095214844 1035.12512207031 1042.04333496094 1045.20739746094 1043.74597167969 1040.93530273438 1043.75659179688 1048.27954101562 1060.21447753906 1065.40661621094
1016.09106445312 1016.4326171875 1026.93005371094 1025.80346679688 1026.87194824219 1020.62719726562 1018.87713623047 1016.44653320312 1004.65667724609 989.869201660156 993.502685546875 1002.92041015625 1006.39270019531 997.561218261719 991.423889160156 987.789245605469 982.011596679688 972.90625 968.055725097656 958.267333984375 954.590698242188 959.20703125 948.393493652344 931.919738769531 939.080688476562 944.295227050781 953.015075683594 962.894775390625 975.148681640625 986.137939453125 993.462524414062 997.109375 995.099731445312 1004.21783447266 1018.32794189453 1033.69897460938 1035.81469726562 1042.67883300781 1040.29431152344 1056.9072265625 1047.22631835938 1042.98388671875 1049.31286621094 1052.8447265625 1055.904296875 1054.01623535156
1017.47998046875 1015.22192382812 1036.62756347656 1024.90869140625 1030.52905273438 1029.90124511719 1022.44732666016 1006.36334228516 999.898498535156 999.187866210938 999.34326171875 1006.22229003906 1009.97058105469 1008.02331542969 1002.70782470703 1001.93377685547 994.493225097656 975.9267578125 975.509521484375 958.75537109375 954.626586914062 948.166564941406 945.833862304688 942.958740234375 940.784790039062 947.992736816406 959.973327636719 970.843017578125 982.092712402344 986.96923828125 991.261169433594 993.542846679688 993.931701660156 1015.13659667969 1018.29840087891 1034.79077148438 1042.61706542969 1037.74816894531 1042.19201660156 1052.20947265625 1048.81115722656 1040.62329101562 1047.5654296875 1047.39111328125 1052.38793945312 1055.84033203125
1014.50152587891 1020.84759521484 1023.62774658203 1023.98840332031 1029.48254394531 1020.78588867188 1017.53314208984 1005.20178222656 1006.09448242188 1009.22076416016 1008.17431640625 1008.26599121094 1006.44952392578 1011.25732421875 1007.53576660156 1011.05541992188 1005.30596923828 988.411499023438 972.078369140625 965.469665527344 952.463256835938 945.732788085938 955.054443359375 954.988891601562 952.0703125 954.408630371094 965.577575683594 980.730834960938 998.587036132812 997.585754394531 994.050659179688 998.634765625 1006.1552734375 1011.72735595703 1025.80627441406 1038.12023925781 1040.09228515625 1044.97375488281 1047.85803222656 1042.31188964844 1041.29296875 1043.142578125 1043.08666992188 1049.80004882812 1061.36267089844 1061.01147460938
1025.09948730469 1028.10754394531 1029.52819824219 1028.78125 1030.52307128906 1021.44415283203 1018.54364013672 1013.65270996094 1006.49517822266 1003.43792724609 1007.83843994141 1006.69036865234 998.928588867188 1005.45513916016 1009.64642333984 1005.02093505859 999.389892578125 992.864318847656 975.176086425781 959.5595703125 959.50146484375 949.394226074219 945.505920410156 955.717224121094 962.921936035156 962.249145507812 976.586364746094 993.867431640625 1004.89349365234 1005.61773681641 1008.55682373047 1011.25494384766 1014.4638671875 1018.90649414062 1020.40081787109 1032.97155761719 1047.34045410156 1046.78942871094 1050.08508300781 1044.81225585938 1038.22509765625 1041.81262207031 1040.82446289062 1045.29956054688 1052.95776367188 1047.00390625
1029.06774902344 1042.1474609375 1041.42175292969 1030.17614746094 1024.65026855469 1027.24682617188 1031.86145019531 1022.98962402344 1019.05456542969 1009.84002685547 1015.03869628906 1008.52966308594 1001.09356689453 1004.76776123047 1001.18957519531 998.423461914062 993.595092773438 990.644470214844 975.302673339844 969.7724609375 961.339538574219 953.891418457031 952.083068847656 954.321044921875 957.457153320312 960.853454589844 971.857727050781 986.142578125 1000.08502197266 1012.40814208984 1018.92260742188 1022.5830078125 1018.58386230469 1024.21801757812 1028.77502441406 1035.25170898438 1043.23889160156 1043.62976074219 1053.10241699219 1044.54858398438 1036.56958007812 1032.95373535156 1029.0927734375 1035.49768066406 1043.89599609375 1040.21423339844
1026.06408691406 1038.1484375 1035.79187011719 1035.52722167969 1038.46313476562 1024.99438476562 1023.88098144531 1020.19561767578 1019.34405517578 1018.93548583984 1014.44598388672 1010.79327392578 1014.27600097656 1005.59429931641 1002.33905029297 997.197021484375 992.292785644531 989.896179199219 977.913818359375 965.329772949219 946.705078125 960.157348632812 956.254638671875 951.916687011719 949.749206542969 955.294006347656 967.065368652344 976.899719238281 988.292053222656 1009.98767089844 1017.76733398438 1019.80584716797 1019.6708984375 1024.88708496094 1029.93969726562 1034.99682617188 1034.05432128906 1037.46862792969 1048.28295898438 1037.03100585938 1029.1787109375 1029.70446777344 1028.673828125 1035.78234863281 1026.74182128906 1032.40026855469
1016.72973632812 1030.03442382812 1031.36767578125 1027.52099609375 1031.29797363281 1031.52795410156 1028.57629394531 1027.15832519531 1026.98376464844 1017.31225585938 1015.82061767578 1012.49096679688 1005.99908447266 1008.64678955078 1001.17663574219 996.346984863281 988.982238769531 980.398559570312 976.221984863281 965.431030273438 960.325927734375 956.413208007812 952.522338867188 946.596557617188 953.294189453125 960.365051269531 959.96826171875 973.671264648438 989.745483398438 1002.13812255859 1010.89984130859 1020.97729492188 1024.94702148438 1021.27508544922 1022.70922851562 1035.17346191406 1043.19677734375 1042.89172363281 1043.6796875 1040.98425292969 1026.54931640625 1033.61401367188 1022.06024169922 1022.60797119141 1030.67407226562 1032.66491699219
1012.15216064453 1020.65911865234 1017.26153564453 1022.4169921875 1027.66357421875 1028.19372558594 1025.78588867188 1025.50134277344 1025.04370117188 1018.01251220703 1012.44250488281 1014.14086914062 1018.65545654297 1008.27764892578 1008.38256835938 1000.47888183594 990.039855957031 986.421691894531 985.836730957031 970.914001464844 964.0927734375 950.906188964844 948.833312988281 945.160827636719 958.299194335938 953.272216796875 960.809936523438 980.513061523438 997.846313476562 1005.17150878906 1019.46301269531 1023.21417236328 1028.09606933594 1026.84948730469 1023.43200683594 1036.77087402344 1054.44641113281 1042.16357421875 1039.59265136719 1029.89965820312 1020.70385742188 1020.17913818359 1018.25006103516 1016.72442626953 1029.83996582031 1033.3779296875
1023.73455810547 1019.74102783203 1015.10034179688 1016.61938476562 1013.56890869141 1023.21057128906 1022.75408935547 1019.22741699219 1017.00689697266 1016.79022216797 1007.67633056641 1010.08148193359 1011.27386474609 1004.90496826172 1005.79858398438 993.990905761719 992.608642578125 981.273254394531 980.217041015625 966.764892578125 953.571655273438 944.745544433594 943.942077636719 950.732055664062 949.705078125 954.126281738281 964.467102050781 979.1650390625 987.566101074219 1004.28723144531 1017.04132080078 1027.47497558594 1026.04333496094 1020.77783203125 1022.02581787109 1034.06896972656 1037.26171875 1031.84375 1034.07727050781 1024.24951171875 1017.220703125 1014.88250732422 1003.90814208984 1017.45068359375 1024.65808105469 1024.99267578125
1026.49597167969 1018.00671386719 1011.36895751953 1004.48187255859 1013.82537841797 1015.2041015625 1019.26599121094 1017.80706787109 1009.04772949219 1003.68591308594 1000.87475585938 1008.78448486328 1012.71942138672 1012.10638427734 1007.56439208984 1006.42236328125 1001.80737304688 985.113159179688 978.404907226562 964.45654296875 955.658874511719 947.510803222656 947.612060546875 948.936706542969 946.696899414062 959.879150390625 964.60400390625 977.959777832031 991.749389648438 1001.38079833984 1006.72247314453 1012.63018798828 1019.27416992188 1019.80554199219 1027.00891113281 1037.8515625 1027.09838867188 1029.76879882812 1028.00439453125 1023.00537109375 1018.58947753906 1008.59588623047 1010.26123046875 1004.04052734375 1009.8955078125 1010.03967285156
1028.32922363281 1015.96820068359 1015.08776855469 1011.27362060547 1005.10571289062 1011.03881835938 1011.78363037109 1002.013671875 1009.37243652344 1007.99273681641 1007.48052978516 1002.06793212891 1011.845703125 1007.63171386719 1009.18206787109 1012.81573486328 998.819274902344 987.714050292969 979.725036621094 972.326965332031 961.655151367188 952.464721679688 952.384399414062 952.246032714844 958.029113769531 967.3369140625 971.959777832031 978.404846191406 987.030639648438 1001.25219726562 1007.35778808594 1006.10278320312 1015.94097900391 1019.36688232422 1024.49987792969 1029.83569335938 1033.60852050781 1020.27062988281 1024.54956054688 1009.67218017578 1014.76257324219 1011.56530761719 1007.71014404297 1013.44268798828 1020.47619628906 1021.84381103516
1023.45355224609 1015.16156005859 1008.85021972656 1011.64093017578 1014.75439453125 1012.36029052734 1005.27264404297 1005.83422851562 1006.009765625 1007.63470458984 996.337280273438 1003.02111816406 1001.90325927734 999.786499023438 996.219299316406 1000.58050537109 996.475036621094 986.72216796875 984.666076660156 978.586120605469 965.368225097656 959.923583984375 950.764038085938 957.671997070312 972.180969238281 975.404846191406 973.575134277344 978.809204101562 986.989074707031 999.897277832031 996.370361328125 1003.068359375 1021.40991210938 1022.11737060547 1026.68969726562 1029.70654296875 1017.20526123047 1012.87835693359 1013.19616699219 1010.78045654297 1012.41662597656 1021.95593261719 1011.17358398438 1019.67395019531 1024.47290039062 1027.66174316406
1016.94970703125 1009.58734130859 1014.06256103516 1003.70880126953 1013.71142578125 1007.02172851562 1008.51031494141 1009.63818359375 1002.19537353516 1003.76141357422 995.626770019531 998.303649902344 990.377380371094 997.848205566406 996.904724121094 996.445983886719 994.9521484375 990.128295898438 981.878173828125 981.81005859375 972.696960449219 965.168395996094 961.429443359375 964.103576660156 980.671325683594 978.812622070312 982.818115234375 981.230529785156 984.436096191406 995.829833984375 1002.07446289062 1011.19989013672 1011.28582763672 1004.62268066406 1008.21044921875 1009.8330078125 1008.04089355469 1010.47918701172 1007.23553466797 1012.50463867188 1015.79815673828 1020.36444091797 1017.19879150391 1024.46447753906 1025.39733886719 1026.45434570312
1006.25158691406 1011.1748046875 1004.82897949219 1007.45361328125 1011.3466796875 1012.99291992188 1005.19097900391 1004.60034179688 1006.64660644531 997.798889160156 998.874694824219 997.828002929688 990.767272949219 993.598083496094 991.55908203125 995.670349121094 994.522888183594 989.915100097656 981.698913574219 985.522033691406 985.927185058594 977.040771484375 976.420654296875 972.19482421875 978.010620117188 979.450378417969 980.720581054688 985.937622070312 986.435668945312 995.215393066406 998.253173828125 997.438049316406 996.635498046875 1000.67852783203 1005.99188232422 1009.80169677734 1008.28576660156 1004.20166015625 1011.40667724609 1016.00048828125 1020.42034912109 1017.66467285156 1021.67498779297 1029.15637207031 1030.31335449219 1036.57763671875
1006.21447753906 1010.65234375 999.671752929688 1002.44262695312 1010.25634765625 1004.01153564453 996.686889648438 1000.54473876953 1000.10748291016 990.660949707031 995.318542480469 998.46142578125 995.424194335938 995.028137207031 1004.24798583984 996.319702148438 994.195556640625 988.722534179688 989.614562988281 985.529052734375 989.63037109375 992.502685546875 983.168640136719 987.310180664062 984.803955078125 982.446105957031 980.276611328125 990.553466796875 991.520141601562 994.399719238281 996.257934570312 994.718933105469 994.50146484375 991.167358398438 994.550048828125 1000.49938964844 1007.62573242188 1004.19213867188 1011.08575439453 1017.10327148438 1016.73260498047 1013.11566162109 1023.47912597656 1027.12841796875 1030.38244628906 1040.09143066406
1007.29876708984 998.751159667969 999.477416992188 1010.65777587891 1006.5517578125 992.47119140625 1005.59063720703 1002.92694091797 999.929016113281 997.27978515625 997.073608398438 996.910827636719 993.021545410156 1008.84332275391 1002.99975585938 1001.86486816406 992.628601074219 993.210083007812 994.101135253906 995.127075195312 991.813232421875 1000.32635498047 990.281066894531 999.960205078125 1006.44903564453 989.237731933594 989.481750488281 991.503723144531 1002.14959716797 1004.24285888672 994.339599609375 993.344482421875 996.2421875 999.976501464844 996.174865722656 992.755004882812 1000.34783935547 1000.21838378906 1008.72027587891 1015.89379882812 1015.05975341797 1024.7431640625 1023.01245117188 1025.16162109375 1033.74072265625 1040.28833007812
1007.13812255859 1008.54138183594 1000.93322753906 1010.11334228516 1001.50457763672 1002.54364013672 1007.2333984375 999.075256347656 997.413208007812 992.314086914062 991.367065429688 992.401977539062 990.130310058594 999.742431640625 997.459106445312 1000.42877197266 996.326843261719 993.3857421875 996.019287109375 990.351989746094 989.959777832031 998.55224609375 995.295104980469 1003.61791992188 1005.33447265625 1002.04241943359 998.843872070312 1002.80938720703 997.362670898438 1004.96942138672 992.434143066406 986.634887695312 992.880798339844 999.763366699219 1004.96020507812 995.035461425781 993.957214355469 1003.22290039062 1006.85729980469 1015.52075195312 1027.26037597656 1017.55877685547 1023.79931640625 1032.65539550781 1046.04858398438 1055.31213378906
1004.74255371094 1011.17578125 1006.91461181641 997.771362304688 1001.59216308594 1005.11749267578 1008.36138916016 1000.52941894531 987.1826171875 989.608703613281 983.136047363281 985.592529296875 991.874450683594 990.338500976562 993.339721679688 992.960021972656 997.946594238281 1003.98425292969 996.998229980469 993.566467285156 992.223815917969 995.4013671875 1004.25793457031 1001.98864746094 999.564636230469 1001.72601318359 996.159301757812 994.744995117188 993.212890625 996.365966796875 995.7744140625 994.862670898438 992.009826660156 994.167419433594 1005.92541503906 1010.89721679688 1007.51690673828 1015.31896972656 1012.87231445312 1011.08489990234 1016.32019042969 1017.40112304688 1032.57263183594 1057.65795898438 1065.51245117188 1064.59729003906
