data/zlatibor_dem_simulations/DEMsim100.asc
NCOLS 150
NROWS 100
XLLCORNER 7394249
YLLCORNER 4841999
CELLSIZE 30
NODATA_VALUE -9999
[rows 60 to 79 of 100, columns 46 to 91 of 150]
944.303833007812 947.0068359375 944.952209472656 951.18017578125 953.568542480469 958.38525390625 955.134948730469 951.364440917969 948.537719726562 955.347106933594 963.783081054688 961.45361328125 957.193542480469 958.409057617188 957.298889160156 959.969421386719 957.422607421875 959.627502441406 956.594970703125 959.113891601562 967.959228515625 961.937316894531 952.322631835938 960.771240234375 967.670654296875 967.361511230469 958.512512207031 966.401428222656 969.23779296875 969.344177246094 966.404357910156 961.908874511719 956.439086914062 961.360168457031 971.469177246094 959.09423828125 966.402465820312 969.250610351562 977.140747070312 966.187866210938 970.551574707031 967.547485351562 968.350524902344 966.529968261719 971.698364257812 968.861328125
959.186889648438 955.33251953125 955.400512695312 960.73486328125 958.392395019531 968.332275390625 964.702819824219 964.58154296875 953.010620117188 960.720825195312 954.503234863281 957.205139160156 967.257568359375 961.049011230469 957.882690429688 962.698547363281 959.316101074219 958.908996582031 956.866638183594 957.966857910156 961.319702148438 963.302795410156 960.1904296875 961.571044921875 960.984252929688 962.434204101562 965.881164550781 960.761352539062 968.179443359375 972.293762207031 963.610168457031 966.654663085938 961.413635253906 955.058532714844 959.962219238281 967.765869140625 968.96484375 980.606262207031 976.074157714844 970.347412109375 967.721862792969 968.287414550781 976.065246582031 974.220947265625 974.279663085938 967.925659179688
972.03515625 969.527648925781 959.013122558594 965.204467773438 962.133361816406 973.480590820312 971.563537597656 962.630004882812 960.532348632812 956.716125488281 962.978210449219 962.950317382812 964.913696289062 964.733276367188 962.970031738281 962.342102050781 965.591918945312 965.233276367188 955.639343261719 954.500915527344 966.054626464844 963.808715820312 961.181335449219 961.977783203125 962.269348144531 965.421691894531 966.865905761719 968.866516113281 969.9853515625 971.664489746094 966.640380859375 967.991577148438 970.652893066406 964.666076660156 959.380798339844 961.647094726562 977.433776855469 981.161987304688 979.998046875 980.517639160156 979.623901367188 976.105224609375 984.393005371094 978.406799316406 975.493469238281 973.663330078125
973.08251953125 972.560119628906 969.496948242188 974.151428222656 974.26220703125 976.508483886719 963.009338378906 963.743347167969 960.464538574219 962.126037597656 961.866638183594 965.219665527344 965.570739746094 964.58837890625 966.612121582031 959.239929199219 956.172058105469 968.099670410156 959.755615234375 961.362548828125 965.619506835938 966.564514160156 971.046813964844 968.331420898438 965.836486816406 970.174865722656 975.134033203125 968.911743164062 969.656555175781 969.364868164062 970.72314453125 965.675964355469 965.195068359375 970.9208984375 953.364013671875 963.287780761719 979.407287597656 984.165405273438 984.008422851562 982.158874511719 982.42041015625 982.623840332031 988.437927246094 984.205383300781 972.274963378906 974.992553710938
966.34130859375 969.931762695312 976.49169921875 967.670166015625 971.383483886719 969.2470703125 975.168701171875 966.212707519531 962.092895507812 959.63232421875 962.416381835938 963.036499023438 966.640625 970.707702636719 961.4814453125 968.174133300781 964.753295898438 968.131652832031 968.103515625 960.128356933594 961.924743652344 966.3486328125 977.399291992188 978.2421875 969.48974609375 973.240478515625 976.439453125 965.560180664062 961.856506347656 977.195495605469 974.955017089844 965.989624023438 965.372314453125 968.133911132812 964.32861328125 962.623046875 976.783386230469 985.542724609375 975.121704101562 976.885681152344 976.2060546875 966.07958984375 975.8310546875 972.738403320312 975.830688476562 974.341735839844
975.750549316406 979.580505371094 980.2158203125 971.295654296875 971.310302734375 960.165161132812 963.284545898438 975.558654785156 963.541259765625 961.989929199219 960.852355957031 957.309997558594 958.475952148438 969.297485351562 976.947631835938 964.919189453125 964.077209472656 962.018676757812 959.968994140625 956.124450683594 964.544372558594 973.295837402344 974.76513671875 976.190551757812 975.296936035156 970.543701171875 965.483581542969 971.330017089844 975.159790039062 980.88037109375 982.516174316406 976.900512695312 977.397766113281 966.664672851562 969.040588378906 974.230651855469 979.924011230469 978.709411621094 976.116088867188 974.915222167969 972.932739257812 962.531005859375 965.505249023438 972.420043945312 971.848815917969 975.284484863281
973.741882324219 980.110046386719 974.979858398438 974.058166503906 973.176513671875 967.384033203125 965.146423339844 971.157592773438 967.545715332031 965.5390625 964.977966308594 963.401977539062 972.870300292969 967.94970703125 971.352355957031 971.440368652344 966.119934082031 969.525085449219 962.921752929688 964.2626953125 966.86328125 977.242065429688 979.966613769531 977.750671386719 979.174560546875 984.518310546875 969.102722167969 966.998168945312 976.556274414062 974.709228515625 976.840881347656 977.771545410156 979.261474609375 973.878112792969 977.249206542969 975.940002441406 981.446166992188 971.048095703125 977.987243652344 981.919372558594 977.462951660156 968.389465332031 969.798156738281 981.788146972656 975.879760742188 967.85595703125
972.8818359375 982.64306640625 976.693420410156 977.796264648438 978.364929199219 972.647338867188 977.770263671875 982.493713378906 978.457763671875 973.860473632812 964.801208496094 969.138732910156 972.26611328125 975.591674804688 976.614379882812 974.596557617188 968.655700683594 974.529296875 962.831787109375 968.126708984375 963.449340820312 975.707275390625 978.607177734375 980.470092773438 980.803466796875 981.436645507812 975.915649414062 984.574096679688 974.862060546875 971.427429199219 964.109741210938 977.11474609375 976.864318847656 982.744689941406 985.166564941406 979.607299804688 974.964477539062 982.025939941406 981.449035644531 992.148315429688 992.550659179688 982.779296875 978.999084472656 979.448181152344 976.490356445312 974.78173828125
981.647521972656 986.368103027344 979.754211425781 975.732299804688 986.045227050781 983.493896484375 987.914611816406 984.0908203125 978.660705566406 967.247192382812 968.972412109375 980.838745117188 971.296325683594 971.57666015625 969.739990234375 971.042724609375 967.454040527344 970.384582519531 962.450134277344 965.030334472656 972.975708007812 971.4208984375 973.681640625 975.521728515625 981.623779296875 971.075256347656 986.735778808594 984.925720214844 974.462280273438 980.779052734375 972.253295898438 973.313232421875 981.065246582031 983.781188964844 984.961181640625 985.332336425781 984.239807128906 982.987731933594 986.036987304688 994.412353515625 996.431823730469 983.601440429688 981.996520996094 981.768310546875 977.858642578125 969.435180664062
984.7373046875 991.424499511719 994.134460449219 978.732055664062 986.84130859375 985.692565917969 987.89306640625 979.413391113281 983.3134765625 979.682922363281 983.356811523438 979.715576171875 978.892944335938 970.306396484375 971.562927246094 975.114807128906 980.726806640625 965.775024414062 965.78076171875 968.38037109375 969.756042480469 974.483337402344 977.422180175781 970.021240234375 979.269165039062 981.758422851562 981.795715332031 981.64697265625 980.476379394531 980.796142578125 978.626953125 979.440307617188 982.159301757812 985.53173828125 981.725646972656 982.76708984375 982.827575683594 987.237548828125 996.246826171875 991.994689941406 992.476013183594 983.404663085938 978.758483886719 982.850280761719 981.560546875 973.4794921875
985.520202636719 990.408020019531 998.237731933594 987.4921875 985.98486328125 985.706359863281 986.852111816406 984.200805664062 975.674438476562 985.450866699219 978.349609375 975.009948730469 979.367919921875 968.749145507812 967.080200195312 983.088256835938 972.238525390625 967.285400390625 961.119873046875 968.376708984375 976.804443359375 976.279602050781 983.995544433594 983.954406738281 975.893432617188 974.378967285156 978.444763183594 976.494079589844 979.893127441406 979.90283203125 980.528076171875 981.445983886719 981.707702636719 978.98583984375 984.619323730469 982.946166992188 989.050598144531 988.782775878906 985.519714355469 985.107177734375 992.765991210938 986.606262207031 981.759155273438 969.899780273438 973.274230957031 976.095825195312
987.9755859375 994.0283203125 993.293640136719 1001.75598144531 1002.82916259766 996.172668457031 990.812194824219 991.08154296875 985.203369140625 980.257202148438 976.569030761719 973.2421875 973.967224121094 972.484008789062 971.258666992188 978.06884765625 971.754638671875 969.195739746094 969.411254882812 970.1337890625 979.780151367188 976.238342285156 982.525268554688 987.765441894531 984.691650390625 977.463256835938 983.578063964844 984.391479492188 981.776611328125 983.372253417969 985.943664550781 985.189819335938 990.395751953125 986.516174316406 977.041076660156 979.484802246094 983.302185058594 983.68408203125 979.437133789062 979.107666015625 984.055541992188 983.456237792969 977.002563476562 975.935363769531 979.143493652344 981.271057128906
988.11279296875 991.361633300781 999.470703125 1008.09130859375 1007.13409423828 999.661682128906 996.046691894531 990.743286132812 988.251708984375 973.708435058594 970.158203125 981.371032714844 978.784973144531 976.238525390625 979.59716796875 973.174865722656 974.402648925781 978.985534667969 972.479370117188 971.962890625 980.931274414062 978.973815917969 976.019287109375 982.4775390625 977.334045410156 983.727478027344 990.280334472656 989.301513671875 984.149963378906 983.282836914062 984.512512207031 997.879089355469 985.202819824219 982.593933105469 976.074462890625 975.122985839844 972.915954589844 975.654846191406 989.594421386719 991.278137207031 987.278991699219 982.619995117188 978.582458496094 979.000610351562 974.786437988281 977.788208007812
992.80224609375 1002.59802246094 1001.2431640625 1006.04187011719 1012.72448730469 1002.7978515625 994.848205566406 997.741394042969 993.776916503906 982.672241210938 986.349426269531 983.530334472656 982.467041015625 979.811706542969 972.147277832031 968.728210449219 969.652038574219 974.998413085938 980.373229980469 974.011901855469 978.120056152344 975.9833984375 983.246032714844 980.955749511719 976.642578125 977.086303710938 982.58154296875 986.491516113281 985.024108886719 981.926574707031 986.107421875 999.031188964844 993.450805664062 984.823547363281 987.384521484375 982.114074707031 969.585388183594 969.402038574219 984.966552734375 987.066650390625 981.311218261719 977.413146972656 978.917358398438 982.023193359375 982.564758300781 988.670593261719
999.507446289062 995.330810546875 1001.20904541016 999.288879394531 1007.83258056641 1008.10064697266 1007.69342041016 994.936950683594 993.915710449219 991.514770507812 987.848449707031 973.464172363281 977.413208007812 987.261657714844 978.043518066406 969.419616699219 965.436645507812 973.016540527344 979.082397460938 978.953674316406 982.356384277344 984.210571289062 982.014953613281 985.053771972656 979.794494628906 981.228576660156 991.510009765625 993.587646484375 986.369506835938 981.832214355469 980.221618652344 999.573852539062 996.666748046875 994.06494140625 985.904235839844 984.221313476562 983.349792480469 982.196899414062 983.912841796875 988.07666015625 987.1103515625 987.171936035156 989.025024414062 984.999755859375 981.380554199219 988.807739257812
1000.35076904297 1004.80004882812 999.656799316406 1004.78070068359 1011.18707275391 1008.73266601562 1012.65325927734 998.3896484375 995.177062988281 987.671020507812 988.365234375 982.78466796875 987.247314453125 983.173522949219 980.883911132812 965.154174804688 963.048400878906 968.829284667969 975.908935546875 990.623779296875 994.296936035156 992.741333007812 989.946044921875 989.311340332031 991.259948730469 984.56201171875 983.282287597656 985.699829101562 976.377685546875 975.855041503906 983.258361816406 997.210876464844 997.29541015625 991.704650878906 989.496154785156 995.084716796875 992.648681640625 984.997680664062 984.842468261719 987.328979492188 989.540710449219 996.474243164062 988.633056640625 986.580871582031 984.079406738281 982.20556640625
1005.0791015625 999.713256835938 1006.13916015625 1004.03051757812 1001.32336425781 1011.62487792969 1009.47131347656 1009.03424072266 990.015686035156 991.3671875 988.318725585938 983.824340820312 982.442077636719 982.300109863281 981.952453613281 972.848083496094 969.055603027344 972.178588867188 976.247619628906 983.829528808594 989.521301269531 993.7568359375 995.009399414062 996.804870605469 991.228759765625 1000.99139404297 983.885986328125 987.759765625 981.754028320312 983.840270996094 988.876586914062 992.457702636719 995.706237792969 997.569641113281 1000.86688232422 995.689758300781 995.924560546875 985.353698730469 988.31298828125 994.871765136719 993.073181152344 1000.88702392578 994.299377441406 993.605895996094 984.778991699219 978.567749023438
1009.74609375 1019.91674804688 1021.40948486328 1012.24597167969 1008.84124755859 1004.30694580078 1007.75286865234 998.870056152344 991.515075683594 987.610290527344 979.426147460938 972.232666015625 974.947570800781 976.021789550781 969.258972167969 977.935607910156 974.203369140625 966.248168945312 971.144470214844 974.770568847656 983.138427734375 981.929809570312 995.578857421875 992.835144042969 997.158630371094 997.933410644531 992.110229492188 979.928649902344 984.983947753906 986.617919921875 994.540832519531 996.833251953125 999.673217773438 999.509826660156 1001.32525634766 1005.84405517578 997.058044433594 989.730224609375 988.140319824219 993.560180664062 1004.87896728516 1007.88354492188 998.575012207031 993.920349121094 988.474243164062 982.905700683594
1012.73022460938 1018.83306884766 1021.76434326172 1005.80755615234 1003.06713867188 1001.97198486328 1006.36767578125 999.975646972656 995.019592285156 991.103210449219 983.537292480469 976.71337890625 979.86376953125 982.180603027344 981.631469726562 975.072570800781 975.651428222656 972.900512695312 969.343383789062 977.642822265625 988.369873046875 988.816284179688 981.74267578125 984.118103027344 983.749328613281 990.991455078125 983.127563476562 983.897338867188 980.89501953125 978.797180175781 992.312927246094 992.029235839844 997.817077636719 1015.78265380859 1008.99212646484 1003.69012451172 1002.828125 992.481201171875 994.449462890625 1004.06787109375 1008.23211669922 1004.83752441406 1003.18420410156 995.32861328125 991.298217773438 993.705810546875
1010.96807861328 1017.25622558594 1018.1259765625 1004.822265625 1002.58990478516 998.757995605469 995.690673828125 991.934448242188 997.546630859375 988.686157226562 980.335083007812 981.602783203125 980.337097167969 977.993286132812 984.317993164062 982.835388183594 975.932250976562 976.039611816406 975.552795410156 977.249694824219 979.201232910156 980.621643066406 986.154357910156 981.660217285156 980.102111816406 983.299072265625 985.860412597656 997.196594238281 978.963562011719 982.992736816406 993.943542480469 997.123718261719 1005.9443359375 1012.60974121094 1008.58807373047 1003.39678955078 1009.28497314453 996.91796875 999.993286132812 997.889404296875 1000.06671142578 1008.38214111328 1000.37078857422 995.154113769531 986.931884765625 985.592834472656
