data/zlatibor_dem_simulations/DEMsim75.asc
NCOLS 150
NROWS 100
XLLCORNER 7394249
YLLCORNER 4841999
CELLSIZE 30
NODATA_VALUE -9999
[rows 0 to 19 of 100, columns 92 to 137 of 150]
912.141723632812 912.795227050781 912.126708984375 897.330871582031 890.619323730469 881.022766113281 877.904968261719 880.997436523438 877.868591308594 876.182922363281 871.518859863281 869.753967285156 862.629760742188 854.130981445312 859.534606933594 859.006774902344 871.436279296875 875.839538574219 879.082702636719 890.339477539062 894.645690917969 905.253723144531 908.125244140625 912.723693847656 913.224914550781 920.367736816406 921.196655273438 919.93798828125 927.951721191406 931.696228027344 937.0869140625 945.485778808594 953.630310058594 954.139221191406 957.983337402344 963.84912109375 970.942626953125 984.772705078125 989.644226074219 997.837829589844 1014.74505615234 1024.12768554688 1031.6337890625 1035.99169921875 1045.64636230469 1061.86401367188
916.731994628906 914.840148925781 913.301147460938 902.120239257812 894.923767089844 883.036254882812 882.506469726562 877.120727539062 878.047607421875 875.99267578125 871.628784179688 863.909790039062 859.294250488281 860.01513671875 855.80322265625 853.825866699219 865.336608886719 868.681213378906 876.000244140625 889.846923828125 895.265686035156 896.746765136719 898.916625976562 901.10986328125 917.026611328125 920.632629394531 917.369689941406 916.499206542969 917.409484863281 933.319580078125 937.793151855469 944.972473144531 946.498779296875 951.186950683594 959.236083984375 958.397766113281 971.486389160156 976.7822265625 986.699951171875 1000.53619384766 1019.36474609375 1024.94982910156 1029.62854003906 1044.09558105469 1056.69018554688 1064.98718261719
922.789123535156 923.926513671875 921.820495605469 914.417358398438 900.84716796875 881.400390625 874.677185058594 872.472778320312 878.555480957031 880.503540039062 869.912719726562 867.539733886719 862.947082519531 857.650573730469 861.014587402344 854.555236816406 862.049987792969 868.851257324219 874.410583496094 885.288146972656 893.443115234375 890.776428222656 897.565124511719 901.730041503906 909.860717773438 920.909362792969 916.679138183594 929.587585449219 926.807556152344 934.895446777344 941.839904785156 949.079284667969 948.610595703125 949.11376953125 951.527221679688 960.919616699219 960.191955566406 978.457397460938 988.630981445312 1002.99053955078 1019.7685546875 1025.27185058594 1034.43298339844 1050.919921875 1053.90649414062 1069.46923828125
922.207702636719 914.046997070312 913.595397949219 906.272094726562 891.326599121094 887.737854003906 874.884155273438 871.473449707031 871.004760742188 873.744750976562 868.787902832031 877.375915527344 875.372741699219 865.914367675781 865.559509277344 872.193969726562 880.027893066406 873.192016601562 878.475524902344 880.298278808594 892.107055664062 892.170776367188 897.130798339844 907.681396484375 909.608459472656 912.572692871094 919.7490234375 928.170043945312 925.610717773438 941.087463378906 942.656005859375 945.721618652344 940.595886230469 942.474487304688 952.702453613281 968.647216796875 964.797546386719 976.711059570312 984.108642578125 1000.16925048828 1017.31927490234 1030.79406738281 1045.46508789062 1048.17199707031 1049.53063964844 1064.29028320312
925.158752441406 914.968933105469 911.875061035156 899.474182128906 893.629333496094 890.379760742188 881.201599121094 872.892822265625 877.407836914062 885.021362304688 875.625366210938 877.862365722656 876.775817871094 870.731079101562 872.11767578125 881.522155761719 887.003112792969 880.401245117188 882.063110351562 880.718505859375 880.375183105469 896.8056640625 904.934814453125 902.011535644531 907.51806640625 916.799987792969 919.373291015625 928.088439941406 933.589904785156 943.318298339844 945.79150390625 937.450744628906 938.148071289062 949.227600097656 962.8515625 962.881652832031 972.560852050781 977.697875976562 989.178833007812 1005.17395019531 1021.06707763672 1036.77160644531 1047.11596679688 1047.01843261719 1057.64990234375 1068.00512695312
927.723999023438 919.550476074219 905.946105957031 903.628051757812 891.401184082031 887.558288574219 883.121765136719 882.640930175781 882.448608398438 871.95751953125 877.07177734375 880.321472167969 871.254699707031 871.373657226562 888.791137695312 886.350708007812 879.130798339844 883.483703613281 885.63427734375 878.930969238281 875.189636230469 894.135314941406 904.741516113281 903.206726074219 906.472106933594 915.971496582031 923.044555664062 934.685363769531 934.077270507812 937.427917480469 937.942810058594 938.783630371094 941.834655761719 951.033874511719 955.995239257812 966.291076660156 969.546447753906 979.591125488281 993.307373046875 1009.84436035156 1033.02160644531 1048.72521972656 1053.38586425781 1061.083984375 1066.18469238281 1079.42614746094
930.263977050781 922.115356445312 909.368530273438 906.853698730469 893.050720214844 888.369995117188 881.573120117188 878.195007324219 876.976684570312 884.460510253906 889.182067871094 885.647705078125 883.984985351562 883.867553710938 886.321044921875 885.093994140625 891.359924316406 880.346130371094 885.883117675781 884.685424804688 887.514465332031 899.032470703125 912.176696777344 902.339233398438 911.936706542969 919.184997558594 926.503784179688 929.869323730469 932.732177734375 933.61767578125 926.822814941406 941.968933105469 951.623657226562 949.539001464844 967.782653808594 970.650085449219 975.152099609375 979.71435546875 995.394897460938 1013.08245849609 1020.88665771484 1051.07043457031 1057.72839355469 1059.53442382812 1071.33166503906 1084.53735351562
931.332763671875 921.973754882812 908.051513671875 912.006530761719 897.357666015625 901.045593261719 892.450866699219 876.234069824219 881.416809082031 880.344116210938 881.789001464844 881.124694824219 890.209899902344 894.604919433594 894.260437011719 886.304260253906 895.9189453125 894.591186523438 895.219787597656 892.3525390625 893.030822753906 907.123657226562 904.773498535156 909.776428222656 911.636779785156 908.250183105469 915.022766113281 915.446228027344 920.78759765625 928.774230957031 927.369323730469 939.328857421875 944.041564941406 948.478942871094 958.737670898438 980.388549804688 975.794921875 974.317260742188 992.86962890625 1008.63201904297 1031.12536621094 1050.54809570312 1064.7822265625 1070.34387207031 1072.85913085938 1087.52001953125
924.664855957031 919.667785644531 919.0947265625 914.202453613281 910.572998046875 909.961303710938 894.190368652344 885.451782226562 885.699890136719 888.839294433594 885.889709472656 891.761169433594 896.149230957031 898.970336914062 907.413269042969 904.275085449219 899.418395996094 898.877075195312 895.462341308594 905.057739257812 905.936279296875 908.335754394531 908.424987792969 915.494079589844 910.264526367188 911.426635742188 915.409545898438 906.828002929688 914.106689453125 923.548217773438 930.217346191406 934.88330078125 940.458862304688 954.095703125 972.183532714844 982.384521484375 975.506225585938 985.517944335938 998.594360351562 1019.29333496094 1038.27124023438 1045.81030273438 1057.359375 1069.71936035156 1081.89562988281 1101.59118652344
933.652465820312 925.418823242188 926.19921875 922.065734863281 919.49755859375 915.509155273438 901.440063476562 893.654052734375 896.450744628906 892.560852050781 896.482482910156 893.419860839844 885.551635742188 895.100891113281 909.533325195312 912.284118652344 918.578308105469 917.836608886719 906.421020507812 900.094360351562 907.91064453125 916.714965820312 926.713012695312 914.772094726562 916.694396972656 919.442749023438 917.377685546875 914.922241210938 920.487854003906 924.559509277344 932.078674316406 938.469421386719 944.266906738281 955.140563964844 970.466125488281 981.68017578125 997.90771484375 1000.38732910156 1008.46630859375 1027.607421875 1036.20129394531 1054.90222167969 1058.98754882812 1076.55139160156 1090.29541015625 1100.86315917969
928.321533203125 939.151184082031 930.41650390625 929.128845214844 922.54052734375 919.988220214844 917.237731933594 910.633239746094 902.311096191406 904.027587890625 906.777648925781 905.707580566406 912.744934082031 914.083801269531 919.06005859375 921.292663574219 925.500122070312 918.230651855469 911.987670898438 907.424865722656 917.012512207031 921.609130859375 923.730224609375 919.807006835938 911.484680175781 918.135192871094 914.347106933594 913.608703613281 923.26318359375 925.728637695312 935.432739257812 940.293701171875 952.729370117188 968.448547363281 976.520568847656 990.318298339844 996.727172851562 1008.98114013672 1013.07635498047 1030.61608886719 1038.39868164062 1052.07922363281 1063.02673339844 1078.56872558594 1092.80200195312 1103.2490234375
937.866455078125 933.128295898438 936.083068847656 938.521667480469 934.416687011719 940.005065917969 931.391784667969 922.893981933594 920.704284667969 918.582824707031 917.575317382812 923.526184082031 917.647277832031 924.057189941406 935.8603515625 937.968688964844 941.94189453125 938.07666015625 924.864440917969 912.408996582031 932.2900390625 940.106079101562 925.754089355469 925.287414550781 912.209167480469 918.404052734375 911.776611328125 919.615539550781 931.952514648438 935.955749511719 943.413513183594 949.469787597656 954.568176269531 967.419799804688 980.07373046875 990.025390625 998.833679199219 1002.0341796875 1013.48504638672 1035.00476074219 1040.38598632812 1054.396484375 1060.01110839844 1074.30297851562 1087.76611328125 1103.0537109375
931.431213378906 933.229919433594 941.711669921875 943.300720214844 945.658264160156 941.618530273438 934.953979492188 932.059143066406 936.604553222656 936.004089355469 933.896606445312 930.829772949219 927.469909667969 931.218872070312 941.791259765625 941.087768554688 947.656677246094 950.595581054688 944.063903808594 933.515686035156 936.882934570312 934.637329101562 934.421264648438 916.857055664062 914.272277832031 912.251403808594 911.442565917969 923.905883789062 930.199645996094 949.75927734375 955.184692382812 962.212463378906 956.279418945312 970.030212402344 984.615539550781 995.747802734375 1009.67126464844 999.787048339844 1006.03674316406 1022.76574707031 1043.5673828125 1056.53344726562 1058.29284667969 1075.99426269531 1077.73449707031 1088.08264160156
936.774108886719 938.176879882812 943.883911132812 959.185607910156 963.259033203125 956.292236328125 944.663696289062 941.144104003906 939.343017578125 938.3056640625 939.43359375 943.206359863281 932.181823730469 934.568908691406 943.323059082031 959.733154296875 957.001953125 963.668884277344 955.930908203125 947.427001953125 944.862854003906 940.582214355469 930.605590820312 915.563110351562 913.232360839844 913.525207519531 918.561462402344 930.2333984375 936.662963867188 951.095092773438 958.81591796875 963.2890625 971.177551269531 980.01171875 982.208679199219 995.421203613281 997.347961425781 1013.62658691406 1014.00482177734 1022.01068115234 1045.29089355469 1067.26696777344 1062.15100097656 1064.90856933594 1073.47082519531 1079.23254394531
943.942016601562 950.069458007812 956.199462890625 964.025268554688 968.475280761719 965.132995605469 959.716430664062 946.863647460938 935.290832519531 948.376953125 956.650329589844 960.275268554688 946.376098632812 956.905639648438 957.626708984375 968.363342285156 968.595764160156 967.184936523438 961.867309570312 951.916320800781 944.228698730469 936.326293945312 938.544799804688 933.831359863281 920.498657226562 919.108459472656 927.229248046875 939.908081054688 941.707946777344 956.023864746094 965.390747070312 980.699890136719 973.509887695312 988.339599609375 996.270629882812 995.578674316406 1009.49346923828 1024.36584472656 1027.39855957031 1035.49523925781 1049.51037597656 1062.00512695312 1065.09167480469 1067.02709960938 1070.40808105469 1072.79931640625
944.976806640625 957.81689453125 970.925354003906 979.74951171875 981.148132324219 983.226135253906 973.288879394531 961.64892578125 953.514282226562 959.220092773438 966.679321289062 971.553833007812 962.541870117188 966.972412109375 971.986999511719 974.961059570312 980.950866699219 976.464233398438 965.387634277344 948.355163574219 948.754821777344 945.972778320312 937.1142578125 931.786437988281 931.80029296875 929.764099121094 936.3046875 945.345886230469 952.946655273438 954.580139160156 965.54150390625 976.955261230469 979.263793945312 985.076782226562 994.480041503906 997.061401367188 1007.02813720703 1028.33203125 1037.38488769531 1045.97326660156 1051.93481445312 1058.86767578125 1059.79968261719 1056.21020507812 1059.54663085938 1072.74328613281
950.537475585938 963.105895996094 978.407348632812 984.539916992188 987.22998046875 993.279724121094 984.145202636719 979.0595703125 968.197143554688 966.715087890625 973.297790527344 976.697326660156 974.476928710938 985.048889160156 979.759643554688 972.484191894531 980.660400390625 975.46337890625 974.428405761719 956.848999023438 940.578247070312 939.361755371094 932.542114257812 931.317321777344 922.303466796875 932.114379882812 936.161071777344 939.686218261719 947.396728515625 958.011474609375 965.64208984375 970.371520996094 976.067504882812 981.534790039062 990.801513671875 996.063049316406 989.726196289062 1012.68756103516 1037.74047851562 1043.01867675781 1052.15197753906 1060.35864257812 1060.37976074219 1056.51354980469 1055.64208984375 1065.83764648438
967.884094238281 964.128356933594 973.946594238281 991.150939941406 996.306884765625 982.803649902344 990.5263671875 988.201049804688 975.908630371094 971.024230957031 979.154296875 985.356872558594 990.192504882812 992.523742675781 981.224853515625 982.416931152344 968.033142089844 977.397399902344 975.720764160156 958.987426757812 945.495666503906 939.857055664062 929.638122558594 930.644958496094 923.508850097656 927.578063964844 939.176574707031 949.453063964844 952.535705566406 963.603576660156 964.746337890625 966.846252441406 979.202758789062 989.845092773438 998.826049804688 1000.98968505859 1008.30041503906 1012.21716308594 1031.72155761719 1049.84375 1052.53247070312 1050.47680664062 1045.72131347656 1051.03503417969 1053.04565429688 1061.56408691406
972.682373046875 974.695007324219 983.968322753906 988.62548828125 990.011352539062 979.531005859375 985.046020507812 989.487426757812 991.817138671875 984.137390136719 986.393981933594 992.597778320312 999.842590332031 987.415893554688 981.345275878906 977.550720214844 966.782531738281 976.271240234375 973.614624023438 958.643981933594 953.03173828125 941.096618652344 939.210876464844 935.149475097656 928.333312988281 937.763732910156 941.293579101562 951.309814453125 952.087829589844 954.069396972656 962.015563964844 963.555908203125 980.79736328125 995.395690917969 1006.73236083984 1003.24084472656 1013.70135498047 1018.57299804688 1027.99047851562 1038.32409667969 1047.35595703125 1054.94445800781 1045.01159667969 1051.97009277344 1055.01306152344 1055.95715332031
977.897277832031 986.166259765625 995.791809082031 992.528503417969 992.397155761719 996.332763671875 988.348022460938 995.348449707031 1004.20739746094 1000.25042724609 989.023010253906 993.143371582031 993.828369140625 991.839782714844 979.043151855469 977.577514648438 962.84033203125 959.467895507812 965.462219238281 955.294677734375 957.205200195312 943.547424316406 931.906921386719 928.860534667969 934.114318847656 941.307067871094 938.757995605469 951.490295410156 951.091857910156 960.271667480469 959.781555175781 975.050598144531 991.505859375 1008.01849365234 1009.38403320312 1011.21124267578 1007.30297851562 1017.00732421875 1028.38928222656 1047.30712890625 1047.4970703125 1046.27197265625 1045.71252441406 1039.24377441406 1045.73742675781 1051.84460449219
