data/zlatibor_dem_simulations/DEMsim4.asc
NCOLS 150
NROWS 100
XLLCORNER 7394249
YLLCORNER 4841999
CELLSIZE 30
NODATA_VALUE -9999
[rows 0 to 19 of 100, columns 92 to 137 of 150]
924.511962890625 927.878784179688 929.700500488281 912.184692382812 908.141845703125 902.526977539062 900.271179199219 892.957702636719 893.0078125 877.968933105469 873.712951660156 870.57470703125 862.8701171875 857.14990234375 853.120849609375 856.937927246094 872.131225585938 877.086059570312 884.469787597656 889.028259277344 889.564880371094 893.994079589844 896.560363769531 912.772888183594 907.357421875 911.443359375 920.281005859375 931.005187988281 942.5380859375 939.658508300781 945.4375 949.274108886719 962.600891113281 959.788818359375 962.593627929688 957.029907226562 962.8388671875 967.953918457031 971.572570800781 980.143676757812 996.962585449219 1003.24066162109 1007.95758056641 1015.46551513672 1025.81298828125 1037.6044921875
937.687683105469 932.453063964844 919.297729492188 909.698364257812 900.6689453125 906.847290039062 897.366577148438 899.056701660156 892.188049316406 876.519348144531 872.879516601562 867.684326171875 862.105285644531 859.094848632812 856.926208496094 858.385864257812 873.036987304688 870.698974609375 882.4140625 883.473327636719 882.066650390625 885.208068847656 897.770568847656 902.926330566406 900.492248535156 907.327880859375 916.298522949219 930.100830078125 930.111083984375 933.240234375 940.091979980469 946.686584472656 951.32373046875 956.919311523438 953.050048828125 958.440246582031 962.577697753906 976.473083496094 982.511901855469 988.299560546875 997.203918457031 1011.27532958984 1016.80114746094 1021.55932617188 1029.79248046875 1041.93640136719
933.595520019531 921.618469238281 910.793579101562 913.222045898438 903.043334960938 902.717956542969 897.014709472656 892.657104492188 888.260925292969 880.075805664062 870.069396972656 863.343933105469 863.312316894531 856.140686035156 861.176879882812 861.660522460938 878.446228027344 883.090698242188 874.841491699219 891.134399414062 886.211242675781 889.196472167969 904.413635253906 902.598388671875 905.201599121094 909.26416015625 921.504028320312 929.058837890625 930.662719726562 944.065307617188 942.135681152344 944.493530273438 952.490295410156 958.612182617188 966.318420410156 966.10205078125 967.348815917969 975.0322265625 979.342834472656 993.897033691406 1003.74139404297 1005.9599609375 1011.92846679688 1032.52319335938 1036.69055175781 1051.06176757812
935.877685546875 914.904541015625 908.826049804688 920.040466308594 912.652404785156 898.951477050781 894.565551757812 891.040283203125 882.894714355469 877.882629394531 879.613586425781 879.238403320312 873.594299316406 861.67431640625 871.660461425781 871.983215332031 874.980163574219 885.092834472656 878.41162109375 885.845764160156 885.724243164062 881.618286132812 892.994750976562 904.208801269531 900.146850585938 892.992126464844 909.865417480469 923.153503417969 921.802307128906 939.910034179688 941.934631347656 944.6923828125 948.43603515625 948.739501953125 956.862365722656 959.333618164062 963.195617675781 971.884948730469 979.596557617188 998.730590820312 1002.82830810547 1005.052734375 1020.52941894531 1032.91735839844 1040.77014160156 1057.48254394531
929.564270019531 919.630981445312 913.83740234375 913.946960449219 913.263305664062 901.175170898438 892.164672851562 879.349060058594 878.4716796875 884.008605957031 888.445556640625 881.435607910156 877.187072753906 875.678100585938 880.200012207031 871.977172851562 882.284973144531 880.956970214844 875.480102539062 883.115356445312 882.264892578125 886.480407714844 894.39013671875 901.180847167969 899.544921875 902.242431640625 905.225830078125 913.220825195312 923.061279296875 935.94677734375 944.103698730469 937.955200195312 941.1220703125 945.833374023438 954.036804199219 961.742736816406 970.803771972656 977.458801269531 995.069946289062 995.391723632812 1002.83892822266 1007.11639404297 1019.86846923828 1040.68933105469 1047.35852050781 1052.57336425781
930.746887207031 917.865783691406 916.768371582031 903.193115234375 907.946594238281 901.649536132812 891.436279296875 886.253967285156 881.85546875 879.152038574219 890.224060058594 879.4501953125 875.8916015625 875.7021484375 881.918029785156 885.459655761719 885.520629882812 884.485412597656 876.223571777344 883.850769042969 880.349243164062 885.513488769531 893.721435546875 906.86181640625 908.491943359375 904.490051269531 911.041198730469 907.810546875 924.358154296875 930.559997558594 933.649047851562 939.825500488281 946.563354492188 947.71240234375 952.1162109375 965.138488769531 973.081848144531 978.517700195312 989.765441894531 1001.69970703125 1003.31323242188 1014.06298828125 1029.79577636719 1035.30456542969 1046.45666503906 1059.56237792969
914.581787109375 915.114379882812 918.988220214844 910.371459960938 911.689392089844 902.141723632812 893.374572753906 886.338439941406 891.618835449219 887.073852539062 888.060119628906 883.484741210938 874.40966796875 877.480773925781 886.492370605469 888.249572753906 890.245422363281 886.68701171875 888.405334472656 888.348937988281 888.741882324219 888.7978515625 894.916687011719 901.360412597656 901.748291015625 899.27978515625 899.073608398438 909.018615722656 914.830505371094 928.617614746094 930.237426757812 932.422607421875 941.165161132812 945.468200683594 955.277282714844 959.727172851562 972.410705566406 970.6025390625 977.466125488281 1001.11529541016 1015.51873779297 1021.72277832031 1036.44128417969 1044.84716796875 1055.95324707031 1062.32421875
911.630065917969 916.198791503906 925.729125976562 929.721557617188 915.248474121094 910.021545410156 905.169555664062 900.410400390625 899.937194824219 897.986999511719 891.707641601562 889.587707519531 881.462219238281 899.036315917969 902.2724609375 893.768737792969 892.398132324219 890.284484863281 893.358154296875 901.397583007812 908.726013183594 901.179504394531 911.687927246094 906.899597167969 898.977172851562 891.630126953125 892.422607421875 905.882751464844 913.489501953125 925.40185546875 943.058654785156 941.954650878906 946.924072265625 943.838317871094 953.564025878906 959.175598144531 972.583679199219 972.316772460938 979.375183105469 1003.69927978516 1025.70678710938 1031.55639648438 1035.54772949219 1051.29064941406 1062.10546875 1062.79943847656
916.843444824219 921.955017089844 929.561645507812 933.396362304688 923.475830078125 907.04931640625 911.149230957031 905.258972167969 907.60302734375 898.823425292969 898.308898925781 893.099426269531 893.03369140625 902.443054199219 902.12548828125 897.825439453125 901.26904296875 897.259155273438 894.6650390625 903.36474609375 904.602355957031 913.93994140625 910.648132324219 905.552307128906 901.26708984375 900.797058105469 896.720703125 908.927795410156 910.866943359375 920.954284667969 933.995666503906 938.187255859375 947.048645019531 944.571105957031 963.231872558594 974.279296875 976.314270019531 981.932556152344 1002.60095214844 1014.86627197266 1025.2841796875 1028.34582519531 1032.90368652344 1046.83129882812 1062.03747558594 1067.59313964844
923.473754882812 926.703552246094 927.638488769531 916.976684570312 915.194030761719 911.898864746094 917.689025878906 916.908813476562 915.873474121094 909.131896972656 913.259704589844 906.957946777344 906.48681640625 904.27099609375 908.464233398438 910.76416015625 908.127563476562 902.305847167969 902.094299316406 911.282531738281 910.152404785156 912.654357910156 910.722961425781 904.915588378906 903.151428222656 912.031494140625 905.699279785156 913.228149414062 916.476928710938 917.438049316406 930.090637207031 928.6552734375 948.971801757812 956.602661132812 968.665832519531 981.295166015625 987.018310546875 991.042358398438 1001.73303222656 1022.24945068359 1034.70275878906 1034.97619628906 1034.31896972656 1043.67260742188 1056.32824707031 1073.97570800781
925.521362304688 928.39013671875 921.206298828125 919.998718261719 918.93798828125 921.02001953125 922.94140625 927.103820800781 931.696411132812 920.288696289062 917.134948730469 917.892272949219 930.8203125 922.789978027344 915.451843261719 919.246459960938 921.641723632812 911.530822753906 907.901794433594 913.332702636719 923.510559082031 922.502990722656 913.787048339844 912.7919921875 903.143920898438 907.335632324219 905.134399414062 912.929992675781 927.476013183594 923.545288085938 928.267517089844 937.462463378906 952.140319824219 954.184326171875 973.549499511719 987.975769042969 995.992614746094 998.486450195312 1005.54138183594 1026.1357421875 1033.12951660156 1035.80554199219 1038.24560546875 1050.38110351562 1064.06506347656 1074.36755371094
940.052551269531 941.588317871094 936.6455078125 933.178344726562 931.51123046875 930.006774902344 936.329895019531 935.315368652344 929.881652832031 933.433288574219 928.695739746094 929.919860839844 936.426635742188 934.194885253906 937.365112304688 939.908264160156 936.963500976562 923.621765136719 931.7177734375 924.059143066406 936.961791992188 916.652099609375 916.537841796875 908.404418945312 907.988037109375 911.209533691406 914.139587402344 915.98095703125 924.609741210938 936.368469238281 942.907043457031 953.840026855469 958.895751953125 969.94873046875 971.747741699219 988.495056152344 995.364318847656 1005.68914794922 1015.09698486328 1035.31555175781 1039.03552246094 1050.95422363281 1064.18298339844 1067.09851074219 1070.95617675781 1077.33862304688
945.933654785156 940.605529785156 936.622375488281 934.789855957031 937.95703125 938.286743164062 944.717590332031 940.754577636719 947.208312988281 945.178161621094 944.72412109375 937.942443847656 939.438720703125 943.22802734375 947.938537597656 942.609619140625 944.170593261719 936.922241210938 932.703552246094 934.597473144531 933.763549804688 926.37255859375 915.952209472656 914.592529296875 916.99658203125 908.458374023438 924.320861816406 930.849914550781 934.1357421875 939.963806152344 952.887084960938 961.492004394531 960.800109863281 966.00390625 977.272399902344 990.129333496094 1001.57086181641 1014.26397705078 1023.69696044922 1034.95141601562 1044.27490234375 1057.03186035156 1070.82373046875 1075.31311035156 1069.8515625 1084.64221191406
951.150756835938 952.561096191406 948.674499511719 943.292297363281 947.016296386719 947.68212890625 949.309692382812 959.897033691406 958.991577148438 951.356689453125 947.848815917969 952.712036132812 952.387512207031 947.422790527344 945.198059082031 951.580200195312 964.064147949219 956.738525390625 945.77880859375 937.351501464844 932.708923339844 920.398315429688 916.350280761719 910.855529785156 912.417114257812 912.922119140625 921.308288574219 934.901794433594 949.296752929688 954.53076171875 960.08203125 966.295104980469 967.366577148438 980.893371582031 983.720947265625 992.780151367188 1004.04827880859 1016.71374511719 1023.54058837891 1039.63745117188 1047.68322753906 1065.88366699219 1069.82299804688 1082.45886230469 1073.06787109375 1079.04931640625
951.130493164062 950.026000976562 958.436706542969 957.447265625 956.160034179688 961.331481933594 962.828063964844 961.469177246094 964.668701171875 963.690612792969 956.921630859375 958.921142578125 970.195922851562 962.325317382812 963.663818359375 957.406127929688 966.168151855469 962.859619140625 958.782531738281 947.408569335938 938.790466308594 918.655822753906 913.709655761719 913.458740234375 908.589965820312 913.552185058594 927.555847167969 936.859680175781 947.918701171875 963.792907714844 968.704223632812 974.635620117188 978.175170898438 984.2158203125 991.539428710938 996.44140625 1011.02325439453 1025.24877929688 1031.9140625 1037.9736328125 1044.07189941406 1054.57495117188 1067.54858398438 1076.19677734375 1074.25964355469 1077.77502441406
941.520812988281 956.165954589844 965.438781738281 958.612609863281 962.817626953125 958.333312988281 969.493103027344 972.156799316406 966.418273925781 964.932983398438 969.263488769531 967.933227539062 964.708129882812 971.086853027344 967.699157714844 957.700744628906 967.235595703125 968.9140625 965.161254882812 957.346008300781 933.042541503906 920.841125488281 919.988525390625 911.05419921875 908.706237792969 916.309204101562 927.946594238281 941.174194335938 954.922546386719 967.019165039062 976.024169921875 985.297119140625 988.112243652344 1000.37982177734 1010.63891601562 1013.67791748047 1022.32702636719 1031.96337890625 1034.89831542969 1036.51611328125 1041.46838378906 1053.87768554688 1068.94152832031 1077.45239257812 1078.7490234375 1086.17431640625
951.37060546875 959.154357910156 962.782287597656 966.803405761719 972.303466796875 973.885620117188 970.721008300781 978.874572753906 981.904418945312 978.295104980469 978.574096679688 979.521606445312 975.426086425781 964.117370605469 968.391723632812 961.437072753906 967.19873046875 958.540405273438 959.613525390625 958.521911621094 935.48291015625 918.871337890625 915.646606445312 921.091186523438 919.185546875 927.146911621094 936.590759277344 953.093872070312 961.646850585938 967.198120117188 980.348876953125 998.611206054688 1003.39044189453 1013.68646240234 1024.57080078125 1029.47180175781 1028.44580078125 1030.49755859375 1040.71875 1042.60473632812 1041.87890625 1053.95495605469 1065.56213378906 1070.47082519531 1071.58178710938 1085.16918945312
964.620239257812 965.155395507812 970.085144042969 977.034606933594 977.804443359375 981.858154296875 979.509033203125 990.795104980469 978.554443359375 978.692321777344 975.490417480469 975.413208007812 978.253295898438 971.251647949219 971.38330078125 961.788818359375 974.267395019531 975.807189941406 971.481201171875 959.332580566406 938.638305664062 922.454772949219 923.053039550781 924.294616699219 926.511596679688 935.430053710938 946.491394042969 961.535278320312 967.091430664062 982.29248046875 986.599914550781 1008.24560546875 1018.84381103516 1028.33447265625 1032.6767578125 1032.19299316406 1030.17443847656 1035.76049804688 1047.35778808594 1045.73291015625 1042.70959472656 1049.46752929688 1062.09362792969 1068.02197265625 1068.2109375 1084.04504394531
976.20703125 976.231323242188 979.97265625 984.659423828125 994.595947265625 987.177185058594 984.579040527344 991.039855957031 989.475952148438 974.674743652344 981.950439453125 990.619995117188 991.744873046875 989.924255371094 967.760986328125 971.214111328125 978.526245117188 974.548950195312 967.213134765625 952.3720703125 943.770385742188 933.929809570312 930.120056152344 931.416259765625 932.33984375 936.064392089844 949.661865234375 953.827209472656 969.333190917969 987.317321777344 987.774841308594 1008.83355712891 1022.62719726562 1029.12109375 1028.91418457031 1029.3828125 1032.30310058594 1034.74426269531 1038.98742675781 1042.98913574219 1051.42260742188 1050.3701171875 1056.24279785156 1058.56848144531 1066.14050292969 1076.26977539062
982.546936035156 984.712158203125 995.759399414062 1001.81127929688 1003.96215820312 1001.21704101562 998.686462402344 1003.16845703125 990.013488769531 977.968566894531 984.425354003906 1000.87255859375 1001.54168701172 998.783386230469 995.846374511719 984.052978515625 983.431945800781 978.435852050781 973.156799316406 949.490173339844 944.570922851562 940.02490234375 937.867004394531 938.942077636719 940.549987792969 939.398620605469 944.776916503906 952.278625488281 970.0087890625 993.4560546875 1001.27685546875 1014.83966064453 1021.30560302734 1028.74011230469 1035.34802246094 1028.50146484375 1026.55456542969 1028.87634277344 1034.63549804688 1041.03588867188 1044.73498535156 1058.56433105469 1053.98254394531 1054.43273925781 1063.1337890625 1071.47399902344
