data/zlatibor_dem_simulations/DEMsim71.asc
NCOLS 150
NROWS 100
XLLCORNER 7394249
YLLCORNER 4841999
CELLSIZE 30
NODATA_VALUE -9999
[rows 0 to 19 of 100, columns 92 to 137 of 150]
932.479553222656 919.072448730469 915.752868652344 912.469055175781 906.256042480469 892.0908203125 877.678894042969 870.748168945312 863.59521484375 858.896606445312 865.284362792969 864.41552734375 861.426574707031 859.363586425781 853.990600585938 855.977355957031 851.333862304688 862.471313476562 862.543395996094 870.740051269531 880.572631835938 890.328369140625 896.696899414062 906.062377929688 906.080688476562 912.589904785156 927.344787597656 939.153015136719 924.466186523438 929.760559082031 936.215209960938 931.078979492188 942.467956542969 957.501586914062 958.381103515625 964.015869140625 969.831298828125 978.054626464844 994.904418945312 994.846557617188 1001.53363037109 1017.86541748047 1023.42163085938 1027.72387695312 1040.28564453125 1045.68603515625
928.045349121094 915.8173828125 909.207214355469 904.733459472656 906.145874023438 882.8671875 871.602111816406 870.018615722656 865.008117675781 856.741271972656 858.364501953125 865.626159667969 860.38037109375 861.055908203125 859.7578125 857.677673339844 850.091247558594 856.349670410156 868.080810546875 876.001342773438 886.164794921875 895.540344238281 897.172058105469 900.619567871094 914.052001953125 918.736877441406 926.717468261719 929.097900390625 926.159118652344 934.729553222656 944.752868652344 941.718505859375 949.016723632812 947.274475097656 955.03466796875 959.269714355469 973.037963867188 983.044372558594 992.845275878906 996.2509765625 1001.23364257812 1009.29937744141 1026.99719238281 1045.34680175781 1049.12512207031 1047.54809570312
924.788269042969 923.222045898438 909.600524902344 901.892333984375 894.717895507812 886.012451171875 873.72900390625 863.958312988281 868.043029785156 861.107666015625 868.968078613281 867.482421875 861.498291015625 863.964660644531 861.523498535156 866.584228515625 861.809265136719 857.824462890625 869.928100585938 874.565979003906 881.748718261719 890.162170410156 897.402465820312 891.505981445312 900.217163085938 907.83154296875 921.891662597656 922.371215820312 928.490600585938 938.3447265625 948.576110839844 948.076599121094 954.187927246094 950.643127441406 958.536376953125 965.060424804688 972.019592285156 988.621154785156 992.000671386719 1000.82342529297 1005.65747070312 1011.98822021484 1018.83483886719 1045.13903808594 1052.93823242188 1058.49731445312
930.283508300781 921.423767089844 907.412109375 905.594543457031 898.840576171875 887.846984863281 884.988159179688 876.503540039062 878.51708984375 873.336242675781 869.197387695312 868.205078125 862.964538574219 861.614135742188 863.917907714844 869.649047851562 863.80419921875 860.939392089844 868.569213867188 879.261413574219 882.947631835938 885.601806640625 886.835021972656 892.245422363281 896.681762695312 906.752807617188 909.17626953125 927.633178710938 930.056457519531 931.684387207031 943.570617675781 942.415771484375 945.621337890625 946.837219238281 964.319519042969 966.151550292969 969.078857421875 982.921508789062 990.360290527344 997.603088378906 1011.92858886719 1015.71691894531 1024.71887207031 1043.1171875 1055.63427734375 1058.32189941406
922.640258789062 916.0986328125 909.233154296875 903.430053710938 900.147705078125 890.665954589844 888.881042480469 887.851501464844 884.48876953125 885.6533203125 884.770690917969 876.211120605469 870.148986816406 869.128173828125 880.491088867188 876.735900878906 870.719055175781 875.733581542969 870.072875976562 872.892700195312 878.643615722656 883.699157714844 888.425048828125 892.479736328125 900.163024902344 910.427124023438 912.205261230469 923.688049316406 927.242614746094 933.281188964844 933.622009277344 946.625305175781 943.229187011719 957.099243164062 962.455993652344 966.539794921875 968.703186035156 983.484191894531 993.549621582031 998.306579589844 1011.91345214844 1026.23181152344 1026.74877929688 1041.07458496094 1056.94482421875 1070.93798828125
923.178527832031 908.390625 910.664245605469 911.704895019531 901.928833007812 897.309753417969 897.27392578125 893.09912109375 890.715881347656 894.248474121094 882.316223144531 891.043518066406 875.14453125 872.370056152344 883.799560546875 885.117980957031 880.763671875 878.568237304688 877.338012695312 876.741271972656 874.258361816406 880.482666015625 890.015869140625 900.823791503906 902.075134277344 911.8837890625 915.525512695312 925.414978027344 927.232482910156 927.981140136719 933.66650390625 934.884582519531 952.081176757812 948.864562988281 959.935119628906 961.1474609375 980.46337890625 982.283813476562 987.466369628906 999.031860351562 1011.26403808594 1016.49749755859 1029.76904296875 1043.12866210938 1056.57507324219 1069.17687988281
923.268493652344 906.152099609375 896.175048828125 907.90625 901.987365722656 901.532775878906 903.399108886719 899.426940917969 896.643920898438 901.019470214844 894.884338378906 881.287292480469 879.280151367188 882.135070800781 883.918029785156 894.876159667969 887.381286621094 894.35888671875 888.682189941406 884.818298339844 878.125427246094 883.8095703125 894.910217285156 896.59228515625 910.561950683594 917.947265625 915.720581054688 914.0654296875 919.354370117188 928.606994628906 939.449340820312 947.244995117188 946.983215332031 945.299743652344 955.548461914062 959.4775390625 969.498046875 979.863220214844 988.967834472656 1001.61370849609 1018.33081054688 1027.55004882812 1030.93469238281 1042.95617675781 1059.77722167969 1070.6767578125
917.918090820312 901.594665527344 904.510070800781 916.009582519531 914.298217773438 916.353393554688 910.022644042969 909.609741210938 910.681396484375 903.592346191406 892.849060058594 890.1328125 884.363525390625 890.376770019531 895.43408203125 898.141479492188 900.36376953125 895.977172851562 894.116821289062 885.535705566406 887.327270507812 891.763977050781 895.279418945312 901.720642089844 912.313720703125 914.834899902344 914.551025390625 919.421020507812 922.744079589844 927.863464355469 936.138366699219 944.302734375 946.230224609375 944.470642089844 957.735412597656 972.235717773438 975.938659667969 979.948852539062 987.867736816406 1001.43444824219 1011.78833007812 1029.12365722656 1034.94006347656 1046.88745117188 1063.90551757812 1074.10070800781
924.555603027344 910.621948242188 906.153991699219 911.446350097656 916.366760253906 917.47412109375 915.154602050781 914.475646972656 914.111206054688 904.430236816406 902.024719238281 902.962463378906 901.321350097656 898.556823730469 902.523986816406 901.022766113281 909.244812011719 902.453369140625 894.462829589844 897.665710449219 896.378662109375 891.009765625 905.926086425781 909.350158691406 911.467346191406 907.417785644531 908.4794921875 922.722290039062 919.430969238281 925.131530761719 934.710388183594 935.963684082031 954.188903808594 957.96240234375 967.695739746094 979.248962402344 981.338623046875 983.240539550781 991.219360351562 999.951843261719 1017.81390380859 1030.13671875 1046.59399414062 1060.63793945312 1069.31481933594 1083.994140625
916.923461914062 918.802368164062 917.445129394531 927.1982421875 923.959899902344 917.906921386719 913.049987792969 916.971313476562 905.702453613281 903.024047851562 904.460205078125 900.615539550781 911.956359863281 914.749267578125 901.691284179688 901.945251464844 909.467895507812 914.194580078125 915.00048828125 902.692932128906 908.037902832031 910.379821777344 907.352600097656 909.338439941406 909.65576171875 906.31201171875 905.581787109375 913.031433105469 926.486328125 927.674926757812 932.892395019531 936.284057617188 956.8115234375 966.469970703125 967.657470703125 977.18505859375 983.860473632812 985.115905761719 1003.28619384766 1019.181640625 1020.92315673828 1029.97729492188 1046.11535644531 1061.38195800781 1072.5927734375 1075.33911132812
930.902587890625 935.880187988281 931.929870605469 928.831359863281 929.063659667969 922.322631835938 927.8662109375 916.527038574219 913.132751464844 910.274475097656 910.392517089844 905.92822265625 915.475769042969 911.711303710938 906.885009765625 912.135070800781 915.605102539062 912.389282226562 921.066040039062 904.961608886719 915.086547851562 919.950622558594 914.773254394531 910.492370605469 906.480895996094 910.021789550781 913.275512695312 914.464416503906 930.47119140625 935.417114257812 935.253051757812 950.95556640625 957.568359375 968.763854980469 977.263671875 984.659362792969 989.985717773438 1004.38366699219 1013.51928710938 1029.78576660156 1029.88977050781 1037.18872070312 1054.75378417969 1068.79174804688 1069.9111328125 1069.39318847656
933.10888671875 938.471313476562 941.098266601562 940.726806640625 929.5595703125 919.149658203125 919.465881347656 922.612548828125 917.92578125 918.762817382812 923.545593261719 924.230529785156 922.615417480469 923.86669921875 916.696655273438 930.0986328125 934.287902832031 928.759643554688 925.192993164062 923.046020507812 924.26611328125 930.078063964844 924.581604003906 913.842651367188 905.408508300781 918.930603027344 918.049682617188 925.782836914062 941.450927734375 934.317810058594 929.467590332031 950.066955566406 963.190185546875 972.847106933594 984.5400390625 999.389282226562 1002.43157958984 1013.80316162109 1019.23406982422 1024.36267089844 1033.11462402344 1050.7880859375 1057.43969726562 1071.06091308594 1073.80444335938 1072.93737792969
945.433349609375 945.663635253906 942.071105957031 946.808532714844 939.720581054688 931.628356933594 937.242370605469 926.329650878906 927.983581542969 933.75634765625 936.348571777344 931.982849121094 941.722534179688 934.356140136719 931.555786132812 937.026733398438 944.781005859375 951.855102539062 935.353698730469 935.163757324219 933.123168945312 922.145263671875 917.7041015625 913.212097167969 914.805541992188 913.232971191406 928.146667480469 933.665100097656 941.395690917969 934.3134765625 931.711975097656 946.826965332031 956.482666015625 978.608642578125 991.598693847656 1001.41644287109 1014.939453125 1023.00750732422 1021.61413574219 1027.13537597656 1040.09326171875 1051.43408203125 1056.18591308594 1064.15075683594 1069.69958496094 1073.9873046875
947.322143554688 950.718872070312 944.570861816406 950.398315429688 950.1455078125 955.146789550781 953.890075683594 950.765502929688 938.062561035156 939.375244140625 937.416320800781 942.381591796875 949.343933105469 941.94775390625 946.446411132812 952.016723632812 952.4033203125 957.896179199219 948.999267578125 940.248229980469 937.894287109375 924.3427734375 922.354919433594 917.832580566406 907.047729492188 917.876342773438 924.554504394531 939.932434082031 947.063659667969 944.549072265625 938.533142089844 951.013732910156 965.292541503906 977.729553222656 992.982421875 1010.59747314453 1022.12353515625 1027.9306640625 1031.77624511719 1038.09204101562 1043.68835449219 1052.81396484375 1054.94958496094 1054.96765136719 1069.384765625 1069.37890625
950.822631835938 957.845825195312 958.817749023438 963.438903808594 962.987243652344 969.573364257812 969.264587402344 960.754699707031 951.144836425781 951.308532714844 953.902648925781 947.177856445312 948.800170898438 954.7861328125 963.069580078125 967.410583496094 959.462341308594 967.563781738281 964.806518554688 954.096374511719 943.282653808594 923.158813476562 920.173156738281 916.411682128906 908.565063476562 913.119384765625 924.357788085938 937.291748046875 950.033325195312 950.593811035156 951.606384277344 961.298889160156 967.368896484375 983.264709472656 987.981262207031 1017.65594482422 1028.09130859375 1040.04248046875 1041.90478515625 1041.16015625 1047.31494140625 1052.10437011719 1058.23559570312 1068.46179199219 1077.35046386719 1082.18688964844
958.650512695312 961.112915039062 973.739868164062 973.433166503906 973.811157226562 985.005859375 979.982666015625 967.941101074219 968.33544921875 961.656799316406 961.458618164062 968.254821777344 969.976318359375 974.263122558594 978.675231933594 981.572448730469 974.496948242188 979.254638671875 973.80615234375 958.648742675781 945.166687011719 935.515197753906 925.086608886719 916.900451660156 916.464111328125 914.657165527344 919.568237304688 937.821594238281 948.405456542969 956.734985351562 956.084411621094 966.212585449219 973.317810058594 987.518371582031 1000.62933349609 1013.69769287109 1029.78967285156 1053.7802734375 1056.98352050781 1052.48107910156 1055.24877929688 1061.16613769531 1060.94250488281 1079.60498046875 1085.0390625 1081.96740722656
970.589294433594 974.656188964844 976.710693359375 980.534973144531 988.352783203125 987.776428222656 985.040466308594 977.121398925781 977.491149902344 977.657348632812 974.315124511719 971.224426269531 985.682678222656 974.051574707031 981.488159179688 982.906005859375 978.302917480469 983.265014648438 980.763916015625 965.534057617188 962.737976074219 937.890319824219 930.373718261719 924.684387207031 911.652526855469 912.092224121094 924.247924804688 937.814453125 947.687683105469 968.015258789062 974.172790527344 965.827514648438 983.297546386719 992.551147460938 1012.58404541016 1024.34216308594 1038.98461914062 1048.50891113281 1044.90942382812 1042.20080566406 1060.9599609375 1064.23522949219 1064.71655273438 1074.94799804688 1077.56958007812 1078.19738769531
982.25634765625 991.380920410156 984.194641113281 987.692199707031 994.1015625 984.113098144531 985.439270019531 988.094177246094 988.854797363281 985.681213378906 981.415832519531 989.328430175781 984.515991210938 988.923645019531 988.577941894531 983.225402832031 980.449951171875 982.697387695312 973.726989746094 963.363098144531 954.913940429688 936.941528320312 937.995483398438 923.283874511719 916.338745117188 918.115295410156 926.779418945312 937.587341308594 960.129211425781 968.447814941406 974.296203613281 974.268920898438 987.764038085938 994.611022949219 1009.28790283203 1024.32543945312 1034.26220703125 1035.96398925781 1040.04858398438 1049.27075195312 1053.9755859375 1059.88977050781 1068.85546875 1074.11877441406 1069.41796875 1073.45703125
990.577941894531 993.622314453125 993.711486816406 1011.76867675781 998.734252929688 995.974609375 990.222351074219 993.198364257812 995.107116699219 994.003173828125 995.192199707031 997.536865234375 986.839721679688 992.64208984375 986.216552734375 991.430480957031 980.555725097656 976.655334472656 977.154357910156 957.777160644531 942.252319335938 939.48291015625 935.213989257812 917.295837402344 918.417175292969 919.856262207031 936.37255859375 943.764892578125 963.121032714844 979.413757324219 978.868469238281 986.401733398438 1002.81274414062 1010.34320068359 1020.67779541016 1024.47021484375 1029.15393066406 1045.89990234375 1041.86755371094 1042.86120605469 1053.63330078125 1059.72509765625 1058.95703125 1064.38293457031 1069.33178710938 1073.404296875
997.213623046875 1005.55523681641 1005.93560791016 1012.92602539062 999.093933105469 993.679321289062 992.905700683594 993.195434570312 984.617980957031 1000.35266113281 988.379150390625 989.115234375 991.362243652344 991.266845703125 989.018432617188 983.442565917969 978.697875976562 962.926147460938 960.158996582031 957.972717285156 942.396545410156 938.258422851562 943.52880859375 933.046325683594 918.260681152344 913.340393066406 932.4306640625 948.499450683594 964.280395507812 976.71435546875 985.421203613281 995.042114257812 999.081115722656 1011.81524658203 1020.63586425781 1025.15222167969 1031.43469238281 1042.99072265625 1042.00830078125 1042.99938964844 1050.31237792969 1054.46032714844 1048.94970703125 1062.66467285156 1064.88916015625 1081.95703125
