data/zlatibor_dem_simulations/DEMsim78 (1).asc
NCOLS 150
NROWS 100
XLLCORNER 7394249
YLLCORNER 4841999
CELLSIZE 30
NODATA_VALUE -9999
[rows 40 to 59 of 100, columns 92 to 137 of 150]
987.566467285156 986.641052246094 995.343872070312 992.057189941406 997.9208984375 995.213317871094 987.161743164062 989.566467285156 986.888061523438 981.371520996094 980.409729003906 971.632385253906 982.765625 983.624084472656 996.626647949219 988.959655761719 996.364562988281 993.7978515625 995.843627929688 997.225952148438 994.969604492188 987.948669433594 989.483215332031 994.137817382812 1000.71130371094 997.9140625 992.601989746094 990.615783691406 992.915893554688 1000.10229492188 997.420593261719 1001.37750244141 1014.75524902344 1009.50903320312 1003.85955810547 1003.79461669922 1008.25372314453 1008.32464599609 1004.07989501953 1010.92004394531 1018.70220947266 1033.85046386719 1042.47937011719 1049.80822753906 1049.51806640625 1057.13146972656
982.423095703125 986.795715332031 983.543823242188 985.845520019531 991.440795898438 997.822509765625 984.303161621094 990.42626953125 987.670776367188 980.923889160156 986.006225585938 979.564636230469 979.274658203125 989.746765136719 986.856323242188 987.508728027344 991.405334472656 990.328186035156 989.653442382812 992.329040527344 1001.36016845703 983.662841796875 987.179016113281 997.491027832031 1002.90155029297 995.16455078125 992.847717285156 984.293273925781 991.633605957031 999.481506347656 999.01025390625 1000.99267578125 1008.21875 1006.04541015625 1007.33361816406 1014.73498535156 1019.66333007812 1015.82153320312 1015.73333740234 1024.42590332031 1032.76867675781 1046.07727050781 1044.67651367188 1054.591796875 1058.60168457031 1062.35217285156
984.058715820312 983.054382324219 989.719482421875 986.751037597656 983.771240234375 985.85107421875 980.982788085938 984.583312988281 984.92431640625 990.400634765625 987.132690429688 984.791870117188 978.0166015625 980.554870605469 978.129699707031 977.352111816406 989.482727050781 989.117431640625 991.840393066406 990.309936523438 1000.94519042969 988.435302734375 989.167114257812 997.043884277344 1000.54406738281 990.373168945312 990.555419921875 987.318176269531 987.029602050781 996.329772949219 996.266235351562 1005.81793212891 1003.56951904297 1014.74285888672 1010.36938476562 1024.18859863281 1030.10961914062 1028.63354492188 1030.65124511719 1041.05383300781 1049.61206054688 1046.70532226562 1047.02856445312 1053.51586914062 1060.22180175781 1058.28588867188
982.725158691406 982.260437011719 982.164794921875 988.73876953125 982.551574707031 979.051025390625 975.982727050781 975.35400390625 972.929504394531 979.860900878906 984.464660644531 985.065002441406 977.802917480469 971.665710449219 974.780029296875 979.990478515625 980.380554199219 987.5205078125 988.760864257812 990.019714355469 991.552612304688 999.824401855469 994.350280761719 999.470275878906 998.412292480469 1001.04956054688 1002.9150390625 1000.03094482422 998.006408691406 995.670104980469 995.090942382812 999.230529785156 1003.22302246094 1012.16595458984 1021.22131347656 1022.39141845703 1034.61059570312 1040.56945800781 1044.78637695312 1047.65576171875 1054.43383789062 1050.97863769531 1049.85388183594 1055.11999511719 1066.07885742188 1070.046875
987.029663085938 982.296875 984.303405761719 986.92431640625 985.304443359375 982.625244140625 982.364440917969 974.455078125 972.649780273438 971.278259277344 977.596740722656 982.385803222656 986.164855957031 979.771057128906 965.763854980469 970.764587402344 982.15087890625 986.239135742188 989.368225097656 985.577575683594 990.488647460938 1000.91107177734 1002.2734375 1001.99615478516 1005.87951660156 1010.37390136719 1008.04571533203 1019.13098144531 1015.87426757812 1015.30010986328 1002.99633789062 1001.66967773438 1014.36529541016 1019.20874023438 1025.48559570312 1031.51538085938 1037.14318847656 1043.19396972656 1052.22497558594 1052.14575195312 1053.27709960938 1053.0576171875 1056.23986816406 1063.05529785156 1068.67407226562 1084.36120605469
982.180053710938 982.452514648438 980.752502441406 981.228637695312 987.390319824219 985.959289550781 977.893493652344 977.11767578125 967.191589355469 968.496276855469 976.12744140625 976.507385253906 985.434204101562 979.369750976562 979.312561035156 981.418395996094 990.112182617188 992.256164550781 993.663208007812 994.123046875 1000.84387207031 1002.35375976562 998.617858886719 1001.06628417969 1011.62432861328 1011.43426513672 1007.91357421875 1019.02093505859 1011.96008300781 1025.92810058594 1017.10211181641 1008.70849609375 1016.58831787109 1026.41296386719 1030.4150390625 1032.50671386719 1038.46203613281 1038.56555175781 1046.08459472656 1052.91772460938 1054.9921875 1065.56811523438 1067.8583984375 1070.52966308594 1072.6923828125 1084.40954589844
979.308654785156 977.803039550781 984.337951660156 988.052062988281 988.422729492188 979.272216796875 978.104309082031 975.344360351562 972.572448730469 971.296447753906 978.2734375 983.154602050781 995.134216308594 999.028442382812 992.747375488281 996.926025390625 1000.02252197266 1003.02502441406 999.183837890625 998.841125488281 1006.06036376953 1004.52661132812 1001.21697998047 998.457397460938 1010.56628417969 1012.38580322266 1018.94781494141 1017.47711181641 1017.20959472656 1016.78503417969 1014.54205322266 1012.78363037109 1015.48309326172 1026.310546875 1031.04821777344 1032.59704589844 1035.76684570312 1041.6435546875 1053.32080078125 1060.87365722656 1063.17919921875 1071.17724609375 1074.22912597656 1073.81323242188 1077.50170898438 1094.3818359375
972.472351074219 974.231018066406 980.577331542969 984.709655761719 975.240600585938 974.663024902344 983.820251464844 977.537780761719 973.429321289062 984.460632324219 978.463745117188 990.271484375 995.904602050781 996.133239746094 989.851745605469 993.095336914062 1005.56298828125 1002.77014160156 998.796325683594 1009.34100341797 1006.54406738281 1008.13519287109 1007.42913818359 1009.25817871094 1003.96575927734 1020.66534423828 1017.55328369141 1014.19122314453 1026.37316894531 1014.90863037109 1011.53253173828 1013.49786376953 1015.89581298828 1026.76135253906 1028.33203125 1040.68005371094 1045.28527832031 1041.60803222656 1046.99072265625 1060.27978515625 1080.38549804688 1077.80480957031 1068.71057128906 1072.71838378906 1076.91125488281 1091.84448242188
984.255859375 976.017456054688 982.469543457031 987.025146484375 981.646301269531 978.478515625 980.107299804688 972.231079101562 975.414306640625 982.432434082031 978.447937011719 988.822143554688 996.696166992188 985.772705078125 993.444030761719 998.965698242188 1004.44409179688 1004.97100830078 1007.23638916016 997.976196289062 1003.53497314453 1012.56811523438 1014.22406005859 1020.4013671875 1014.39855957031 1014.93408203125 1021.40509033203 1018.84368896484 1020.73382568359 1020.95245361328 1016.73669433594 1019.52874755859 1020.69366455078 1026.89416503906 1033.267578125 1036.89111328125 1037.25622558594 1042.99084472656 1053.15405273438 1058.88305664062 1076.30908203125 1084.82507324219 1083.63598632812 1079.34558105469 1077.32055664062 1089.26635742188
973.895324707031 982.81884765625 975.05419921875 987.480407714844 982.578186035156 975.530944824219 970.630859375 975.701538085938 975.577392578125 984.123779296875 978.326538085938 980.240600585938 983.783630371094 987.775695800781 995.182250976562 998.423645019531 1008.16021728516 1001.90026855469 998.411743164062 990.9423828125 990.870910644531 996.123596191406 1012.35607910156 1011.48779296875 1014.79547119141 1020.37652587891 1019.93450927734 1005.44549560547 1012.48785400391 1015.80847167969 1025.58996582031 1020.62976074219 1031.85363769531 1032.6533203125 1044.39978027344 1040.19592285156 1031.45922851562 1041.73742675781 1046.70239257812 1058.99792480469 1059.76306152344 1078.88256835938 1078.95886230469 1085.20947265625 1094.56506347656 1090.26586914062
972.060852050781 979.985107421875 977.141723632812 981.147094726562 976.288452148438 965.604370117188 955.770141601562 969.2099609375 976.021118164062 974.618408203125 985.055725097656 977.413330078125 982.45263671875 982.939453125 979.686889648438 986.613159179688 988.23876953125 990.064819335938 990.904235839844 993.889953613281 987.538146972656 997.555480957031 992.68359375 995.894470214844 1007.86810302734 1012.31469726562 1011.97210693359 1006.26336669922 1003.60089111328 1018.53436279297 1021.77062988281 1023.89337158203 1038.046875 1029.66943359375 1041.13403320312 1046.18371582031 1040.16040039062 1039.74584960938 1044.9287109375 1053.78454589844 1061.53369140625 1076.53161621094 1077.9951171875 1083.17065429688 1092.15417480469 1093.50207519531
978.362121582031 982.207763671875 991.087158203125 980.314514160156 978.8603515625 973.940307617188 967.358703613281 969.979553222656 968.017211914062 974.639099121094 985.910888671875 986.837768554688 979.627319335938 983.905212402344 982.537231445312 976.619750976562 985.802917480469 981.320617675781 985.33203125 988.050842285156 984.032165527344 988.194702148438 995.455627441406 989.357238769531 1006.77484130859 1015.13800048828 1014.50354003906 1009.88372802734 1007.97058105469 1006.22052001953 1024.5556640625 1031.73559570312 1029.01452636719 1031.71826171875 1036.27087402344 1038.0810546875 1034.966796875 1043.85607910156 1044.25354003906 1057.1728515625 1069.65087890625 1069.28051757812 1077.36767578125 1088.52954101562 1090.0595703125 1088.78161621094
971.091979980469 975.555969238281 981.357666015625 981.619934082031 967.756103515625 973.658081054688 972.4228515625 975.16796875 976.836303710938 980.481811523438 978.796630859375 988 977.810485839844 973.737731933594 970.402893066406 977.091125488281 974.440124511719 975.750671386719 982.414733886719 982.618896484375 987.305725097656 989.023681640625 1001.95043945312 994.830932617188 999.664855957031 1002.83319091797 1007.83575439453 1006.27783203125 1006.39477539062 998.308532714844 1011.94592285156 1028.28735351562 1026.55920410156 1031.46826171875 1039.14477539062 1043.79272460938 1038.44299316406 1036.00134277344 1038.98559570312 1053.94641113281 1069.94128417969 1076.2939453125 1074.73303222656 1084.80517578125 1086.73803710938 1090.80310058594
966.635314941406 968.942749023438 972.002014160156 968.665954589844 961.623962402344 967.199890136719 973.586791992188 979.410095214844 983.001953125 979.258178710938 976.450134277344 979.640380859375 978.969848632812 975.432800292969 978.642395019531 972.204162597656 976.724914550781 970.323425292969 978.950927734375 975.69287109375 977.109985351562 991.081115722656 986.84375 985.841979980469 993.296752929688 999.553588867188 1003.71044921875 1010.66479492188 999.700866699219 998.427062988281 1009.63055419922 1010.16223144531 1022.77288818359 1024.20458984375 1036.92138671875 1033.26770019531 1038.03796386719 1031.31726074219 1046.23547363281 1061.30944824219 1073.96594238281 1080.970703125 1082.85437011719 1094.05517578125 1094.27722167969 1083.865234375
961.032104492188 964.197998046875 962.820739746094 974.551696777344 975.395141601562 977.579406738281 984.498596191406 988.236633300781 974.250610351562 971.112060546875 973.860900878906 970.079833984375 972.007507324219 977.092529296875 980.557312011719 980.778869628906 988.567626953125 987.505798339844 985.981140136719 986.558471679688 991.043395996094 986.74658203125 985.675903320312 990.921081542969 993.634887695312 1000.73028564453 1005.1357421875 1005.64239501953 1003.72320556641 1004.32727050781 1000.69616699219 1017.04870605469 1022.23126220703 1023.93878173828 1029.58666992188 1036.49108886719 1038.10876464844 1042.91674804688 1055.42504882812 1069.36853027344 1076.50732421875 1074.20104980469 1091.26257324219 1090.96545410156 1090.94348144531 1091.22717285156
965.137634277344 967.349731445312 964.872497558594 977.939331054688 979.312133789062 981.332641601562 990.405334472656 985.574584960938 978.544616699219 978.530578613281 983.947326660156 980.630432128906 978.933044433594 982.285461425781 980.094116210938 984.866149902344 990.195678710938 983.346374511719 986.8525390625 989.039001464844 990.197692871094 995.853942871094 984.394409179688 988.814147949219 990.455993652344 1001.56286621094 999.163024902344 1008.40533447266 1003.61981201172 1000.78619384766 999.572448730469 1006.14953613281 1010.93377685547 1023.24475097656 1022.86334228516 1035.6796875 1041.86120605469 1037.212890625 1046.48449707031 1058.119140625 1063.8037109375 1077.93054199219 1085.29919433594 1085.30712890625 1083.56506347656 1081.29150390625
976.402954101562 986.903442382812 978.446655273438 980.388671875 986.709106445312 986.364318847656 987.460815429688 978.719848632812 975.241149902344 971.811157226562 976.843933105469 983.802185058594 977.742431640625 981.210388183594 986.885803222656 989.015930175781 985.5439453125 981.751098632812 991.417907714844 989.729431152344 989.84326171875 995.313903808594 991.750305175781 994.028564453125 995.3505859375 992.773376464844 1001.85784912109 998.212768554688 1002.908203125 996.8427734375 1003.49572753906 1002.35522460938 1010.41455078125 1008.77612304688 1018.72137451172 1028.85021972656 1034.32104492188 1035.31481933594 1039.75500488281 1051.9287109375 1057.73937988281 1065.52465820312 1081.45007324219 1087.54541015625 1082.94177246094 1081.89709472656
975.908508300781 978.443908691406 981.40234375 985.31201171875 979.0341796875 981.0888671875 979.851867675781 976.890197753906 970.838317871094 970.271118164062 974.234191894531 979.728576660156 985.213256835938 987.005615234375 990.92041015625 990.625549316406 984.535461425781 996.9619140625 1001.43762207031 999.467407226562 993.785461425781 991.200866699219 990.314575195312 996.053405761719 992.911987304688 987.913208007812 998.130126953125 990.743041992188 999.671203613281 993.48974609375 1005.38421630859 1000.57415771484 1006.98675537109 1003.87335205078 1010.01995849609 1016.48547363281 1030.40100097656 1032.35900878906 1042.41455078125 1047.3740234375 1056.41149902344 1058.3203125 1070.66711425781 1071.38903808594 1078.69946289062 1071.47998046875
965.024963378906 973.624816894531 978.741821289062 976.476928710938 977.199829101562 980.077209472656 980.523132324219 978.536376953125 972.665344238281 971.473510742188 975.458923339844 972.493103027344 981.54296875 990.831604003906 990.021301269531 984.580017089844 987.259887695312 1004.31323242188 1000.541015625 1000.67889404297 991.6015625 990.520385742188 990.005310058594 987.095947265625 987.017883300781 974.427917480469 989.077575683594 990.939636230469 1000.44622802734 996.13525390625 995.333557128906 998.8671875 1002.47332763672 1001.75030517578 1012.73638916016 1014.77081298828 1026.85974121094 1033.18420410156 1044.14624023438 1045.72009277344 1047.87451171875 1050.06372070312 1057.74145507812 1059.34777832031 1058.47509765625 1074.58935546875
969.087097167969 976.374389648438 979.032287597656 973.572875976562 972.892944335938 979.424743652344 975.22216796875 977.663757324219 975.367553710938 973.061340332031 980.455444335938 980.748474121094 985.345031738281 986.96337890625 990.761169433594 989.603332519531 990.116821289062 1001.50512695312 999.171875 997.613647460938 996.923217773438 985.19580078125 980.57470703125 985.542236328125 976.753540039062 981.934875488281 990.168823242188 998.970153808594 993.84619140625 993.698364257812 1002.73364257812 999.028747558594 999.171081542969 1007.82061767578 1014.99096679688 1015.95062255859 1022.96228027344 1028.64819335938 1038.14758300781 1038.32446289062 1036.10168457031 1040.36340332031 1049.22521972656 1052.15393066406 1054.90686035156 1056.51770019531
