data/zlatibor_dem_simulations/DEMsim73.asc
NCOLS 150
NROWS 100
XLLCORNER 7394249
YLLCORNER 4841999
CELLSIZE 30
NODATA_VALUE -9999
[rows 60 to 79 of 100, columns 46 to 91 of 150]
956.352600097656 954.686096191406 956.552368164062 952.84326171875 949.922241210938 953.568908691406 948.994018554688 949.879455566406 945.700622558594 943.332824707031 950.3720703125 957.634826660156 963.133361816406 963.561401367188 960.298400878906 952.258972167969 962.560363769531 966.662170410156 963.525756835938 961.919372558594 968.931274414062 967.3125 959.34326171875 964.604125976562 970.171875 970.139465332031 960.984313964844 963.090148925781 967.802612304688 969.951599121094 968.607421875 969.086791992188 965.522644042969 967.298034667969 974.355224609375 978.198303222656 969.670349121094 972.086730957031 968.835876464844 970.193420410156 969.572326660156 975.009399414062 963.0908203125 954.537536621094 957.0078125 963.261779785156
954.201843261719 956.943176269531 962.03857421875 950.075927734375 960.44189453125 964.6572265625 957.594543457031 954.920776367188 946.004455566406 956.245849609375 964.079406738281 970.040222167969 968.127563476562 973.349243164062 961.32470703125 958.446960449219 957.119750976562 967.189697265625 972.77001953125 977.821411132812 979.345031738281 974.805908203125 961.755737304688 962.616882324219 959.0869140625 971.837219238281 967.576049804688 962.965515136719 968.942932128906 970.115844726562 974.927368164062 972.508728027344 969.307189941406 966.367065429688 971.016540527344 965.387817382812 970.146057128906 975.262145996094 973.079528808594 969.089111328125 976.68359375 973.884094238281 964.786315917969 958.617797851562 968.625427246094 967.709533691406
954.445556640625 955.044738769531 953.563903808594 960.554504394531 967.696838378906 970.699279785156 967.402770996094 952.639526367188 955.546508789062 964.408020019531 970.861450195312 974.088256835938 964.495544433594 965.909240722656 961.115600585938 959.504821777344 959.760498046875 961.617858886719 964.193359375 971.435546875 977.046325683594 970.224914550781 966.520202636719 965.556701660156 965.075439453125 958.579833984375 972.026000976562 967.824096679688 965.832214355469 969.375183105469 963.527465820312 969.311645507812 973.501281738281 970.71875 956.764282226562 966.801208496094 967.447692871094 973.160705566406 982.083618164062 974.602600097656 981.808288574219 973.24951171875 966.982543945312 972.502197265625 976.667724609375 986.558349609375
963.060607910156 960.532958984375 965.812194824219 968.870483398438 972.776672363281 966.970092773438 970.483764648438 964.464782714844 968.496032714844 974.381713867188 969.253845214844 964.920471191406 978.194458007812 969.180419921875 962.379272460938 957.26220703125 963.741088867188 966.03759765625 966.511413574219 980.024597167969 977.215454101562 975.738159179688 970.569030761719 966.185302734375 970.115661621094 965.621948242188 964.342651367188 962.418273925781 973.397399902344 973.338684082031 965.214782714844 976.098266601562 970.5634765625 967.800598144531 968.771484375 972.697875976562 972.629699707031 974.302917480469 985.624206542969 981.104858398438 983.291076660156 973.326110839844 971.528137207031 978.067016601562 980.490356445312 983.825012207031
961.422790527344 966.856872558594 967.695434570312 974.365112304688 978.772277832031 972.070922851562 971.399108886719 971.42822265625 966.765075683594 972.070129394531 974.619812011719 964.097717285156 969.121276855469 970.786254882812 964.838439941406 964.958190917969 958.373046875 967.240783691406 979.389526367188 973.455261230469 981.928283691406 976.936950683594 976.633056640625 979.650939941406 979.221130371094 965.201782226562 962.860961914062 966.211975097656 967.833862304688 967.065612792969 965.800415039062 969.959533691406 973.501953125 973.099548339844 974.968994140625 973.941833496094 979.828186035156 984.126586914062 982.628540039062 983.091552734375 983.926086425781 976.302490234375 979.627380371094 980.053161621094 975.603576660156 973.514465332031
962.293334960938 957.006103515625 971.578674316406 977.314575195312 978.97412109375 981.286743164062 983.447814941406 975.81103515625 973.47607421875 980.901916503906 969.470825195312 966.920471191406 972.584716796875 976.311279296875 967.635803222656 962.242553710938 958.86865234375 957.491577148438 969.720703125 973.953979492188 975.163818359375 977.970825195312 973.439819335938 979.34033203125 976.122192382812 974.139465332031 976.200805664062 976.780700683594 965.764953613281 972.18408203125 975.276611328125 973.281921386719 977.254821777344 977.971008300781 976.491088867188 978.399108886719 986.920532226562 983.24609375 977.434997558594 990.271118164062 976.567077636719 972.072326660156 975.191772460938 977.2001953125 978.214233398438 973.978149414062
970.329223632812 968.047973632812 973.656982421875 977.879333496094 984.9580078125 992.630310058594 989.993957519531 980.173583984375 977.111755371094 982.724487304688 979.544677734375 972.272216796875 970.226745605469 973.59375 972.954650878906 970.268615722656 962.415954589844 960.493286132812 969.558776855469 971.404113769531 970.519104003906 977.378479003906 972.431030273438 971.137084960938 977.883544921875 972.436401367188 974.7451171875 978.408264160156 978.593872070312 973.720581054688 981.339294433594 977.69970703125 978.772705078125 977.540405273438 972.283813476562 977.821594238281 984.055786132812 982.377685546875 983.291931152344 985.466674804688 979.00732421875 973.341979980469 974.981323242188 977.667907714844 974.272583007812 971.917602539062
979.285827636719 967.74853515625 972.391296386719 977.976989746094 983.815795898438 992.090942382812 994.597229003906 983.759155273438 982.419616699219 986.203674316406 985.738647460938 980.550598144531 971.25830078125 975.939819335938 977.660705566406 963.315612792969 964.113037109375 967.914794921875 965.1474609375 972.479553222656 973.666259765625 972.174987792969 973.212768554688 976.241638183594 981.785522460938 981.948364257812 984.676879882812 978.763488769531 978.607971191406 976.342895507812 973.941589355469 978.006530761719 975.661254882812 976.045593261719 974.051330566406 981.3388671875 983.622924804688 979.831726074219 986.051818847656 982.286804199219 982.511108398438 972.260314941406 977.193176269531 974.44384765625 970.621643066406 972.85986328125
971.930358886719 975.519104003906 971.53759765625 980.489929199219 983.692321777344 983.980834960938 995.14501953125 987.63037109375 978.366088867188 990.728759765625 990.242004394531 979.500366210938 974.925659179688 971.144592285156 974.263549804688 964.827392578125 961.458068847656 969.21875 966.484558105469 971.399719238281 971.295349121094 969.005676269531 975.89990234375 975.539733886719 982.661376953125 983.591918945312 979.543273925781 970.160827636719 977.546997070312 976.104064941406 972.94384765625 976.701232910156 979.435241699219 969.500732421875 978.045776367188 980.570739746094 980.769470214844 979.390380859375 985.494873046875 984.785217285156 987.732482910156 988.765625 980.16943359375 971.658874511719 968.659301757812 965.264770507812
980.359375 982.555053710938 981.808471679688 982.1728515625 982.722106933594 992.692993164062 1001.49340820312 992.582336425781 990.018249511719 980.637329101562 990.010620117188 978.70849609375 979.406555175781 968.713500976562 966.494934082031 974.236083984375 962.939208984375 963.915344238281 971.518920898438 979.369140625 972.143676757812 971.836120605469 970.867614746094 979.662292480469 992.638427734375 982.31787109375 980.292785644531 982.170288085938 982.62548828125 989.92236328125 986.099426269531 978.116149902344 978.11962890625 972.35400390625 978.140380859375 983.431762695312 983.662109375 982.106567382812 982.592529296875 983.137817382812 990.025146484375 994.766906738281 978.063110351562 969.470581054688 965.297485351562 964.865844726562
993.258239746094 990.600891113281 986.781433105469 985.030944824219 992.904846191406 994.302795410156 1003.20623779297 996.275756835938 995.802673339844 983.791015625 980.242919921875 982.655334472656 975.562683105469 964.739624023438 970.612731933594 973.923645019531 970.266723632812 968.642944335938 965.784729003906 970.35107421875 971.99951171875 972.460754394531 967.698120117188 972.238586425781 990.413452148438 985.021240234375 986.634948730469 982.634704589844 979.785034179688 980.473571777344 987.045227050781 984.169799804688 975.453491210938 978.620727539062 986.440734863281 989.409790039062 989.557373046875 980.41748046875 987.554260253906 984.331237792969 990.737121582031 996.091247558594 980.212463378906 978.907958984375 976.886352539062 969.184143066406
1000.1005859375 996.658569335938 990.462158203125 996.059265136719 992.511169433594 1000.96838378906 990.213317871094 986.434631347656 984.250061035156 977.148864746094 985.562622070312 975.533386230469 971.139953613281 967.754028320312 967.484069824219 975.498779296875 976.100341796875 973.975219726562 968.129516601562 971.730163574219 975.038879394531 969.32275390625 970.399230957031 968.685852050781 978.342041015625 983.657775878906 980.971801757812 987.140441894531 977.555541992188 982.66064453125 985.227783203125 984.276428222656 981.162231445312 983.079040527344 985.42431640625 993.564147949219 988.261779785156 993.583129882812 985.491760253906 994.910827636719 994.109924316406 991.306213378906 987.495788574219 980.32861328125 983.295227050781 986.905822753906
994.370727539062 992.067443847656 992.116516113281 994.181762695312 996.426513671875 996.962707519531 986.838623046875 982.766540527344 977.470581054688 985.776428222656 984.513000488281 974.9423828125 974.895812988281 975.538696289062 967.62646484375 982.120361328125 976.313415527344 969.724548339844 970.746643066406 973.498718261719 972.376037597656 974.196960449219 982.281311035156 975.364074707031 976.65673828125 985.213562011719 986.907897949219 992.787780761719 985.312805175781 984.735717773438 985.8466796875 988.814270019531 988.369323730469 985.436096191406 989.1875 992.144409179688 995.983154296875 1003.40521240234 998.131042480469 994.724792480469 993.933166503906 988.61181640625 991.824279785156 989.157653808594 987.332702636719 989.402709960938
995.446533203125 990.656921386719 988.397216796875 994.331359863281 994.882690429688 995.77978515625 987.857299804688 985.987365722656 986.778381347656 993.763122558594 982.633422851562 977.204528808594 980.966003417969 970.621337890625 973.192993164062 974.336486816406 980.694641113281 975.250854492188 968.984741210938 966.786437988281 968.268005371094 976.613830566406 983.140197753906 978.703857421875 989.532104492188 985.822692871094 989.389770507812 998.285400390625 994.282104492188 993.3359375 990.17333984375 1004.22583007812 988.589599609375 977.041259765625 986.535339355469 994.789916992188 989.476501464844 989.342041015625 1000.16650390625 994.120422363281 989.317504882812 981.419250488281 985.777465820312 990.018981933594 990.914001464844 986.462036132812
1000.88952636719 997.43505859375 1000.94842529297 1000.99261474609 1001.30334472656 987.911437988281 991.836608886719 979.806274414062 992.235534667969 991.144409179688 989.929016113281 979.621520996094 981.611450195312 976.576782226562 976.01513671875 975.309387207031 978.005554199219 972.795837402344 972.173156738281 974.957885742188 976.423034667969 978.969909667969 987.5576171875 987.95263671875 989.33154296875 992.871459960938 989.23583984375 997.124877929688 998.549438476562 1004.32531738281 996.620239257812 998.280578613281 991.751403808594 986.505432128906 985.565612792969 993.313842773438 986.979309082031 996.485107421875 994.414978027344 988.7587890625 980.3955078125 984.48779296875 984.312316894531 991.495788574219 989.590026855469 981.905944824219
1001.92254638672 999.189025878906 1007.42547607422 998.358825683594 995.514038085938 989.195617675781 985.563842773438 988.189697265625 980.704345703125 983.7373046875 986.216430664062 986.834838867188 993.756469726562 983.444519042969 974.354187011719 971.674438476562 973.763427734375 969.506469726562 974.080444335938 977.2744140625 985.541809082031 981.685241699219 982.744384765625 986.354064941406 996.371398925781 1001.76519775391 1004.17120361328 1005.75079345703 1003.57720947266 997.244201660156 995.327941894531 996.227844238281 994.9326171875 995.434936523438 987.809143066406 981.599548339844 986.450866699219 993.204772949219 987.288330078125 990.323974609375 983.848571777344 981.926696777344 987.069458007812 985.76025390625 985.4814453125 990.022583007812
1007.80535888672 1008.97406005859 997.987548828125 1010.16497802734 999.259704589844 991.486633300781 988.826477050781 980.708862304688 988.233947753906 982.565551757812 986.209350585938 990.250061035156 987.722351074219 980.637939453125 975.522338867188 977.589965820312 973.506774902344 964.569519042969 971.815063476562 975.010620117188 972.867065429688 978.190795898438 985.358520507812 989.545593261719 989.095458984375 994.741760253906 999.030212402344 1011.43743896484 1001.15521240234 995.04541015625 992.599609375 999.08740234375 987.62939453125 1000.71765136719 994.908264160156 986.646057128906 993.071899414062 993.877319335938 991.034301757812 983.035522460938 981.075439453125 980.405456542969 988.138122558594 995.081848144531 989.843627929688 985.437377929688
1018.25701904297 1018.54754638672 1009.72412109375 1005.34075927734 1002.16479492188 992.118591308594 991.599060058594 990.80810546875 984.052795410156 993.76416015625 988.379516601562 976.784240722656 977.054138183594 973.451599121094 976.04150390625 980.174133300781 981.259887695312 969.803527832031 980.026000976562 973.239624023438 974.850952148438 968.397705078125 992.108520507812 990.584716796875 992.06787109375 996.401611328125 995.845642089844 1004.79254150391 1001.6025390625 997.474670410156 997.1064453125 995.922607421875 1000.69305419922 1003.015625 990.477416992188 991.621154785156 995.026977539062 998.112548828125 994.534423828125 991.205078125 992.738037109375 987.494384765625 988.241638183594 998.228576660156 988.950561523438 988.718994140625
1013.85656738281 1018.89721679688 1017.73175048828 1009.19146728516 1000.79638671875 997.919799804688 991.50341796875 987.680419921875 990.398986816406 1002.54455566406 995.433349609375 990.038513183594 989.478454589844 981.471130371094 978.880981445312 977.075927734375 976.929992675781 981.839599609375 974.130676269531 972.87744140625 972.700317382812 974.132141113281 981.29736328125 975.688842773438 988.599975585938 998.034423828125 994.909484863281 997.874328613281 999.27587890625 1007.33746337891 999.138244628906 1006.28759765625 1007.85107421875 1005.64538574219 993.209167480469 998.062438964844 1003.31842041016 1005.88854980469 1002.67083740234 1000.82879638672 1000.70056152344 994.423828125 993.340881347656 993.641296386719 989.878540039062 984.098815917969
1025.80102539062 1020.00164794922 1017.51763916016 1015.36828613281 1004.34918212891 997.914733886719 997.601867675781 994.354614257812 1000.95355224609 1010.44848632812 1003.58837890625 989.006652832031 979.62353515625 988.568908691406 986.688659667969 983.006713867188 984.994506835938 978.609619140625 980.686096191406 974.492980957031 979.979309082031 973.375793457031 973.534362792969 982.896362304688 993.192138671875 992.544067382812 990.130493164062 991.522521972656 991.699035644531 991.475341796875 995.460693359375 1000.73175048828 1001.98199462891 1003.42785644531 1007.49652099609 1012.76788330078 1009.48724365234 1006.77777099609 1011.05975341797 1012.55615234375 999.162475585938 1003.46514892578 999.070251464844 986.304382324219 988.342041015625 983.787170410156
