data/zlatibor_dem_simulations/DEMsim36.asc
NCOLS 150
NROWS 100
XLLCORNER 7394249
YLLCORNER 4841999
CELLSIZE 30
NODATA_VALUE -9999
[rows 20 to 39 of 100, columns 92 to 137 of 150]
993.669860839844 1003.25549316406 1008.39733886719 1009.54089355469 1024.13684082031 1019.19097900391 1021.39276123047 1023.16552734375 1012.3037109375 1004.26495361328 1010.76513671875 1011.77893066406 1015.64343261719 1006.71258544922 999.129455566406 981.421508789062 976.881042480469 971.121643066406 965.490539550781 963.353088378906 954.442077636719 947.39501953125 943.656982421875 947.712280273438 937.523681640625 933.811645507812 940.708801269531 954.01025390625 961.611328125 969.653259277344 991.016296386719 994.729125976562 1011.71441650391 1016.93450927734 1017.22131347656 1028.52331542969 1037.18591308594 1034.96130371094 1043.20520019531 1040.00598144531 1034.99108886719 1033.07824707031 1043.34802246094 1044.61376953125 1048.11791992188 1051.70922851562
1009.51306152344 1024.01928710938 1023.30633544922 1024.77868652344 1025.01428222656 1019.22973632812 1013.56463623047 1014.55480957031 998.718200683594 998.330078125 1012.09289550781 1004.72760009766 1008.94689941406 1005.01904296875 1002.48358154297 991.065979003906 975.030517578125 967.530334472656 959.572326660156 951.563598632812 951.647155761719 949.859069824219 946.063720703125 942.701171875 936.846801757812 937.8359375 942.996643066406 960.800964355469 966.59326171875 981.607849121094 989.296936035156 994.212890625 1007.66589355469 1015.85034179688 1021.17468261719 1037.82739257812 1040.91723632812 1046.7265625 1048.791015625 1042.82397460938 1038.0615234375 1039.28308105469 1041.375 1047.57006835938 1043.67102050781 1056.33215332031
1019.22637939453 1017.4892578125 1029.19091796875 1030.09777832031 1030.4853515625 1026.06457519531 1013.677734375 1008.73095703125 999.099609375 1002.97283935547 1007.52520751953 1016.81842041016 1019.51013183594 1012.32733154297 1000.4755859375 994.310791015625 983.453552246094 979.877563476562 957.077087402344 956.452270507812 944.300842285156 948.452941894531 957.088623046875 949.917541503906 936.140808105469 938.104370117188 953.169311523438 966.586730957031 974.041931152344 976.472290039062 987.528625488281 991.622741699219 998.047119140625 1010.92950439453 1010.61846923828 1029.72827148438 1039.0498046875 1042.71057128906 1053.31005859375 1049.654296875 1044.8994140625 1047.92199707031 1048.0205078125 1048.30737304688 1049.30993652344 1058.85131835938
1016.92388916016 1031.54479980469 1026.98388671875 1028.23156738281 1027.2900390625 1027.66015625 1013.53509521484 1009.53833007812 997.462585449219 997.101745605469 1009.37188720703 1008.57348632812 1014.37414550781 1012.94268798828 1008.71820068359 1001.73791503906 990.871215820312 977.898071289062 966.64208984375 961.070983886719 962.793212890625 951.44189453125 959.024963378906 956.648864746094 944.502807617188 953.198059082031 953.932739257812 972.680847167969 979.548461914062 981.109436035156 993.235046386719 992.286437988281 999.65966796875 1004.13983154297 1027.78259277344 1032.02429199219 1031.91088867188 1044.53942871094 1048.80859375 1047.74438476562 1044.91979980469 1054.19494628906 1058.1416015625 1055.22326660156 1052.37390136719 1046.79760742188
1016.31268310547 1027.77526855469 1021.84136962891 1022.01177978516 1022.00067138672 1016.53314208984 1018.78643798828 1019.79626464844 1009.66912841797 1008.47045898438 1003.984375 1010.15545654297 1008.25476074219 1011.35772705078 1010.3349609375 1003.06512451172 983.178405761719 977.370483398438 964.767883300781 962.768371582031 963.593872070312 955.076843261719 957.1396484375 958.577270507812 958.307556152344 966.075134277344 968.153869628906 989.664367675781 996.030456542969 992.785522460938 988.77490234375 998.309265136719 1001.84307861328 1010.49359130859 1026.13989257812 1032.97338867188 1038.23266601562 1042.58032226562 1049.2080078125 1052.45349121094 1047.78820800781 1055.14831542969 1049.12768554688 1060.06591796875 1060.04040527344 1062.87561035156
1024.42785644531 1032.47924804688 1021.79217529297 1019.65362548828 1014.40759277344 1018.21136474609 1021.54449462891 1026.02172851562 1015.82806396484 1004.95361328125 1004.80780029297 1008.03179931641 1005.44921875 1017.76861572266 1012.35040283203 997.904479980469 983.746276855469 980.164855957031 971.653442382812 962.585388183594 950.512512207031 946.507934570312 945.456604003906 942.403015136719 955.135620117188 968.161926269531 972.8271484375 983.072875976562 1008.60968017578 1003.4287109375 996.854858398438 997.836303710938 1007.40936279297 1010.36090087891 1022.77954101562 1030.34045410156 1042.64404296875 1045.31909179688 1049.29174804688 1048.81408691406 1051.15319824219 1048.205078125 1049.71020507812 1050.89709472656 1051.27478027344 1062.09582519531
1026.74291992188 1028.68859863281 1017.56921386719 1011.08081054688 1011.95635986328 1013.64135742188 1020.58728027344 1025.77294921875 1012.96405029297 1002.83428955078 1006.88830566406 1009.06115722656 999.003356933594 1002.42816162109 1004.99047851562 991.526428222656 988.679565429688 981.953857421875 964.80126953125 961.862670898438 948.285949707031 952.2822265625 937.943908691406 945.637817382812 958.125610351562 965.510986328125 976.998596191406 988.223449707031 996.337890625 1005.56756591797 1009.53234863281 1012.92877197266 1020.57000732422 1023.13934326172 1033.09008789062 1040.14453125 1047.82897949219 1055.56188964844 1052.69140625 1053.34033203125 1049.01062011719 1051.21069335938 1048.83581542969 1048.4404296875 1050.15979003906 1052.46337890625
1037.64831542969 1023.95635986328 1018.13232421875 1017.64611816406 1014.13366699219 1019.05926513672 1024.013671875 1021.39581298828 1024.88684082031 1009.36260986328 1009.10015869141 995.214477539062 997.28564453125 1003.93420410156 1003.94055175781 989.678649902344 977.476684570312 975.564025878906 969.949768066406 966.57373046875 959.445129394531 943.679870605469 939.287292480469 934.686645507812 958.886535644531 969.052734375 981.80322265625 986.984802246094 996.630920410156 1007.80773925781 1014.75366210938 1031.63684082031 1032.56787109375 1026.32092285156 1042.28637695312 1049.1494140625 1046.83813476562 1055.00732421875 1057.02954101562 1045.68872070312 1049.11108398438 1047.61755371094 1052.29016113281 1052.39587402344 1048.65185546875 1050.02136230469
1035.40710449219 1034.08068847656 1025.34350585938 1021.27203369141 1018.43872070312 1017.23986816406 1025.90246582031 1018.73626708984 1023.52624511719 1020.255859375 1003.72998046875 998.453430175781 996.958801269531 994.749877929688 1000.71588134766 985.464294433594 974.122131347656 971.593872070312 960.542053222656 950.598937988281 952.464477539062 945.664916992188 934.964050292969 948.096862792969 961.924255371094 973.474487304688 977.415649414062 981.255493164062 1000.73126220703 1000.68762207031 1015.48553466797 1031.978515625 1037.84069824219 1041.482421875 1047.34851074219 1045.95227050781 1046.04675292969 1055.82092285156 1057.70764160156 1038.2158203125 1037.21643066406 1043.45532226562 1037.11389160156 1044.12145996094 1044.23986816406 1049.07751464844
1035.99230957031 1028.93603515625 1026.73034667969 1018.00408935547 1014.44177246094 1010.65875244141 1012.03588867188 1011.19506835938 1018.79138183594 1009.64678955078 1007.50946044922 1009.82116699219 1005.20318603516 1003.41552734375 994.319213867188 992.658508300781 977.807250976562 971.110961914062 962.821533203125 961.363464355469 956.747314453125 941.97412109375 946.078063964844 943.395263671875 964.507873535156 969.026000976562 977.626220703125 988.741271972656 997.140869140625 1011.78009033203 1014.08392333984 1027.66577148438 1033.1376953125 1042.16918945312 1033.15393066406 1034.4091796875 1042.69860839844 1044.28991699219 1049.31384277344 1039.44860839844 1034.91296386719 1043.80480957031 1037.20373535156 1043.908203125 1040.30126953125 1044.46728515625
1025.86706542969 1022.05084228516 1017.05328369141 1024.70983886719 1006.78271484375 1015.36505126953 1002.03955078125 1008.86547851562 1015.14959716797 1006.89184570312 1005.94476318359 1005.90625 1004.23376464844 1003.01318359375 1000.29498291016 987.730346679688 982.778686523438 978.875549316406 982.991760253906 961.8984375 955.948425292969 950.418395996094 953.600830078125 953.13818359375 958.01953125 971.2119140625 981.5107421875 980.571105957031 995.257446289062 1004.71350097656 1019.00433349609 1022.80432128906 1023.89587402344 1028.28662109375 1022.57373046875 1029.37121582031 1039.72180175781 1041.69763183594 1050.32092285156 1044.26354980469 1038.71252441406 1032.25720214844 1043.82165527344 1040.75048828125 1026.19287109375 1031.09716796875
1023.51983642578 1022.47595214844 1018.11169433594 1015.77001953125 1009.5986328125 1002.26947021484 992.054443359375 1002.06243896484 1002.88659667969 1007.31237792969 1000.20855712891 1001.18597412109 997.591369628906 995.818603515625 997.307739257812 993.9111328125 989.565063476562 987.971069335938 979.069519042969 969.921203613281 951.382080078125 953.624145507812 958.660827636719 963.777099609375 967.730407714844 967.807067871094 975.409606933594 988.515747070312 997.085021972656 1004.96612548828 1010.40838623047 1018.09606933594 1017.18237304688 1020.65283203125 1023.30853271484 1030.52685546875 1031.50476074219 1030.80920410156 1034.82043457031 1033.48376464844 1021.86004638672 1019.95031738281 1030.94470214844 1022.19763183594 1018.07653808594 1027.73889160156
1019.43298339844 1021.03918457031 1014.41882324219 1011.78363037109 1009.47290039062 998.712219238281 991.909851074219 999.216369628906 1005.53314208984 1013.07012939453 1010.12615966797 1010.56750488281 986.854431152344 992.354248046875 989.478332519531 991.704162597656 989.271362304688 991.109130859375 983.289123535156 972.991149902344 966.485595703125 963.281494140625 967.986022949219 958.701538085938 971.841247558594 971.302978515625 981.7919921875 988.113708496094 998.746765136719 1010.97766113281 1017.28625488281 1017.38494873047 1021.40057373047 1016.25433349609 1014.32049560547 1026.09436035156 1026.71801757812 1021.46551513672 1022.80023193359 1017.22912597656 1025.17797851562 1023.03698730469 1017.21136474609 1004.51452636719 1017.18627929688 1026.25134277344
1011.98840332031 1010.64288330078 1008.47839355469 1007.09167480469 1002.05853271484 1001.51000976562 995.740356445312 986.40966796875 998.639404296875 1005.26080322266 1008.14953613281 1001.73663330078 993.121948242188 985.205993652344 991.09912109375 996.014282226562 991.693725585938 985.917358398438 975.568603515625 972.587951660156 978.761291503906 974.874572753906 974.7197265625 965.564086914062 972.441955566406 981.965576171875 987.435363769531 996.2978515625 1012.60870361328 1019.70013427734 1018.02337646484 1025.82604980469 1021.65130615234 1015.94732666016 1015.10003662109 1021.79742431641 1022.94055175781 1010.21569824219 1010.84655761719 1014.44183349609 1019.44903564453 1009.27642822266 1009.84680175781 1013.19165039062 1028.99560546875 1025.49328613281
999.835876464844 997.826965332031 999.733276367188 1006.24609375 1005.30035400391 1004.99188232422 994.778625488281 993.531433105469 986.701782226562 999.156005859375 1006.45861816406 996.244934082031 993.501403808594 989.995361328125 988.506286621094 985.298034667969 986.853881835938 997.322509765625 989.639526367188 983.53564453125 983.13623046875 983.069274902344 985.090454101562 972.573547363281 978.12158203125 980.963439941406 989.621276855469 1004.84545898438 1009.48498535156 1017.57763671875 1017.82922363281 1021.71099853516 1024.24963378906 1024.47985839844 1019.38708496094 1028.22521972656 1018.81732177734 1018.57110595703 1004.61633300781 1010.30798339844 1010.18109130859 1012.24975585938 1013.07940673828 1023.76232910156 1026.22644042969 1034.55773925781
999.348815917969 998.428283691406 994.941955566406 1000.93798828125 998.380554199219 1003.42181396484 1001.64526367188 992.458312988281 987.704772949219 997.640747070312 1007.28759765625 1002.43505859375 992.541748046875 989.229187011719 990.858459472656 986.724426269531 989.053161621094 989.512939453125 997.297607421875 999.20849609375 991.296630859375 993.194396972656 988.5859375 981.780639648438 976.806823730469 982.009216308594 991.740478515625 1010.28643798828 1009.21575927734 1018.33160400391 1021.89019775391 1028.81860351562 1022.41809082031 1034.54467773438 1022.76165771484 1021.12713623047 1015.77587890625 1012.24285888672 1010.01159667969 1009.86785888672 1011.72052001953 1015.63507080078 1015.90594482422 1022.98901367188 1034.12268066406 1045.13647460938
1006.60858154297 1002.88824462891 1001.17388916016 998.194213867188 998.666931152344 993.563720703125 993.592956542969 996.388000488281 999.908386230469 991.085083007812 997.393920898438 995.983337402344 994.193420410156 997.258605957031 992.923217773438 994.424926757812 992.679870605469 993.09228515625 1001.24945068359 1004.10015869141 1003.15789794922 992.612060546875 995.18212890625 995.958923339844 990.223022460938 992.664916992188 1000.78253173828 1007.34063720703 1009.37744140625 1009.56945800781 1020.86236572266 1027.09106445312 1033.45947265625 1027.0302734375 1027.72485351562 1017.42687988281 1013.72454833984 1010.08020019531 1011.81842041016 1017.03485107422 1018.64654541016 1025.96142578125 1022.30316162109 1028.50817871094 1038.64099121094 1041.92895507812
1003.35961914062 1002.98767089844 1003.32666015625 1001.43878173828 992.185852050781 992.244079589844 991.572631835938 1000.28894042969 995.048278808594 994.459655761719 994.044982910156 995.223510742188 1001.40740966797 996.931884765625 999.911804199219 988.2421875 991.425964355469 998.352172851562 989.975891113281 999.304931640625 999.8564453125 998.611328125 1003.40197753906 1005.32647705078 998.449829101562 996.7216796875 999.801879882812 1006.69555664062 1013.78741455078 1008.75329589844 1004.84399414062 1014.48101806641 1012.6875 1008.80865478516 1004.72790527344 1009.87493896484 1013.39685058594 1008.56671142578 1012.00744628906 1018.61285400391 1014.96014404297 1021.58453369141 1025.52502441406 1027.42077636719 1033.04516601562 1036.77282714844
997.444030761719 995.614318847656 995.44384765625 994.680236816406 991.310791015625 991.016357421875 990.079406738281 989.560546875 988.400573730469 992.294555664062 990.170471191406 1000.61199951172 999.60888671875 997.60693359375 995.523742675781 991.526977539062 996.435607910156 989.093505859375 984.388488769531 991.1865234375 992.715148925781 1001.96051025391 1001.16882324219 1000.46630859375 997.969848632812 996.391479492188 1000.58795166016 1010.12017822266 1011.21929931641 1000.99871826172 1009.75146484375 1006.2451171875 1000.04736328125 1003.33374023438 999.124084472656 1002.59185791016 1008.32824707031 1014.03790283203 1010.14807128906 1021.89477539062 1022.92980957031 1027.67138671875 1035.57983398438 1034.52673339844 1038.02868652344 1035.14233398438
994.60205078125 993.114501953125 1000.09320068359 990.271606445312 984.814575195312 980.524963378906 979.351684570312 984.776123046875 997.281005859375 996.636962890625 986.020141601562 996.935302734375 994.500366210938 978.570068359375 981.798645019531 976.792846679688 988.011047363281 986.084777832031 983.528015136719 991.2099609375 998.781433105469 996.867126464844 993.441101074219 992.942138671875 994.299194335938 1003.45532226562 1000.73657226562 1007.90808105469 1008.84735107422 1003.99395751953 1004.01940917969 1001.98419189453 1004.06018066406 1002.13427734375 998.619995117188 1001.17419433594 1007.59216308594 1019.29345703125 1024.30200195312 1022.50109863281 1025.14733886719 1031.74145507812 1040.38940429688 1035.48876953125 1038.63647460938 1043.85437011719
