data/zlatibor_dem_simulations/DEMsim13.asc
NCOLS 150
NROWS 100
XLLCORNER 7394249
YLLCORNER 4841999
CELLSIZE 30
NODATA_VALUE -9999
[rows 20 to 39 of 100, columns 0 to 45 of 150]
948.970947265625 945.829467773438 954.049011230469 958.419555664062 955.091064453125 956.5087890625 955.736389160156 966.841369628906 969.909240722656 967.046142578125 963.384887695312 958.714416503906 959.013427734375 960.195739746094 950.607177734375 949.2822265625 959.044555664062 959.639343261719 957.955200195312 979.658508300781 980.968017578125 979.548583984375 976.014953613281 984.182800292969 995.654846191406 997.685241699219 1003.87469482422 1006.80718994141 1006.83905029297 1007.67736816406 1014.86474609375 1015.98907470703 1014.27258300781 1025.482421875 1027.92883300781 1031.68371582031 1033.45092773438 1038.80834960938 1031.66247558594 1030.80700683594 1027.25524902344 1029.58837890625 1026.81420898438 1028.00476074219 1026.12963867188 1018.12817382812
947.491943359375 937.484680175781 952.697937011719 956.938293457031 955.197937011719 952.924438476562 956.094604492188 966.107116699219 967.470703125 966.140991210938 971.099304199219 960.576782226562 964.541320800781 957.943054199219 947.789001464844 945.782409667969 952.49560546875 964.5673828125 964.733276367188 970.978088378906 972.984252929688 976.561401367188 980.177917480469 980.455139160156 983.851196289062 996.903930664062 1002.29858398438 1008.04071044922 1005.38635253906 998.528930664062 1006.20758056641 1011.25964355469 1019.52142333984 1020.560546875 1023.13208007812 1019.37103271484 1031.60852050781 1024.59655761719 1019.60827636719 1026.64318847656 1023.89379882812 1032.1953125 1020.87200927734 1023.47570800781 1025.03479003906 1011.05303955078
938.285461425781 948.2734375 951.913024902344 956.562255859375 955.733520507812 962.002380371094 956.549560546875 957.098205566406 956.919860839844 955.363952636719 963.1640625 958.8857421875 962.930541992188 961.558532714844 949.365295410156 959.995422363281 965.627075195312 974.251403808594 969.97900390625 965.619689941406 971.466430664062 971.575561523438 970.149780273438 971.197082519531 974.892517089844 980.491394042969 983.314575195312 999.108581542969 1001.20458984375 1000.88909912109 1004.53546142578 1013.40789794922 1009.94866943359 1019.04467773438 1016.32855224609 1023.94970703125 1025.27795410156 1026.6171875 1022.572265625 1030.50720214844 1025.2119140625 1024.61352539062 1017.44799804688 1012.92175292969 1018.27459716797 1009.22039794922
931.776306152344 939.471496582031 950.049865722656 957.911315917969 963.789855957031 956.148498535156 953.509094238281 952.677124023438 950.660949707031 951.94091796875 944.683715820312 952.99365234375 953.274230957031 958.869506835938 950.840454101562 957.098571777344 969.02490234375 977.412841796875 972.923950195312 966.238159179688 966.504089355469 968.757202148438 966.725830078125 971.282104492188 970.322509765625 968.036254882812 981.779663085938 986.931701660156 997.421936035156 1001.16247558594 1003.45092773438 1006.23193359375 998.554443359375 1005.87591552734 1002.47583007812 1012.51263427734 1020.20892333984 1016.29223632812 1025.4501953125 1028.40441894531 1024.34973144531 1025.42932128906 1014.91845703125 1018.01934814453 1009.68090820312 1004.54956054688
932.82470703125 939.133178710938 943.1240234375 962.5185546875 962.212951660156 958.0595703125 954.682983398438 952.456848144531 950.810668945312 953.147094726562 955.720581054688 951.983825683594 951.458923339844 951.897766113281 954.605651855469 965.133972167969 971.097717285156 975.18994140625 973.792663574219 971.116271972656 972.079406738281 978.460021972656 976.996887207031 982.004638671875 985.521545410156 976.379821777344 981.470886230469 985.753356933594 989.431884765625 997.063049316406 1005.25463867188 993.584716796875 995.385437011719 996.283752441406 1003.88800048828 1009.10791015625 1013.97778320312 1019.45239257812 1028.85217285156 1026.97961425781 1027.31164550781 1022.26556396484 1019.26031494141 1012.39135742188 1005.84741210938 1014.83843994141
931.497741699219 942.192016601562 945.156921386719 958.158386230469 956.368286132812 952.146850585938 953.886291503906 962.250122070312 959.030395507812 956.676818847656 961.866149902344 957.832641601562 955.050048828125 967.201416015625 963.439514160156 972.122863769531 960.7822265625 969.500366210938 971.410827636719 978.059448242188 975.169128417969 977.57373046875 976.542236328125 984.309936523438 981.4560546875 983.575561523438 981.830322265625 980.425109863281 995.194274902344 1005.45764160156 997.859924316406 988.311401367188 985.62060546875 991.428344726562 1002.74780273438 1008.41168212891 1020.59350585938 1017.73468017578 1016.81384277344 1017.77978515625 1018.57165527344 1016.22546386719 1019.19006347656 1011.87957763672 1002.60192871094 1008.45739746094
929.01904296875 939.392944335938 940.468322753906 953.436340332031 947.969604492188 948.155944824219 955.1337890625 963.780151367188 966.290222167969 976.279357910156 969.322448730469 969.482727050781 969.989318847656 966.611083984375 971.646484375 971.313720703125 963.684936523438 970.255615234375 964.575805664062 975.487670898438 975.053344726562 982.507446289062 974.699096679688 980.705200195312 992.214416503906 993.834350585938 997.440979003906 985.174560546875 990.066467285156 984.438415527344 989.7861328125 995.669799804688 994.050476074219 997.2939453125 1002.39141845703 1005.599609375 1009.69744873047 1012.04077148438 1010.60302734375 1014.95483398438 1011.04614257812 1004.22210693359 1006.30621337891 1009.59613037109 1009.89581298828 1002.64617919922
939.688171386719 944.820190429688 951.233703613281 946.488647460938 953.360595703125 954.915710449219 960.843688964844 966.385314941406 967.0166015625 971.13525390625 965.822387695312 968.561706542969 978.80810546875 971.970397949219 975.121032714844 975.774780273438 973.940063476562 970.489318847656 972.781799316406 976.355529785156 976.843872070312 982.328674316406 981.4609375 981.488220214844 988.619750976562 995.13134765625 999.541564941406 992.110534667969 989.815246582031 992.817260742188 989.900207519531 996.881469726562 1009.02355957031 1001.26654052734 1000.29888916016 1006.19543457031 1000.18780517578 1004.166015625 1013.63189697266 1004.58898925781 1005.87615966797 999.923034667969 1003.84613037109 1001.02233886719 989.313842773438 998.042785644531
948.709411621094 948.663513183594 941.875244140625 953.203308105469 953.74462890625 950.87451171875 952.196899414062 962.883178710938 971.096374511719 981.221984863281 980.755798339844 967.304626464844 974.139953613281 973.697204589844 977.328125 979.933959960938 977.912353515625 978.243957519531 971.673767089844 981.245788574219 987.647094726562 986.854553222656 984.358947753906 984.88671875 991.473815917969 993.317932128906 987.050476074219 988.543762207031 989.873657226562 990.584289550781 982.8779296875 995.77880859375 1001.93200683594 1003.29510498047 1004.25787353516 996.417175292969 990.009094238281 998.2646484375 997.11572265625 993.18994140625 1003.02978515625 1005.33874511719 998.744995117188 995.625793457031 984.213256835938 988.750549316406
958.40087890625 945.874389648438 946.530639648438 950.012145996094 959.590148925781 962.286560058594 961.690246582031 954.519958496094 968.238342285156 975.015502929688 976.483337402344 973.663696289062 978.897644042969 976.103332519531 977.357116699219 982.231689453125 980.854370117188 984.410888671875 983.248962402344 987.709045410156 991.953491210938 984.411071777344 984.956237792969 987.278930664062 987.109375 984.7333984375 986.30419921875 973.016540527344 981.781860351562 989.558410644531 995.280334472656 1002.63092041016 1000.86224365234 1001.66247558594 997.584533691406 990.623107910156 994.75048828125 999.423034667969 991.06103515625 1005.52606201172 1007.24871826172 1006.34912109375 998.572570800781 999.468200683594 984.832397460938 986.73779296875
961.059509277344 948.435668945312 957.046997070312 959.081237792969 968.129028320312 970.243713378906 969.939147949219 965.989135742188 965.7724609375 968.905029296875 978.221252441406 971.637512207031 977.406799316406 977.588317871094 972.168701171875 978.104736328125 976.898193359375 981.797729492188 982.889770507812 993.708923339844 987.691162109375 980.723449707031 982.569030761719 985.766967773438 995.464965820312 993.912963867188 975.126953125 970.707336425781 975.330017089844 988.982360839844 990.778991699219 992.485107421875 991.902709960938 993.076782226562 996.318359375 992.022399902344 994.3359375 1001.63092041016 1000.62591552734 1000.81018066406 1002.15832519531 996.88037109375 988.315307617188 995.834533691406 992.921997070312 987.507751464844
956.032653808594 952.790283203125 967.325500488281 966.4462890625 966.251098632812 972.654418945312 970.157409667969 961.334289550781 973.817077636719 977.889343261719 974.550231933594 980.429748535156 972.361328125 977.49462890625 983.173583984375 973.243347167969 971.294494628906 983.846252441406 985.067565917969 983.040649414062 991.831481933594 983.467712402344 986.804138183594 978.484802246094 989.326416015625 990.51220703125 974.799438476562 968.5439453125 978.353454589844 986.340515136719 988.432373046875 996.327331542969 999.537536621094 998.111206054688 989.120849609375 992.019653320312 988.844787597656 992.553527832031 997.013977050781 990.099853515625 992.750061035156 995.30322265625 985.156005859375 988.714233398438 989.831665039062 997.48486328125
953.611328125 960.999145507812 966.952026367188 965.632080078125 962.550598144531 974.193908691406 968.257080078125 968.332153320312 969.72119140625 981.577514648438 980.482666015625 977.31005859375 977.531921386719 973.987609863281 980.762451171875 969.855773925781 967.876831054688 981.594116210938 984.372192382812 990.171264648438 986.764465332031 983.331604003906 979.170715332031 977.965148925781 980.036315917969 987.070922851562 985.732666015625 979.932800292969 983.412780761719 986.960205078125 990.409851074219 998.82421875 998.138793945312 996.445007324219 986.901306152344 980.067199707031 981.728210449219 986.5703125 989.7265625 991.509338378906 991.735961914062 988.787109375 985.938049316406 991.934631347656 982.39892578125 989.7939453125
954.982299804688 952.939697265625 962.180725097656 961.666687011719 959.685119628906 968.924072265625 971.807189941406 966.081848144531 972.978881835938 976.752502441406 982.807067871094 984.175842285156 977.713195800781 979.809143066406 980.083190917969 980.484008789062 980.555541992188 977.258911132812 986.353759765625 990.716430664062 989.027770996094 981.436157226562 980.368530273438 971.834106445312 978.229125976562 980.760681152344 981.250183105469 975.839233398438 983.692199707031 980.066833496094 995.434997558594 996.43359375 998.819274902344 990.648132324219 987.664306640625 982.718017578125 979.870666503906 984.438598632812 982.15966796875 987.453491210938 980.366943359375 985.881896972656 986.099060058594 992.140808105469 993.704345703125 987.419921875
953.79296875 955.591125488281 952.165954589844 954.156616210938 957.171752929688 974.586730957031 976.908569335938 975.312377929688 980.129638671875 974.842834472656 974.810302734375 976.393005371094 974.764892578125 974.900695800781 973.810852050781 978.677124023438 982.755554199219 977.996826171875 978.717468261719 983.518920898438 987.922180175781 981.985290527344 983.587646484375 980.988586425781 978.580505371094 976.160705566406 977.255981445312 975.096008300781 973.05126953125 980.517639160156 991.3359375 989.276306152344 986.193725585938 987.767517089844 983.044311523438 977.944580078125 976.888427734375 969.278259277344 975.978393554688 980.653747558594 985.12158203125 985.007385253906 984.094543457031 982.602233886719 988.989135742188 989.867370605469
947.501281738281 962.080078125 954.867553710938 958.049743652344 962.004699707031 964.543151855469 968.618225097656 980.294982910156 979.409484863281 971.244384765625 972.932800292969 976.6044921875 974.250610351562 970.392456054688 975.268981933594 968.103942871094 967.607482910156 970.297729492188 973.855224609375 983.1103515625 979.608093261719 976.807189941406 976.431518554688 976.191467285156 970.072448730469 968.481994628906 973.202209472656 975.734985351562 977.989685058594 984.166259765625 983.709899902344 976.810791015625 970.160400390625 972.548889160156 971.193603515625 967.252868652344 973.46533203125 977.638427734375 975.408203125 976.369262695312 975.438537597656 981.984558105469 984.272827148438 982.846252441406 986.307312011719 978.426940917969
953.181823730469 962.022705078125 961.356323242188 962.685302734375 967.280944824219 963.817504882812 967.912109375 975.226013183594 968.014282226562 972.124877929688 968.283203125 969.627136230469 974.907043457031 967.651733398438 972.895568847656 969.29248046875 965.038269042969 973.336303710938 974.598205566406 979.350952148438 972.685241699219 973.505432128906 974.586669921875 969.871826171875 977.930236816406 969.337646484375 963.751953125 968.896667480469 972.352661132812 978.96728515625 980.4658203125 977.959045410156 973.724182128906 971.969970703125 982.05712890625 978.969421386719 976.412536621094 977.45263671875 978.221801757812 972.927062988281 972.816772460938 967.578552246094 982.963439941406 981.741516113281 984.252685546875 982.963500976562
938.77197265625 948.278137207031 970.120788574219 970.947204589844 963.35400390625 962.763427734375 964.495666503906 965.058227539062 962.160522460938 966.321594238281 972.916198730469 974.987548828125 973.288757324219 967.126770019531 973.507629394531 971.039978027344 968.619934082031 972.890930175781 975.455627441406 971.846923828125 967.853942871094 970.471862792969 982.837890625 977.223937988281 974.541320800781 970.748840332031 978.5517578125 971.486083984375 969.953918457031 982.151489257812 978.077819824219 979.871337890625 979.337768554688 981.964416503906 986.218566894531 978.684997558594 981.600341796875 980.983459472656 973.486206054688 971.405029296875 975.864685058594 974.307739257812 974.679138183594 981.767761230469 990.48974609375 984.651306152344
943.584350585938 944.639099121094 966.345275878906 972.057434082031 966.420104980469 959.788208007812 969.205444335938 966.151428222656 969.846435546875 957.858825683594 962.265258789062 970.040405273438 971.156494140625 965.358581542969 973.838989257812 976.612976074219 973.077880859375 974.370483398438 978.456726074219 974.875549316406 975.9111328125 978.173034667969 971.565673828125 979.14111328125 976.806579589844 970.451354980469 976.560546875 978.333801269531 975.977416992188 973.306884765625 975.043884277344 982.923461914062 987.213134765625 990.269470214844 984.260620117188 987.857116699219 985.193603515625 981.129028320312 968.435974121094 973.140686035156 976.587158203125 978.922790527344 979.149353027344 975.821472167969 975.379333496094 976.54248046875
933.505798339844 946.111022949219 952.673034667969 967.65673828125 968.709655761719 970.419128417969 966.386901855469 966.579528808594 969.106323242188 966.06884765625 969.452514648438 970.440307617188 971.324157714844 969.424621582031 967.990600585938 973.522155761719 978.333068847656 974.40673828125 978.496154785156 980.60595703125 983.562133789062 985.678405761719 977.914611816406 971.074890136719 977.180725097656 980.015319824219 972.498413085938 977.501708984375 980.559020996094 974.164001464844 976.093933105469 976.146606445312 986.514953613281 987.188537597656 980.241333007812 980.371520996094 982.665161132812 982.956665039062 972.385437011719 984.977294921875 980.785034179688 985.863037109375 978.803344726562 975.79736328125 971.13671875 967.147521972656
