data/zlatibor_dem_simulations/DEMsim92 (1).asc
NCOLS 150
NROWS 100
XLLCORNER 7394249
YLLCORNER 4841999
CELLSIZE 30
NODATA_VALUE -9999
[rows 0 to 19 of 100, columns 92 to 137 of 150]
914.272705078125 909.069213867188 907.526550292969 911.950988769531 910.223999023438 902.715576171875 895.717834472656 890.857116699219 875.479125976562 861.926879882812 867.08447265625 873.012756347656 861.478942871094 852.788696289062 847.530212402344 855.742370605469 849.76318359375 847.067565917969 845.738525390625 853.551330566406 855.656372070312 871.83984375 893.498474121094 903.215393066406 912.08642578125 903.951354980469 914.673889160156 917.736877441406 920.790222167969 925.99365234375 932.005065917969 936.079772949219 944.134948730469 948.425720214844 961.49267578125 972.551147460938 973.142395019531 984.197143554688 978.973937988281 986.546875 988.268432617188 1012.38360595703 1013.93121337891 1024.05932617188 1027.61010742188 1036.32214355469
916.441528320312 917.438720703125 916.309997558594 907.564086914062 904.2470703125 910.359558105469 897.116149902344 888.660461425781 874.941101074219 870.018493652344 867.378601074219 863.709167480469 862.854614257812 855.889526367188 849.090209960938 852.286315917969 851.79052734375 853.161682128906 846.061218261719 859.716003417969 871.497863769531 882.411560058594 895.606689453125 902.621398925781 913.023559570312 907.675109863281 916.891967773438 926.14501953125 920.140502929688 928.798217773438 929.384765625 943.061279296875 950.158569335938 955.967834472656 962.453247070312 970.232482910156 974.136657714844 975.60302734375 974.665832519531 988.773254394531 992.5029296875 1005.52752685547 1011.75933837891 1029.53173828125 1040.75988769531 1039.63220214844
928.966064453125 923.863891601562 913.442810058594 907.692443847656 906.180358886719 901.496948242188 900.213500976562 889.123657226562 878.223388671875 876.453369140625 874.621887207031 868.489135742188 866.233520507812 863.732604980469 864.627014160156 862.941284179688 852.576354980469 849.605712890625 861.664001464844 860.82470703125 871.020446777344 872.829711914062 885.483825683594 898.247314453125 911.743957519531 913.34033203125 916.1806640625 923.137817382812 933.368469238281 930.713439941406 936.787414550781 952.718444824219 953.381591796875 957.4765625 958.440795898438 966.422607421875 967.099731445312 979.566040039062 985.37451171875 988.734802246094 995.237670898438 1008.06408691406 1022.22827148438 1034.18041992188 1046.69787597656 1048.74011230469
921.19287109375 917.121887207031 905.431823730469 897.610900878906 897.262939453125 896.150146484375 893.745178222656 889.539611816406 879.8251953125 883.713256835938 877.415466308594 871.088195800781 874.82861328125 875.059509277344 880.040893554688 870.671325683594 861.647766113281 864.653625488281 870.322692871094 869.899658203125 870.882263183594 877.201293945312 879.852844238281 891.021057128906 905.255615234375 910.7109375 920.654724121094 927.114685058594 936.384216308594 939.692626953125 944.894714355469 951.459777832031 955.898986816406 954.900817871094 958.620788574219 967.436218261719 977.565063476562 984.008239746094 991.717407226562 999.828247070312 999.718322753906 1011.28259277344 1024.02087402344 1039.15234375 1049.51550292969 1058.09619140625
922.251281738281 920.943908691406 910.917419433594 901.665649414062 904.779296875 897.143920898438 887.201538085938 888.820373535156 888.935791015625 883.21533203125 881.593872070312 884.948120117188 875.120727539062 885.14404296875 878.377319335938 877.019226074219 876.882263183594 881.04833984375 875.179260253906 880.628784179688 873.543701171875 873.529113769531 891.827758789062 898.626831054688 900.078247070312 917.336791992188 922.612426757812 930.559326171875 933.535766601562 941.335815429688 948.010192871094 948.606018066406 956.434326171875 957.629455566406 966.470153808594 973.903015136719 981.580810546875 987.200378417969 990.484985351562 1009.75006103516 1016.36285400391 1015.82141113281 1024.90441894531 1037.56872558594 1043.02209472656 1056.23547363281
923.612670898438 923.31201171875 912.389465332031 912.229675292969 906.275085449219 905.4697265625 903.123657226562 893.386901855469 887.332458496094 884.188293457031 875.312194824219 878.697631835938 873.669738769531 882.364807128906 888.235900878906 880.659790039062 888.464965820312 883.1513671875 888.935668945312 882.464233398438 880.899597167969 887.578002929688 900.693176269531 897.188659667969 903.345825195312 917.998413085938 920.653442382812 931.436401367188 931.674072265625 942.908813476562 936.940551757812 950.315002441406 954.223327636719 967.724914550781 972.205749511719 977.799560546875 986.726745605469 986.267761230469 986.822875976562 1002.79547119141 1024.35693359375 1030.58618164062 1025.95629882812 1039.5419921875 1043.93664550781 1062.58764648438
929.820556640625 932.418762207031 919.326538085938 919.106872558594 918.006164550781 911.105834960938 906.224853515625 902.432189941406 891.60888671875 892.964172363281 886.56787109375 879.017272949219 881.869140625 889.028137207031 901.761291503906 894.858032226562 896.438293457031 897.602783203125 897.60791015625 885.486999511719 884.565856933594 896.415222167969 897.156616210938 903.191833496094 913.262329101562 914.450500488281 921.831481933594 931.171875 932.435546875 938.389709472656 939.96337890625 950.319030761719 956.523254394531 956.575439453125 964.982727050781 971.396118164062 976.204162597656 983.923950195312 993.690307617188 1006.30529785156 1021.88238525391 1030.73254394531 1037.67102050781 1046.19934082031 1053.771484375 1065.69519042969
926.012634277344 925.647399902344 920.947509765625 927.060791015625 918.255737304688 911.176635742188 910.206237792969 905.050476074219 898.553833007812 889.676513671875 889.727783203125 883.678283691406 885.336547851562 892.736633300781 895.80712890625 902.63916015625 905.821899414062 897.820861816406 895.301330566406 896.669677734375 892.509399414062 907.121704101562 912.07861328125 912.715270996094 915.259521484375 916.620544433594 926.506652832031 926.591430664062 934.416015625 934.708190917969 945.936706542969 952.984497070312 953.688415527344 946.653015136719 962.421508789062 965.5498046875 976.615661621094 985.119384765625 999.043640136719 1009.62762451172 1033.84289550781 1032.91259765625 1038.77770996094 1041.79919433594 1062.87805175781 1075.64611816406
923.719055175781 925.079467773438 914.8046875 913.899169921875 909.465515136719 904.388305664062 907.702331542969 906.287292480469 912.353332519531 906.797546386719 897.343811035156 895.288269042969 898.467956542969 900.365173339844 900.194091796875 899.3759765625 901.489562988281 905.495544433594 897.760314941406 896.186096191406 898.956420898438 915.180908203125 911.389892578125 920.7421875 920.2978515625 922.73388671875 921.932739257812 926.34130859375 933.795227050781 936.65576171875 938.489318847656 943.901977539062 955.068969726562 964.649780273438 961.878540039062 968.563842773438 981.432556152344 985.368225097656 1006.67053222656 1021.04345703125 1021.30133056641 1033.27734375 1042.341796875 1051.72448730469 1067.60705566406 1082.40356445312
929.188903808594 930.369079589844 927.063110351562 928.028869628906 918.04150390625 903.054992675781 905.705871582031 914.123046875 909.708435058594 919.206970214844 916.12353515625 914.287231445312 913.6162109375 911.048034667969 911.371337890625 912.654113769531 910.623657226562 909.077697753906 910.646728515625 902.824157714844 908.25634765625 914.516845703125 923.313842773438 924.421569824219 923.401550292969 917.874328613281 923.80810546875 929.497375488281 934.170166015625 934.562072753906 938.885803222656 946.473327636719 957.040100097656 974.079162597656 978.807250976562 983.966369628906 987.226501464844 998.243530273438 1015.33526611328 1021.08361816406 1030.99572753906 1040.86999511719 1044.375 1055.9658203125 1067.51501464844 1077.26208496094
943.058349609375 937.566589355469 940.489562988281 929.896362304688 921.889526367188 921.148620605469 921.169494628906 918.930847167969 924.079833984375 926.87939453125 927.214782714844 928.625366210938 934.68212890625 921.588806152344 926.770568847656 928.769653320312 928.683898925781 920.733093261719 915.457336425781 903.843872070312 914.430419921875 915.749328613281 925.800354003906 923.279724121094 928.002075195312 916.207214355469 924.150634765625 933.226501464844 932.897033691406 925.318969726562 930.090393066406 945.495788574219 959.364562988281 973.423706054688 984.680847167969 996.106994628906 1000.32965087891 1005.34301757812 1021.52093505859 1023.01013183594 1034.98059082031 1039.63146972656 1045.32653808594 1055.16674804688 1066.85693359375 1083.15124511719
955.566467285156 943.877197265625 931.063842773438 934.376525878906 929.973815917969 927.885498046875 923.239013671875 926.986450195312 930.701599121094 936.130737304688 938.631958007812 935.490295410156 933.738464355469 936.066162109375 932.457092285156 938.076965332031 940.285766601562 932.467712402344 920.125244140625 914.583557128906 923.614929199219 921.077575683594 921.990844726562 920.626037597656 917.985168457031 922.606262207031 919.092407226562 931.746459960938 921.563842773438 921.28759765625 931.035400390625 938.805358886719 958.553588867188 977.034973144531 988.582763671875 1002.02014160156 1010.05633544922 1007.53295898438 1023.86309814453 1028.87915039062 1028.88671875 1037.87048339844 1040.27697753906 1054.90832519531 1067.97827148438 1069.33227539062
942.221130371094 943.214660644531 935.529541015625 930.792297363281 928.681884765625 934.228515625 931.041564941406 935.607788085938 946.970886230469 950.226745605469 952.221374511719 946.328552246094 942.536560058594 946.055053710938 946.223083496094 945.433349609375 951.363159179688 938.027893066406 934.164001464844 939.544677734375 930.224426269531 927.670532226562 919.633544921875 912.303039550781 918.7294921875 920.588989257812 917.596069335938 924.248962402344 922.952758789062 921.283325195312 929.813659667969 938.895141601562 956.066284179688 979.136535644531 989.829711914062 996.49755859375 1013.4287109375 1015.74365234375 1026.23889160156 1032.42370605469 1041.78662109375 1039.46533203125 1049.79345703125 1065.90380859375 1071.08923339844 1078.6845703125
938.812377929688 941.885803222656 938.960754394531 932.269958496094 932.997131347656 934.287048339844 939.6767578125 952.642883300781 952.447204589844 946.831787109375 954.335632324219 957.745849609375 949.010559082031 956.702880859375 948.85693359375 947.467529296875 955.12744140625 948.536071777344 946.243713378906 941.597534179688 936.121154785156 937.393737792969 914.900390625 910.315124511719 906.115234375 915.293212890625 918.315734863281 934.091186523438 937.513244628906 932.932861328125 936.964660644531 948.407775878906 966.638488769531 980.168395996094 993.995361328125 1005.14788818359 1015.90972900391 1011.66033935547 1029.21875 1039.77734375 1042.20532226562 1049.56994628906 1057.63940429688 1070.56103515625 1082.96069335938 1084.53198242188
946.130615234375 941.945861816406 936.714172363281 939.058410644531 937.781494140625 951.564270019531 955.708923339844 959.145812988281 957.538391113281 959.282836914062 961.575927734375 965.558349609375 964.783996582031 970.639404296875 962.152893066406 956.492980957031 961.856323242188 973.683654785156 962.765869140625 948.950927734375 933.044372558594 924.770141601562 923.353698730469 909.119812011719 905.473937988281 910.025024414062 919.068298339844 929.4501953125 946.021789550781 953.494934082031 957.555603027344 957.534057617188 973.61865234375 988.898132324219 998.281616210938 1001.53234863281 1009.41442871094 1023.26190185547 1040.06689453125 1047.01000976562 1047.5908203125 1063.46838378906 1066.21496582031 1074.54724121094 1080.43151855469 1091.49194335938
947.046142578125 939.229187011719 947.671936035156 948.665771484375 951.815734863281 953.668212890625 964.835388183594 965.8056640625 971.575073242188 970.341491699219 967.10986328125 966.814331054688 965.134704589844 968.954284667969 960.673950195312 966.289916992188 974.343933105469 976.80322265625 964.821716308594 953.619079589844 939.149169921875 932.817810058594 927.299560546875 918.995178222656 914.435852050781 914.590637207031 923.251281738281 933.736022949219 951.823364257812 962.093566894531 962.864868164062 966.659790039062 977.124938964844 990.5859375 996.209167480469 1007.54498291016 1006.56988525391 1034.33435058594 1041.08557128906 1051.12829589844 1053.91638183594 1059.73376464844 1075.2646484375 1073.65954589844 1078.12194824219 1090.66064453125
955.021179199219 943.196411132812 945.676940917969 951.858154296875 961.94384765625 964.587951660156 970.605407714844 977.714599609375 978.470520019531 979.057983398438 985.08154296875 979.442810058594 977.010192871094 974.079467773438 972.429565429688 972.575927734375 972.99365234375 974.332885742188 963.873229980469 960.546447753906 946.650451660156 933.186706542969 928.822204589844 924.258544921875 921.48974609375 919.977661132812 924.41357421875 935.767883300781 943.642456054688 959.406860351562 969.606872558594 976.135192871094 979.65966796875 992.644653320312 1006.87219238281 1012.39874267578 1020.564453125 1031.5341796875 1037.43493652344 1047.09265136719 1059.38745117188 1062.81323242188 1071.03381347656 1077.90466308594 1073.09448242188 1078.64282226562
966.581237792969 958.075988769531 963.470031738281 968.914306640625 966.935729980469 976.929321289062 982.521423339844 987.255065917969 990.919555664062 987.596618652344 990.162292480469 980.447448730469 977.716735839844 979.01171875 980.199340820312 983.383178710938 980.4033203125 979.648559570312 973.289428710938 963.943725585938 956.365539550781 940.775390625 931.758544921875 928.21337890625 922.184631347656 927.151611328125 922.155944824219 934.158020019531 950.758056640625 960.323608398438 973.546264648438 975.531677246094 999.409118652344 1004.62475585938 1004.08013916016 1015.423828125 1021.18347167969 1028.373046875 1039.58471679688 1046.15490722656 1047.46948242188 1062.30859375 1069.93957519531 1077.89587402344 1078.74633789062 1076.5048828125
972.032897949219 972.033752441406 979.062133789062 979.615112304688 983.667175292969 985.627319335938 990.540893554688 993.092224121094 995.14697265625 996.395751953125 994.618530273438 982.399597167969 981.338134765625 983.886352539062 983.214416503906 980.905029296875 968.115051269531 964.363342285156 974.767761230469 967.783508300781 943.020629882812 939.264831542969 931.631774902344 926.906005859375 928.91064453125 924.230224609375 924.583251953125 926.875 939.342224121094 953.364685058594 964.472290039062 982.203002929688 994.852294921875 1009.14868164062 1010.04602050781 1017.94464111328 1018.673828125 1028.15844726562 1030.05078125 1048.39721679688 1057.05187988281 1059.37231445312 1073.91162109375 1084.47766113281 1084.85925292969 1079.56457519531
984.031372070312 994.174133300781 1001.49560546875 993.793090820312 989.020629882812 992.227478027344 1002.59216308594 997.708923339844 996.064636230469 998.117797851562 995.560424804688 988.522705078125 995.857604980469 990.89697265625 985.617919921875 979.692016601562 969.419311523438 967.626403808594 966.442443847656 955.467529296875 948.623291015625 941.191833496094 944.050048828125 935.692565917969 931.514282226562 926.909301757812 929.701538085938 936.961486816406 947.683654785156 954.660522460938 969.55078125 990.499938964844 997.5673828125 1008.71661376953 1021.19207763672 1022.68188476562 1030.60632324219 1037.88940429688 1040.24096679688 1039.98278808594 1054.44372558594 1060.37915039062 1070.29833984375 1068.74206542969 1075.16723632812 1072.755859375
