data/zlatibor_dem_simulations/DEMsim31.asc
NCOLS 150
NROWS 100
XLLCORNER 7394249
YLLCORNER 4841999
CELLSIZE 30
NODATA_VALUE -9999
[rows 40 to 59 of 100, columns 46 to 91 of 150]
975.489074707031 974.238098144531 979.120727539062 976.6806640625 977.348266601562 973.539794921875 965.120056152344 969.13623046875 967.217956542969 965.128051757812 962.491821289062 967.472595214844 966.557861328125 960.145141601562 970.232482910156 979.193603515625 977.170043945312 975.886779785156 975.644104003906 982.041381835938 978.479675292969 980.20556640625 977.7470703125 964.594177246094 961.834655761719 970.297607421875 965.792663574219 965.719055175781 960.234741210938 966.896362304688 966.58984375 976.366516113281 979.499755859375 980.675537109375 976.931274414062 986.316467285156 991.700744628906 985.785705566406 994.959533691406 997.367614746094 994.284362792969 1006.96594238281 1004.32983398438 997.867797851562 993.386413574219 997.781982421875
970.422729492188 976.935363769531 978.08251953125 971.8974609375 978.447082519531 965.726867675781 963.842956542969 965.598510742188 969.361755371094 962.701599121094 973.056762695312 973.792907714844 967.666625976562 966.989868164062 966.562194824219 969.575805664062 970.418640136719 970.3291015625 973.186645507812 977.525817871094 982.245666503906 974.9697265625 975.614440917969 964.168884277344 960.116821289062 966.991577148438 966.35302734375 968.442687988281 965.402221679688 979.418640136719 975.283935546875 974.438903808594 985.30126953125 986.464538574219 978.876220703125 976.146484375 977.617858886719 980.901611328125 977.094909667969 985.809814453125 980.997131347656 988.707885742188 990.891906738281 1004.08746337891 993.140563964844 992.207153320312
975.950256347656 965.374694824219 969.143493652344 964.169982910156 966.712036132812 971.815002441406 968.561767578125 965.25634765625 971.875915527344 970.93505859375 978.278076171875 985.668334960938 971.611694335938 976.711364746094 967.981750488281 964.894287109375 964.992858886719 974.795715332031 984.72802734375 979.669677734375 987.479248046875 981.376403808594 973.968322753906 965.220947265625 961.779724121094 962.273315429688 971.804626464844 967.038146972656 964.321533203125 970.672424316406 976.231628417969 975.681396484375 984.90283203125 974.231140136719 978.296203613281 982.2646484375 976.7216796875 972.64013671875 976.850341796875 984.789123535156 982.017456054688 993.099670410156 993.918090820312 995.693725585938 991.072814941406 989.656372070312
973.940002441406 965.393188476562 966.151184082031 963.602416992188 959.30126953125 965.271606445312 973.481567382812 973.400329589844 970.148620605469 967.120483398438 969.759643554688 971.10595703125 966.562805175781 971.719116210938 978.574523925781 973.56640625 974.867553710938 975.171691894531 982.279052734375 984.043395996094 988.787048339844 991.361999511719 982.512084960938 973.254211425781 974.138305664062 968.971069335938 972.412109375 968.712463378906 964.124572753906 970.073303222656 969.697937011719 968.937377929688 978.578552246094 975.843139648438 978.097473144531 984.318542480469 978.247375488281 969.640258789062 979.390808105469 983.635681152344 979.692687988281 986.681396484375 979.476196289062 987.912719726562 983.820129394531 989.708801269531
969.987548828125 958.301330566406 970.041625976562 967.380432128906 965.59033203125 977.334045410156 981.032165527344 976.925720214844 972.625610351562 966.537353515625 964.541381835938 973.781188964844 972.520935058594 974.690002441406 975.704040527344 975.420715332031 974.708190917969 968.684143066406 978.858520507812 976.364013671875 979.463073730469 989.881164550781 987.35546875 973.636352539062 976.682861328125 968.572631835938 962.196960449219 963.008850097656 956.977844238281 969.416564941406 968.293151855469 971.206970214844 958.611633300781 967.877380371094 974.612915039062 976.409545898438 974.669494628906 975.172119140625 982.657958984375 968.406677246094 968.388549804688 974.144165039062 973.768371582031 979.151977539062 978.603698730469 978.582275390625
971.295166015625 963.324279785156 966.974914550781 968.416198730469 968.956970214844 966.111328125 970.523071289062 975.375427246094 968.481506347656 962.830810546875 967.541748046875 975.201721191406 972.542846679688 982.212097167969 978.648803710938 980.080139160156 966.066040039062 964.247741699219 969.97216796875 971.56005859375 978.807922363281 990.241638183594 986.466491699219 971.124816894531 973.898620605469 965.698791503906 964.600036621094 964.034545898438 966.712646484375 966.7763671875 970.544067382812 968.906127929688 964.864868164062 971.371887207031 976.692138671875 969.906555175781 969.11376953125 970.541687011719 967.469360351562 971.542663574219 977.119812011719 975.31689453125 977.213195800781 977.650573730469 983.027099609375 981.587463378906
975.370056152344 964.139221191406 978.463012695312 970.973937988281 968.322265625 969.80078125 969.857482910156 969.570068359375 973.919067382812 976.010131835938 974.007873535156 978.287780761719 976.216491699219 972.780151367188 977.416564941406 969.698486328125 970.814208984375 966.091186523438 964.661071777344 971.276794433594 980.956604003906 994.311462402344 982.612365722656 976.620666503906 967.459045410156 962.395141601562 965.787353515625 971.263061523438 974.352905273438 973.95751953125 967.213684082031 972.235290527344 970.723693847656 964.249694824219 962.387084960938 963.818176269531 965.0673828125 971.229919433594 964.640625 970.376953125 979.069763183594 978.600402832031 966.548645019531 972.978881835938 970.166076660156 974.09228515625
965.700500488281 969.646911621094 970.206420898438 975.194946289062 974.057556152344 975.048034667969 975.152893066406 974.409301757812 976.949951171875 973.452087402344 976.03515625 977.285278320312 974.032287597656 969.533264160156 976.16943359375 977.452392578125 973.064331054688 970.184509277344 972.942810058594 971.671569824219 983.052795410156 984.036987304688 982.84716796875 975.979431152344 970.1611328125 965.368835449219 965.222839355469 963.615783691406 962.347961425781 969.634338378906 966.920837402344 966.597290039062 963.62109375 966.554809570312 968.370788574219 968.272888183594 973.022216796875 965.747375488281 965.956726074219 970.73193359375 967.368103027344 971.265930175781 966.060241699219 972.778381347656 965.986694335938 970.43212890625
967.485290527344 974.690063476562 977.466369628906 972.239501953125 975.084899902344 981.102600097656 978.841125488281 968.717590332031 966.312377929688 964.651428222656 967.122009277344 979.294006347656 974.674255371094 972.686340332031 973.712158203125 981.764892578125 975.381408691406 973.093627929688 967.216491699219 969.809692382812 976.474060058594 976.493896484375 982.99072265625 972.719116210938 968.902770996094 965.373168945312 959.418640136719 963.359680175781 961.942016601562 970.192138671875 968.502380371094 958.343017578125 969.537353515625 966.738586425781 968.933227539062 968.837890625 969.584655761719 966.906433105469 972.0888671875 971.948791503906 973.063171386719 965.766906738281 961.846801757812 973.223693847656 979.221008300781 979.334228515625
958.788330078125 963.77978515625 971.304138183594 982.542114257812 971.347778320312 971.554809570312 982.107421875 969.525268554688 965.56640625 963.257080078125 968.561157226562 975.441711425781 971.408142089844 977.611267089844 971.374938964844 971.812316894531 973.192199707031 971.230773925781 965.343872070312 963.764282226562 973.23779296875 975.408996582031 979.454040527344 978.071960449219 969.462829589844 963.428405761719 968.78857421875 972.915893554688 971.424560546875 967.609924316406 965.257263183594 964.155639648438 962.039672851562 966.527954101562 972.788391113281 985.330383300781 971.689697265625 971.125244140625 980.149108886719 976.1787109375 977.615234375 968.8984375 975.083862304688 978.970458984375 982.618591308594 977.953430175781
966.707763671875 969.128051757812 975.567504882812 969.48095703125 971.815551757812 974.897338867188 987.417602539062 974.208435058594 956.864013671875 957.2080078125 969.162048339844 966.412170410156 972.298828125 969.0693359375 968.677429199219 972.530700683594 976.637756347656 972.6103515625 977.80029296875 967.613098144531 972.512451171875 966.916687011719 970.028198242188 969.490234375 962.629272460938 964.162841796875 961.272521972656 970.903076171875 968.375915527344 963.657409667969 958.004638671875 964.072021484375 958.508911132812 964.128662109375 973.589660644531 968.873962402344 975.844177246094 974.391723632812 973.823974609375 973.614868164062 973.608764648438 967.709106445312 970.228576660156 975.581726074219 979.605224609375 979.382141113281
975.118530273438 972.145629882812 966.122314453125 966.405883789062 971.062438964844 979.534240722656 979.064758300781 970.4951171875 960.451477050781 965.154541015625 961.895324707031 960.160705566406 956.100158691406 962.031188964844 956.79443359375 966.439819335938 961.674926757812 963.088623046875 970.137512207031 968.575561523438 967.964538574219 968.964782714844 969.7578125 966.866271972656 971.822021484375 963.819641113281 973.695251464844 967.868286132812 964.062744140625 959.731567382812 953.912780761719 953.998840332031 958.014831542969 965.309509277344 954.336059570312 960.732421875 964.213500976562 965.487182617188 973.087097167969 969.114318847656 971.019775390625 969.350769042969 964.1650390625 964.751586914062 971.927917480469 976.276550292969
970.109069824219 965.663024902344 960.980407714844 966.657470703125 979.970703125 978.268615722656 971.480651855469 964.472717285156 956.41796875 955.991455078125 954.839721679688 956.867797851562 948.36669921875 958.09423828125 955.376831054688 956.235717773438 967.625244140625 964.741638183594 973.628234863281 961.707641601562 959.378051757812 959.157653808594 968.137512207031 969.536315917969 963.882446289062 960.808532714844 963.818542480469 964.504028320312 955.354187011719 966.699768066406 965.886413574219 965.653198242188 961.947814941406 959.456420898438 959.026550292969 954.38525390625 960.779479980469 957.39501953125 962.168701171875 971.557800292969 970.452392578125 967.563659667969 965.569946289062 970.382873535156 968.566528320312 975.209533691406
969.035461425781 969.258728027344 963.267333984375 975.929077148438 974.145935058594 974.61083984375 975.163208007812 957.352355957031 950.519714355469 953.915771484375 957.420043945312 959.263671875 954.504577636719 956.279174804688 957.073364257812 958.478210449219 964.002380371094 964.162292480469 961.381652832031 959.718322753906 952.409545898438 960.841613769531 962.921875 964.167785644531 964.58740234375 962.872497558594 960.422790527344 963.520935058594 960.052490234375 962.6865234375 966.032470703125 963.387634277344 959.701904296875 964.073913574219 960.643005371094 957.63916015625 952.460571289062 963.446899414062 958.580871582031 963.0986328125 952.412292480469 971.067626953125 971.031127929688 973.602661132812 973.399719238281 973.924987792969
971.256958007812 968.333068847656 963.244079589844 961.660949707031 966.815551757812 972.215270996094 965.483642578125 962.884887695312 951.815307617188 951.326232910156 959.831481933594 955.337463378906 953.3857421875 951.216674804688 966.818725585938 967.746276855469 971.877014160156 968.778503417969 959.793762207031 954.314575195312 947.790405273438 956.088134765625 953.741271972656 958.505981445312 965.143798828125 967.167419433594 967.920471191406 955.960205078125 963.496032714844 966.318786621094 960.415222167969 960.796691894531 956.30322265625 966.027465820312 971.339660644531 960.953918457031 954.10693359375 954.453063964844 959.4833984375 953.598266601562 966.133728027344 966.600952148438 962.767150878906 974.962646484375 979.550537109375 971.140258789062
964.2861328125 954.654724121094 962.97705078125 963.32958984375 968.092956542969 965.455810546875 966.749450683594 957.299499511719 953.890197753906 947.371887207031 949.799560546875 955.499450683594 952.781005859375 949.592956542969 957.004577636719 965.790466308594 971.219970703125 962.860473632812 957.091064453125 954.162109375 955.155395507812 958.954284667969 954.97802734375 948.39111328125 954.640625 953.185485839844 961.136413574219 962.045837402344 958.244323730469 960.843505859375 959.027282714844 957.618347167969 954.597900390625 959.804077148438 969.4697265625 961.677429199219 952.702758789062 947.572570800781 953.799621582031 954.835998535156 963.184997558594 971.377624511719 971.424194335938 974.485900878906 968.708801269531 971.116821289062
947.715087890625 954.0791015625 961.55419921875 961.268310546875 965.312744140625 962.598999023438 954.994689941406 952.155517578125 955.398986816406 956.299499511719 949.728271484375 956.995544433594 947.555236816406 951.841064453125 953.864929199219 963.970031738281 960.621826171875 958.975769042969 953.589660644531 960.340087890625 954.434509277344 951.6962890625 956.96435546875 962.921142578125 950.869689941406 947.340881347656 952.599182128906 957.364196777344 951.111877441406 955.774963378906 967.304260253906 958.123718261719 961.481689453125 956.4765625 959.720886230469 966.186828613281 957.229248046875 947.747985839844 949.595703125 956.005554199219 963.609008789062 965.94091796875 964.064697265625 968.826171875 973.773681640625 974.017028808594
948.8154296875 952.631652832031 959.656799316406 959.7861328125 949.5693359375 958.00146484375 959.2587890625 954.93701171875 954.630920410156 958.286376953125 953.483337402344 955.606384277344 957.391174316406 952.31005859375 958.2509765625 962.571838378906 964.946166992188 951.058166503906 953.627807617188 944.087463378906 951.024291992188 948.3916015625 956.776428222656 955.115905761719 961.821044921875 956.375061035156 956.139404296875 960.169738769531 955.5419921875 954.452392578125 962.936096191406 971.306457519531 969.737243652344 959.882873535156 966.988952636719 971.280517578125 959.685424804688 962.684631347656 955.852722167969 964.822021484375 964.554748535156 967.697692871094 965.920837402344 959.750610351562 977.6474609375 972.682983398438
946.082702636719 949.208923339844 955.027770996094 950.217346191406 959.071838378906 954.614440917969 952.293884277344 958.191772460938 957.96240234375 951.673583984375 955.613891601562 959.112609863281 958.610534667969 958.0009765625 960.385559082031 961.258483886719 956.867248535156 961.916320800781 955.292724609375 950.235168457031 943.824462890625 949.0595703125 956.259826660156 950.649353027344 961.4423828125 966.669616699219 969.505676269531 968.559814453125 949.655700683594 941.449401855469 966.01611328125 967.95849609375 970.388122558594 963.918395996094 971.514038085938 965.18798828125 961.551818847656 962.68505859375 970.414245605469 968.454711914062 971.083679199219 970.038208007812 966.318603515625 968.235778808594 974.090515136719 981.354614257812
949.320495605469 955.775695800781 963.219970703125 959.505737304688 963.991882324219 959.221618652344 956.929443359375 954.784057617188 966.951110839844 962.806274414062 964.598510742188 955.177978515625 958.857055664062 964.071838378906 956.418884277344 957.38720703125 961.592224121094 960.479064941406 965.34912109375 959.238342285156 953.595886230469 957.832153320312 958.923217773438 954.002075195312 959.0263671875 968.020141601562 961.233276367188 963.778747558594 957.42626953125 956.420715332031 963.932800292969 962.893981933594 966.409912109375 962.466064453125 966.421264648438 965.28369140625 968.852478027344 968.940246582031 971.166015625 965.813415527344 967.791381835938 961.484802246094 957.372924804688 967.82275390625 968.6787109375 976.105712890625
