data/zlatibor_dem_simulations/DEMsim16.asc
NCOLS 150
NROWS 100
XLLCORNER 7394249
YLLCORNER 4841999
CELLSIZE 30
NODATA_VALUE -9999
[rows 80 to 99 of 100, columns 46 to 91 of 150]
994.196716308594 987.348449707031 988.796020507812 993.612182617188 999.721130371094 986.349182128906 987.549865722656 980.808532714844 987.4365234375 988.430725097656 980.553100585938 978.252990722656 975.966369628906 982.413208007812 975.099853515625 973.699035644531 979.116271972656 977.91015625 975.330810546875 985.503662109375 982.137512207031 982.560302734375 983.314880371094 983.209228515625 983.577087402344 991.88330078125 992.785095214844 995.536804199219 993.906494140625 997.473510742188 1002.95635986328 1008.52337646484 1003.1904296875 1011.01824951172 1010.94567871094 1013.64514160156 1005.46612548828 1010.89880371094 1009.06652832031 1010.64294433594 1004.35089111328 993.305358886719 991.224670410156 992.718078613281 994.536682128906 1001.15667724609
995.644775390625 990.909484863281 988.10693359375 994.441772460938 998.492431640625 992.861633300781 986.491271972656 989.750122070312 989.5771484375 995.254272460938 988.119873046875 981.569274902344 983.345520019531 981.792785644531 981.059265136719 973.853454589844 978.374633789062 979.405395507812 979.987243652344 978.37890625 979.609130859375 983.85595703125 976.545776367188 989.319458007812 980.904663085938 990.670166015625 992.58349609375 986.929504394531 988.817565917969 995.47900390625 1000.18811035156 1004.82189941406 1001.42987060547 1007.15673828125 1011.81842041016 1016.62683105469 1007.47100830078 1009.39306640625 1003.77746582031 1004.45910644531 1003.98425292969 993.5908203125 994.06494140625 1000.39697265625 996.675170898438 994.785705566406
1002.47265625 988.557434082031 994.682800292969 994.832946777344 996.966247558594 988.59033203125 986.11865234375 994.640380859375 986.656860351562 989.972229003906 992.28955078125 995.693542480469 987.664001464844 984.529174804688 978.802673339844 976.221130371094 973.546264648438 977.87158203125 976.669799804688 984.431274414062 972.776672363281 976.474853515625 981.476318359375 990.242248535156 989.872497558594 994.7421875 979.283203125 985.22265625 982.891418457031 993.187377929688 997.387023925781 1000.81890869141 1001.51000976562 1000.80426025391 1016.42590332031 1005.68402099609 1006.56451416016 1014.02099609375 1009.49774169922 1007.61999511719 999.844055175781 994.700378417969 995.50927734375 1001.80291748047 998.202087402344 1007.12182617188
997.492980957031 1001.29736328125 1000.36529541016 997.9169921875 994.770446777344 994.59912109375 998.562561035156 996.445251464844 986.909118652344 987.371398925781 995.408996582031 988.209289550781 992.9296875 991.224426269531 982.355285644531 980.422790527344 985.949096679688 986.091796875 980.283081054688 984.509399414062 971.943664550781 975.36083984375 982.607971191406 985.627685546875 987.745178222656 987.542907714844 988.614807128906 983.165222167969 983.701049804688 987.233703613281 998.277526855469 1000.31134033203 1002.09112548828 1003.66009521484 1011.32037353516 1010.48046875 1010.59161376953 1011.03350830078 1009.51391601562 1006.8857421875 1003.45892333984 1008.22717285156 1003.95849609375 999.482116699219 1002.79315185547 1000.94720458984
993.312561035156 1000.29797363281 997.465209960938 994.5859375 996.3623046875 1000.33508300781 994.228515625 982.9365234375 990.326477050781 985.031677246094 988.588439941406 986.430053710938 1000.20812988281 991.471069335938 992.070373535156 989.598937988281 987.864562988281 986.561706542969 980.908264160156 982.32177734375 974.933715820312 981.324523925781 981.401611328125 981.797912597656 984.414978027344 991.473754882812 991.199340820312 976.742614746094 977.075561523438 981.641235351562 988.005249023438 993.054077148438 995.415771484375 1002.0126953125 1007.29827880859 1009.47631835938 1017.23303222656 1011.37945556641 1007.93328857422 1005.67730712891 1013.10217285156 1004.74310302734 1008.31335449219 1006.34796142578 1001.63098144531 1003.09313964844
995.017395019531 995.986877441406 993.376220703125 992.523803710938 995.637390136719 999.8876953125 984.330139160156 984.815490722656 987.304260253906 984.355224609375 991.734680175781 993.317565917969 1000.08941650391 993.181396484375 984.476318359375 988.949584960938 984.501953125 982.710388183594 977.346557617188 975.648071289062 973.474426269531 977.321594238281 980.779846191406 990.429382324219 989.554565429688 993.271911621094 989.673461914062 981.924926757812 980.786010742188 990.795104980469 991.756042480469 985.507690429688 985.988464355469 986.849365234375 1007.50836181641 1001.40270996094 1008.27490234375 1004.66680908203 994.183654785156 1002.94586181641 1008.10321044922 1011.08819580078 1006.64184570312 995.537719726562 994.92822265625 994.282165527344
990.728698730469 989.849731445312 989.147277832031 990.163696289062 997.0869140625 997.344482421875 992.562622070312 992.588012695312 995.80615234375 995.866516113281 996.254272460938 998.894897460938 990.111999511719 995.349853515625 985.223754882812 985.773620605469 989.117248535156 986.3955078125 983.831298828125 985.818054199219 979.984436035156 978.664306640625 979.724853515625 993.466857910156 992.653259277344 989.687255859375 988.548278808594 990.838623046875 989.521118164062 990.580810546875 995.1240234375 989.721130371094 989.588317871094 995.381896972656 999.724365234375 1004.53704833984 1000.22210693359 996.589111328125 997.894653320312 1004.99560546875 1007.54071044922 1011.08636474609 1008.35412597656 999.602966308594 994.573852539062 990.828125
988.734375 986.392761230469 992.772827148438 997.672668457031 1003.07342529297 1005.97766113281 1008.81164550781 999.132934570312 1005.92059326172 997.698181152344 995.086853027344 1001.689453125 992.887939453125 992.523010253906 987.593139648438 988.032592773438 988.947082519531 993.727600097656 994.749450683594 997.284118652344 986.939880371094 991.664367675781 987.2978515625 988.790588378906 991.512878417969 981.873291015625 991.26171875 988.272399902344 997.287475585938 997.486694335938 991.757019042969 991.796020507812 989.044677734375 990.662292480469 998.806274414062 1006.65063476562 1006.00238037109 1004.44879150391 997.398071289062 1008.56903076172 1007.58898925781 1016.47930908203 1006.66259765625 1002.77478027344 1002.49340820312 998.125610351562
986.438171386719 991.607055664062 1004.07202148438 1000.69329833984 999.739685058594 1000.66143798828 999.17431640625 996.668762207031 1002.65362548828 995.365478515625 998.168029785156 995.590759277344 992.016235351562 993.726684570312 993.356201171875 994.0478515625 989.453063964844 997.806091308594 994.298889160156 996.943481445312 996.418273925781 992.060668945312 991.563354492188 999.641845703125 989.394409179688 988.332153320312 987.349792480469 997.715881347656 999.495239257812 990.764526367188 992.501403808594 986.065979003906 990.171875 1002.35516357422 1005.16619873047 1012.50524902344 1011.52844238281 1001.96954345703 1007.68243408203 1009.77569580078 1008.67297363281 1014.68536376953 1007.96740722656 1011.27496337891 1010.66864013672 1000.21624755859
985.64794921875 984.619812011719 996.814208984375 1000.04541015625 992.645202636719 992.615844726562 993.982849121094 988.192443847656 997.425964355469 1000.63000488281 1007.09674072266 1003.83831787109 996.088195800781 1001.91662597656 997.745239257812 1002.67327880859 998.896179199219 997.6552734375 995.95068359375 1001.64288330078 994.2255859375 998.24658203125 993.53857421875 1002.72253417969 997.365051269531 990.7421875 994.786071777344 999.716125488281 1001.61083984375 994.763732910156 996.914611816406 999.006774902344 994.60888671875 995.868469238281 1000.37640380859 1000.51892089844 998.514587402344 1004.94934082031 1002.72094726562 1004.35388183594 1001.31634521484 1008.32269287109 1009.11401367188 1018.04925537109 1015.64233398438 1000.23864746094
982.390197753906 984.34814453125 995.650817871094 992.705261230469 988.691467285156 987.469787597656 991.159973144531 992.982055664062 997.081298828125 997.037841796875 1008.30487060547 1005.98785400391 1006.30767822266 1004.52172851562 1001.38238525391 1001.7265625 999.372436523438 988.717590332031 998.535278320312 1001.20867919922 1000.12365722656 1001.81811523438 1000.40966796875 995.540100097656 996.200622558594 997.662963867188 992.945190429688 994.749633789062 997.330322265625 994.908813476562 998.638671875 993.884155273438 1001.36767578125 992.381469726562 989.276611328125 990.394958496094 1002.10778808594 1007.28509521484 1011.29058837891 1014.0556640625 1017.02893066406 1015.74334716797 1008.81945800781 1007.76281738281 1011.697265625 1004.54791259766
986.490844726562 982.008178710938 978.9248046875 983.172302246094 983.041931152344 980.388977050781 987.967590332031 989.456298828125 991.841796875 1010.52429199219 1008.80444335938 1009.83776855469 1007.64282226562 1003.28076171875 1008.28442382812 999.050170898438 1002.16430664062 995.632080078125 998.626525878906 994.524353027344 1000.84558105469 995.90576171875 998.479614257812 997.438232421875 993.033203125 988.063903808594 990.021057128906 991.191345214844 1002.24078369141 1000.34344482422 990.17626953125 984.667419433594 993.422973632812 988.88916015625 1000.01110839844 993.593322753906 996.700256347656 1008.92254638672 1010.14343261719 1014.73699951172 1011.10626220703 1015.36340332031 1014.759765625 1007.82495117188 1008.27172851562 1012.02062988281
972.650634765625 977.906372070312 980.53466796875 984.868469238281 985.465576171875 977.976989746094 984.149291992188 992.307739257812 992.547973632812 1000.89996337891 1000.57873535156 1013.41595458984 1015.90350341797 1013.84490966797 1013.01623535156 1001.16760253906 1008.11755371094 1005.41015625 1008.56085205078 1005.81811523438 1007.26519775391 996.212951660156 996.045043945312 997.007019042969 1004.79187011719 997.498107910156 998.341613769531 997.791076660156 1004.81439208984 999.261047363281 995.057983398438 991.132995605469 997.566040039062 993.167907714844 996.567138671875 996.363098144531 995.934265136719 1005.45538330078 1012.13140869141 1011.56262207031 1006.80090332031 1010.01220703125 1001.28656005859 1004.04663085938 1012.22131347656 1015.78204345703
978.475341796875 973.692016601562 986.551391601562 982.146484375 979.1689453125 983.017211914062 995.383544921875 984.980102539062 996.908874511719 992.568481445312 1003.55572509766 1015.84222412109 1011.99365234375 1021.73791503906 1018.68872070312 1016.06262207031 1015.49261474609 1012.88146972656 1016.71356201172 1016.22698974609 1010.47369384766 1008.10552978516 1002.25933837891 1003.93402099609 1002.07409667969 996.690246582031 997.608764648438 1001.44232177734 996.020080566406 996.171691894531 998.26318359375 1000.82189941406 1001.42156982422 1002.59381103516 996.270141601562 1000.27709960938 996.980895996094 997.940002441406 1007.5126953125 1002.33050537109 1002.74017333984 1000.71826171875 996.047973632812 1006.16949462891 1010.63714599609 1008.82220458984
974.897338867188 969.409606933594 980.608032226562 990.739990234375 985.176086425781 982.763916015625 993.264221191406 1000.12579345703 999.565307617188 999.39453125 1010.41662597656 1006.88372802734 1007.02514648438 1018.72302246094 1021.05712890625 1015.60699462891 1020.09210205078 1015.54656982422 1014.05255126953 1017.07220458984 1018.50238037109 1019.8876953125 1008.92352294922 1011.78289794922 997.940246582031 1001.79699707031 997.038696289062 1003.37536621094 1000.92529296875 993.942504882812 997.088317871094 998.099243164062 997.997680664062 999.668273925781 1002.57470703125 997.931457519531 999.299621582031 1002.75189208984 1004.63201904297 1002.52563476562 1002.10626220703 1002.70935058594 996.528625488281 1010.24145507812 1003.05590820312 1014.76977539062
972.384216308594 971.762145996094 980.320983886719 985.580322265625 987.259399414062 980.73291015625 989.223388671875 994.748840332031 990.627014160156 1003.01574707031 1002.42706298828 997.920471191406 1003.63983154297 1016.35852050781 1017.18414306641 1016.88287353516 1011.77429199219 1019.13293457031 1017.181640625 1021.91925048828 1022.96166992188 1026.78979492188 1020.23126220703 1012.62347412109 1012.22448730469 1010.58636474609 1000.16107177734 1000.89562988281 1012.98040771484 1007.33874511719 1004.51702880859 1007.16192626953 1006.94213867188 997.493896484375 996.903991699219 991.66748046875 994.27880859375 1003.38323974609 996.492553710938 994.838012695312 999.478637695312 1002.09509277344 1004.51324462891 1006.67474365234 1008.16687011719 1002.57678222656
970.601684570312 976.131896972656 973.597595214844 975.721740722656 979.607482910156 980.994018554688 992.161499023438 994.458557128906 994.754333496094 992.574401855469 991.050964355469 999.60693359375 999.946228027344 1004.76141357422 1009.82592773438 1013.71112060547 1009.66265869141 1005.85131835938 1022.56750488281 1022.94610595703 1024.81030273438 1025.54272460938 1024.21276855469 1020.81286621094 1017.56762695312 1012.28973388672 1010.0126953125 1009.72357177734 1012.07366943359 1009.84405517578 1008.44134521484 995.964904785156 996.673645019531 995.994140625 1000.57342529297 999.750122070312 998.737487792969 1003.18707275391 1000.52923583984 1006.4970703125 1004.42016601562 1002.10845947266 1007.107421875 1006.16467285156 1008.77575683594 1009.76818847656
978.476257324219 977.861694335938 979.197570800781 981.6884765625 981.713317871094 976.863098144531 987.172302246094 995.851257324219 994.503784179688 988.110717773438 995.256896972656 1001.61889648438 999.534851074219 989.802673339844 1000.22528076172 998.511169433594 1003.44616699219 1006.30731201172 1016.2861328125 1025.89819335938 1017.73046875 1028.408203125 1025.65942382812 1023.39703369141 1023.77075195312 1011.14440917969 1013.73950195312 1007.47985839844 1011.05291748047 1013.03381347656 1003.13671875 996.978271484375 990.192260742188 997.312377929688 1005.65032958984 999.454162597656 1005.66131591797 1003.26348876953 999.845825195312 1000.97796630859 997.526977539062 1006.62365722656 997.054321289062 997.026489257812 1008.40478515625 1016.91705322266
986.236755371094 980.27490234375 975.848510742188 975.7421875 987.313781738281 980.3623046875 992.271545410156 991.247192382812 992.498291015625 997.129333496094 1000.89074707031 998.524536132812 992.229614257812 1002.4208984375 1003.66772460938 1001.85241699219 1001.82318115234 1005.51776123047 1014.59448242188 1022.23101806641 1019.27484130859 1021.28283691406 1016.97534179688 1020.85003662109 1019.13848876953 1020.85699462891 1014.16497802734 1009.88598632812 1021.48358154297 1023.70751953125 1008.89184570312 992.892272949219 989.190734863281 994.347778320312 999.098266601562 1004.35162353516 1002.92980957031 1007.16772460938 1000.63659667969 998.704833984375 1001.35083007812 1001.62615966797 1005.01873779297 996.1875 1010.63623046875 1021.34893798828
986.868286132812 973.668579101562 977.940002441406 980.267578125 982.720703125 983.729370117188 992.523010253906 1000.20489501953 998.805358886719 1011.62481689453 1008.85516357422 1003.78131103516 1001.25640869141 1011.89813232422 1011.20819091797 1005.0224609375 1012.80426025391 1014.87963867188 1022.16241455078 1021.61639404297 1015.81024169922 1012.34057617188 1024.560546875 1026.85131835938 1016.95654296875 1017.42150878906 1018.537109375 1015.5 1023.11614990234 1021.32537841797 1019.36212158203 1009.80804443359 1010.63586425781 1001.15661621094 998.82763671875 999.714965820312 1006.43518066406 1005.86560058594 1005.68090820312 1009.94091796875 996.535339355469 1008.37585449219 1005.37933349609 1006.11877441406 1007.69604492188 1015.17144775391
