data/zlatibor_dem_simulations/DEMsim51.asc
NCOLS 150
NROWS 100
XLLCORNER 7394249
YLLCORNER 4841999
CELLSIZE 30
NODATA_VALUE -9999
[rows 20 to 39 of 100, columns 0 to 45 of 150]
969.947631835938 965.605407714844 951.200744628906 952.394714355469 949.882507324219 960.304565429688 957.593017578125 961.001892089844 957.380676269531 961.488098144531 961.196350097656 956.832702636719 964.377563476562 966.052734375 965.9091796875 971.643127441406 973.313781738281 968.686157226562 973.215209960938 972.927856445312 973.159301757812 975.730773925781 977.112243652344 978.171997070312 991.500549316406 989.210205078125 992.675659179688 994.344116210938 1004.79455566406 1001.13165283203 1016.31842041016 1019.57940673828 1034.87097167969 1021.70318603516 1028.87829589844 1023.80926513672 1028.27465820312 1034.30517578125 1039.28527832031 1035.49926757812 1028.9609375 1022.90991210938 1033.47424316406 1028.14709472656 1019.65447998047 1018.498046875
957.724548339844 954.599182128906 945.362426757812 949.650024414062 946.229370117188 948.295227050781 949.660766601562 949.464965820312 947.348754882812 954.687805175781 961.034484863281 960.212463378906 955.623291015625 962.925109863281 962.912780761719 961.777465820312 976.123168945312 972.110717773438 971.745666503906 972.269104003906 974.385437011719 976.771301269531 969.436279296875 973.205871582031 975.795104980469 981.166137695312 987.666442871094 993.04833984375 998.211242675781 1009.49829101562 1009.58837890625 1016.08679199219 1023.462890625 1021.59106445312 1025.46789550781 1023.65081787109 1025.33044433594 1025.00280761719 1024.85925292969 1039.92102050781 1026.74230957031 1020.31091308594 1016.33203125 1026.28540039062 1025.37463378906 1019.17120361328
957.002380371094 962.071533203125 944.707336425781 943.335754394531 945.776428222656 946.438659667969 947.692443847656 943.4140625 954.360412597656 959.655700683594 957.825561523438 955.575073242188 949.829467773438 954.473388671875 959.41943359375 961.005004882812 959.974731445312 969.480346679688 976.169921875 971.610107421875 979.021301269531 975.416076660156 972.728271484375 974.282043457031 976.258605957031 979.178405761719 993.786682128906 1001.42669677734 1003.45233154297 1002.66851806641 1005.59197998047 1006.61334228516 1012.26208496094 1010.11633300781 1010.85290527344 1016.86694335938 1019.51751708984 1026.92614746094 1021.14819335938 1026.9638671875 1019.5458984375 1019.39959716797 1022.06945800781 1020.79711914062 1020.78393554688 1018.15380859375
951.438598632812 953.931945800781 945.995483398438 946.973205566406 950.116943359375 953.88720703125 953.185302734375 949.508361816406 955.24951171875 952.227111816406 953.98681640625 959.03662109375 948.9169921875 952.146728515625 956.784851074219 955.124084472656 958.626831054688 971.516540527344 970.634094238281 977.031066894531 974.869384765625 972.703430175781 962.31396484375 966.920959472656 974.681213378906 984.026489257812 985.780883789062 997.206604003906 997.450317382812 1003.06311035156 1000.07775878906 1000.08117675781 1003.70855712891 1008.10327148438 1011.12127685547 1013.69006347656 1014.04638671875 1025.34997558594 1021.75646972656 1019.57836914062 1025.67443847656 1017.68872070312 1017.84454345703 1018.47106933594 1015.17590332031 1012.94995117188
945.130859375 949.995422363281 943.533264160156 941.978271484375 951.775146484375 953.786499023438 966.338623046875 958.9140625 961.788757324219 961.843566894531 959.005554199219 961.786071777344 959.637573242188 948.612670898438 951.41015625 952.762268066406 963.959289550781 962.447937011719 963.189880371094 982.688659667969 981.239807128906 978.809143066406 975.831787109375 966.257934570312 970.738037109375 978.981689453125 989.741638183594 997.618469238281 997.560668945312 998.21435546875 1004.703125 1006.06121826172 1007.24481201172 1005.46228027344 1009.74548339844 1014.5810546875 1019.05017089844 1015.20690917969 1019.205078125 1021.67150878906 1019.41931152344 1015.68389892578 1013.05841064453 1020.85614013672 1020.53570556641 1001.06396484375
960.70556640625 953.593200683594 937.841979980469 938.351928710938 945.520812988281 961.482482910156 970.411865234375 971.998718261719 962.837219238281 966.243774414062 965.452453613281 964.681884765625 955.492736816406 954.447082519531 962.278381347656 957.80224609375 952.043518066406 960.249267578125 974.815246582031 988.378051757812 991.609252929688 982.682067871094 980.059020996094 977.639343261719 974.598510742188 980.167236328125 988.545166015625 1001.69409179688 994.297973632812 992.615905761719 1000.73547363281 1004.32556152344 1002.65545654297 1006.28955078125 1008.01318359375 1002.26135253906 1010.75384521484 1020.17163085938 1020.19677734375 1012.60705566406 999.909118652344 1010.85620117188 1013.04089355469 1016.86975097656 1011.58685302734 1001.41473388672
951.689636230469 944.596862792969 939.040649414062 943.559326171875 949.052062988281 963.500122070312 967.651428222656 963.943481445312 972.457763671875 975.54931640625 975.436218261719 967.215576171875 960.555053710938 968.734069824219 958.619506835938 960.604187011719 957.948303222656 971.830627441406 976.582153320312 989.4775390625 990.791015625 986.343688964844 985.31982421875 974.197082519531 976.968688964844 974.773071289062 985.416076660156 991.283325195312 993.272827148438 995.212097167969 995.681640625 996.340393066406 1006.08911132812 1004.43548583984 1001.77673339844 998.013366699219 1007.62756347656 1009.77990722656 1021.44488525391 1010.24163818359 1011.94274902344 1013.4013671875 1007.66369628906 1011.06683349609 1007.41778564453 999.932312011719
950.092956542969 946.664123535156 948.442626953125 947.224304199219 946.812316894531 955.81396484375 958.96533203125 965.209045410156 974.6318359375 974.473999023438 974.093383789062 972.676025390625 969.509765625 972.4658203125 974.936340332031 976.551086425781 968.269897460938 982.8935546875 983.68798828125 986.127990722656 989.399536132812 984.9111328125 989.104309082031 983.59228515625 986.173278808594 981.211791992188 985.623107910156 997.141418457031 987.75 993.625854492188 995.549072265625 998.370178222656 997.9873046875 991.2998046875 999.528747558594 1003.13732910156 1003.71545410156 1011.1357421875 1010.25036621094 1002.00885009766 997.970153808594 1003.26300048828 998.508239746094 999.82861328125 1003.0302734375 1005.34320068359
949.02587890625 955.059265136719 953.909606933594 953.086669921875 948.366882324219 953.276611328125 960.0166015625 961.923889160156 964.34912109375 969.484069824219 966.635314941406 967.3623046875 970.905395507812 976.921997070312 974.342163085938 981.257202148438 988.627746582031 979.387634277344 981.288024902344 985.203186035156 986.835021972656 986.416015625 994.370056152344 991.618225097656 987.938049316406 983.968933105469 991.751831054688 992.310791015625 993.002197265625 991.215270996094 989.531127929688 997.509338378906 994.35400390625 990.449829101562 998.510559082031 998.460754394531 999.945861816406 1000.65112304688 1009.29846191406 994.916137695312 996.255004882812 989.394470214844 983.8671875 985.073913574219 992.661926269531 992.202209472656
950.150146484375 961.005432128906 952.768310546875 960.999145507812 955.315612792969 958.558044433594 958.884155273438 965.923889160156 966.57373046875 957.867370605469 961.921875 965.241394042969 973.452575683594 973.038391113281 976.082946777344 980.135437011719 983.194396972656 985.897277832031 981.041137695312 986.376525878906 992.447509765625 997.320434570312 991.420776367188 994.252868652344 986.954711914062 981.370300292969 993.92919921875 987.720031738281 984.508605957031 992.055969238281 984.280944824219 991.088500976562 985.565002441406 989.697021484375 992.525634765625 993.738159179688 990.486694335938 992.7275390625 999.707763671875 995.752014160156 990.1826171875 989.021118164062 989.330932617188 989.601989746094 992.9794921875 987.740661621094
950.57958984375 954.183227539062 951.168395996094 962.84765625 968.911865234375 963.821594238281 960.462768554688 962.089172363281 975.460266113281 966.908630371094 961.010559082031 958.909240722656 965.347045898438 965.002990722656 968.721130371094 977.067932128906 976.201049804688 984.300537109375 985.027465820312 983.686157226562 991.501892089844 991.53564453125 990.314331054688 981.605102539062 979.972839355469 974.382873535156 991.185729980469 981.256774902344 986.654724121094 984.158325195312 982.09375 986.61181640625 995.848205566406 995.380615234375 987.399353027344 991.886657714844 994.722106933594 996.846740722656 1004.67651367188 994.668518066406 991.726745605469 983.087158203125 989.831176757812 990.682739257812 996.569763183594 988.070434570312
949.737182617188 950.503234863281 956.174011230469 962.530822753906 968.350891113281 974.041625976562 974.645385742188 978.526672363281 970.017639160156 966.684020996094 970.166442871094 968.0810546875 967.815307617188 963.784912109375 970.169982910156 971.976196289062 974.95947265625 977.659423828125 982.947998046875 986.082458496094 993.198425292969 983.337768554688 982.878112792969 986.1259765625 980.023254394531 980.739685058594 985.971740722656 980.388305664062 990.3837890625 973.632263183594 977.169860839844 984.59375 986.449340820312 982.007507324219 986.935363769531 995.85498046875 998.910400390625 995.508911132812 989.667663574219 980.280944824219 985.19580078125 984.910705566406 983.6328125 982.910522460938 991.591064453125 989.540405273438
942.768371582031 946.500122070312 958.060668945312 963.096130371094 966.209411621094 972.984252929688 981.934936523438 974.822692871094 971.010192871094 972.8818359375 966.618225097656 981.655639648438 978.119201660156 970.053833007812 974.513854980469 970.933715820312 975.737060546875 970.524169921875 980.9306640625 978.725402832031 993.888671875 990.647705078125 986.365905761719 980.500427246094 981.819396972656 979.286682128906 972.860900878906 981.879272460938 982.59423828125 976.108032226562 972.670104980469 976.621032714844 976.455322265625 976.343688964844 975.193725585938 989.102905273438 991.027587890625 981.752746582031 979.244079589844 984.846313476562 986.207885742188 982.577758789062 983.57470703125 987.718322753906 988.174682617188 974.999145507812
950.430236816406 953.075256347656 965.061767578125 963.660400390625 967.911437988281 979.061096191406 974.361572265625 976.151550292969 966.907470703125 964.401489257812 968.610107421875 967.682189941406 966.807250976562 964.971557617188 981.5595703125 970.231567382812 980.064392089844 982.498229980469 979.888427734375 984.153381347656 988.278991699219 988.383728027344 995.615417480469 985.644104003906 984.7958984375 985.994079589844 985.173217773438 982.880920410156 979.365051269531 979.066223144531 976.4345703125 976.683288574219 977.824279785156 978.431091308594 972.325378417969 978.209350585938 974.888977050781 976.066101074219 984.505493164062 990.538635253906 984.76025390625 982.813903808594 986.419250488281 994.283264160156 991.927612304688 993.227600097656
966.720886230469 963.836059570312 969.696472167969 965.570922851562 963.676391601562 975.854309082031 982.035339355469 976.811767578125 972.880310058594 973.981262207031 972.898315429688 971.502990722656 977.054321289062 970.701354980469 976.44873046875 977.429931640625 982.113342285156 980.40771484375 981.32666015625 983.717041015625 988.08544921875 992.0322265625 990.998657226562 989.946411132812 982.456237792969 980.170288085938 986.23974609375 978.385681152344 977.332092285156 976.123962402344 979.193115234375 985.546325683594 983.656860351562 981.441284179688 983.502990722656 989.116394042969 974.420654296875 980.937438964844 970.44775390625 979.846984863281 974.573303222656 975.681518554688 983.912353515625 991.773193359375 991.415771484375 989.680847167969
951.972961425781 955.592895507812 952.888671875 959.740234375 967.461975097656 964.2265625 974.105224609375 975.595886230469 972.929016113281 972.993591308594 977.677062988281 970.999084472656 968.351501464844 964.735107421875 974.258117675781 972.411315917969 975.101989746094 971.723510742188 981.478698730469 984.176940917969 986.067565917969 986.451782226562 985.96875 984.191833496094 978.953002929688 980.308532714844 978.843688964844 982.706970214844 984.838500976562 978.638671875 985.744018554688 985.605407714844 984.450622558594 982.465881347656 987.227416992188 989.575134277344 975.484191894531 973.542785644531 976.898559570312 977.144592285156 974.224243164062 982.936279296875 985.485412597656 988.258850097656 987.713012695312 988.989990234375
948.363464355469 954.557250976562 957.152160644531 954.015808105469 961.32470703125 962.244812011719 966.6181640625 970.341613769531 970.914916992188 968.24169921875 967.564575195312 971.472900390625 962.362365722656 960.449523925781 968.196166992188 975.234008789062 975.253356933594 983.638610839844 988.053649902344 984.694519042969 988.416931152344 985.501953125 978.880004882812 969.383850097656 971.735290527344 982.286560058594 978.118591308594 981.706298828125 993.594482421875 985.856140136719 990.697448730469 991.691772460938 981.730895996094 982.471252441406 983.495971679688 981.246398925781 987.198608398438 974.56884765625 971.416748046875 970.286743164062 982.139892578125 984.383728027344 979.093505859375 977.641662597656 990.180603027344 985.1708984375
947.429260253906 949.934020996094 958.962341308594 956.622802734375 961.47314453125 965.945007324219 963.389221191406 964.228271484375 964.905822753906 977.612182617188 974.138244628906 971.519470214844 966.807312011719 963.269470214844 968.162048339844 971.272399902344 970.481262207031 980.648254394531 988.283874511719 986.469604492188 980.657165527344 977.413269042969 971.837646484375 972.153991699219 966.954772949219 968.332885742188 978.405517578125 984.538330078125 984.497619628906 984.079162597656 992.777160644531 990.640686035156 994.02880859375 993.004516601562 988.011901855469 976.069213867188 982.62890625 979.226867675781 975.314331054688 974.529663085938 976.955932617188 970.453063964844 972.6982421875 977.699768066406 979.412475585938 976.118530273438
946.204345703125 946.358215332031 963.588195800781 965.12548828125 967.036315917969 973.93017578125 968.010925292969 959.710876464844 959.530578613281 968.92626953125 971.928466796875 968.034851074219 964.809020996094 971.496826171875 969.094970703125 977.159973144531 982.352416992188 982.048461914062 989.679382324219 984.025817871094 982.983459472656 979.271484375 973.546447753906 968.226745605469 968.692687988281 972.345764160156 976.133178710938 970.869689941406 981.143920898438 975.123291015625 979.19384765625 988.013732910156 989.26953125 989.583801269531 988.634826660156 980.717895507812 975.893493652344 974.893737792969 984.735229492188 974.274475097656 965.070190429688 961.093627929688 970.643676757812 968.906860351562 968.478210449219 967.098754882812
944.514221191406 961.945617675781 959.881774902344 968.841186523438 968.910705566406 969.719055175781 974.379760742188 966.081970214844 962.926940917969 966.111206054688 965.705627441406 966.338134765625 969.061462402344 975.275695800781 975.579895019531 973.573608398438 978.801574707031 973.667846679688 972.301208496094 979.072631835938 975.758605957031 970.984741210938 972.163940429688 969.45703125 967.236206054688 971.61669921875 972.96533203125 977.961059570312 977.079040527344 972.458557128906 976.8916015625 974.691467285156 979.795104980469 982.492065429688 986.225219726562 982.722290039062 966.054260253906 977.590393066406 970.577270507812 973.412658691406 968.361572265625 962.783630371094 962.571411132812 971.724975585938 977.258056640625 967.572509765625
