data/zlatibor_dem_simulations/DEMsim33.asc
NCOLS 150
NROWS 100
XLLCORNER 7394249
YLLCORNER 4841999
CELLSIZE 30
NODATA_VALUE -9999
[rows 40 to 59 of 100, columns 92 to 137 of 150]
984.051696777344 992.850280761719 992.264709472656 986.3701171875 989.782104492188 1000.13745117188 999.07470703125 985.195251464844 987.086059570312 991.034545898438 988.183288574219 985.625854492188 973.405151367188 976.79541015625 979.7646484375 990.421264648438 992.947631835938 988.545837402344 992.663208007812 996.736328125 994.681884765625 1001.19403076172 1006.09680175781 995.798217773438 995.709411621094 996.874389648438 1002.8427734375 997.642944335938 994.134643554688 988.167541503906 997.918334960938 999.536010742188 995.917114257812 1006.60754394531 1004.7294921875 1007.67413330078 1016.76251220703 1010.77349853516 1015.28656005859 1013.62884521484 1020.20477294922 1031.28979492188 1032.74694824219 1043.96337890625 1049.1376953125 1047.54162597656
984.434265136719 985.31982421875 980.908752441406 989.833984375 990.890930175781 1000.97723388672 998.984802246094 986.61962890625 979.233154296875 981.6630859375 982.795166015625 981.490905761719 986.031433105469 984.221435546875 985.317321777344 984.953369140625 977.367065429688 991.865783691406 991.770751953125 988.175537109375 993.000915527344 996.314575195312 1002.79522705078 1004.32116699219 991.865173339844 994.525573730469 993.589904785156 996.633850097656 988.110900878906 995.420043945312 994.881103515625 997.670776367188 1000.95867919922 1008.51495361328 1014.09063720703 1013.06817626953 1023.12884521484 1021.52563476562 1015.03692626953 1025.57885742188 1024.11511230469 1035.65161132812 1032.83459472656 1053.08154296875 1056.74584960938 1059.46252441406
983.554870605469 985.554138183594 989.970520019531 995.696899414062 1002.19372558594 990.068481445312 985.333679199219 980.816284179688 981.519226074219 986.1953125 976.04296875 984.732604980469 982.958312988281 990.219665527344 991.103698730469 990.504943847656 985.900939941406 994.085815429688 989.21728515625 996.598999023438 1000.32092285156 990.866149902344 1002.33477783203 1007.59710693359 993.936950683594 994.659301757812 989.347473144531 994.138427734375 992.121276855469 990.805847167969 997.925231933594 1000.91241455078 1005.47973632812 1006.81134033203 1017.25756835938 1020.40167236328 1029.04724121094 1033.09777832031 1030.85705566406 1026.53356933594 1028.85180664062 1035.68872070312 1042.01098632812 1045.826171875 1056.66796875 1072.64770507812
988.414428710938 986.803161621094 986.231750488281 988.747863769531 989.55078125 990.199462890625 988.927429199219 983.483581542969 986.719970703125 979.558227539062 968.676879882812 978.697082519531 988.114318847656 992.018920898438 988.635192871094 978.819519042969 978.841430664062 979.852722167969 990.142333984375 995.919921875 994.181884765625 987.867919921875 1005.48876953125 995.350219726562 991.404174804688 997.143981933594 999.160522460938 997.641296386719 999.341003417969 999.996215820312 1007.71545410156 1007.62268066406 1008.44311523438 1016.39971923828 1025.80603027344 1031.25305175781 1030.89904785156 1030.46142578125 1043.03564453125 1033.24060058594 1038.09521484375 1051.90283203125 1045.95495605469 1051.75537109375 1057.96496582031 1072.2021484375
988.694091796875 985.218627929688 988.872009277344 984.781860351562 976.389770507812 986.486694335938 982.58056640625 984.687927246094 983.900207519531 968.514404296875 977.070556640625 982.822937011719 981.45361328125 981.861022949219 982.382995605469 992.862854003906 989.405395507812 984.692260742188 989.916198730469 990.723999023438 989.251281738281 992.425048828125 1003.08850097656 1004.81958007812 998.421569824219 999.443542480469 1004.52575683594 1004.83184814453 995.732299804688 1003.98114013672 1002.02807617188 1003.31829833984 1013.13806152344 1016.04650878906 1027.58264160156 1031.703125 1038.29675292969 1034.57678222656 1034.3466796875 1037.265625 1043.24438476562 1044.64733886719 1050.45690917969 1055.81811523438 1061.41772460938 1067.17895507812
968.033630371094 974.355773925781 984.503540039062 975.2509765625 989.059143066406 990.492797851562 989.222778320312 986.079895019531 986.731750488281 978.8994140625 974.021850585938 976.788513183594 974.715942382812 982.169311523438 981.317504882812 989.114807128906 988.523010253906 989.07177734375 992.773742675781 1003.46649169922 1000.68951416016 996.587951660156 1010.80346679688 1009.65490722656 1009.98223876953 1006.91680908203 1011.45556640625 1011.58984375 1008.13824462891 1011.13531494141 1011.20764160156 1013.46545410156 1022.63189697266 1026.64367675781 1028.87646484375 1037.65991210938 1042.08776855469 1042.93664550781 1040.34155273438 1041.9248046875 1047.58703613281 1051.20568847656 1059.37719726562 1066.6357421875 1065.28857421875 1077.33972167969
966.589050292969 981.035888671875 978.849731445312 973.058776855469 988.734619140625 988.603942871094 996.533447265625 990.386962890625 990.962585449219 979.464233398438 974.795349121094 970.852111816406 981.4609375 981.702697753906 986.703796386719 993.200500488281 995.046691894531 988.675109863281 1000.48101806641 1004.94165039062 1004.36822509766 998.916076660156 1006.087890625 1007.14434814453 1006.71038818359 1008.93707275391 1015.14617919922 1017.89819335938 1015.06005859375 1016.48248291016 1015.09185791016 1018.60821533203 1026.99731445312 1032.36804199219 1042.43518066406 1042.26391601562 1053.83276367188 1049.23278808594 1046.54907226562 1040.86877441406 1042.75012207031 1048.84350585938 1059.2001953125 1068.2158203125 1076.45153808594 1081.47985839844
974.387268066406 978.856262207031 982.077087402344 978.736083984375 979.195678710938 975.210083007812 989.77587890625 991.0341796875 983.472778320312 980.419921875 984.941345214844 987.594421386719 986.621887207031 985.537353515625 993.177856445312 997.291198730469 995.589660644531 995.773254394531 1001.45904541016 1003.48236083984 1011.25335693359 1006.44396972656 1006.970703125 1010.83996582031 1019.10601806641 1027.95422363281 1019.24450683594 1026.2666015625 1026.55078125 1029.63830566406 1033.32263183594 1028.8232421875 1033.61120605469 1027.72326660156 1046.68920898438 1045.35327148438 1047.32275390625 1050.85473632812 1052.23950195312 1043.74243164062 1039.908203125 1040.88830566406 1056.95727539062 1061.3095703125 1071.47351074219 1071.42358398438
974.855590820312 975.724853515625 981.016784667969 976.8828125 978.255493164062 973.551818847656 977.151916503906 983.9072265625 987.289123535156 988.866088867188 990.195739746094 990.060241699219 990.325317382812 991.769348144531 1000.96954345703 996.111022949219 992.31494140625 988.246887207031 997.186950683594 1003.23333740234 1004.23999023438 1007.23596191406 1004.20098876953 1006.42114257812 1013.64715576172 1030.17578125 1032.89074707031 1023.97729492188 1027.87292480469 1028.28198242188 1033.80895996094 1038.82934570312 1035.3857421875 1027.62329101562 1034.57507324219 1051.84118652344 1051.59216308594 1049.37902832031 1048.76489257812 1050.35046386719 1043.23400878906 1054.89123535156 1056.39978027344 1074.6611328125 1069.04113769531 1070.45922851562
978.894836425781 978.195129394531 979.75830078125 980.653015136719 983.908386230469 982.987365722656 973.24755859375 973.637451171875 977.455932617188 980.3271484375 990.306457519531 987.052612304688 984.190795898438 991.101623535156 991.804260253906 987.632263183594 989.397155761719 996.585998535156 993.0869140625 990.954406738281 1002.43823242188 1005.68737792969 1007.42736816406 1008.77655029297 1013.96929931641 1034.61743164062 1030.35888671875 1024.76171875 1020.62744140625 1024.72619628906 1026.13696289062 1030.01062011719 1035.13146972656 1031.92004394531 1031.81982421875 1045.74877929688 1054.44580078125 1049.6884765625 1054.51733398438 1052.74743652344 1049.6806640625 1055.32800292969 1064.79284667969 1075.31909179688 1074.99841308594 1076.00317382812
981.160217285156 976.985961914062 976.793334960938 976.280822753906 983.850830078125 975.313842773438 961.482482910156 967.799682617188 968.971435546875 975.060607910156 974.514099121094 975.504089355469 985.64697265625 992.671875 991.788330078125 989.217590332031 984.0908203125 990.567199707031 989.299926757812 995.843627929688 1000.33551025391 1013.01812744141 1015.50030517578 1019.70153808594 1016.19110107422 1032.73596191406 1021.04632568359 1023.93737792969 1014.71307373047 1021.52014160156 1026.42126464844 1028.23205566406 1030.70385742188 1031.66186523438 1037.42150878906 1040.75769042969 1051.82397460938 1058.95837402344 1055.44030761719 1061.57861328125 1054.43933105469 1053.99719238281 1068.1533203125 1073.86743164062 1076.25622558594 1082.23510742188
981.240051269531 968.919128417969 975.486022949219 977.810668945312 976.936767578125 971.851440429688 959.330139160156 967.837768554688 974.224365234375 976.872253417969 971.955444335938 970.696044921875 978.316589355469 984.779113769531 989.119140625 990.307067871094 988.477111816406 985.234680175781 978.504272460938 988.603332519531 991.846923828125 1002.8994140625 1008.84094238281 1012.04583740234 1006.23022460938 1020.44396972656 1018.81689453125 1017.43072509766 1012.89617919922 1019.94091796875 1022.21276855469 1020.36639404297 1030.56970214844 1029.67346191406 1030.91162109375 1035.36840820312 1053.05786132812 1049.08813476562 1058.8701171875 1061.87866210938 1050.22741699219 1057.00427246094 1066.9130859375 1082.75439453125 1088.08239746094 1089.49951171875
979.185668945312 969.375244140625 977.5947265625 974.984619140625 972.826965332031 973.284362792969 973.558715820312 969.502807617188 970.192443847656 976.40478515625 974.018920898438 979.72265625 982.884826660156 982.096313476562 984.622253417969 984.923583984375 986.526611328125 980.086730957031 977.084838867188 990.810852050781 998.288146972656 999.022888183594 1002.56817626953 1002.64007568359 1005.11065673828 1013.31823730469 1017.55401611328 1020.04620361328 1019.82330322266 1013.34161376953 1011.04504394531 1026.3681640625 1028.94812011719 1033.47290039062 1025.08117675781 1031.95104980469 1042.15087890625 1047.17004394531 1055.87121582031 1064.74047851562 1067.58837890625 1077.5458984375 1082.27905273438 1086.32250976562 1093.5419921875 1089.74194335938
978.188598632812 974.8974609375 981.722290039062 971.768859863281 975.166320800781 979.775756835938 983.284057617188 974.815490722656 974.534057617188 969.760986328125 979.779846191406 988.85791015625 980.851135253906 972.854064941406 978.692993164062 986.327575683594 984.442687988281 972.875366210938 975.044250488281 983.146667480469 990.586242675781 1004.90490722656 1001.17120361328 995.137817382812 1004.56292724609 1003.60375976562 1001.25549316406 1007.52917480469 1011.25762939453 1013.02233886719 1009.15661621094 1022.919921875 1022.09619140625 1024.4921875 1027.59521484375 1029.40515136719 1035.27429199219 1052.49792480469 1064.05383300781 1066.48400878906 1070.57678222656 1075.29382324219 1085.28674316406 1085.57763671875 1090.54833984375 1091.18359375
975.373474121094 974.289367675781 976.262939453125 971.370483398438 964.773498535156 974.469787597656 976.095764160156 975.429321289062 976.121948242188 974.199340820312 978.187255859375 985.158630371094 986.939758300781 970.6298828125 974.25048828125 982.603637695312 977.919738769531 979.9306640625 980.400817871094 984.338500976562 989.80517578125 994.501220703125 996.830749511719 994.3203125 999.638977050781 999.291015625 1004.29937744141 1005.18218994141 1004.34777832031 1013.5078125 1013.28985595703 1011.76995849609 1011.52368164062 1020.44372558594 1024.64025878906 1034.22729492188 1028.80236816406 1047.89074707031 1058.65283203125 1065.49890136719 1077.37585449219 1083.75659179688 1084.0634765625 1088.16027832031 1087.25305175781 1082.58947753906
975.649230957031 972.556213378906 971.972473144531 971.926940917969 967.412658691406 966.457641601562 970.364868164062 971.11962890625 977.295532226562 968.461486816406 978.796081542969 987.873229980469 985.587829589844 983.435974121094 971.390075683594 976.512512207031 979.632934570312 979.996704101562 988.342590332031 988.377685546875 991.562316894531 992.607543945312 991.908813476562 993.020935058594 994.62353515625 1003.83148193359 1005.55206298828 1012.47088623047 1003.41094970703 1009.35974121094 1011.65631103516 1008.40814208984 1006.03656005859 1012.328125 1018.04058837891 1034.40063476562 1038.59680175781 1050.33959960938 1056.15539550781 1069.81616210938 1080.50402832031 1076.2216796875 1083.80725097656 1087.552734375 1090.25036621094 1093.36022949219
973.024719238281 972.795532226562 965.560424804688 971.587524414062 962.321960449219 965.311157226562 975.8076171875 973.070922851562 969.791198730469 973.857727050781 979.358703613281 978.732177734375 991.112609863281 976.159118652344 975.045593261719 969.920288085938 983.905090332031 992.098083496094 996.336975097656 987.577209472656 989.360290527344 992.846496582031 994.976135253906 993.463989257812 994.518615722656 998.956726074219 1005.54211425781 1010.42230224609 1008.02996826172 1010.71557617188 1004.49523925781 1005.60998535156 1006.03021240234 1015.30340576172 1018.68005371094 1035.45617675781 1036.43176269531 1044.31689453125 1062.63354492188 1068.02587890625 1071.56213378906 1079.66552734375 1082.67700195312 1087.91271972656 1087.72534179688 1085.64404296875
972.191955566406 978.891723632812 972.554809570312 971.04638671875 970.794128417969 978.603820800781 983.409301757812 978.533813476562 982.16796875 980.186706542969 979.60693359375 981.231262207031 983.511779785156 981.466430664062 975.690551757812 970.072082519531 971.149536132812 993.708801269531 1006.24365234375 1002.34558105469 988.192810058594 994.651977539062 1001.52386474609 994.042785644531 996.980041503906 998.432006835938 1001.72088623047 1010.95703125 1004.23669433594 1004.95855712891 1002.53088378906 1010.67614746094 1014.92254638672 1016.43328857422 1019.69915771484 1029.32727050781 1039.12707519531 1040.63415527344 1054.37341308594 1055.64538574219 1071.876953125 1072.2666015625 1070.8466796875 1086.61120605469 1078.64306640625 1084.31921386719
985.253540039062 976.63134765625 975.282531738281 980.527587890625 980.332946777344 985.278442382812 978.129089355469 980.632080078125 975.75830078125 983.160461425781 983.190002441406 982.550476074219 982.409545898438 991.900329589844 987.055358886719 985.839172363281 981.021179199219 988.509826660156 999.243103027344 1002.38751220703 1000.03631591797 993.595092773438 999.057800292969 991.752380371094 992.5654296875 1000.28887939453 1000.38061523438 1001.6357421875 1003.5927734375 1011.63702392578 1017.66931152344 1013.92260742188 1019.86022949219 1016.55053710938 1022.31024169922 1030.06726074219 1040.23449707031 1041.55029296875 1047.50354003906 1064.36608886719 1061.43591308594 1070.07897949219 1079.19360351562 1076.89270019531 1074.36657714844 1073.66540527344
980.771362304688 979.649597167969 983.685241699219 974.758422851562 979.561462402344 979.651611328125 976.765991210938 980.903686523438 988.449890136719 985.226135253906 976.777587890625 981.131103515625 981.175964355469 984.415588378906 980.388549804688 980.933837890625 990.305053710938 983.530029296875 1001.64202880859 1002.03179931641 994.251037597656 997.839111328125 1004.31591796875 1001.22326660156 997.292846679688 1000.74444580078 1002.95452880859 1004.32629394531 997.487243652344 1006.30157470703 1007.19873046875 1011.16143798828 1016.46697998047 1018.2197265625 1020.50616455078 1020.93469238281 1031.81481933594 1046.17126464844 1054.54162597656 1058.96057128906 1065.88073730469 1065.92114257812 1069.77758789062 1077.96606445312 1069.68322753906 1069.5107421875
