data/zlatibor_dem_simulations/DEMsim64.asc
NCOLS 150
NROWS 100
XLLCORNER 7394249
YLLCORNER 4841999
CELLSIZE 30
NODATA_VALUE -9999
[rows 0 to 19 of 100, columns 0 to 45 of 150]
1010.27941894531 1011.88409423828 1007.73901367188 1009.61041259766 1000.20562744141 1012.15631103516 1012.99896240234 1017.84802246094 1028.11938476562 1029.36486816406 1012.54638671875 1016.86755371094 1017.02313232422 1017.15777587891 1013.31341552734 1012.45947265625 1001.12042236328 1006.76953125 1010.92114257812 1033.21313476562 1034.11999511719 1029.18505859375 1030.05310058594 1048.33142089844 1042.74011230469 1043.1728515625 1040.78112792969 1039.16247558594 1044.38439941406 1039.71142578125 1046.62390136719 1036.78271484375 1036.50500488281 1025.89123535156 1016.12133789062 1008.69989013672 1012.18096923828 1004.58715820312 991.005676269531 998.315368652344 995.46435546875 999.166442871094 991.294372558594 982.104858398438 992.2998046875 990.595275878906
997.165283203125 1010.021484375 1004.99279785156 1005.29187011719 1003.23272705078 999.957702636719 1008.41717529297 1016.14831542969 1023.66772460938 1023.84631347656 1012.56103515625 1015.03894042969 1016.91314697266 1010.17047119141 1017.93200683594 1008.71813964844 1009.10577392578 1005.98327636719 1015.96649169922 1030.93273925781 1034.60095214844 1031.52819824219 1035.005859375 1030.98315429688 1028.81701660156 1031.20666503906 1032.37634277344 1024.17395019531 1036.22277832031 1025.96630859375 1031.45495605469 1033.82043457031 1035.2841796875 1037.78186035156 1024.29382324219 1020.56793212891 1020.79486083984 1016.36492919922 1006.10693359375 1002.30822753906 993.260925292969 991.538330078125 990.287536621094 994.892761230469 987.05810546875 985.930480957031
1005.19805908203 1005.73303222656 1010.70288085938 1006.28454589844 1003.76184082031 1002.64947509766 1009.42846679688 1023.33489990234 1025.05725097656 1018.78594970703 1010.76116943359 1013.17016601562 1009.60211181641 1020.77655029297 1014.88568115234 1008.9501953125 1004.54010009766 1008.85876464844 1013.67694091797 1027.53100585938 1040.94653320312 1037.68237304688 1027.7939453125 1029.80700683594 1035.13220214844 1034.42468261719 1022.6279296875 1021.79235839844 1023.23950195312 1022.21313476562 1020.72644042969 1033.10888671875 1026.05798339844 1028.91760253906 1028.4501953125 1026.79626464844 1025.06945800781 1013.87982177734 1009.28393554688 1004.43756103516 995.510620117188 999.565063476562 993.449768066406 988.135131835938 981.262390136719 989.359802246094
1009.99407958984 1007.19659423828 1005.52380371094 1006.42419433594 1008.18664550781 1010.62506103516 1010.08734130859 1017.45855712891 1021.0087890625 1015.00939941406 1015.54022216797 1006.08264160156 1004.72863769531 1014.56604003906 1019.37969970703 1013.78680419922 1010.91760253906 1008.73907470703 1013.79309082031 1024.08862304688 1029.80700683594 1026.47814941406 1027.43090820312 1026.49365234375 1031.86303710938 1031.07824707031 1024.54309082031 1023.78564453125 1019.3701171875 1017.36114501953 1025.52807617188 1023.8544921875 1019.07843017578 1028.03491210938 1040.99291992188 1034.083984375 1027.25622558594 1017.08282470703 1007.24249267578 1005.46362304688 998.869812011719 999.028930664062 988.075073242188 994.773315429688 985.027404785156 990.745849609375
1009.296875 1009.59234619141 1001.71600341797 993.635070800781 1001.77392578125 1005.17620849609 1009.58947753906 1015.45953369141 1017.00036621094 1002.53375244141 1008.109375 1007.46655273438 1005.69329833984 1009.80255126953 1019.80346679688 1017.76025390625 1008.16290283203 1014.25579833984 1009.88842773438 1019.80554199219 1030.77185058594 1032.44323730469 1022.78503417969 1029.68981933594 1036.36889648438 1027.88037109375 1017.32446289062 1017.19842529297 1014.39825439453 1019.00537109375 1016.72100830078 1018.88659667969 1031.71252441406 1035.05932617188 1043.03100585938 1030.44958496094 1021.81561279297 1018.6484375 1013.71997070312 1007.75140380859 1005.14654541016 998.21435546875 989.283081054688 981.002502441406 987.185302734375 987.168823242188
1004.15496826172 1001.47894287109 1002.09997558594 1005.19958496094 1005.89605712891 1006.70141601562 1005.35565185547 1014.14221191406 1013.37463378906 1008.31878662109 1007.66046142578 997.923461914062 1005.32598876953 1004.47314453125 1014.68127441406 1011.64984130859 1009.60284423828 1011.56158447266 1007.48596191406 1023.99645996094 1029.98254394531 1032.85473632812 1029.0263671875 1026.05541992188 1031.46215820312 1028.79162597656 1021.9150390625 1011.41662597656 1012.29748535156 1007.71343994141 1008.43121337891 1014.74517822266 1021.29028320312 1028.29846191406 1024.96789550781 1023.94152832031 1022.1220703125 1023.71215820312 1027.31555175781 1018.41662597656 1005.84991455078 1004.99645996094 996.231689453125 994.694580078125 978.339233398438 977.233276367188
1002.84985351562 995.0419921875 994.851989746094 996.696166992188 991.102355957031 998.458740234375 999.624328613281 1009.423828125 1016.57043457031 1006.02886962891 1004.34509277344 998.153198242188 996.040832519531 1004.53741455078 1009.12615966797 1005.58941650391 1004.07507324219 1010.72369384766 1012.89526367188 1017.91076660156 1022.06268310547 1029.94909667969 1030.63342285156 1028.01135253906 1020.32861328125 1015.77178955078 1018.75134277344 1014.85821533203 1007.69097900391 1000.76202392578 1008.83374023438 1014.37158203125 1013.28985595703 1017.95159912109 1015.7294921875 1018.96594238281 1015.06719970703 1018.22961425781 1022.87561035156 1025.06823730469 1011.89147949219 999.003967285156 987.949584960938 986.373168945312 984.054931640625 987.904113769531
993.000366210938 993.1015625 989.72265625 991.351013183594 996.008361816406 991.98779296875 993.879821777344 995.880126953125 1010.94940185547 1004.43798828125 998.35693359375 997.012023925781 999.686462402344 1003.97344970703 1012.52026367188 1007.43054199219 1004.82135009766 1008.74566650391 1016.08489990234 1022.09796142578 1031.38513183594 1027.35400390625 1028.96801757812 1026.29821777344 1011.98199462891 1013.90716552734 1007.12799072266 1006.16613769531 1005.55944824219 999.749755859375 1011.58306884766 1006.71929931641 1007.29388427734 1010.91271972656 1014.72131347656 1019.42999267578 1010.03564453125 1019.49835205078 1026.88696289062 1024.62365722656 1011.84204101562 990.917175292969 979.434448242188 988.196044921875 984.898803710938 989.569213867188
986.044555664062 993.6396484375 989.607238769531 987.624755859375 996.87158203125 1000.06555175781 991.059387207031 987.326843261719 992.5263671875 989.397583007812 985.08056640625 992.649475097656 995.757141113281 1003.41540527344 998.719299316406 1010.07366943359 1011.92584228516 1011.39007568359 1010.08911132812 1017.16229248047 1018.83001708984 1027.75695800781 1027.97570800781 1016.22692871094 1017.29614257812 1009.67248535156 1000.29699707031 1004.21685791016 1001.79162597656 1003.82373046875 1006.763671875 1004.806640625 1009.09698486328 1009.58361816406 1018.05200195312 1018.63446044922 1011.02777099609 1018.97888183594 1017.98858642578 1009.76611328125 998.756164550781 992.388122558594 987.516052246094 988.665405273438 994.965209960938 991.712219238281
992.330749511719 994.624755859375 993.475158691406 998.87451171875 993.751892089844 999.973266601562 989.261108398438 992.276245117188 990.472900390625 988.508544921875 991.525268554688 989.632080078125 996.505737304688 993.175170898438 992.936401367188 1005.55053710938 1004.92529296875 1003.80651855469 1002.59350585938 1004.59094238281 1009.20690917969 1010.54278564453 1006.44714355469 1011.10278320312 1006.36529541016 1003.11633300781 1006.81658935547 999.099304199219 999.130798339844 1012.16760253906 1017.83972167969 1010.75994873047 1012.76751708984 1014.43499755859 1017.47589111328 1019.64263916016 1024.00012207031 1023.14581298828 1018.63061523438 1008.85180664062 996.577331542969 992.699401855469 996.028137207031 996.922302246094 1000.9892578125 1005.45599365234
991.884338378906 1003.27087402344 994.738891601562 997.240783691406 998.945434570312 991.962036132812 1000.07867431641 1000.24163818359 998.081298828125 986.458862304688 980.864318847656 979.662048339844 990.400024414062 997.978881835938 999.526977539062 1008.61981201172 1011.53833007812 997.858703613281 1002.73419189453 1002.51312255859 1012.14251708984 1006.33312988281 1010.46441650391 1006.91424560547 1002.70520019531 990.922058105469 990.485229492188 994.241333007812 1004.59204101562 1004.04290771484 1006.48217773438 1013.39654541016 1007.98944091797 1014.92962646484 1013.67370605469 1016.81622314453 1024.81860351562 1025.38415527344 1018.79486083984 1008.2998046875 1004.08679199219 1003.81707763672 1008.95825195312 1006.92126464844 1006.52978515625 1012.02459716797
996.29931640625 1003.15673828125 996.662475585938 998.664672851562 990.263977050781 996.099548339844 995.908020019531 991.276672363281 1000.06481933594 991.614074707031 989.050537109375 991.572570800781 993.5693359375 993.000427246094 1000.16436767578 1001.82977294922 988.830261230469 996.033386230469 999.690795898438 1001.40417480469 1009.42578125 1007.68939208984 1013.29498291016 1010.31115722656 1002.55401611328 989.889221191406 978.300903320312 995.295288085938 1000.31671142578 1006.3369140625 999.104248046875 1004.40496826172 1001.59631347656 1014.54846191406 1019.33673095703 1023.67224121094 1032.17211914062 1028.02526855469 1020.60583496094 1013.46319580078 1017.54241943359 1016.64239501953 1010.94763183594 1013.26354980469 1013.03607177734 1017.42553710938
992.174987792969 999.530212402344 1000.43096923828 990.453430175781 986.381774902344 996.01513671875 990.58349609375 989.586242675781 994.8037109375 992.177795410156 991.676818847656 992.955078125 993.185974121094 985.644897460938 998.556701660156 994.341125488281 991.920288085938 990.820373535156 995.672607421875 1012.36151123047 1004.45593261719 1002.93017578125 1016.73510742188 1005.62115478516 993.813171386719 988.625183105469 981.494812011719 991.790222167969 993.775268554688 1007.55108642578 1010.70892333984 1008.72717285156 1002.99273681641 1018.68280029297 1028.99438476562 1035.63830566406 1040.24206542969 1040.4423828125 1031.38427734375 1027.52893066406 1022.99572753906 1023.40594482422 1016.36706542969 1020.17767333984 1019.37542724609 1017.61981201172
993.048645019531 996.301574707031 990.077514648438 989.684692382812 991.492980957031 997.325805664062 993.667236328125 990.341613769531 997.683288574219 989.56884765625 986.324096679688 984.56689453125 982.889038085938 983.372680664062 985.811889648438 986.779418945312 996.808471679688 994.662902832031 993.976989746094 998.433166503906 1002.11462402344 1011.23254394531 1014.87274169922 1010.61578369141 997.429382324219 986.473205566406 980.405578613281 990.335571289062 989.406433105469 993.255065917969 996.460998535156 1001.93859863281 1005.66345214844 1020.72442626953 1034.34558105469 1037.11267089844 1033.71264648438 1040.35803222656 1040.18688964844 1036.88879394531 1035.07092285156 1026.25170898438 1026.91870117188 1022.53948974609 1027.13342285156 1013.09808349609
986.751342773438 988.101623535156 986.098754882812 996.1513671875 989.143188476562 988.406433105469 989.913513183594 995.586120605469 995.888427734375 1000.06579589844 989.4072265625 977.554260253906 981.01904296875 975.719177246094 984.2900390625 979.611328125 991.4501953125 997.5595703125 993.401794433594 997.209777832031 996.870178222656 1011.39520263672 1008.99468994141 997.273986816406 992.034790039062 980.205627441406 991.204528808594 994.740295410156 990.43896484375 1000.21020507812 1008.97113037109 1010.94409179688 1016.84967041016 1029.14489746094 1031.48034667969 1031.15698242188 1041.93347167969 1041.02795410156 1033.01208496094 1039.8701171875 1036.25158691406 1031.73303222656 1028.59875488281 1021.08636474609 1019.88079833984 1013.65960693359
989.231323242188 984.239807128906 985.534484863281 994.880737304688 991.735168457031 988.097045898438 992.546752929688 987.375366210938 990.245483398438 989.50732421875 987.233032226562 973.754211425781 967.976379394531 979.568115234375 976.283813476562 988.816284179688 982.687683105469 985.12646484375 981.433166503906 985.576416015625 999.043212890625 1003.40106201172 999.161682128906 991.218078613281 990.126770019531 987.208251953125 988.911804199219 990.871032714844 994.543762207031 1000.69812011719 1006.6005859375 1016.19586181641 1023.89617919922 1029.64245605469 1031.8740234375 1034.49694824219 1042.70263671875 1035.69177246094 1038.1337890625 1037.15515136719 1044.94384765625 1036.8232421875 1031.35424804688 1019.39855957031 1021.4169921875 1014.28704833984
981.749694824219 986.519714355469 984.276794433594 986.555786132812 989.649841308594 985.150756835938 987.790893554688 993.514953613281 984.397644042969 985.125549316406 985.173889160156 973.000671386719 967.548767089844 975.706848144531 979.254455566406 975.946044921875 966.763122558594 965.8037109375 970.098205566406 978.267150878906 988.700012207031 995.179870605469 995.566467285156 994.398376464844 986.931396484375 990.906127929688 989.131530761719 1000.64007568359 998.735656738281 1007.10479736328 1008.40911865234 1018.15185546875 1020.49133300781 1016.32421875 1026.92700195312 1029.32360839844 1041.14270019531 1034.70190429688 1040.60961914062 1043.08361816406 1041.0888671875 1051.28393554688 1041.53588867188 1024.71313476562 1025.05920410156 1016.70849609375
971.915344238281 981.964050292969 984.06494140625 976.812866210938 972.410278320312 975.0947265625 979.205200195312 987.704833984375 986.331420898438 989.714660644531 981.754821777344 976.170471191406 968.119079589844 970.028015136719 972.573913574219 971.636535644531 966.904602050781 960.806518554688 964.092346191406 978.734985351562 980.09375 987.9345703125 989.975708007812 988.796997070312 988.368408203125 986.496704101562 995.914794921875 996.117919921875 1006.99267578125 1011.67907714844 1028.07458496094 1025.17883300781 1022.13623046875 1024.64111328125 1021.87097167969 1026.78051757812 1029.93090820312 1045.46398925781 1041.18151855469 1035.42102050781 1047.271484375 1051.26550292969 1051.11157226562 1034.90197753906 1019.52124023438 1018.17974853516
974.65625 976.524719238281 980.348876953125 976.967224121094 972.64990234375 969.594604492188 978.879272460938 982.780578613281 987.457763671875 986.342956542969 984.81591796875 973.441284179688 961.147644042969 961.777709960938 962.684326171875 965.73974609375 968.060791015625 954.819702148438 962.642333984375 975.592529296875 972.941162109375 978.456298828125 984.052062988281 988.619812011719 989.307983398438 994.469970703125 1005.30206298828 1002.34313964844 1014.97570800781 1011.0009765625 1019.34130859375 1025.83190917969 1023.27954101562 1026.09228515625 1014.71032714844 1022.20642089844 1027.68823242188 1039.12487792969 1039.71008300781 1039.91162109375 1035.95043945312 1045.36059570312 1039.10302734375 1034.99963378906 1027.79638671875 1020.40875244141
966.111633300781 971.016662597656 974.599609375 965.011474609375 962.4423828125 969.533996582031 973.001159667969 975.403930664062 984.441162109375 983.604675292969 974.866943359375 971.472229003906 964.792358398438 949.8798828125 958.314147949219 957.537719726562 954.697998046875 951.379150390625 963.502563476562 963.6240234375 967.344116210938 972.8017578125 978.9970703125 986.42724609375 987.4794921875 993.458923339844 1001.14978027344 996.487182617188 1009.84417724609 1010.99072265625 1013.88134765625 1018.67987060547 1020.35260009766 1020.59814453125 1021.42456054688 1030.19946289062 1033.60021972656 1035.02160644531 1027.78857421875 1031.93933105469 1037.6201171875 1040.37536621094 1039.73657226562 1034.47009277344 1031.88928222656 1023.52709960938
