data/zlatibor_dem_simulations/DEMsim50.asc
NCOLS 150
NROWS 100
XLLCORNER 7394249
YLLCORNER 4841999
CELLSIZE 30
NODATA_VALUE -9999
[rows 0 to 19 of 100, columns 46 to 91 of 150]
1008.97479248047 1000.96716308594 995.083374023438 987.786437988281 981.297607421875 972.135009765625 969.979919433594 966.18408203125 968.159729003906 973.02978515625 973.297180175781 964.500793457031 970.600952148438 963.262145996094 958.771911621094 957.922546386719 953.332153320312 942.157592773438 925.129699707031 912.897216796875 915.686645507812 900.4765625 907.752868652344 912.377563476562 929.396728515625 924.63671875 938.682739257812 956.324401855469 969.714294433594 973.553039550781 972.11181640625 972.34521484375 980.525512695312 975.445678710938 981.698669433594 975.930725097656 985.342346191406 970.640686035156 959.807067871094 964.973815917969 950.638977050781 939.519775390625 932.811340332031 928.683715820312 914.072082519531 908.906372070312
1018.14501953125 1001.71862792969 995.757995605469 989.32666015625 984.276916503906 978.451477050781 976.27099609375 975.245727539062 968.886169433594 967.294860839844 968.313903808594 968.183532714844 969.038330078125 970.990661621094 965.414733886719 961.042297363281 954.282165527344 942.50732421875 926.633728027344 919.762268066406 908.288024902344 900.183288574219 906.449340820312 919.292724609375 933.408752441406 927.369750976562 935.349060058594 948.325317382812 969.577392578125 969.416320800781 974.948059082031 973.2998046875 981.15576171875 980.408020019531 984.350952148438 992.791015625 988.518005371094 976.567138671875 974.253479003906 969.453247070312 958.162658691406 944.423095703125 939.129455566406 926.189025878906 913.73095703125 908.180053710938
1014.69421386719 1006.50482177734 999.787719726562 993.232055664062 986.540161132812 985.338439941406 978.672302246094 972.702514648438 971.422241210938 958.420043945312 966.80810546875 971.93701171875 975.074157714844 964.145568847656 966.212829589844 968.427124023438 966.296997070312 950.836486816406 933.441345214844 930.509765625 915.833984375 909.636535644531 913.395690917969 917.569763183594 929.565795898438 935.034240722656 943.435974121094 951.532470703125 965.070617675781 968.038452148438 977.793090820312 973.179382324219 975.039245605469 983.038269042969 987.51416015625 992.883056640625 985.437622070312 985.269409179688 980.506103515625 979.426391601562 970.532592773438 959.404602050781 943.792541503906 930.197998046875 920.2158203125 920.777587890625
1017.1640625 1013.07751464844 1005.98333740234 1000.18988037109 989.886779785156 977.597229003906 975.301879882812 970.489013671875 966.364318847656 969.309692382812 964.224182128906 968.561218261719 961.9609375 969.767028808594 965.336120605469 967.865783691406 964.051330566406 952.158996582031 938.800903320312 933.022094726562 929.02880859375 925.575439453125 924.322143554688 921.350952148438 923.066162109375 929.483642578125 949.082824707031 949.323547363281 961.892822265625 979.102783203125 975.405212402344 981.717346191406 988.894409179688 990.615783691406 987.223876953125 994.092651367188 1002.06335449219 999.634216308594 984.932006835938 990.099548339844 977.059997558594 972.648803710938 956.130126953125 936.309448242188 930.048828125 919.397521972656
1012.36737060547 1011.29998779297 1004.78009033203 999.561096191406 987.272033691406 976.238525390625 978.82958984375 971.294616699219 969.523864746094 958.491516113281 964.198608398438 962.382995605469 973.430908203125 977.099914550781 969.597290039062 970.5888671875 966.574523925781 955.221313476562 936.222839355469 934.3447265625 937.862548828125 927.39697265625 944.132446289062 934.965270996094 933.731079101562 939.43310546875 954.320739746094 962.32763671875 973.078735351562 976.620788574219 976.151489257812 982.792297363281 989.80517578125 994.362731933594 1005.00634765625 999.780151367188 1006.59606933594 1003.20758056641 999.216003417969 994.02587890625 983.592224121094 972.119323730469 957.587890625 939.156494140625 931.643737792969 924.89306640625
1007.45782470703 1015.43511962891 1010.29840087891 1003.50073242188 999.802673339844 986.962707519531 990.836975097656 977.43505859375 976.716552734375 960.065368652344 963.629699707031 969.230224609375 973.200073242188 974.974792480469 974.558776855469 967.884582519531 975.607788085938 960.320556640625 939.919189453125 938.618591308594 944.146667480469 942.107177734375 943.268249511719 942.094787597656 944.132019042969 954.995361328125 955.9287109375 958.5400390625 979.942687988281 978.066528320312 980.842102050781 987.598266601562 995.889282226562 1003.90936279297 1007.73284912109 1021.47515869141 1012.93560791016 1018.47985839844 1001.20556640625 994.436462402344 982.637145996094 975.267150878906 958.850769042969 941.428527832031 935.897583007812 919.355895996094
1013.17877197266 1021.34808349609 1012.43322753906 1010.11322021484 1003.87353515625 1002.20983886719 1002.63623046875 978.956909179688 981.130065917969 972.177062988281 976.462463378906 974.414916992188 978.482727050781 980.072387695312 979.153564453125 978.483154296875 969.815612792969 960.645690917969 950.9228515625 947.373718261719 946.024658203125 953.013610839844 938.335876464844 944.642272949219 954.623596191406 957.875793457031 961.295593261719 957.907958984375 978.909240722656 994.778015136719 995.7861328125 1001.06945800781 1004.21905517578 1007.89196777344 1016.26751708984 1020.671875 1018.72399902344 1015.22686767578 1003.92132568359 990.685852050781 978.666748046875 969.682373046875 960.937744140625 949.5556640625 936.982604980469 923.60791015625
1013.70599365234 1014.46087646484 1013.89984130859 1005.08483886719 1004.39752197266 1013.43646240234 1004.11730957031 994.84228515625 989.118347167969 987.732116699219 994.9228515625 1004.87261962891 992.501220703125 997.612976074219 995.55712890625 993.871765136719 981.307800292969 967.879760742188 955.479675292969 949.8203125 952.726928710938 948.376953125 948.133850097656 949.312622070312 957.31201171875 960.194274902344 959.994445800781 967.959899902344 976.661193847656 998.049194335938 1004.46228027344 1018.96929931641 1020.81506347656 1028.33850097656 1025.78137207031 1024.52197265625 1023.79901123047 1019.78424072266 1009.99774169922 990.611145019531 969.174438476562 962.303649902344 950.201843261719 948.978820800781 940.854187011719 931.4140625
1018.25372314453 1008.9619140625 1009.08087158203 1005.83081054688 1010.31414794922 1013.82159423828 999.937316894531 997.07177734375 997.302307128906 1003.56829833984 1002.36187744141 1009.39581298828 1002.35034179688 1000.32611083984 994.750305175781 992.215209960938 980.7021484375 970.816833496094 959.296569824219 950.328735351562 956.456481933594 958.676879882812 951.978698730469 960.718078613281 966.0185546875 960.899230957031 963.133911132812 966.950744628906 982.236877441406 1006.50177001953 1015.2861328125 1017.86828613281 1027.15649414062 1029.58190917969 1027.77038574219 1023.06823730469 1029.376953125 1021.55401611328 1010.15551757812 987.239013671875 972.75732421875 960.481567382812 946.66015625 942.355834960938 938.763610839844 932.370910644531
1016.96490478516 1009.51770019531 1002.01910400391 1007.13854980469 1014.47393798828 1012.49505615234 1007.87554931641 1000.48614501953 1000.02691650391 997.929626464844 1007.75164794922 1013.45935058594 1004.72119140625 997.19384765625 1004.82415771484 994.798278808594 987.4248046875 977.305236816406 976.468566894531 965.4873046875 961.379760742188 959.063903808594 965.891296386719 971.535217285156 976.99267578125 967.502685546875 964.565185546875 973.965026855469 988.958374023438 1016.05682373047 1024.89465332031 1025.16442871094 1030.47106933594 1027.95483398438 1026.58349609375 1017.42517089844 1019.60852050781 1023.19915771484 1000.34997558594 982.060668945312 974.772277832031 952.437561035156 946.13525390625 939.871276855469 940.398620605469 942.706909179688
1005.58435058594 1004.09790039062 1007.73742675781 1011.89605712891 1012.45989990234 1014.87152099609 1005.57330322266 1001.66229248047 1001.16015625 997.514343261719 1008.50732421875 1001.54315185547 999.432922363281 992.217590332031 996.749694824219 995.252319335938 991.554626464844 983.165283203125 974.145751953125 971.50830078125 967.316589355469 977.692260742188 983.458679199219 984.235778808594 976.9873046875 976.923706054688 977.273376464844 977.018127441406 995.158264160156 1015.28173828125 1031.12854003906 1024.19152832031 1035.49169921875 1028.85168457031 1034.76184082031 1026.05456542969 1016.99859619141 1014.52447509766 998.7333984375 990.827026367188 986.866333007812 965.601989746094 950.617492675781 944.153686523438 936.314270019531 933.931640625
1014.83111572266 1016.60021972656 1012.57049560547 1010.92425537109 1010.1669921875 1014.25238037109 1011.41845703125 1002.96563720703 1013.37945556641 1009.77478027344 1017.11315917969 1011.40258789062 999.895812988281 1002.52850341797 999.752502441406 1008.30041503906 997.577697753906 989.362609863281 988.140197753906 984.464294433594 988.403137207031 990.657104492188 989.984313964844 983.791625976562 982.805236816406 998.784851074219 996.061828613281 998.852416992188 1000.99963378906 1022.65972900391 1025.3759765625 1025.6474609375 1032.65356445312 1027.15600585938 1028.76867675781 1021.85473632812 1020.60833740234 1011.67767333984 1001.20336914062 995.162658691406 978.612670898438 967.699340820312 960.429321289062 947.359558105469 941.160888671875 943.054809570312
1013.37902832031 1016.34918212891 1018.12567138672 1014.82397460938 1006.34948730469 1010.05572509766 1005.18243408203 1010.23449707031 1008.08813476562 1012.74792480469 1019.18469238281 1010.77227783203 1015.83361816406 1006.94909667969 1005.93518066406 1012.55859375 1008.96508789062 996.574768066406 1000.30053710938 999.194396972656 997.176452636719 999.330078125 994.438049316406 988.675231933594 991.134826660156 995.208312988281 1004.35070800781 1007.91558837891 1022.90472412109 1022.22741699219 1025.99816894531 1028.50805664062 1029.41955566406 1036.53918457031 1020.71008300781 1023.09045410156 1018.56481933594 1009.56842041016 1009.74871826172 997.578918457031 985.26416015625 973.351013183594 965.272094726562 954.789978027344 941.107421875 940.386352539062
1012.30706787109 1020.041015625 1016.61309814453 1006.92419433594 998.657287597656 1008.91674804688 1004.58947753906 1008.61248779297 1011.58435058594 1007.36181640625 1008.76330566406 1015.49505615234 1013.98229980469 1021.34454345703 1010.75091552734 1017.00927734375 1010.08209228516 1007.57183837891 1001.38397216797 1001.20404052734 998.9765625 995.202697753906 996.333679199219 990.514831542969 991.35595703125 992.642211914062 1005.64685058594 1008.47229003906 1023.22198486328 1025.06884765625 1020.63610839844 1029.62976074219 1029.58740234375 1021.09436035156 1027.02734375 1027.09619140625 1022.3779296875 1008.10192871094 1005.95501708984 996.595275878906 981.781982421875 981.366943359375 973.951721191406 956.271850585938 951.359191894531 948.509338378906
1011.92181396484 1031.40393066406 1011.09069824219 998.311462402344 992.498168945312 1003.41674804688 1010.95330810547 1011.65093994141 1020.18634033203 1007.06109619141 1016.06494140625 1011.08123779297 1021.47161865234 1019.79602050781 1023.38122558594 1013.77508544922 1018.86529541016 1021.84088134766 1013.61285400391 1010.42248535156 1008.14660644531 1011.9775390625 1002.13482666016 1000.22961425781 993.771911621094 1003.94470214844 1008.24884033203 1018.84484863281 1033.76159667969 1036.56896972656 1028.77368164062 1023.96539306641 1020.73913574219 1022.91491699219 1025.54064941406 1030.24047851562 1032.91284179688 1019.29431152344 1016.38061523438 995.934875488281 989.581237792969 981.566772460938 969.886962890625 961.835144042969 945.828918457031 943.184204101562
1021.37084960938 1019.47821044922 1005.22277832031 996.472106933594 996.835754394531 1006.76708984375 1008.70239257812 1018.70446777344 1008.13323974609 1018.06854248047 1023.70068359375 1019.83770751953 1020.25207519531 1021.49255371094 1021.38311767578 1020.28796386719 1025.890625 1025.62255859375 1026.74731445312 1017.02380371094 1011.25811767578 1010.73663330078 1008.85546875 1011.87152099609 1010.42901611328 1015.00891113281 1016.81518554688 1028.77880859375 1036.93701171875 1038.07897949219 1031.85815429688 1022.33557128906 1021.69506835938 1025.80053710938 1035.13366699219 1032.943359375 1034.54760742188 1025.15588378906 1030.21923828125 1006.42492675781 996.408569335938 985.666259765625 968.331909179688 965.988342285156 952.792236328125 938.870910644531
1023.71166992188 1011.99133300781 1014.37030029297 998.232727050781 999.601501464844 996.856994628906 996.04296875 998.143249511719 998.363708496094 1017.91833496094 1020.49822998047 1022.31323242188 1025.85290527344 1021.79254150391 1023.4755859375 1032.70861816406 1029.57995605469 1024.54028320312 1023.92535400391 1020.59356689453 1018.62414550781 1017.16162109375 1027.52478027344 1021.92260742188 1024.15441894531 1018.00506591797 1015.51190185547 1027.68664550781 1040.50512695312 1039.78820800781 1037.17138671875 1025.63940429688 1012.62408447266 1024.05419921875 1035.18603515625 1030.43347167969 1033.419921875 1031.25793457031 1025.55993652344 1014.70281982422 1007.19348144531 994.484558105469 979.172790527344 966.800842285156 959.310974121094 957.819580078125
1022.06530761719 1018.10571289062 1016.34704589844 1001.87377929688 1000.38366699219 1001.10662841797 993.401489257812 1002.09552001953 1007.78936767578 1014.34411621094 1022.42944335938 1019.65472412109 1023.11614990234 1027.46057128906 1028.28857421875 1030.49853515625 1029.21899414062 1029.89343261719 1023.26348876953 1030.79431152344 1024.18347167969 1022.8349609375 1026.31945800781 1020.04656982422 1023.42749023438 1020.89276123047 1017.54119873047 1022.02404785156 1026.54895019531 1031.35693359375 1025.3046875 1011.10559082031 1013.66143798828 1028.59375 1030.21789550781 1030.68395996094 1033.57971191406 1025.8232421875 1027.4736328125 1012.74890136719 1000.21575927734 1003.77008056641 993.948608398438 980.266723632812 976.679077148438 966.625549316406
1026.33618164062 1023.65435791016 1009.81274414062 1012.28057861328 1003.12487792969 1000.86694335938 988.69677734375 991.022644042969 1005.06323242188 1010.89477539062 1018.345703125 1024.54113769531 1033.15075683594 1027.10888671875 1018.60986328125 1022.95629882812 1026.38342285156 1028.2890625 1025.29956054688 1027.19384765625 1020.84741210938 1024.96472167969 1030.02868652344 1034.15808105469 1026.51782226562 1024.13696289062 1024.46496582031 1017.12786865234 1015.98602294922 1011.59155273438 1013.92175292969 1008.53094482422 1008.75555419922 1018.87365722656 1025.29455566406 1031.08813476562 1033.22375488281 1025.0810546875 1031.93359375 1010.40539550781 1003.88470458984 1001.41571044922 995.368347167969 987.630981445312 979.136779785156 963.282958984375
1019.05999755859 1023.40704345703 1018.60968017578 1008.21057128906 1003.90692138672 995.408081054688 988.804626464844 993.297546386719 988.437683105469 1005.54858398438 1021.71813964844 1031.64831542969 1034.55969238281 1031.89733886719 1024.52893066406 1034.45776367188 1024.28503417969 1026.55065917969 1030.93505859375 1026.06335449219 1027.994140625 1024.01440429688 1036.88684082031 1030.75939941406 1034.45654296875 1022.60827636719 1022.98687744141 1030.06005859375 1015.1044921875 1013.28912353516 1008.65466308594 1005.68988037109 1003.69427490234 1015.63732910156 1022.5927734375 1024.36657714844 1026.02478027344 1022.45129394531 1011.65997314453 1005.34747314453 1013.18353271484 996.298461914062 998.555908203125 996.077697753906 983.861022949219 979.648254394531
