data/zlatibor_dem_simulations/DEMsim14.asc
NCOLS 150
NROWS 100
XLLCORNER 7394249
YLLCORNER 4841999
CELLSIZE 30
NODATA_VALUE -9999
[rows 40 to 59 of 100, columns 92 to 137 of 150]
986.901184082031 977.358581542969 981.1689453125 986.662231445312 983.485046386719 988.630065917969 983.454833984375 984.0517578125 984.06396484375 971.94482421875 977.275329589844 969.953247070312 971.189514160156 979.374877929688 986.097595214844 982.119812011719 986.863159179688 987.161987304688 992.055908203125 995.421936035156 1005.41589355469 1007.1875 1001.73376464844 992.931823730469 996.085998535156 994.801452636719 991.881225585938 998.294494628906 999.878356933594 997.412353515625 997.405639648438 998.620300292969 996.303649902344 1004.81494140625 1002.84521484375 1014.04718017578 1024.07653808594 1027.06689453125 1021.78753662109 1021.27111816406 1022.36370849609 1026.9443359375 1033.12976074219 1029.27209472656 1045.32543945312 1058.43615722656
983.175048828125 983.487609863281 976.59130859375 981.240356445312 986.090148925781 984.348510742188 988.607299804688 985.098388671875 985.377258300781 971.839416503906 982.076354980469 966.422058105469 968.294799804688 983.76171875 990.216613769531 992.098022460938 995.843444824219 984.924438476562 985.408081054688 990.434631347656 995.039428710938 996.22900390625 991.251281738281 989.437622070312 989.273864746094 995.528503417969 996.174499511719 993.228576660156 994.257385253906 996.997253417969 997.639038085938 997.344177246094 996.313354492188 998.669372558594 1016.87335205078 1016.40161132812 1022.21704101562 1032.890625 1020.97644042969 1015.99987792969 1018.38067626953 1026.74633789062 1028.20727539062 1038.40478515625 1050.59802246094 1061.34509277344
982.016906738281 974.665649414062 971.260559082031 975.485717773438 978.67236328125 991.516418457031 983.179626464844 990.636901855469 986.757995605469 981.975830078125 980.836853027344 982.846618652344 982.585571289062 992.365417480469 989.647216796875 985.922912597656 988.460388183594 987.103759765625 986.299865722656 986.908325195312 983.144897460938 988.162048339844 992.122741699219 989.351501464844 990.669616699219 994.974914550781 995.966247558594 994.099670410156 993.566528320312 996.130310058594 996.775817871094 999.895141601562 1000.29211425781 1009.51721191406 1008.02258300781 1016.96875 1020.42504882812 1024.74963378906 1022.14538574219 1017.86163330078 1028.39221191406 1030.49291992188 1040.00207519531 1042.51611328125 1052.89440917969 1068.22998046875
983.401000976562 979.618896484375 979.563781738281 969.904235839844 976.197265625 983.11279296875 984.21923828125 988.783996582031 987.448852539062 984.55126953125 977.495483398438 979.925842285156 981.919677734375 983.235107421875 986.089477539062 976.385925292969 986.208251953125 983.646850585938 983.222229003906 988.314331054688 986.903930664062 986.400207519531 1000.82147216797 997.931213378906 999.076599121094 994.926696777344 997.594116210938 996.681457519531 991.202026367188 996.761291503906 1007.08337402344 1005.83325195312 1003.74578857422 1010.31658935547 1009.29748535156 1017.56018066406 1028.80151367188 1021.8955078125 1019.25347900391 1028.27880859375 1030.33129882812 1031.98571777344 1037.04150390625 1045.48510742188 1061.369140625 1067.85278320312
977.081970214844 983.204772949219 985.357177734375 981.581420898438 981.85595703125 984.030151367188 978.596801757812 974.132629394531 976.857055664062 979.5078125 978.478393554688 977.314025878906 979.90380859375 978.979736328125 988.729125976562 976.018981933594 981.50634765625 981.616638183594 990.273071289062 989.655944824219 991.851501464844 1001.73907470703 1005.69415283203 1004.56750488281 1010.68957519531 1010.10845947266 1010.97039794922 1006.49182128906 1004.38409423828 1007.69952392578 1004.62951660156 1006.80126953125 1008.83703613281 1003.26190185547 1005.04278564453 1017.15509033203 1015.40380859375 1015.30609130859 1019.65850830078 1028.65881347656 1025.57116699219 1026.04614257812 1038.61303710938 1055.40649414062 1067.33508300781 1084.71704101562
979.016845703125 985.423950195312 984.329528808594 984.031982421875 977.385620117188 976.455200195312 976.028015136719 978.829162597656 973.415161132812 972.454895019531 979.084045410156 987.385864257812 988.179504394531 990.64111328125 992.942687988281 982.620910644531 987.296203613281 984.767639160156 999.396362304688 996.964538574219 999.334777832031 998.91064453125 1003.29956054688 1012.31359863281 1010.81530761719 1007.17517089844 1010.666015625 1017.59814453125 1004.28759765625 1006.45153808594 1004.73565673828 1002.42034912109 1009.01129150391 1006.40313720703 1007.06646728516 1016.55316162109 1019.60266113281 1014.10015869141 1016.49176025391 1031.39245605469 1020.96411132812 1035.65930175781 1049.92102050781 1056.76379394531 1067.25061035156 1079.90747070312
972.132934570312 975.912658691406 987.599243164062 985.533996582031 979.034606933594 977.522644042969 980.322631835938 975.154663085938 978.702697753906 976.419738769531 981.888977050781 990.476013183594 988.673889160156 990.206420898438 992.566467285156 994.748962402344 996.812866210938 995.28662109375 995.045654296875 996.800537109375 999.503662109375 1006.30017089844 1012.08135986328 1011.57543945312 1005.37567138672 1015.30865478516 1020.62738037109 1018.49621582031 1012.49200439453 1014.7568359375 1004.31890869141 1008.45819091797 1012.40710449219 1009.79711914062 1017.81878662109 1017.00738525391 1026.87768554688 1025.83264160156 1024.84387207031 1028.09118652344 1034.52453613281 1044.05944824219 1056.9248046875 1069.79992675781 1079.638671875 1086.33203125
972.929992675781 966.264282226562 972.606079101562 981.911865234375 985.667419433594 975.876708984375 975.006469726562 973.657653808594 976.552368164062 978.170471191406 989.535583496094 988.100280761719 989.86083984375 989.373657226562 987.243713378906 990.088562011719 999.464233398438 987.740356445312 996.439453125 993.219909667969 997.267333984375 1011.59680175781 1010.07501220703 1016.08624267578 1016.083984375 1009.91705322266 1023.55633544922 1014.01800537109 1018.80419921875 1019.42407226562 1019.75 1014.53009033203 1013.71783447266 1018.96929931641 1020.20159912109 1022.99841308594 1032.8173828125 1029.7421875 1024.84008789062 1040.28430175781 1050.60852050781 1056.93823242188 1066.91369628906 1073.28698730469 1083.51831054688 1082.05859375
974.021606445312 970.575744628906 969.817810058594 978.095642089844 980.446533203125 976.411376953125 971.070068359375 971.320556640625 983.176879882812 988.878356933594 989.476135253906 990.046997070312 989.380981445312 982.009460449219 983.729797363281 982.636291503906 987.755310058594 991.342651367188 996.841125488281 996.317016601562 1000.29876708984 1007.86071777344 1006.44464111328 1016.03753662109 1011.83111572266 1019.30676269531 1021.62841796875 1012.57257080078 1016.13623046875 1020.59191894531 1026.32897949219 1028.13452148438 1018.08074951172 1011.34509277344 1020.19573974609 1021.48999023438 1026.2861328125 1026.42541503906 1034.75122070312 1037.76708984375 1038.01293945312 1047.11206054688 1055.98327636719 1066.76171875 1077.18371582031 1094.73461914062
970.615112304688 973.524597167969 971.396423339844 981.259094238281 974.246276855469 979.338989257812 980.207397460938 986.070983886719 991.075744628906 993.98095703125 987.106689453125 985.807312011719 981.102294921875 980.388000488281 977.635192871094 986.5908203125 985.285095214844 998.451110839844 992.032470703125 994.884887695312 1008.60211181641 1012.87097167969 1014.83386230469 1010.88470458984 1010.07574462891 1019.26525878906 1024.07788085938 1015.94177246094 1021.45245361328 1024.10375976562 1024.236328125 1027.07202148438 1024.259765625 1023.52551269531 1023.7119140625 1029.74279785156 1029.87463378906 1029.39331054688 1031.48767089844 1039.07238769531 1038.90124511719 1046.97863769531 1061.31591796875 1071.42944335938 1087.58776855469 1102.23449707031
971.185302734375 972.108337402344 970.583618164062 974.965881347656 976.432189941406 976.404235839844 984.119812011719 992.451599121094 989.281066894531 988.223266601562 982.570434570312 975.004577636719 974.231079101562 973.72705078125 972.482604980469 976.42724609375 979.643127441406 992.666076660156 988.631530761719 995.217407226562 998.371826171875 1012.64215087891 1011.25305175781 1017.77587890625 1021.55792236328 1020.24084472656 1020.12738037109 1026.51647949219 1016.66821289062 1018.63470458984 1015.14862060547 1019.97296142578 1030.88403320312 1026.26013183594 1022.86419677734 1030.84777832031 1034.96643066406 1022.03033447266 1024.72741699219 1032.39428710938 1039.63684082031 1050.28161621094 1060.71948242188 1083.5166015625 1088.88000488281 1089.50695800781
968.090087890625 968.992492675781 971.935791015625 974.028442382812 976.984497070312 975.807434082031 970.940124511719 977.603271484375 980.360656738281 973.926330566406 983.756591796875 982.592956542969 981.779174804688 976.77490234375 973.757080078125 971.395141601562 985.988159179688 978.3427734375 970.896179199219 982.25439453125 1001.83251953125 1001.23205566406 1001.57366943359 1012.55841064453 1022.29565429688 1021.96936035156 1009.82824707031 1013.38275146484 1008.42218017578 1009.05541992188 1013.54418945312 1023.71038818359 1028.89587402344 1036.28747558594 1031.97473144531 1032.96887207031 1026.45642089844 1023.65069580078 1026.73913574219 1034.59997558594 1035.05505371094 1051.82678222656 1064.46838378906 1080.51159667969 1092.13464355469 1097.33020019531
975.134216308594 971.911499023438 968.268249511719 965.727416992188 969.358520507812 972.293151855469 972.319152832031 974.7431640625 972.288635253906 969.941833496094 979.515014648438 986.043640136719 980.011474609375 983.351318359375 979.14453125 980.307434082031 988.4462890625 979.948425292969 976.174743652344 979.863647460938 989.862487792969 988.795471191406 995.579406738281 1010.58038330078 1004.45648193359 1007.14465332031 1008.38415527344 1001.66082763672 1000.67083740234 1006.88830566406 1009.54028320312 1019.50268554688 1030.05786132812 1029.31176757812 1031.73937988281 1027.08178710938 1029.82067871094 1042.76904296875 1038.60205078125 1042.02233886719 1050.14660644531 1052.06896972656 1074.63391113281 1083.4560546875 1089.26843261719 1103.5478515625
978.312866210938 969.983642578125 967.374267578125 968.383605957031 972.066589355469 971.385559082031 974.164733886719 972.647216796875 975.568176269531 973.138549804688 975.169555664062 980.988647460938 983.16357421875 977.654968261719 981.869384765625 988.7587890625 983.980163574219 981.54443359375 980.853088378906 984.801208496094 984.209655761719 991.67626953125 999.623046875 1004.13623046875 1004.96569824219 1003.61224365234 1006.02502441406 997.565856933594 992.1005859375 1002.04565429688 1015.14154052734 1020.90087890625 1027.12561035156 1023.44116210938 1014.77227783203 1026.5673828125 1044.32409667969 1043.50390625 1039.67346191406 1043.57873535156 1048.36730957031 1054.38793945312 1073.32983398438 1085.78100585938 1094.35034179688 1093.68090820312
975.792602539062 973.200988769531 966.952270507812 966.412963867188 962.716369628906 965.889465332031 971.634643554688 977.193664550781 969.27685546875 970.960693359375 969.6015625 976.888793945312 973.333374023438 975.643981933594 983.3369140625 977.911682128906 981.970458984375 981.271301269531 981.649536132812 987.613098144531 986.939270019531 989.099670410156 989.603637695312 1000.62268066406 998.963806152344 996.436645507812 1003.9658203125 993.282409667969 999.055358886719 1000.86102294922 1007.99652099609 1015.78527832031 1021.18353271484 1025.72082519531 1020.20916748047 1024.97644042969 1039.83374023438 1048.37377929688 1045.40759277344 1041.70104980469 1056.0390625 1063.02404785156 1079.51306152344 1089.23779296875 1084.87951660156 1084.31774902344
979.938598632812 979.89990234375 963.726257324219 960.222534179688 962.257141113281 976.982482910156 976.791320800781 977.412475585938 977.483337402344 971.987121582031 972.377197265625 973.740051269531 974.93017578125 981.428039550781 983.296630859375 982.651428222656 988.002075195312 983.356140136719 983.173217773438 992.846496582031 989.520080566406 997.097900390625 993.142517089844 994.540466308594 993.334228515625 991.704284667969 994.328796386719 990.945068359375 993.618530273438 1000.95434570312 1012.15679931641 1019.36944580078 1026.49401855469 1017.80401611328 1020.06219482422 1026.64147949219 1028.34240722656 1038.05627441406 1050.73669433594 1045.81628417969 1050.13903808594 1069.38049316406 1074.06030273438 1096.11584472656 1089.92639160156 1077.00073242188
976.873596191406 982.202331542969 977.0810546875 975.091979980469 973.517395019531 983.495361328125 982.160949707031 981.161315917969 979.392944335938 969.752746582031 975.826843261719 971.272705078125 974.893493652344 981.259094238281 980.067016601562 983.768005371094 985.618347167969 981.714599609375 994.572387695312 997.113098144531 992.802612304688 991.852722167969 992.305053710938 996.636108398438 998.510864257812 996.560424804688 985.939453125 994.305725097656 996.48388671875 1001.68615722656 1010.95495605469 1017.93438720703 1020.47613525391 1021.84625244141 1026.3857421875 1032.0224609375 1028.9853515625 1035.86853027344 1038.92016601562 1046.27954101562 1052.96166992188 1064.54321289062 1074.17248535156 1092.16760253906 1084.68432617188 1080.505859375
979.051208496094 982.050659179688 984.7109375 987.553894042969 984.64794921875 979.818542480469 982.078674316406 986.123474121094 978.156860351562 982.127380371094 977.350708007812 983.692626953125 984.623596191406 983.405822753906 985.504760742188 986.727355957031 993.295288085938 992.287231445312 997.359191894531 994.095336914062 1008.29180908203 993.136047363281 986.016052246094 991.743469238281 997.922485351562 996.712341308594 994.813293457031 994.502685546875 997.654968261719 1005.65655517578 1006.763671875 1025.267578125 1025.51623535156 1019.01641845703 1026.28100585938 1034.2685546875 1027.408203125 1035.4052734375 1041.17810058594 1049.04333496094 1057.51953125 1063.44909667969 1077.09704589844 1089.96801757812 1087.31237792969 1071.02172851562
973.769165039062 979.34912109375 980.567993164062 977.007507324219 987.974243164062 986.551147460938 977.870788574219 981.288879394531 978.615295410156 982.432861328125 980.780822753906 982.450561523438 976.646179199219 984.531005859375 982.373657226562 992.0927734375 993.659362792969 1000.17462158203 1001.81140136719 995.301208496094 996.056030273438 992.062622070312 993.942199707031 992.784301757812 991.215270996094 997.622680664062 1001.38372802734 1008.91217041016 997.96142578125 998.440612792969 1012.33459472656 1016.47839355469 1017.44421386719 1016.00756835938 1025.23071289062 1031.50207519531 1038.09814453125 1039.85119628906 1054.65222167969 1049.72375488281 1047.15075683594 1060.27868652344 1065.83825683594 1065.60375976562 1065.33410644531 1058.57824707031
967.175842285156 976.877624511719 977.405639648438 971.396728515625 981.492492675781 982.009521484375 978.253112792969 968.528930664062 980.8935546875 977.975708007812 983.880187988281 975.423217773438 970.100463867188 974.669616699219 980.580078125 996.131713867188 996.66748046875 1000.11279296875 999.042785644531 994.425659179688 1001.81695556641 996.805847167969 997.735412597656 1006.7685546875 995.051879882812 1004.93408203125 1004.84997558594 1006.11651611328 1004.03369140625 996.087158203125 1007.48767089844 1015.64813232422 1020.31915283203 1021.27172851562 1031.45251464844 1028.06591796875 1026.72058105469 1053.36633300781 1057.37390136719 1057.291015625 1049.97253417969 1054.42529296875 1059.67846679688 1051.49633789062 1052.73132324219 1048.09558105469
