data/zlatibor_dem_simulations/DEMsim32.asc
NCOLS 150
NROWS 100
XLLCORNER 7394249
YLLCORNER 4841999
CELLSIZE 30
NODATA_VALUE -9999
[rows 80 to 99 of 100, columns 46 to 91 of 150]
1026.99572753906 1018.45043945312 1009.31451416016 1007.28295898438 1007.00531005859 1010.60876464844 1006.38018798828 999.832946777344 991.62548828125 997.075500488281 993.666809082031 988.531982421875 981.6962890625 985.876892089844 987.219177246094 990.152770996094 984.527160644531 979.156433105469 972.194091796875 972.974670410156 972.879943847656 977.515625 976.230895996094 982.546203613281 994.026794433594 988.380676269531 995.206115722656 1000.38568115234 994.155151367188 990.101928710938 981.744506835938 983.064208984375 985.698974609375 995.997863769531 1004.3935546875 1009.68548583984 1006.97943115234 1013.09088134766 1012.24267578125 1001.79705810547 998.741638183594 995.1669921875 994.398498535156 993.169616699219 997.550048828125 1002.82696533203
1015.54034423828 1014.99169921875 1012.44226074219 1017.09307861328 999.535888671875 1002.48583984375 1006.25189208984 1002.99200439453 1006.49072265625 997.704772949219 977.977966308594 985.758972167969 984.3525390625 983.336486816406 987.366882324219 987.386840820312 979.184997558594 977.17041015625 975.309387207031 971.441833496094 978.120361328125 976.558715820312 981.459106445312 973.614501953125 989.590637207031 986.558715820312 989.661193847656 996.183166503906 987.765197753906 983.447814941406 986.400329589844 979.257568359375 976.055786132812 990.309936523438 1006.83465576172 1006.82965087891 1010.28265380859 1013.47180175781 1005.38110351562 1010.27795410156 998.087097167969 997.578735351562 991.756286621094 988.901184082031 998.918823242188 998.224182128906
1017.32702636719 1014.55230712891 1011.57958984375 1013.49853515625 1002.25744628906 1001.39642333984 991.230041503906 998.38916015625 989.94873046875 995.471069335938 986.750732421875 982.802490234375 982.363464355469 988.3798828125 982.892211914062 986.923156738281 978.832641601562 975.427978515625 971.391418457031 978.636779785156 982.479309082031 980.216857910156 985.085510253906 975.205932617188 987.838806152344 989.681823730469 987.658630371094 987.238708496094 988.255310058594 987.066955566406 993.535217285156 986.383728027344 989.248107910156 994.184204101562 1005.43670654297 1016.33435058594 1011.55017089844 1006.65386962891 1007.9765625 1001.92462158203 1002.37506103516 994.515502929688 996.125915527344 988.923950195312 999.357421875 993.152954101562
1011.89617919922 1015.22296142578 1018.64685058594 1007.99841308594 1003.80541992188 1003.29583740234 992.112487792969 998.31884765625 993.098510742188 992.122863769531 991.852661132812 990.49462890625 989.725708007812 986.284912109375 982.192077636719 982.014099121094 990.308898925781 979.561340332031 984.314270019531 975.046997070312 979.837585449219 980.121337890625 986.44677734375 983.993713378906 995.58837890625 990.895935058594 984.002685546875 990.417297363281 986.208251953125 981.2236328125 991.374389648438 998.132141113281 994.94384765625 990.805786132812 999.391662597656 1012.24249267578 1002.33734130859 995.074584960938 999.876831054688 997.148803710938 1001.66851806641 998.114074707031 996.482971191406 1000.64776611328 1001.73760986328 993.367553710938
1009.20355224609 1011.791015625 1007.58123779297 1004.46331787109 1011.16552734375 1006.1591796875 992.426208496094 994.994445800781 989.131958007812 990.986083984375 988.663757324219 996.1787109375 1002.74407958984 1000.40191650391 987.504272460938 993.209716796875 989.072204589844 981.930297851562 981.129760742188 977.989135742188 978.334228515625 977.171752929688 980.283203125 977.948425292969 986.089050292969 980.247253417969 978.469055175781 982.528869628906 983.433837890625 985.524230957031 988.075805664062 989.617309570312 989.185791015625 992.328735351562 996.272521972656 1000.56146240234 991.294006347656 991.863525390625 995.373596191406 1003.587890625 998.8935546875 1001.11981201172 1002.955078125 1005.25952148438 1000.69494628906 996.671447753906
1007.04077148438 999.041381835938 1001.05932617188 1008.31597900391 1003.94952392578 1002.18957519531 997.6826171875 990.216857910156 992.802978515625 996.040405273438 994.810424804688 1001.67028808594 1008.13000488281 1003.57727050781 988.209716796875 983.072021484375 992.402587890625 980.597290039062 984.359252929688 975.531066894531 978.845825195312 988.3046875 982.706787109375 986.485107421875 986.9111328125 988.441162109375 988.2568359375 983.568115234375 989.8505859375 988.874267578125 990.314147949219 987.196655273438 991.269714355469 996.3876953125 991.30712890625 986.892211914062 993.3916015625 1003.26147460938 1002.12878417969 1004.61157226562 1006.72857666016 1004.71649169922 999.629272460938 1003.93322753906 1004.23077392578 996.373901367188
989.923156738281 1000.77099609375 999.795959472656 1003.41046142578 1003.18237304688 1001.19299316406 998.2236328125 996.309692382812 985.283020019531 992.848999023438 998.109375 1001.17205810547 1008.04791259766 999.227966308594 992.495239257812 987.962219238281 983.193542480469 988.279907226562 988.505065917969 988.3125 984.9658203125 990.570434570312 990.617370605469 995.344970703125 991.097900390625 992.476806640625 993.517211914062 991.620727539062 992.554382324219 991.401916503906 988.375793457031 989.6708984375 990.890014648438 989.491577148438 990.599792480469 987.478881835938 988.02880859375 1003.07666015625 999.22607421875 1002.68005371094 1006.59637451172 1001.59619140625 997.586791992188 1001.26873779297 1003.66381835938 999.272033691406
995.069763183594 1005.58264160156 1001.54339599609 990.919128417969 990.459899902344 989.3125 994.869445800781 995.961975097656 986.738159179688 991.175720214844 989.000122070312 1007.86560058594 1006.25762939453 1000.16333007812 1001.10064697266 991.400268554688 992.202331542969 990.200439453125 996.333923339844 995.309020996094 992.614440917969 988.281860351562 986.297180175781 991.531494140625 991.6845703125 991.220947265625 994.606201171875 995.263000488281 997.0615234375 997.502746582031 981.783752441406 995.268493652344 987.922180175781 995.252685546875 983.022705078125 988.638366699219 991.330261230469 995.318481445312 994.216247558594 1006.95294189453 1009.05310058594 1011.47674560547 1004.99829101562 1007.79278564453 1003.27856445312 997.137329101562
995.794982910156 998.098999023438 994.108032226562 994.21875 991.716857910156 987.073913574219 987.964599609375 990.728820800781 996.198364257812 1001.02777099609 1001.94360351562 1014.87261962891 1006.1123046875 1009.70208740234 1014.04516601562 1003.25872802734 993.099670410156 996.394714355469 1000.89483642578 997.129150390625 992.051818847656 987.974975585938 987.332214355469 989.811340332031 994.334167480469 994.85888671875 997.161987304688 994.185607910156 995.580627441406 996.131225585938 990.6025390625 987.612670898438 989.71875 992.276184082031 984.883117675781 993.134826660156 994.966857910156 993.5283203125 998.843017578125 1006.41094970703 1009.90740966797 1017.19970703125 1017.01275634766 1016.39996337891 1013.66687011719 1002.43310546875
988.498474121094 980.178833007812 984.140625 990.637390136719 997.950622558594 989.083923339844 992.0419921875 995.907470703125 1005.81915283203 1002.84216308594 1007.71697998047 1020.03472900391 1027.58728027344 1023.91790771484 1016.49835205078 997.977416992188 999.359680175781 995.822204589844 1001.12200927734 996.744995117188 990.347473144531 991.179260253906 994.211547851562 991.990539550781 991.632507324219 988.216247558594 998.168334960938 995.796569824219 999.180480957031 994.327026367188 990.476379394531 986.563415527344 993.355712890625 987.597045898438 987.482299804688 983.044311523438 991.256408691406 996.409484863281 1004.06414794922 1007.56671142578 1009.53576660156 1005.61883544922 1008.38830566406 1007.39007568359 1019.25988769531 1009.02667236328
984.135864257812 987.102416992188 979.924133300781 982.305969238281 991.002258300781 990.6923828125 998.372924804688 996.143371582031 1001.80908203125 1002.90631103516 1008.50164794922 1019.78631591797 1022.25677490234 1024.38549804688 1008.24713134766 1004.11901855469 1004.06976318359 1001.47265625 1004.44573974609 1000.58093261719 996.551940917969 999.494445800781 997.900756835938 987.922485351562 987.447570800781 985.008239746094 997.781188964844 994.593200683594 994.076599121094 999.236938476562 994.963317871094 988.014282226562 988.8525390625 992.184692382812 985.968688964844 991.595336914062 992.504760742188 988.877746582031 998.153259277344 1005.35583496094 1008.78430175781 1009.72985839844 1016.17242431641 1022.87017822266 1012.33551025391 1015.14849853516
979.629272460938 990.018920898438 979.410339355469 985.883911132812 986.838073730469 992.587097167969 994.477294921875 992.786499023438 1000.43023681641 1004.77001953125 1019.69915771484 1012.46215820312 1017.11047363281 1018.69787597656 1010.32409667969 1000.78729248047 1001.30096435547 1004.95288085938 999.684753417969 1001.91839599609 1004.20037841797 1003.29357910156 1001.90399169922 998.184936523438 1000.1474609375 996.901489257812 1002.03076171875 992.991760253906 995.113159179688 1005.53552246094 997.147766113281 993.277770996094 994.64892578125 1001.52429199219 994.678955078125 1001.98229980469 997.377624511719 1006.52795410156 1005.99255371094 1009.84899902344 1011.38940429688 1005.33129882812 1011.47344970703 1014.52197265625 1010.97857666016 1012.07476806641
969.158935546875 977.658203125 980.196960449219 987.054382324219 986.656188964844 988.44482421875 995.956176757812 994.775390625 1003.06860351562 1008.03533935547 1014.30035400391 1010.20050048828 1015.89617919922 1014.55615234375 1009.64038085938 1008.72076416016 1006.49493408203 1017.29534912109 1005.30780029297 1005.09991455078 1010.02014160156 1000.42565917969 998.313171386719 1003.45446777344 992.320434570312 998.709777832031 1001.87072753906 996.373291015625 996.499389648438 993.987854003906 998.671142578125 999.444519042969 1005.01031494141 996.800354003906 993.008056640625 999.651550292969 1005.27001953125 1005.59246826172 1000.33599853516 999.938232421875 1002.72027587891 1010.10327148438 1005.16937255859 1015.01458740234 1009.54602050781 1012.82653808594
969.656311035156 976.404968261719 984.058227539062 996.474731445312 1000.25579833984 996.531677246094 994.804870605469 995.64501953125 1001.68121337891 1004.69580078125 1003.74670410156 1014.248046875 1009.17987060547 1013.65301513672 1009.63989257812 1019.51324462891 1020.53668212891 1022.75494384766 1019.34423828125 1013.27099609375 1006.44049072266 996.026245117188 997.076843261719 998.376159667969 1000.67279052734 991.223571777344 996.22900390625 992.1259765625 993.866271972656 998.405456542969 998.86865234375 989.059020996094 991.172241210938 1000.38647460938 1001.24542236328 991.726257324219 998.984252929688 1004.51098632812 1003.98394775391 1001.75891113281 1001.25048828125 1006.23889160156 1007.61663818359 1019.29022216797 1010.45196533203 1002.57574462891
969.043701171875 972.597595214844 980.563842773438 985.676635742188 995.997497558594 995.813415527344 987.300170898438 993.87353515625 998.486083984375 1010.90045166016 1012.88232421875 1015.33630371094 1014.45697021484 1010.70941162109 1025.23364257812 1025.06994628906 1028.96911621094 1016.56280517578 1017.26354980469 1008.81842041016 1012.26940917969 1014.99151611328 1004.19152832031 1001.65417480469 1001.88018798828 998.637634277344 1005.03253173828 1006.08636474609 1004.37969970703 1005.80261230469 1003.73858642578 1003.95031738281 995.582885742188 999.430847167969 1000.39233398438 992.539245605469 991.0234375 999.881164550781 995.777648925781 1003.43792724609 1004.91815185547 1002.22747802734 1006.39416503906 1006.59045410156 998.276916503906 1005.10034179688
981.529541015625 975.139221191406 982.255065917969 986.140747070312 989.645263671875 981.306335449219 994.050415039062 993.656555175781 996.421936035156 1000.68951416016 1005.47308349609 1020.35333251953 1019.80096435547 1018.09680175781 1021.88073730469 1030.97094726562 1031.9482421875 1020.22760009766 1023.17340087891 1017.92950439453 1009.90631103516 1013.26135253906 1003.25927734375 1007.39422607422 1003.98858642578 1001.50946044922 1006.55932617188 1007.07763671875 1008.76318359375 998.740844726562 1000.04913330078 1003.59173583984 999.991149902344 1002.12677001953 1007.58197021484 991.865234375 987.754455566406 999.800109863281 1000.44262695312 994.365112304688 997.9326171875 996.566284179688 1003.70812988281 1001.37164306641 995.275024414062 1002.46661376953
972.549621582031 976.449279785156 990.3837890625 984.139282226562 985.69384765625 982.940795898438 986.985778808594 995.702453613281 992.24072265625 995.815246582031 1000.89801025391 1015.25274658203 1014.32952880859 1018.49291992188 1020.45770263672 1024.43481445312 1023.49212646484 1018.1533203125 1025.67578125 1022.83453369141 1016.78198242188 1010.84973144531 1012.82604980469 1011.60467529297 1006.92242431641 1004.31109619141 1011.45904541016 1007.13909912109 1001.86322021484 1007.66320800781 1011.470703125 1005.37762451172 1010.6181640625 1009.15625 1004.04333496094 995.705078125 994.121459960938 996.274291992188 1003.51220703125 992.048583984375 996.993347167969 1003.92401123047 1001.93853759766 1002.12463378906 993.51708984375 1009.74951171875
975.067810058594 973.530334472656 976.291320800781 989.308532714844 991.769897460938 985.596374511719 989.970275878906 995.866027832031 988.200561523438 992.755859375 1000.69317626953 1009.85284423828 1020.70977783203 1020.36547851562 1020.888671875 1023.93615722656 1016.17218017578 1020.36743164062 1026.44067382812 1023.22662353516 1018.76324462891 1009.27679443359 1016.99609375 1017.71478271484 1005.51031494141 1009.29821777344 1016.86541748047 1016.64099121094 1012.55316162109 1018.02947998047 1019.36077880859 1012.60900878906 1015.65734863281 1014.02288818359 1010.82684326172 1003.91552734375 1004.72680664062 1006.21459960938 1007.90856933594 998.753784179688 1001.46795654297 1003.92120361328 1010.48663330078 1003.64190673828 1003.15472412109 1007.32312011719
976.696655273438 973.946838378906 975.035827636719 987.923217773438 991.203247070312 981.433837890625 986.624267578125 989.459228515625 992.740600585938 992.8876953125 994.5322265625 1004.75384521484 1014.44360351562 1014.56188964844 1016.38397216797 1020.77160644531 1016.05743408203 1028.55139160156 1027.47973632812 1020.5771484375 1011.2509765625 1012.16290283203 1011.74456787109 1011.22576904297 1013.21356201172 1017.32702636719 1019.19165039062 1013.21710205078 1014.23742675781 1013.54412841797 1011.59265136719 1010.2236328125 1006.54388427734 1012.14123535156 1007.73248291016 1005.21496582031 1009.46240234375 1005.23706054688 997.895690917969 1001.87811279297 995.641296386719 999.990417480469 1009.15948486328 1004.29235839844 1008.8837890625 1010.06042480469
976.270935058594 976.417907714844 977.404907226562 981.933715820312 988.455383300781 987.700744628906 989.763122558594 996.65771484375 996.859436035156 999.887634277344 1005.71636962891 1008.24719238281 1018.96673583984 1015.29077148438 1016.88500976562 1014.81939697266 1022.97686767578 1024.90356445312 1022.76428222656 1018.64855957031 1018.80432128906 1012.02502441406 1016.48870849609 1014.50518798828 1020.88061523438 1026.98840332031 1016.38293457031 1014.14868164062 1009.64093017578 1011.07861328125 1008.42272949219 1008.27380371094 1016.27453613281 1016.92150878906 1015.80303955078 1014.60968017578 1018.08178710938 1005.74890136719 994.363037109375 990.663879394531 992.230651855469 996.940002441406 1003.89959716797 1007.74005126953 1008.58239746094 1011.13726806641
