data/zlatibor_dem_simulations/DEMsim99.asc
NCOLS 150
NROWS 100
XLLCORNER 7394249
YLLCORNER 4841999
CELLSIZE 30
NODATA_VALUE -9999
[rows 60 to 79 of 100, columns 92 to 137 of 150]
970.478393554688 974.559753417969 982.495422363281 980.235168457031 975.189758300781 978.468017578125 964.95166015625 967.443115234375 973.850891113281 989.321716308594 986.441101074219 981.205749511719 985.938293457031 981.120544433594 988.622314453125 987.894958496094 987.806396484375 996.071228027344 1000.97174072266 987.819641113281 989.259887695312 993.943237304688 996.272033691406 999.272888183594 1010.37139892578 1002.60656738281 1006.24493408203 1006.02423095703 1005.15338134766 1010.18377685547 1013.02923583984 1018.93536376953 1021.4931640625 1017.40808105469 1019.37615966797 1014.70373535156 1011.62524414062 1017.30657958984 1027.49633789062 1036.66821289062 1052.8212890625 1053.7646484375 1060.88330078125 1068.61389160156 1064.28857421875 1058.81066894531
966.873657226562 973.890747070312 973.615539550781 972.710021972656 970.451965332031 975.830932617188 969.907165527344 978.154907226562 979.948974609375 987.910827636719 985.057861328125 981.059020996094 977.372131347656 994.756652832031 987.711853027344 983.498046875 985.73876953125 987.428771972656 981.057189941406 989.710205078125 994.46142578125 1000.56646728516 1002.32843017578 1011.29522705078 1009.01013183594 1008.78924560547 1006.22967529297 1008.69555664062 1013.77911376953 1007.24798583984 1012.22357177734 1012.67041015625 1013.92138671875 1015.22515869141 1019.36981201172 1017.19445800781 1022.30841064453 1027.4150390625 1032.56457519531 1044.79821777344 1049.27209472656 1063.21313476562 1067.55041503906 1070.529296875 1061.21948242188 1060.4951171875
967.422058105469 967.947998046875 970.129028320312 974.284484863281 967.061767578125 976.119201660156 983.992004394531 989.026184082031 980.650573730469 990.572387695312 988.098266601562 985.200866699219 981.414245605469 987.887573242188 984.087280273438 980.172058105469 987.29443359375 988.591247558594 982.531127929688 988.342956542969 998.852172851562 1004.94207763672 1006.73913574219 1006.85040283203 1011.04113769531 1016.13787841797 1014.41839599609 1011.80834960938 1005.71398925781 1009.31646728516 1016.30419921875 1012.98120117188 1017.25634765625 1023.79760742188 1029.22436523438 1026.03015136719 1025.49194335938 1033.55944824219 1032.86706542969 1039.57836914062 1056.72058105469 1061.60583496094 1065.18774414062 1067.65185546875 1060.09399414062 1056.16369628906
982.207153320312 979.144958496094 980.362609863281 982.667846679688 973.921691894531 982.22021484375 988.808898925781 981.32373046875 982.088134765625 988.379760742188 985.552978515625 985.757019042969 984.991943359375 984.3720703125 977.398254394531 985.519348144531 984.470092773438 986.87353515625 995.617736816406 996.285034179688 995.1416015625 998.728881835938 1004.75445556641 1007.51635742188 1013.18664550781 1011.17468261719 1020.19720458984 1012.83337402344 1015.70080566406 1025.86828613281 1030.84326171875 1025.7470703125 1026.71923828125 1026.37048339844 1028.50549316406 1029.333984375 1028.1748046875 1031.13940429688 1030.04016113281 1037.43664550781 1052.53686523438 1060.81140136719 1056.73278808594 1052.29809570312 1051.2177734375 1050.37170410156
978.167541503906 978.793212890625 979.633850097656 975.821228027344 976.126647949219 977.805847167969 979.855651855469 980.012939453125 974.388427734375 982.792114257812 987.140075683594 988.932678222656 990.835571289062 985.656127929688 976.276733398438 992.080139160156 989.612426757812 983.78955078125 987.608825683594 989.823181152344 993.718872070312 994.901184082031 1004.50354003906 1010.50091552734 1024.04333496094 1028.84912109375 1027.17321777344 1021.38568115234 1023.67126464844 1030.54406738281 1028.04711914062 1018.21759033203 1024.92492675781 1023.19580078125 1027.92553710938 1024.99816894531 1025.67761230469 1028.19165039062 1027.91589355469 1034.69116210938 1046.99694824219 1054.26477050781 1050.20043945312 1049.76989746094 1042.12170410156 1038.90124511719
971.093872070312 977.488220214844 982.403747558594 975.502624511719 976.611022949219 978.777954101562 987.960083007812 987.869750976562 983.944152832031 986.868225097656 990.176635742188 977.994140625 988.073791503906 985.609130859375 980.66015625 987.551147460938 989.894592285156 991.891845703125 996.372497558594 993.40673828125 993.215942382812 1006.27941894531 1001.08715820312 1013.95513916016 1018.27728271484 1024.63830566406 1028.16821289062 1026.21374511719 1023.95361328125 1033.94189453125 1036.94848632812 1024.96594238281 1025.26037597656 1013.21038818359 1019.90454101562 1022.02917480469 1025.72729492188 1025.51062011719 1027.12707519531 1030.82885742188 1033.92114257812 1046.59460449219 1044.16418457031 1041.10998535156 1040.69079589844 1035.47766113281
969.427856445312 974.534240722656 975.241394042969 978.963134765625 984.613830566406 988.411193847656 994.371276855469 991.018371582031 990.754211425781 982.432189941406 985.764282226562 986.751342773438 990.678100585938 974.609558105469 983.894287109375 994.280944824219 1000.18316650391 995.93798828125 993.619567871094 992.610168457031 997.787170410156 1010.24444580078 1009.93719482422 1021.82794189453 1023.72039794922 1030.0283203125 1036.40649414062 1031.94287109375 1034.15783691406 1039.20422363281 1022.29840087891 1029.94482421875 1022.15441894531 1017.43634033203 1025.14965820312 1025.69885253906 1032.31665039062 1027.11975097656 1028.521484375 1032.54162597656 1033.96923828125 1034.71643066406 1039.05676269531 1039.39782714844 1035.24182128906 1030.91906738281
970.678344726562 971.272033691406 974.301330566406 980.091003417969 984.902648925781 989.498962402344 998.423278808594 994.590270996094 987.288757324219 994.950317382812 995.671875 992.039855957031 991.071472167969 982.164611816406 992.255432128906 1002.15460205078 1007.92462158203 1004.08032226562 1005.39166259766 1001.04602050781 1008.79864501953 1011.86499023438 1024.86535644531 1028.89794921875 1030.57263183594 1027.484375 1036.29553222656 1038.2939453125 1042.76916503906 1042.46765136719 1036.55688476562 1020.62951660156 1022.26501464844 1019.21270751953 1020.69091796875 1022.09991455078 1029.87963867188 1036.08715820312 1042.29455566406 1032.02307128906 1032.96789550781 1039.53784179688 1029.93835449219 1035.82556152344 1024.498046875 1023.02154541016
977.0703125 981.613159179688 982.082092285156 989.558166503906 989.228149414062 987.777465820312 989.08740234375 993.795288085938 993.708251953125 1001.5859375 1001.65252685547 1003.97540283203 995.89892578125 997.925903320312 994.733520507812 1011.12750244141 1016.38433837891 1020.84930419922 1023.94757080078 1026.33129882812 1024.7734375 1023.09686279297 1027.38818359375 1040.03125 1037.95422363281 1039.732421875 1040.89416503906 1045.61889648438 1040.82067871094 1040.94128417969 1042.53894042969 1036.6796875 1025.1630859375 1022.75732421875 1022.36309814453 1024.99853515625 1036.65844726562 1035.61511230469 1040.98620605469 1037.86608886719 1029.18383789062 1028.90576171875 1035.01623535156 1028.88171386719 1017.11541748047 1013.51428222656
985.006652832031 989.891540527344 985.80029296875 999.483703613281 990.198669433594 996.759826660156 990.505981445312 997.123352050781 996.372375488281 1001.38311767578 1005.4404296875 1002.93206787109 1009.38140869141 1008.35797119141 1006.88909912109 1011.49591064453 1012.27038574219 1021.1416015625 1032.89282226562 1029.55480957031 1029.40686035156 1025.42980957031 1029.66687011719 1033.89904785156 1038.61145019531 1041.66540527344 1044.451171875 1047.92395019531 1047.4072265625 1040.99609375 1038.46899414062 1038.07702636719 1030.55798339844 1024.06848144531 1024.67492675781 1024.02331542969 1023.83270263672 1028.42834472656 1024.13623046875 1027.60339355469 1026.10620117188 1028.390625 1025.21374511719 1021.36413574219 1020.20355224609 1015.05053710938
987.517333984375 988.940307617188 991.670104980469 992.777587890625 997.670959472656 997.22607421875 996.5615234375 998.4326171875 1000.59350585938 1002.00744628906 1000.66052246094 1000.23077392578 1011.31530761719 1007.14489746094 1005.89080810547 1008.47210693359 1015.68347167969 1016.96868896484 1028.09033203125 1028.36962890625 1030.59228515625 1030.71374511719 1034.79626464844 1032.33874511719 1034.8759765625 1039.47009277344 1047.72473144531 1045.76342773438 1045.90112304688 1048.53540039062 1046.24719238281 1041.0322265625 1038.35119628906 1031.26953125 1024.248046875 1018.06634521484 1017.21649169922 1026.69812011719 1030.77600097656 1028.98840332031 1023.61712646484 1016.26672363281 1018.91198730469 1015.10620117188 1019.02972412109 1019.79675292969
984.639404296875 984.206604003906 985.17822265625 988.197265625 992.813537597656 996.602172851562 1004.64294433594 1004.34930419922 1001.15472412109 995.239379882812 998.695068359375 1007.96856689453 1007.25811767578 1006.44268798828 1009.56109619141 1016.431640625 1006.83898925781 1017.54998779297 1034.36572265625 1029.68359375 1026.24450683594 1020.912109375 1032.06408691406 1037.93591308594 1026.88427734375 1032.033203125 1043.544921875 1050.61181640625 1042.02697753906 1041.50366210938 1033.79016113281 1031.42626953125 1029.47094726562 1020.53778076172 1023.81286621094 1018.24493408203 1017.91430664062 1022.375 1018.92004394531 1019.57727050781 1020.99163818359 1014.66149902344 1020.85479736328 1021.27111816406 1025.53503417969 1020.40460205078
972.643371582031 977.731384277344 991.10888671875 987.9990234375 1001.7373046875 1008.49938964844 1008.94415283203 1006.45202636719 1004.85180664062 996.230285644531 1005.26354980469 1010.53649902344 999.905090332031 1007.62261962891 1013.05236816406 1014.11853027344 1010.01745605469 1009.28436279297 1018.56921386719 1020.52581787109 1016.70379638672 1020.9404296875 1032.07458496094 1030.09533691406 1030.71459960938 1031.01342773438 1045.23510742188 1043.37670898438 1038.02734375 1042.279296875 1027.20043945312 1024.26062011719 1018.40716552734 1017.87377929688 1016.46484375 1017.86804199219 1021.28698730469 1013.11761474609 1016.51153564453 1011.73370361328 1018.17169189453 1014.58776855469 1026.6669921875 1022.99700927734 1019.673828125 1026.62536621094
979.876342773438 984.604736328125 993.634460449219 992.450073242188 998.786926269531 1007.88055419922 1002.44958496094 999.463684082031 1003.18334960938 1007.65466308594 1008.16644287109 1013.7919921875 1000.72912597656 1009.43499755859 1008.58093261719 1010.51947021484 1009.30865478516 1011.17633056641 1014.30029296875 1019.35101318359 1026.89074707031 1027.12768554688 1027.0107421875 1030.0234375 1025.20666503906 1030.318359375 1031.46716308594 1033.9814453125 1034.49291992188 1033.22192382812 1026.75817871094 1024.67932128906 1020.12854003906 1019.6806640625 1018.99475097656 1018.88134765625 1015.84057617188 1004.52746582031 1011.55743408203 1009.8623046875 1014.94567871094 1016.45220947266 1025.91271972656 1031.36340332031 1023.15972900391 1014.87280273438
981.172119140625 988.524658203125 991.404602050781 1002.22424316406 1000.869140625 1004.42034912109 1001.45471191406 1003.07098388672 1008.05755615234 1007.35333251953 1014.291015625 1014.44927978516 1008.73699951172 1011.21032714844 1015.45074462891 1008.72497558594 1008.13244628906 1014.24676513672 1020.330078125 1018.21520996094 1025.33422851562 1031.11706542969 1027.29858398438 1025.81115722656 1030.20703125 1025.2890625 1025.93310546875 1030.29309082031 1032.68713378906 1031.83984375 1026.18981933594 1024.8701171875 1021.52093505859 1019.2216796875 1015.02819824219 1015.95190429688 1007.57690429688 1005.19329833984 1007.32482910156 1006.88745117188 1011.61993408203 1020.47448730469 1022.32141113281 1024.26245117188 1011.70178222656 1005.58288574219
984.384948730469 997.284423828125 1006.791015625 1003.10180664062 1000.68243408203 1004.79333496094 1005.13818359375 1007.48614501953 1012.57305908203 1022.03979492188 1013.42248535156 1018.98541259766 1012.94293212891 1012.01922607422 1014.3759765625 1008.47161865234 1013.15740966797 1016.57482910156 1022.97741699219 1025.36669921875 1028.96960449219 1033.02856445312 1025.60388183594 1023.64715576172 1017.07861328125 1016.56872558594 1018.97491455078 1025.74279785156 1025.49230957031 1024.41491699219 1029.35388183594 1027.48547363281 1027.87817382812 1023.71020507812 1019.32055664062 1010.00622558594 1001.7626953125 1004.73822021484 1006.81726074219 1009.07263183594 1010.44970703125 1019.82879638672 1020.51843261719 1024.26953125 1007.07531738281 995.014343261719
986.462280273438 990.97900390625 1000.09106445312 1004.40258789062 1001.15893554688 1003.45343017578 1006.58734130859 1013.07995605469 1011.85723876953 1012.93328857422 1015.31201171875 1011.27093505859 1010.20477294922 1007.71246337891 1008.11572265625 1013.84362792969 1017.79150390625 1015.60107421875 1018.30841064453 1025.70202636719 1033.96313476562 1033.97973632812 1030.16442871094 1025.66674804688 1014.04541015625 1013.12982177734 1015.90295410156 1014.10321044922 1021.1728515625 1027.57434082031 1024.41809082031 1021.73168945312 1036.12768554688 1023.41528320312 1018.60986328125 1008.92828369141 1005.23974609375 1003.96942138672 1014.86108398438 1014.35687255859 1016.61730957031 1025.31811523438 1020.40051269531 1020.13531494141 1006.55718994141 996.387329101562
996.552612304688 990.455749511719 991.752502441406 1005.70727539062 1004.26062011719 1001.80712890625 1004.70324707031 1012.96063232422 1007.72265625 998.55908203125 1009.43878173828 1007.15185546875 1004.25268554688 1011.09338378906 1010.93627929688 1018.65509033203 1020.43743896484 1023.99389648438 1034.26696777344 1033.12744140625 1038.99084472656 1032.37878417969 1026.55187988281 1025.86071777344 1026.03295898438 1018.88684082031 1019.95941162109 1023.78192138672 1024.07788085938 1022.80731201172 1027.75439453125 1019.95959472656 1026.4775390625 1016.45928955078 1014.81195068359 1009.41333007812 1006.88244628906 1001.58154296875 1010.20837402344 1012.28704833984 1019.27178955078 1027.77697753906 1021.28649902344 1014.87084960938 1002.90155029297 995.14501953125
988.006713867188 981.563232421875 991.953308105469 996.831298828125 994.921264648438 995.834655761719 996.013244628906 1001.6728515625 1005.05322265625 998.86474609375 1004.34985351562 1010.35980224609 1007.14465332031 1008.82867431641 1009.87158203125 1024.49914550781 1027.92236328125 1020.42602539062 1028.05322265625 1030.45251464844 1032.27001953125 1031.16296386719 1035.43627929688 1031.3974609375 1026.07263183594 1022.25860595703 1017.30755615234 1025.37048339844 1024.44982910156 1024.24328613281 1030.27758789062 1020.05352783203 1016.7568359375 1018.86877441406 1012.2607421875 1005.58715820312 1000.57385253906 995.550659179688 1004.86199951172 1015.4228515625 1023.55902099609 1026.86499023438 1014.52789306641 1016.78961181641 998.259826660156 993.199096679688
989.190490722656 988.055969238281 980.341979980469 999.677001953125 994.667663574219 994.03564453125 997.861083984375 996.123840332031 999.705749511719 1000.59515380859 1011.38677978516 1014.32934570312 1013.21051025391 1006.96643066406 1010.37963867188 1020.17547607422 1025.87805175781 1027.22216796875 1031.48657226562 1029.89270019531 1031.3310546875 1032.54516601562 1035.59362792969 1047.14404296875 1036.96337890625 1018.45129394531 1031.27673339844 1028.66955566406 1022.97100830078 1020.92022705078 1017.98217773438 1012.63189697266 1013.51153564453 1010.09161376953 1008.23681640625 1007.19927978516 996.5849609375 1002.89349365234 1006.14013671875 1016.82977294922 1026.80737304688 1026.9345703125 1025.79296875 1015.60266113281 1002.02331542969 991.617736816406
