data/zlatibor_dem_simulations/DEMsim86.asc
NCOLS 150
NROWS 100
XLLCORNER 7394249
YLLCORNER 4841999
CELLSIZE 30
NODATA_VALUE -9999
[rows 20 to 39 of 100, columns 0 to 45 of 150]
950.934997558594 961.293884277344 960.688049316406 959.779907226562 963.290344238281 966.691162109375 962.5908203125 964.957763671875 960.361083984375 959.529968261719 959.226928710938 961.849731445312 961.987609863281 962.465881347656 971.270690917969 974.408081054688 967.778198242188 974.519775390625 977.526245117188 977.77392578125 976.624694824219 976.032592773438 975.063842773438 981.67578125 993.14599609375 1004.22625732422 1006.05975341797 1004.32202148438 1005.91674804688 1018.04364013672 1010.11547851562 1015.60662841797 1015.82153320312 1024.33837890625 1029.87353515625 1036.35229492188 1035.55249023438 1046.82360839844 1049.14392089844 1043.26623535156 1044.14050292969 1039.24072265625 1034.46423339844 1029.32165527344 1025.23815917969 1020.70941162109
947.639526367188 946.689025878906 957.120544433594 956.610900878906 964.678771972656 959.518859863281 955.755065917969 953.782104492188 952.931701660156 949.196472167969 945.8642578125 953.939208984375 959.962890625 965.747192382812 966.273864746094 965.969299316406 967.9697265625 968.427612304688 974.187255859375 979.044189453125 985.58056640625 977.210876464844 984.586303710938 987.419372558594 997.844299316406 1001.1376953125 1006.55346679688 1004.52197265625 1008.548828125 1013.89459228516 1015.18194580078 1012.43963623047 1016.07373046875 1017.38482666016 1025.15966796875 1038.22094726562 1040.04125976562 1050.30981445312 1040.75390625 1041.17700195312 1039.10009765625 1031.69665527344 1039.75061035156 1037.51953125 1022.96728515625 1026.048828125
944.306213378906 946.496520996094 949.828369140625 947.299926757812 962.455932617188 966.924865722656 954.089599609375 947.47265625 950.026916503906 951.700866699219 952.574768066406 957.976989746094 946.235534667969 959.106384277344 961.774475097656 965.051513671875 959.813415527344 964.48779296875 969.218078613281 969.994934082031 977.182922363281 976.442443847656 975.969909667969 988.447082519531 996.25244140625 995.069702148438 1005.98809814453 1004.08215332031 1003.98492431641 1012.23681640625 1010.80737304688 1017.71893310547 1013.62506103516 1017.51080322266 1023.08654785156 1020.74279785156 1030.16345214844 1038.85400390625 1042.697265625 1039.4892578125 1026.87036132812 1032.52807617188 1027.78100585938 1029.9013671875 1021.88958740234 1020.79376220703
936.793395996094 942.316101074219 947.455810546875 947.331665039062 962.264099121094 957.038452148438 955.981384277344 948.642517089844 943.111389160156 947.38037109375 947.004760742188 947.380798339844 951.108154296875 957.392150878906 957.310241699219 959.623291015625 956.420043945312 946.916076660156 963.509887695312 967.527648925781 976.580810546875 983.877807617188 978.596557617188 991.087097167969 987.30712890625 994.95654296875 991.6845703125 987.148559570312 996.960754394531 998.566101074219 1005.41650390625 1019.23510742188 1012.24499511719 1007.46862792969 1014.23028564453 1013.5654296875 1014.91534423828 1029.73718261719 1040.21765136719 1036.232421875 1030.23986816406 1028.796875 1022.86181640625 1020.50073242188 1016.52966308594 1005.02301025391
950.427673339844 942.36376953125 942.81884765625 952.647216796875 949.185668945312 958.310485839844 957.1455078125 948.777954101562 946.310363769531 956.998596191406 950.617126464844 947.355041503906 948.48095703125 961.129333496094 962.853454589844 961.660583496094 952.386474609375 965.780517578125 961.588745117188 964.829711914062 966.914672851562 979.621520996094 976.947692871094 980.836791992188 987.924499511719 993.237731933594 982.800048828125 980.672790527344 993.358337402344 992.368957519531 995.124572753906 1009.2109375 1007.59313964844 1006.06481933594 1011.05541992188 1007.63604736328 999.675354003906 1018.94122314453 1031.61596679688 1031.02392578125 1030.10693359375 1019.79992675781 1017.228515625 1019.80554199219 1011.99896240234 1007.15576171875
946.232482910156 938.523071289062 941.108215332031 948.016845703125 954.172180175781 950.399841308594 944.97998046875 953.7041015625 956.985961914062 952.703186035156 956.043151855469 954.402954101562 955.607360839844 968.464904785156 977.346496582031 971.719177246094 962.378051757812 960.616577148438 963.239562988281 969.206176757812 980.656799316406 985.532043457031 984.956298828125 982.168884277344 988.738098144531 988.665649414062 991.0546875 984.984680175781 992.378601074219 993.21044921875 996.735290527344 996.500244140625 1002.59204101562 998.132080078125 996.964416503906 1007.43438720703 1008.41674804688 1010.54888916016 1019.31243896484 1023.10015869141 1013.62658691406 1007.46997070312 1012.83355712891 1013.32611083984 1012.28253173828 998.543090820312
943.210388183594 946.179809570312 950.208862304688 947.243103027344 949.575988769531 947.229858398438 946.34375 957.3193359375 962.061096191406 957.944763183594 968.844055175781 953.895874023438 960.703918457031 964.25537109375 970.842407226562 977.356689453125 969.627807617188 968.496276855469 971.245422363281 967.886779785156 983.610900878906 985.145629882812 982.338500976562 987.400756835938 989.462036132812 990.649230957031 987.74267578125 990.723449707031 991.688232421875 997.1416015625 991.213928222656 991.791442871094 989.686828613281 985.291198730469 988.762756347656 994.820373535156 1006.10162353516 1008.23028564453 1011.11340332031 1014.54541015625 1004.33410644531 1003.21795654297 1006.14428710938 1012.42321777344 1004.18933105469 996.560424804688
947.259704589844 947.489868164062 947.884765625 945.507202148438 948.810974121094 958.15283203125 964.163757324219 958.633117675781 969.692016601562 970.467712402344 964.875610351562 958.810363769531 966.971313476562 969.826782226562 968.184143066406 971.564575195312 973.061828613281 971.207214355469 977.10986328125 976.361450195312 981.426513671875 978.104736328125 989.825073242188 993.718505859375 987.250305175781 992.526672363281 985.075927734375 994.572143554688 986.592956542969 989.399780273438 984.199645996094 991.594482421875 991.072082519531 981.954650878906 983.700012207031 996.401611328125 1001.59271240234 1002.98162841797 1003.64367675781 1001.19622802734 1006.04455566406 999.237121582031 998.433776855469 1009.48303222656 1004.85595703125 1005.02685546875
950.610290527344 952.5087890625 953.946411132812 952.328125 950.979553222656 955.661926269531 959.498779296875 965.316650390625 972.558410644531 959.496826171875 964.869506835938 974.557800292969 966.373413085938 975.948059082031 981.419860839844 975.774841308594 970.348388671875 977.855773925781 974.0283203125 978.210388183594 979.814514160156 981.453552246094 989.501342773438 992.657836914062 989.992980957031 984.934997558594 983.562744140625 991.154357910156 993.963012695312 993.292663574219 982.142700195312 991.027099609375 989.638488769531 987.147888183594 983.590209960938 991.214782714844 995.679321289062 997.829162597656 994.070251464844 1001.17907714844 1004.57183837891 1006.04162597656 1007.66009521484 994.832641601562 996.754943847656 1008.70349121094
946.295288085938 951.379089355469 952.685424804688 951.172973632812 956.744873046875 952.820434570312 967.359619140625 970.483337402344 978.598083496094 971.3818359375 966.407592773438 978.195373535156 978.347961425781 980.647644042969 974.816711425781 976.023254394531 977.101501464844 977.982482910156 970.681030273438 971.341125488281 984.765686035156 986.704345703125 984.892211914062 989.056518554688 990.314636230469 982.287658691406 993.514343261719 999.647338867188 1011.04370117188 1002.99426269531 984.893249511719 979.496704101562 986.58935546875 990.319091796875 990.369812011719 995.778442382812 992.598022460938 993.878967285156 995.819458007812 986.558959960938 993.887939453125 1001.10571289062 1002.30303955078 998.375610351562 991.694946289062 996.537841796875
949.545288085938 951.787414550781 959.845825195312 961.274291992188 966.081848144531 966.152099609375 973.20166015625 977.078247070312 976.894226074219 969.503845214844 969.448120117188 975.110900878906 982.473022460938 983.133178710938 978.595581054688 971.725280761719 979.5986328125 981.131530761719 978.039184570312 973.330383300781 992.684143066406 985.643737792969 991.738403320312 983.136108398438 994.9013671875 986.977111816406 1002.07995605469 1012.60144042969 1004.85504150391 991.972290039062 986.24169921875 983.667236328125 989.412536621094 985.058654785156 992.615051269531 994.527465820312 991.771118164062 988.748413085938 994.575378417969 991.613586425781 995.278686523438 992.469665527344 991.690551757812 991.419677734375 986.124633789062 994.295593261719
946.884826660156 954.946899414062 961.751525878906 970.348327636719 970.308532714844 977.5703125 970.794860839844 967.108215332031 974.583068847656 966.987487792969 968.283935546875 980.471618652344 985.302551269531 983.404113769531 968.419555664062 971.087036132812 976.662048339844 980.485900878906 974.051330566406 981.096008300781 982.024108886719 984.066284179688 986.487609863281 987.978881835938 980.154602050781 986.669921875 1000.45880126953 1005.53442382812 995.67236328125 980.245300292969 979.910827636719 986.76953125 980.577880859375 988.591491699219 990.545715332031 991.309997558594 993.148742675781 991.531372070312 990.408813476562 980.110473632812 985.909973144531 986.051330566406 990.488830566406 985.79052734375 986.094604492188 987.480041503906
952.768249511719 959.867980957031 966.429016113281 954.359436035156 957.943481445312 956.828369140625 973.738037109375 972.3076171875 973.055786132812 972.251403808594 973.016540527344 974.446411132812 979.010192871094 974.786865234375 978.942321777344 972.1435546875 973.424926757812 973.412231445312 979.262756347656 984.057983398438 985.257995605469 984.631103515625 982.47412109375 970.888488769531 981.283630371094 983.717834472656 991.400085449219 995.523376464844 986.078491210938 977.266418457031 976.752624511719 978.321899414062 985.279052734375 988.755676269531 982.863647460938 982.021606445312 983.714782714844 982.014587402344 982.366516113281 978.723693847656 981.023376464844 984.732788085938 989.800354003906 988.511474609375 986.145874023438 985.666870117188
955.238037109375 955.912902832031 958.111450195312 960.037780761719 954.156188964844 962.669372558594 972.251586914062 979.817321777344 974.833190917969 971.881958007812 972.223022460938 978.755554199219 980.383056640625 970.638671875 969.419189453125 975.099243164062 977.997497558594 978.682556152344 977.092712402344 978.478637695312 987.368957519531 984.257507324219 981.974426269531 978.402221679688 976.284851074219 987.553039550781 991.598999023438 993.004760742188 982.785583496094 977.741821289062 977.880310058594 987.275817871094 994.057495117188 993.254699707031 987.316101074219 994.013122558594 981.949523925781 982.428100585938 974.167846679688 969.9541015625 978.277282714844 978.029113769531 976.966247558594 988.720336914062 988.104736328125 986.893615722656
942.673034667969 956.425903320312 956.551452636719 957.432006835938 964.017333984375 957.108093261719 972.189514160156 982.525817871094 976.878540039062 977.564270019531 979.380493164062 975.535217285156 970.229614257812 966.32958984375 960.557983398438 975.763244628906 978.289306640625 973.217163085938 979.335815429688 975.692504882812 979.357971191406 975.456176757812 980.524169921875 969.653442382812 975.756774902344 985.914245605469 982.88037109375 980.864990234375 987.252868652344 987.879516601562 981.08984375 988.042358398438 998.158874511719 994.755615234375 982.9169921875 987.188110351562 982.226867675781 978.849060058594 977.283142089844 973.374084472656 978.232299804688 987.750366210938 982.549133300781 981.664733886719 985.111633300781 987.740051269531
947.995056152344 953.767150878906 962.171997070312 954.598693847656 963.766540527344 965.531799316406 972.486511230469 977.983459472656 979.534606933594 977.631042480469 976.784484863281 971.794982910156 967.696838378906 955.747436523438 959.022827148438 967.531433105469 965.98828125 971.173400878906 979.195068359375 980.203125 975.972229003906 976.255310058594 980.036743164062 973.659301757812 973.657287597656 979.415893554688 976.528137207031 979.044494628906 981.229736328125 982.794860839844 978.905456542969 979.131469726562 989.112060546875 981.909057617188 981.810852050781 978.3310546875 984.86328125 977.632934570312 970.069580078125 972.612121582031 979.225219726562 977.883728027344 985.612670898438 984.507141113281 981.835754394531 979.38671875
955.786010742188 954.865112304688 960.083801269531 960.951293945312 966.765380859375 981.762023925781 976.145446777344 971.351135253906 974.30224609375 967.033752441406 975.056579589844 974.207641601562 968.067993164062 966.621032714844 976.188354492188 958.051452636719 964.512390136719 965.514770507812 975.688110351562 984.725158691406 983.845825195312 978.702575683594 979.491638183594 967.581665039062 979.545959472656 978.223205566406 970.263977050781 978.374877929688 982.759948730469 983.200561523438 981.584350585938 979.586364746094 979.685180664062 975.988830566406 984.424865722656 980.868713378906 977.618103027344 974.383178710938 978.521301269531 975.799255371094 976.960876464844 974.391723632812 982.907958984375 986.591186523438 978.16552734375 979.54736328125
961.51318359375 960.043762207031 962.47607421875 966.579833984375 971.22998046875 980.224304199219 971.264404296875 968.316467285156 970.621215820312 967.19482421875 969.775146484375 969.633544921875 964.293884277344 968.997131347656 970.571960449219 967.593200683594 972.979614257812 973.853942871094 973.606506347656 978.738647460938 980.827087402344 979.785034179688 983.384216308594 974.964660644531 981.172546386719 974.023498535156 968.605285644531 980.658020019531 981.524780273438 986.626037597656 984.291625976562 985.412231445312 975.770629882812 979.312683105469 986.811462402344 986.10986328125 986.332824707031 979.350280761719 980.23828125 983.805480957031 972.689880371094 976.113830566406 973.934631347656 978.055297851562 975.762084960938 981.00927734375
958.781311035156 958.187133789062 966.953002929688 969.16259765625 973.579406738281 974.762145996094 976.463989257812 966.78662109375 958.425720214844 965.383666992188 970.669006347656 962.460571289062 963.397705078125 965.432312011719 970.526733398438 976.526000976562 976.739074707031 979.226379394531 985.944396972656 989.327026367188 982.421142578125 975.22998046875 978.340759277344 982.831665039062 978.198425292969 974.677978515625 973.853149414062 972.480163574219 973.656372070312 985.801574707031 985.450073242188 976.071960449219 985.23681640625 984.894287109375 990.029174804688 986.320434570312 983.567504882812 983.480712890625 982.513366699219 971.827819824219 970.581481933594 975.24462890625 970.416809082031 972.716735839844 970.347595214844 981.149536132812
952.703125 960.0458984375 960.039733886719 965.29248046875 965.919250488281 968.064331054688 973.040588378906 969.475708007812 962.349365234375 965.57470703125 959.807434082031 963.435119628906 968.828979492188 978.090393066406 973.975891113281 979.429077148438 970.567504882812 984.750122070312 976.14892578125 988.317321777344 974.015869140625 978.372741699219 978.445251464844 974.8642578125 976.94775390625 976.659851074219 974.6767578125 967.544982910156 971.950866699219 972.875183105469 976.750610351562 974.202697753906 978.096496582031 984.868896484375 981.494323730469 986.862426757812 983.964233398438 985.730529785156 975.163208007812 972.518249511719 975.533508300781 978.429748535156 974.908874511719 962.835083007812 973.862487792969 980.676818847656
