data/zlatibor_dem_simulations/DEMsim47.asc
NCOLS 150
NROWS 100
XLLCORNER 7394249
YLLCORNER 4841999
CELLSIZE 30
NODATA_VALUE -9999
[rows 80 to 99 of 100, columns 0 to 45 of 150]
946.551086425781 948.408874511719 940.835632324219 931.951965332031 928.501953125 939.767639160156 940.486999511719 948.996765136719 956.822570800781 956.201416015625 956.880249023438 968.264465332031 966.432189941406 974.504577636719 979.011169433594 979.815246582031 983.778991699219 981.502014160156 974.786254882812 981.681884765625 989.546142578125 995.732727050781 984.401428222656 986.604736328125 988.854431152344 987.810791015625 982.249938964844 976.550048828125 975.502380371094 980.647521972656 980.947570800781 980.455627441406 990.466857910156 989.913818359375 987.310852050781 988.721496582031 998.347534179688 999.651611328125 990.808227539062 991.973083496094 1001.99206542969 1006.4951171875 998.138549804688 1002.21563720703 1013.61260986328 1010.70849609375
954.747619628906 947.713623046875 946.640441894531 934.839416503906 927.246154785156 933.582946777344 935.230712890625 941.863098144531 949.280517578125 952.659240722656 951.138366699219 957.228393554688 972.436706542969 968.11474609375 974.529602050781 972.050598144531 984.031433105469 976.1298828125 967.134765625 976.465698242188 981.070922851562 974.249084472656 977.711181640625 981.032287597656 984.814331054688 974.114379882812 980.255126953125 982.759033203125 974.167663574219 984.597839355469 982.248962402344 988.377075195312 989.185668945312 987.884643554688 990.638366699219 1000.66546630859 1000.68139648438 996.431335449219 995.903503417969 995.114440917969 1001.41058349609 999.223693847656 998.404174804688 1001.94830322266 1009.57965087891 1010.40386962891
958.788635253906 960.409118652344 956.615539550781 942.171447753906 934.784729003906 938.181701660156 941.822814941406 943.471984863281 945.219848632812 958.802673339844 963.999877929688 960.589965820312 963.183166503906 959.140869140625 960.936950683594 966.526000976562 967.333435058594 970.099975585938 970.851867675781 962.832763671875 967.155822753906 976.938598632812 978.273498535156 976.923034667969 982.430603027344 977.868835449219 981.856750488281 987.118774414062 983.773864746094 994.571533203125 985.52978515625 991.148132324219 994.159912109375 991.095397949219 990.929077148438 995.9912109375 998.874877929688 993.615478515625 991.813110351562 989.7861328125 983.6328125 986.885070800781 994.991760253906 1009.6591796875 1012.73071289062 1021.43145751953
955.191101074219 960.619567871094 956.351501464844 947.110473632812 945.10693359375 944.482849121094 937.091491699219 939.6826171875 943.820007324219 958.22802734375 959.122802734375 953.895080566406 957.463989257812 957.06982421875 947.617004394531 953.476501464844 966.715148925781 961.740966796875 962.679565429688 965.600036621094 959.828430175781 962.217163085938 976.260375976562 974.290710449219 974.409362792969 977.931884765625 972.804626464844 983.534423828125 979.484130859375 987.017272949219 984.826477050781 980.143127441406 983.084533691406 992.738342285156 978.793273925781 985.916381835938 988.798400878906 990.422546386719 987.149230957031 985.983825683594 974.373229980469 986.144653320312 997.143737792969 1009.89660644531 1010.57885742188 1017.45812988281
956.53662109375 951.105102539062 953.812805175781 945.110168457031 937.793395996094 945.093627929688 941.202697753906 948.492431640625 944.6064453125 956.694152832031 952.903198242188 952.8681640625 947.704711914062 957.677795410156 960.039184570312 959.176574707031 967.04541015625 958.426330566406 955.463256835938 967.337890625 962.573669433594 958.14404296875 960.057312011719 961.995666503906 961.349243164062 961.502807617188 964.192077636719 970.666137695312 978.000061035156 970.483215332031 978.702575683594 980.927856445312 973.953430175781 983.945861816406 982.712158203125 985.666687011719 986.507446289062 988.591125488281 985.714904785156 977.771728515625 975.109130859375 984.878967285156 994.616271972656 1000.63555908203 1006.20288085938 1008.36267089844
957.228759765625 959.462097167969 961.774353027344 947.679870605469 942.931213378906 943.570678710938 947.29931640625 948.8193359375 950.643493652344 950.340393066406 944.655883789062 939.380432128906 949.303039550781 953.5537109375 955.677673339844 955.700012207031 950.559326171875 950.403869628906 954.391723632812 952.988952636719 957.283569335938 951.479858398438 954.544799804688 950.783813476562 950.830871582031 965.728271484375 957.868103027344 960.089477539062 961.221252441406 960.047241210938 976.770568847656 978.358459472656 972.943786621094 975.361755371094 973.557861328125 981.652526855469 987.49755859375 981.327209472656 980.911804199219 965.617492675781 977.005249023438 980.377807617188 986.682983398438 998.511962890625 1004.837890625 1011.07885742188
966.398620605469 959.51708984375 959.007019042969 948.384155273438 942.452758789062 944.765747070312 950.732360839844 946.178955078125 946.049499511719 946.474426269531 954.386779785156 942.320129394531 950.771362304688 947.382751464844 962.692260742188 957.07373046875 949.350402832031 949.757080078125 955.089294433594 960.476928710938 962.137390136719 948.737487792969 954.621276855469 947.996765136719 951.5263671875 957.338745117188 952.599060058594 957.050170898438 960.483154296875 963.426147460938 965.364135742188 967.324523925781 967.607849121094 969.374084472656 966.254760742188 972.248657226562 981.314331054688 971.426391601562 969.139770507812 970.200622558594 971.542053222656 976.518249511719 985.382019042969 989.574340820312 1000.30944824219 1006.96997070312
968.514526367188 967.772094726562 960.640502929688 950.490356445312 953.811645507812 944.635925292969 957.237976074219 943.713500976562 943.794860839844 946.625122070312 948.4287109375 943.983947753906 944.176696777344 947.298583984375 951.071533203125 953.221069335938 946.962524414062 952.392395019531 949.44580078125 959.108520507812 953.703125 960.923278808594 955.457153320312 959.09814453125 954.682556152344 951.095581054688 952.302429199219 954.670288085938 957.491455078125 963.866333007812 964.951354980469 966.617614746094 957.463195800781 953.585632324219 967.884155273438 958.336608886719 969.787780761719 963.43505859375 967.181945800781 966.823669433594 975.286071777344 971.033752441406 977.150817871094 976.118347167969 987.036254882812 995.561279296875
968.897033691406 955.998291015625 957.089904785156 957.140014648438 952.393798828125 954.753845214844 955.927124023438 944.472717285156 942.421875 943.351989746094 943.246154785156 941.982238769531 944.383239746094 943.477600097656 948.913146972656 953.96630859375 959.943969726562 962.84130859375 963.12255859375 962.780700683594 955.305541992188 958.403686523438 951.641357421875 962.492858886719 960.45849609375 962.499572753906 957.992553710938 959.53759765625 957.255981445312 962.761291503906 964.699035644531 960.650634765625 966.780395507812 963.99072265625 961.443054199219 962.731384277344 969.361450195312 969.371337890625 963.26171875 961.98095703125 962.966918945312 970.013000488281 978.19873046875 977.415100097656 984.072326660156 988.345031738281
965.437133789062 958.020141601562 953.817504882812 949.96875 955.37548828125 943.490051269531 951.865478515625 953.261596679688 952.886474609375 947.872802734375 946.143310546875 949.448547363281 953.455505371094 954.919799804688 957.509338378906 957.182800292969 955.257751464844 960.399291992188 957.68994140625 958.573059082031 951.737243652344 956.728454589844 956.837707519531 965.716857910156 965.191711425781 959.671264648438 965.049255371094 964.946472167969 959.12890625 962.847106933594 957.736938476562 964.047546386719 973.338989257812 970.9267578125 962.943542480469 962.801391601562 958.31298828125 973.936462402344 964.009338378906 958.487854003906 958.161376953125 969.159423828125 977.885314941406 978.052307128906 980.340148925781 985.541076660156
970.972717285156 966.454895019531 957.399291992188 952.486389160156 941.4091796875 938.76708984375 946.466674804688 952.037658691406 955.669555664062 947.05322265625 946.873596191406 960.961059570312 955.88671875 962.284545898438 960.388122558594 964.858703613281 956.433532714844 962.116027832031 959.993103027344 961.989990234375 954.405700683594 955.167053222656 963.365661621094 963.5908203125 962.898803710938 962.596557617188 961.962646484375 968.391540527344 967.693542480469 964.425476074219 965.21533203125 966.446960449219 969.114990234375 970.205871582031 964.154602050781 954.148010253906 954.589416503906 959.148010253906 966.622802734375 957.584289550781 962.552551269531 970.992309570312 968.124755859375 976.078125 982.343566894531 983.553466796875
970.659118652344 958.110473632812 958.970275878906 947.215148925781 932.405212402344 935.772705078125 939.489196777344 952.310852050781 951.867248535156 944.766967773438 940.416931152344 951.314575195312 960.663208007812 963.701293945312 972.309509277344 977.989318847656 973.920104980469 968.892028808594 965.757385253906 965.863464355469 959.767822265625 963.614074707031 962.744506835938 965.988708496094 961.486999511719 959.297546386719 966.178588867188 970.178466796875 975.983154296875 966.941589355469 972.26220703125 972.351501464844 970.978332519531 970.009765625 959.489624023438 960.652648925781 962.527221679688 965.389343261719 967.24755859375 969.273071289062 970.388122558594 974.300170898438 975.35107421875 971.242126464844 975.99365234375 979.496704101562
969.321228027344 965.837768554688 958.309020996094 956.896667480469 938.753662109375 927.939575195312 925.407775878906 938.284240722656 939.788696289062 935.489990234375 953.202514648438 959.231750488281 953.125427246094 970.487609863281 971.881225585938 974.216552734375 978.351928710938 972.708068847656 974.329711914062 966.573120117188 951.427490234375 961.015625 961.404907226562 963.94580078125 968.670043945312 972.86767578125 972.598449707031 978.981567382812 974.593200683594 981.229675292969 971.585205078125 966.001037597656 971.040771484375 963.645324707031 967.729370117188 964.489868164062 972.821533203125 976.91650390625 965.958740234375 976.202026367188 974.030151367188 973.063781738281 975.700988769531 975.077941894531 975.0478515625 977.911437988281
972.984924316406 963.593566894531 957.891479492188 955.122985839844 940.379760742188 937.885375976562 930.194519042969 934.202819824219 934.054504394531 943.588439941406 956.524536132812 962.245178222656 961.488830566406 968.895690917969 976.017028808594 973.759460449219 979.922973632812 975.418273925781 972.688537597656 970.104248046875 955.771545410156 956.267578125 965.992370605469 970.932861328125 978.497436523438 978.079406738281 979.034301757812 975.918823242188 980.969055175781 978.397338867188 976.988830566406 979.545104980469 980.776977539062 971.279602050781 974.473510742188 974.06884765625 977.624267578125 977.346557617188 979.5126953125 978.735961914062 980.275268554688 966.289367675781 968.207214355469 969.82373046875 975.432250976562 969.092041015625
968.680725097656 957.451293945312 956.138610839844 952.154418945312 959.252807617188 945.674011230469 931.774230957031 934.463439941406 933.032592773438 938.361022949219 948.797058105469 958.961059570312 959.05810546875 964.205749511719 967.057312011719 961.896118164062 975.990051269531 971.681030273438 972.519226074219 968.990966796875 967.306335449219 968.634704589844 978.085754394531 975.043273925781 975.513854980469 981.552368164062 982.252075195312 978.900451660156 982.418090820312 980.24462890625 981.388366699219 978.070434570312 988.342956542969 968.180725097656 974.739685058594 970.300109863281 972.343627929688 978.256774902344 977.496215820312 990.674987792969 983.789123535156 977.254089355469 968.238037109375 968.130126953125 976.091186523438 965.335083007812
960.702575683594 959.346862792969 958.481262207031 967.484069824219 964.653991699219 960.040405273438 951.988891601562 948.967956542969 944.344665527344 945.704406738281 951.736694335938 956.781921386719 965.085388183594 970.173950195312 980.129150390625 972.025634765625 975.994201660156 972.357543945312 972.389709472656 976.519653320312 973.735107421875 981.138732910156 976.252075195312 979.018005371094 974.998779296875 977.987731933594 980.660034179688 985.2666015625 981.397644042969 970.747314453125 979.136657714844 981.638305664062 985.740417480469 971.840026855469 974.244018554688 970.252563476562 959.763427734375 967.075744628906 970.32958984375 978.893798828125 978.379333496094 977.067565917969 979.250183105469 978.518493652344 979.155334472656 969.591918945312
966.043029785156 967.568176269531 962.457763671875 950.680603027344 955.488647460938 960.44873046875 952.359069824219 947.370056152344 950.601867675781 954.376525878906 958.245361328125 969.546447753906 978.27587890625 977.412475585938 980.130432128906 977.407104492188 983.423889160156 986.787231445312 982.612915039062 975.643188476562 975.621765136719 978.535827636719 977.065612792969 981.272827148438 976.406921386719 978.497680664062 984.312438964844 985.207885742188 980.751525878906 975.578674316406 978.660949707031 979.866149902344 978.911682128906 972.919067382812 977.297058105469 968.310241699219 965.685119628906 973.739318847656 974.636169433594 981.142700195312 985.714233398438 981.372619628906 979.744812011719 982.166748046875 975.415100097656 975.95751953125
964.5322265625 959.327453613281 950.720764160156 953.088439941406 955.6455078125 954.421875 948.403137207031 945.602294921875 950.263793945312 967.484497070312 970.996520996094 981.87109375 981.515625 981.131103515625 990.866577148438 982.898864746094 990.128784179688 991.940551757812 982.204833984375 982.349914550781 980.734436035156 974.268127441406 978.531433105469 979.612243652344 978.296081542969 984.883544921875 981.686950683594 982.669921875 978.405151367188 981.452270507812 974.720031738281 971.144165039062 972.691101074219 969.298889160156 968.968994140625 975.747619628906 972.018005371094 975.5732421875 984.146423339844 979.114990234375 984.310607910156 983.425903320312 981.582214355469 984.24462890625 989.758117675781 983.973510742188
963.510498046875 971.862915039062 964.630493164062 958.475891113281 949.698791503906 948.493896484375 944.202697753906 947.794921875 951.926086425781 966.077941894531 969.280395507812 979.803344726562 981.276672363281 983.553405761719 991.948059082031 996.396240234375 987.472534179688 986.311401367188 978.046752929688 978.00390625 969.824951171875 975.092407226562 975.59619140625 978.245361328125 984.343811035156 989.838500976562 992.412109375 978.470458984375 980.535705566406 983.836242675781 975.928833007812 969.989562988281 965.835754394531 971.731201171875 974.754760742188 983.190612792969 981.293151855469 980.197631835938 985.758361816406 980.128662109375 978.806884765625 974.406799316406 983.10302734375 973.221313476562 984.684020996094 986.507446289062
969.126708984375 975.596801757812 959.728271484375 955.622131347656 946.104675292969 945.173461914062 942.272094726562 949.317932128906 956.617919921875 965.256103515625 963.576721191406 969.393310546875 982.776489257812 983.545715332031 981.544006347656 989.089965820312 989.580383300781 981.043212890625 978.368896484375 974.777099609375 967.173034667969 967.122863769531 973.544677734375 968.328552246094 975.898193359375 979.692443847656 983.815979003906 976.771545410156 982.103393554688 979.953308105469 982.444763183594 969.123718261719 959.482238769531 965.468566894531 980.551818847656 977.172607421875 980.989379882812 982.315673828125 977.292541503906 976.459106445312 981.999572753906 976.173034667969 980.257568359375 977.893981933594 974.255615234375 973.960998535156
