data/zlatibor_dem_simulations/DEMsim19.asc
NCOLS 150
NROWS 100
XLLCORNER 7394249
YLLCORNER 4841999
CELLSIZE 30
NODATA_VALUE -9999
[rows 20 to 39 of 100, columns 0 to 45 of 150]
971.779235839844 967.438842773438 971.295715332031 963.834106445312 958.865661621094 964.895324707031 967.968872070312 965.432434082031 964.977233886719 956.278869628906 957.854614257812 952.478881835938 958.573303222656 960.474914550781 962.468505859375 956.336730957031 954.152465820312 958.353942871094 959.530944824219 962.338928222656 967.6298828125 972.44384765625 975.396240234375 983.045166015625 987.786315917969 996.394409179688 1007.99310302734 1006.82214355469 1019.04864501953 1017.80541992188 1008.95635986328 1013.94927978516 1009.23919677734 1012.41644287109 1019.19012451172 1012.53961181641 1019.48980712891 1025.5849609375 1028.49243164062 1026.24951171875 1027.45263671875 1029.67297363281 1030.47863769531 1028.25598144531 1025.78381347656 1021.31561279297
975.147521972656 969.405578613281 958.530578613281 956.817932128906 954.249694824219 953.280395507812 954.483215332031 965.498596191406 954.146789550781 954.977661132812 951.583984375 953.165283203125 953.484802246094 956.953979492188 959.949890136719 953.80859375 956.977294921875 957.527465820312 966.404724121094 969.218200683594 969.532165527344 978.261596679688 985.828796386719 986.138122558594 988.968078613281 994.502563476562 1000.86437988281 1002.33575439453 1004.80822753906 1008.86529541016 1011.42700195312 1015.32220458984 1008.76953125 1008.60784912109 1011.35815429688 1005.84704589844 1017.29278564453 1021.17120361328 1018.44305419922 1019.17266845703 1023.83074951172 1020.36224365234 1025.15087890625 1020.65942382812 1023.23419189453 1013.26818847656
967.304565429688 960.680480957031 950.787902832031 941.471313476562 952.074829101562 954.4111328125 957.502014160156 964.245178222656 957.657836914062 951.996948242188 948.03857421875 949.718627929688 955.530639648438 959.669616699219 962.296020507812 956.121459960938 960.253662109375 959.907348632812 964.016540527344 965.316345214844 972.848022460938 972.297180175781 981.576477050781 991.434997558594 992.546936035156 997.124206542969 999.041320800781 995.943603515625 1001.60150146484 1009.03778076172 1011.24450683594 1012.72210693359 1013.82806396484 999.059997558594 1008.77490234375 1016.37066650391 1011.44500732422 1020.53503417969 1014.46429443359 1022.32440185547 1022.62371826172 1015.24694824219 1019.35638427734 1015.10076904297 1018.53692626953 1009.40051269531
965.592224121094 959.087707519531 942.92431640625 939.682800292969 943.832702636719 946.585571289062 946.745239257812 951.825866699219 953.966613769531 955.892272949219 948.468200683594 950.927062988281 950.144775390625 960.231018066406 958.9873046875 958.400573730469 963.833862304688 964.654663085938 971.032592773438 968.970397949219 974.955627441406 977.375244140625 986.883544921875 987.475830078125 991.192993164062 1000.91571044922 1001.72772216797 980.727600097656 995.624267578125 1007.7109375 1005.98596191406 1012.41705322266 1003.03778076172 999.426574707031 1007.87298583984 1013.98895263672 1011.03198242188 1021.96008300781 1024.43798828125 1023.18267822266 1011.73767089844 1002.98681640625 1009.60461425781 1009.96557617188 1017.88427734375 1007.34948730469
957.167907714844 953.4013671875 941.493835449219 938.476745605469 943.419799804688 945.083679199219 936.879211425781 944.310913085938 945.976684570312 952.142028808594 956.367309570312 957.638122558594 964.222961425781 959.608093261719 959.802001953125 958.879638671875 967.654357910156 968.407348632812 968.432006835938 967.728454589844 965.869689941406 974.643798828125 988.426513671875 981.4326171875 992.204528808594 991.917602539062 994.160705566406 983.346252441406 996.73583984375 1005.09320068359 1008.04412841797 1003.71209716797 1005.96740722656 1002.85552978516 1003.23394775391 1005.14904785156 1007.87078857422 1014.03515625 1012.11029052734 1022.31341552734 1008.54669189453 1005.48364257812 999.927917480469 997.705688476562 1006.37902832031 1007.91882324219
956.458984375 951.985290527344 942.787109375 941.465454101562 935.512573242188 934.597106933594 944.903076171875 945.786682128906 945.722229003906 960.194091796875 959.596984863281 967.237182617188 971.899169921875 970.729858398438 964.409790039062 963.873352050781 960.502502441406 967.031921386719 963.414733886719 966.229919433594 977.460510253906 988.207580566406 994.565185546875 1002.58703613281 995.261779785156 1000.19354248047 990.382141113281 993.542785644531 994.633544921875 996.83984375 1000.40234375 1002.00610351562 995.084899902344 997.257507324219 998.085876464844 997.810546875 1001.31890869141 1008.51690673828 1014.34997558594 1011.00170898438 1010.57122802734 1001.0556640625 997.848876953125 995.2880859375 1003.61322021484 997.056762695312
952.633605957031 945.121276855469 950.171325683594 954.392822265625 944.955993652344 947.895690917969 959.5771484375 957.927795410156 954.126342773438 952.303894042969 958.179809570312 972.013488769531 972.673583984375 968.938598632812 962.256103515625 968.725280761719 967.215576171875 962.328857421875 965.971069335938 976.790954589844 974.604125976562 986.228637695312 996.84765625 998.226745605469 1002.65234375 997.448181152344 989.254760742188 989.896118164062 987.15087890625 993.028869628906 998.647399902344 996.669006347656 995.774780273438 989.17138671875 985.108520507812 996.819396972656 1004.04711914062 1009.37902832031 1005.66046142578 1004.72686767578 998.403747558594 989.158813476562 984.771545410156 992.176513671875 1002.04724121094 995.212097167969
956.145690917969 948.448303222656 955.066223144531 951.474243164062 956.209045410156 959.167358398438 956.693054199219 955.031555175781 960.681396484375 967.142822265625 965.914489746094 971.366821289062 959.951538085938 973.547485351562 973.481628417969 971.90185546875 965.5751953125 959.896240234375 961.211364746094 973.722106933594 980.2138671875 983.1435546875 988.978088378906 986.327331542969 996.546142578125 1001.74426269531 995.5576171875 989.714416503906 991.2802734375 982.769775390625 988.547607421875 999.070190429688 990.447998046875 988.811889648438 995.479675292969 998.737060546875 996.062072753906 990.864929199219 1001.35980224609 996.293029785156 1002.43310546875 991.948608398438 991.665954589844 990.570434570312 1003.09924316406 1000.43780517578
951.182739257812 953.257995605469 946.367065429688 952.4443359375 965.126708984375 959.441772460938 958.265869140625 961.317443847656 961.083557128906 973.96728515625 968.345703125 961.847717285156 966.111572265625 976.979431152344 971.397827148438 964.618896484375 966.397644042969 965.503356933594 971.629943847656 985.365905761719 989.682983398438 987.320373535156 992.2998046875 996.72900390625 996.272033691406 993.553527832031 998.605651855469 990.54541015625 986.496276855469 987.341064453125 992.240295410156 991.883666992188 995.845642089844 997.482971191406 999.629516601562 996.81640625 992.904724121094 1002.74749755859 992.274353027344 994.971008300781 996.071350097656 991.384216308594 993.460021972656 998.370300292969 995.483459472656 994.399108886719
958.792114257812 958.288696289062 962.711853027344 962.736083984375 957.191711425781 957.780212402344 961.567321777344 961.249755859375 967.572814941406 975.063842773438 973.156860351562 969.616943359375 971.752136230469 975.036193847656 972.980590820312 973.278015136719 969.259948730469 973.13330078125 982.809875488281 983.988464355469 983.461303710938 980.523559570312 990.097229003906 1000.12341308594 999.004272460938 991.77294921875 990.120666503906 981.487243652344 986.978515625 980.300903320312 984.689758300781 995.674377441406 984.856689453125 983.197509765625 988.808776855469 990.267822265625 991.337707519531 994.475769042969 983.906494140625 990.882385253906 990.728393554688 995.513732910156 995.250671386719 996.239135742188 994.590759277344 989.076843261719
961.181823730469 962.138000488281 967.982299804688 967.339233398438 965.16015625 965.099243164062 960.713317871094 964.201049804688 971.838500976562 976.433837890625 976.636169433594 976.929138183594 975.016906738281 977.737365722656 972.284057617188 973.069458007812 974.419128417969 971.291015625 975.429992675781 981.704162597656 982.902038574219 982.63720703125 995.099670410156 998.372314453125 995.631225585938 989.276062011719 986.167541503906 977.506958007812 977.604736328125 980.26171875 985.555786132812 991.24365234375 989.097717285156 979.499145507812 984.699157714844 983.943054199219 992.758728027344 985.493713378906 982.400024414062 988.089599609375 994.177673339844 997.194396972656 993.63427734375 995.665100097656 989.7880859375 998.672180175781
955.407531738281 958.133850097656 962.654968261719 966.330200195312 973.81982421875 971.5400390625 964.420227050781 961.385559082031 972.021118164062 979.660034179688 975.134887695312 978.6826171875 979.436889648438 973.25048828125 968.777587890625 971.198181152344 965.962341308594 968.701721191406 979.578430175781 982.540405273438 978.258422851562 987.677612304688 981.73974609375 982.246337890625 987.283569335938 982.603149414062 980.830322265625 977.115112304688 971.872253417969 976.276977539062 991.583312988281 977.566955566406 983.188049316406 990.722351074219 991.56005859375 987.174255371094 982.231567382812 978.06884765625 971.290222167969 978.278259277344 989.078979492188 994.910461425781 991.742370605469 1001.47393798828 994.745178222656 982.6513671875
949.719970703125 955.477478027344 961.94921875 960.261596679688 962.878173828125 970.293090820312 971.001159667969 975.520629882812 974.481018066406 984.080322265625 969.160949707031 971.911499023438 973.012573242188 969.573608398438 973.520874023438 964.3203125 973.886901855469 967.727294921875 976.957763671875 978.219482421875 979.849670410156 978.487121582031 984.943298339844 978.42431640625 975.248352050781 975.809387207031 976.032958984375 979.432373046875 984.314880371094 990.017883300781 988.940979003906 986.822326660156 982.777709960938 986.624572753906 977.545227050781 983.915893554688 978.950805664062 973.27490234375 977.342895507812 977.314331054688 980.193115234375 990.889953613281 982.698974609375 993.716613769531 991.4208984375 984.451232910156
957.767028808594 955.024291992188 964.947570800781 964.645629882812 969.383422851562 977.561340332031 967.249145507812 973.746032714844 976.592895507812 977.376892089844 971.156005859375 972.957275390625 972.524353027344 975.719970703125 973.212524414062 974.117370605469 972.738342285156 970.092712402344 973.922302246094 983.283203125 983.141052246094 982.069091796875 981.615600585938 978.210815429688 976.567565917969 979.274475097656 980.414184570312 982.491882324219 983.838012695312 987.534973144531 986.331909179688 992.159790039062 978.802612304688 984.791564941406 979.365600585938 983.107482910156 981.274475097656 972.245544433594 973.528564453125 976.143188476562 977.121032714844 989.554565429688 988.223510742188 989.247619628906 988.67529296875 982.287536621094
955.323791503906 964.939086914062 965.93115234375 967.993713378906 960.794982910156 968.254943847656 968.937561035156 973.576965332031 978.130859375 978.745910644531 978.444274902344 968.85693359375 960.118041992188 969.201171875 974.162475585938 977.237243652344 975.312744140625 979.838684082031 976.942993164062 987.238098144531 977.773620605469 986.895935058594 983.987915039062 975.619812011719 981.111328125 977.788269042969 982.13037109375 982.632019042969 985.694885253906 992.901794433594 983.086547851562 985.606201171875 986.570068359375 979.39453125 981.4052734375 987.858032226562 985.134338378906 973.550842285156 982.087646484375 977.565856933594 978.738891601562 991.752746582031 991.28564453125 992.871032714844 977.244262695312 969.701416015625
950.461364746094 964.245666503906 961.191345214844 959.630187988281 958.878845214844 968.93359375 970.588195800781 977.955139160156 981.998413085938 980.271484375 974.940002441406 974.72119140625 966.737731933594 965.659484863281 964.519836425781 969.280395507812 977.340454101562 978.98828125 976.214782714844 981.320251464844 987.089294433594 981.655395507812 985.530944824219 984.145141601562 979.416198730469 979.998657226562 985.887329101562 981.712768554688 987.14697265625 986.853637695312 989.583923339844 984.01318359375 985.129211425781 983.057556152344 982.368713378906 987.676513671875 985.622863769531 983.906982421875 979.64892578125 975.041870117188 978.735046386719 989.663269042969 986.557312011719 982.540222167969 974.152160644531 976.639831542969
953.304077148438 961.923461914062 961.020324707031 962.173400878906 961.497985839844 961.072570800781 968.558959960938 974.044921875 976.563720703125 985.588928222656 986.263305664062 984.457153320312 969.029907226562 960.603759765625 957.215209960938 964.863403320312 972.835021972656 974.504150390625 973.448608398438 988.67626953125 985.897644042969 981.373840332031 977.907287597656 981.840576171875 977.084228515625 970.9658203125 982.120422363281 987.10009765625 983.914916992188 978.937561035156 984.57666015625 977.664367675781 988.431884765625 984.311828613281 990.452453613281 986.205993652344 992.826965332031 977.432922363281 968.100524902344 974.039001464844 979.519470214844 981.783996582031 977.412658691406 984.859680175781 974.38037109375 974.904174804688
952.296264648438 963.18359375 959.095458984375 962.061584472656 961.75244140625 953.087341308594 966.199645996094 971.522155761719 974.547424316406 973.946166992188 977.652709960938 979.859558105469 965.4228515625 970.071228027344 970.545776367188 960.187072753906 967.315490722656 968.270141601562 977.536743164062 986.243591308594 980.450378417969 980.786193847656 974.397888183594 969.866943359375 969.30419921875 975.220581054688 979.605224609375 969.333679199219 971.420715332031 979.392639160156 984.157897949219 975.152526855469 978.261779785156 979.872009277344 986.113098144531 979.439147949219 981.818237304688 983.923767089844 980.334167480469 985.182250976562 976.874267578125 975.918701171875 982.748840332031 974.55078125 974.259826660156 976.318542480469
948.029968261719 959.250671386719 967.127807617188 968.358337402344 970.238159179688 963.440979003906 968.1552734375 964.8203125 974.529479980469 971.564392089844 977.907470703125 977.432006835938 979.385986328125 965.849243164062 964.584289550781 966.400756835938 969.69775390625 978.876281738281 977.991455078125 979.159118652344 978.766235351562 978.866027832031 982.487976074219 978.032043457031 970.537353515625 971.305847167969 966.818786621094 974.12841796875 973.211791992188 979.956848144531 975.969970703125 986.006408691406 981.655456542969 978.818115234375 981.590209960938 976.419555664062 985.880126953125 983.234497070312 982.562316894531 981.640625 978.5810546875 980.239501953125 978.057250976562 975.775939941406 970.711364746094 976.372253417969
958.618835449219 959.759033203125 966.957824707031 969.187194824219 968.791687011719 968.027404785156 963.313110351562 966.86865234375 973.109619140625 968.318176269531 971.793151855469 979.578796386719 977.537902832031 971.543701171875 967.839965820312 969.144958496094 968.96484375 981.063171386719 980.781494140625 984.377624511719 981.596496582031 983.514099121094 979.031005859375 977.002868652344 973.872802734375 968.682006835938 969.178955078125 966.6669921875 967.820556640625 972.341674804688 968.788391113281 973.694458007812 977.486877441406 975.778442382812 982.617797851562 981.802185058594 993.159057617188 989.200256347656 978.774963378906 978.025939941406 977.689392089844 982.679077148438 977.382690429688 973.439575195312 970.926879882812 973.844177246094
