data/zlatibor_dem_simulations/DEMsim39.asc
NCOLS 150
NROWS 100
XLLCORNER 7394249
YLLCORNER 4841999
CELLSIZE 30
NODATA_VALUE -9999
[rows 20 to 39 of 100, columns 46 to 91 of 150]
1019.41064453125 1009.05230712891 1008.98126220703 1006.40447998047 997.345275878906 1000.12121582031 1007.22094726562 999.223999023438 1000.73217773438 1000.03967285156 1005.01098632812 1009.92333984375 1007.13787841797 1010.25146484375 1014.17687988281 1012.55053710938 1014.66461181641 1010.80181884766 1023.91467285156 1017.01843261719 1024.02197265625 1023.48419189453 1021.41125488281 1024.16735839844 1027.44995117188 1021.01000976562 1024.00012207031 1019.47406005859 1016.00988769531 1014.12414550781 997.596923828125 996.585632324219 994.155212402344 1007.17553710938 1006.75183105469 1013.49920654297 1014.12109375 1009.17388916016 1016.26623535156 1013.97607421875 1005.59942626953 1007.04138183594 1003.35607910156 1004.56384277344 1004.6103515625 1007.57592773438
1022.64471435547 1013.48736572266 1004.98101806641 1008.21466064453 1001.49859619141 1010.15509033203 1003.43859863281 1002.78070068359 999.058410644531 1005.02056884766 1006.20074462891 1003.13031005859 1004.71649169922 1014.62744140625 1012.15814208984 1011.98370361328 1005.94152832031 1014.15014648438 1020.60327148438 1016.87109375 1017.85144042969 1025.69702148438 1019.01776123047 1022.67913818359 1022.44622802734 1025.23840332031 1021.94268798828 1013.18963623047 1013.53149414062 1004.28021240234 1001.74395751953 996.824523925781 1000.10034179688 1005.50048828125 1007.5595703125 1024.34289550781 1009.68206787109 1010.30517578125 1017.91711425781 1011.75848388672 1008.01293945312 1000.97271728516 998.185546875 1004.08648681641 1022.29626464844 1019.06646728516
1007.77740478516 1011.68048095703 1003.12750244141 1002.83935546875 1001.52734375 999.714660644531 996.009582519531 1008.63421630859 1005.06475830078 1005.20538330078 996.802124023438 998.740417480469 1006.21447753906 1016.94494628906 1011.41961669922 1016.85650634766 1014.91723632812 1021.45452880859 1020.63452148438 1016.78643798828 1025.21508789062 1023.81622314453 1029.65771484375 1018.97320556641 1018.994140625 1020.69201660156 1013.53784179688 1009.62182617188 1009.13275146484 1010.50164794922 993.501220703125 995.564453125 996.583190917969 1004.91448974609 1011.63128662109 1009.58312988281 1003.71441650391 1013.99755859375 1012.92919921875 1007.84301757812 1007.17730712891 1005.60089111328 1013.26092529297 1016.61273193359 1023.35754394531 1032.40173339844
1020.11450195312 1008.22534179688 1007.28570556641 1003.85772705078 994.747863769531 992.014587402344 990.108642578125 994.050476074219 1000.57440185547 999.20458984375 995.013854980469 999.417358398438 1005.46411132812 1008.51922607422 1012.51342773438 1003.71234130859 1017.36779785156 1022.67327880859 1017.81323242188 1017.02734375 1023.12548828125 1016.59918212891 1022.25189208984 1023.54382324219 1027.3310546875 1022.90258789062 1007.80169677734 1004.06402587891 1007.20709228516 1007.12298583984 996.607971191406 1002.81665039062 999.821960449219 1012.89202880859 1010.94482421875 1011.56622314453 1011.16119384766 1009.69390869141 1010.93328857422 1009.11090087891 1004.61950683594 1005.52581787109 1010.75836181641 1017.82659912109 1029.55126953125 1033.15380859375
1009.03912353516 993.571166992188 993.895935058594 993.585144042969 988.50390625 991.82177734375 989.939575195312 986.078796386719 996.535705566406 1000.59887695312 993.816589355469 1001.42181396484 1001.43859863281 1008.97265625 1013.45056152344 1008.99890136719 1006.95141601562 1012.52111816406 1014.55737304688 1013.55981445312 1021.62878417969 1020.58410644531 1018.66937255859 1016.34759521484 1017.56732177734 1011.65423583984 1004.15985107422 1002.25451660156 1004.97296142578 1009.17004394531 1000.04962158203 1004.43933105469 1000.33544921875 995.98486328125 1010.12292480469 1003.91180419922 1001.54406738281 1006.22845458984 1009.95086669922 1010.80780029297 1008.72149658203 1014.89685058594 1015.39666748047 1013.52532958984 1024.85998535156 1025.45397949219
1008.23883056641 999.596557617188 993.921752929688 987.637451171875 985.454772949219 987.763671875 999.275329589844 984.772216796875 988.751770019531 994.205078125 995.898132324219 1000.68518066406 1009.40698242188 1017.12927246094 1011.1064453125 1010.16436767578 994.799499511719 1012.52893066406 1014.83239746094 1010.85076904297 1012.25189208984 1011.11596679688 1019.18267822266 1015.48181152344 1011.62622070312 1012.20465087891 997.856201171875 996.415161132812 1002.28619384766 1005.58209228516 1003.85577392578 999.585998535156 996.9228515625 1001.70135498047 1003.49755859375 1006.29772949219 1007.33123779297 1008.31158447266 1003.83856201172 1018.70690917969 1020.07635498047 1022.49096679688 1021.58917236328 1014.79711914062 1022.63720703125 1023.19158935547
1004.05169677734 1004.22772216797 999.002258300781 987.437744140625 981.036376953125 989.544250488281 987.152099609375 983.459289550781 988.252502441406 978.964904785156 993.048950195312 1001.28771972656 996.139831542969 1003.60290527344 1009.11700439453 997.716613769531 1006.91461181641 1007.66033935547 1009.64276123047 1009.26525878906 1019.26983642578 1013.03552246094 1015.81829833984 1009.60620117188 1005.89794921875 1009.9892578125 1006.11431884766 1002.46844482422 1008.95556640625 1001.68072509766 998.931579589844 1002.04125976562 1002.38098144531 1011.71124267578 1012.35089111328 1017.12854003906 1008.32336425781 1010.11987304688 1007.22045898438 1010.43817138672 1010.46667480469 1021.91833496094 1031.39196777344 1034.94262695312 1028.2666015625 1019.97143554688
994.851867675781 995.698791503906 997.676818847656 984.583068847656 986.152404785156 986.56640625 977.740966796875 991.013916015625 989.600646972656 988.94677734375 992.182678222656 1003.39111328125 1003.41809082031 1001.69488525391 1006.51556396484 1002.75213623047 998.619262695312 1005.94873046875 1003.42315673828 999.573425292969 1005.36254882812 1009.84295654297 1005.96112060547 1002.40911865234 1003.23187255859 1007.67944335938 997.237609863281 997.324951171875 1000.78930664062 1002.81713867188 1000.11639404297 996.611633300781 1000.37512207031 999.02197265625 997.572631835938 1007.39013671875 1005.07598876953 1006.26129150391 1003.78131103516 1004.92376708984 1017.21398925781 1016.44830322266 1022.93933105469 1028.47106933594 1031.51391601562 1022.69171142578
987.564636230469 985.369934082031 989.522644042969 981.098693847656 983.682067871094 978.717590332031 981.6142578125 985.047058105469 987.297973632812 983.28369140625 992.1884765625 996.661743164062 991.878173828125 998.572875976562 994.080200195312 993.529418945312 994.994934082031 1001.45074462891 1003.71313476562 1001.72607421875 995.707153320312 994.897521972656 992.201171875 999.939025878906 1001.86389160156 998.582458496094 1004.7509765625 993.585266113281 994.539245605469 1006.77404785156 998.409790039062 998.855102539062 999.743530273438 989.954833984375 998.998229980469 992.243286132812 996.175476074219 995.368103027344 998.784301757812 1009.62097167969 1021.1767578125 1017.49182128906 1010.84613037109 1024.71179199219 1027.94665527344 1032.90405273438
987.201293945312 984.977294921875 985.455017089844 983.091918945312 988.911987304688 978.948547363281 983.746948242188 979.247985839844 980.695068359375 988.090393066406 990.061767578125 992.479614257812 995.393798828125 999.767822265625 999.887634277344 994.044738769531 992.864868164062 1002.89910888672 1003.34600830078 993.037963867188 993.548828125 998.259338378906 997.207885742188 1002.16174316406 996.584838867188 1006.7509765625 1000.17413330078 998.840698242188 997.794616699219 1006.40124511719 1002.80810546875 989.905029296875 993.158935546875 986.144165039062 984.853881835938 991.819580078125 990.776428222656 989.752563476562 996.996765136719 998.863037109375 1012.41412353516 1009.57159423828 1012.52349853516 1012.89239501953 1022.94451904297 1019.84838867188
991.744140625 981.841003417969 981.205932617188 982.334045410156 990.549011230469 985.875366210938 986.691467285156 974.908630371094 984.235290527344 980.982177734375 984.039611816406 997.934387207031 991.747436523438 994.926208496094 993.669860839844 998.644836425781 999.0390625 995.32373046875 995.385131835938 999.561340332031 991.953063964844 993.308959960938 994.185180664062 994.677490234375 997.936645507812 1005.99615478516 1003.56634521484 1003.22314453125 999.292785644531 1000.99951171875 992.977661132812 989.051208496094 978.07373046875 976.229064941406 980.829223632812 981.4619140625 982.078247070312 990.646423339844 992.966674804688 994.514099121094 1001.74401855469 999.999877929688 1001.97619628906 1011.66748046875 1016.56323242188 1011.00671386719
986.390380859375 977.230651855469 986.532653808594 985.387451171875 981.954162597656 981.396484375 978.880920410156 978.624145507812 979.058837890625 982.627136230469 990.471923828125 990.854675292969 992.36767578125 997.163330078125 990.645324707031 994.875 996.067260742188 996.250244140625 995.120300292969 991.135070800781 981.460266113281 987.016967773438 997.761779785156 989.3330078125 1000.02154541016 998.117248535156 1005.47961425781 998.11474609375 991.668212890625 993.080810546875 979.785522460938 977.309448242188 980.174987792969 977.725463867188 976.638122558594 983.265869140625 987.836303710938 983.214416503906 996.032348632812 990.209167480469 998.59765625 1007.79650878906 1003.23565673828 1008.52502441406 999.712158203125 1005.98352050781
980.589111328125 987.672668457031 991.1884765625 989.68359375 988.531677246094 974.017456054688 971.9638671875 973.592163085938 968.717590332031 976.576477050781 985.810302734375 983.303100585938 989.468139648438 990.335571289062 988.487731933594 992.918395996094 986.903869628906 991.549377441406 990.236083984375 992.910949707031 990.210754394531 993.581726074219 991.501892089844 983.993225097656 984.924255371094 991.559814453125 994.589172363281 991.68896484375 985.998474121094 985.3701171875 979.129760742188 979.140869140625 975.99169921875 976.656372070312 982.256896972656 975.258117675781 996.509460449219 990.127319335938 992.732971191406 996.850769042969 999.029174804688 1001.26135253906 998.03662109375 1010.96215820312 1003.99334716797 1008.34393310547
987.309265136719 995.891296386719 987.437255859375 993.934814453125 986.666931152344 975.50537109375 973.313537597656 977.315673828125 974.705871582031 976.887939453125 973.471130371094 978.79296875 990.705993652344 992.124755859375 987.307373046875 984.0068359375 991.716369628906 1001.97082519531 991.703796386719 993.538635253906 994.469360351562 991.299987792969 985.838989257812 974.187255859375 976.256774902344 982.218872070312 986.385131835938 983.231201171875 980.069885253906 982.612426757812 977.963623046875 969.945556640625 977.461975097656 985.260925292969 986.493896484375 984.939086914062 996.102233886719 997.298950195312 1005.25561523438 1001.19812011719 999.368896484375 998.542602539062 995.887634277344 1007.22174072266 1003.99450683594 1008.33245849609
989.31640625 989.716674804688 992.619689941406 976.858093261719 989.163940429688 982.642395019531 970.304260253906 972.437255859375 972.222106933594 975.823547363281 972.245178222656 977.069946289062 987.184814453125 989.212707519531 995.530700683594 992.988586425781 988.19970703125 997.383178710938 995.182800292969 994.048156738281 989.117980957031 981.784362792969 980.965270996094 972.046813964844 966.134460449219 980.051452636719 981.543212890625 988.940124511719 984.578918457031 983.87646484375 979.179504394531 981.795104980469 982.742431640625 984.606384277344 996.208984375 990.0322265625 1002.44207763672 996.540161132812 1001.01977539062 997.456237792969 997.03125 994.859436035156 986.062255859375 993.074523925781 1001.15057373047 1009.69653320312
994.194641113281 985.066223144531 982.203369140625 982.002258300781 979.432922363281 980.223937988281 976.322448730469 970.941955566406 975.17822265625 970.422729492188 970.60595703125 978.444274902344 978.753295898438 981.40673828125 990.828979492188 983.973815917969 983.004638671875 988.736328125 989.707092285156 992.482971191406 990.810546875 981.584838867188 982.335571289062 967.549133300781 978.041442871094 975.090576171875 981.431884765625 989.304504394531 990.556396484375 981.956359863281 981.750061035156 984.656616210938 981.509948730469 975.296630859375 990.685119628906 995.636474609375 993.988098144531 996.881774902344 1000.92895507812 997.573852539062 993.762390136719 984.037109375 979.801086425781 987.118896484375 1002.38970947266 1010.87408447266
977.907958984375 979.639221191406 981.523315429688 979.102111816406 979.9521484375 973.182434082031 967.341857910156 966.320495605469 977.36767578125 971.773864746094 975.213073730469 981.318969726562 987.210632324219 996.647094726562 991.209716796875 989.038635253906 987.023376464844 993.140075683594 985.413513183594 988.393920898438 989.075988769531 984.754150390625 982.333435058594 977.023803710938 972.526184082031 971.348693847656 981.904174804688 977.174194335938 988.533203125 993.093566894531 988.338989257812 986.848754882812 986.087646484375 986.564392089844 992.56396484375 996.249450683594 996.951049804688 1000.07958984375 1002.87780761719 991.854553222656 990.619079589844 983.213012695312 977.580810546875 987.894287109375 997.211364746094 1006.26989746094
975.98046875 980.841491699219 983.077575683594 977.95947265625 974.759704589844 970.785705566406 962.785217285156 962.33544921875 964.184387207031 971.384338378906 974.041870117188 980.398681640625 988.643432617188 1000.2744140625 997.660339355469 988.613098144531 998.723876953125 1005.13708496094 988.936828613281 984.018859863281 987.235412597656 980.146301269531 980.953186035156 981.707885742188 976.609619140625 977.282897949219 971.931823730469 975.111267089844 987.019653320312 994.242309570312 985.144836425781 985.259948730469 981.139099121094 987.611267089844 992.012268066406 990.218017578125 991.8994140625 991.49072265625 994.071655273438 984.899108886719 983.926330566406 989.912414550781 983.681213378906 987.787292480469 1003.01879882812 997.715881347656
971.571105957031 976.479797363281 981.765258789062 976.961547851562 981.9375 968.860656738281 972.037353515625 970.533081054688 968.225280761719 973.464233398438 979.358581542969 985.369018554688 986.376098632812 997.593017578125 998.184692382812 994.440612792969 999.831665039062 1000.63800048828 994.8720703125 978.98095703125 973.522827148438 986.069396972656 977.569580078125 980.712463378906 987.349792480469 979.210815429688 970.173278808594 974.28271484375 988.432556152344 994.610961914062 984.2802734375 981.185119628906 984.003967285156 995.643676757812 991.751342773438 998.063842773438 988.586364746094 984.229919433594 986.540954589844 982.279541015625 980.609558105469 981.864379882812 996.178161621094 993.862976074219 993.943725585938 996.503051757812
967.607055664062 970.38232421875 977.701293945312 979.790283203125 978.928527832031 976.117370605469 972.156311035156 974.09375 972.351928710938 970.3857421875 973.232177734375 981.551330566406 982.920471191406 990.110717773438 994.887939453125 985.380249023438 1000.83514404297 1003.46020507812 997.168823242188 985.5107421875 990.125732421875 988.782470703125 974.9541015625 979.968322753906 980.22998046875 980.844360351562 972.885681152344 975.086242675781 975.973937988281 992.647399902344 986.715576171875 988.659790039062 985.48291015625 993.767333984375 994.010559082031 989.77490234375 983.915588378906 982.697326660156 989.828125 983.118835449219 984.035461425781 980.74462890625 988.073791503906 985.336120605469 990.158142089844 993.580810546875
