data/zlatibor_dem_simulations/DEMsim57.asc
NCOLS 150
NROWS 100
XLLCORNER 7394249
YLLCORNER 4841999
CELLSIZE 30
NODATA_VALUE -9999
[rows 80 to 99 of 100, columns 92 to 137 of 150]
987.073608398438 987.900451660156 983.810668945312 985.278259277344 998.370910644531 999.659973144531 1004.86553955078 1005.89874267578 1008.44464111328 1009.15850830078 1004.46203613281 1002.02893066406 1009.20642089844 1019.73175048828 1019.71240234375 1032.681640625 1032.59338378906 1035.14733886719 1039.55920410156 1032.15026855469 1037.68640136719 1029.08728027344 1025.54052734375 1017.38165283203 1015.65240478516 1008.65496826172 1014.17633056641 1016.70904541016 1014.20092773438 1011.36383056641 1004.78869628906 1016.63812255859 1009.30200195312 1005.20587158203 999.892211914062 1009.25067138672 999.0859375 999.75439453125 995.089477539062 995.34228515625 992.419311523438 991.19970703125 986.318664550781 990.695983886719 990.667297363281 994.92041015625
993.194152832031 984.120544433594 981.558471679688 987.940002441406 1002.58221435547 998.712707519531 998.306762695312 1002.97174072266 1005.07818603516 1004.39733886719 1007.48181152344 1004.28961181641 1015.65472412109 1013.66290283203 1013.84521484375 1025.78210449219 1034.17102050781 1039.48193359375 1039.49841308594 1038.39404296875 1043.24743652344 1036.60827636719 1032.95300292969 1029.85913085938 1028.91186523438 1023.07305908203 1016.73626708984 1010.99145507812 1010.17492675781 998.146301269531 998.411682128906 1009.31384277344 1003.86370849609 998.613037109375 993.298950195312 998.097961425781 1000.443359375 998.680969238281 994.658142089844 990.779235839844 986.408447265625 991.954467773438 996.663879394531 992.038269042969 992.812133789062 998.394348144531
997.724670410156 989.862609863281 989.887817382812 1000.1416015625 999.543029785156 994.30029296875 1001.48876953125 1003.10852050781 1004.18237304688 1008.90441894531 1012.43542480469 1008.20727539062 1008.42108154297 1015.62835693359 1017.35992431641 1029.91528320312 1046.02673339844 1050.47045898438 1042.85339355469 1054.8955078125 1048.412109375 1046.76586914062 1048.20458984375 1040.63537597656 1045.62976074219 1034.7919921875 1030.10437011719 1012.26165771484 1003.29315185547 999.882751464844 1000.62646484375 994.143249511719 995.396240234375 988.167053222656 993.418762207031 990.446533203125 994.604919433594 993.778137207031 991.098022460938 984.879516601562 989.596496582031 988.923156738281 991.322265625 990.150268554688 993.341186523438 989.9951171875
993.973022460938 1001.25262451172 997.454772949219 995.885009765625 1004.99237060547 1004.08483886719 1004.33288574219 1011.69714355469 1000.94500732422 1007.19653320312 1015.42828369141 1011.83245849609 1008.16284179688 1016.61810302734 1019.08367919922 1030.23095703125 1044.25244140625 1051.6640625 1053.88635253906 1054.6884765625 1057.63317871094 1053.90490722656 1048.99169921875 1042.54846191406 1050.85595703125 1038.57214355469 1028.77807617188 1015.62744140625 1011.50018310547 995.829772949219 986.637329101562 985.548645019531 982.207214355469 977.04736328125 988.62060546875 991.000366210938 985.971069335938 977.640869140625 978.925476074219 982.255920410156 981.330139160156 983.353271484375 979.329345703125 985.958435058594 980.862060546875 979.035034179688
990.416931152344 997.566589355469 1001.80535888672 1001.21313476562 1019.24163818359 1012.27716064453 1003.63446044922 1006.67388916016 1001.64904785156 1006.8193359375 1018.10528564453 1008.57684326172 1005.943359375 1010.46459960938 1015.19415283203 1028.83239746094 1043.24987792969 1053.30053710938 1059.517578125 1061.60632324219 1055.80822753906 1067.08752441406 1060.544921875 1050.89172363281 1051.28796386719 1043.62353515625 1034.67663574219 1019.24255371094 1015.0625 998.464538574219 996.248107910156 990.48974609375 979.734069824219 978.642944335938 977.466735839844 982.629577636719 978.871826171875 974.379516601562 980.298095703125 984.126403808594 970.878295898438 976.319702148438 983.331604003906 977.615234375 971.226623535156 968.853881835938
994.566528320312 999.324096679688 1004.82220458984 1010.46514892578 1016.65124511719 1019.16400146484 1015.79956054688 1009.38708496094 1010.6962890625 1018.87451171875 1017.43292236328 1020.06024169922 1012.19165039062 1012.05029296875 1016.54913330078 1026.39794921875 1038.73669433594 1044.8720703125 1061.32592773438 1063.45239257812 1066.05078125 1076.86047363281 1066.42053222656 1063.50842285156 1056.775390625 1045.47241210938 1039.15979003906 1032.58093261719 1022.81158447266 1009.49298095703 1006.77514648438 1002.6435546875 986.667602539062 978.360595703125 984.692749023438 992.656127929688 985.301086425781 971.941345214844 980.160827636719 977.923461914062 973.4267578125 977.970458984375 973.975341796875 968.049987792969 968.8291015625 963.913513183594
996.102233886719 1000.10327148438 1006.43902587891 1006.27264404297 1007.18170166016 1015.6455078125 1016.78509521484 1018.38970947266 1012.18304443359 1010.70275878906 1012.345703125 1025.72973632812 1014.98748779297 1016.2158203125 1013.67749023438 1030.10473632812 1049.70642089844 1051.30700683594 1054.08508300781 1058.7822265625 1065.20910644531 1072.16101074219 1058.70837402344 1057.48217773438 1055.34692382812 1038.22814941406 1035.41723632812 1035.51586914062 1027.08032226562 1018.23687744141 1012.80511474609 1004.17364501953 999.761047363281 989.3798828125 992.39453125 990.5888671875 983.676086425781 977.318542480469 976.966979980469 980.187927246094 986.179809570312 980.414794921875 979.383728027344 972.141296386719 970.800476074219 971.415710449219
998.87109375 991.688598632812 1001.01226806641 1007.38983154297 1011.45098876953 1011.23870849609 1021.43774414062 1016.85607910156 1012.45379638672 1005.22888183594 1017.57263183594 1029.26867675781 1021.83984375 1026.50244140625 1027.18933105469 1035.32885742188 1046.76049804688 1047.92529296875 1063.17700195312 1062.81701660156 1060.81359863281 1072.76647949219 1073.24304199219 1063.81115722656 1051.47570800781 1047.73974609375 1047.16479492188 1040.5517578125 1034.65625 1023.73736572266 1020.03717041016 1006.90216064453 1001.94720458984 992.946960449219 989.970153808594 986.547668457031 985.524230957031 969.715881347656 971.976684570312 982.893493652344 980.759094238281 979.736938476562 978.116577148438 971.005004882812 970.625610351562 964.2333984375
1005.46270751953 997.779052734375 996.474609375 1008.93591308594 1006.01934814453 1006.32189941406 1012.53405761719 1009.33831787109 1009.19873046875 1012.33612060547 1021.07434082031 1031.20288085938 1033.10534667969 1034.28894042969 1035.13195800781 1041.12194824219 1043.75354003906 1046.68688964844 1058.57373046875 1066.08605957031 1064.34289550781 1069.44201660156 1068.58984375 1062.27233886719 1056.45007324219 1059.62646484375 1061.61181640625 1053.69799804688 1047.07373046875 1032.599609375 1029.61315917969 1020.00756835938 1009.34106445312 1004.15185546875 1004.31597900391 992.604919433594 985.63916015625 981.790283203125 976.544616699219 975.5361328125 981.262817382812 983.788696289062 979.39892578125 985.910034179688 969.539672851562 958.021789550781
1003.4599609375 1000.24261474609 1005.11505126953 1009.64831542969 1011.12371826172 1009.90905761719 1017.71917724609 1008.11798095703 1006.59124755859 1011.14825439453 1009.01971435547 1024.05920410156 1035.23791503906 1037.72583007812 1045.28576660156 1039.88903808594 1042.14562988281 1044.3701171875 1056.99621582031 1063.78137207031 1066.59265136719 1065.86889648438 1061.98876953125 1053.88977050781 1056.78759765625 1063.81030273438 1069.49865722656 1058.84753417969 1041.671875 1036.69323730469 1031.18481445312 1020.98486328125 1016.16668701172 1016.57781982422 1010.34197998047 997.311462402344 993.058349609375 986.905029296875 979.825988769531 972.563049316406 988.216613769531 981.064819335938 975.236022949219 972.216247558594 972.886901855469 970.774047851562
1004.54119873047 1001.96307373047 1012.89868164062 1015.60705566406 1007.00201416016 1010.93298339844 1013.22766113281 1003.73748779297 1004.88696289062 999.951599121094 1005.19952392578 1022.01232910156 1030.61682128906 1029.40600585938 1028.75622558594 1041.92993164062 1042.75268554688 1050.40063476562 1051.92553710938 1060.0615234375 1065.26232910156 1063.41979980469 1058.84729003906 1049.71862792969 1055.62158203125 1059.20849609375 1057.48083496094 1053.48156738281 1045.10339355469 1041.56323242188 1033.10021972656 1017.76043701172 1029.40161132812 1021.7939453125 1014.58599853516 996.546447753906 992.009155273438 987.891357421875 981.816223144531 974.197692871094 975.024719238281 971.710632324219 965.848388671875 972.163940429688 963.871704101562 969.607238769531
1014.78961181641 1010.62237548828 1015.14459228516 1014.74353027344 1009.08868408203 1005.06298828125 1006.30639648438 1005.19635009766 1009.3564453125 1017.80218505859 1020.0146484375 1025.70678710938 1025.18017578125 1027.12744140625 1038.04516601562 1041.79064941406 1037.92126464844 1047.4228515625 1047.47790527344 1055.08728027344 1049.41662597656 1054.58984375 1055.30114746094 1045.44860839844 1053.56848144531 1051.13537597656 1043.26672363281 1048.65197753906 1039.68603515625 1038.97131347656 1031.08032226562 1024.39331054688 1030.58374023438 1030.29321289062 1023.88830566406 1006.44818115234 994.898742675781 992.969787597656 978.739868164062 979.576477050781 968.373168945312 967.900512695312 964.316772460938 970.417541503906 970.50927734375 969.902160644531
1017.69348144531 1010.77661132812 1017.67712402344 1017.59124755859 1023.86010742188 1013.28472900391 1010.78137207031 1015.18902587891 1015.59887695312 1013.68103027344 1021.61901855469 1029.89025878906 1032.63220214844 1029.45495605469 1034.73803710938 1030.91015625 1040.45532226562 1046.28210449219 1052.56811523438 1055.64331054688 1046.37536621094 1038.29077148438 1046.23132324219 1048.48303222656 1045.62390136719 1039.65539550781 1032.9306640625 1042.17309570312 1039.77526855469 1036.72839355469 1036.35974121094 1037.50366210938 1029.46459960938 1018.29461669922 1016.48370361328 1010.33569335938 998.30126953125 992.210266113281 982.337219238281 981.659240722656 972.452819824219 973.554992675781 967.833984375 974.006652832031 971.561157226562 965.200622558594
1019.33264160156 1020.18231201172 1029.14172363281 1027.88330078125 1023.33221435547 1022.45635986328 1024.21911621094 1017.69104003906 1015.94506835938 1011.92694091797 1028.04077148438 1036.29406738281 1033.39208984375 1033.85412597656 1031.21032714844 1030.31713867188 1036.70080566406 1047.86499023438 1050.53247070312 1043.88952636719 1035.63122558594 1038.39892578125 1043.83471679688 1046.45422363281 1044.3125 1040.06701660156 1037.34619140625 1038.28234863281 1040.6435546875 1037.18762207031 1030.93029785156 1035.47229003906 1024.16516113281 1021.57012939453 1019.93463134766 1014.21655273438 1001.73986816406 1000.85424804688 980.866088867188 979.326477050781 977.970397949219 974.305419921875 966.939819335938 969.821105957031 964.627868652344 957.773864746094
1022.53643798828 1014.77526855469 1029.37145996094 1027.05895996094 1035.38403320312 1033.70446777344 1031.06066894531 1021.79522705078 1021.37268066406 1022.84350585938 1034.01171875 1026.962890625 1029.21594238281 1028.78674316406 1022.19750976562 1025.62756347656 1035.05249023438 1034.46618652344 1040.93762207031 1036.81860351562 1034.71875 1041.72143554688 1044.87536621094 1051.34216308594 1042.91967773438 1034.75012207031 1024.97570800781 1034.56701660156 1032.47900390625 1041.05297851562 1033.41613769531 1024.52307128906 1024.0029296875 1023.23773193359 1020.41046142578 1010.28900146484 1001.12854003906 995.915405273438 986.302368164062 978.171569824219 979.837890625 974.794738769531 968.060241699219 974.941345214844 960.042419433594 958.851623535156
1020.81225585938 1018.36047363281 1025.73852539062 1030.58728027344 1032.49780273438 1042.82543945312 1032.90966796875 1025.73461914062 1020.88439941406 1021.47247314453 1026.00903320312 1029.70373535156 1025.21374511719 1032.23400878906 1029.68103027344 1024.54736328125 1033.91906738281 1025.99926757812 1025.56079101562 1032.89660644531 1030.30981445312 1035.36071777344 1041.28283691406 1041.32543945312 1038.57055664062 1031.21520996094 1027.79626464844 1027.53369140625 1030.85522460938 1024.6533203125 1022.77709960938 1009.91961669922 1019.32849121094 1025.73193359375 1013.45782470703 1007.00451660156 996.38916015625 987.304138183594 978.730285644531 988.401977539062 971.083129882812 967.47021484375 974.529846191406 972.899169921875 967.047973632812 961.309448242188
1023.30389404297 1018.71423339844 1025.52136230469 1036.76721191406 1030.58923339844 1035.47241210938 1036.36572265625 1035.89184570312 1031.39099121094 1026.72338867188 1025.11926269531 1026.0556640625 1033.37133789062 1033.595703125 1030.158203125 1027.68188476562 1024.57495117188 1030.60327148438 1034.57482910156 1018.80462646484 1025.10363769531 1025.87353515625 1032.84411621094 1034.18762207031 1030.5634765625 1033.32788085938 1023.54919433594 1018.14855957031 1023.79132080078 1017.65545654297 1019.58599853516 1015.89904785156 1016.59149169922 1016.66204833984 1009.23278808594 997.321960449219 989.6953125 989.011840820312 980.73388671875 980.208679199219 968.04345703125 967.18359375 965.6318359375 965.906799316406 960.870056152344 957.605407714844
1024.38635253906 1017.24859619141 1027.68383789062 1039.69152832031 1036.59680175781 1036.818359375 1037.67431640625 1040.07543945312 1037.76208496094 1030.05651855469 1023.63323974609 1025.78588867188 1028.37866210938 1034.56274414062 1027.12817382812 1023.30432128906 1028.63500976562 1025.04516601562 1028.54333496094 1028.60083007812 1018.11608886719 1013.97149658203 1019.91625976562 1026.32067871094 1035.10510253906 1030.85412597656 1020.66125488281 1015.84161376953 1024.96228027344 1015.35961914062 1019.11566162109 1009.73516845703 1013.49664306641 1005.70690917969 993.71923828125 988.884887695312 980.773010253906 977.944641113281 975.017761230469 978.684387207031 967.88037109375 967.288757324219 968.388610839844 956.470336914062 959.58251953125 956.744995117188
1019.69622802734 1023.10064697266 1025.86059570312 1029.8857421875 1032.36022949219 1041.40185546875 1043.34069824219 1042.65417480469 1040.33020019531 1039.22180175781 1035.56372070312 1028.62524414062 1032.51843261719 1028.57446289062 1017.46246337891 1020.51019287109 1023.54113769531 1023.63757324219 1019.41656494141 1018.84997558594 1016.52386474609 1015.60327148438 1023.53546142578 1033.28039550781 1029.40246582031 1021.46728515625 1018.78668212891 1015.52142333984 1013.56127929688 1019.00897216797 1014.61303710938 1017.20806884766 1001.36700439453 987.458984375 985.520324707031 979.608703613281 972.321899414062 970.874267578125 972.093200683594 971.701293945312 973.267517089844 966.103820800781 963.152526855469 968.152282714844 960.109008789062 962.741149902344
1027.23645019531 1020.63354492188 1032.24560546875 1036.98181152344 1040.59619140625 1044.72485351562 1039.34814453125 1044.00268554688 1052.0849609375 1050.55688476562 1048.76184082031 1042.50463867188 1032.69763183594 1023.91137695312 1023.38104248047 1024.19946289062 1026.02966308594 1027.52233886719 1022.90002441406 1030.68420410156 1018.49206542969 1021.40161132812 1026.9755859375 1027.26965332031 1024.27392578125 1017.70257568359 1018.03344726562 1011.61761474609 1017.64929199219 1013.46936035156 1013.49554443359 1010.67535400391 998.209167480469 990.54052734375 973.691223144531 968.479248046875 968.7666015625 968.014709472656 967.878967285156 966.723999023438 970.515869140625 975.137939453125 972.014099121094 973.849609375 965.170837402344 965.158264160156
