data/zlatibor_dem_simulations/DEMsim77.asc
NCOLS 150
NROWS 100
XLLCORNER 7394249
YLLCORNER 4841999
CELLSIZE 30
NODATA_VALUE -9999
[rows 0 to 19 of 100, columns 46 to 91 of 150]
1003.5712890625 1005.50091552734 1002.14587402344 1000.01135253906 996.70166015625 988.965026855469 978.485473632812 985.205261230469 978.057556152344 976.506958007812 978.994018554688 979.51708984375 963.525329589844 948.283569335938 935.267578125 937.313293457031 933.972778320312 915.520629882812 910.229675292969 903.684265136719 906.384155273438 899.302001953125 901.741577148438 914.923217773438 927.285827636719 946.111389160156 945.555236816406 945.138977050781 944.984558105469 944.9892578125 946.90966796875 961.855163574219 976.6728515625 980.001892089844 979.160827636719 977.977905273438 980.020629882812 982.550476074219 979.863037109375 970.441528320312 961.343322753906 969.509155273438 968.146057128906 943.057006835938 942.913940429688 934.349975585938
1008.71423339844 1010.49053955078 1013.51251220703 1014.30621337891 1007.83056640625 993.663024902344 990.702514648438 986.716247558594 983.589172363281 972.203125 980.870971679688 963.3701171875 961.258666992188 951.7333984375 938.234619140625 941.357666015625 932.013549804688 925.182922363281 924.047546386719 911.676513671875 898.320373535156 893.241088867188 899.365356445312 908.177062988281 922.662353515625 940.910034179688 941.679565429688 944.083557128906 939.043334960938 947.062438964844 960.539611816406 974.780456542969 981.075378417969 987.642395019531 985.70263671875 987.408386230469 980.255187988281 981.04248046875 979.993530273438 966.232360839844 957.898681640625 964.480895996094 957.339660644531 952.402160644531 938.197204589844 936.870056152344
1003.37286376953 1007.54693603516 1007.28918457031 1000.46704101562 1002.21130371094 991.155700683594 995.348266601562 993.501220703125 981.861633300781 975.877380371094 969.255920410156 960.229187011719 953.903381347656 954.032043457031 945.195251464844 949.888977050781 936.982116699219 932.120239257812 932.837158203125 919.796264648438 913.091979980469 906.900939941406 904.683349609375 911.358215332031 917.951416015625 939.532409667969 941.330871582031 938.0625 948.160461425781 956.711547851562 973.39794921875 982.231262207031 980.444396972656 981.341125488281 993.27490234375 992.618957519531 989.922912597656 988.901123046875 974.349060058594 956.792297363281 959.847839355469 963.422668457031 957.718933105469 942.660400390625 946.618041992188 930.619567871094
1011.87091064453 1005.33489990234 1017.37591552734 1006.66619873047 1009.31207275391 1006.32574462891 1001.59014892578 998.981140136719 982.096435546875 974.245544433594 973.269226074219 977.916320800781 966.397644042969 962.890686035156 955.508605957031 954.757080078125 939.930236816406 931.562377929688 925.538940429688 921.294738769531 920.097412109375 916.684753417969 918.824890136719 925.830017089844 932.259887695312 943.239013671875 951.769348144531 945.328308105469 958.603820800781 970.948303222656 975.142578125 986.752868652344 985.868713378906 989.956481933594 995.848022460938 995.510437011719 1001.62249755859 985.429138183594 982.566955566406 966.958312988281 964.19384765625 969.584228515625 956.702453613281 947.856079101562 942.607666015625 932.727661132812
1014.79663085938 1021.20861816406 1012.88604736328 1012.26147460938 1000.91442871094 1003.46960449219 1005.39373779297 988.401489257812 981.879760742188 965.720886230469 973.752563476562 971.230529785156 974.218688964844 969.467346191406 962.583862304688 960.946533203125 951.909790039062 949.051696777344 937.729675292969 933.34033203125 949.3583984375 934.820190429688 925.213989257812 927.2060546875 940.283081054688 941.741027832031 951.048950195312 956.547546386719 972.921691894531 987.103698730469 985.849548339844 991.164611816406 1003.36871337891 999.757995605469 1009.80462646484 1010.54553222656 1004.08831787109 994.359741210938 981.308654785156 968.342895507812 968.644836425781 973.548522949219 955.62744140625 946.5927734375 940.361694335938 933.921813964844
1021.38092041016 1026.93493652344 1021.21929931641 1014.68432617188 1002.67102050781 995.018005371094 985.059692382812 979.28857421875 982.924011230469 968.383178710938 962.477478027344 972.06591796875 976.377563476562 976.847412109375 967.588745117188 969.580322265625 962.210815429688 948.075622558594 942.340698242188 949.445007324219 948.161682128906 944.342956542969 940.881652832031 939.352600097656 943.153747558594 952.113159179688 955.098388671875 965.537902832031 969.447448730469 989.659484863281 989.298156738281 1007.47943115234 1007.91436767578 1004.51416015625 1009.52520751953 1018.56732177734 1008.19598388672 985.164978027344 980.278137207031 968.707092285156 966.764587402344 963.744323730469 958.219665527344 951.941284179688 947.885620117188 932.991455078125
1024.69580078125 1016.02618408203 1022.54284667969 999.912963867188 991.673461914062 987.733337402344 986.293579101562 980.728332519531 977.224975585938 976.979248046875 968.154846191406 975.730224609375 984.513488769531 988.440368652344 974.97705078125 974.736267089844 970.004638671875 955.811096191406 948.967834472656 958.463012695312 956.677185058594 947.633605957031 957.216369628906 947.344604492188 954.700805664062 958.165466308594 961.138916015625 973.336486816406 980.127624511719 990.953735351562 1000.96978759766 1006.26629638672 1014.74749755859 1014.35089111328 1012.39660644531 1012.86920166016 1005.61413574219 983.985473632812 984.304565429688 982.103942871094 975.447387695312 970.612548828125 966.043762207031 955.102905273438 953.7568359375 941.991088867188
1026.69384765625 1026.06103515625 1014.84234619141 997.6357421875 992.162170410156 986.039306640625 986.477233886719 982.658447265625 979.851501464844 984.894409179688 987.06396484375 991.468505859375 987.848937988281 980.830322265625 976.399963378906 982.694152832031 974.219848632812 967.147277832031 959.131896972656 965.244323730469 956.634887695312 957.195983886719 956.948059082031 961.643798828125 966.234130859375 956.363342285156 952.890014648438 964.957214355469 976.40234375 991.570556640625 1005.42791748047 1015.63562011719 1016.64910888672 1023.94793701172 1012.62066650391 1019.3798828125 1008.32250976562 993.299499511719 983.098205566406 979.653259277344 972.809509277344 971.0126953125 960.585693359375 950.4541015625 951.67724609375 937.896423339844
1013.28057861328 1017.70440673828 1009.95025634766 1013.79943847656 998.636108398438 997.352111816406 993.561584472656 987.125244140625 990.064086914062 998.070190429688 1002.06030273438 1001.87463378906 989.742797851562 987.627868652344 984.5947265625 985.547485351562 976.405456542969 970.522094726562 963.875183105469 969.505432128906 961.364013671875 965.939025878906 963.618713378906 967.737365722656 968.402648925781 964.775573730469 959.698974609375 964.319152832031 979.62060546875 993.4384765625 1011.66967773438 1015.99127197266 1019.85516357422 1024.15881347656 1020.09246826172 1007.57202148438 1007.66253662109 1001.35113525391 991.118713378906 982.223937988281 981.840515136719 972.253784179688 963.601623535156 950.719665527344 945.698669433594 936.496704101562
1016.04730224609 1009.69927978516 1001.62951660156 1011.94787597656 1011.82183837891 1007.55529785156 1007.46478271484 997.763977050781 997.206420898438 1007.94110107422 1017.61572265625 1003.06060791016 1000.57305908203 1006.67718505859 992.891052246094 987.413940429688 977.893737792969 984.34033203125 982.612670898438 976.867614746094 978.142272949219 974.843566894531 973.115478515625 972.688598632812 975.015991210938 971.391174316406 973.927612304688 983.040283203125 982.786010742188 998.985046386719 1012.99816894531 1022.26849365234 1028.20983886719 1030.19445800781 1025.134765625 1014.00140380859 1008.51403808594 1002.23718261719 986.045837402344 979.143798828125 977.857238769531 961.836486816406 951.857543945312 940.499206542969 937.977416992188 944.667602539062
1011.92254638672 1009.03979492188 1012.51055908203 1012.43719482422 1013.18243408203 1005.951171875 1009.36651611328 1009.45031738281 1007.91784667969 1019.79119873047 1016.2001953125 1006.10418701172 1007.79748535156 1006.62872314453 1000.11511230469 990.343994140625 988.2236328125 992.772399902344 989.185302734375 984.917785644531 974.017333984375 972.250305175781 966.693115234375 967.805297851562 968.023559570312 974.937805175781 981.28369140625 991.361938476562 993.673706054688 1005.81158447266 1014.140625 1025.47680664062 1039.22900390625 1024.76342773438 1022.75549316406 1018.83551025391 1017.82116699219 1006.57690429688 992.31494140625 979.171325683594 963.541748046875 966.071899414062 958.1015625 949.341613769531 941.688232421875 945.503356933594
1000.63885498047 1005.91015625 1009.10369873047 1021.82824707031 1010.95788574219 1011.7958984375 1007.18927001953 1000.97918701172 1008.64001464844 1019.27996826172 1016.64074707031 1014.26586914062 1005.47631835938 1000.12817382812 1003.46197509766 1004.66436767578 1003.09533691406 1006.55548095703 992.50537109375 981.234008789062 978.305114746094 979.852600097656 978.923828125 968.248657226562 967.326538085938 978.401977539062 977.793029785156 995.055541992188 1004.74951171875 1019.13739013672 1027.34753417969 1029.42810058594 1035.49792480469 1033.13916015625 1025.37463378906 1018.21478271484 1011.96722412109 1010.46533203125 997.295776367188 986.640808105469 976.775817871094 966.127807617188 951.574584960938 945.081115722656 948.141174316406 948.385803222656
1005.72827148438 1005.34771728516 1007.62866210938 1009.47766113281 1012.61273193359 1015.20684814453 1007.14190673828 1010.18292236328 1013.13159179688 1017.87774658203 1022.72747802734 1015.10760498047 1010.11553955078 1009.10443115234 1004.94604492188 1010.37255859375 1006.89245605469 1004.80529785156 996.696350097656 989.686584472656 988.761901855469 979.337768554688 976.244445800781 978.454284667969 981.074401855469 994.467041015625 993.338745117188 1004.80999755859 1015.78399658203 1015.60137939453 1027.47399902344 1025.50341796875 1033.63110351562 1030.88891601562 1025.62182617188 1019.76287841797 1018.24841308594 1014.26690673828 1006.32751464844 985.678405761719 982.072082519531 974.952392578125 960.949035644531 954.942199707031 944.667724609375 955.361083984375
1001.32281494141 1009.58557128906 1013.86859130859 1021.45806884766 1020.49652099609 1021.06274414062 1018.70574951172 1016.82806396484 1005.19055175781 1009.52722167969 1015.26330566406 1026.46264648438 1018.77606201172 1013.58209228516 1012.58306884766 1018.44763183594 1010.15795898438 1007.86999511719 1010.73413085938 1000.92810058594 1002.70697021484 996.19580078125 994.576843261719 986.056335449219 985.044250488281 991.68798828125 1003.12322998047 1018.96575927734 1020.24792480469 1019.21508789062 1027.60974121094 1036.05407714844 1031.70556640625 1030.24401855469 1028.8671875 1029.02954101562 1023.47039794922 1022.26593017578 1015.15356445312 992.346862792969 993.455017089844 980.333068847656 967.850158691406 953.640625 948.692077636719 951.008972167969
1004.94769287109 1001.09246826172 1014.33660888672 1018.07049560547 1018.24304199219 1023.42803955078 1018.4404296875 1014.35894775391 1007.94818115234 1017.95458984375 1017.70593261719 1015.79620361328 1017.06573486328 1020.34753417969 1016.33483886719 1016.78253173828 1008.75415039062 1011.52502441406 1016.53454589844 1020.31640625 1017.67700195312 1013.33703613281 1006.36602783203 988.250671386719 984.240051269531 1004.00677490234 1011.91314697266 1020.14196777344 1025.36901855469 1020.89892578125 1014.32873535156 1021.18402099609 1028.74682617188 1028.25183105469 1036.77697753906 1027.73693847656 1026.69018554688 1024.48083496094 1011.82287597656 1006.5859375 989.013671875 981.397827148438 969.148315429688 957.444213867188 951.248291015625 961.203491210938
1018.04010009766 1006.45880126953 1003.12890625 1010.32244873047 1017.6611328125 1014.60992431641 1006.71118164062 1009.25512695312 1011.98712158203 1017.12457275391 1018.28015136719 1013.35894775391 1007.10064697266 1013.65112304688 1015.49340820312 1015.54791259766 1018.42791748047 1025.53942871094 1024.53576660156 1018.92034912109 1014.97003173828 1020.16137695312 1007.70648193359 997.135192871094 995.964477539062 1003.70635986328 1021.39068603516 1021.08325195312 1027.29284667969 1022.95733642578 1011.74389648438 1014.50421142578 1027.00695800781 1028.07604980469 1027.29309082031 1028.59777832031 1030.36596679688 1024.18127441406 1012.88012695312 999.277648925781 990.587036132812 977.458251953125 964.307983398438 958.062438964844 944.429138183594 950.918334960938
1007.81469726562 1007.51959228516 1008.30255126953 1000.35015869141 999.297485351562 1001.33288574219 1003.74029541016 1002.79931640625 1005.95770263672 1013.18743896484 1013.38842773438 1015.19689941406 1005.60296630859 1004.36651611328 1009.70190429688 1015.005859375 1016.31872558594 1018.71173095703 1031.51989746094 1020.23986816406 1016.98474121094 1018.32092285156 1016.83709716797 1021.58551025391 1012.74676513672 1008.18334960938 1015.88055419922 1025.03125 1025.26647949219 1018.13842773438 1023.6455078125 1021.75653076172 1019.47912597656 1025.13549804688 1025.95495605469 1026.97827148438 1026.89196777344 1026.94848632812 1017.72888183594 994.910827636719 986.646301269531 975.787475585938 973.515563964844 969.320251464844 948.754150390625 952.07177734375
1003.92456054688 1004.87884521484 1001.68249511719 992.550842285156 992.969909667969 992.873046875 1003.82275390625 1007.68756103516 1009.89562988281 1014.08312988281 1008.51538085938 1009.95196533203 1005.70794677734 1011.30285644531 1011.32183837891 1016.86157226562 1025.92846679688 1024.3564453125 1034.46252441406 1025.57849121094 1030.92236328125 1027.88952636719 1025.76904296875 1020.23986816406 1017.20721435547 1011.54382324219 1019.89440917969 1020.99377441406 1025.56530761719 1021.66497802734 1015.02154541016 1021.64971923828 1018.9521484375 1011.10064697266 1007.20086669922 1012.66870117188 1032.27099609375 1023.44000244141 1014.74182128906 1001.95275878906 991.477355957031 989.096618652344 974.860961914062 976.731384277344 964.770568847656 971.058959960938
1002.28399658203 1002.68920898438 998.55419921875 1000.74859619141 999.893432617188 1007.27606201172 1006.14422607422 1000.08807373047 1008.00354003906 1011.75866699219 1011.7841796875 1015.45269775391 1016.36981201172 1014.67218017578 1019.96087646484 1024.66174316406 1026.03735351562 1020.53387451172 1032.39135742188 1025.61389160156 1031.70886230469 1036.12939453125 1029.39489746094 1019.91351318359 1019.52502441406 1012.48675537109 1022.6435546875 1016.00238037109 1016.67974853516 1009.44268798828 1015.67132568359 1019.83221435547 1016.53918457031 1004.12274169922 1004.83880615234 1015.36773681641 1013.43060302734 1016.36553955078 1010.92492675781 1001.29602050781 996.568237304688 996.308776855469 991.857482910156 989.325622558594 983.689880371094 986.052185058594
1006.54071044922 993.881103515625 996.664733886719 1003.74578857422 1009.26892089844 1014.28564453125 1009.86590576172 1011.55346679688 1019.93176269531 1018.58990478516 1023.68011474609 1022.69537353516 1010.61676025391 1011.90203857422 1016.35137939453 1021.29705810547 1020.97387695312 1027.4169921875 1030.44567871094 1034.00134277344 1028.31799316406 1030.41687011719 1023.87915039062 1025.51342773438 1022.82318115234 1025.70080566406 1017.63079833984 1010.00219726562 1005.76647949219 999.813232421875 1004.87933349609 1009.30828857422 1013.56732177734 1008.76080322266 1008.97155761719 1018.19384765625 1012.72344970703 1013.99591064453 1005.80218505859 1005.82873535156 1005.56811523438 1002.49719238281 1006.97863769531 1005.24548339844 993.460144042969 992.750854492188
