data/zlatibor_dem_simulations/DEMsim70 (1).asc
NCOLS 150
NROWS 100
XLLCORNER 7394249
YLLCORNER 4841999
CELLSIZE 30
NODATA_VALUE -9999
[rows 40 to 59 of 100, columns 46 to 91 of 150]
968.546875 979.071228027344 984.466979980469 975.384948730469 971.696044921875 976.504455566406 967.182800292969 973.454467773438 972.166442871094 972.912414550781 975.200500488281 975.635864257812 977.640686035156 981.787780761719 993.163024902344 991.520263671875 991.413513183594 988.361633300781 991.653259277344 986.136962890625 982.406982421875 968.946838378906 977.41162109375 973.598754882812 971.2939453125 982.370971679688 975.869689941406 977.193725585938 976.841674804688 970.308227539062 967.24951171875 973.201843261719 977.794494628906 978.264282226562 980.574279785156 996.299438476562 1003.53723144531 1018.17431640625 1002.77239990234 1008.32525634766 995.453796386719 992.538818359375 989.835205078125 987.344543457031 990.614685058594 987.095886230469
966.726318359375 970.771240234375 974.385375976562 967.7578125 972.750244140625 976.812438964844 965.138000488281 964.118591308594 966.944763183594 971.94384765625 968.797485351562 972.53173828125 977.509887695312 981.514953613281 989.3662109375 990.53857421875 989.12744140625 987.573425292969 995.816467285156 983.909240722656 980.724792480469 974.219604492188 981.505859375 974.02294921875 984.835754394531 988.244873046875 972.667358398438 965.476501464844 969.125854492188 960.51708984375 968.006896972656 968.229370117188 970.241638183594 973.616088867188 982.641479492188 984.729248046875 1000.40106201172 1004.79852294922 994.925720214844 997.57421875 994.931396484375 983.16796875 993.157470703125 983.1552734375 985.778137207031 981.855285644531
968.437561035156 967.591369628906 964.232727050781 961.713073730469 965.219787597656 960.47216796875 967.865112304688 965.715026855469 965.732849121094 965.870056152344 971.906677246094 974.204895019531 983.287780761719 979.351379394531 971.409301757812 981.58544921875 981.624877929688 985.464111328125 982.072631835938 985.598571777344 986.001647949219 977.264587402344 972.114318847656 983.169311523438 979.46533203125 972.453979492188 968.361450195312 966.716918945312 967.487243652344 965.951904296875 960.097045898438 977.411987304688 976.095947265625 970.078491210938 969.133239746094 978.976196289062 988.334655761719 993.833374023438 996.009094238281 999.826904296875 992.36767578125 985.486877441406 990.518127441406 991.948913574219 983.494323730469 988.0888671875
976.050537109375 967.935791015625 955.4306640625 948.074768066406 958.1025390625 962.3818359375 963.641906738281 969.410400390625 971.727783203125 963.261779785156 960.622985839844 970.172546386719 976.378662109375 973.840698242188 979.281677246094 988.063049316406 979.169921875 977.81689453125 981.127990722656 980.602722167969 978.131164550781 975.241760253906 976.528625488281 975.947631835938 976.545959472656 981.3701171875 968.56201171875 963.485717773438 967.822021484375 970.545532226562 966.072204589844 974.115600585938 976.383911132812 982.332824707031 972.984619140625 974.598327636719 981.665344238281 974.565368652344 989.193298339844 998.79296875 992.306213378906 989.160034179688 989.231567382812 993.686889648438 983.965026855469 990.129638671875
971.899719238281 975.36328125 968.127197265625 962.714538574219 958.838928222656 973.311767578125 974.191284179688 966.932739257812 965.171264648438 967.658569335938 963.974975585938 974.613830566406 972.897155761719 971.197692871094 978.42578125 971.745483398438 969.0029296875 976.242248535156 970.245666503906 976.025573730469 976.595031738281 977.472900390625 979.10693359375 986.424072265625 983.686645507812 977.400939941406 968.470703125 959.235961914062 974.380676269531 970.858947753906 966.601013183594 970.316223144531 970.481506347656 976.209533691406 976.362243652344 974.50439453125 969.500549316406 969.095520019531 977.176513671875 992.984924316406 997.475891113281 984.532409667969 978.1083984375 977.499267578125 975.52783203125 976.575378417969
969.137878417969 971.463928222656 976.367980957031 974.259033203125 966.073852539062 971.426940917969 965.751342773438 968.411010742188 970.357116699219 974.432861328125 967.994079589844 973.493835449219 974.935607910156 971.1044921875 974.459655761719 970.328063964844 965.859191894531 966.748718261719 966.368286132812 973.245300292969 973.602111816406 974.947204589844 985.874328613281 992.265625 986.08154296875 980.020751953125 969.201416015625 961.073669433594 968.939086914062 976.797119140625 976.917724609375 975.535583496094 964.862976074219 961.120788574219 968.774169921875 968.99755859375 975.941772460938 968.361328125 968.852416992188 984.429504394531 987.752685546875 980.819274902344 979.232238769531 972.5947265625 979.230163574219 976.439147949219
975.588500976562 973.151916503906 974.122863769531 977.966064453125 969.07421875 974.064331054688 968.432067871094 969.687072753906 973.40771484375 969.391357421875 973.791320800781 965.366271972656 976.022766113281 972.461730957031 972.546936035156 976.652526855469 971.5390625 968.750549316406 963.298461914062 968.367248535156 967.321838378906 982.437438964844 982.077026367188 980.214172363281 978.728881835938 971.843872070312 968.804565429688 965.485412597656 971.006469726562 973.450622558594 973.547424316406 976.305236816406 973.388977050781 968.459838867188 961.367248535156 961.35595703125 967.827758789062 972.192260742188 963.315673828125 975.216125488281 980.472778320312 983.401184082031 980.181823730469 977.070678710938 982.139709472656 977.123901367188
965.129211425781 966.698425292969 965.796264648438 965.368530273438 973.083740234375 972.62255859375 968.621337890625 970.474182128906 972.765197753906 970.28955078125 971.047546386719 974.094787597656 969.121765136719 970.996337890625 972.613647460938 977.921997070312 969.856994628906 968.353515625 973.183044433594 973.763366699219 981.0751953125 980.154296875 989.189392089844 977.25830078125 973.170959472656 961.827697753906 966.388488769531 967.565185546875 971.608947753906 967.897521972656 966.799560546875 970.219909667969 970.047607421875 975.068969726562 967.626586914062 975.311645507812 968.181213378906 967.215881347656 975.734313964844 970.835388183594 976.132263183594 971.015991210938 983.667236328125 973.178527832031 971.914306640625 972.411804199219
953.065795898438 958.266723632812 964.498291015625 961.671081542969 967.892639160156 964.817016601562 969.087097167969 968.575073242188 971.392761230469 966.82177734375 972.764038085938 975.366516113281 982.405456542969 973.189270019531 974.246643066406 979.320922851562 977.571166992188 979.254577636719 976.438415527344 980.665954589844 977.242858886719 976.094848632812 979.484313964844 975.715881347656 965.483764648438 968.550842285156 965.342834472656 960.782104492188 972.230102539062 970.76318359375 963.316772460938 972.365356445312 971.430480957031 966.920593261719 969.1435546875 969.062133789062 968.135559082031 969.964050292969 978.479309082031 964.70703125 968.286804199219 966.016845703125 980.871826171875 972.621887207031 971.786254882812 971.705810546875
956.281188964844 950.967529296875 961.128295898438 976.098999023438 969.684875488281 963.855407714844 961.572570800781 966.383850097656 965.219482421875 966.714599609375 967.797424316406 962.325073242188 975.482666015625 974.066955566406 971.335571289062 973.400756835938 981.250793457031 980.983581542969 980.269653320312 976.596069335938 971.011962890625 961.16552734375 967.285339355469 967.984436035156 967.546264648438 963.945434570312 966.524475097656 973.73486328125 973.926879882812 968.806518554688 964.618957519531 960.696960449219 965.978942871094 970.194152832031 970.190307617188 975.151794433594 973.157836914062 971.02490234375 967.364501953125 977.009887695312 961.230102539062 964.733032226562 966.163818359375 972.319519042969 973.211059570312 969.22705078125
951.80322265625 959.517822265625 969.428955078125 969.358337402344 966.038208007812 961.529296875 963.577880859375 961.080932617188 966.927551269531 963.706420898438 956.026306152344 957.494750976562 965.688659667969 975.024719238281 968.31982421875 965.942199707031 962.657104492188 972.12841796875 974.496154785156 974.869445800781 966.072021484375 967.217041015625 974.425598144531 973.329956054688 968.706481933594 975.0068359375 967.872375488281 967.758483886719 969.045532226562 973.108459472656 961.892333984375 961.689758300781 961.734802246094 967.223022460938 965.607238769531 978.471984863281 967.900085449219 966.781005859375 972.290161132812 977.530456542969 969.333679199219 962.248413085938 969.321533203125 969.397644042969 978.060485839844 972.119140625
961.972595214844 963.961364746094 964.701171875 963.638366699219 962.274353027344 962.764709472656 955.949645996094 959.658203125 966.133911132812 965.931823730469 959.252868652344 959.295288085938 964.325744628906 961.572265625 958.879699707031 956.817504882812 957.348022460938 960.319458007812 962.458129882812 973.19140625 964.676391601562 964.219421386719 969.2587890625 969.330322265625 965.124389648438 969.396057128906 970.938842773438 970.105773925781 974.563659667969 971.975708007812 973.325561523438 965.188354492188 962.611206054688 969.492858886719 969.845336914062 972.107421875 973.274475097656 970.942016601562 966.309692382812 968.889892578125 967.038208007812 962.929321289062 966.539855957031 977.307922363281 966.516296386719 967.430419921875
969.296569824219 959.678894042969 957.488525390625 956.471801757812 957.731201171875 951.992004394531 958.163146972656 957.032897949219 956.040588378906 961.70556640625 959.297119140625 960.710998535156 955.740905761719 963.149536132812 953.145690917969 948.988586425781 954.340698242188 959.25927734375 954.552001953125 964.80615234375 962.09765625 971.019165039062 964.055908203125 972.531127929688 961.944030761719 966.550048828125 971.954833984375 963.526184082031 957.293762207031 966.515319824219 966.585754394531 969.998596191406 969.257385253906 977.355773925781 968.355102539062 972.839477539062 970.480834960938 969.818603515625 964.816772460938 960.390319824219 967.564331054688 962.387390136719 970.814758300781 972.348754882812 965.61181640625 965.12890625
966.504638671875 964.570373535156 956.384582519531 952.713073730469 947.107360839844 942.884948730469 947.498962402344 951.449340820312 954.850158691406 948.609741210938 964.2412109375 961.467590332031 959.619384765625 963.162780761719 955.826049804688 953.942687988281 956.919067382812 954.914245605469 951.958801269531 959.015075683594 962.581726074219 956.885070800781 952.542785644531 964.90478515625 965.077331542969 962.077758789062 962.052307128906 962.512268066406 961.930114746094 960.219543457031 964.639892578125 957.017517089844 957.971557617188 953.427673339844 963.049865722656 955.229858398438 965.572387695312 968.305480957031 970.320983886719 957.572204589844 962.758056640625 968.942016601562 957.873596191406 971.551879882812 970.326904296875 968.900512695312
959.70654296875 959.042358398438 950.880859375 952.288879394531 950.42333984375 952.276489257812 949.235900878906 950.070190429688 962.103454589844 961.307922363281 962.294494628906 956.744934082031 957.890380859375 958.054565429688 964.394714355469 955.945251464844 960.152465820312 953.603881835938 962.559936523438 956.060791015625 954.624938964844 957.211547851562 956.272033691406 972.812805175781 960.937133789062 957.832092285156 963.194091796875 959.746276855469 957.145080566406 962.891418457031 965.603637695312 964.897521972656 958.650695800781 944.953796386719 952.246643066406 963.739318847656 963.824340820312 974.559448242188 973.390808105469 959.689453125 956.933837890625 962.479370117188 965.899658203125 969.5947265625 963.840759277344 969.269104003906
952.802673339844 946.561401367188 947.28271484375 946.812194824219 952.761901855469 951.117797851562 949.14599609375 959.338989257812 952.709289550781 959.94677734375 963.866577148438 964.971801757812 959.668640136719 959.99462890625 960.850158691406 958.659851074219 959.819946289062 961.899353027344 964.550170898438 961.584716796875 952.962219238281 952.871887207031 965.866638183594 962.912536621094 957.618103027344 959.566772460938 963.578369140625 954.505432128906 950.657470703125 958.040588378906 962.485229492188 952.157409667969 952.436828613281 956.120727539062 951.905944824219 967.173767089844 964.824890136719 971.985473632812 970.684509277344 969.177307128906 963.543273925781 963.000671386719 964.695983886719 969.982849121094 967.034790039062 967.201904296875
950.948974609375 946.393127441406 943.474365234375 944.259216308594 948.640808105469 950.878051757812 958.11962890625 956.352600097656 949.197143554688 958.112976074219 962.108825683594 960.666137695312 964.94775390625 953.750244140625 956.154357910156 954.453369140625 960.979370117188 964.022277832031 963.671081542969 958.340576171875 954.167785644531 955.2294921875 962.784545898438 952.20458984375 959.404235839844 955.716613769531 964.929504394531 957.056274414062 951.471740722656 956.433349609375 954.319274902344 958.686828613281 959.054931640625 961.247436523438 962.886779785156 965.8115234375 969.357666015625 967.12890625 971.11865234375 972.453979492188 968.314758300781 964.241394042969 967.704284667969 965.265625 967.155639648438 967.241149902344
944.952514648438 941.343200683594 948.001586914062 948.294921875 946.692260742188 950.071533203125 948.756652832031 948.356323242188 949.960083007812 952.24365234375 953.540771484375 956.478088378906 952.512573242188 955.175537109375 947.672058105469 950.497375488281 950.592590332031 956.236022949219 956.991577148438 952.871643066406 954.332885742188 962.134704589844 956.006469726562 953.933227539062 956.328491210938 954.834045410156 964.910522460938 958.825317382812 955.977783203125 953.771240234375 951.804382324219 962.077331542969 958.393310546875 955.893432617188 969.451354980469 966.508972167969 963.808532714844 972.961730957031 968.82373046875 964.236511230469 965.671936035156 965.765930175781 968.983032226562 960.645202636719 959.188598632812 967.267456054688
952.562866210938 955.045532226562 955.411987304688 956.393798828125 955.268737792969 949.543029785156 942.227478027344 947.1884765625 950.504760742188 958.818115234375 954.4765625 958.524658203125 956.21240234375 955.651062011719 956.442321777344 958.337646484375 955.711303710938 953.622985839844 945.458435058594 959.474548339844 959.013122558594 958.549926757812 957.197387695312 963.401550292969 960.900268554688 957.586486816406 956.138427734375 956.890686035156 952.361267089844 951.819946289062 954.676940917969 966.669250488281 966.261840820312 962.696716308594 961.17236328125 956.103088378906 961.155639648438 969.214599609375 973.206909179688 965.92138671875 968.024536132812 967.192932128906 964.102172851562 960.396789550781 960.8408203125 968.667419433594
947.8974609375 956.643981933594 952.796936035156 960.61572265625 957.636413574219 954.954284667969 947.188659667969 950.249267578125 954.934448242188 965.652954101562 960.010437011719 968.033020019531 964.27294921875 956.958190917969 964.721130371094 964.443237304688 964.889831542969 962.62060546875 952.111999511719 957.008117675781 960.127868652344 953.46337890625 962.683349609375 965.022338867188 961.908264160156 960.265563964844 960.192138671875 962.674133300781 958.242736816406 960.612365722656 960.92431640625 965.576782226562 966.718627929688 960.412841796875 969.540161132812 956.321166992188 959.438598632812 960.535034179688 963.278381347656 969.45849609375 961.802856445312 967.893249511719 968.877990722656 961.572326660156 961.58740234375 959.607666015625
