data/zlatibor_dem_simulations/DEMsim54.asc
NCOLS 150
NROWS 100
XLLCORNER 7394249
YLLCORNER 4841999
CELLSIZE 30
NODATA_VALUE -9999
[rows 0 to 19 of 100, columns 0 to 45 of 150]
1022.66369628906 1002.19024658203 1009.93048095703 1005.74633789062 1014.87640380859 1004.32818603516 1002.12158203125 998.068908691406 1000.70672607422 997.580627441406 998.273315429688 1008.07507324219 1006.78564453125 998.734802246094 1001.57305908203 1005.63696289062 1001.14874267578 1011.62292480469 1019.87420654297 1023.30029296875 1031.990234375 1042.77807617188 1038.90808105469 1043.37194824219 1034.92272949219 1044.51867675781 1046.67639160156 1047.89770507812 1044.66455078125 1040.16821289062 1039.15454101562 1040.48669433594 1033.6962890625 1028.22119140625 1022.88977050781 1022.52911376953 1016.65545654297 1010.22235107422 1014.80560302734 1001.09722900391 988.951110839844 975.093200683594 975.284362792969 973.188537597656 968.287536621094 947.709106445312
1016.42108154297 1004.44885253906 1011.77075195312 1007.47723388672 1006.18536376953 1003.44757080078 1001.46911621094 1003.73516845703 1005.34100341797 1009.29095458984 998.14794921875 1011.93334960938 1016.13562011719 1018.58038330078 1010.11846923828 1010.31536865234 1013.59118652344 1018.75885009766 1015.52899169922 1023.24578857422 1028.47912597656 1038.12927246094 1040.72143554688 1044.47692871094 1037.51477050781 1029.60510253906 1041.50866699219 1037.54479980469 1042.54333496094 1037.08618164062 1043.41040039062 1036.58923339844 1030.5263671875 1031.93640136719 1021.06823730469 1020.61395263672 1022.08654785156 1017.10382080078 1008.01300048828 997.003967285156 991.461303710938 978.595886230469 978.580688476562 974.058837890625 973.370910644531 957.307434082031
1005.95294189453 997.920715332031 1001.46630859375 998.209594726562 1008.20819091797 999.263305664062 1004.16638183594 1005.64886474609 1010.53967285156 1006.14685058594 1012.56567382812 1019.35076904297 1018.15289306641 1021.11895751953 1010.71752929688 1015.16558837891 1009.45489501953 1023.06365966797 1014.82977294922 1023.65802001953 1035.77783203125 1043.11682128906 1042.04650878906 1038.96118164062 1033.69287109375 1022.02996826172 1035.39624023438 1033.17541503906 1032.61975097656 1035.2509765625 1042.60131835938 1038.68078613281 1031.73046875 1025.98461914062 1026.21057128906 1023.30072021484 1018.49938964844 1012.73608398438 1010.46173095703 1003.43646240234 1001.05261230469 984.605895996094 982.327514648438 967.770874023438 962.757080078125 961.624572753906
1005.63940429688 991.389587402344 990.274780273438 998.208190917969 1000.93634033203 1003.18200683594 1005.29473876953 1012.994140625 1006.83850097656 1010.34381103516 1011.95068359375 1013.49230957031 1013.27801513672 1010.57318115234 1018.96441650391 1015.79302978516 1021.05004882812 1018.8798828125 1028.92541503906 1032.03637695312 1032.65295410156 1037.42639160156 1044.87951660156 1037.91296386719 1023.4287109375 1021.56207275391 1021.32269287109 1028.13610839844 1028.18676757812 1032.7099609375 1035.47106933594 1033.900390625 1035.50500488281 1030.7470703125 1037.318359375 1023.17791748047 1023.29205322266 1015.91253662109 1014.84490966797 996.857116699219 993.572082519531 983.078430175781 978.251403808594 972.867492675781 966.826171875 958.269592285156
1009.39636230469 1000.60638427734 986.970764160156 997.12939453125 997.80712890625 1004.90484619141 1014.33215332031 1005.57067871094 1008.91229248047 1019.52130126953 1004.1357421875 999.221496582031 1015.01000976562 1010.06536865234 1005.27062988281 1014.67895507812 1011.12268066406 1022.89208984375 1031.04235839844 1035.51049804688 1036.07678222656 1037.61181640625 1035.88623046875 1023.52178955078 1024.58117675781 1019.19787597656 1021.39123535156 1026.36840820312 1014.35650634766 1024.92224121094 1025.27600097656 1029.78405761719 1029.63696289062 1021.99700927734 1028.87390136719 1021.60357666016 1023.02032470703 1015.3984375 1004.10498046875 998.81103515625 995.364440917969 997.530517578125 988.853210449219 978.524719238281 972.067199707031 962.575866699219
1007.06121826172 1004.83251953125 985.528442382812 989.909912109375 996.709838867188 1005.85552978516 1008.27703857422 1003.68176269531 1013.63983154297 1008.43719482422 1006.34350585938 1002.44763183594 1007.29656982422 997.271484375 1005.0263671875 1012.98168945312 1016.3291015625 1019.28814697266 1028.9375 1031.48583984375 1033.10925292969 1036.21105957031 1035.3818359375 1027.86071777344 1019.44549560547 1020.7197265625 1014.46038818359 1019.6591796875 1008.18121337891 1014.14978027344 1019.60607910156 1022.80108642578 1019.64276123047 1016.4296875 1014.88018798828 1020.40966796875 1015.50543212891 1011.61853027344 1002.94665527344 999.315246582031 996.776062011719 996.163513183594 986.226806640625 989.017272949219 982.29833984375 968.918518066406
1002.09240722656 988.382995605469 988.622802734375 991.161376953125 1006.20275878906 1009.03948974609 1004.11358642578 1012.99719238281 1009.08044433594 1010.29339599609 1003.38970947266 1001.48602294922 1004.11822509766 992.837219238281 996.708618164062 1006.42547607422 1001.07122802734 1015.19226074219 1019.08166503906 1028.08056640625 1032.44360351562 1031.98876953125 1026.42407226562 1028.77624511719 1021.62139892578 1022.27801513672 1019.81207275391 1016.51019287109 1009.48657226562 1010.12646484375 1018.9267578125 1026.04553222656 1026.41223144531 1018.2958984375 1016.21789550781 1019.12469482422 1008.98596191406 1009.86437988281 1009.60699462891 999.721130371094 991.318481445312 988.684265136719 993.225891113281 995.646789550781 992.752319335938 987.82861328125
991.323669433594 990.134094238281 987.482238769531 986.904113769531 997.191284179688 1001.94409179688 1009.35723876953 1002.20434570312 1010.59289550781 1013.52972412109 1006.48120117188 1005.13745117188 991.725952148438 993.021911621094 996.151000976562 1007.21722412109 1011.63360595703 1020.01580810547 1020.26586914062 1014.11169433594 1018.72869873047 1023.79565429688 1022.29193115234 1032.197265625 1033.42236328125 1020.38708496094 1019.17547607422 1010.43615722656 1000.23608398438 1006.25970458984 1014.09539794922 1026.10485839844 1018.31304931641 1034.67785644531 1019.97650146484 1017.88848876953 1017.47570800781 1012.00408935547 1009.72210693359 1002.52960205078 989.385070800781 994.882019042969 996.140563964844 989.107299804688 997.848693847656 997.624328613281
987.571166992188 990.508483886719 987.905578613281 988.54541015625 992.539245605469 1002.56469726562 1001.16278076172 996.226318359375 1003.16064453125 1005.33142089844 1004.67321777344 994.79931640625 988.913269042969 987.697875976562 989.883117675781 1005.29370117188 1006.3466796875 1009.89318847656 1009.33697509766 1015.39703369141 1012.59869384766 1016.16235351562 1016.66571044922 1023.81671142578 1024.908203125 1017.88928222656 1013.5244140625 1008.79406738281 1002.9345703125 1005.81506347656 1011.51300048828 1015.17834472656 1014.90411376953 1022.00970458984 1024.86706542969 1025.07653808594 1017.72985839844 1010.89538574219 1012.744140625 1009.00347900391 998.769592285156 1005.92150878906 999.122314453125 990.654846191406 1004.77563476562 1006.77178955078
993.707275390625 997.456176757812 993.665466308594 991.235290527344 996.654296875 1001.68804931641 1001.57434082031 1009.72863769531 1003.85174560547 998.430725097656 1005.22015380859 994.534240722656 994.441162109375 985.102294921875 991.124328613281 1001.00183105469 1009.92761230469 1009.08032226562 1005.09851074219 1017.47601318359 1015.63549804688 1016.24749755859 1018.81561279297 1020.68908691406 1011.20635986328 1009.08087158203 994.5205078125 1007.65863037109 1006.21484375 1008.98498535156 1011.05908203125 1009.60083007812 1006.36260986328 1016.57183837891 1021.14874267578 1025.29431152344 1025.37976074219 1021.39465332031 1017.61346435547 1013.53820800781 1004.48303222656 1011.32415771484 1008.857421875 1010.97497558594 1012.26824951172 1005.95147705078
998.625854492188 998.758850097656 991.116333007812 990.360656738281 994.601318359375 999.159057617188 998.437133789062 1006.80090332031 1004.88824462891 991.352905273438 992.7333984375 1002.72357177734 996.457885742188 985.665344238281 1004.923828125 1000.23004150391 1005.43737792969 1003.65588378906 1006.46337890625 1017.28845214844 1008.92449951172 1019.73492431641 1019.21435546875 1006.6044921875 1007.73645019531 995.591918945312 986.152465820312 996.954223632812 1006.48815917969 1000.32684326172 1006.44689941406 1004.78991699219 1010.09106445312 1013.38385009766 1017.02807617188 1018.87335205078 1019.81420898438 1034.18139648438 1023.15405273438 1015.42822265625 1015.72229003906 1021.40264892578 1012.0224609375 1015.54907226562 1012.13153076172 1012.77252197266
997.486206054688 986.756652832031 987.788208007812 993.561584472656 986.100769042969 993.338012695312 998.370666503906 995.864624023438 985.55517578125 984.911865234375 984.324645996094 989.805969238281 992.615844726562 991.077453613281 996.106079101562 993.285217285156 997.7646484375 992.145263671875 1000.40887451172 1005.51348876953 1000.69500732422 1010.08801269531 1002.12268066406 1002.72937011719 1000.32794189453 991.110107421875 993.216674804688 994.339965820312 1000.52893066406 1006.17877197266 1003.00170898438 1007.30920410156 1012.44006347656 1015.45806884766 1024.83154296875 1017.20666503906 1026.6435546875 1025.61608886719 1025.48583984375 1012.59295654297 1023.01654052734 1026.10205078125 1026.07104492188 1023.60260009766 1023.36859130859 1012.67590332031
992.555297851562 983.568420410156 988.769836425781 988.390625 992.1953125 992.180725097656 990.840026855469 986.224304199219 980.268310546875 976.571350097656 981.20068359375 981.216979980469 981.326354980469 978.219055175781 988.867065429688 986.509033203125 986.994873046875 989.8466796875 996.835571289062 1007.08325195312 1006.84979248047 1001.8173828125 998.782287597656 990.105529785156 989.341979980469 987.680053710938 984.282104492188 984.149780273438 999.808410644531 1006.19708251953 1006.60192871094 1014.28387451172 1015.84240722656 1021.22576904297 1014.6171875 1032.09899902344 1027.73095703125 1031.74169921875 1027.73559570312 1020.09130859375 1025.96716308594 1026.96765136719 1023.14184570312 1027.3583984375 1024.21496582031 1016.81286621094
986.961242675781 995.369140625 995.080993652344 989.306579589844 990.938598632812 988.320190429688 989.02685546875 991.518432617188 980.513366699219 975.616088867188 973.691162109375 986.430969238281 985.503601074219 977.062194824219 974.345581054688 979.201599121094 992.687194824219 1004.47705078125 1004.12200927734 1004.41546630859 1008.66290283203 1004.19793701172 998.69775390625 996.549987792969 991.944213867188 984.424255371094 991.185180664062 994.25830078125 999.840576171875 1004.97534179688 1016.12445068359 1026.99194335938 1019.90441894531 1025.07470703125 1023.16217041016 1026.26538085938 1033.87878417969 1038.08776855469 1034.1455078125 1029.51501464844 1036.03601074219 1030.60595703125 1027.32666015625 1029.96447753906 1023.02478027344 1022.48205566406
982.951965332031 989.646728515625 995.244567871094 994.100830078125 988.699523925781 981.5859375 986.588500976562 989.035400390625 974.492492675781 967.667297363281 977.486450195312 982.988952636719 982.969848632812 977.468200683594 979.026794433594 982.059265136719 985.582214355469 993.483459472656 993.379638671875 997.639282226562 989.061279296875 995.412780761719 996.339477539062 992.791687011719 991.1806640625 988.856872558594 992.73974609375 996.255126953125 1005.68365478516 1013.55755615234 1025.67749023438 1019.55792236328 1017.45654296875 1016.72430419922 1024.26550292969 1021.20812988281 1033.02062988281 1037.17272949219 1038.70874023438 1041.26147460938 1034.44921875 1035.43054199219 1026.73156738281 1021.42608642578 1017.64532470703 1015.97473144531
998.137084960938 1000.04583740234 986.250915527344 989.564453125 980.38818359375 986.373474121094 993.723815917969 992.737548828125 983.457763671875 969.532287597656 975.359802246094 970.457824707031 979.617980957031 973.300659179688 981.079223632812 980.387756347656 981.965454101562 990.977355957031 992.877624511719 985.424133300781 985.368469238281 982.879333496094 981.295471191406 984.898803710938 991.187561035156 986.635498046875 993.563537597656 998.407287597656 1008.07983398438 1008.42407226562 1019.11596679688 1016.8349609375 1014.31335449219 1016.38507080078 1021.52795410156 1024.31176757812 1029.99060058594 1039.00964355469 1045.48693847656 1037.71533203125 1033.81018066406 1040.81103515625 1034.46154785156 1023.09759521484 1018.85736083984 1009.12316894531
990.700012207031 991.588500976562 984.262145996094 983.612670898438 975.200073242188 978.544189453125 981.828918457031 980.883972167969 985.649719238281 969.1298828125 960.540283203125 965.425659179688 972.750671386719 973.555541992188 968.934143066406 977.892944335938 984.563293457031 984.30126953125 975.335571289062 972.644836425781 972.598083496094 978.164916992188 979.908325195312 986.5810546875 982.116760253906 992.068725585938 1001.48187255859 996.719299316406 1004.77868652344 1013.79510498047 1015.45617675781 1024.35070800781 1028.02880859375 1021.24298095703 1033.486328125 1024.00646972656 1029.70336914062 1043.70324707031 1048.3349609375 1041.83154296875 1038.95153808594 1035.6220703125 1041.57641601562 1030.58959960938 1017.88549804688 1015.56103515625
976.526123046875 980.851867675781 977.32421875 984.404846191406 979.688842773438 972.956115722656 982.201782226562 982.47705078125 982.475769042969 971.306335449219 973.461608886719 963.634094238281 969.412292480469 972.99462890625 977.636474609375 972.344482421875 971.662780761719 971.882995605469 975.68408203125 972.654541015625 975.326843261719 972.252563476562 976.37060546875 988.772827148438 987.893188476562 995.8291015625 995.417419433594 1000.01733398438 1003.24920654297 1015.64428710938 1020.9296875 1021.29803466797 1025.37023925781 1025.72180175781 1030.73559570312 1027.60314941406 1035.68212890625 1039.52941894531 1050.41027832031 1043.869140625 1037.35412597656 1045.43322753906 1045.66748046875 1038.34240722656 1024.12573242188 1013.13702392578
961.831481933594 966.823059082031 975.101318359375 974.273803710938 981.650024414062 977.792175292969 985.394653320312 977.021728515625 981.811767578125 978.588684082031 970.649658203125 961.877624511719 966.666564941406 962.874450683594 961.086059570312 966.367797851562 967.960815429688 970.062683105469 971.473327636719 966.294738769531 963.6708984375 984.412963867188 978.70654296875 985.829895019531 994.088928222656 1005.76513671875 1009.48773193359 1005.27838134766 996.147888183594 1006.77526855469 1013.107421875 1027.42736816406 1022.42431640625 1030.41687011719 1030.34680175781 1026.08581542969 1032.86047363281 1038.24877929688 1038.18908691406 1041.50537109375 1039.84741210938 1044.83264160156 1047.15893554688 1046.5048828125 1035.423828125 1018.64099121094
957.924865722656 963.960998535156 970.930725097656 971.429382324219 965.767395019531 964.45458984375 969.667114257812 966.74755859375 975.893981933594 969.105285644531 967.16943359375 960.498718261719 961.409606933594 957.039611816406 961.267883300781 962.876037597656 963.698913574219 966.697937011719 963.617980957031 962.009643554688 971.795532226562 973.491088867188 971.715637207031 978.192687988281 996.345397949219 1000.86145019531 1003.296875 1010.26800537109 1009.07550048828 1013.47521972656 1019.52758789062 1020.65551757812 1022.22680664062 1025.392578125 1028.99719238281 1021.5478515625 1021.78704833984 1032.10668945312 1040.90478515625 1037.0517578125 1036.35754394531 1036.47668457031 1041.03430175781 1041.99841308594 1034.09997558594 1023.83038330078
