data/zlatibor_dem_simulations/DEMsim97.asc
NCOLS 150
NROWS 100
XLLCORNER 7394249
YLLCORNER 4841999
CELLSIZE 30
NODATA_VALUE -9999
[rows 0 to 19 of 100, columns 92 to 137 of 150]
917.496032714844 905.829650878906 908.894958496094 904.999328613281 889.748596191406 885.212768554688 893.685974121094 882.88232421875 881.648681640625 868.990173339844 862.647644042969 863.764282226562 852.813293457031 857.548461914062 847.010620117188 853.816955566406 852.447326660156 861.344787597656 875.081481933594 883.416931152344 885.274841308594 895.224426269531 901.057739257812 903.273315429688 902.626586914062 904.001647949219 907.81591796875 910.443664550781 931.953796386719 924.505065917969 936.600463867188 945.2001953125 959.061279296875 957.208068847656 963.761657714844 975.074951171875 964.908264160156 988.745849609375 998.91552734375 1004.82385253906 1021.90515136719 1029.63146972656 1043.41455078125 1040.05322265625 1036.9755859375 1039.61193847656
914.076171875 901.793579101562 905.723510742188 900.146484375 902.658020019531 898.828125 895.903930664062 893.018615722656 877.891052246094 872.3076171875 864.950805664062 864.868286132812 849.936706542969 851.80224609375 861.780700683594 846.013854980469 851.9130859375 860.983642578125 867.409912109375 876.127014160156 880.174377441406 888.859924316406 894.282531738281 902.31494140625 896.030944824219 894.743713378906 908.559936523438 915.810302734375 924.179809570312 931.877624511719 935.607604980469 948.126342773438 956.568542480469 963.013000488281 955.119262695312 965.136169433594 969.777404785156 985.779296875 989.527221679688 1010.05749511719 1018.31658935547 1035.92529296875 1036.27001953125 1040.22912597656 1039.42041015625 1044.37658691406
906.283020019531 910.901000976562 906.517883300781 910.728332519531 912.747375488281 910.119018554688 899.840393066406 886.648742675781 882.977722167969 874.211242675781 870.032958984375 861.185974121094 856.369323730469 859.237731933594 857.996765136719 861.85302734375 857.190612792969 859.955322265625 865.443420410156 869.898803710938 879.510559082031 886.500732421875 892.54833984375 894.812683105469 896.759948730469 895.25830078125 909.248474121094 920.984436035156 940.147644042969 939.495849609375 935.876098632812 933.130920410156 950.318908691406 953.078308105469 958.337524414062 965.790466308594 974.474182128906 978.288391113281 989.4736328125 996.270690917969 1016.30548095703 1027.5400390625 1034.91979980469 1034.43884277344 1046.38427734375 1055.39331054688
920.815002441406 911.673767089844 907.819091796875 915.953430175781 910.071228027344 904.865173339844 906.969421386719 897.031799316406 888.184448242188 880.117553710938 872.896667480469 861.72216796875 863.260070800781 870.430725097656 868.390319824219 870.09716796875 858.874938964844 859.522399902344 860.983947753906 868.274291992188 877.5087890625 882.6591796875 889.12548828125 897.232604980469 897.59228515625 892.659118652344 900.377319335938 922.960876464844 934.637023925781 938.771179199219 934.407775878906 941.416687011719 941.900390625 947.687744140625 958.722534179688 961.3388671875 961.476684570312 978.903015136719 992.398132324219 1000.11108398438 1011.69464111328 1037.28466796875 1038.98461914062 1039.58984375 1049.88342285156 1063.9970703125
914.018859863281 915.176025390625 909.901062011719 915.632629394531 918.0029296875 910.355529785156 907.591796875 902.5302734375 896.594360351562 881.139831542969 869.119934082031 868.345092773438 872.308532714844 871.815185546875 871.361206054688 872.312072753906 867.985717773438 863.027038574219 867.687622070312 869.43603515625 874.747436523438 886.957153320312 903.036437988281 902.316162109375 904.379638671875 902.802978515625 912.960021972656 922.842529296875 933.819946289062 934.716064453125 942.070983886719 937.050170898438 941.962158203125 953.934020996094 956.555969238281 953.369140625 960.933166503906 981.669738769531 989.81689453125 1006.18127441406 1009.50567626953 1022.16125488281 1032.544921875 1037.77563476562 1050.86413574219 1067.37890625
918.750549316406 916.415893554688 918.037780761719 919.323547363281 910.279541015625 916.151611328125 906.439514160156 899.710144042969 889.392395019531 883.2138671875 877.728820800781 872.493957519531 879.538330078125 875.706787109375 888.156616210938 885.507751464844 882.280700683594 872.576843261719 869.652587890625 877.115356445312 880.663024902344 893.136901855469 899.213317871094 901.740600585938 905.231140136719 906.519287109375 915.650085449219 923.533813476562 924.588073730469 934.468139648438 938.525939941406 938.894165039062 945.4462890625 959.18505859375 961.089294433594 965.744262695312 970.028137207031 984.481872558594 992.810729980469 1001.31353759766 1013.31781005859 1026.12744140625 1029.9765625 1036.24475097656 1049.85290527344 1059.22875976562
916.631225585938 917.545166015625 914.431274414062 919.311950683594 908.159973144531 919.720092773438 915.850952148438 905.258056640625 895.387268066406 892.947265625 883.871948242188 883.215576171875 879.145385742188 889.802917480469 895.808166503906 898.145202636719 888.111206054688 878.319152832031 880.503479003906 886.139343261719 888.865539550781 892.455444335938 904.552001953125 898.329223632812 898.041748046875 910.260864257812 918.011840820312 929.375915527344 932.983337402344 927.375305175781 943.194580078125 948.678955078125 946.832885742188 959.142028808594 968.12158203125 974.438598632812 975.403137207031 985.152648925781 996.527282714844 1003.82971191406 1012.18463134766 1025.27099609375 1027.81433105469 1037.08361816406 1043.0244140625 1067.11926269531
923.863952636719 921.324035644531 912.718017578125 918.340087890625 916.52978515625 928.351928710938 922.943237304688 911.041687011719 892.880737304688 899.086364746094 892.883117675781 893.519653320312 887.663024902344 895.3427734375 899.373779296875 903.229553222656 902.267761230469 887.080627441406 887.869323730469 885.831420898438 894.384643554688 888.596557617188 904.000549316406 898.917175292969 902.090026855469 904.647216796875 913.310668945312 924.707580566406 939.881042480469 936.696228027344 948.230895996094 947.90869140625 943.83154296875 957.159423828125 972.615783691406 977.581115722656 980.843078613281 977.70849609375 991.162963867188 1001.96514892578 1010.50524902344 1025.68542480469 1028.37707519531 1038.91528320312 1048.166015625 1073.18591308594
929.800476074219 917.449768066406 915.860534667969 920.717651367188 917.061462402344 917.851257324219 921.14111328125 911.247192382812 905.35693359375 899.924682617188 904.447509765625 900.03369140625 899.398620605469 903.269775390625 907.333740234375 911.515747070312 911.839416503906 899.502624511719 891.662841796875 903.124633789062 911.194091796875 896.022583007812 904.307006835938 903.518798828125 904.338684082031 911.884338378906 910.662658691406 919.0185546875 932.189392089844 944.978820800781 951.189575195312 959.768127441406 958.244384765625 966.064819335938 976.425354003906 976.630676269531 981.05859375 984.567810058594 984.226379394531 995.543090820312 1005.76892089844 1018.22698974609 1029.73193359375 1037.97546386719 1060.49328613281 1073.26049804688
933.654479980469 935.686462402344 922.520324707031 919.713928222656 914.046081542969 912.9794921875 912.631591796875 921.614501953125 903.367858886719 899.486389160156 910.0703125 912.017578125 908.500610351562 901.183715820312 919.854309082031 918.801635742188 908.741455078125 899.421020507812 895.558715820312 908.564880371094 916.057250976562 911.410949707031 906.345764160156 905.095336914062 905.936645507812 905.952941894531 915.162841796875 915.901184082031 926.015380859375 939.135864257812 956.291076660156 966.796875 969.764221191406 974.771789550781 984.414428710938 982.483215332031 981.600769042969 980.220825195312 983.377380371094 999.837707519531 1005.41052246094 1014.27996826172 1035.00671386719 1043.50866699219 1061.25988769531 1080.61242675781
933.672119140625 935.317138671875 927.013916015625 923.725708007812 919.808288574219 922.047424316406 921.060302734375 917.020141601562 916.381591796875 908.642517089844 915.847229003906 919.352478027344 918.998291015625 917.591918945312 921.513122558594 926.375671386719 916.370422363281 907.904418945312 903.457397460938 910.567810058594 921.224731445312 920.411804199219 920.413940429688 912.851440429688 907.278442382812 909.791442871094 906.549377441406 911.3310546875 926.460266113281 937.864929199219 961.118530273438 972.783569335938 975.374267578125 976.642761230469 979.581176757812 982.584289550781 988.210388183594 981.701965332031 984.529357910156 996.255187988281 1002.79870605469 1014.44952392578 1029.89196777344 1039.20275878906 1060.21606445312 1072.61328125
938.437744140625 941.518127441406 932.564575195312 926.302368164062 929.903137207031 936.205627441406 931.378601074219 932.2509765625 934.618103027344 924.517211914062 924.994567871094 922.119201660156 919.601379394531 926.866271972656 933.558898925781 938.935729980469 930.581420898438 922.839294433594 916.295654296875 914.155456542969 930.937438964844 926.599304199219 923.179321289062 910.98486328125 906.743225097656 907.859313964844 912.381286621094 911.065551757812 922.680419921875 935.597717285156 948.757446289062 968.397338867188 971.31982421875 968.021545410156 984.807678222656 990.17236328125 990.053833007812 991.916259765625 987.655212402344 992.964477539062 1003.05499267578 1014.03741455078 1018.76763916016 1036.19702148438 1059.57385253906 1073.31115722656
953.837890625 946.63818359375 948.60546875 930.07080078125 934.624084472656 938.726196289062 943.170715332031 941.780151367188 946.016845703125 949.536743164062 938.463439941406 938.924987792969 936.5283203125 943.358276367188 944.574035644531 948.668273925781 942.590393066406 929.915100097656 929.016906738281 932.319641113281 932.418823242188 927.317199707031 923.707641601562 914.534423828125 904.801025390625 904.98583984375 912.597229003906 918.35400390625 928.541564941406 935.897155761719 954.886474609375 969.698608398438 967.89208984375 978.0634765625 981.087341308594 979.908142089844 982.055603027344 991.331420898438 988.813720703125 1007.61541748047 1009.41070556641 1013.14569091797 1024.84326171875 1041.814453125 1047.93249511719 1062.73181152344
951.263122558594 951.989013671875 944.218200683594 937.37109375 938.35302734375 947.970031738281 953.111877441406 948.66650390625 952.883544921875 955.593872070312 956.094116210938 952.439208984375 952.911315917969 949.248779296875 952.807739257812 952.948791503906 946.490295410156 946.399291992188 941.317260742188 939.383239746094 929.486938476562 926.681701660156 927.632690429688 920.342407226562 907.332397460938 909.351867675781 915.823181152344 921.677978515625 937.291748046875 955.974792480469 969.734497070312 973.936157226562 979.888427734375 987.966491699219 989.905944824219 977.057495117188 987.816101074219 996.034790039062 996.611694335938 1000.62603759766 1014.47515869141 1020.41778564453 1026.40270996094 1032.43994140625 1045.609375 1074.88195800781
955.291442871094 952.802917480469 952.955749511719 941.796325683594 953.6943359375 954.081726074219 955.261047363281 950.88671875 956.194641113281 961.137939453125 967.160339355469 971.596740722656 970.663879394531 968.917663574219 959.381408691406 956.24951171875 956.830932617188 964.769226074219 957.677612304688 946.997314453125 935.568603515625 928.0859375 922.819763183594 923.113464355469 909.540832519531 911.56103515625 922.196350097656 939.659729003906 947.853759765625 962.669006347656 974.596313476562 983.269592285156 985.3603515625 988.376708984375 995.644775390625 992.606262207031 993.028015136719 996.65185546875 999.594970703125 1007.02368164062 1012.9013671875 1017.66290283203 1030.59375 1032.673828125 1048.94055175781 1067.3359375
958.364685058594 965.82763671875 963.149353027344 961.460021972656 974.368103027344 965.780578613281 967.800170898438 969.972106933594 965.810180664062 969.16162109375 972.300842285156 979.570922851562 970.6484375 967.444091796875 966.695861816406 959.794616699219 972.641296386719 968.151672363281 958.840393066406 948.734313964844 938.244873046875 929.138000488281 928.538513183594 918.049499511719 904.395385742188 915.418395996094 932.240356445312 943.654907226562 954.305419921875 960.588623046875 977.054077148438 982.091552734375 987.139099121094 994.057739257812 1003.41668701172 1002.50964355469 1001.19580078125 1007.06237792969 1007.61254882812 1018.38177490234 1014.38458251953 1022.28839111328 1034.35534667969 1046.93957519531 1046.25720214844 1064.42309570312
959.465026855469 965.735778808594 968.596435546875 970.348876953125 969.932861328125 969.690246582031 967.020874023438 980.428527832031 979.307006835938 978.105712890625 982.654663085938 976.862182617188 976.305053710938 987.07177734375 984.576721191406 980.939086914062 983.071105957031 979.989074707031 961.8681640625 949.322570800781 942.289916992188 934.430053710938 929.334777832031 916.75634765625 915.879516601562 920.498657226562 935.687744140625 941.459777832031 949.697998046875 969.165405273438 970.104370117188 983.240417480469 995.081481933594 999.903198242188 1007.47424316406 1003.24407958984 1011.05676269531 1015.89819335938 1011.77905273438 1017.33099365234 1024.75122070312 1036.41845703125 1037.87585449219 1041.31323242188 1043.37109375 1063.73986816406
964.721923828125 973.015014648438 977.096801757812 976.853820800781 982.092224121094 978.393981933594 978.031677246094 984.785400390625 985.86376953125 980.022827148438 982.124450683594 986.703247070312 981.941284179688 994.7001953125 992.35595703125 983.903076171875 992.676025390625 986.911071777344 968.428100585938 956.070068359375 943.748779296875 944.170593261719 930.691589355469 925.487670898438 921.667358398438 931.982055664062 940.728454589844 950.0322265625 962.574035644531 966.616638183594 973.3125 989.24560546875 988.834106445312 988.854187011719 998.47412109375 1006.04132080078 1005.79400634766 1010.12139892578 1020.77191162109 1017.04766845703 1023.49383544922 1030.11145019531 1036.02941894531 1040.68933105469 1048.48999023438 1054.52465820312
968.684326171875 972.672546386719 995.894348144531 1000.41412353516 1000.77709960938 982.7939453125 985.01953125 991.654113769531 988.460327148438 985.594848632812 993.712585449219 993.578674316406 987.131408691406 991.216857910156 991.879150390625 991.771789550781 983.58740234375 975.035949707031 962.266967773438 954.139770507812 948.449584960938 946.307556152344 932.35986328125 932.274047851562 924.532470703125 934.949096679688 939.706481933594 945.402954101562 966.017211914062 961.086669921875 977.940185546875 984.396301269531 983.232299804688 994.373168945312 1004.54333496094 1009.46771240234 1019.68298339844 1018.72692871094 1021.44653320312 1023.42742919922 1027.80859375 1027.85925292969 1033.81884765625 1046.06225585938 1052.65356445312 1062.09399414062
986.297119140625 988.399780273438 999.045715332031 1005.87530517578 1005.33245849609 1003.12536621094 993.009094238281 991.730407714844 993.028747558594 998.139038085938 998.8837890625 996.250366210938 989.159912109375 991.32177734375 990.262878417969 983.540100097656 983.405334472656 976.3994140625 957.394287109375 947.971252441406 939.119812011719 932.259948730469 933.302551269531 933.859741210938 928.52880859375 928.3662109375 936.83740234375 944.091491699219 953.625549316406 971.469970703125 971.890502929688 977.08544921875 986.2421875 996.451904296875 1007.71002197266 1014.37475585938 1017.32727050781 1019.00561523438 1022.14874267578 1027.86047363281 1027.89868164062 1036.57299804688 1046.94311523438 1043.34411621094 1052.79223632812 1060.52319335938
