data/zlatibor_dem_simulations/DEMsim98.asc
NCOLS 150
NROWS 100
XLLCORNER 7394249
YLLCORNER 4841999
CELLSIZE 30
NODATA_VALUE -9999
[rows 20 to 39 of 100, columns 0 to 45 of 150]
973.844909667969 973.93603515625 959.7841796875 956.722778320312 958.639404296875 962.865966796875 966.183837890625 958.275268554688 950.407653808594 960.9697265625 955.76025390625 962.898620605469 964.146118164062 959.333312988281 963.035095214844 970.659118652344 969.966369628906 966.214294433594 970.069091796875 968.989074707031 976.774291992188 977.487670898438 986.241149902344 980.438415527344 989.856811523438 995.877075195312 1003.32971191406 1010.39642333984 1014.06842041016 1016.19580078125 1010.53656005859 1011.89636230469 1013.67510986328 1023.75250244141 1027.22961425781 1020.57238769531 1020.86785888672 1027.52783203125 1030.83239746094 1036.84020996094 1038.123046875 1045.65490722656 1031.33081054688 1021.52703857422 1013.92034912109 1000.15625
965.078857421875 963.136413574219 961.915405273438 960.758666992188 960.809448242188 962.107788085938 964.188415527344 956.832336425781 956.563720703125 959.070556640625 954.426696777344 960.296081542969 953.175720214844 953.274536132812 955.183959960938 950.473876953125 960.6376953125 961.468444824219 963.151428222656 972.392639160156 978.603698730469 980.536376953125 983.929321289062 986.472900390625 1003.17846679688 1009.86541748047 1005.37066650391 1007.05627441406 1003.32269287109 1005.20916748047 1007.07269287109 1003.88671875 1010.42901611328 1014.71179199219 1016.96435546875 1022.05780029297 1022.89392089844 1021.43170166016 1023.48333740234 1028.27270507812 1030.78356933594 1033.10205078125 1030.0810546875 1020.08770751953 1011.37579345703 1003.70666503906
959.420776367188 956.419189453125 956.722473144531 951.883056640625 957.421142578125 957.312805175781 956.916870117188 954.14990234375 946.675659179688 947.188720703125 956.90087890625 961.472778320312 959.171630859375 950.106750488281 944.046752929688 950.7724609375 961.788452148438 962.29736328125 962.694641113281 970.245361328125 983.146545410156 985.298400878906 985.679992675781 986.438598632812 997.240661621094 1007.67651367188 1004.97583007812 1002.95587158203 1004.81890869141 996.305358886719 1000.91552734375 1002.07165527344 1003.91082763672 1006.76794433594 1015.34942626953 1027.021484375 1028.11926269531 1018.62915039062 1026.87683105469 1027.00244140625 1029.05749511719 1015.85626220703 1009.75250244141 1007.56640625 1009.64660644531 1006.13348388672
947.047241210938 953.273498535156 954.514282226562 946.640075683594 956.663818359375 948.144897460938 953.558715820312 949.87841796875 948.460327148438 948.489440917969 952.899353027344 954.263061523438 952.883361816406 946.856567382812 955.327697753906 960.136413574219 966.255920410156 967.209838867188 966.834350585938 976.262390136719 987.655212402344 985.395935058594 988.351623535156 989.46435546875 1000.29028320312 1003.27081298828 999.967529296875 1000.62353515625 993.565795898438 995.427368164062 1001.74963378906 992.325317382812 1000.54699707031 1003.45599365234 1010.04083251953 1017.87261962891 1021.53552246094 1013.32611083984 1021.22320556641 1024.990234375 1018.05102539062 1014.42724609375 1011.7431640625 1001.33892822266 1004.24865722656 1004.17095947266
946.345764160156 939.932861328125 948.260986328125 939.767822265625 939.461303710938 946.399963378906 944.211486816406 953.556518554688 954.049072265625 946.775390625 946.516906738281 949.627746582031 953.224182128906 955.878356933594 954.730651855469 963.9150390625 959.875732421875 966.699035644531 966.44384765625 975.296569824219 983.859436035156 985.941223144531 980.399597167969 994.363708496094 1004.98065185547 994.997619628906 998.02734375 996.000366210938 999.266784667969 1001.35601806641 1007.46185302734 997.235168457031 992.951965332031 1004.75561523438 1004.83190917969 1009.54888916016 1010.68737792969 1015.94921875 1019.86663818359 1018.21368408203 1008.63397216797 1002.01031494141 999.878173828125 1002.69665527344 992.71142578125 1000.75329589844
938.484069824219 941.201538085938 942.272277832031 942.963195800781 944.450439453125 956.146179199219 948.810485839844 949.297424316406 952.752746582031 939.065734863281 949.135559082031 948.317749023438 947.841918945312 948.536071777344 956.500671386719 964.711303710938 965.851928710938 961.276977539062 968.347778320312 981.832885742188 983.317565917969 988.197875976562 981.582397460938 982.533630371094 1000.68682861328 998.79736328125 996.212768554688 993.799682617188 992.397644042969 992.684326171875 996.553894042969 998.875732421875 991.730041503906 1001.43511962891 996.210571289062 997.425903320312 1007.72991943359 1011.91943359375 1018.19250488281 1013.49188232422 1006.62634277344 999.256774902344 993.14892578125 986.848815917969 989.863403320312 986.1220703125
943.642944335938 940.490661621094 947.70263671875 956.725341796875 966.268859863281 966.260925292969 955.360412597656 959.527526855469 955.510437011719 958.787292480469 961.425720214844 963.280700683594 955.211669921875 955.661010742188 955.677978515625 963.816955566406 967.855712890625 959.405212402344 970.909362792969 980.993957519531 984.338012695312 978.179565429688 982.981872558594 988.417358398438 996.54736328125 1006.13995361328 997.576416015625 987.12890625 995.420593261719 989.441467285156 993.821716308594 997.429382324219 995.052368164062 1001.12939453125 999.773681640625 1006.89678955078 1008.92822265625 1012.9873046875 1008.40979003906 1001.90905761719 1008.17327880859 1000.09271240234 986.99609375 986.108764648438 987.1357421875 982.677124023438
947.3662109375 951.503967285156 951.939392089844 972.723266601562 971.027587890625 967.830383300781 960.03271484375 959.099243164062 956.986083984375 966.462890625 969.470397949219 964.098999023438 967.575134277344 964.758728027344 962.574035644531 968.012023925781 965.315734863281 964.667297363281 972.025390625 982.991821289062 984.812255859375 977.133178710938 992.161987304688 994.749267578125 991.853210449219 999.86279296875 992.3837890625 992.333862304688 995.317932128906 991.659423828125 994.9619140625 996.711242675781 992.018127441406 997.764282226562 999.176635742188 1014.44464111328 1011.41314697266 1011.71380615234 1006.79730224609 998.486145019531 1007.05505371094 998.19189453125 982.131774902344 977.387512207031 992.186828613281 996.067443847656
958.516784667969 959.232788085938 962.041076660156 974.018981933594 970.537719726562 965.06591796875 956.334716796875 952.907470703125 962.952453613281 964.729919433594 958.264038085938 970.958923339844 975.435302734375 975.176879882812 965.3359375 971.84619140625 964.625122070312 968.277587890625 971.033264160156 985.970886230469 981.277160644531 983.822326660156 986.474304199219 988.547180175781 991.458740234375 989.406677246094 988.964416503906 985.40478515625 988.994689941406 992.163208007812 999.109252929688 990.80029296875 985.918579101562 989.6982421875 994.952453613281 1006.44689941406 1005.77917480469 1004.78802490234 1006.98565673828 1006.04504394531 994.485229492188 990.762390136719 988.703430175781 986.294921875 997.438598632812 995.68115234375
962.841613769531 963.272216796875 966.69140625 967.359741210938 963.352783203125 963.3349609375 953.305969238281 961.623046875 968.190490722656 964.570922851562 963.624084472656 974.169250488281 976.790710449219 976.646484375 974.536071777344 981.505615234375 968.907836914062 976.836975097656 978.366882324219 982.597900390625 987.825012207031 984.593872070312 984.715087890625 987.379089355469 988.752502441406 989.239318847656 985.804016113281 988.922485351562 988.566467285156 988.982971191406 996.515502929688 987.933654785156 988.929382324219 985.204650878906 988.23388671875 990.0458984375 991.740539550781 1007.48645019531 1001.62634277344 999.476440429688 994.917602539062 990.527221679688 988.552551269531 990.118835449219 993.555725097656 994.508483886719
970.588500976562 968.909118652344 968.989074707031 969.0810546875 964.665405273438 960.106994628906 959.394836425781 962.188232421875 972.384643554688 968.554748535156 966.416137695312 967.759765625 976.472229003906 972.736450195312 979.567199707031 982.28857421875 979.434448242188 972.369140625 973.086242675781 982.291259765625 985.957824707031 981.87548828125 982.270141601562 985.111755371094 988.237915039062 988.427307128906 982.099182128906 987.564758300781 983.388793945312 989.630615234375 982.791564941406 990.1533203125 992.651123046875 991.408874511719 987.653015136719 989.403015136719 993.191040039062 992.019592285156 996.813049316406 984.586669921875 979.755981445312 980.411376953125 981.415161132812 995.226867675781 991.851013183594 992.431823730469
967.132446289062 971.103454589844 972.764526367188 968.960510253906 968.944580078125 964.944030761719 971.536376953125 966.805603027344 965.0546875 955.73876953125 967.219543457031 973.623107910156 981.540222167969 980.792785644531 966.605163574219 972.765563964844 965.185363769531 963.895812988281 966.1650390625 982.17138671875 982.055236816406 982.340942382812 987.092468261719 985.743225097656 985.795715332031 993.009826660156 985.876953125 982.160278320312 987.368408203125 987.1953125 986.762084960938 990.955810546875 1000.7646484375 997.588317871094 987.664916992188 989.41796875 998.162231445312 992.724975585938 986.688842773438 983.573852539062 976.138061523438 980.008666992188 983.822509765625 988.267761230469 995.490905761719 989.0908203125
970.667907714844 970.483276367188 973.35009765625 955.324523925781 963.960144042969 969.851440429688 972.681884765625 965.990295410156 971.628540039062 968.587097167969 967.6572265625 967.463562011719 971.805603027344 977.270568847656 972.995788574219 975.484924316406 973.489379882812 971.723327636719 970.9345703125 978.321716308594 981.538940429688 984.517883300781 985.494445800781 987.432922363281 989.516296386719 988.752746582031 987.81591796875 984.613403320312 989.445739746094 981.911926269531 987.630981445312 997.621704101562 994.528442382812 985.577697753906 990.673828125 993.622863769531 995.358032226562 990.187133789062 983.341064453125 972.724670410156 979.049255371094 973.390869140625 973.094299316406 980.071960449219 984.671203613281 992.36572265625
972.628479003906 967.201110839844 964.771606445312 966.087768554688 965.945190429688 970.029052734375 970.451110839844 969.402893066406 972.577758789062 972.269287109375 969.557800292969 967.180541992188 979.472045898438 982.994689941406 987.126892089844 985.669555664062 970.159118652344 971.039794921875 977.068237304688 967.673278808594 976.402954101562 978.912475585938 972.042114257812 978.276733398438 985.619812011719 983.02685546875 992.467346191406 989.540222167969 981.616455078125 977.392395019531 980.436462402344 987.797912597656 990.471923828125 985.461608886719 990.801208496094 983.393676757812 986.380920410156 985.291381835938 973.379089355469 973.323974609375 974.161682128906 975.984558105469 977.905151367188 984.944702148438 991.059387207031 993.747192382812
967.419799804688 963.107849121094 966.14306640625 958.839233398438 966.033874511719 967.765319824219 972.041381835938 977.491760253906 976.154479980469 974.743957519531 972.810302734375 972.631469726562 978.41015625 985.665161132812 979.378234863281 973.946166992188 967.03173828125 969.003234863281 975.55810546875 974.183837890625 972.019104003906 971.491455078125 972.811706542969 978.549560546875 987.747314453125 981.158264160156 987.557861328125 988.477661132812 983.602600097656 978.398864746094 976.275939941406 988.098388671875 984.588745117188 984.60546875 993.619567871094 994.577026367188 980.8828125 981.338928222656 974.052917480469 975.504150390625 970.582092285156 980.42529296875 980.649291992188 988.745361328125 988.684020996094 989.722717285156
948.566284179688 951.631774902344 966.396911621094 966.388488769531 966.208618164062 970.557922363281 968.132385253906 975.532531738281 975.101379394531 973.382202148438 969.783569335938 965.381774902344 977.724853515625 973.895690917969 972.013549804688 967.7451171875 973.765075683594 975.94873046875 979.753173828125 974.021789550781 984.773681640625 977.4716796875 976.451538085938 976.007629394531 973.13232421875 980.104736328125 981.099670410156 975.013732910156 977.942749023438 980.040771484375 976.59228515625 986.462463378906 995.513793945312 977.512878417969 982.320129394531 990.952941894531 981.046325683594 981.154296875 972.418884277344 974.263488769531 975.049133300781 971.63232421875 983.602233886719 981.351135253906 982.744934082031 983.744934082031
950.960327148438 949.277221679688 958.163452148438 965.103942871094 971.755676269531 973.342956542969 979.292114257812 969.432922363281 978.405212402344 971.171752929688 967.843872070312 960.326354980469 957.929504394531 965.263793945312 969.776794433594 966.178466796875 969.376770019531 977.080322265625 981.379516601562 978.8251953125 976.299499511719 977.256469726562 980.278564453125 977.935485839844 975.209045410156 976.848815917969 976.245788574219 980.353637695312 981.957092285156 973.883666992188 962.480102539062 987.702392578125 986.839294433594 985.514526367188 977.484191894531 979.365844726562 978.591186523438 966.485900878906 963.395690917969 973.686157226562 971.007507324219 972.715393066406 981.509216308594 976.498168945312 975.522094726562 983.479675292969
943.813537597656 953.270812988281 962.286010742188 969.306091308594 971.811950683594 968.852722167969 972.651611328125 974.164672851562 972.473571777344 969.788146972656 967.235046386719 957.399169921875 963.044494628906 965.171752929688 974.246643066406 969.955688476562 964.929260253906 967.316345214844 981.053649902344 977.734619140625 979.224914550781 978.543518066406 972.326721191406 981.207885742188 973.271240234375 976.070129394531 975.214172363281 982.879089355469 979.973754882812 969.132385253906 970.735900878906 981.589294433594 977.953308105469 985.065002441406 981.572631835938 984.620910644531 978.469543457031 979.904052734375 970.811889648438 971.404357910156 972.241638183594 970.756408691406 976.521057128906 977.144165039062 987.173950195312 989.315734863281
930.269653320312 950.479187011719 957.2275390625 975.292724609375 970.664672851562 971.5654296875 967.608154296875 971.730529785156 979.893249511719 973.7451171875 963.710693359375 961.614929199219 959.026794433594 973.961730957031 974.590393066406 976.236877441406 971.526306152344 959.362121582031 977.5029296875 980.909851074219 974.020751953125 976.351867675781 974.269897460938 981.521362304688 969.372253417969 982.783996582031 981.381164550781 975.73876953125 979.830200195312 970.101196289062 971.592895507812 980.475219726562 978.114929199219 983.581787109375 993.294311523438 988.501342773438 982.611389160156 976.585693359375 977.304321289062 983.373352050781 977.177734375 970.437561035156 978.005249023438 990.232055664062 982.670227050781 977.979248046875
932.693481445312 943.456176757812 952.864807128906 970.777099609375 973.537902832031 967.289428710938 963.865844726562 967.1611328125 970.048217773438 960.224792480469 960.229858398438 951.69580078125 962.255432128906 970.086486816406 974.3798828125 974.398010253906 965.820129394531 961.625183105469 977.653198242188 972.140930175781 975.28662109375 980.057800292969 972.217712402344 977.573364257812 971.725158691406 975.799499511719 972.535278320312 975.105163574219 978.477355957031 970.740051269531 971.596740722656 977.026428222656 976.95068359375 987.003845214844 981.9560546875 983.245239257812 975.112548828125 978.425903320312 973.311767578125 980.496765136719 975.125 971.637451171875 974.856994628906 969.729370117188 976.782592773438 976.747131347656
