data/zlatibor_dem_simulations/DEMsim46.asc
NCOLS 150
NROWS 100
XLLCORNER 7394249
YLLCORNER 4841999
CELLSIZE 30
NODATA_VALUE -9999
[rows 0 to 19 of 100, columns 92 to 137 of 150]
924.586242675781 915.353271484375 918.211608886719 920.219909667969 902.319152832031 897.659423828125 894.1328125 890.46875 890.931396484375 887.582458496094 875.826477050781 873.025390625 863.793151855469 852.419006347656 855.620178222656 853.45947265625 855.908386230469 866.279174804688 872.804992675781 882.430786132812 889.793090820312 886.714660644531 889.994506835938 900.011901855469 899.475036621094 901.619567871094 903.070190429688 908.941589355469 929.109619140625 931.4658203125 932.571166992188 938.384033203125 945.349365234375 945.357849121094 934.577209472656 941.450988769531 959.068481445312 971.517944335938 978.560241699219 986.62841796875 994.88037109375 1002.32543945312 1009.98455810547 1018.81420898438 1019.02618408203 1034.84387207031
916.868286132812 912.372192382812 914.375610351562 916.121398925781 901.858032226562 893.6171875 883.402160644531 884.608276367188 888.803833007812 878.257080078125 876.150573730469 862.819519042969 864.780700683594 865.421325683594 860.745666503906 865.81884765625 872.015197753906 869.119140625 881.053649902344 885.383666992188 893.768310546875 893.703308105469 904.830810546875 903.224853515625 902.73583984375 904.203369140625 906.493041992188 919.697082519531 919.249755859375 925.394836425781 934.261779785156 949.747436523438 950.509338378906 946.544189453125 949.205261230469 950.961853027344 961.021240234375 968.212219238281 986.091369628906 991.956176757812 997.158508300781 1011.49578857422 1013.16479492188 1023.36749267578 1021.80743408203 1038.46105957031
917.022766113281 909.401245117188 909.442016601562 910.233825683594 904.036987304688 893.9619140625 883.151306152344 882.410034179688 885.765563964844 888.935485839844 870.705383300781 863.391784667969 862.538879394531 861.950378417969 856.138549804688 870.309875488281 873.8134765625 865.841491699219 881.229614257812 884.467529296875 883.805358886719 896.007202148438 901.554077148438 905.177795410156 910.572937011719 911.713134765625 910.211120605469 922.934265136719 919.736083984375 927.577087402344 932.562377929688 941.311462402344 950.122985839844 951.002319335938 949.024719238281 954.928100585938 951.47607421875 969.242431640625 987.043762207031 998.156005859375 1007.1171875 1011.90399169922 1018.26721191406 1028.76623535156 1033.10424804688 1046.69165039062
916.760986328125 916.982299804688 905.981323242188 904.063781738281 900.871948242188 896.807861328125 884.778076171875 888.672180175781 891.836242675781 877.610473632812 876.557312011719 869.18017578125 865.495849609375 870.80078125 868.982788085938 871.009826660156 872.181823730469 869.4345703125 877.724731445312 883.870910644531 884.829650878906 900.970581054688 912.680725097656 915.843200683594 913.3603515625 911.597473144531 918.526184082031 913.672485351562 925.61083984375 928.348937988281 939.839477539062 948 961.076904296875 951.601318359375 954.442565917969 960.749694824219 959.831909179688 968.453796386719 991.749694824219 1005.12243652344 1004.56243896484 1019.06524658203 1029.5556640625 1046.25305175781 1048.94592285156 1052.45324707031
918.095336914062 908.470825195312 909.925231933594 903.802368164062 894.745422363281 894.369934082031 889.3271484375 890.346801757812 884.870300292969 885.482177734375 880.946716308594 872.648315429688 868.809143066406 872.824890136719 875.625183105469 876.102172851562 885.123046875 880.095764160156 872.069030761719 879.022338867188 885.26953125 897.224487304688 907.296325683594 915.005981445312 913.349670410156 917.4609375 917.187438964844 914.028076171875 921.545593261719 937.579223632812 941.004699707031 943.230895996094 959.938537597656 962.836059570312 965.1962890625 967.544189453125 971.269714355469 983.939208984375 992.613159179688 1001.13635253906 1015.18621826172 1019.34259033203 1039.24914550781 1044.61584472656 1049.3955078125 1058.83569335938
913.403015136719 909.589538574219 907.108764648438 905.610717773438 899.2060546875 898.638122558594 888.839904785156 892.452575683594 885.781677246094 883.125183105469 875.000793457031 874.299011230469 874.031799316406 877.573181152344 881.457946777344 886.035949707031 885.037353515625 881.194274902344 874.876586914062 879.815490722656 883.425354003906 896.513061523438 910.120910644531 906.0595703125 913.400695800781 913.209411621094 917.852844238281 912.945739746094 919.00146484375 932.065307617188 936.544250488281 941.158569335938 957.784484863281 961.53125 972.046081542969 968.215515136719 977.281066894531 991.166809082031 989.578308105469 996.46875 1021.15093994141 1028.25317382812 1041.11315917969 1054.25805664062 1066.22338867188 1071.9501953125
919.709655761719 914.971923828125 914.126342773438 908.310668945312 905.014465332031 902.432739257812 899.725280761719 895.844116210938 894.775695800781 897.489685058594 886.586242675781 883.084350585938 878.695373535156 882.665649414062 883.446960449219 885.06298828125 869.53515625 877.684631347656 886.055053710938 887.308532714844 886.086059570312 896.805053710938 902.644897460938 907.427917480469 912.497253417969 916.112731933594 913.892333984375 915.974975585938 915.658569335938 931.593383789062 934.124572753906 934.686584472656 945.201354980469 956.966369628906 965.824279785156 977.323181152344 978.906066894531 990.830505371094 994.427368164062 1008.66687011719 1019.36993408203 1031.40124511719 1046.7724609375 1062.04943847656 1075.63244628906 1085.24877929688
920.76513671875 916.115417480469 907.676940917969 905.4091796875 905.573974609375 898.62158203125 902.742614746094 901.528076171875 907.163818359375 909.76904296875 897.508605957031 900.767028808594 892.395690917969 884.309448242188 889.896850585938 891.691223144531 884.722839355469 883.082275390625 895.300659179688 893.124389648438 890.92529296875 901.918823242188 912.738586425781 907.280822753906 914.830017089844 919.194702148438 920.383728027344 917.899658203125 928.928100585938 934.293395996094 943.320983886719 953.263488769531 948.871704101562 957.6103515625 965.625122070312 968.496398925781 973.9482421875 974.890014648438 991.243103027344 1004.59588623047 1018.93884277344 1044.51281738281 1055.703125 1065.65002441406 1076.17053222656 1088.59606933594
917.72998046875 923.152221679688 916.236755371094 910.022094726562 916.458129882812 912.249084472656 914.029602050781 912.80859375 921.115173339844 915.299255371094 901.248840332031 893.618041992188 891.613952636719 881.687927246094 894.091064453125 894.913879394531 900.669189453125 901.134521484375 897.379943847656 897.389221191406 898.003479003906 900.75390625 910.276123046875 917.789855957031 920.995056152344 922.725158691406 922.904235839844 922.286865234375 932.016723632812 941.473083496094 951.077697753906 953.943359375 958.132934570312 964.233337402344 961.34619140625 971.596801757812 978.488952636719 983.661743164062 991.759765625 1005.09417724609 1020.509765625 1041.30126953125 1054.26086425781 1073.66540527344 1077.25463867188 1087.41931152344
921.429504394531 925.018188476562 919.544372558594 907.829162597656 916.978271484375 914.060729980469 921.595764160156 920.159973144531 925.242736816406 923.016296386719 915.854858398438 904.463439941406 894.834899902344 901.229675292969 902.38134765625 906.449096679688 914.765869140625 912.471435546875 900.75390625 896.106567382812 899.7099609375 907.822204589844 912.205993652344 912.259521484375 921.321105957031 927.004821777344 929.296447753906 931.671264648438 946.178955078125 946.480285644531 952.835815429688 969.222595214844 968.214477539062 972.959411621094 976.269409179688 977.668701171875 981.647094726562 989.112121582031 998.208801269531 1016.04132080078 1023.94885253906 1045.56799316406 1048.75073242188 1059.40112304688 1066.86706542969 1077.14562988281
928.607971191406 918.698791503906 918.060974121094 914.092956542969 911.545104980469 927.139343261719 929.331970214844 937.046264648438 932.74951171875 932.668701171875 927.584655761719 909.966186523438 908.8681640625 909.909057617188 921.824584960938 915.091613769531 926.049499511719 919.348815917969 910.573303222656 903.303894042969 906.880798339844 914.084716796875 919.984924316406 910.898498535156 916.388671875 920.700866699219 929.761291503906 947.79296875 959.235961914062 954.514526367188 958.408020019531 966.87060546875 976.399169921875 982.052490234375 994.701171875 988.491271972656 995.588928222656 991.298706054688 1008.24658203125 1021.10668945312 1037.42761230469 1047.02258300781 1056.78674316406 1061.39794921875 1064.70959472656 1072.01574707031
929.747253417969 919.069396972656 917.870971679688 920.772277832031 924.645935058594 931.744262695312 933.717590332031 933.375793457031 932.951171875 932.214782714844 935.002014160156 925.030700683594 923.447448730469 925.036376953125 932.077087402344 933.450256347656 937.225402832031 929.337890625 924.1982421875 928.021606445312 928.642517089844 924.939575195312 928.501586914062 921.095275878906 911.547912597656 921.255981445312 934.834289550781 948.776306152344 959.147338867188 971.722229003906 973.582885742188 974.630493164062 985.0615234375 995.341064453125 997.862487792969 1000.26867675781 999.445190429688 1010.37530517578 1009.92834472656 1023.77136230469 1033.70520019531 1053.90832519531 1054.13342285156 1061.30456542969 1068.28747558594 1071.919921875
933.890808105469 925.306457519531 920.143371582031 928.019104003906 925.412475585938 923.8828125 939.869567871094 940.402465820312 938.74072265625 939.794372558594 947.64501953125 942.371826171875 941.885314941406 939.398376464844 944.112365722656 941.843505859375 941.459716796875 935.6572265625 933.7119140625 940.8525390625 934.54638671875 928.334838867188 930.317260742188 922.621215820312 912.729431152344 913.222290039062 930.591674804688 945.270385742188 958.369873046875 969.618713378906 968.744506835938 975.931640625 983.938720703125 999.043212890625 1001.65795898438 999.710510253906 1012.65759277344 1009.39080810547 1011.60980224609 1024.1953125 1033.78527832031 1043.94348144531 1060.66271972656 1068.72314453125 1068.50720214844 1074.15759277344
935.736938476562 930.503112792969 921.761840820312 926.016540527344 929.017150878906 934.035949707031 943.190795898438 939.089660644531 949.166442871094 956.134094238281 955.005981445312 951.7763671875 949.723693847656 949.73291015625 949.698303222656 947.828918457031 955.264831542969 954.809326171875 953.139953613281 939.239807128906 938.719604492188 933.684143066406 934.127807617188 918.610656738281 906.463256835938 916.574157714844 921.046020507812 932.549621582031 947.002380371094 971.173034667969 975.068725585938 983.19140625 985.733581542969 997.856140136719 1001.77709960938 1005.46734619141 1019.31579589844 1010.93566894531 1011.80126953125 1021.31121826172 1032.78479003906 1050.79772949219 1057.11560058594 1073.6826171875 1070.5263671875 1081.63659667969
949.755981445312 939.051513671875 934.333923339844 929.312133789062 939.551635742188 941.2294921875 953.408264160156 951.108154296875 957.700012207031 965.963928222656 966.359191894531 969.495361328125 964.723693847656 968.914978027344 958.055419921875 952.303588867188 964.8828125 968.0400390625 967.437438964844 952.002746582031 946.026611328125 934.119934082031 928.129150390625 915.331176757812 914.392944335938 922.902038574219 931.547668457031 933.353149414062 953.543640136719 974.9443359375 974.298583984375 989.386474609375 994.117553710938 1003.20764160156 1005.22406005859 1007.74475097656 1014.83856201172 1015.70172119141 1008.25360107422 1025.47778320312 1041.15856933594 1051.54858398438 1046.68603515625 1065.63122558594 1069.56457519531 1079.95141601562
943.261657714844 944.690063476562 941.099975585938 941.507995605469 946.306762695312 953.889892578125 960.229614257812 970.671508789062 967.576171875 973.691284179688 980.258361816406 979.439514160156 975.13818359375 970.922668457031 971.244995117188 966.861083984375 965.804016113281 976.603759765625 964.45556640625 953.662048339844 943.157836914062 937.326904296875 928.407348632812 929.285827636719 923.310668945312 936.777160644531 930.724548339844 938.321533203125 958.097839355469 971.21044921875 978.437866210938 986.564025878906 995.642761230469 1002.974609375 1003.61297607422 1012.68792724609 1024.29113769531 1021.81109619141 1020.54174804688 1031.22485351562 1038.63452148438 1047.53112792969 1056.54797363281 1060.45910644531 1061.63220214844 1072.74182128906
959.110656738281 964.219116210938 951.457580566406 957.143005371094 958.261413574219 959.50830078125 961.365844726562 976.145690917969 978.963623046875 972.201049804688 978.322692871094 978.286193847656 982.299621582031 983.778930664062 974.777648925781 972.43798828125 972.734375 973.571228027344 964.543029785156 956.600402832031 938.963439941406 935.568542480469 933.343566894531 926.005920410156 936.271240234375 931.238098144531 937.71923828125 942.80615234375 963.769226074219 969.559204101562 980.726989746094 986.341491699219 1000.61798095703 1001.74090576172 1000.63171386719 1013.25537109375 1018.43505859375 1026.82849121094 1024.38647460938 1030.72375488281 1035.96643066406 1047.00659179688 1054.75537109375 1056.64440917969 1055.2890625 1064.7509765625
972.968872070312 971.773681640625 962.438171386719 961.228759765625 961.972778320312 962.051635742188 963.765991210938 975.796569824219 975.762634277344 967.674560546875 983.955810546875 990.373962402344 988.13916015625 986.877380371094 984.574645996094 988.410583496094 979.819458007812 970.824951171875 967.117858886719 958.304870605469 947.892944335938 940.808288574219 936.449645996094 926.014221191406 930.021606445312 933.18310546875 926.333435058594 942.169982910156 951.95751953125 969.773193359375 979.7978515625 986.408508300781 993.390014648438 1012.69891357422 1015.48272705078 1017.55938720703 1018.81427001953 1032.04943847656 1028.12976074219 1031.93884277344 1032.91638183594 1040.11059570312 1050.59301757812 1050.23583984375 1052.9814453125 1057.80261230469
977.752319335938 976.768310546875 981.543273925781 977.304565429688 978.773193359375 976.167724609375 977.927734375 982.996276855469 976.687927246094 978.11474609375 977.367004394531 990.552185058594 983.946044921875 990.382690429688 997.292785644531 996.889404296875 989.830261230469 979.188293457031 969.926391601562 960.586303710938 955.434753417969 943.1103515625 939.478515625 934.721740722656 926.004455566406 928.569152832031 928.922668457031 945.709289550781 949.73681640625 959.445129394531 973.547119140625 975.941772460938 991.642578125 1007.94512939453 1022.32940673828 1022.78247070312 1021.44488525391 1030.7177734375 1035.13024902344 1035.57019042969 1046.22216796875 1047.05493164062 1051.50476074219 1048.82409667969 1053.4580078125 1056.2587890625
986.039306640625 991.022766113281 993.133605957031 990.596923828125 994.549133300781 989.867919921875 989.651977539062 991.889709472656 990.382507324219 990.835571289062 991.456359863281 993.006408691406 1001.72094726562 1006.53594970703 1007.33868408203 1003.44390869141 994.693664550781 984.4853515625 972.762512207031 955.683776855469 947.962219238281 935.686828613281 934.77783203125 929.808288574219 937.091064453125 932.030029296875 939.563354492188 945.232604980469 952.267028808594 961.029602050781 977.362426757812 988.95947265625 992.930847167969 1011.54748535156 1024.44494628906 1032.6748046875 1038.62866210938 1036.96142578125 1045.90466308594 1041.92541503906 1052.54211425781 1045.5361328125 1050.72717285156 1050.54064941406 1045.35119628906 1056.65246582031
