data/zlatibor_dem_simulations/DEMsim94 (1).asc
NCOLS 150
NROWS 100
XLLCORNER 7394249
YLLCORNER 4841999
CELLSIZE 30
NODATA_VALUE -9999
[rows 20 to 39 of 100, columns 46 to 91 of 150]
1007.68286132812 1003.78436279297 1013.11010742188 1004.10107421875 1004.42083740234 998.516906738281 1006.6064453125 1011.12554931641 1009.10650634766 1008.14105224609 1011.60211181641 1008.88836669922 1011.89825439453 1013.10852050781 1006.06164550781 1007.94696044922 1015.33880615234 1014.45556640625 1013.40570068359 1019.07501220703 1022.94909667969 1021.68170166016 1024.32885742188 1026.66064453125 1029.74353027344 1023.95928955078 1025.79089355469 1027.04016113281 1022.21710205078 1015.12481689453 1017.70745849609 1017.90161132812 1020.85632324219 1010.61279296875 1012.95471191406 1007.23797607422 1017.83453369141 1007.29412841797 1009.82104492188 1008.33764648438 1005.43475341797 994.606811523438 995.456115722656 1009.66302490234 1010.0322265625 1005.16033935547
1016.87683105469 1009.04315185547 1006.67028808594 998.869873046875 997.994750976562 1002.40777587891 1016.02703857422 1017.37396240234 1017.75665283203 1010.54577636719 1009.77368164062 1009.73516845703 999.6240234375 1002.8193359375 998.575561523438 1006.51531982422 1005.13812255859 1011.71411132812 1020.65759277344 1027.50109863281 1022.98388671875 1013.65118408203 1029.50024414062 1028.74462890625 1026.66479492188 1019.75183105469 1030.15808105469 1016.79815673828 1015.87213134766 1015.78259277344 1020.07867431641 1020.92846679688 1019.57153320312 1009.65679931641 1005.68225097656 1004.30358886719 1011.44897460938 1010.64965820312 1010.58862304688 1006.59289550781 1007.14587402344 1009.8349609375 1009.58563232422 1013.00836181641 1009.8369140625 1020.34112548828
1005.03912353516 1005.52856445312 1000.09832763672 981.636169433594 993.152282714844 1000.23828125 1011.06518554688 1007.50903320312 1009.75 1003.80609130859 1004.93426513672 998.192810058594 996.547180175781 1010.48114013672 1005.32342529297 1001.40270996094 1004.56768798828 1006.81652832031 1021.63592529297 1018.78625488281 1013.26031494141 1013.71929931641 1024.01220703125 1024.71020507812 1024.91772460938 1021.55822753906 1022.98065185547 1017.22277832031 1010.98376464844 1008.85711669922 1010.09991455078 1013.77264404297 1018.49670410156 1012.84948730469 1004.87530517578 1009.51971435547 1005.56921386719 1001.87768554688 1011.48498535156 1004.75323486328 1011.89141845703 1008.55212402344 1012.10540771484 1013.57330322266 1022.60113525391 1020.45770263672
1004.484375 1005.89233398438 1000.15893554688 987.345703125 989.330627441406 997.608459472656 1006.83428955078 1001.94445800781 1005.09698486328 998.912902832031 1005.9931640625 1005.13372802734 1003.08032226562 1011.912109375 1000.21331787109 998.7490234375 999.910949707031 1000.56512451172 1010.81750488281 1017.31756591797 1006.552734375 1010.63958740234 1028.26782226562 1025.77416992188 1020.77087402344 1018.70251464844 1012.5234375 1017.72497558594 1012.11517333984 1006.29284667969 1009.89807128906 1004.55499267578 1008.90246582031 1004.77178955078 1003.42828369141 1008.81494140625 1006.33874511719 999.605895996094 1011.18096923828 1016.84466552734 1012.29461669922 1008.61962890625 1014.69805908203 1023.14141845703 1019.45770263672 1010.86267089844
1012.08032226562 1002.44750976562 993.52734375 991.118591308594 987.0859375 990.799987792969 991.502502441406 992.427429199219 1001.82482910156 1009.03234863281 1002.27239990234 998.541076660156 1005.85662841797 1008.32727050781 997.249267578125 996.8310546875 1004.42504882812 1007.68353271484 1008.43145751953 1004.36120605469 1008.15655517578 1009.93988037109 1020.54925537109 1017.34722900391 1010.02001953125 1010.91772460938 1001.25018310547 1007.26031494141 1002.29229736328 1003.07592773438 1007.88336181641 1012.27587890625 1006.57299804688 1004.08569335938 1000.07574462891 1001.29754638672 1004.81921386719 998.038269042969 998.767517089844 1013.42266845703 1018.59582519531 1008.81298828125 1014.39111328125 1016.40936279297 1022.13122558594 1012.27178955078
1008.34124755859 1000.75177001953 999.575561523438 985.740478515625 983.914184570312 991.389343261719 990.129272460938 988.609191894531 987.142761230469 1005.26910400391 1010.57604980469 1002.55450439453 1006.85003662109 1007.69567871094 998.362915039062 989.721374511719 997.738464355469 1001.05310058594 998.802673339844 1014.93200683594 1013.78619384766 1014.58264160156 1015.86309814453 1012.83758544922 1013.6904296875 1000.78784179688 1007.00274658203 1002.19805908203 1001.41809082031 1007.35870361328 1008.20721435547 1010.10845947266 1001.7509765625 1006.44848632812 998.0751953125 1005.62915039062 1000.94506835938 1004.37030029297 996.140930175781 1001.74090576172 1022.05230712891 1012.77374267578 1012.33758544922 1014.65838623047 1025.67407226562 1013.65649414062
992.416076660156 997.124328613281 989.792053222656 991.219360351562 989.530883789062 988.9189453125 980.068176269531 987.680297851562 986.25634765625 999.807067871094 1006.21405029297 1001.91290283203 1001.17657470703 1007.53271484375 998.700378417969 991.085510253906 998.844848632812 1004.14434814453 1001.95037841797 999.883666992188 1006.46795654297 1017.70343017578 1011.03851318359 1012.17053222656 1009.35620117188 1001.57580566406 998.916931152344 995.670532226562 1002.69372558594 998.571350097656 1004.30187988281 1004.53442382812 1011.9228515625 1007.76531982422 1006.47784423828 1001.1748046875 998.392333984375 1000.57391357422 994.582702636719 999.469482421875 1012.18817138672 1016.50280761719 1018.62548828125 1019.45324707031 1019.58538818359 1019.10186767578
997.905334472656 998.600891113281 987.919189453125 998.182250976562 1000.50152587891 984.883544921875 973.978820800781 986.686218261719 991.804077148438 997.649108886719 1006.26281738281 1012.25061035156 1001.51837158203 995.990356445312 993.467346191406 988.908630371094 989.388488769531 995.222106933594 997.903198242188 1001.41052246094 1007.78253173828 1018.29241943359 1010.51141357422 1006.51538085938 1004.21185302734 1003.63903808594 1005.03790283203 1009.13360595703 998.417297363281 993.74609375 1001.44860839844 1007.07659912109 998.580749511719 996.539611816406 1002.37121582031 993.675842285156 999.299255371094 1005.63525390625 1005.4482421875 1007.20086669922 1007.20031738281 1014.19122314453 1021.25091552734 1025.74243164062 1016.30255126953 1011.64074707031
988.257873535156 988.603637695312 986.140258789062 987.408203125 988.888244628906 991.193908691406 984.251098632812 987.009460449219 993.851013183594 996.792419433594 996.867614746094 993.186401367188 994.350402832031 991.757385253906 987.044067382812 988.493835449219 992.626708984375 1004.83227539062 1000.82659912109 1001.59240722656 1006.09362792969 1011.53540039062 1009.16363525391 1000.60229492188 1002.03576660156 998.518188476562 1001.75 1004.22778320312 999.32080078125 1002.33740234375 1008.73004150391 1001.71600341797 997.147338867188 991.360473632812 995.470275878906 994.442993164062 1006.70074462891 1013.34411621094 1012.70300292969 1009.83654785156 1018.41845703125 1018.77496337891 1018.15362548828 1016.78814697266 1013.50030517578 1018.22003173828
986.402465820312 988.8017578125 987.735595703125 984.356811523438 975.255981445312 975.481567382812 976.9326171875 993.202270507812 997.641662597656 989.305297851562 987.518005371094 989.508666992188 993.520751953125 990.685424804688 981.984558105469 984.664245605469 997.120483398438 1009.20538330078 1004.86065673828 1001.93731689453 1008.20037841797 995.995788574219 998.995727539062 1004.29034423828 1000.99871826172 998.586242675781 992.742736816406 994.789489746094 994.800598144531 1000.97180175781 998.098876953125 999.955932617188 997.995544433594 998.922607421875 992.745544433594 998.104248046875 1000.77258300781 1006.87890625 1004.89190673828 1014.86846923828 1018.92315673828 1023.24835205078 1017.94970703125 1027.50341796875 1016.82049560547 1015.5615234375
986.025939941406 988.996276855469 987.649597167969 976.483032226562 973.855651855469 966.237548828125 982.360778808594 983.386169433594 979.898742675781 972.761047363281 973.556518554688 979.786254882812 989.148132324219 986.410949707031 979.739868164062 983.119506835938 995.930908203125 1004.51531982422 1006.62762451172 1012.00372314453 1001.42498779297 996.87060546875 992.863952636719 1002.97247314453 999.984191894531 995.724182128906 986.971374511719 990.46728515625 993.545776367188 1000.517578125 993.806274414062 996.036865234375 992.930419921875 995.767578125 995.654479980469 994.017639160156 1000.71722412109 1003.23364257812 1003.27728271484 1014.74847412109 1025.93505859375 1026.57739257812 1024.42749023438 1022.85681152344 1027.03576660156 1018.91326904297
981.591857910156 977.853759765625 980.68896484375 979.757019042969 965.194091796875 959.787780761719 975.484130859375 977.909729003906 975.130554199219 982.208679199219 977.474853515625 979.717468261719 984.899780273438 993.455017089844 991.37109375 991.385925292969 995.572814941406 998.471618652344 1007.24725341797 1007.7001953125 995.904541015625 996.821411132812 996.766052246094 995.01806640625 1000.15197753906 997.56103515625 991.3955078125 987.072082519531 986.768188476562 992.900207519531 986.070434570312 989.829528808594 990.876953125 989.552307128906 998.981018066406 997.248718261719 1001.90423583984 1004.32189941406 1007.65600585938 1013.71380615234 1017.94927978516 1022.52593994141 1028.62329101562 1021.19769287109 1023.65478515625 1027.29577636719
989.008361816406 979.753662109375 982.878540039062 974.188598632812 971.706909179688 977.427124023438 985.899841308594 978.034057617188 984.928039550781 987.747009277344 982.605163574219 976.873291015625 982.6083984375 987.854187011719 988.58154296875 986.796813964844 1000.04431152344 997.184753417969 993.997192382812 988.220275878906 993.109313964844 992.714599609375 993.273254394531 994.810607910156 987.542236328125 991.881042480469 986.728393554688 977.159973144531 981.218200683594 989.387878417969 988.503540039062 988.381774902344 992.416320800781 993.081787109375 998.903930664062 991.508239746094 997.491333007812 1016.85052490234 1018.22076416016 1010.50170898438 1013.18688964844 1025.65502929688 1018.2275390625 1014.607421875 1024.09631347656 1025.12109375
983.11572265625 969.100402832031 971.73046875 966.699768066406 975.987609863281 979.666748046875 982.854858398438 981.567199707031 986.728942871094 991.769897460938 991.731811523438 984.851196289062 986.342895507812 986.223388671875 988.280517578125 989.594116210938 986.859802246094 991.980407714844 990.015258789062 992.494079589844 989.45556640625 990.497680664062 991.846008300781 987.00634765625 988.237854003906 994.685729980469 984.301208496094 977.583618164062 980.724914550781 989.859497070312 980.112243652344 988.015686035156 992.772216796875 992.457397460938 994.009643554688 996.408630371094 997.08447265625 1008.35192871094 1005.63873291016 1007.90582275391 1016.83837890625 1015.20697021484 1018.16778564453 1021.59564208984 1012.22448730469 1015.02868652344
983.744018554688 969.334289550781 977.135498046875 979.25439453125 982.922180175781 989.793212890625 983.041625976562 980.14990234375 976.89697265625 977.421875 986.751220703125 995.782836914062 985.966491699219 991.720581054688 982.757202148438 981.685485839844 974.620483398438 985.031494140625 982.806518554688 980.683898925781 980.296447753906 984.872802734375 980.817810058594 985.974243164062 986.889343261719 989.390869140625 980.058715820312 966.265197753906 977.738525390625 981.512878417969 982.973693847656 989.220275878906 989.902648925781 998.134582519531 997.029296875 1004.21240234375 1001.83020019531 1008.208984375 1007.09753417969 1008.92364501953 1002.23309326172 1009.09729003906 1016.71435546875 1010.58392333984 1005.58404541016 1011.49407958984
976.754943847656 966.898254394531 972.414184570312 979.645080566406 985.515075683594 980.923156738281 982.248352050781 978.101196289062 969.851684570312 968.227783203125 980.786315917969 983.232177734375 985.955017089844 987.335388183594 973.143737792969 961.813415527344 967.173095703125 968.656127929688 964.78955078125 975.832458496094 974.761596679688 981.400146484375 977.67626953125 981.506591796875 985.832946777344 978.253112792969 977.657775878906 985.1474609375 984.723388671875 983.424377441406 989.484375 987.079345703125 990.985473632812 995.101745605469 991.01611328125 1000.32153320312 1006.75897216797 1006.15930175781 1001.57934570312 1009.92315673828 1004.45318603516 1002.81768798828 1009.31066894531 1003.51849365234 1006.90405273438 1010.34527587891
967.323120117188 971.021667480469 972.539611816406 979.691040039062 985.678161621094 982.539978027344 971.569763183594 969.734375 971.204772949219 974.356689453125 973.877563476562 978.509216308594 980.24462890625 973.881103515625 965.647277832031 959.471069335938 955.407958984375 960.491577148438 962.3994140625 975.108215332031 970.54541015625 975.638977050781 984.170288085938 979.66845703125 982.539306640625 973.3798828125 974.205993652344 986.173645019531 993.580810546875 995.043029785156 984.514587402344 982.286254882812 983.049194335938 988.238830566406 996.335754394531 994.746337890625 999.007629394531 996.37744140625 998.110229492188 1004.24426269531 1001.03674316406 998.718566894531 1001.8330078125 998.515625 995.020751953125 992.6455078125
966.612609863281 971.291870117188 970.035217285156 980.3173828125 981.644714355469 972.328735351562 977.432067871094 969.26025390625 970.809326171875 978.361267089844 977.545043945312 979.338623046875 971.250061035156 968.775024414062 959.799438476562 959.577758789062 969.940856933594 961.203552246094 967.528869628906 970.834838867188 971.696350097656 977.743286132812 974.981506347656 982.864685058594 974.003723144531 965.812927246094 976.125244140625 984.571594238281 984.641906738281 984.377258300781 989.613403320312 988.010803222656 987.128967285156 987.834838867188 990.482788085938 988.467224121094 991.002197265625 994.092529296875 1000.59112548828 1006.30035400391 1004.30657958984 1003.22705078125 1008.244140625 1008.83074951172 996.186767578125 980.146545410156
966.850708007812 971.255493164062 981.33349609375 977.6357421875 977.573120117188 974.222106933594 972.406372070312 968.06494140625 974.96044921875 968.247436523438 972.51611328125 972.509399414062 979.143737792969 970.278015136719 971.833190917969 969.254089355469 975.479431152344 966.970703125 973.409973144531 973.089172363281 969.779479980469 964.819885253906 970.179443359375 973.345825195312 966.024230957031 971.234313964844 973.914367675781 973.195556640625 977.026062011719 984.178649902344 992.980834960938 988.233154296875 986.586608886719 989.497009277344 992.943420410156 993.429626464844 984.659240722656 992.310424804688 994.036743164062 1002.57330322266 1002.23614501953 1005.62829589844 1004.48883056641 994.8896484375 994.486389160156 986.198120117188
968.084594726562 969.540100097656 978.035766601562 987.352172851562 978.422180175781 975.322387695312 968.273559570312 964.48974609375 968.403381347656 975.645629882812 967.910888671875 971.409057617188 976.321044921875 977.445251464844 971.501586914062 972.732971191406 974.31787109375 968.995727539062 972.651184082031 974.152709960938 970.015075683594 970.207580566406 973.944702148438 972.590515136719 970.976440429688 977.22705078125 977.443359375 974.0107421875 969.146362304688 974.897583007812 987.947387695312 991.857727050781 987.986999511719 992.489013671875 991.693420410156 987.443725585938 990.941040039062 987.787292480469 984.391174316406 992.638122558594 998.494873046875 1004.82879638672 996.513244628906 991.856872558594 988.80224609375 991.263916015625
