data/zlatibor_dem_simulations/DEMsim29.asc
NCOLS 150
NROWS 100
XLLCORNER 7394249
YLLCORNER 4841999
CELLSIZE 30
NODATA_VALUE -9999
[rows 0 to 19 of 100, columns 92 to 137 of 150]
932.388427734375 916.148986816406 919.067810058594 915.121948242188 914.443725585938 904.207397460938 906.528686523438 909.347900390625 905.877014160156 897.30615234375 894.641662597656 880.947204589844 872.251098632812 865.126098632812 851.72705078125 849.025451660156 857.576904296875 860.746398925781 861.936889648438 855.313415527344 872.232666015625 874.506713867188 887.004333496094 893.786804199219 902.000183105469 899.290466308594 903.280090332031 910.425048828125 918.766235351562 930.272766113281 933.948120117188 941.288146972656 941.372253417969 953.516235351562 956.036254882812 971.330444335938 981.802368164062 987.47705078125 988.731201171875 999.025634765625 996.049499511719 1017.56158447266 1022.35272216797 1035.080078125 1052.25366210938 1062.50708007812
924.724975585938 920.472229003906 914.21435546875 919.493469238281 907.498901367188 905.779602050781 901.018310546875 898.683044433594 894.830261230469 893.733581542969 891.786987304688 880.116027832031 872.621276855469 874.566589355469 863.645080566406 862.67578125 870.562622070312 865.581237792969 863.192260742188 868.056518554688 868.739868164062 878.161926269531 893.477111816406 902.603881835938 905.060668945312 909.213745117188 919.307495117188 917.193237304688 922.149475097656 931.879211425781 933.6201171875 932.290832519531 948.114624023438 944.34228515625 951.026794433594 964.091613769531 984.018371582031 989.126159667969 994.765014648438 993.991394042969 1000.66284179688 1010.21337890625 1019.92364501953 1039.04516601562 1054.1767578125 1063.08618164062
921.476989746094 914.3193359375 904.818115234375 907.353149414062 907.331848144531 898.366821289062 891.595520019531 893.524291992188 887.294677734375 891.993713378906 885.965881347656 875.995422363281 875.00634765625 874.074768066406 863.307861328125 861.882263183594 869.625854492188 863.57861328125 874.343688964844 868.080627441406 880.52685546875 879.839904785156 888.569885253906 907.280456542969 913.484558105469 923.930725097656 921.903686523438 921.978881835938 935.369567871094 935.364074707031 946.490539550781 937.2548828125 946.319946289062 942.7880859375 957.451110839844 967.850036621094 982.917663574219 992.083129882812 992.459106445312 1002.61334228516 1007.78735351562 1019.26672363281 1026.55834960938 1040.63671875 1053.54577636719 1058.53820800781
907.564208984375 910.492797851562 912.284729003906 903.403869628906 895.872680664062 890.173889160156 891.450927734375 894.495056152344 883.990966796875 885.367004394531 880.298278808594 868.231567382812 869.7275390625 865.906921386719 858.573608398438 868.927978515625 873.825622558594 876.674682617188 867.976745605469 878.307922363281 884.403381347656 879.807800292969 886.957214355469 902.4501953125 904.804321289062 917.1923828125 918.115600585938 920.250122070312 930.944702148438 931.630859375 941.388549804688 949.961730957031 944.869201660156 956.265747070312 956.786193847656 965.85400390625 966.833740234375 985.489074707031 987.580810546875 999.054138183594 1013.42828369141 1026.31030273438 1030.6474609375 1050.31420898438 1057.39672851562 1066.36022949219
918.07080078125 917.10498046875 908.365783691406 904.99365234375 899.818237304688 903.1630859375 901.117736816406 892.243408203125 884.529296875 879.396362304688 872.296997070312 871.99365234375 862.986145019531 862.629516601562 873.704040527344 881.058654785156 879.070739746094 883.901184082031 878.819580078125 871.97900390625 873.756225585938 873.484375 890.084716796875 901.083679199219 904.1650390625 903.236999511719 911.590087890625 920.938110351562 922.798828125 927.542297363281 938.970642089844 940.15673828125 957.582946777344 955.750549316406 964.82373046875 971.7275390625 977.189392089844 982.617553710938 986.172912597656 997.115844726562 1016.68884277344 1026.89978027344 1033.84155273438 1049.74206542969 1060.74047851562 1063.27233886719
927.467407226562 914.349792480469 909.95556640625 910.643432617188 907.806884765625 915.316955566406 910.261535644531 898.886535644531 901.099426269531 886.955688476562 873.428161621094 874.973754882812 873.039489746094 862.919311523438 882.270324707031 891.427307128906 879.358215332031 878.483276367188 874.825134277344 875.127197265625 874.018798828125 874.127868652344 883.759460449219 900.600219726562 904.617431640625 906.332153320312 916.17724609375 921.230712890625 925.88134765625 937.642578125 934.752075195312 945.12353515625 950.444946289062 951.592102050781 964.446044921875 964.430419921875 981.087768554688 987.166564941406 986.392272949219 1013.01483154297 1022.46624755859 1026.94738769531 1032.20190429688 1055.27429199219 1070.49719238281 1076.89135742188
931.65185546875 924.20849609375 908.912963867188 914.296264648438 914.089599609375 916.585693359375 902.74609375 908.208312988281 904.748107910156 896.683898925781 882.124816894531 878.186767578125 874.677307128906 878.327209472656 886.040588378906 894.016418457031 885.617431640625 885.0673828125 883.464965820312 883.128662109375 877.4443359375 882.47509765625 890.4345703125 906.049926757812 910.140808105469 913.104248046875 923.59326171875 923.184875488281 923.997131347656 929.123291015625 933.516418457031 934.649230957031 950.684326171875 956.931884765625 952.366088867188 967.923767089844 983.774719238281 997.432739257812 1000.63757324219 1007.2490234375 1015.42352294922 1023.50219726562 1037.15283203125 1052.95446777344 1065.21752929688 1078.35522460938
925.979614257812 926.270935058594 923.05712890625 917.804626464844 916.602294921875 911.069396972656 910.828247070312 900.377807617188 904.913269042969 898.970397949219 898.905517578125 892.0205078125 889.120361328125 892.549072265625 893.573669433594 898.326049804688 891.156494140625 891.479614257812 891.560424804688 886.235534667969 894.680114746094 891.488830566406 892.368774414062 891.76611328125 902.939392089844 912.36328125 911.24267578125 920.103515625 923.355041503906 923.988464355469 924.711669921875 939.243408203125 953.52197265625 953.054931640625 966.164245605469 968.333251953125 974.022216796875 988.764404296875 999.197204589844 1013.11486816406 1015.84582519531 1032.46472167969 1037.37316894531 1057.14367675781 1066.42419433594 1080.37939453125
933.479370117188 932.525329589844 925.12548828125 921.084045410156 913.381713867188 910.254333496094 908.845458984375 900.218933105469 903.587524414062 904.314208984375 907.756164550781 898.048095703125 892.227294921875 897.983032226562 899.312683105469 898.875305175781 897.562072753906 902.577697753906 897.821228027344 887.0634765625 892.550903320312 893.023498535156 903.998657226562 901.332946777344 910.208923339844 925.386840820312 923.67041015625 925.4130859375 927.731079101562 935.935791015625 941.171997070312 951.989379882812 958.863464355469 964.281860351562 968.891052246094 965.101623535156 980.037963867188 980.960571289062 994.403869628906 1002.89416503906 1022.98626708984 1037.70141601562 1044.84387207031 1056.501953125 1063.25415039062 1088.99011230469
933.005859375 932.531799316406 932.8642578125 929.268676757812 923.170471191406 909.134216308594 906.023620605469 917.835083007812 917.735046386719 913.976135253906 908.2470703125 907.194458007812 914.1337890625 910.730773925781 917.043395996094 907.464172363281 906.857177734375 906.541564941406 899.8076171875 893.849426269531 896.282836914062 902.845581054688 914.221496582031 913.369567871094 908.430480957031 917.307983398438 929.117126464844 929.783386230469 942.75146484375 940.14306640625 952.655944824219 954.264770507812 955.825378417969 974.471496582031 972.277893066406 980.793151855469 977.953002929688 988.921325683594 1007.724609375 1019.38586425781 1031.06628417969 1045.24645996094 1054.10620117188 1069.84753417969 1083.77966308594 1100.37145996094
936.853637695312 944.053955078125 935.197143554688 927.70263671875 923.985290527344 918.660400390625 917.667846679688 919.515380859375 928.809875488281 922.546569824219 929.412536621094 925.423278808594 928.616271972656 925.771057128906 921.910949707031 933.234680175781 929.2158203125 917.157104492188 916.200256347656 907.270935058594 914.194519042969 925.89208984375 923.086975097656 926.966613769531 914.337219238281 924.170654296875 938.228515625 939.151550292969 941.5234375 950.956848144531 959.02978515625 958.776123046875 968.593811035156 976.947204589844 977.769165039062 985.028991699219 994.075805664062 1004.86358642578 1012.14135742188 1018.51641845703 1035.23791503906 1045.29370117188 1058.77746582031 1070.08581542969 1087.654296875 1096.71716308594
939.854797363281 935.40087890625 935.061462402344 930.428344726562 931.706726074219 928.898376464844 929.236328125 932.738098144531 929.778747558594 940.233032226562 930.734497070312 935.616149902344 940.352661132812 936.673217773438 938.421020507812 941.767517089844 936.398681640625 931.044616699219 925.778625488281 931.640075683594 930.678100585938 929.303771972656 922.729858398438 918.1025390625 916.222106933594 923.025024414062 934.123291015625 932.814697265625 938.900573730469 945.911560058594 960.021423339844 962.036743164062 971.825561523438 984.84130859375 989.070434570312 991.682739257812 1002.94812011719 1029.90307617188 1026.45275878906 1035.96411132812 1043.25354003906 1054.78967285156 1068.7666015625 1077.97106933594 1090.634765625 1092.22399902344
942.369018554688 935.592163085938 943.312133789062 941.828979492188 939.435241699219 931.734069824219 937.813781738281 937.717102050781 934.582702636719 945.408020019531 938.152954101562 937.106872558594 946.694519042969 952.137573242188 946.239318847656 951.136962890625 943.08203125 940.155090332031 934.778076171875 937.321044921875 935.031433105469 925.619018554688 911.915832519531 913.345886230469 922.179321289062 917.124389648438 926.686218261719 936.936645507812 944.482727050781 953.416381835938 960.353881835938 983.475524902344 982.120788574219 995.550537109375 1005.31292724609 1010.79528808594 1014.53833007812 1025.80871582031 1040.59204101562 1043.20397949219 1051.41101074219 1061.72875976562 1072.56689453125 1079.59106445312 1089.95751953125 1091.79711914062
939.570556640625 934.619750976562 934.952331542969 935.58349609375 940.222351074219 943.510437011719 942.437561035156 937.325988769531 943.074768066406 948.168212890625 945.347045898438 937.875427246094 944.077331542969 959.145324707031 952.300537109375 954.351867675781 961.125122070312 947.268249511719 944.465454101562 942.347290039062 940.220825195312 926.771484375 926.074279785156 909.975830078125 908.989501953125 907.064514160156 926.837341308594 938.063354492188 947.67919921875 956.864929199219 969.117736816406 980.860290527344 993.11572265625 998.7294921875 1012.38562011719 1013.84252929688 1016.50280761719 1017.95318603516 1034.50268554688 1048.87060546875 1055.57836914062 1056.75 1064.99438476562 1078.29650878906 1084.47595214844 1088.84423828125
937.919921875 935.905578613281 942.20458984375 942.657653808594 943.672302246094 942.4365234375 939.17138671875 948.431945800781 946.214660644531 949.876647949219 962.316772460938 950.705322265625 949.367126464844 960.61328125 954.012939453125 959.313415527344 968.622802734375 967.233215332031 964.115600585938 947.189147949219 940.526123046875 927.184448242188 920.379943847656 921.69091796875 918.338012695312 913.5791015625 925.098205566406 940.577270507812 951.587829589844 955.627685546875 973.137329101562 987.237182617188 989.195190429688 1001.19421386719 1017.62652587891 1022.73138427734 1016.25250244141 1021.81854248047 1032.23486328125 1053.79943847656 1050.21008300781 1053.205078125 1063.20495605469 1082.255859375 1092.13732910156 1095.34326171875
941.008850097656 952.442138671875 951.430480957031 956.246520996094 960.130676269531 954.044982910156 960.742797851562 955.985473632812 958.109436035156 973.384704589844 971.224243164062 965.463806152344 964.920104980469 966.468139648438 960.662292480469 973.601379394531 978.246276855469 979.104797363281 975.912963867188 955.129638671875 941.742980957031 930.015869140625 919.476318359375 916.713134765625 910.878479003906 923.595397949219 930.146179199219 947.258117675781 951.445922851562 962.314331054688 975.155151367188 981.22021484375 986.047485351562 1000.35955810547 1010.23156738281 1016.12225341797 1022.28210449219 1026.44006347656 1035.03479003906 1041.7197265625 1055.28479003906 1064.10925292969 1072.75598144531 1076.15393066406 1088.56750488281 1093.09680175781
955.116760253906 960.070617675781 966.577331542969 968.518310546875 977.93310546875 976.133850097656 972.875122070312 980.423278808594 979.763366699219 983.470458984375 981.115173339844 977.253356933594 979.136413574219 978.361450195312 976.513854980469 980.418579101562 978.544189453125 974.036987304688 970.397155761719 951.033630371094 942.364990234375 938.5703125 933.617431640625 927.773742675781 932.880554199219 934.931457519531 934.865905761719 950.9345703125 953.079895019531 965.828002929688 978.297485351562 987.879211425781 990.65673828125 997.486877441406 1006.54138183594 1019.60083007812 1025.29516601562 1024.38928222656 1032.60668945312 1040.38391113281 1052.38879394531 1067.94079589844 1071.4013671875 1075.50866699219 1077.865234375 1084.87133789062
969.945434570312 964.517761230469 979.633666992188 978.24462890625 975.103820800781 975.989685058594 988.540100097656 992.835388183594 986.873901367188 1000.02697753906 994.077880859375 996.887329101562 991.3427734375 984.512023925781 989.029174804688 986.120971679688 986.924987792969 977.646057128906 969.579406738281 953.603576660156 936.130187988281 933.385070800781 943.017456054688 934.578002929688 933.578552246094 931.170593261719 940.348388671875 948.001281738281 957.796569824219 965.195434570312 976.537109375 980.187072753906 997.811706542969 1005.5205078125 1010.88830566406 1024.39379882812 1027.23181152344 1029.36499023438 1039.83142089844 1044.60925292969 1053.62219238281 1062.64453125 1065.07727050781 1070.13781738281 1073.94201660156 1072.00231933594
972.059509277344 971.27490234375 989.773742675781 986.972717285156 985.175537109375 975.763671875 991.857788085938 995.42919921875 1005.29626464844 1012.30181884766 1006.88836669922 1003.02038574219 994.397033691406 1001.27001953125 1000.82037353516 1000.29309082031 988.7373046875 972.761779785156 979.4990234375 969.149597167969 949.932739257812 940.475219726562 937.164184570312 935.581237792969 925.847473144531 930.943237304688 942.074035644531 943.998962402344 953.725769042969 971.853271484375 980.345825195312 992.263854980469 1002.46520996094 998.715209960938 1013.69866943359 1020.4716796875 1022.83020019531 1028.96862792969 1044.82116699219 1046.13854980469 1051.76574707031 1054.18518066406 1059.26147460938 1067.74975585938 1071.86352539062 1076.98864746094
985.676452636719 996.363708496094 998.882873535156 998.38134765625 998.133728027344 997.625854492188 1004.81420898438 1013.04913330078 1010.63146972656 1008.39807128906 1002.49816894531 1003.00970458984 1002.91320800781 1007.09869384766 1004.61779785156 1001.44165039062 992.40771484375 979.591979980469 980.897155761719 978.676086425781 952.846923828125 939.218444824219 933.598205566406 930.836364746094 925.540222167969 929.345520019531 946.044250488281 949.527893066406 959.689453125 971.486694335938 981.87451171875 996.720642089844 991.867309570312 994.874267578125 1015.52069091797 1029.88195800781 1023.63690185547 1033.29125976562 1043.54992675781 1042.56042480469 1053.43835449219 1054.22412109375 1057.80725097656 1065.0390625 1063.71997070312 1068.80834960938
