data/zlatibor_dem_simulations/DEMsim91.asc
NCOLS 150
NROWS 100
XLLCORNER 7394249
YLLCORNER 4841999
CELLSIZE 30
NODATA_VALUE -9999
[rows 40 to 59 of 100, columns 0 to 45 of 150]
958.912353515625 956.433532714844 954.780700683594 953.50146484375 958.951843261719 964.271362304688 963.587097167969 960.187805175781 959.875122070312 959.990539550781 965.153991699219 973.239440917969 973.01025390625 976.770690917969 977.579040527344 970.654541015625 980.424987792969 978.246887207031 969.872436523438 973.3837890625 978.044860839844 978.716064453125 979.504516601562 979.20947265625 973.255554199219 971.759887695312 970.019958496094 969.707885742188 968.29248046875 971.522583007812 967.978576660156 975.864135742188 977.192077636719 975.347961425781 986.560485839844 987.845275878906 994.632385253906 980.617309570312 975.494323730469 975.786254882812 961.898742675781 965.277526855469 967.249572753906 963.035766601562 956.017761230469 968.5732421875
962.348205566406 955.838684082031 957.923217773438 956.002807617188 964.089721679688 960.743286132812 956.286071777344 954.700012207031 958.925659179688 967.173034667969 965.73193359375 971.818908691406 965.405578613281 974.144470214844 972.033813476562 970.72607421875 975.054565429688 973.004150390625 973.498779296875 977.988342285156 981.929382324219 968.64990234375 978.618103027344 971.534057617188 967.401550292969 974.072631835938 966.221496582031 965.484069824219 964.5380859375 972.592163085938 970.802734375 979.612670898438 972.650756835938 980.239501953125 984.791442871094 988.309204101562 984.635925292969 979.109069824219 978.216430664062 968.502197265625 960.6650390625 957.607604980469 963.767944335938 962.239624023438 954.968627929688 961.915100097656
950.543090820312 953.1728515625 951.520080566406 948.551208496094 956.373962402344 959.732604980469 956.722961425781 948.917236328125 959.396118164062 965.465209960938 974.575256347656 972.789916992188 968.436645507812 976.863708496094 968.291687011719 965.525329589844 977.421936035156 974.585693359375 981.61474609375 983.739318847656 986.146606445312 976.547302246094 964.446166992188 975.537170410156 970.421630859375 964.934326171875 967.083801269531 962.6494140625 967.977966308594 967.780334472656 968.338012695312 978.224548339844 975.672424316406 978.73291015625 989.575378417969 983.764038085938 981.645080566406 980.543701171875 979.333801269531 972.037963867188 963.986511230469 970.109985351562 969.515258789062 961.679870605469 959.757019042969 960.59326171875
947.09375 949.938598632812 953.079162597656 957.55224609375 952.724487304688 956.642333984375 956.721862792969 955.619201660156 965.346008300781 969.740356445312 972.358276367188 966.354248046875 965.703674316406 965.680297851562 969.787536621094 970.518371582031 975.966369628906 971.857666015625 977.75244140625 977.768981933594 974.824645996094 976.758544921875 969.670715332031 962.686462402344 961.241943359375 965.005676269531 965.615478515625 960.879028320312 973.381286621094 979.907165527344 978.904724121094 978.071411132812 979.628356933594 978.454162597656 983.357238769531 985.795532226562 987.099060058594 979.828735351562 969.457824707031 972.40673828125 965.896728515625 962.885437011719 969.029602050781 971.97265625 967.744750976562 968.7529296875
944.853271484375 948.103698730469 954.71337890625 948.19287109375 956.183532714844 962.851135253906 967.697631835938 960.870971679688 964.341918945312 969.137939453125 970.178955078125 967.260559082031 969.093322753906 964.692932128906 969.634948730469 974.344848632812 980.944519042969 976.477416992188 975.394165039062 973.964416503906 967.011657714844 967.357238769531 965.102111816406 965.590270996094 961.716735839844 964.223754882812 968.721313476562 968.111206054688 971.347900390625 976.377502441406 974.910461425781 982.197265625 979.042297363281 968.862426757812 974.505981445312 983.294006347656 978.500610351562 971.427001953125 973.477966308594 975.778503417969 971.503295898438 966.52880859375 970.273071289062 969.961791992188 964.088134765625 958.767883300781
948.113403320312 955.702758789062 966.587707519531 959.12890625 961.423706054688 971.332885742188 965.352233886719 971.484802246094 965.340270996094 967.555969238281 973.225341796875 976.888122558594 975.601501464844 966.487182617188 967.50537109375 971.863098144531 977.630310058594 978.673522949219 981.440795898438 968.056701660156 974.406433105469 966.27685546875 963.096557617188 965.406616210938 957.357299804688 954.224731445312 957.99853515625 958.925720214844 970.893859863281 972.807922363281 971.781982421875 970.734497070312 977.17626953125 980.088317871094 978.112915039062 980.23583984375 968.309326171875 966.088989257812 965.834594726562 968.209289550781 969.442321777344 975.496215820312 969.287475585938 962.110412597656 955.697387695312 957.310302734375
956.766540527344 963.596618652344 965.805847167969 961.797790527344 961.881286621094 959.855895996094 962.11083984375 968.467102050781 973.173645019531 965.052978515625 966.190551757812 971.777648925781 971.79150390625 958.444763183594 957.746948242188 968.500122070312 973.053527832031 974.661743164062 972.651550292969 969.29833984375 970.952331542969 969.765014648438 964.506408691406 962.761169433594 961.758483886719 953.228149414062 958.640869140625 961.294616699219 966.506713867188 978.993103027344 972.324462890625 969.014099121094 970.002563476562 979.253845214844 978.440490722656 978.396789550781 965.390380859375 961.932922363281 958.432312011719 967.044311523438 967.491577148438 965.129943847656 968.587646484375 956.043518066406 957.57080078125 967.038391113281
962.605407714844 965.091857910156 960.058044433594 957.664123535156 959.548767089844 967.432495117188 959.486083984375 969.978088378906 971.808654785156 962.12939453125 959.2783203125 955.704772949219 960.798156738281 965.817626953125 962.788146972656 966.749938964844 975.225280761719 977.78759765625 974.117858886719 970.937927246094 971.501281738281 964.977844238281 967.114929199219 965.251220703125 963.218566894531 955.750549316406 959.187072753906 962.902038574219 970.016052246094 965.710266113281 964.020202636719 973.361083984375 971.638427734375 974.192077636719 976.521118164062 971.317810058594 966.649597167969 968.721130371094 953.478454589844 962.743408203125 958.567993164062 962.819641113281 961.1416015625 961.811401367188 960.310974121094 967.369201660156
962.915466308594 956.453918457031 960.99853515625 958.993896484375 955.626586914062 968.11865234375 969.773986816406 965.943298339844 969.927673339844 974.867309570312 966.80908203125 964.390014648438 963.996948242188 966.9169921875 967.276550292969 968.547607421875 979.967529296875 975.598266601562 976.308410644531 967.482299804688 963.025756835938 967.625061035156 958.606994628906 953.666198730469 960.029907226562 966.939147949219 963.274291992188 959.647766113281 962.870239257812 972.774353027344 972.003356933594 980.339782714844 972.36767578125 975.0576171875 971.188354492188 967.310668945312 975.948364257812 959.523986816406 962.787475585938 957.062805175781 956.482727050781 952.348327636719 960.702087402344 955.757019042969 964.147033691406 969.085632324219
956.533813476562 956.458251953125 963.593872070312 962.256042480469 960.948120117188 963.399353027344 959.013305664062 966.652282714844 977.052368164062 978.640441894531 969.705871582031 969.558837890625 961.510070800781 967.6318359375 964.487060546875 964.1220703125 972.539672851562 976.275207519531 975.994567871094 977.083984375 968.692321777344 961.710388183594 967.16357421875 959.194641113281 962.764892578125 964.345703125 963.254333496094 967.35107421875 966.006225585938 970.4091796875 977.485046386719 975.817626953125 967.266662597656 966.503540039062 972.867614746094 970.841918945312 971.5341796875 968.950927734375 970.6015625 961.12109375 955.343505859375 951.382263183594 951.037414550781 952.082641601562 963.457763671875 971.2919921875
952.212463378906 961.951110839844 964.618469238281 965.868225097656 967.095947265625 963.392395019531 969.177795410156 969.754699707031 973.989318847656 974.38916015625 970.620910644531 966.848876953125 968.124877929688 972.06640625 967.214721679688 981.047912597656 973.794494628906 964.861999511719 976.67529296875 976.56005859375 971.49853515625 966.322143554688 968.602233886719 971.810791015625 959.001770019531 958.59228515625 961.884948730469 955.184814453125 960.185241699219 975.654724121094 972.138732910156 960.780456542969 964.080810546875 968.482055664062 973.799621582031 969.897705078125 973.992919921875 971.481689453125 970.557739257812 960.26708984375 959.653503417969 943.957641601562 952.226257324219 954.859619140625 970.466613769531 968.594360351562
953.182922363281 965.197509765625 971.16015625 967.44189453125 967.506774902344 966.756103515625 975.630310058594 971.495056152344 975.696838378906 970.268371582031 968.999450683594 970.635864257812 970.444946289062 976.551940917969 976.1005859375 975.989379882812 976.672485351562 973.599792480469 975.225158691406 970.074523925781 976.434997558594 966.440246582031 967.468322753906 971.220336914062 960.626586914062 948.619812011719 949.222839355469 956.075073242188 962.29296875 972.084594726562 970.804870605469 971.428955078125 970.517517089844 973.606201171875 974.399658203125 975.833129882812 967.151306152344 970.869506835938 965.284118652344 966.785583496094 954.334838867188 952.222229003906 951.527282714844 958.994079589844 960.416625976562 969.166137695312
957.544921875 965.652709960938 968.602661132812 972.132507324219 970.381958007812 969.194580078125 972.941040039062 971.120483398438 970.036804199219 976.705749511719 973.84619140625 972.730346679688 974.793518066406 977.1474609375 980.09814453125 972.502136230469 975.004516601562 972.524597167969 981.304077148438 968.583374023438 970.176391601562 970.928405761719 963.148315429688 961.552917480469 955.615478515625 942.924255371094 956.729125976562 955.076538085938 967.084777832031 965.863159179688 973.529907226562 969.396423339844 976.609680175781 987.806884765625 978.249084472656 965.451965332031 964.9580078125 961.37109375 961.164428710938 958.304748535156 959.828796386719 951.163696289062 952.563110351562 953.77197265625 955.602355957031 963.848999023438
960.486572265625 966.526062011719 968.434753417969 975.863159179688 965.080810546875 967.314758300781 973.716430664062 970.274108886719 974.815795898438 970.155212402344 972.003295898438 978.034729003906 979.082397460938 972.005065917969 975.754272460938 970.583129882812 964.933837890625 977.21533203125 981.687683105469 970.499450683594 968.919067382812 965.448669433594 971.313781738281 952.116088867188 956.439819335938 954.39111328125 958.114624023438 957.214172363281 960.181762695312 973.221801757812 961.755004882812 973.435852050781 971.947998046875 977.103088378906 966.032409667969 965.319519042969 970.319396972656 966.469116210938 962.469299316406 959.502380371094 956.179016113281 949.673889160156 949.734191894531 954.312377929688 963.94287109375 961.346862792969
963.021484375 968.323425292969 972.666564941406 971.520263671875 971.684997558594 971.239013671875 967.077087402344 967.03759765625 970.06787109375 971.833129882812 974.831481933594 977.976379394531 975.199279785156 976.231628417969 976.970703125 974.281860351562 968.7705078125 965.883056640625 969.715576171875 967.60205078125 969.884887695312 973.188842773438 963.154602050781 954.477905273438 951.795043945312 955.357482910156 955.490417480469 955.130249023438 959.46875 964.3173828125 965.467041015625 968.51953125 963.212829589844 962.776428222656 960.677124023438 966.88623046875 960.708312988281 964.077880859375 955.668090820312 952.911193847656 951.883361816406 959.631896972656 960.526306152344 960.771179199219 968.178405761719 970.39501953125
965.073486328125 965.611511230469 973.472717285156 976.388977050781 982.000061035156 968.635070800781 969.803344726562 973.334594726562 972.708312988281 971.626403808594 968.989929199219 972.834899902344 976.340698242188 978.933044433594 976.424377441406 971.962951660156 969.8330078125 968.825805664062 966.155090332031 966.4267578125 966.173522949219 965.486328125 962.645812988281 963.782409667969 951.263977050781 944.255187988281 951.865112304688 950.798767089844 952.64990234375 969.094421386719 966.790344238281 956.360595703125 954.78466796875 953.507751464844 961.730895996094 966.4677734375 966.303466796875 964.11767578125 958.765441894531 953.16064453125 957.966125488281 954.806091308594 963.205200195312 964.130432128906 966.681396484375 973.122375488281
966.453247070312 967.839111328125 970.305236816406 975.226867675781 981.536010742188 972.392578125 974.913513183594 970.840576171875 962.629089355469 963.528869628906 962.373352050781 977.226318359375 976.603332519531 983.002868652344 985.258728027344 982.479553222656 971.261291503906 974.689208984375 974.722778320312 968.389465332031 968.318359375 970.504760742188 965.960144042969 954.559753417969 958.849487304688 948.707946777344 949.333557128906 949.835571289062 949.700256347656 954.269653320312 965.86083984375 962.548461914062 957.044921875 958.508544921875 961.846313476562 961.809265136719 953.860717773438 962.064758300781 961.637329101562 955.398620605469 962.472839355469 960.0732421875 963.256958007812 965.46435546875 954.380126953125 959.800964355469
979.820129394531 970.051330566406 975.782653808594 969.017639160156 971.816162109375 973.906188964844 967.890625 971.7021484375 968.57763671875 963.300415039062 965.785583496094 973.37548828125 981.863525390625 989.732482910156 980.388488769531 978.123107910156 970.935180664062 973.283203125 967.518310546875 966.676513671875 972.308410644531 971.13671875 970.049133300781 967.455688476562 957.900573730469 952.640319824219 954.983154296875 956.595947265625 955.846984863281 957.572204589844 953.594970703125 964.951538085938 960.4599609375 967.026428222656 958.527770996094 965.823303222656 966.793151855469 963.343872070312 960.823547363281 959.258605957031 957.994262695312 960.981079101562 959.102722167969 958.319763183594 957.520202636719 957.439880371094
975.318115234375 975.008911132812 977.820251464844 972.261596679688 967.380493164062 965.577514648438 969.1669921875 967.672241210938 963.060852050781 960.353637695312 968.229370117188 966.675231933594 973.245544433594 979.093322753906 972.582092285156 968.195495605469 970.273132324219 971.456848144531 968.689514160156 971.003112792969 974.0771484375 971.311767578125 959.646545410156 963.219116210938 954.603210449219 952.517761230469 951.74267578125 949.602233886719 958.245178222656 957.0458984375 954.315856933594 950.381103515625 956.33251953125 957.961242675781 961.075073242188 964.497253417969 959.191955566406 956.934204101562 955.489196777344 958.00390625 955.693603515625 951.588134765625 953.451721191406 952.172790527344 948.936462402344 955.35595703125
978.542724609375 977.175048828125 979.064025878906 966.566040039062 964.391052246094 973.539672851562 969.068237304688 964.146728515625 963.079284667969 953.530395507812 960.977966308594 966.807373046875 966.193115234375 976.209655761719 977.266357421875 963.764892578125 965.522827148438 968.867431640625 968.5849609375 958.857299804688 963.083801269531 953.651611328125 960.236022949219 950.789489746094 954.39208984375 949.195373535156 950.741821289062 950.135375976562 952.904296875 955.047485351562 957.253234863281 960.816467285156 960.245300292969 958.614990234375 953.868774414062 951.914978027344 955.413146972656 958.093322753906 947.340270996094 947.377624511719 945.801513671875 954.761840820312 956.146667480469 951.409362792969 952.034851074219 956.104919433594
