data/zlatibor_dem_simulations/DEMsim19.asc
NCOLS 150
NROWS 100
XLLCORNER 7394249
YLLCORNER 4841999
CELLSIZE 30
NODATA_VALUE -9999
[rows 40 to 59 of 100, columns 46 to 91 of 150]
982.931945800781 965.330627441406 970.887451171875 969.4599609375 977.522033691406 977.839904785156 971.816955566406 963.466247558594 978.829223632812 974.050537109375 959.917724609375 958.508850097656 968.225708007812 970.787109375 979.05908203125 973.448425292969 976.477294921875 972.301879882812 982.346069335938 985.909301757812 980.242370605469 966.861999511719 973.715148925781 969.523620605469 979.262573242188 971.827941894531 965.535583496094 973.208618164062 961.158935546875 965.393432617188 963.777893066406 972.655395507812 967.137817382812 962.874450683594 978.724792480469 991.559326171875 997.12451171875 989.535278320312 990.370422363281 1002.46087646484 1002.53588867188 1005.4208984375 997.729187011719 993.749816894531 1001.43634033203 1000.78747558594
971.992553710938 970.514282226562 969.897583007812 982.225463867188 973.658874511719 970.518493652344 973.057739257812 962.450256347656 979.424438476562 977.492309570312 966.91455078125 968.668640136719 959.981079101562 963.181884765625 968.902221679688 981.021545410156 979.831604003906 976.5673828125 974.025390625 975.76220703125 976.645446777344 971.650939941406 973.199279785156 971.216552734375 969.308288574219 969.606262207031 974.757019042969 970.888366699219 974.539489746094 964.545349121094 961.861633300781 968.621459960938 969.823303222656 968.369384765625 985.295715332031 983.307495117188 979.977111816406 988.534973144531 989.359313964844 992.464477539062 998.304321289062 984.276489257812 996.950378417969 989.993957519531 989.215270996094 987.561340332031
972.632507324219 963.236022949219 977.903076171875 979.512451171875 973.903259277344 971.118530273438 969.153137207031 961.866821289062 966.870361328125 977.536071777344 970.150268554688 963.927185058594 962.180419921875 971.078491210938 968.445556640625 981.116638183594 980.882019042969 989.778198242188 985.728759765625 974.101928710938 976.860961914062 971.295104980469 972.526916503906 972.606262207031 973.805297851562 969.787170410156 965.980834960938 965.906921386719 964.202880859375 964.568237304688 962.112670898438 968.069274902344 975.806030273438 976.880493164062 978.068176269531 979.467834472656 976.530029296875 977.866638183594 984.746520996094 991.412780761719 993.075256347656 987.753723144531 986.157958984375 986.433532714844 986.032409667969 985.784057617188
968.274719238281 978.165588378906 980.658874511719 977.912536621094 971.017456054688 974.266784667969 967.587768554688 969.227661132812 966.456726074219 963.917846679688 963.7666015625 965.7998046875 961.969360351562 966.398010253906 977.586791992188 982.896240234375 987.412292480469 986.621520996094 975.198425292969 976.033935546875 976.250671386719 966.645751953125 968.174865722656 977.178100585938 968.549377441406 959.090576171875 963.173950195312 965.140075683594 961.681396484375 970.412536621094 964.1640625 971.512573242188 974.146484375 976.056579589844 979.074951171875 982.436462402344 976.75634765625 985.172485351562 981.638854980469 989.770080566406 985.516784667969 986.5322265625 983.350158691406 986.216125488281 981.078308105469 981.428466796875
961.969116210938 978.364807128906 981.936462402344 976.339538574219 970.7509765625 969.372192382812 957.724853515625 967.655212402344 966.361877441406 963.883239746094 970.704284667969 966.782958984375 966.404418945312 966.90380859375 968.097473144531 978.935119628906 985.086364746094 982.76416015625 976.716125488281 971.130981445312 973.823303222656 972.489074707031 969.617919921875 963.499267578125 963.86376953125 957.287292480469 953.998840332031 963.700622558594 968.892272949219 970.110961914062 969.822631835938 981.388488769531 969.614501953125 971.465270996094 978.506713867188 969.075561523438 963.323181152344 972.245666503906 979.407043457031 984.747375488281 977.839538574219 975.208435058594 983.309814453125 979.487060546875 984.669311523438 981.156311035156
965.32421875 975.006958007812 980.175170898438 967.541015625 969.301330566406 966.572631835938 967.560729980469 964.668151855469 963.946228027344 968.354248046875 966.056701660156 964.735473632812 959.305908203125 963.860717773438 971.15380859375 978.84619140625 974.872985839844 965.89013671875 975.054931640625 972.077941894531 966.705505371094 961.761352539062 957.889953613281 955.338745117188 960.419921875 948.325561523438 950.770263671875 965.408630371094 973.787902832031 976.289855957031 975.726684570312 977.193359375 979.63720703125 981.814208984375 979.898193359375 967.695373535156 973.288696289062 972.185424804688 972.416381835938 971.858642578125 978.638854980469 977.667602539062 982.755126953125 987.1787109375 988.33349609375 984.486877441406
966.378479003906 980.503234863281 969.781799316406 969.178833007812 972.527221679688 976.5478515625 975.596862792969 974.614013671875 970.128845214844 968.640502929688 963.859252929688 967.965393066406 956.798583984375 967.908264160156 969.341796875 972.11865234375 972.473937988281 972.75 969.839416503906 961.615783691406 956.710083007812 957.061889648438 949.385437011719 953.39892578125 957.693908691406 956.66796875 961.967590332031 963.774047851562 968.074340820312 979.06103515625 976.821899414062 970.469909667969 975.338012695312 967.348754882812 974.306274414062 977.872802734375 972.004028320312 969.585571289062 958.753845214844 969.000061035156 972.190368652344 973.517639160156 984.686584472656 986.57568359375 987.8115234375 989.755432128906
967.44580078125 985.885131835938 975.716613769531 970.941711425781 973.709106445312 973.924072265625 970.027221679688 960.597106933594 969.505981445312 973.076721191406 964.418212890625 965.995788574219 969.884460449219 966.77685546875 968.829956054688 969.224670410156 971.723876953125 973.059326171875 964.380676269531 962.860717773438 955.270568847656 947.469604492188 952.200805664062 952.038330078125 956.707397460938 959.033630371094 964.950073242188 970.3447265625 968.976501464844 973.357727050781 972.918395996094 967.157592773438 970.738647460938 969.758056640625 965.322692871094 974.873962402344 972.616882324219 965.623046875 966.287780761719 968.349853515625 971.345397949219 969.755310058594 972.401672363281 972.38134765625 976.732666015625 973.751831054688
971.6015625 973.960571289062 966.612854003906 964.643798828125 967.065612792969 966.68408203125 963.022033691406 971.230651855469 965.478576660156 962.6845703125 967.922180175781 964.346984863281 964.450500488281 963.923217773438 965.992736816406 972.075561523438 968.594543457031 970.004333496094 961.274230957031 964.797790527344 956.676696777344 946.583984375 947.2353515625 955.85009765625 963.678833007812 967.123901367188 968.9599609375 979.122131347656 978.037902832031 966.329895019531 972.933471679688 976.081420898438 968.833374023438 968.947387695312 973.923645019531 974.733825683594 970.421508789062 967.871154785156 972.317077636719 974.320983886719 976.210815429688 965.068054199219 963.024353027344 966.861694335938 969.488037109375 971.235717773438
965.534362792969 966.194274902344 965.187805175781 971.67578125 973.252197265625 958.903381347656 962.87060546875 956.889404296875 964.977600097656 963.239685058594 964.369934082031 959.116638183594 971.113708496094 968.330139160156 975.709167480469 974.931823730469 974.604553222656 970.057189941406 973.317932128906 971.871765136719 960.747680664062 943.550964355469 955.203735351562 953.858764648438 958.601501464844 961.605834960938 968.24853515625 976.081970214844 968.053649902344 972.624694824219 976.735900878906 979.537536621094 966.182250976562 965.67919921875 969.508605957031 965.307922363281 968.114501953125 965.951293945312 970.667053222656 972.977478027344 969.964416503906 966.212890625 961.706237792969 964.003479003906 964.815856933594 969.173889160156
962.934265136719 968.50927734375 967.051635742188 965.985961914062 965.407104492188 964.590576171875 953.591430664062 957.531616210938 960.465026855469 966.325012207031 964.422790527344 965.622863769531 966.804321289062 968.012756347656 970.715087890625 976.073608398438 973.153442382812 976.590576171875 985.576354980469 979.336608886719 959.765563964844 949.203491210938 946.322631835938 961.388122558594 961.459350585938 957.327758789062 963.690673828125 968.796569824219 967.740600585938 980.15771484375 977.367248535156 973.491394042969 971.626892089844 972.589660644531 976.20263671875 971.3369140625 969.14990234375 972.246643066406 974.942443847656 969.390197753906 974.189819335938 966.683166503906 964.060791015625 963.654357910156 970.171264648438 970.699523925781
957.086547851562 965.845153808594 965.401794433594 960.439086914062 960.72705078125 952.537719726562 948.584716796875 955.426147460938 957.202758789062 958.062622070312 972.854309082031 969.934387207031 965.69287109375 951.07470703125 959.901977539062 969.033325195312 969.15673828125 963.083740234375 966.480712890625 967.839660644531 961.262939453125 957.706176757812 950.911499023438 957.472900390625 967.727294921875 961.786193847656 968.5537109375 967.399963378906 969.619262695312 972.345947265625 977.095397949219 971.51220703125 978.08154296875 978.922729492188 972.193481445312 977.15185546875 971.003234863281 969.880981445312 969.386840820312 975.612915039062 966.862487792969 968.417175292969 968.525451660156 963.481811523438 972.174133300781 967.733154296875
961.130432128906 952.902221679688 961.448974609375 962.969909667969 960.343322753906 955.902709960938 952.631896972656 953.21923828125 962.802490234375 964.107788085938 968.807312011719 963.913818359375 965.520629882812 957.837341308594 955.822082519531 959.738708496094 961.049499511719 954.409118652344 960.817932128906 962.969909667969 963.085021972656 955.191528320312 962.374877929688 956.013427734375 961.750427246094 959.8232421875 967.124389648438 973.988464355469 969.374816894531 963.525695800781 973.377380371094 972.012512207031 973.096862792969 970.374084472656 967.145446777344 968.99169921875 974.536987304688 967.438293457031 976.007263183594 973.075378417969 962.103515625 964.792907714844 965.325866699219 967.749206542969 975.641418457031 980.1728515625
958.414428710938 950.127075195312 959.032287597656 963.673400878906 962.177795410156 955.579345703125 954.427551269531 947.396850585938 954.248474121094 967.471740722656 969.503356933594 969.166931152344 962.329772949219 956.212036132812 953.462829589844 957.753967285156 956.916320800781 954.029663085938 959.17919921875 963.578308105469 960.485534667969 960.996459960938 959.324340820312 951.988647460938 952.818603515625 964.286437988281 963.935913085938 956.345764160156 956.367553710938 965.106567382812 957.554870605469 949.461669921875 962.963134765625 958.288391113281 955.142333984375 971.0888671875 973.098937988281 971.66943359375 978.765502929688 967.129150390625 969.568664550781 975.991638183594 963.076904296875 970.85205078125 976.597534179688 970.688598632812
945.589538574219 943.229553222656 958.313354492188 954.934936523438 956.806335449219 959.930419921875 953.317138671875 952.04541015625 954.530151367188 964.706848144531 968.532592773438 963.280395507812 958.858581542969 954.393249511719 955.424682617188 954.915161132812 954.438171386719 960.474548339844 957.445556640625 963.161254882812 964.921875 963.435852050781 964.316345214844 964.98046875 959.157104492188 962.758605957031 968.689270019531 960.658508300781 950.442016601562 954.386291503906 957.291687011719 955.679931640625 951.247253417969 946.947265625 949.03662109375 966.471557617188 972.274230957031 969.787719726562 974.50244140625 974.563598632812 972.550720214844 973.039184570312 966.018981933594 967.590759277344 967.845886230469 970.764892578125
948.908813476562 949.245056152344 947.594604492188 953.113830566406 956.209716796875 948.353332519531 947.297912597656 944.648681640625 956.581726074219 961.99267578125 970.289916992188 960.749755859375 959.670959472656 952.23583984375 959.273681640625 955.541564941406 957.667053222656 959.88427734375 954.034729003906 964.226257324219 958.793762207031 959.848388671875 967.494567871094 962.899047851562 968.610778808594 963.753784179688 965.152954101562 964.10546875 963.234680175781 954.811157226562 952.924865722656 951.68701171875 949.569885253906 949.033874511719 955.661254882812 966.131774902344 974.380920410156 969.534240722656 967.494262695312 972.965515136719 974.689880371094 966.466552734375 966.680114746094 968.89794921875 966.845886230469 970.496948242188
955.187866210938 945.775939941406 953.354187011719 958.024963378906 948.225158691406 951.866577148438 953.403259277344 955.118713378906 952.421569824219 953.492065429688 955.60888671875 959.976013183594 952.803955078125 954.651794433594 954.445007324219 960.670837402344 957.058166503906 959.888305664062 961.917663574219 957.639282226562 958.532287597656 954.766784667969 959.239318847656 954.552734375 962.641784667969 961.456420898438 965.864135742188 970.453918457031 962.630615234375 963.020324707031 951.985290527344 947.689880371094 947.523132324219 943.694519042969 955.365356445312 967.091613769531 969.949096679688 966.735961914062 971.4208984375 983.207214355469 968.329345703125 958.969055175781 961.962890625 972.434509277344 966.701354980469 967.1005859375
957.449523925781 955.579162597656 961.186767578125 959.652404785156 947.726867675781 956.422607421875 949.907409667969 950.868347167969 951.040405273438 954.000854492188 951.99853515625 956.098449707031 947.875854492188 950.576110839844 953.470520019531 964.262756347656 959.833190917969 951.984436035156 958.911254882812 955.438354492188 945.424194335938 947.315185546875 953.774658203125 951.785278320312 961.916748046875 966.306945800781 959.942810058594 957.832824707031 958.305786132812 955.654968261719 958.307250976562 956.009216308594 955.135986328125 960.736755371094 958.521911621094 975.413879394531 973.264526367188 968.780395507812 966.890686035156 976.153564453125 966.821533203125 969.764099121094 966.250183105469 972.307250976562 961.310302734375 972.915771484375
954.826416015625 950.86865234375 955.44775390625 951.408020019531 947.813842773438 946.922058105469 947.394714355469 950.413940429688 963.793273925781 950.00048828125 961.615966796875 953.391845703125 952.408447265625 955.264770507812 956.25244140625 954.287963867188 959.246704101562 953.869567871094 964.042175292969 962.811950683594 956.446105957031 957.712219238281 955.240539550781 956.5732421875 962.267578125 958.099365234375 962.286804199219 956.635864257812 950.291564941406 958.706665039062 958.296081542969 958.071655273438 959.324645996094 962.555541992188 973.094787597656 974.467834472656 972.140808105469 969.522766113281 963.543151855469 974.392333984375 970.350463867188 960.655578613281 962.158386230469 967.647583007812 971.37939453125 967.231689453125
945.810852050781 951.299926757812 952.204956054688 947.441467285156 949.713562011719 945.398193359375 951.312805175781 949.938598632812 953.216125488281 961.120483398438 958.746398925781 955.851501464844 958.364624023438 957.2314453125 964.031982421875 963.354797363281 961.133728027344 960.128601074219 965.944519042969 963.369140625 959.746765136719 960.993957519531 962.022033691406 963.261474609375 964.511901855469 956.687133789062 963.447692871094 965.587646484375 961.668762207031 963.473815917969 961.751037597656 967.421142578125 962.137329101562 972.671203613281 975.320190429688 975.333557128906 970.051635742188 970.548400878906 971.69873046875 975.972778320312 971.225830078125 963.0263671875 961.817565917969 968.429870605469 964.603393554688 961.392028808594
