data/zlatibor_dem_simulations/DEMsim49.asc
NCOLS 150
NROWS 100
XLLCORNER 7394249
YLLCORNER 4841999
CELLSIZE 30
NODATA_VALUE -9999
[rows 60 to 79 of 100, columns 92 to 137 of 150]
959.796203613281 964.041870117188 971.098205566406 979.686828613281 972.529174804688 973.46142578125 978.003662109375 984.403503417969 980.841796875 982.590515136719 982.837463378906 983.095397949219 978.6142578125 988.65625 979.829711914062 991.843139648438 987.361755371094 983.167785644531 982.656982421875 990.902099609375 998.118103027344 1010.77795410156 1012.08081054688 1007.25164794922 1007.86865234375 1007.59796142578 1008.82672119141 1008.14599609375 1000.23669433594 991.376037597656 984.849792480469 994.248352050781 1002.63146972656 1017.11962890625 1022.24114990234 1018.98175048828 1034.27551269531 1049.03723144531 1061.78527832031 1063.46728515625 1070.80908203125 1069.1689453125 1060.81945800781 1065.69714355469 1063.69519042969 1062.68859863281
971.632019042969 966.479370117188 972.300659179688 972.265502929688 979.136413574219 984.478698730469 987.574157714844 984.229431152344 989.203369140625 981.831359863281 988.825988769531 989.238159179688 985.599487304688 985.101806640625 982.862915039062 989.632507324219 988.778503417969 992.061096191406 984.156799316406 985.831909179688 1004.38140869141 1012.90765380859 1015.3837890625 1014.49291992188 1007.39520263672 1011.4169921875 1016.40551757812 1008.48059082031 1009.05291748047 1001.79711914062 998.020080566406 1003.56097412109 1007.82220458984 1016.52282714844 1020.95239257812 1027.06274414062 1038.93664550781 1055.83459472656 1064.07885742188 1060.44458007812 1067.74645996094 1060.95324707031 1059.44091796875 1064.2265625 1063.5498046875 1053.74230957031
975.990600585938 969.683471679688 974.403564453125 985.686096191406 981.685424804688 989.246398925781 985.793701171875 990.058471679688 987.117370605469 988.791381835938 991.576171875 1000.30938720703 987.135498046875 993.760070800781 987.445983886719 985.101318359375 991.164978027344 988.253295898438 995.090881347656 993.031127929688 1010.36602783203 1017.37658691406 1025.03991699219 1019.12707519531 1013.61859130859 1007.49743652344 1018.94104003906 1020.97106933594 1020.65270996094 1016.76782226562 1011.48284912109 1016.08990478516 1015.28942871094 1028.97973632812 1019.88458251953 1022.95275878906 1038.31298828125 1050.23510742188 1055.04748535156 1052.60668945312 1062.70422363281 1056.67419433594 1058.85607910156 1064.89709472656 1056.14807128906 1046.92651367188
977.234313964844 979.947326660156 976.334655761719 987.564086914062 986.423461914062 981.406616210938 984.988403320312 996.908264160156 999.126098632812 995.220520019531 991.973205566406 990.473449707031 988.105285644531 991.461486816406 997.301147460938 990.010192871094 988.924438476562 990.800415039062 998.351867675781 998.055480957031 1013.13885498047 1024.59545898438 1024.2021484375 1021.13952636719 1021.63891601562 1010.82586669922 1015.13366699219 1020.84539794922 1023.91522216797 1017.00946044922 1016.62658691406 1014.41754150391 1012.93341064453 1026.83837890625 1024.51086425781 1036.86755371094 1026.67639160156 1037.11938476562 1041.17919921875 1050.41271972656 1056.458984375 1058.87426757812 1063.65576171875 1054.77844238281 1051.9970703125 1040.05920410156
978.13623046875 980.105895996094 972.926513671875 976.590881347656 974.87744140625 984.957336425781 982.714660644531 985.261352539062 988.282470703125 994.249694824219 989.384338378906 986.592163085938 981.081176757812 981.554626464844 986.858154296875 992.030395507812 992.048645019531 999.070190429688 1006.41943359375 1016.42083740234 1025.23156738281 1024.14868164062 1025.51245117188 1020.87042236328 1018.70794677734 1012.20611572266 1019.70123291016 1023.41723632812 1013.72717285156 1017.93884277344 1022.62176513672 1026.42395019531 1021.61505126953 1016.09948730469 1031.35693359375 1030.78918457031 1028.14807128906 1034.35180664062 1038.64904785156 1044.73352050781 1052.15649414062 1056.09204101562 1062.55163574219 1049.70190429688 1047.31884765625 1036.10375976562
968.955322265625 974.695190429688 979.938781738281 985.289489746094 982.299682617188 990.341552734375 989.899963378906 994.318725585938 992.495788574219 997.985717773438 996.361022949219 982.682006835938 992.2333984375 989.899230957031 986.264282226562 990.363708496094 996.509521484375 1008.39556884766 1015.15832519531 1016.64508056641 1011.3408203125 1026.92150878906 1024.76196289062 1019.162109375 1032.64794921875 1034.96374511719 1028.39965820312 1030.42749023438 1022.73675537109 1027.77416992188 1025.69580078125 1028.40112304688 1020.34204101562 1018.78363037109 1023.42486572266 1024.39697265625 1038.3935546875 1030.75561523438 1031.91003417969 1043.96728515625 1045.11218261719 1056.36901855469 1059.361328125 1042.49829101562 1038.02038574219 1038.62158203125
975.669799804688 977.900329589844 980.476623535156 986.692504882812 990.927185058594 998.447448730469 996.754516601562 993.092956542969 997.402404785156 992.692199707031 992.920227050781 991.418518066406 989.561950683594 987.025451660156 986.603271484375 986.764282226562 993.721435546875 998.336486816406 1008.57556152344 1021.24114990234 1013.23266601562 1017.87615966797 1031.52612304688 1029.84167480469 1040.72436523438 1040.74523925781 1037.6416015625 1036.82019042969 1035.59057617188 1033.8115234375 1028.29504394531 1019.15655517578 1021.20635986328 1015.66888427734 1016.65069580078 1029.89099121094 1031.03247070312 1027.30322265625 1025.53088378906 1032.708984375 1033.61560058594 1051.33117675781 1053.55737304688 1045.06188964844 1035.55493164062 1036.57287597656
972.552612304688 976.738098144531 984.087524414062 979.764099121094 992.990966796875 988.201293945312 1002.44897460938 999.240844726562 998.14208984375 998.680358886719 1001.81115722656 1000.52789306641 990.080993652344 981.094543457031 990.749938964844 988.422790527344 998.596374511719 1002.2744140625 1013.86169433594 1018.73358154297 1025.01635742188 1031.08117675781 1030.8720703125 1039.22644042969 1047.29443359375 1048.03405761719 1042.34545898438 1038.80639648438 1039.08435058594 1038.96838378906 1038.37817382812 1041.966796875 1026.11511230469 1022.57904052734 1020.01226806641 1021.17669677734 1027.70068359375 1030.43615722656 1023.34008789062 1026.8828125 1027.39099121094 1031.41394042969 1032.57983398438 1039.2939453125 1033.58374023438 1037.47900390625
977.215026855469 980.38427734375 988.941162109375 991.957336425781 986.553771972656 990.988708496094 993.151245117188 1002.61474609375 998.150756835938 1006.62139892578 1009.91558837891 1002.21130371094 995.106201171875 996.439880371094 998.696411132812 994.781188964844 1003.97338867188 1001.099609375 1016.4169921875 1022.67199707031 1031.75964355469 1037.94702148438 1039.41772460938 1046.37780761719 1051.45568847656 1049.18237304688 1049.0576171875 1041.15808105469 1040.60083007812 1041.92358398438 1041.59619140625 1036.98791503906 1034.78576660156 1032.68664550781 1030.11962890625 1027.16027832031 1024.8154296875 1021.94689941406 1018.72064208984 1021.22991943359 1017.38110351562 1020.75653076172 1018.81561279297 1024.19567871094 1023.64764404297 1027.63928222656
984.035095214844 977.739868164062 997.537475585938 988.075012207031 985.278381347656 991.523193359375 1004.62445068359 1009.94500732422 1008.27667236328 1003.13861083984 1014.03820800781 1006.00811767578 992.584289550781 1003.49468994141 1001.72375488281 1000.5263671875 1004.53344726562 1002.54956054688 1013.76568603516 1022.06097412109 1025.54138183594 1034.46008300781 1041.04992675781 1041.59497070312 1049.13037109375 1053.3828125 1053.27856445312 1035.05432128906 1043.46911621094 1041.07312011719 1042.54309082031 1045.0869140625 1044.9736328125 1037.13781738281 1035.97985839844 1037.39135742188 1029.51257324219 1024.13232421875 1025.20263671875 1015.95080566406 1014.54693603516 1015.98278808594 1019.68524169922 1017.63403320312 1020.05242919922 1028.55310058594
976.371948242188 987.583923339844 989.826904296875 986.410400390625 985.006896972656 993.411193847656 1005.16412353516 1007.04022216797 1009.232421875 1014.71417236328 1010.77032470703 1010.87084960938 1011.82257080078 1012.52801513672 1012.96441650391 1007.72003173828 1011.7119140625 1009.84283447266 1019.17742919922 1021.23883056641 1019.94915771484 1037.05749511719 1044.16589355469 1042.41076660156 1049.53955078125 1054.75463867188 1048.07946777344 1043.89978027344 1043.9267578125 1040.11254882812 1044.0576171875 1053.05407714844 1046.68420410156 1042.73327636719 1033.54406738281 1015.18670654297 1021.73620605469 1019.79656982422 1014.78393554688 1019.22186279297 1018.00115966797 1012.67022705078 1006.64288330078 1011.38842773438 1013.91302490234 1020.69195556641
981.239929199219 985.739868164062 990.174072265625 995.74267578125 997.984008789062 995.94580078125 998.887145996094 1010.34545898438 1017.44909667969 1011.994140625 1004.23229980469 1017.54895019531 1024.89782714844 1021.16320800781 1013.85455322266 1016.94244384766 1021.98681640625 1020.32257080078 1019.72241210938 1021.57580566406 1030.2646484375 1038.892578125 1039.08569335938 1040.09912109375 1045.91284179688 1048.46337890625 1048.96252441406 1034.34240722656 1038.1025390625 1039.40844726562 1037.986328125 1034.43347167969 1041.35705566406 1030.02465820312 1015.77239990234 1017.6376953125 1021.39575195312 1020.38836669922 1017.19451904297 1014.68725585938 1007.04901123047 1001.49176025391 999.574890136719 1003.27978515625 1017.20056152344 1020.7802734375
988.139099121094 981.362182617188 984.720764160156 994.911804199219 1003.9423828125 997.857727050781 1003.60101318359 1008.34057617188 1009.33557128906 1014.21423339844 1009.31298828125 1021.52746582031 1025.97680664062 1033.98291015625 1018.50708007812 1014.96899414062 1028.33850097656 1024.68225097656 1026.6494140625 1031.04321289062 1030.89978027344 1037.19653320312 1040.21520996094 1027.55346679688 1031.78796386719 1033.62487792969 1034.162109375 1030.21325683594 1031.84545898438 1038.37133789062 1033.99731445312 1032.64343261719 1033.14685058594 1025.20556640625 1013.78698730469 1018.87341308594 1019.70251464844 1017.16247558594 1005.59533691406 1018.29858398438 1006.91802978516 998.347839355469 999.464782714844 1008.32739257812 1018.4111328125 1022.16064453125
993.267028808594 985.089416503906 989.8818359375 999.988647460938 1006.91644287109 999.153015136719 1007.13714599609 1011.36071777344 1014.11328125 1012.85198974609 1015.3583984375 1025.93029785156 1032.33337402344 1030.58276367188 1017.21563720703 1010.06488037109 1023.431640625 1035.23376464844 1029.35217285156 1027.20837402344 1031.58288574219 1032.12475585938 1033.67956542969 1026.66235351562 1028.75756835938 1025.80712890625 1023.64202880859 1022.60754394531 1036.09167480469 1038.40478515625 1037.43115234375 1036.70776367188 1033.720703125 1014.57006835938 1006.27844238281 1006.31890869141 1012.11529541016 1011.82019042969 997.977966308594 1001.33972167969 997.666015625 989.18115234375 991.997619628906 1004.99432373047 1007.74212646484 1009.96575927734
989.040954589844 986.847106933594 992.70361328125 996.531982421875 997.764099121094 1009.23431396484 1006.10064697266 1011.65057373047 1012.17846679688 1020.57183837891 1008.34802246094 1013.40484619141 1019.41430664062 1022.77136230469 1020.29052734375 1022.12872314453 1031.31225585938 1039.99694824219 1033.64038085938 1032.22802734375 1028.87841796875 1031.3857421875 1020.12231445312 1022.06848144531 1023.54235839844 1021.11535644531 1019.5087890625 1020.03851318359 1027.97192382812 1034.04943847656 1031.11364746094 1025.50952148438 1026.05224609375 1017.80395507812 1010.98254394531 1002.27978515625 1012.76385498047 1001.45861816406 1005.27478027344 1005.39929199219 1002.64056396484 995.459655761719 991.830139160156 1011.71063232422 1001.26818847656 1005.55560302734
980.218933105469 986.699401855469 985.322265625 986.899719238281 994.566955566406 1003.65191650391 1008.3212890625 1005.97802734375 1013.56176757812 1020.0068359375 1011.06719970703 1007.12139892578 1010.35510253906 1019.77844238281 1020.91271972656 1026.72045898438 1037.52612304688 1037.68518066406 1036.44384765625 1031.55932617188 1028.24169921875 1034.77270507812 1023.49426269531 1022.04406738281 1020.54406738281 1014.50152587891 1016.78424072266 1016.09307861328 1025.02490234375 1021.32696533203 1022.49877929688 1020.23315429688 1026.0029296875 1018.47009277344 1013.13525390625 1013.15869140625 1005.11273193359 1001.11077880859 1012.73651123047 1009.20043945312 1009.92169189453 998.454406738281 1013.42321777344 1012.42584228516 1010.08862304688 1007.8544921875
988.817199707031 984.165588378906 990.053466796875 990.027709960938 995.349304199219 998.686645507812 1003.24151611328 1008.8837890625 1009.43572998047 1005.85333251953 1006.89111328125 1008.63983154297 1005.08123779297 1016.50689697266 1023.66284179688 1031.56958007812 1036.36279296875 1036.45678710938 1034.74353027344 1026.71789550781 1023.67803955078 1031.35278320312 1032.68859863281 1033.03662109375 1025.98291015625 1009.81195068359 1013.03851318359 1010.22967529297 1021.71264648438 1019.04443359375 1023.58459472656 1019.80908203125 1018.13262939453 1018.59033203125 1022.42456054688 1019.88616943359 1000.33856201172 1006.27581787109 1015.95611572266 1008.13720703125 1004.57800292969 1012.62872314453 1003.93731689453 1003.75689697266 1017.15972900391 1008.62316894531
987.57666015625 989.163818359375 987.521179199219 998.080932617188 998.289123535156 989.754516601562 1006.66906738281 1002.73345947266 1005.16876220703 1014.52777099609 1002.61346435547 997.96044921875 1008.56927490234 1009.33978271484 1013.30505371094 1022.6953125 1020.49645996094 1027.92590332031 1028.26062011719 1032.21508789062 1035.61376953125 1033.89538574219 1030.27600097656 1029.30432128906 1025.44494628906 1019.03967285156 1008.86199951172 1013.20941162109 1017.68310546875 1020.56140136719 1011.57165527344 1012.23352050781 1013.12847900391 1007.87933349609 1013.12463378906 1013.80981445312 1003.22937011719 1004.25671386719 1012.05041503906 1010.51513671875 1004.47015380859 1007.18542480469 1000.35699462891 998.806274414062 1007.34185791016 1010.05603027344
985.707580566406 990.893432617188 990.972473144531 990.391479492188 999.547058105469 998.58349609375 1000.48809814453 1001.67407226562 1009.43432617188 1016.90924072266 1001.64770507812 993.74755859375 1003.57470703125 1007.34136962891 1010.48205566406 1019.18334960938 1014.24713134766 1023.65930175781 1031.49938964844 1035.68408203125 1039.54748535156 1036.75085449219 1034.23486328125 1043.36779785156 1040.23596191406 1025.29016113281 1021.50640869141 1020.08087158203 1021.55242919922 1014.52886962891 1014.14154052734 1016.83166503906 1016.80737304688 1006.46997070312 1001.43908691406 999.475830078125 1000.86889648438 995.455322265625 1008.10198974609 1003.78234863281 1000.53002929688 1000.19964599609 1004.30218505859 997.019836425781 1001.00659179688 997.490783691406
985.080749511719 983.182556152344 985.443115234375 991.488952636719 995.823364257812 1004.84533691406 1001.40759277344 1000.80609130859 1008.34167480469 1010.12603759766 1007.07672119141 999.323974609375 1001.59613037109 1005.52252197266 1011.26190185547 1006.71893310547 1018.47406005859 1029.01721191406 1027.83190917969 1030.00024414062 1032.14587402344 1026.47216796875 1039.8193359375 1038.72839355469 1037.28271484375 1037.80639648438 1023.80773925781 1027.53564453125 1024.5712890625 1020.53387451172 1017.10473632812 1014.67303466797 1010.703125 1004.64630126953 997.215698242188 1000.57537841797 1005.21044921875 990.919189453125 997.377868652344 999.192443847656 1004.3935546875 1006.55151367188 996.360900878906 1000.42102050781 1002.15740966797 996.92822265625
