data/zlatibor_dem_simulations/DEMsim20.asc
NCOLS 150
NROWS 100
XLLCORNER 7394249
YLLCORNER 4841999
CELLSIZE 30
NODATA_VALUE -9999
[rows 60 to 79 of 100, columns 46 to 91 of 150]
957.487243652344 951.772521972656 956.807678222656 959.286499023438 954.585205078125 958.37109375 957.446105957031 958.037780761719 958.369812011719 963.563415527344 960.259399414062 957.811889648438 970.340515136719 960.258666992188 960.707824707031 963.566223144531 962.3359375 962.066955566406 959.595153808594 954.390075683594 961.69091796875 965.283386230469 965.860107421875 962.07568359375 970.832580566406 968.091247558594 970.289245605469 962.753662109375 960.482482910156 966.050231933594 969.99755859375 966.713317871094 960.736755371094 965.996215820312 961.225769042969 960.422790527344 970.307373046875 972.419128417969 964.356384277344 968.036010742188 972.958190917969 976.255554199219 976.161743164062 977.814331054688 975.306091308594 971.877197265625
958.477966308594 957.878540039062 954.739318847656 957.999145507812 961.592590332031 954.767944335938 955.753784179688 964.412048339844 967.545471191406 959.586791992188 959.716064453125 958.275573730469 968.787719726562 956.594970703125 972.475341796875 963.925415039062 967.51318359375 971.40234375 965.755859375 951.016357421875 952.48046875 961.246826171875 969.039978027344 976.538024902344 970.75390625 972.056945800781 964.385498046875 967.240051269531 962.385498046875 971.450744628906 970.133544921875 963.173095703125 967.799499511719 969.794250488281 968.197326660156 965.453247070312 974.460021972656 975.292602539062 977.031799316406 969.458740234375 973.058654785156 975.182006835938 971.375 976.122863769531 977.439025878906 971.266967773438
970.709350585938 973.252685546875 959.030517578125 965.918090820312 969.334655761719 962.90771484375 961.343444824219 960.589965820312 962.784973144531 974.460510253906 973.21728515625 963.851135253906 963.999206542969 959.121215820312 965.377563476562 965.051330566406 964.460388183594 960.829650878906 957.436584472656 948.686645507812 952.102905273438 951.093505859375 960.155456542969 969.383605957031 968.445373535156 979.086120605469 975.529663085938 965.445922851562 961.366638183594 971.012817382812 972.466796875 975.6572265625 973.745849609375 971.767761230469 980.469970703125 974.441284179688 980.308715820312 987.310974121094 982.394226074219 980.263793945312 976.679504394531 985.843322753906 980.271545410156 973.120178222656 978.808654785156 978.829528808594
970.639770507812 971.064758300781 969.954528808594 966.941589355469 968.403137207031 960.638549804688 959.984375 956.551330566406 965.199584960938 971.036743164062 971.997680664062 966.84228515625 967.507690429688 962.966003417969 960.199340820312 964.085021972656 967.173461914062 965.296325683594 961.436645507812 948.173156738281 951.001525878906 953.646423339844 967.081359863281 968.651916503906 960.53173828125 967.5556640625 973.797729492188 968.38525390625 976.965942382812 965.105407714844 972.876586914062 976.759460449219 970.139770507812 969.934997558594 976.072204589844 974.880004882812 984.752258300781 983.817016601562 977.476989746094 984.956970214844 993.851440429688 988.446350097656 978.336730957031 975.960205078125 980.0712890625 981.982666015625
978.490966796875 977.771484375 985.814636230469 980.472229003906 981.442199707031 973.096923828125 962.023681640625 965.181457519531 963.176513671875 973.483947753906 977.623657226562 970.505615234375 968.476745605469 966.51171875 969.176330566406 964.666137695312 978.130798339844 966.162109375 962.095153808594 960.695556640625 953.432189941406 957.01318359375 956.357849121094 963.6337890625 964.009948730469 963.186157226562 970.670654296875 970.454650878906 968.649536132812 964.031677246094 969.238220214844 973.705871582031 967.501220703125 969.967407226562 978.068969726562 979.924987792969 981.956359863281 981.248474121094 983.880798339844 983.355041503906 984.23291015625 988.546997070312 974.534973144531 985.149658203125 981.772766113281 980.673645019531
980.551940917969 994.3681640625 994.21484375 986.002807617188 986.750183105469 975.261596679688 976.757141113281 975.567016601562 975.461486816406 972.470825195312 973.4912109375 985.111145019531 977.00390625 966.284973144531 970.668395996094 966.065856933594 967.500671386719 968.275390625 962.782775878906 958.044494628906 961.653259277344 964.414916992188 958.513732910156 972.010864257812 974.736450195312 962.461975097656 970.438598632812 974.4580078125 971.259521484375 964.311645507812 968.010559082031 974.592407226562 965.297424316406 973.771667480469 981.552612304688 978.76513671875 985.958374023438 979.972839355469 986.683227539062 984.830261230469 985.9599609375 979.889282226562 982.761108398438 986.084655761719 984.644836425781 981.015869140625
982.928894042969 983.505249023438 986.978454589844 985.755737304688 988.740844726562 987.037231445312 979.555969238281 978.127319335938 970.288879394531 980.065246582031 984.400756835938 984.859680175781 974.849365234375 969.171264648438 963.110778808594 963.350769042969 973.822875976562 976.282836914062 974.677551269531 971.088134765625 966.559326171875 969.703063964844 966.994384765625 969.765686035156 975.655456542969 980.778686523438 974.973388671875 982.596435546875 985.635375976562 980.005981445312 971.288208007812 972.927368164062 966.252197265625 969.111022949219 969.585998535156 983.030395507812 982.199462890625 978.605285644531 984.100646972656 983.384399414062 979.389587402344 983.369445800781 978.774963378906 982.361145019531 976.476501464844 969.918334960938
983.875793457031 980.180908203125 977.2080078125 983.15771484375 981.912414550781 977.661560058594 979.643676757812 972.731811523438 973.955322265625 980.282348632812 991.33056640625 987.05908203125 974.580078125 971.745361328125 969.075622558594 971.162963867188 967.746032714844 973.037292480469 977.835571289062 972.388671875 976.284545898438 971.025939941406 972.249206542969 974.428405761719 982.0390625 987.637084960938 984.621704101562 989.026916503906 984.475219726562 976.5322265625 969.70751953125 975.490539550781 973.178588867188 967.400329589844 970.930847167969 978.028015136719 986.040893554688 989.630187988281 983.373291015625 988.568603515625 984.507995605469 982.599609375 975.547180175781 973.402465820312 966.362670898438 970.185424804688
982.224853515625 975.934509277344 988.334350585938 985.410583496094 991.819885253906 988.490539550781 986.792358398438 983.943298339844 979.346130371094 978.223815917969 987.319885253906 980.798461914062 983.781066894531 978.382690429688 973.527770996094 975.860534667969 969.484558105469 983.4990234375 983.47119140625 975.86669921875 973.4755859375 967.891540527344 971.757446289062 976.663024902344 981.050598144531 986.956909179688 980.495788574219 979.541870117188 983.743591308594 975.867736816406 979.368347167969 970.821960449219 967.21435546875 968.151306152344 970.453735351562 975.888305664062 990.685180664062 992.943359375 982.286193847656 992.909484863281 990.321044921875 985.012084960938 977.582946777344 973.37890625 962.211242675781 961.911682128906
988.384948730469 992.661376953125 988.2060546875 988.189758300781 977.260803222656 984.221618652344 988.632507324219 980.851135253906 982.395568847656 980.77685546875 983.41748046875 982.762756347656 995.293701171875 982.578125 971.218139648438 974.668029785156 974.4111328125 971.773254394531 977.519592285156 968.285583496094 972.032348632812 971.020874023438 963.0732421875 981.091247558594 996.358276367188 989.678161621094 981.40380859375 979.630676269531 988.276672363281 987.049865722656 986.550109863281 980.523620605469 980.64404296875 975.533874511719 980.269409179688 976.9013671875 982.816589355469 992.118286132812 986.118041992188 988.557556152344 988.349914550781 979.717895507812 979.530517578125 973.453308105469 973.238647460938 969.894287109375
985.845703125 990.501953125 987.902099609375 988.184387207031 989.522094726562 984.164855957031 987.854248046875 991.316650390625 992.545776367188 984.15625 981.480102539062 985.235778808594 989.471557617188 988.55029296875 972.998107910156 966.979125976562 969.051330566406 974.239685058594 967.924011230469 967.991821289062 969.10595703125 964.10009765625 971.878967285156 981.751159667969 991.953308105469 991.932006835938 984.62060546875 985.064331054688 985.239685058594 990.333862304688 982.625427246094 984.514343261719 978.662292480469 977.336120605469 981.631896972656 981.594116210938 977.345581054688 982.629516601562 986.399963378906 982.989990234375 983.677795410156 982.695251464844 980.408630371094 977.486328125 976.195556640625 975.812072753906
989.507873535156 990.295959472656 985.540771484375 987.370056152344 995.178283691406 993.428344726562 983.869750976562 992.90283203125 991.077331542969 981.558288574219 974.397644042969 973.797790527344 979.797485351562 981.233337402344 971.161499023438 972.157653808594 965.751342773438 967.028198242188 971.378234863281 967.517761230469 967.012023925781 965.885131835938 974.800415039062 986.123046875 983.322631835938 983.590393066406 981.253967285156 986.365173339844 981.556823730469 984.8291015625 980.826599121094 978.385559082031 981.139770507812 975.603515625 981.850219726562 989.131896972656 985.66748046875 986.972473144531 979.610595703125 985.419799804688 983.137390136719 986.446228027344 992.005737304688 980.254516601562 979.511596679688 977.492797851562
993.488708496094 999.992065429688 989.669372558594 995.537658691406 1003.62237548828 995.563659667969 992.379272460938 991.103515625 981.294067382812 979.8203125 983.089599609375 980.228576660156 979.540954589844 980.265563964844 967.713439941406 974.486022949219 972.017211914062 970.079345703125 959.884460449219 960.236694335938 967.043762207031 967.915344238281 977.696166992188 984.348999023438 980.885620117188 984.639404296875 984.44287109375 988.789184570312 985.864196777344 989.85009765625 984.73046875 979.042541503906 978.999206542969 981.784240722656 980.748291015625 985.925537109375 986.065185546875 986.445617675781 979.811645507812 977.885803222656 973.721008300781 983.523254394531 988.212585449219 989.231811523438 985.321105957031 976.757873535156
990.393005371094 1006.03527832031 999.954345703125 1000.10217285156 994.146545410156 997.409362792969 988.114196777344 987.265869140625 984.790161132812 981.599670410156 979.832092285156 977.38134765625 980.122253417969 977.037353515625 975.009765625 976.114196777344 976.477966308594 967.014282226562 963.697143554688 961.729614257812 968.862609863281 979.588989257812 992.133361816406 996.003784179688 987.559265136719 983.242980957031 985.626586914062 987.257934570312 990.868713378906 991.894348144531 984.539184570312 979.223876953125 984.27978515625 986.1201171875 979.885498046875 978.741394042969 984.628723144531 986.856140136719 980.450744628906 978.000610351562 980.078796386719 985.77880859375 994.658813476562 981.439575195312 984.598876953125 980.5634765625
996.375915527344 1000.22259521484 997.794006347656 1006.34466552734 997.548889160156 993.890319824219 986.144287109375 988.784545898438 991.33935546875 982.034851074219 983.963256835938 981.516784667969 986.198669433594 974.896179199219 973.182434082031 976.59033203125 972.239685058594 969.961303710938 969.025573730469 967.116149902344 978.955078125 979.173278808594 991.89013671875 992.268615722656 990.540344238281 982.859313964844 978.425354003906 986.084045410156 1002.37371826172 1000.56433105469 995.1728515625 988.878967285156 997.866821289062 996.588806152344 979.330688476562 976.996459960938 978.406860351562 980.203491210938 987.343078613281 987.265808105469 989.904296875 989.518676757812 989.892272949219 981.765991210938 988.8330078125 982.70361328125
1001.39959716797 1013.01019287109 1009.23229980469 1004.75152587891 1005.45849609375 1008.21142578125 992.648742675781 988.077026367188 993.112670898438 994.100830078125 991.498779296875 977.321472167969 983.182312011719 969.49951171875 971.853759765625 970.935974121094 974.792724609375 983.796203613281 978.537963867188 972.986450195312 981.807434082031 987.724914550781 990.025512695312 988.791870117188 991.027526855469 984.809692382812 987.34033203125 992.579895019531 1003.78039550781 997.303466796875 1000.96984863281 991.843139648438 991.265197753906 988.402099609375 987.6005859375 985.251281738281 984.134704589844 992.202758789062 1000.75677490234 992.325134277344 996.144592285156 992.689758300781 983.468322753906 989.22607421875 979.873291015625 979.203918457031
1014.25982666016 1014.80255126953 1010.15240478516 1006.03375244141 1005.1640625 999.75048828125 986.538879394531 991.250671386719 991.693359375 988.623840332031 991.557189941406 987.1689453125 976.912963867188 982.652038574219 969.138244628906 977.125549316406 976.230529785156 984.73779296875 978.463684082031 979.654663085938 984.023742675781 986.076904296875 989.384948730469 986.93701171875 989.875610351562 981.537841796875 986.116516113281 992.189331054688 997.094848632812 1001.13287353516 991.934814453125 995.545104980469 981.652954101562 986.191040039062 994.893005371094 988.320007324219 988.365783691406 990.766723632812 999.371032714844 997.977661132812 1000.48492431641 993.109191894531 984.760803222656 985.441833496094 990.57373046875 987.306396484375
1016.16906738281 1016.43865966797 1010.46209716797 1009.201171875 997.448547363281 1007.45367431641 996.492309570312 996.66259765625 992.702331542969 996.267639160156 989.8369140625 983.824584960938 979.824157714844 974.2646484375 975.311950683594 978.768981933594 980.343994140625 983.101013183594 978.4072265625 979.159423828125 976.311950683594 984.030639648438 979.940368652344 985.075866699219 986.036743164062 991.5263671875 995.837707519531 1004.93676757812 1004.37713623047 992.982849121094 989.648742675781 996.697814941406 991.126647949219 989.048706054688 991.745971679688 981.770446777344 989.593017578125 993.885131835938 997.457641601562 998.327087402344 1001.92163085938 990.47607421875 984.2607421875 992.550537109375 995.004699707031 982.1943359375
1017.04205322266 1012.89141845703 1002.75811767578 999.849914550781 995.223205566406 1005.43151855469 1001.17767333984 992.971008300781 993.21728515625 982.484619140625 978.178649902344 986.190246582031 976.941162109375 981.389404296875 981.576782226562 984.156005859375 986.059204101562 981.915161132812 982.467407226562 979.466735839844 977.419189453125 972.057922363281 981.323425292969 981.991271972656 984.965881347656 994.792663574219 1000.03277587891 1002.81811523438 996.394165039062 994.431274414062 995.481506347656 992.99072265625 995.939697265625 998.131225585938 996.650268554688 997.543518066406 993.616577148438 993.474426269531 993.850036621094 996.099487304688 995.96484375 993.159118652344 994.417663574219 996.119201660156 994.365112304688 993.747253417969
1006.91528320312 1007.33764648438 1007.95440673828 997.830505371094 992.47900390625 999.348510742188 995.883728027344 995.109069824219 997.038208007812 994.290466308594 991.806823730469 984.128051757812 984.18408203125 978.213500976562 983.120727539062 989.762268066406 982.018249511719 983.163940429688 981.680236816406 984.340454101562 979.05615234375 981.867492675781 980.514404296875 985.568481445312 985.987731933594 988.029541015625 989.527893066406 999.407104492188 1000.33471679688 995.271667480469 995.749145507812 993.711547851562 1000.64508056641 1009.21185302734 1007.57867431641 1008.19476318359 1004.32098388672 998.652465820312 1002.93481445312 997.751586914062 995.28662109375 995.6025390625 990.0595703125 989.279296875 992.009948730469 986.091674804688
