data/zlatibor_dem_simulations/DEMsim79 (1).asc
NCOLS 150
NROWS 100
XLLCORNER 7394249
YLLCORNER 4841999
CELLSIZE 30
NODATA_VALUE -9999
[rows 60 to 79 of 100, columns 46 to 91 of 150]
948.983154296875 948.158264160156 955.426818847656 948.079467773438 953.205688476562 951.999328613281 952.289184570312 956.576538085938 956.301879882812 961.715698242188 965.513427734375 959.708251953125 954.952026367188 961.160888671875 958.83203125 963.243408203125 957.053405761719 963.769775390625 965.457214355469 964.27880859375 964.759643554688 968.3408203125 957.157470703125 962.294738769531 957.247741699219 962.414672851562 953.370483398438 965.414733886719 959.422302246094 968.645141601562 959.545349121094 966.377563476562 973.495849609375 963.559997558594 968.972717285156 954.067993164062 957.931823730469 973.546325683594 967.142517089844 967.488037109375 970.387939453125 967.839660644531 962.2568359375 963.015258789062 968.732360839844 969.993469238281
948.442504882812 947.64111328125 957.074951171875 953.603332519531 954.56494140625 960.802795410156 964.729309082031 974.285827636719 966.862426757812 953.174560546875 956.818237304688 963.058227539062 961.347290039062 968.1279296875 965.405639648438 958.392272949219 948.355834960938 943.177795410156 957.605590820312 964.371276855469 957.410583496094 960.448974609375 966.046142578125 974.301574707031 962.399658203125 962.23046875 973.48828125 975.189514160156 971.298522949219 967.121520996094 965.593872070312 970.180725097656 971.655578613281 966.291381835938 974.437438964844 970.738708496094 965.89404296875 976.363464355469 972.9638671875 971.355895996094 970.445068359375 965.002990722656 967.062194824219 969.724548339844 973.09716796875 973.669189453125
947.348999023438 947.521362304688 957.858764648438 956.407592773438 953.030883789062 955.255493164062 962.404846191406 969.123107910156 964.755798339844 960.107788085938 964.118347167969 965.825012207031 963.617126464844 967.80029296875 972.325317382812 958.485778808594 954.022033691406 945.730224609375 948.49365234375 953.911010742188 965.725891113281 963.79248046875 969.083557128906 975.528259277344 960.576599121094 961.805297851562 976.292663574219 974.337158203125 974.959655761719 962.982543945312 964.106079101562 970.005493164062 969.718200683594 963.872253417969 962.724853515625 972.643859863281 981.856323242188 975.886169433594 971.160095214844 972.446105957031 976.241455078125 973.3017578125 982.468872070312 979.43359375 975.157409667969 974.530578613281
953.892883300781 955.551025390625 958.361389160156 952.711853027344 958.443969726562 955.914245605469 963.919128417969 966.057312011719 968.099548339844 969.782165527344 973.183898925781 969.561828613281 968.184936523438 974.177307128906 968.575500488281 960.933288574219 952.432739257812 942.686828613281 942.232299804688 953.425842285156 960.872619628906 968.676635742188 967.128173828125 962.103576660156 965.447143554688 959.266784667969 971.246765136719 971.9521484375 973.371337890625 974.446838378906 972.582458496094 975.875183105469 974.943786621094 976.808715820312 976.749938964844 975.733459472656 982.978210449219 977.089538574219 970.200256347656 966.638732910156 980.183715820312 977.87548828125 980.152465820312 977.67333984375 979.423034667969 968.221496582031
959.21435546875 960.632995605469 959.237854003906 960.232177734375 954.308349609375 963.54248046875 969.242065429688 964.694213867188 966.446655273438 965.335205078125 969.513610839844 963.408081054688 967.014709472656 978.424560546875 970.585083007812 955.003356933594 963.660278320312 956.420288085938 958.982055664062 963.198791503906 972.396484375 969.314086914062 968.666442871094 964.454223632812 961.01318359375 959.203918457031 958.046325683594 967.664245605469 974.853942871094 979.080749511719 980.870788574219 964.139038085938 966.534912109375 965.71533203125 978.1845703125 969.728759765625 982.544616699219 985.634826660156 985.583984375 979.348876953125 971.074279785156 980.281494140625 976.712768554688 980.78173828125 976.205139160156 981.356262207031
959.183227539062 969.310729980469 960.030395507812 957.848266601562 961.776000976562 964.705932617188 966.530822753906 964.878234863281 964.214904785156 967.479370117188 962.442504882812 967.508117675781 961.882202148438 967.613952636719 971.366394042969 968.471313476562 958.049194335938 962.466857910156 962.685974121094 966.130676269531 973.004943847656 977.225952148438 969.365356445312 970.339294433594 964.041870117188 962.590515136719 967.5830078125 973.072204589844 973.962646484375 977.255493164062 975.72314453125 969.322021484375 972.918395996094 967.933654785156 972.834228515625 970.727355957031 980.244506835938 984.977722167969 980.315002441406 984.590209960938 972.342346191406 974.30078125 972.455078125 978.746154785156 981.439086914062 978.274719238281
970.125915527344 970.686096191406 965.120056152344 969.340270996094 962.26123046875 961.567504882812 970.986755371094 967.474365234375 970.962707519531 973.826171875 972.447082519531 968.924133300781 964.294555664062 972.09814453125 965.259460449219 963.567016601562 958.484558105469 958.043151855469 967.121276855469 969.162170410156 974.137878417969 981.578186035156 976.119079589844 982.381652832031 981.533142089844 974.696472167969 977.867370605469 980.330871582031 972.760070800781 970.068664550781 980.8046875 985.047973632812 978.290588378906 973.062377929688 974.929870605469 973.936767578125 988.273681640625 981.354553222656 991.463439941406 982.537109375 981.322021484375 982.451477050781 974.949523925781 976.127807617188 977.184020996094 975.820678710938
983.584594726562 983.340026855469 974.331665039062 978.759887695312 970.112976074219 965.546447753906 964.181945800781 956.240417480469 964.3662109375 968.448547363281 969.55615234375 978.986999511719 974.144775390625 970.302673339844 965.59130859375 958.490905761719 963.846435546875 960.829406738281 968.319702148438 972.446533203125 976.253112792969 972.682739257812 977.247192382812 978.089721679688 973.094299316406 979.010559082031 975.046875 981.810668945312 977.229736328125 979.683471679688 988.724182128906 980.472106933594 980.086975097656 975.142211914062 972.673583984375 979.209289550781 982.940856933594 985.953979492188 981.654052734375 992.083557128906 998.728637695312 982.1572265625 979.434326171875 980.937316894531 980.539794921875 974.245849609375
976.094360351562 975.1962890625 982.105102539062 977.126953125 971.835327148438 970.602294921875 980.919799804688 978.584045410156 975.271545410156 962.113098144531 973.100830078125 981.050903320312 977.986145019531 971.008361816406 967.7392578125 966.79443359375 966.387084960938 965.24169921875 968.828430175781 975.839416503906 972.827453613281 972.440063476562 963.846435546875 970.200012207031 972.861022949219 974.319213867188 971.394165039062 972.663024902344 985.995300292969 979.900329589844 984.57666015625 987.717041015625 983.437622070312 984.598754882812 977.645202636719 982.861083984375 987.4931640625 987.796203613281 983.870727539062 986.746032714844 987.859619140625 990.354553222656 983.229797363281 983.230102539062 980.456604003906 974.762878417969
985.944641113281 987.480407714844 980.049621582031 981.628051757812 982.339538574219 972.420776367188 981.205078125 987.204956054688 976.901062011719 972.958984375 979.7705078125 973.025451660156 978.219543457031 977.225219726562 968.474548339844 967.353454589844 963.773376464844 967.003112792969 974.401184082031 981.487121582031 971.380187988281 970.285888671875 971.646301269531 969.07421875 968.244567871094 972.028869628906 975.520751953125 986.739807128906 981.954406738281 979.18359375 984.152709960938 983.939331054688 982.4443359375 979.015747070312 973.25830078125 976.0625 978.778869628906 983.160583496094 989.480590820312 982.023254394531 991.702880859375 980.132690429688 980.075988769531 978.972290039062 982.882080078125 975.776306152344
980.126586914062 990.507019042969 984.754821777344 984.759948730469 981.565490722656 983.565856933594 983.69921875 980.4462890625 982.912231445312 977.504272460938 978.599975585938 977.798583984375 979.984008789062 971.022766113281 973.123840332031 971.619323730469 969.131713867188 967.283874511719 972.701904296875 968.290893554688 971.410339355469 964.213439941406 959.0703125 964.22802734375 975.283203125 974.812805175781 980.736267089844 981.788208007812 985.01220703125 987.268615722656 992.385681152344 988.373352050781 990.552307128906 978.502990722656 975.526611328125 984.344299316406 981.328735351562 990.238098144531 992.263854980469 989.851501464844 983.829528808594 986.794006347656 978.250366210938 982.100830078125 982.054138183594 979.349792480469
992.162170410156 990.7919921875 986.739135742188 987.824584960938 990.175354003906 981.486877441406 982.40673828125 986.489685058594 979.687744140625 986.852661132812 986.508728027344 985.015380859375 979.506652832031 981.285766601562 967.945556640625 971.705932617188 973.139282226562 967.442443847656 972.600280761719 973.970397949219 974.400268554688 971.721801757812 965.464111328125 975.667724609375 978.315002441406 970.552856445312 978.668579101562 983.170532226562 980.0029296875 991.433410644531 995.065063476562 992.6796875 993.675109863281 987.0263671875 984.263793945312 990.355712890625 987.510009765625 996.2548828125 994.159240722656 995.259399414062 994.774047851562 981.1591796875 977.064086914062 985.553344726562 979.647827148438 976.366455078125
992.271667480469 988.210266113281 993.653442382812 988.42333984375 994.165954589844 990.057189941406 986.703918457031 984.837036132812 980.346740722656 985.986755371094 980.369201660156 977.875 970.674194335938 972.50634765625 970.771057128906 966.065979003906 964.171020507812 969.323486328125 967.328674316406 973.440490722656 973.856140136719 966.478454589844 978.870971679688 980.943786621094 986.359313964844 976.485168457031 986.60400390625 984.737243652344 982.652404785156 986.868835449219 989.046569824219 985.412719726562 983.397766113281 987.10791015625 986.498474121094 1003.23193359375 990.59716796875 1001.873046875 1001.89947509766 991.274536132812 987.945739746094 980.129089355469 978.041320800781 986.794982910156 986.262939453125 976.882995605469
995.513610839844 992.80322265625 995.234924316406 999.801208496094 1003.65148925781 1002.46270751953 996.869018554688 995.365539550781 980.329772949219 989.896301269531 983.716003417969 977.691650390625 974.837646484375 973.211547851562 973.156555175781 978.743408203125 972.896728515625 968.996276855469 969.265075683594 974.407287597656 970.930053710938 969.8974609375 988.431335449219 989.449584960938 983.695068359375 979.200927734375 983.975952148438 984.650024414062 993.568176269531 991.552062988281 984.782897949219 986.124633789062 984.765747070312 984.253173828125 985.526123046875 992.151489257812 998.171081542969 1004.50402832031 1009.77056884766 997.291870117188 993.865661621094 982.303527832031 984.071472167969 984.875305175781 984.419921875 985.503967285156
1005.28576660156 999.210998535156 1002.96655273438 1005.00579833984 1002.71325683594 1008.92437744141 994.976501464844 989.333923339844 988.054565429688 986.058288574219 991.404479980469 986.490844726562 977.660522460938 978.969543457031 973.326538085938 973.737976074219 978.046813964844 974.734252929688 955.462768554688 963.027770996094 966.553955078125 972.195739746094 975.500183105469 978.794250488281 992.161926269531 989.772338867188 992.299377441406 990.332763671875 997.20068359375 997.395751953125 985.957092285156 985.652587890625 983.506652832031 987.809143066406 991.774475097656 988.214416503906 996.610290527344 1003.9755859375 1005.67474365234 997.982238769531 992.495544433594 996.911926269531 986.808471679688 985.118713378906 977.266845703125 985.608581542969
1020.64868164062 1013.23352050781 1002.70910644531 1002.32458496094 997.964416503906 1000.22192382812 1001.69049072266 989.576232910156 992.323608398438 994.788452148438 990.107482910156 990.751831054688 982.650817871094 977.983581542969 979.331359863281 973.700561523438 967.883483886719 967.09716796875 969.095336914062 967.008728027344 963.080017089844 975.912048339844 984.71728515625 987.402465820312 1000.39520263672 989.94287109375 991.580688476562 998.880065917969 991.829162597656 992.145629882812 994.736083984375 990.566589355469 984.098937988281 986.412048339844 989.265014648438 989.760375976562 990.134338378906 1004.04382324219 1001.67864990234 998.44287109375 1000.51037597656 1003.19805908203 985.938903808594 989.406799316406 979.031555175781 979.998352050781
1026.34362792969 1012.23120117188 1009.60968017578 1010.48345947266 1005.31488037109 1005.02001953125 1004.19360351562 998.787231445312 994.97607421875 989.290283203125 987.507873535156 979.864501953125 977.196044921875 980.2490234375 986.978454589844 971.638000488281 975.043090820312 970.658996582031 973.207580566406 978.783203125 971.369812011719 976.681579589844 976.233825683594 985.7451171875 994.276489257812 992.277709960938 998.71044921875 989.786560058594 992.606384277344 1000.74493408203 993.266357421875 996.856872558594 985.957641601562 985.7197265625 990.225952148438 992.395141601562 995.937927246094 999.999816894531 1004.65844726562 1006.62969970703 999.81591796875 1000.87707519531 1001.52600097656 987.012023925781 980.525817871094 984.211059570312
1022.56951904297 1019.39385986328 1016.31170654297 1013.70855712891 1005.43762207031 999.505126953125 1003.02227783203 1000.04357910156 987.082641601562 989.351806640625 986.9619140625 987.634887695312 980.346618652344 979.440002441406 979.560546875 979.309387207031 978.168518066406 981.018371582031 982.09423828125 969.592224121094 967.54150390625 971.898559570312 982.427612304688 981.801574707031 982.195007324219 980.666320800781 987.913696289062 988.229309082031 994.029357910156 1003.18200683594 996.211853027344 996.245788574219 989.413818359375 996.756286621094 1001.50610351562 1007.87164306641 1001.669921875 1003.12023925781 1009.69073486328 1006.0166015625 998.241271972656 995.646911621094 997.305908203125 981.355285644531 987.40869140625 978.445983886719
1016.40374755859 1022.51910400391 1021.75268554688 1008.04467773438 995.227661132812 990.677307128906 997.759521484375 995.227478027344 985.906188964844 992.681396484375 989.604797363281 989.515808105469 991.875732421875 978.4990234375 980.531860351562 977.283020019531 978.296447753906 970.626403808594 978.176025390625 970.89501953125 968.176086425781 971.515930175781 984.967529296875 976.934814453125 980.199829101562 983.424499511719 983.269409179688 991.779174804688 994.574157714844 1002.50915527344 995.382995605469 993.899047851562 995.529968261719 998.924560546875 999.734497070312 1004.59649658203 998.921081542969 1000.79223632812 997.983520507812 999.886047363281 995.304565429688 997.0751953125 991.502807617188 985.529907226562 985.880065917969 981.851501464844
1020.30969238281 1015.11877441406 1007.34490966797 1000.12872314453 1001.052734375 996.024475097656 986.460754394531 995.026489257812 990.935546875 985.154541015625 989.917297363281 985.670654296875 987.384216308594 971.617309570312 965.675476074219 967.363403320312 971.639221191406 978.068969726562 976.928833007812 974.611022949219 967.936950683594 969.183654785156 983.05810546875 982.604431152344 990.515563964844 992.087768554688 989.865356445312 995.837646484375 999.240112304688 999.187683105469 994.040954589844 994.092529296875 1005.7783203125 1017.61804199219 1008.94189453125 1005.76525878906 998.875549316406 1005.25653076172 998.411437988281 1002.76440429688 996.07373046875 996.055969238281 996.280639648438 986.491027832031 988.535583496094 992.14111328125
