data/zlatibor_dem_simulations/DEMsim10.asc
NCOLS 150
NROWS 100
XLLCORNER 7394249
YLLCORNER 4841999
CELLSIZE 30
NODATA_VALUE -9999
[rows 60 to 79 of 100, columns 92 to 137 of 150]
967.403076171875 974.069091796875 974.4677734375 974.805847167969 976.989929199219 981.193115234375 983.460815429688 989.501647949219 995.113220214844 989.935485839844 977.740051269531 987.770324707031 992.220886230469 987.595886230469 986.402709960938 988.618347167969 996.441162109375 992.100952148438 1000.87286376953 996.034057617188 996.864318847656 987.700866699219 993.895751953125 999.805908203125 995.253845214844 991.302062988281 998.919189453125 1009.43225097656 1006.29089355469 1007.54870605469 1009.99615478516 1003.59149169922 1015.12939453125 1006.66564941406 1024.4873046875 1031.22009277344 1040.25805664062 1040.48681640625 1041.29162597656 1051.5087890625 1053.53430175781 1066.91650390625 1061.47387695312 1052.90576171875 1059.35876464844 1053.45336914062
975.029235839844 974.038330078125 984.23095703125 981.680725097656 973.463623046875 976.363159179688 985.840576171875 994.528869628906 997.868286132812 984.247497558594 985.059387207031 988.002868652344 993.831237792969 1000.03607177734 990.687805175781 997.191223144531 989.171813964844 990.228271484375 988.546020507812 988.287170410156 989.261047363281 994.927612304688 1000.41369628906 1003.04992675781 1001.0009765625 1001.26989746094 1003.82543945312 1007.98937988281 1005.31958007812 1005.11315917969 1010.95776367188 1010.28216552734 1011.72863769531 1017.22973632812 1022.98101806641 1034.83923339844 1037.73791503906 1030.06494140625 1039.91357421875 1048.19982910156 1051.30444335938 1056.69213867188 1055.67419433594 1048.57409667969 1044.90612792969 1041.44738769531
973.796569824219 983.581665039062 981.696044921875 986.306884765625 981.464294433594 975.333923339844 980.057861328125 987.660034179688 986.64990234375 985.994323730469 979.351623535156 989.863525390625 991.379333496094 1000.7783203125 994.897521972656 996.704406738281 996.520263671875 988.510498046875 977.973266601562 979.853576660156 991.016418457031 1000.73052978516 997.024230957031 997.97412109375 1005.14038085938 1009.59259033203 1006.95324707031 1006.67156982422 1014.15576171875 1007.20715332031 1011.41564941406 1014.38800048828 1016.17926025391 1024.18298339844 1026.77209472656 1037.53857421875 1033.91345214844 1024.8466796875 1036.80908203125 1042.50390625 1059.02307128906 1045.53784179688 1053.2998046875 1047.48132324219 1036.91796875 1032.43395996094
978.570495605469 982.32568359375 986.126892089844 979.842956542969 976.927917480469 970.982177734375 969.450805664062 979.947265625 982.735961914062 980.333923339844 986.798583984375 989.530700683594 988.820922851562 991.872985839844 1000.47680664062 1006.32012939453 992.840881347656 986.317749023438 977.015319824219 985.841064453125 990.921875 996.674438476562 1002.08929443359 999.775024414062 1010.12353515625 1020.79815673828 1019.39495849609 1018.17681884766 1012.67199707031 1010.39794921875 1009.55535888672 1017.91528320312 1020.45440673828 1019.02862548828 1024.74853515625 1032.73876953125 1034.92407226562 1030.16040039062 1036.01708984375 1039.09948730469 1050.38696289062 1048.482421875 1035.29040527344 1030.19128417969 1036.94677734375 1032.71142578125
978.957458496094 981.328186035156 985.029663085938 981.260559082031 983.555969238281 978.084777832031 971.092407226562 977.598754882812 980.941040039062 986.215881347656 986.506164550781 987.443054199219 986.233825683594 990.426452636719 989.507873535156 998.097412109375 998.826721191406 985.50830078125 990.083435058594 991.388916015625 991.908874511719 1000.47796630859 1003.33111572266 1011.29260253906 1013.33520507812 1028.54638671875 1031.62194824219 1029.19555664062 1019.28271484375 1011.32653808594 1018.54339599609 1023.0927734375 1020.83758544922 1015.173828125 1017.38781738281 1026.97119140625 1033.86279296875 1036.095703125 1048.12780761719 1043.45568847656 1040.47741699219 1039.1806640625 1030.4658203125 1026.62512207031 1035.14489746094 1032.62927246094
969.368286132812 973.124816894531 977.136840820312 981.140563964844 976.365600585938 967.3310546875 975.532836914062 977.661865234375 984.053344726562 981.667175292969 984.318542480469 983.657287597656 994.699279785156 987.0986328125 992.406372070312 997.30908203125 998.967895507812 997.566833496094 993.918579101562 1001.78668212891 1000.34094238281 1005.15911865234 1014.06097412109 1011.97564697266 1025.73181152344 1028.79174804688 1028.46411132812 1021.61437988281 1028.97680664062 1025.79809570312 1022.56091308594 1023.42486572266 1023.58636474609 1027.86047363281 1025.48168945312 1027.84912109375 1035.87316894531 1023.96966552734 1036.96081542969 1047.32421875 1049.14038085938 1042.244140625 1038.25439453125 1031.55712890625 1025.31811523438 1028.20275878906
969.267028808594 969.950317382812 967.93603515625 986.179565429688 984.169067382812 980.029296875 976.626159667969 983.853942871094 984.160766601562 986.219787597656 980.479553222656 979.038391113281 990.341796875 996.44091796875 995.070251464844 1000.03759765625 993.000427246094 1003.98962402344 1006.95471191406 1003.17578125 1012.34869384766 1017.00805664062 1017.18426513672 1010.36193847656 1028.92712402344 1033.80163574219 1039.03625488281 1033.15771484375 1027.27954101562 1030.8779296875 1029.63061523438 1026.82604980469 1022.16583251953 1025.23107910156 1035.18005371094 1029.38452148438 1036.12377929688 1025.88256835938 1037.80151367188 1040.96813964844 1044.34008789062 1046.20971679688 1046.18432617188 1040.25305175781 1031.92993164062 1031.77465820312
969.603149414062 971.545837402344 973.038635253906 980.176574707031 991.021728515625 985.327026367188 990.228393554688 993.065795898438 987.351989746094 980.37353515625 976.418640136719 975.045532226562 984.585571289062 991.292175292969 997.138122558594 1002.77856445312 1000.09503173828 1006.37951660156 1012.20739746094 1019.60833740234 1023.94958496094 1021.72003173828 1027.70080566406 1022.33947753906 1030.00231933594 1032.17846679688 1036.74194335938 1041.126953125 1034.86437988281 1035.93725585938 1033.68347167969 1038.78601074219 1029.06262207031 1031.65844726562 1027.59545898438 1024.06579589844 1033.78515625 1028.09228515625 1034.18017578125 1042.07629394531 1041.11450195312 1040.83532714844 1039.33959960938 1045.17431640625 1043.14404296875 1035.39038085938
972.235656738281 975.421813964844 975.282348632812 979.191833496094 994.482116699219 998.007751464844 985.587097167969 991.832397460938 992.0517578125 987.6728515625 990.971008300781 984.57958984375 995.133544921875 1002.4609375 1002.96624755859 1009.82678222656 1020.69622802734 1011.69610595703 1023.94970703125 1021.51245117188 1026.95568847656 1033.82360839844 1035.189453125 1030.06494140625 1032.73474121094 1032.71838378906 1031.83190917969 1041.86437988281 1047.61657714844 1038.99743652344 1045.03552246094 1036.13012695312 1033.94067382812 1018.72961425781 1023.93548583984 1023.83959960938 1026.50500488281 1022.42718505859 1027.78088378906 1035.23364257812 1032.60339355469 1029.18518066406 1031.23217773438 1042.82666015625 1045.93298339844 1044.84924316406
974.233642578125 981.853759765625 991.379333496094 993.5107421875 1001.00939941406 992.401916503906 989.127319335938 992.903076171875 994.48583984375 992.160400390625 989.821411132812 1002.43902587891 998.152404785156 1012.16845703125 1010.72497558594 1005.37841796875 1010.48217773438 1019.98706054688 1017.00860595703 1019.02416992188 1033.40710449219 1032.40673828125 1035.30065917969 1034.23571777344 1038.95825195312 1037.33312988281 1036.13757324219 1044.87756347656 1045.53259277344 1047.48205566406 1048.90100097656 1035.59387207031 1033.46228027344 1024.11572265625 1020.53802490234 1014.4296875 1022.50152587891 1029.35180664062 1027.65466308594 1029.11157226562 1030.75158691406 1023.58837890625 1028.8056640625 1040.82604980469 1046.09375 1042.91833496094
975.296691894531 976.932556152344 993.585266113281 995.775573730469 999.212524414062 992.414306640625 988.754577636719 992.46044921875 998.170471191406 998.859008789062 998.856872558594 1000.12854003906 1003.79125976562 1005.18780517578 1011.56634521484 1010.86566162109 1017.93634033203 1016.89813232422 1021.96807861328 1020.21466064453 1027.83410644531 1033.11682128906 1029.91955566406 1034.52294921875 1044.94653320312 1036.84924316406 1037.25048828125 1050.05810546875 1050.6865234375 1053.39111328125 1039.20227050781 1037.7568359375 1033.97241210938 1033.98291015625 1021.08715820312 1014.59271240234 1007.30041503906 1013.82775878906 1020.20318603516 1021.00061035156 1030.19580078125 1024.66735839844 1032.15979003906 1041.7763671875 1033.03967285156 1034.55676269531
981.085266113281 978.134155273438 982.420104980469 990.99560546875 992.945739746094 991.687438964844 990.463684082031 993.207580566406 995.254760742188 1006.30224609375 1004.94610595703 1007.56829833984 1003.98303222656 1008.93145751953 1019.82238769531 1026.9912109375 1027.19812011719 1019.07678222656 1013.91351318359 1018.23309326172 1027.10473632812 1032.60461425781 1031.24694824219 1030.74255371094 1038.70788574219 1040.69262695312 1040.65979003906 1049.75012207031 1047.13891601562 1056.87805175781 1043.99645996094 1046.24182128906 1045.794921875 1043.13366699219 1032.2587890625 1019.38543701172 1009.74908447266 1021.47369384766 1014.57122802734 1016.97045898438 1024.1123046875 1021.65100097656 1026.80090332031 1034.58544921875 1028.04345703125 1024.86889648438
970.478576660156 974.339111328125 983.802124023438 993.761535644531 1004.07080078125 996.313110351562 998.304138183594 1001.07153320312 997.4990234375 1005.26391601562 1013.39312744141 1012.38507080078 1009.23028564453 1012.30310058594 1022.541015625 1029.92687988281 1020.21575927734 1020.83666992188 1015.3427734375 1020.20953369141 1022.43017578125 1030.43823242188 1024.47399902344 1035.05249023438 1030.35229492188 1035.81970214844 1040.16479492188 1045.50769042969 1046.69287109375 1055.32470703125 1047.17895507812 1049.27734375 1045.28735351562 1033.64624023438 1029.06506347656 1020.94226074219 1019.98785400391 1023.64636230469 1013.2109375 1015.23352050781 1022.10363769531 1019.84057617188 1023.28936767578 1023.38873291016 1024.44311523438 1016.47937011719
970.051696777344 980.250549316406 984.374328613281 992.506652832031 999.876098632812 1000.28918457031 998.6669921875 1008.30847167969 1012.82531738281 1007.22119140625 1011.12573242188 1011.259765625 1012.67987060547 1017.72717285156 1024.39770507812 1029.68395996094 1031.05969238281 1026.92199707031 1020.23974609375 1030.10424804688 1017.09710693359 1028.73828125 1033.85766601562 1032.09777832031 1032.59155273438 1027.2646484375 1034.26745605469 1034.80261230469 1044.57275390625 1051.25146484375 1048.73498535156 1032.74096679688 1031.25390625 1028.05822753906 1024.13598632812 1016.279296875 1026.61120605469 1013.19995117188 1012.36090087891 1016.89556884766 1016.82763671875 1010.44470214844 1022.20574951172 1016.65704345703 1014.58337402344 1013.88690185547
975.491943359375 988.729309082031 986.7060546875 993.907531738281 988.117797851562 991.991271972656 998.561584472656 1001.07330322266 1010.71936035156 1003.59625244141 999.581726074219 1003.18200683594 1009.71844482422 1014.06048583984 1015.47039794922 1031.71606445312 1024.73547363281 1026.82849121094 1023.34118652344 1028.03002929688 1023.58996582031 1024.27514648438 1029.36022949219 1028.75134277344 1025.39819335938 1017.26953125 1021.09777832031 1034.36999511719 1035.27453613281 1040.51342773438 1044.0341796875 1031.23669433594 1030.45361328125 1023.17810058594 1019.13610839844 1013.00238037109 1011.81707763672 1007.85107421875 1010.63824462891 1008.08099365234 1011.14483642578 1019.07391357422 1013.62445068359 1020.81182861328 1013.22082519531 1007.00061035156
987.417724609375 991.053955078125 991.599609375 995.527770996094 992.508178710938 995.226013183594 995.385131835938 1004.63360595703 1009.59240722656 1001.02471923828 1000.07263183594 1012.50720214844 1016.8193359375 1019.65466308594 1020.37408447266 1030.32507324219 1031.82312011719 1032.1708984375 1031.92919921875 1030.09851074219 1034.28369140625 1026.97106933594 1021.01531982422 1020.86218261719 1021.25872802734 1018.17620849609 1013.51098632812 1028.56066894531 1024.13024902344 1035.08471679688 1025.52282714844 1026.99975585938 1028.40881347656 1021.83404541016 1020.46728515625 1009.78448486328 1003.80090332031 1006.69018554688 1008.65222167969 1006.06231689453 1004.52807617188 1015.55889892578 1013.03594970703 1019.21258544922 1014.74584960938 1000.60412597656
995.646850585938 994.306884765625 1001.93884277344 994.27880859375 991.8388671875 1001.04541015625 1003.5986328125 1003.51916503906 1012.15246582031 1011.01409912109 1016.23443603516 1017.47918701172 1017.48956298828 1014.64233398438 1022.58416748047 1032.63354492188 1036.92065429688 1025.94445800781 1030.25512695312 1032.42761230469 1040.91833496094 1035.37670898438 1023.52337646484 1021.54162597656 1020.38488769531 1015.53411865234 1017.34552001953 1023.21948242188 1021.34930419922 1021.77801513672 1022.46282958984 1016.18395996094 1028.55346679688 1022.48889160156 1015.11810302734 1008.03625488281 998.308349609375 997.82373046875 1001.83557128906 1001.84252929688 1012.70886230469 1015.80700683594 1015.30023193359 1001.96771240234 1013.18969726562 1002.44525146484
996.9755859375 984.012939453125 993.358520507812 989.950927734375 990.177917480469 991.958801269531 1002.00073242188 1007.05249023438 1013.68341064453 1001.81341552734 1008.49951171875 1020.4697265625 1024.53735351562 1020.51037597656 1030.73095703125 1030.98864746094 1039.30261230469 1031.83117675781 1036.60119628906 1036.7255859375 1037.90844726562 1033.88977050781 1023.52496337891 1027.10144042969 1027.99377441406 1020.43316650391 1021.70373535156 1020.69976806641 1023.93640136719 1021.81268310547 1021.34484863281 1021.84808349609 1014.1591796875 1022.75073242188 1024.05859375 1017.98907470703 1000.99786376953 996.370178222656 999.761596679688 1005.55450439453 1002.95190429688 1003.46215820312 1007.58801269531 995.503967285156 1000.67211914062 1005.57110595703
990.877990722656 990.815185546875 991.640808105469 977.426025390625 984.919677734375 996.958129882812 1001.55578613281 994.547790527344 997.517944335938 1000.49725341797 1004.28887939453 1016.69946289062 1017.58801269531 1019.36224365234 1024.33618164062 1025.86218261719 1038.07116699219 1036.77026367188 1036.7294921875 1034.2705078125 1033.28637695312 1031.02258300781 1030.28967285156 1034.71716308594 1031.07177734375 1023.01568603516 1022.84008789062 1022.24713134766 1025.95825195312 1023.11297607422 1026.92651367188 1013.54730224609 997.627807617188 1004.61700439453 1007.73077392578 998.982421875 996.246032714844 1000.21594238281 1000.6435546875 998.011352539062 1004.47863769531 1010.41235351562 1010.74066162109 1012.42840576172 1003.9970703125 1000.50103759766
994.199340820312 991.985290527344 990.438049316406 986.361022949219 982.461730957031 995.022827148438 993.996765136719 992.250671386719 996.22998046875 1000.77478027344 1008.97033691406 1004.50341796875 1024.052734375 1025.78955078125 1023.88165283203 1031.62170410156 1035.41345214844 1034.0546875 1033.83996582031 1037.70031738281 1038.48107910156 1034.52978515625 1036.22607421875 1036.67504882812 1032.56848144531 1029.55859375 1029.94189453125 1019.86474609375 1018.48083496094 1018.95007324219 1018.16546630859 1012.67791748047 1007.94427490234 1006.65246582031 1000.00299072266 999.129821777344 997.388610839844 1005.3154296875 1005.13494873047 1003.29040527344 1005.59436035156 1005.61480712891 1005.72589111328 1001.99536132812 995.77978515625 1000.18322753906
