data/zlatibor_dem_simulations/DEMsim87.asc
NCOLS 150
NROWS 100
XLLCORNER 7394249
YLLCORNER 4841999
CELLSIZE 30
NODATA_VALUE -9999
[rows 20 to 39 of 100, columns 92 to 137 of 150]
999.684387207031 992.331726074219 999.24951171875 1012.15667724609 1008.59649658203 1008.02716064453 1013.16741943359 1004.47668457031 1000.2275390625 998.800170898438 1010.70434570312 998.816589355469 1000.42510986328 995.418212890625 990.359436035156 983.399353027344 975.8857421875 966.610595703125 965.283142089844 965.839477539062 960.607055664062 940.59423828125 945.165344238281 941.8359375 931.38232421875 931.420227050781 940.937866210938 951.660095214844 966.2744140625 977.610229492188 994.450378417969 1007.17315673828 1013.76568603516 1027.41662597656 1026.2841796875 1029.4345703125 1030.40124511719 1029.75561523438 1031.15832519531 1039.09826660156 1049.15283203125 1065.65051269531 1070.41101074219 1067.43896484375 1063.52136230469 1068.28759765625
1013.30847167969 1009.95568847656 1016.08355712891 1018.43243408203 1011.60882568359 1011.50164794922 1020.05718994141 1007.39007568359 1004.63299560547 1012.63348388672 996.275939941406 1002.7626953125 995.357421875 996.2822265625 989.156188964844 980.28564453125 981.254272460938 976.486999511719 972.342041015625 959.844909667969 950.322570800781 953.200622558594 943.169616699219 942.866149902344 939.93505859375 940.062133789062 953.454711914062 959.884033203125 976.340942382812 985.408203125 1005.93731689453 1011.51251220703 1011.60772705078 1021.32165527344 1026.2158203125 1034.11413574219 1034.56469726562 1033.20703125 1032.85095214844 1041.24584960938 1046.94653320312 1050.52551269531 1055.46459960938 1061.16418457031 1064.04956054688 1068.16528320312
1015.64398193359 1018.69519042969 1028.30981445312 1023.84637451172 1023.78594970703 1020.44262695312 1014.51818847656 1013.96112060547 1011.86962890625 1011.71380615234 1005.15655517578 1001.76617431641 998.424865722656 995.033508300781 994.726806640625 981.601989746094 982.886352539062 976.298095703125 968.311218261719 955.009582519531 955.705200195312 950.134094238281 942.575744628906 935.124084472656 939.708129882812 945.273498535156 957.165283203125 968.432189941406 983.615051269531 993.292114257812 1006.86712646484 1010.32086181641 1015.01495361328 1024.15673828125 1030.44396972656 1041.01428222656 1041.34655761719 1037.80908203125 1038.59130859375 1047.34289550781 1048.05407714844 1056.6552734375 1047.54711914062 1050.62463378906 1058.68359375 1066.15222167969
1016.41644287109 1015.36456298828 1023.92864990234 1019.05102539062 1019.98370361328 1020.73986816406 1028.62707519531 1023.79272460938 1018.38018798828 1014.38598632812 1012.55834960938 1001.86413574219 1000.55609130859 998.658874511719 995.955139160156 990.607666015625 982.7373046875 974.842712402344 971.328186035156 960.564880371094 951.61279296875 949.529296875 939.826171875 937.277648925781 951.530639648438 965.926635742188 972.123291015625 972.223754882812 994.029052734375 996.9443359375 1022.29986572266 1018.42401123047 1023.73492431641 1029.23828125 1029.42578125 1037.17907714844 1033.97497558594 1032.63732910156 1043.90808105469 1048.35046386719 1050.22338867188 1045.36950683594 1044.01672363281 1046.62585449219 1047.02612304688 1058.67956542969
1022.59008789062 1019.53558349609 1025.75012207031 1026.85485839844 1021.24212646484 1028.61181640625 1039.95874023438 1028.2333984375 1021.2333984375 1015.51428222656 1005.27728271484 1011.72436523438 1009.40185546875 1011.60455322266 1008.73992919922 993.339660644531 987.128784179688 971.296508789062 966.154479980469 954.102905273438 956.0810546875 948.26171875 947.260070800781 940.906616210938 948.736694335938 960.311340332031 970.210998535156 981.591857910156 1000.93536376953 1012.6552734375 1022.8447265625 1026.60131835938 1023.49328613281 1027.40515136719 1028.99926757812 1034.7353515625 1032.3291015625 1037.5390625 1045.20202636719 1046.1240234375 1043.22082519531 1046.39416503906 1054.68811035156 1050.52233886719 1054.5224609375 1065.51062011719
1030.63159179688 1013.43048095703 1023.23931884766 1028.61267089844 1027.7724609375 1030.61242675781 1036.79870605469 1036.46691894531 1021.05218505859 1012.41595458984 1007.33575439453 1010.05938720703 1015.07971191406 1009.35943603516 1005.22845458984 1001.50891113281 980.463806152344 967.039489746094 962.20556640625 961.318481445312 956.217712402344 944.377502441406 947.334716796875 941.395446777344 950.762817382812 961.105651855469 970.850036621094 986.71923828125 999.736083984375 1016.8515625 1019.48199462891 1022.90173339844 1031.27429199219 1022.94500732422 1027.39221191406 1025.74145507812 1030.2666015625 1036.58911132812 1045.57641601562 1045.38842773438 1045.45959472656 1036.89733886719 1040.43481445312 1052.89990234375 1052.29626464844 1062.41088867188
1029.47229003906 1020.74053955078 1018.45123291016 1025.02453613281 1025.25122070312 1033.57434082031 1032.46875 1032.74279785156 1020.88537597656 1011.67614746094 1005.95300292969 1005.18408203125 1014.65771484375 1001.80834960938 1000.88439941406 995.511596679688 972.193786621094 960.779541015625 955.589721679688 957.184753417969 952.559997558594 948.895202636719 940.455200195312 944.0458984375 950.482788085938 961.811340332031 968.899963378906 988.9072265625 1003.1064453125 1014.40899658203 1018.97564697266 1034.04919433594 1034.00061035156 1021.36553955078 1024.31750488281 1029.19360351562 1032.22143554688 1040.99914550781 1044.81750488281 1038.5966796875 1047.13122558594 1042.67297363281 1051.02954101562 1052.20324707031 1057.52978515625 1054.50146484375
1021.70727539062 1016.19836425781 1019.56597900391 1026.69470214844 1022.47485351562 1025.236328125 1029.71911621094 1037.54382324219 1036.01940917969 1013.88513183594 1013.302734375 1003.89208984375 1006.28070068359 1000.53814697266 997.426086425781 991.368896484375 979.279418945312 968.809387207031 959.381774902344 954.795532226562 955.568725585938 952.165771484375 947.939086914062 946.358154296875 949.795471191406 959.523681640625 963.720397949219 984.38623046875 996.955078125 1017.3017578125 1024.07373046875 1024.72680664062 1020.732421875 1024.52502441406 1019.36364746094 1023.08312988281 1029.59875488281 1042.96813964844 1039.86047363281 1038.13366699219 1038.59729003906 1050.76843261719 1055.22058105469 1052.86547851562 1054.19750976562 1049.09350585938
1019.82275390625 1010.79425048828 1012.18872070312 1021.42553710938 1026.17224121094 1022.31976318359 1029.57751464844 1030.11779785156 1030.81884765625 1021.48406982422 1012.56433105469 1003.92150878906 1007.26525878906 1002.20977783203 991.820007324219 994.128112792969 973.104187011719 963.949096679688 963.0703125 955.573486328125 954.271301269531 956.721923828125 957.041564941406 947.316955566406 955.635620117188 960.621704101562 973.502197265625 982.297180175781 992.287536621094 1002.86657714844 1009.03582763672 1017.10565185547 1028.14428710938 1024.81298828125 1036.38012695312 1025.68542480469 1035.48937988281 1038.83764648438 1043.93078613281 1036.89233398438 1039.11901855469 1048.60424804688 1049.07580566406 1050.63793945312 1047.03649902344 1057.38134765625
1021.31170654297 1014.76092529297 1017.81604003906 1025.27307128906 1031.12426757812 1028.71789550781 1022.37670898438 1028.4130859375 1025.79431152344 1026.26257324219 1020.12744140625 1010.75537109375 1009.19903564453 1006.25457763672 996.51025390625 985.380004882812 980.113098144531 981.503112792969 965.69580078125 955.264831542969 948.973327636719 944.410278320312 942.025146484375 948.590637207031 955.015930175781 967.789306640625 971.389343261719 972.511047363281 980.905212402344 996.730773925781 1008.09460449219 1007.91748046875 1025.49328613281 1031.74938964844 1038.060546875 1029.52136230469 1027.1796875 1030.75219726562 1031.71545410156 1038.57153320312 1035.28735351562 1043.439453125 1043.84167480469 1045.51196289062 1045.52062988281 1054.50744628906
1027.40185546875 1022.74945068359 1025.92358398438 1028.27026367188 1026.89404296875 1018.44891357422 1015.80871582031 1022.59344482422 1014.03070068359 1020.69842529297 1016.95782470703 1018.26257324219 1010.14117431641 1010.556640625 996.076721191406 986.227661132812 977.371459960938 973.239196777344 970.127075195312 959.441040039062 945.378540039062 945.266784667969 938.359741210938 939.863647460938 960.051635742188 966.875 961.933471679688 974.655883789062 980.373291015625 984.981750488281 996.032348632812 1004.71020507812 1015.06988525391 1022.23541259766 1027.787109375 1027.49682617188 1023.69934082031 1025.25720214844 1035.64672851562 1037.63977050781 1034.95446777344 1037.5029296875 1035.12963867188 1037.24658203125 1043.64660644531 1054.33288574219
1012.99194335938 1018.21563720703 1011.78308105469 1014.3671875 1021.85894775391 1012.06402587891 1002.74768066406 1016.01116943359 1017.21453857422 1012.68811035156 1012.69683837891 1013.36871337891 1009.47772216797 1005.12017822266 991.466857910156 983.928344726562 979.979797363281 973.883911132812 966.73974609375 957.997009277344 955.197204589844 948.226379394531 953.776123046875 950.067993164062 962.067077636719 969.794311523438 976.896118164062 969.941040039062 977.46923828125 987.255126953125 988.176086425781 1001.25152587891 1010.91186523438 1022.66217041016 1023.27795410156 1025.07177734375 1020.47186279297 1038.36889648438 1034.8359375 1032.12072753906 1034.73754882812 1038.08642578125 1037.16430664062 1027.71936035156 1039.27319335938 1034.63635253906
1018.07897949219 1020.22161865234 1015.74877929688 1013.54400634766 1012.75030517578 1006.31335449219 1004.83044433594 1004.12280273438 1007.97430419922 1009.96405029297 1016.53802490234 1012.98590087891 1006.14416503906 1001.78387451172 994.034545898438 988.013366699219 984.62939453125 979.378967285156 971.06982421875 972.017700195312 961.91357421875 957.661010742188 951.632690429688 955.471130371094 962.008850097656 966.16015625 967.050964355469 975.908142089844 981.569946289062 982.217529296875 984.805908203125 1000.21820068359 1009.56439208984 1018.82135009766 1018.59710693359 1008.5859375 1023.15997314453 1027.35827636719 1022.49389648438 1016.96740722656 1023.83807373047 1028.46435546875 1034.94921875 1031.70202636719 1022.30072021484 1028.35314941406
1024.87182617188 1023.87390136719 1020.31884765625 1015.23449707031 1001.88781738281 1006.54608154297 1005.85314941406 1001.29663085938 1007.44329833984 1016.81353759766 1021.49291992188 1012.71832275391 1004.19091796875 1001.06158447266 1004.32232666016 993.541381835938 991.191467285156 986.059631347656 984.61474609375 976.33984375 974.306884765625 966.600402832031 963.337219238281 962.237731933594 964.577453613281 969.273010253906 966.643798828125 976.615173339844 978.699951171875 990.398498535156 985.91259765625 1003.20050048828 1007.64978027344 1014.67028808594 1009.10003662109 1011.85656738281 1015.91430664062 1014.70373535156 1022.95648193359 1016.38537597656 1017.958984375 1017.40020751953 1023.18377685547 1022.90283203125 1023.06536865234 1027.56005859375
1016.23809814453 1006.42840576172 1007.92858886719 1005.93109130859 998.733947753906 998.707397460938 999.234313964844 993.250061035156 1003.39190673828 1015.78796386719 1013.28271484375 1007.91412353516 1003.81225585938 1002.94244384766 1000.28851318359 996.804626464844 996.315856933594 984.07177734375 993.777770996094 987.698120117188 983.110778808594 990.267639160156 979.660278320312 972.062744140625 973.316955566406 973.363647460938 980.613464355469 985.920227050781 990.409423828125 993.228088378906 1002.60107421875 1013.94110107422 1009.56707763672 1016.05999755859 1020.55474853516 1017.759765625 1020.92456054688 1021.54431152344 1018.01861572266 1015.35235595703 1014.17047119141 1009.83270263672 1015.36614990234 1013.47186279297 1007.54742431641 1023.98431396484
1010.51647949219 1001.00793457031 1003.96343994141 1002.48992919922 993.428649902344 991.322143554688 992.49658203125 992.490295410156 986.90771484375 1000.44097900391 1006.12982177734 1008.90313720703 1002.55682373047 1006.73278808594 1006.80401611328 1004.75036621094 996.011352539062 986.427124023438 989.421569824219 985.9248046875 981.58642578125 991.126403808594 991.168151855469 992.182495117188 992.63720703125 986.406555175781 992.535034179688 996.249633789062 1000.01867675781 1003.26470947266 1008.41613769531 1020.94781494141 1014.61083984375 1013.79437255859 1018.10986328125 1021.52532958984 1016.84613037109 1014.16314697266 1010.59307861328 1014.63842773438 1011.330078125 1011.76397705078 1015.04565429688 1012.36566162109 1011.59857177734 1023.31884765625
1008.48065185547 1006.00177001953 998.329711914062 990.041259765625 992.796203613281 990.264526367188 992.358459472656 989.912475585938 992.241088867188 992.012512207031 1004.23071289062 997.551086425781 993.849243164062 1002.26184082031 1001.21813964844 1002.19226074219 986.728088378906 994.818542480469 999.621154785156 987.632629394531 980.620910644531 1000.13348388672 999.667663574219 993.038940429688 994.8056640625 991.145690917969 998.213012695312 990.872009277344 1009.86639404297 1013.77478027344 1019.55889892578 1016.92150878906 1009.99108886719 1022.23773193359 1019.47680664062 1018.77465820312 1013.32958984375 1007.99340820312 1006.55920410156 1009.77752685547 1008.78192138672 1012.69793701172 1015.18249511719 1022.83679199219 1024.39013671875 1030.49951171875
997.006408691406 991.286315917969 995.443969726562 991.490356445312 994.412719726562 999.374145507812 991.686401367188 990.97802734375 982.869262695312 984.472839355469 987.00341796875 992.238342285156 988.252136230469 996.955078125 1003.78692626953 996.552612304688 994.265625 995.099365234375 992.181579589844 989.272277832031 992.584106445312 999.718994140625 1002.28747558594 995.813354492188 996.373840332031 997.7822265625 1000.60498046875 1000.33026123047 1015.88641357422 1012.77593994141 1012.71691894531 1021.64849853516 1016.50317382812 1016.54113769531 1016.53295898438 1016.88256835938 1016.39080810547 1014.69897460938 1008.90081787109 1011.28881835938 1015.81781005859 1022.05389404297 1029.37902832031 1038.92517089844 1029.76184082031 1030.12365722656
989.097290039062 999.814270019531 992.147216796875 996.919799804688 999.118041992188 1002.87341308594 990.517578125 975.435791015625 980.519958496094 983.916564941406 992.043823242188 995.833312988281 996.663879394531 987.509399414062 991.789367675781 998.831176757812 999.282104492188 994.730834960938 989.019714355469 984.179321289062 993.857604980469 1000.44067382812 1001.22283935547 1006.96832275391 1002.99353027344 1002.72131347656 1000.92956542969 1013.19018554688 1014.82788085938 1006.10699462891 1017.70135498047 1014.34564208984 1008.30828857422 1012.73120117188 1010.99926757812 1009.79852294922 1008.86010742188 1013.89758300781 1014.45782470703 1010.11651611328 1016.85986328125 1021.89251708984 1034.41040039062 1038.68518066406 1038.22143554688 1043.70715332031
987.768127441406 987.809020996094 993.914123535156 1000.29705810547 996.336608886719 993.921813964844 995.047790527344 990.344909667969 981.710083007812 982.113403320312 987.174682617188 986.585510253906 988.448120117188 988.069519042969 998.615600585938 992.527648925781 995.584838867188 993.736083984375 988.845642089844 992.228881835938 996.225524902344 994.097473144531 1000.12744140625 1003.27728271484 999.692749023438 994.76611328125 1006.17260742188 1013.89703369141 1014.78240966797 1013.50244140625 1013.02056884766 1009.45269775391 1005.86755371094 1004.59899902344 1006.31799316406 1014.79455566406 1016.91333007812 1024.77062988281 1023.24261474609 1017.16009521484 1022.44195556641 1033.00671386719 1040.73364257812 1043.44055175781 1046.34228515625 1042.24072265625
