data/zlatibor_dem_simulations/DEMsim21.asc
NCOLS 150
NROWS 100
XLLCORNER 7394249
YLLCORNER 4841999
CELLSIZE 30
NODATA_VALUE -9999
[rows 0 to 19 of 100, columns 46 to 91 of 150]
980.640808105469 977.318481445312 971.576599121094 962.543334960938 956.764343261719 959.516052246094 959.144226074219 949.127258300781 924.6484375 928.169372558594 922.285217285156 916.879699707031 911.669006347656 918.42919921875 911.699768066406 909.119567871094 899.927307128906 896.697998046875 908.48291015625 900.574462890625 888.392517089844 893.972717285156 902.578063964844 905.918762207031 914.513427734375 919.841979980469 927.070739746094 928.003845214844 938.794799804688 951.770874023438 958.668823242188 956.513244628906 962.3291015625 970.245056152344 962.523986816406 978.994689941406 964.320739746094 967.377868652344 964.670471191406 960.817749023438 948.43359375 946.67138671875 951.279541015625 946.128601074219 933.957763671875 920.154418945312
984.177368164062 978.950988769531 966.693969726562 964.244567871094 964.046875 959.937316894531 950.686889648438 949.610412597656 938.327087402344 925.393249511719 922.54296875 927.861450195312 938.291931152344 931.624084472656 922.517333984375 922.043762207031 907.4130859375 909.562255859375 902.475830078125 905.158752441406 897.85693359375 899.636413574219 908.764892578125 917.578796386719 920.513366699219 919.348205566406 932.879272460938 934.195983886719 946.763671875 956.641845703125 958.496154785156 968.297119140625 969.610961914062 974.740661621094 981.058898925781 987.583190917969 994.939086914062 985.136779785156 973.81005859375 970 957.40185546875 956.699584960938 952.402099609375 940.233276367188 939.549255371094 932.281005859375
996.307861328125 991.478332519531 973.586242675781 970.746826171875 968.733154296875 956.287292480469 947.483093261719 946.853271484375 941.103698730469 932.8818359375 933.288513183594 940.854553222656 940.341979980469 932.532653808594 936.084228515625 932.797729492188 916.097473144531 912.959777832031 906.093933105469 906.95458984375 906.644958496094 911.62939453125 920.070007324219 927.473449707031 931.351806640625 933.094055175781 946.038879394531 945.714721679688 945.939697265625 960.151306152344 961.750366210938 975.720947265625 979.226806640625 994.40576171875 992.439575195312 998.153930664062 997.508666992188 987.265075683594 974.526916503906 972.48828125 958.190002441406 940.520324707031 949.545654296875 949.07421875 939.461364746094 929.256530761719
1000.92517089844 987.336975097656 988.558715820312 979.3564453125 967.013793945312 956.248352050781 953.557800292969 948.35595703125 940.285217285156 944.056396484375 949.048034667969 948.28759765625 951.393920898438 953.0458984375 941.181762695312 932.424621582031 926.56787109375 920.47509765625 926.436950683594 922.136657714844 915.4462890625 915.667602539062 929.779174804688 942.822143554688 951.632385253906 945.43310546875 950.679016113281 952.911804199219 955.968200683594 960.847595214844 970.994140625 981.907897949219 993.592346191406 1002.14831542969 1001.56695556641 991.309631347656 991.015075683594 986.5166015625 977.082763671875 963.380187988281 968.188232421875 954.775695800781 947.50537109375 945.26708984375 938.107727050781 933.793762207031
1002.64422607422 995.094116210938 987.3359375 984.670715332031 975.639831542969 970.872619628906 962.781799316406 957.079040527344 952.590759277344 951.991882324219 955.845275878906 951.675476074219 950.410095214844 940.490112304688 948.709106445312 945.187927246094 929.565612792969 927.699584960938 932.375122070312 930.968627929688 930.9267578125 934.498596191406 943.145141601562 952.910522460938 963.255432128906 958.334289550781 963.37158203125 958.0166015625 967.2197265625 970.167175292969 972.7255859375 992.529541015625 1007.77404785156 1005.93347167969 1005.92010498047 997.6337890625 999.325866699219 983.022888183594 967.518371582031 974.969909667969 969.604248046875 962.568542480469 951.113708496094 938.263122558594 931.481750488281 931.9619140625
1016.79931640625 1002.91534423828 995.164733886719 989.375732421875 987.964416503906 973.239196777344 967.926147460938 960.105834960938 968.236450195312 961.489440917969 961.90625 963.732788085938 959.482543945312 958.098205566406 958.039794921875 958.750671386719 954.47509765625 940.512268066406 932.013427734375 937.7880859375 942.219787597656 948.606872558594 951.156188964844 956.148742675781 964.944763183594 974.644836425781 968.114929199219 969.19189453125 965.609985351562 975.047973632812 987.804809570312 997.940246582031 1004.07373046875 1011.43499755859 1008.58850097656 1013.17541503906 1000.42181396484 991.360290527344 982.218811035156 972.144287109375 972.784729003906 961.717895507812 946.4619140625 934.388793945312 928.7861328125 923.772094726562
1011.79443359375 1007.99981689453 1005.56427001953 996.814147949219 991.671142578125 991.958251953125 984.623107910156 983.762329101562 968.491027832031 963.319152832031 976.359680175781 975.34814453125 979.354919433594 983.821105957031 972.763854980469 970.534301757812 969.103332519531 958.56103515625 952.193359375 947.541870117188 949.938537597656 965.87939453125 960.432922363281 959.013244628906 963.565551757812 971.951049804688 974.710632324219 963.196350097656 968.957702636719 975.193664550781 991.480773925781 1003.98248291016 1008.2939453125 1007.84057617188 1012.94158935547 1011.32586669922 1001.3466796875 980.889038085938 975.807312011719 973.100830078125 961.604125976562 954.002258300781 954.077514648438 941.288024902344 933.300354003906 926.934692382812
1011.52569580078 1006.80615234375 998.934875488281 998.463439941406 1001.65509033203 1000.41815185547 997.712951660156 998.544555664062 981.718872070312 980.496765136719 988.885070800781 991.415100097656 987.142211914062 992.078369140625 984.865661621094 974.615295410156 972.051696777344 971.198547363281 959.432861328125 961.487548828125 965.025634765625 970.351928710938 974.19580078125 971.331176757812 971.787536621094 980.249328613281 973.79296875 969.563781738281 973.504455566406 985.128540039062 995.571838378906 1013.37829589844 1012.40447998047 1014.10601806641 1013.07513427734 1014.57360839844 996.9814453125 981.1943359375 978.248107910156 969.67333984375 965.941162109375 949.046936035156 961.872192382812 950.316833496094 941.939758300781 937.174560546875
1016.34356689453 1007.53173828125 1004.19134521484 1000.60620117188 1008.73901367188 1009.0341796875 997.791320800781 999.019958496094 992.307434082031 992.569763183594 995.548095703125 998.615234375 996.265319824219 991.454345703125 987.679443359375 983.490356445312 972.0126953125 980.637390136719 974.981750488281 973.7060546875 979.723388671875 981.472045898438 983.028869628906 984.975158691406 981.985534667969 988.743713378906 984.147766113281 981.345153808594 975.015686035156 993.109008789062 1006.99310302734 1011.60571289062 1015.65167236328 1021.06695556641 1009.06134033203 1008.46374511719 997.359619140625 992.643920898438 983.4482421875 976.716247558594 969.392700195312 959.339172363281 952.745727539062 946.809204101562 940.794677734375 936.750915527344
1020.69879150391 1006.23449707031 1002.26348876953 1004.73608398438 1010.99267578125 1008.48083496094 1002.47027587891 995.754150390625 995.7333984375 988.845703125 990.422241210938 995.587829589844 993.839477539062 997.111511230469 992.191528320312 987.711181640625 986.628173828125 982.819213867188 989.076416015625 984.511352539062 993.063049316406 994.836120605469 991.546875 997.025329589844 984.545288085938 995.538757324219 995.926208496094 993.625366210938 993.014770507812 1003.31872558594 1013.708984375 1018.05108642578 1021.57928466797 1026.43505859375 1022.27581787109 1019.20050048828 1010.33435058594 1001.58068847656 986.67626953125 975.155334472656 969.370910644531 963.576538085938 957.585754394531 946.136047363281 940.264709472656 934.829711914062
1009.72265625 1009.10052490234 998.345397949219 1008.17047119141 1007.65612792969 1007.07745361328 1008.09545898438 997.5166015625 996.361083984375 991.265502929688 993.261047363281 995.816955566406 997.080627441406 999.164978027344 1002.79028320312 995.621032714844 998.024963378906 991.212219238281 992.377868652344 995.449401855469 999.608581542969 998.715209960938 984.786499023438 989.6640625 990.093688964844 1002.31030273438 997.654418945312 1000.90893554688 1011.78033447266 1007.8837890625 1017.00518798828 1022.775390625 1030.18798828125 1034.02880859375 1033.39758300781 1021.19689941406 1014.14630126953 1003.86663818359 1000.12072753906 981.609741210938 966.478881835938 954.459533691406 958.986083984375 941.249816894531 937.986694335938 940.395385742188
1006.65612792969 1012.97814941406 1006.53308105469 1007.31597900391 1005.16369628906 1010.55963134766 1007.70935058594 1002.08923339844 998.977294921875 995.96240234375 999.661499023438 1000.44458007812 1004.66864013672 1005.24664306641 1010.68505859375 1004.58325195312 1002.45471191406 998.198852539062 1006.33203125 1001.95837402344 1005.02697753906 1003.33477783203 998.945556640625 997.223510742188 999.494018554688 1001.80938720703 1001.27105712891 1008.37963867188 1020.07427978516 1021.97113037109 1024.67248535156 1028.50610351562 1043.18005371094 1036.70104980469 1035.15490722656 1033.91809082031 1010.97589111328 1000.09948730469 999.369567871094 992.067626953125 965.437377929688 958.680908203125 948.478454589844 945.091735839844 939.185546875 944.217651367188
1002.89025878906 1010.83941650391 1013.02996826172 1012.83190917969 1014.09832763672 1014.47564697266 1013.94348144531 1014.62567138672 1005.63677978516 1002.27056884766 1007.46173095703 1007.59625244141 1016.12420654297 1009.58117675781 1013.16418457031 1014.26025390625 1011.52014160156 998.295104980469 1000.31811523438 1009.22760009766 1010.69354248047 1009.16473388672 1005.54541015625 998.476379394531 997.295837402344 997.675354003906 1003.93902587891 1021.08636474609 1023.14880371094 1035.64245605469 1032.04699707031 1038.85205078125 1030.35278320312 1031.91149902344 1039.68566894531 1031.60986328125 1015.08245849609 1003.72326660156 993.132873535156 992.754760742188 978.005004882812 965.376159667969 949.882873535156 942.577758789062 942.041076660156 940.704284667969
1007.78247070312 1011.98187255859 1005.04321289062 1010.15490722656 1025.79504394531 1027.04345703125 1022.978515625 1020.64599609375 1008.30419921875 1001.63873291016 1007.31768798828 1012.01708984375 1018.85382080078 1010.5068359375 1014.87292480469 1011.50811767578 1007.03668212891 1010.35308837891 1003.85266113281 1012.32336425781 1014.11273193359 1014.57879638672 1013.75115966797 1008.65643310547 994.41552734375 999.646179199219 1005.38006591797 1010.87176513672 1023.03228759766 1026.2880859375 1031.54016113281 1033.36218261719 1028.814453125 1026.28527832031 1030.31115722656 1029.30297851562 1013.06567382812 1008.40972900391 1001.77777099609 996.032836914062 983.358642578125 969.165588378906 961.024658203125 946.265930175781 942.26220703125 933.635192871094
1007.44219970703 1014.89984130859 1011.81866455078 1015.31774902344 1018.97174072266 1018.21765136719 1027.93908691406 1016.60888671875 1005.51116943359 1010.47521972656 1006.67767333984 1009.48065185547 1018.01715087891 1019.86901855469 1025.95690917969 1010.72650146484 1007.66400146484 1014.70111083984 1016.42266845703 1019.83062744141 1018.18341064453 1013.45025634766 1016.91632080078 999.505004882812 989.973083496094 1004.73883056641 1018.01544189453 1022.22863769531 1019.44140625 1024.17846679688 1018.33618164062 1019.74420166016 1031.25268554688 1038.5771484375 1032.81311035156 1033.17724609375 1022.67730712891 1013.05407714844 1011.95867919922 997.759704589844 983.72900390625 978.069030761719 965.800109863281 950.239074707031 943.686767578125 936.784729003906
1022.00512695312 1021.95709228516 1032.45300292969 1031.44030761719 1016.48504638672 1025.54418945312 1016.02807617188 1006.85668945312 1012.42333984375 1010.44360351562 1016.03326416016 1015.75836181641 1017.94122314453 1031.61218261719 1023.97259521484 1013.27197265625 1013.93585205078 1026.59411621094 1016.68292236328 1016.91564941406 1019.08325195312 1017.26031494141 1009.79711914062 1006.00695800781 1007.55743408203 1011.32183837891 1020.26373291016 1020.47973632812 1020.87591552734 1017.98077392578 1020.64074707031 1018.28295898438 1027.07495117188 1035.98596191406 1030.68334960938 1029.29370117188 1019.08569335938 1013.53356933594 1011.02856445312 1005.06640625 991.125854492188 972.945251464844 967.3125 961.753234863281 945.029663085938 942.548156738281
1017.21826171875 1025.021484375 1026.21948242188 1028.17895507812 1025.4384765625 1011.01898193359 1016.61633300781 1003.32348632812 1007.99908447266 1008.38092041016 1018.71905517578 1026.24072265625 1029.31140136719 1029.02001953125 1025.810546875 1016.90185546875 1022.31799316406 1026.06958007812 1022.47235107422 1025.28552246094 1020.50640869141 1015.33197021484 1016.55535888672 1012.35522460938 1018.90844726562 1014.50329589844 1016.92864990234 1023.62194824219 1013.89190673828 1006.87182617188 1017.24005126953 1020.90142822266 1027.4697265625 1027.98669433594 1025.08654785156 1034.29528808594 1030.15869140625 1025.90197753906 1019.02111816406 1009.87322998047 992.918334960938 968.988403320312 970.939819335938 961.941528320312 950.409912109375 950.94775390625
1013.92211914062 1010.03204345703 1018.41375732422 1024.22924804688 1017.99371337891 1016.34619140625 1007.55346679688 997.690979003906 1000.04998779297 1013.18090820312 1029.03930664062 1025.7421875 1021.98693847656 1026.88671875 1026.74450683594 1020.0380859375 1025.34643554688 1024.4697265625 1025.79418945312 1023.32611083984 1020.11328125 1022.44116210938 1020.24743652344 1025.19055175781 1018.41571044922 1011.14508056641 1011.61303710938 1016.79718017578 1004.35260009766 1005.99859619141 1011.88665771484 1020.78985595703 1022.44750976562 1022.51373291016 1028.4287109375 1031.51989746094 1032.45324707031 1025.00378417969 1012.24035644531 1009.15710449219 990.959045410156 982.545349121094 976.116088867188 970.123779296875 955.41748046875 962.726440429688
1008.04351806641 1011.52380371094 1005.05236816406 1008.78863525391 1011.55889892578 1006.56823730469 998.591552734375 994.934814453125 997.45703125 1005.73266601562 1013.94476318359 1019.39208984375 1029.60314941406 1021.86376953125 1018.64855957031 1026.5947265625 1031.94763183594 1032.56799316406 1030.42065429688 1028.91284179688 1023.52001953125 1026.52819824219 1026.83056640625 1026.77087402344 1029.56494140625 1025.57885742188 1017.60711669922 1014.03729248047 1005.47668457031 1004.09002685547 1008.91760253906 1014.13116455078 1015.38952636719 1018.69543457031 1020.04150390625 1025.92626953125 1027.01501464844 1027.00415039062 1012.81317138672 1005.76513671875 997.803039550781 986.655212402344 984.99365234375 977.001953125 968.356506347656 975.321960449219
1020.89086914062 1006.31048583984 1008.16571044922 1000.83758544922 1003.59173583984 997.607604980469 991.406921386719 995.860107421875 993.094177246094 1005.26202392578 1015.84283447266 1012.82855224609 1022.96826171875 1019.77508544922 1021.11779785156 1028.85131835938 1040.64282226562 1035.46496582031 1032.10180664062 1032.29626464844 1029.13110351562 1024.96179199219 1021.91064453125 1031.52294921875 1030.57849121094 1024.09265136719 1018.34167480469 1017.27911376953 1007.84088134766 1002.69140625 1004.80474853516 1007.56817626953 1010.81555175781 1016.27813720703 1015.59906005859 1017.94317626953 1037.31750488281 1028.29089355469 1016.61370849609 1009.13696289062 1002.20770263672 997.434753417969 989.628173828125 978.738891601562 976.7919921875 984.005981445312
