data/zlatibor_dem_simulations/DEMsim85.asc
NCOLS 150
NROWS 100
XLLCORNER 7394249
YLLCORNER 4841999
CELLSIZE 30
NODATA_VALUE -9999
[rows 80 to 99 of 100, columns 92 to 137 of 150]
991.886108398438 991.236145019531 990.625549316406 995.011779785156 983.293762207031 992.039001464844 990.37060546875 993.9306640625 1004.3271484375 1011.73474121094 1014.64953613281 1012.02294921875 1013.23400878906 1024.80822753906 1027.30603027344 1031.53125 1045.00708007812 1039.77404785156 1035.59167480469 1032.73828125 1034.18127441406 1037.486328125 1041.81396484375 1034.45690917969 1029.40087890625 1016.44104003906 1014.95330810547 1009.10083007812 1014.00024414062 1009.20086669922 1003.92352294922 1006.13446044922 1008.55609130859 1001.95886230469 1006.80364990234 1004.86120605469 998.655029296875 997.361755371094 989.201782226562 1001.70275878906 993.643005371094 992.729675292969 1004.10412597656 994.051086425781 999.729919433594 994.675598144531
994.507568359375 986.821411132812 988.555480957031 994.673767089844 985.0009765625 983.944030761719 987.115417480469 995.483032226562 1001.38494873047 1010.48382568359 1008.08953857422 1007.01098632812 1015.33746337891 1021.97760009766 1021.97094726562 1023.46942138672 1028.20837402344 1031.962890625 1036.16235351562 1041.13012695312 1035.44592285156 1042.10473632812 1040.564453125 1042.90856933594 1035.10778808594 1019.29376220703 1019.14318847656 1017.58801269531 1008.67437744141 1007.59588623047 1007.79553222656 1006.52447509766 999.139587402344 995.547241210938 995.150146484375 996.178833007812 998.247497558594 985.649658203125 979.131896972656 992.821655273438 994.165588378906 992.796752929688 999.581481933594 995.885803222656 1002.13397216797 989.684326171875
992.245666503906 994.851440429688 990.392883300781 991.684143066406 993.927307128906 994.802124023438 997.180786132812 998.93505859375 996.175048828125 1004.61010742188 1008.59368896484 1016.24682617188 1013.23553466797 1017.01165771484 1019.31298828125 1020.74749755859 1022.06719970703 1032.22827148438 1033.99328613281 1044.35119628906 1037.74816894531 1043.83239746094 1044.56921386719 1049.44458007812 1048.53393554688 1040.39221191406 1035.06066894531 1022.427734375 1018.38244628906 1015.50280761719 1007.28851318359 1010.60736083984 997.506286621094 997.175048828125 986.122619628906 989.248229980469 985.115539550781 986.717224121094 984.858093261719 988.158935546875 995.854248046875 995.630249023438 992.874206542969 994.768798828125 993.166564941406 988.685363769531
992.527160644531 1003.46228027344 1004.97351074219 1000.96197509766 996.118591308594 998.505737304688 1004.65594482422 1012.12933349609 999.812377929688 993.845520019531 1003.4130859375 1014.25439453125 1015.18133544922 1013.60919189453 1018.03515625 1027.60864257812 1033.08984375 1040.11242675781 1046.97192382812 1052.06079101562 1052.28137207031 1052.19555664062 1047.69323730469 1048.42736816406 1047.11474609375 1049.32666015625 1036.0205078125 1030.7333984375 1017.76507568359 1020.23193359375 1014.36584472656 1006.2890625 988.831787109375 990.855529785156 985.95947265625 982.71630859375 986.495544433594 987.217651367188 983.0244140625 986.083374023438 987.379577636719 983.294799804688 988.236145019531 984.271057128906 987.883178710938 986.424926757812
1003.064453125 1007.68420410156 1010.86431884766 1008.34283447266 997.436767578125 1005.51257324219 1014.56658935547 1012.92974853516 1008.99230957031 998.786010742188 1013.19366455078 1009.70495605469 1009.5498046875 1020.06616210938 1026.5322265625 1024.42529296875 1028.43566894531 1036.67077636719 1054.396484375 1061.14025878906 1058.71301269531 1055.06762695312 1059.15246582031 1052.96008300781 1054.58410644531 1057.61779785156 1047.462890625 1039.24841308594 1033.05920410156 1017.59832763672 1012.09875488281 1006.90545654297 992.245056152344 987.551025390625 989.217651367188 980.75 988.812255859375 983.776672363281 987.5068359375 977.380126953125 976.467468261719 990.087524414062 984.449340820312 970.206481933594 973.4326171875 984.4287109375
999.209533691406 1008.98779296875 1007.37518310547 1009.45178222656 1008.18023681641 1009.09289550781 1005.16522216797 1013.07196044922 1017.62908935547 1006.18927001953 1019.71533203125 1010.49981689453 1018.74365234375 1027.03991699219 1037.37707519531 1042.31982421875 1039.86535644531 1045.35961914062 1050.68774414062 1058.28601074219 1056.46081542969 1058.10388183594 1061.40209960938 1060.9423828125 1066.09533691406 1059.92138671875 1049.19909667969 1038.41137695312 1036.07397460938 1021.85485839844 1014.24176025391 998.503601074219 989.431213378906 988.413391113281 984.767272949219 980.38037109375 984.207702636719 988.663391113281 979.897705078125 977.156799316406 976.817810058594 981.26123046875 976.248962402344 963.083862304688 962.715209960938 976.919738769531
1000.81121826172 1005.70288085938 1006.13214111328 1005.17736816406 1015.23236083984 1007.376953125 1007.83087158203 1016.8681640625 1015.15454101562 1014.53778076172 1021.48980712891 1024.54711914062 1017.041015625 1021.40795898438 1041.37768554688 1046.85461425781 1045.21118164062 1050.63208007812 1058.89819335938 1056.49011230469 1056.73803710938 1066.39904785156 1057.31140136719 1064.18322753906 1063.89221191406 1056.1875 1047.32421875 1042.60534667969 1031.79479980469 1021.53015136719 1012.03350830078 996.846740722656 997.2958984375 998.725280761719 996.503662109375 982.624267578125 981.829895019531 974.67626953125 974.877685546875 976.056335449219 977.85791015625 975.5908203125 972.618835449219 969.746459960938 975.692138671875 975.989990234375
1007.8154296875 1012.61047363281 1005.63043212891 1003.13195800781 1005.76953125 1004.04626464844 1010.74639892578 1020.18988037109 1024.24047851562 1022.84405517578 1027.10229492188 1021.03289794922 1025.02478027344 1023.94549560547 1037.95251464844 1045.38269042969 1053.06970214844 1049.13293457031 1058.97680664062 1062.53479003906 1058.904296875 1060.03747558594 1065.923828125 1070.58410644531 1064.91162109375 1057.62609863281 1047.19299316406 1049.07116699219 1037.38781738281 1022.40063476562 1018.66674804688 1010.15698242188 1009.05090332031 1005.74230957031 1010.56750488281 994.187438964844 977.962707519531 987.718383789062 982.206909179688 974.048400878906 976.988708496094 970.241882324219 979.135559082031 979.944885253906 977.910461425781 970.738891601562
1001.97186279297 1010.31677246094 1005.28332519531 1007.12365722656 1006.88464355469 1013.14080810547 1020.53369140625 1019.76257324219 1026.39904785156 1024.82165527344 1024.14990234375 1021.86804199219 1023.48065185547 1028.07739257812 1039.25671386719 1047.16857910156 1056.90051269531 1053.38244628906 1051.68273925781 1055.9140625 1064.9912109375 1058.68603515625 1057.76623535156 1061.41076660156 1063.45056152344 1061.73095703125 1053.70043945312 1047.82116699219 1043.99462890625 1028.53149414062 1017.05657958984 1016.10217285156 1015.52276611328 1007.53057861328 1004.10180664062 994.15283203125 983.371520996094 987.536804199219 983.16064453125 976.365600585938 978.378295898438 977.4521484375 978.831848144531 983.933410644531 975.487976074219 968.719299316406
1000.67193603516 1007.96728515625 1008.47271728516 1007.70300292969 1007.505859375 1009.72766113281 1008.11938476562 1016.63250732422 1012.58441162109 1021.91088867188 1020.04077148438 1024.86157226562 1031.5263671875 1036.22900390625 1043.22412109375 1034.77795410156 1045.18762207031 1048.24377441406 1047.63000488281 1053.02770996094 1064.78466796875 1064.05969238281 1047.8486328125 1057.09399414062 1058.42224121094 1062.50317382812 1062.33642578125 1057.80041503906 1048.21411132812 1033.60485839844 1026.71606445312 1020.02551269531 1020.7841796875 1011.81274414062 997.810424804688 993.536437988281 990.510009765625 989.242797851562 978.754516601562 983.554260253906 979.67333984375 979.904479980469 987.282409667969 981.805603027344 976.730102539062 972.094055175781
1004.28894042969 1006.87915039062 1010.79077148438 1010.45495605469 1015.56201171875 1007.97717285156 1009.81982421875 1004.3330078125 1009.73150634766 1017.90020751953 1014.68951416016 1023.93206787109 1036.51049804688 1038.57568359375 1041.55529785156 1037.46740722656 1044.83227539062 1042.93469238281 1046.41577148438 1061.37158203125 1062.54443359375 1063.71166992188 1055.32995605469 1051.32775878906 1055.33386230469 1056.91552734375 1053.18664550781 1055.2451171875 1056.36108398438 1044.36474609375 1033.70080566406 1024.13977050781 1023.16137695312 1018.59252929688 1006.52600097656 994.781982421875 992.969543457031 985.916687011719 986.934020996094 981.276062011719 979.822143554688 974.038818359375 979.276123046875 969.632629394531 969.974853515625 967.116027832031
1013.43640136719 1008.33020019531 1010.50402832031 1014.04888916016 1013.61145019531 1011.95819091797 1008.07275390625 1010.22491455078 1014.32879638672 1020.15734863281 1016.22448730469 1023.26873779297 1023.16241455078 1036.91845703125 1029.81311035156 1039.59436035156 1044.95239257812 1041.36291503906 1044.79431152344 1051.24987792969 1066.10009765625 1061.93566894531 1050.73779296875 1039.05920410156 1042.80603027344 1048.63037109375 1048.9287109375 1048.85107421875 1050.21740722656 1046.34326171875 1038.86584472656 1037.11315917969 1037.50903320312 1023.71319580078 1008.09936523438 1006.40124511719 990.642944335938 990.004516601562 986.729553222656 984.076110839844 978.669677734375 974.584228515625 980.969909667969 979.062072753906 974.34716796875 966.238952636719
1011.13012695312 1014.63128662109 1012.96765136719 1009.70257568359 1005.38677978516 1014.41271972656 1022.97595214844 1019.90777587891 1024.54675292969 1022.32440185547 1027.1728515625 1029.33923339844 1026.51965332031 1027.71337890625 1027.41589355469 1037.41772460938 1041.26049804688 1037.06567382812 1040.62963867188 1043.25390625 1050.119140625 1050.60314941406 1037.46215820312 1032.43249511719 1039.859375 1045.72033691406 1042.04077148438 1050.24597167969 1045.25524902344 1040.55139160156 1037.23718261719 1031.82946777344 1028.18322753906 1022.70184326172 1013.9912109375 1002.51104736328 1000.32873535156 990.752685546875 986.547546386719 981.647888183594 973.963195800781 973.859130859375 976.859985351562 975.276550292969 977.634582519531 967.247985839844
1028.92907714844 1025.6884765625 1024.48669433594 1024.5693359375 1022.14141845703 1024.64208984375 1027.53137207031 1023.33630371094 1026.25231933594 1026.39294433594 1028.61865234375 1032.88098144531 1026.31494140625 1026.76379394531 1032.60791015625 1034.5859375 1041.38879394531 1037.75903320312 1042.1142578125 1041.81042480469 1036.70324707031 1038.65148925781 1043.35815429688 1040.88891601562 1037.53894042969 1034.50549316406 1047.44372558594 1044.98828125 1039.349609375 1039.37451171875 1033.17492675781 1034.67333984375 1026.66418457031 1017.24334716797 1016.02648925781 1007.28875732422 1001.34967041016 1001.79760742188 982.976989746094 973.799560546875 977.808349609375 975.127624511719 972.454650878906 966.807678222656 979.933471679688 962.360290527344
1042.13317871094 1036.52844238281 1041.22595214844 1036.69836425781 1032.1083984375 1033.01794433594 1025.517578125 1018.45788574219 1021.93054199219 1021.91253662109 1026.443359375 1032.59301757812 1030.04663085938 1026.58508300781 1033.25415039062 1028.57104492188 1034.251953125 1041.17797851562 1039.68151855469 1034.51062011719 1034.44665527344 1033.05737304688 1041.3642578125 1033.669921875 1041.77233886719 1035.79040527344 1037.19165039062 1042.55395507812 1042.21997070312 1033.8212890625 1028.62084960938 1036.10375976562 1032.61376953125 1021.44232177734 1014.68878173828 1005.24108886719 1002.21838378906 986.272155761719 989.570434570312 982.524353027344 976.264221191406 968.824462890625 975.149597167969 965.7060546875 972.538208007812 963.275512695312
1033.55603027344 1042.80493164062 1045.56579589844 1037.94116210938 1031.43579101562 1026.30883789062 1030.33117675781 1019.42840576172 1026.25598144531 1034.84411621094 1031.26501464844 1034.63269042969 1026.3115234375 1024.69909667969 1032.70703125 1032.328125 1032.88635253906 1033.55004882812 1031.84020996094 1028.91174316406 1031.09069824219 1031.94262695312 1029.01647949219 1036.91186523438 1046.1826171875 1036.05187988281 1028.27856445312 1032.91748046875 1028.94653320312 1024.73767089844 1019.36364746094 1019.34417724609 1019.09307861328 1014.77917480469 1017.33905029297 1005.41912841797 1003.37030029297 991.06884765625 983.275146484375 972.921875 965.962707519531 968.540710449219 970.417419433594 970.608154296875 973.614318847656 965.352416992188
1028.08959960938 1035.09606933594 1043.14050292969 1030.39282226562 1028.52868652344 1031.46337890625 1032.51306152344 1030.95263671875 1033.46313476562 1038.15258789062 1041.13940429688 1045.82849121094 1029.73803710938 1029.06213378906 1029.70495605469 1024.16369628906 1039.35559082031 1028.38073730469 1033.31713867188 1027.73486328125 1035.46142578125 1030.33764648438 1034.90405273438 1041.31298828125 1035.89807128906 1033.48132324219 1032.86791992188 1036.93103027344 1025.83154296875 1018.89410400391 1007.83306884766 1012.51293945312 1004.75305175781 1002.00390625 1003.6669921875 1000.79095458984 999.265319824219 990.17724609375 982.212829589844 972.195495605469 971.422119140625 968.812805175781 957.872009277344 965.308166503906 970.619079589844 964.872680664062
1028.9970703125 1026.81018066406 1044.12902832031 1032.75939941406 1029.15124511719 1033.70251464844 1042.64636230469 1038.09765625 1039.15014648438 1030.08435058594 1033.78564453125 1038.63220214844 1034.52368164062 1026.99658203125 1027.97045898438 1028.09704589844 1026.86376953125 1033.84094238281 1028.79223632812 1021.91943359375 1030.07446289062 1034.49157714844 1043.19079589844 1041.201171875 1034.57763671875 1026.34350585938 1021.71801757812 1025.140625 1019.21343994141 1020.88653564453 1009.70050048828 1009.00268554688 998.594055175781 999.190795898438 997.564025878906 999.5615234375 994.175415039062 988.333312988281 979.226989746094 976.854797363281 972.743103027344 967.490417480469 959.467163085938 965.803344726562 961.809875488281 957.640686035156
1021.89025878906 1035.64038085938 1035.81066894531 1034.77807617188 1027.17553710938 1038.48229980469 1045.18725585938 1043.65637207031 1031.587890625 1033.2646484375 1037.43615722656 1034.72351074219 1036.01403808594 1032.19226074219 1031.85620117188 1034.58935546875 1030.36767578125 1032.05895996094 1027.09753417969 1027.35217285156 1030.35034179688 1034.78771972656 1039.73559570312 1037.677734375 1026.27746582031 1021.68811035156 1008.88104248047 1012.94903564453 1016.28741455078 1016.67004394531 1016.84350585938 998.804077148438 998.330078125 998.971374511719 998.731140136719 992.258239746094 999.78076171875 987.019348144531 981.280395507812 982.783020019531 982.459289550781 970.894348144531 966.662475585938 966.705932617188 956.114868164062 959.032958984375
1017.14715576172 1031.48559570312 1038.48937988281 1037.88439941406 1030.39367675781 1039.61047363281 1037.15942382812 1042.255859375 1031.28527832031 1035.95935058594 1028.15686035156 1033.04602050781 1033.62976074219 1042.17651367188 1043.25402832031 1029.70068359375 1038.64868164062 1029.1025390625 1030.03735351562 1034.53381347656 1035.1533203125 1033.30676269531 1030.37939453125 1032.20861816406 1022.94525146484 1017.93341064453 1017.61950683594 1015.98168945312 1013.99456787109 1019.05523681641 1011.11071777344 997.61279296875 992.444091796875 993.387817382812 989.740112304688 997.630004882812 996.027709960938 983.023315429688 986.910095214844 983.588989257812 973.540893554688 969.472473144531 969.412719726562 967.167785644531 970.609313964844 968.404174804688
