data/zlatibor_dem_simulations/DEMsim46.asc
NCOLS 150
NROWS 100
XLLCORNER 7394249
YLLCORNER 4841999
CELLSIZE 30
NODATA_VALUE -9999
[rows 60 to 79 of 100, columns 92 to 137 of 150]
967.248168945312 968.074401855469 971.625671386719 974.715637207031 980.091247558594 984.262451171875 980.3408203125 985.330200195312 987.080749511719 987.844970703125 978.928527832031 977.722717285156 978.591552734375 978.7099609375 988.677124023438 993.5849609375 990.024475097656 987.776428222656 991.060119628906 1000.05743408203 999.850952148438 993.768981933594 994.942626953125 1001.80474853516 997.76806640625 999.117431640625 1009.98815917969 1004.04425048828 1002.03558349609 1002.97027587891 995.116760253906 1000.61450195312 1009.31896972656 1018.56561279297 1021.69122314453 1015.71984863281 1014.42266845703 1031.33166503906 1044.80749511719 1041.09497070312 1048.59594726562 1055.87438964844 1057.01525878906 1051.77307128906 1050.62915039062 1049.28662109375
964.887573242188 967.306335449219 973.328125 971.529968261719 972.3857421875 977.580383300781 975.543518066406 981.21240234375 980.764587402344 983.177856445312 986.827941894531 980.848327636719 979.541320800781 988.119079589844 987.659240722656 992.899597167969 1000.95465087891 987.982727050781 991.479675292969 995.173522949219 1003.81719970703 1006.82763671875 1003.90222167969 1007.36883544922 999.857482910156 1002.43395996094 1006.86877441406 1003.54125976562 1006.52270507812 999.969665527344 1001.17370605469 1008.53802490234 1019.69055175781 1018.16937255859 1011.15765380859 1017.2802734375 1011.77642822266 1024.32287597656 1035.54467773438 1029.8251953125 1032.32861328125 1043.44555664062 1045.63818359375 1039.212890625 1043.31140136719 1042.34716796875
965.918518066406 970.974487304688 976.458557128906 973.79833984375 972.074035644531 969.804382324219 971.582153320312 983.574462890625 986.023620605469 984.021911621094 978.754455566406 980.9609375 984.886169433594 994.514587402344 992.040771484375 993.880737304688 997.443725585938 994.207580566406 990.846435546875 998.013122558594 1003.45239257812 1001.97692871094 992.924865722656 990.078979492188 995.795959472656 994.993957519531 999.040222167969 1004.99774169922 1010.0712890625 1009.66888427734 1014.25366210938 1013.68609619141 1020.93243408203 1015.97833251953 1018.89691162109 1013.47894287109 1017.95715332031 1022.80352783203 1030.73034667969 1034.34020996094 1030.03601074219 1035.0166015625 1026.31774902344 1032.92895507812 1034.00952148438 1044.72631835938
962.28662109375 974.563110351562 976.764343261719 982.847961425781 970.768615722656 973.128967285156 969.048583984375 976.440551757812 976.884460449219 977.670837402344 978.39306640625 984.338623046875 990.902526855469 995.039001464844 1001.35400390625 1002.64331054688 996.153930664062 997.90234375 989.815246582031 994.63134765625 992.178283691406 1000.21923828125 992.070129394531 997.504760742188 994.736511230469 1000.25732421875 1008.80316162109 1014.45007324219 1017.76666259766 1022.80871582031 1013.69940185547 1018.59979248047 1019.98693847656 1018.30206298828 1019.64416503906 1014.81988525391 1016.36175537109 1018.17059326172 1016.73596191406 1026.27282714844 1028.54113769531 1022.36407470703 1015.06359863281 1020.38055419922 1025.54650878906 1028.23742675781
965.286193847656 973.200256347656 986.038330078125 983.200988769531 984.1103515625 973.127990722656 978.75830078125 976.189636230469 977.025695800781 981.337158203125 983.7001953125 990.205017089844 989.366271972656 999.223815917969 999.122253417969 998.734619140625 994.474609375 999.540222167969 999.351989746094 994.200622558594 997.689147949219 1002.19512939453 1003.72216796875 1000.81115722656 1002.36584472656 1012.01483154297 1019.76123046875 1016.11846923828 1022.41766357422 1017.82385253906 1020.82843017578 1024.54174804688 1017.16271972656 1017.87780761719 1013.67846679688 1017.29144287109 1016.38635253906 1013.98919677734 1015.37219238281 1012.5908203125 1018.02069091797 1014.15704345703 1019.07556152344 1010.5888671875 1016.78247070312 1024.21643066406
966.050048828125 972.375366210938 970.720764160156 979.091918945312 984.359741210938 981.581726074219 982.129516601562 980.673706054688 981.234497070312 990.589294433594 990.646118164062 996.494201660156 994.547180175781 1000.43640136719 997.5986328125 1004.89270019531 1000.45593261719 998.717651367188 992.463684082031 996.687805175781 991.317687988281 1007.44738769531 1005.56732177734 1007.16290283203 1013.90826416016 1027.40148925781 1028.23950195312 1020.53625488281 1022.99407958984 1023.03625488281 1020.14117431641 1022.12268066406 1011.56683349609 1013.65081787109 1009.8701171875 1017.21270751953 1013.11169433594 1021.37225341797 1018.59942626953 1013.92517089844 1011.13647460938 1009.17266845703 1014.93908691406 1013.73236083984 1009.80310058594 1019.96466064453
970.866333007812 967.027526855469 976.716857910156 982.684020996094 991.686584472656 986.005249023438 987.886596679688 991.963806152344 995.123107910156 1001.90679931641 994.085632324219 997.003173828125 998.448303222656 1003.82141113281 999.838928222656 997.084777832031 992.152893066406 994.977111816406 992.001220703125 998.77685546875 996.951171875 1009.86309814453 1018.20245361328 1021.29339599609 1027.88879394531 1033.47338867188 1031.49523925781 1034.23596191406 1028.13562011719 1031.70910644531 1021.15576171875 1018.05053710938 1008.39868164062 1018.80047607422 1022.97961425781 1012.47723388672 1012.34002685547 1011.34533691406 1008.34985351562 1006.97760009766 1002.27264404297 1001.50451660156 1003.97698974609 1011.33953857422 1007.61639404297 1019.59857177734
971.277282714844 973.222045898438 980.560546875 978.331237792969 993.303100585938 987.257568359375 991.672912597656 990.510559082031 992.336364746094 997.344055175781 999.229553222656 996.767395019531 993.523864746094 995.639709472656 994.716735839844 998.501647949219 993.437316894531 999.0244140625 994.708923339844 1005.93463134766 1007.8173828125 1014.58746337891 1018.69708251953 1024.72692871094 1026.70861816406 1041.67297363281 1040.36987304688 1035.67321777344 1037.54162597656 1031.2529296875 1019.79711914062 1014.12445068359 1010.36755371094 1018.68878173828 1027.30004882812 1023.37353515625 1007.51544189453 1013.12854003906 1007.07507324219 1004.32794189453 1006.44006347656 994.011413574219 1003.40002441406 1009.21185302734 1003.43054199219 1009.80065917969
975.207153320312 980.182250976562 989.493041992188 990.526977539062 992.624145507812 998.334777832031 988.896423339844 992.3857421875 993.020629882812 990.900451660156 994.260986328125 997.27587890625 994.185424804688 992.4453125 999.249084472656 1002.47973632812 1001.08325195312 991.986938476562 1006.97973632812 1004.99279785156 1009.03845214844 1011.92700195312 1013.30700683594 1024.11779785156 1030.50866699219 1040.54064941406 1046.68542480469 1041.79992675781 1040.55749511719 1039.70935058594 1029.91174316406 1022.45764160156 1016.26849365234 1021.40686035156 1021.65020751953 1022.671875 1015.25219726562 1007.55493164062 1011.61370849609 999.721618652344 1003.58190917969 1002.51721191406 999.163940429688 1011.31958007812 1006.33892822266 1011.70520019531
987.2119140625 991.057312011719 988.421081542969 996.223388671875 1001.54107666016 989.680419921875 993.124450683594 995.56884765625 1000.39074707031 991.252075195312 994.6962890625 996.277282714844 997.142272949219 993.549987792969 1009.62670898438 1007.69372558594 1005.74163818359 1002.23602294922 999.367309570312 1003.82464599609 1017.00982666016 1015.83905029297 1022.45697021484 1034.33874511719 1038.90454101562 1045.85864257812 1042.82263183594 1047.642578125 1044.12292480469 1033.02514648438 1034.93054199219 1021.41418457031 1024.05529785156 1024.2685546875 1027.54223632812 1020.14245605469 1013.6083984375 1009.19818115234 1016.72912597656 1011.60382080078 1006.27697753906 997.092712402344 1000.63549804688 1013.95587158203 1021.66973876953 1019.90435791016
981.252075195312 983.78759765625 986.762084960938 993.973083496094 995.838684082031 996.632873535156 1002.34899902344 992.808349609375 998.42822265625 1000.90795898438 997.774291992188 999.819396972656 999.514404296875 1003.46655273438 1006.9013671875 1004.68591308594 1009.49456787109 1002.23547363281 1008.40698242188 1013.54498291016 1017.33294677734 1022.95794677734 1022.67065429688 1031.90881347656 1040.35083007812 1042.11853027344 1038.98999023438 1040.71203613281 1045.03271484375 1043.16064453125 1038.99694824219 1032.01599121094 1023.82171630859 1017.34381103516 1020.94128417969 1019.33325195312 1013.31896972656 996.843139648438 1008.20330810547 1014.04626464844 1006.236328125 1006.49084472656 1008.28436279297 1010.38836669922 1016.06994628906 1015.24816894531
975.268249511719 974.6640625 978.774658203125 988.133728027344 995.408569335938 996.973999023438 990.030090332031 996.716186523438 1003.58813476562 1004.49926757812 998.610107421875 1010.50347900391 1007.50909423828 1008.74322509766 1002.96179199219 1004.49273681641 1010.30639648438 1007.65057373047 1019.51324462891 1016.4521484375 1027.53515625 1026.50659179688 1030.55310058594 1031.67407226562 1035.80871582031 1036.32592773438 1034.94750976562 1036.26025390625 1042.02331542969 1043.32336425781 1034.38000488281 1037.66467285156 1022.15454101562 1017.96008300781 1016.96362304688 1012.70330810547 1014.57476806641 1006.17724609375 1005.47906494141 1009.58386230469 1002.29284667969 1010.00280761719 1017.37811279297 1020.46649169922 1021.55969238281 1015.42687988281
989.224426269531 985.990112304688 984.874877929688 992.100402832031 1002.57904052734 998.645141601562 1000.31127929688 998.981750488281 1003.9892578125 1000.05657958984 1003.03387451172 1006.40484619141 1013.52471923828 1010.81964111328 1000.22436523438 1006.78497314453 1012.14306640625 1010.22283935547 1015.14642333984 1024.64794921875 1027.46520996094 1028.22900390625 1032.78173828125 1038.4501953125 1041.0146484375 1036.38427734375 1038.14733886719 1033.87475585938 1037.31408691406 1039.78063964844 1033.71826171875 1027.86730957031 1017.73522949219 1015.27777099609 1015.48931884766 1011.77026367188 1006.95904541016 1003.75744628906 1014.12390136719 1013.91174316406 1012.85620117188 1006.52032470703 1020.50988769531 1025.26159667969 1024.10180664062 1015.09729003906
982.649963378906 981.544677734375 989.112426757812 992.128173828125 1004.80883789062 1005.04925537109 992.879638671875 989.626159667969 992.375366210938 998.222106933594 1002.62945556641 1004.58666992188 1018.06060791016 1023.22064208984 1017.61248779297 1015.15069580078 1008.80810546875 1010.45275878906 1014.44323730469 1023.91278076172 1027.27990722656 1029.67993164062 1032.25549316406 1028.6162109375 1030.65051269531 1031.20458984375 1031.6748046875 1029.29467773438 1033.04724121094 1030.00830078125 1040.09753417969 1031.04772949219 1024.80847167969 1019.04528808594 1022.42578125 1012.57446289062 1004.36749267578 1010.29846191406 1012.12774658203 1015.40295410156 1009.12847900391 1017.78088378906 1022.77099609375 1015.24456787109 1019.50305175781 1016.35583496094
979.040771484375 979.027893066406 990.536926269531 999.643249511719 1006.05395507812 999.763671875 1001.54498291016 990.618408203125 996.189331054688 1007.8447265625 1009.17498779297 1008.99151611328 1019.59790039062 1018.17523193359 1018.85266113281 1018.1064453125 1017.34582519531 1019.05432128906 1026.92028808594 1037.4453125 1037.95361328125 1030.28601074219 1029.05102539062 1029.88208007812 1024.9140625 1027.74548339844 1025.7421875 1017.96411132812 1032.14660644531 1036.90881347656 1033.96240234375 1024.68664550781 1021.86401367188 1016.2109375 1023.84692382812 1017.36602783203 1010.44256591797 1003.07012939453 1008.04290771484 1010.64141845703 1005.888671875 1004.12182617188 1011.43682861328 1014.69494628906 1012.22998046875 1012.15234375
990.324584960938 991.559936523438 997.326599121094 997.430297851562 1003.1240234375 1003.74877929688 998.984130859375 1001.94091796875 1001.81005859375 1007.98986816406 1003.04620361328 1007.70495605469 1014.13891601562 1016.89080810547 1018.64544677734 1023.12945556641 1026.65222167969 1031.59729003906 1028.67065429688 1031.50415039062 1039.26672363281 1032.32482910156 1019.80084228516 1023.50811767578 1030.48913574219 1019.60424804688 1013.72320556641 1008.52374267578 1017.18365478516 1022.63745117188 1029.88024902344 1018.58868408203 1016.68249511719 1018.37054443359 1014.40759277344 1014.62243652344 1004.14428710938 1002.77856445312 1009.07373046875 1006.18688964844 1009.20178222656 1006.65698242188 1011.24005126953 1015.59478759766 1007.00848388672 1006.58648681641
984.343200683594 992.708984375 989.677429199219 992.702026367188 998.380859375 1004.39855957031 999.987548828125 1003.83483886719 994.109741210938 1000.53045654297 1003.72338867188 1007.79516601562 1013.44689941406 1012.11743164062 1015.59393310547 1020.24267578125 1027.58666992188 1035.59802246094 1043.97668457031 1031.30224609375 1030.14282226562 1023.158203125 1026.39233398438 1020.74633789062 1018.60662841797 1009.55340576172 1016.88482666016 1012.77764892578 1013.77294921875 1017.68218994141 1012.71459960938 1013.47692871094 1014.65350341797 1020.07574462891 1010.5107421875 1013.01904296875 1004.36083984375 1002.20281982422 1010.087890625 1005.31634521484 999.840698242188 998.283264160156 1006.26812744141 1010.53240966797 1009.62249755859 1001.96319580078
989.674377441406 990.011108398438 990.730163574219 989.176696777344 998.147827148438 1001.54553222656 1000.43566894531 999.764099121094 994.047607421875 998.904602050781 1008.40344238281 998.874145507812 1007.814453125 1006.22302246094 1010.64538574219 1015.11444091797 1029.2021484375 1036.85803222656 1027.49060058594 1025.44750976562 1031.62292480469 1037.22814941406 1031.03918457031 1025.46411132812 1009.12237548828 1014.46014404297 1015.06481933594 1017.53247070312 1019.05151367188 1013.08911132812 1012.14184570312 1013.51538085938 1011.28668212891 1016.43988037109 1011.01232910156 1010.20709228516 999.939208984375 1003.68566894531 1006.88732910156 1006.28155517578 998.845703125 995.613403320312 1008.57238769531 1014.21246337891 1010.04321289062 1003.408203125
977.20166015625 983.1728515625 986.818725585938 992.063537597656 995.8466796875 998.238342285156 1004.49725341797 1008.26696777344 1004.32110595703 1008.12725830078 1011.72540283203 1008.94995117188 999.767333984375 1002.1904296875 998.953979492188 1010.57788085938 1019.68957519531 1033.39331054688 1036.23156738281 1025.99816894531 1033.44848632812 1032.85229492188 1031.13464355469 1021.63983154297 1017.15832519531 1014.08288574219 1013.56256103516 1016.70928955078 1018.06762695312 1016.20111083984 1006.12719726562 1007.92633056641 1009.92553710938 1012.34527587891 1000.59710693359 998.434265136719 1000.26629638672 1001.80047607422 1007.9169921875 1002.48413085938 1000.77807617188 1003.82086181641 1008.72277832031 1015.56811523438 999.955505371094 997.600952148438
987.186340332031 991.297546386719 990.946105957031 998.8466796875 1002.35510253906 991.206237792969 996.309509277344 989.857421875 1005.97351074219 1006.68939208984 1005.26916503906 1002.02874755859 993.930236816406 1003.88165283203 1007.24566650391 1017.3857421875 1020.15283203125 1023.43560791016 1029.87023925781 1033.09301757812 1032.65014648438 1033.63415527344 1027.35620117188 1019.18957519531 1023.88238525391 1024.77734375 1021.40728759766 1017.19909667969 1021.98193359375 1015.828125 1012.27124023438 1010.84576416016 1012.96850585938 1009.36682128906 994.199768066406 996.376892089844 992.533630371094 1004.78680419922 1009.16998291016 996.328857421875 995.059631347656 999.431701660156 1002.37799072266 1005.07446289062 1007.05505371094 992.122802734375
