data/zlatibor_dem_simulations/DEMsim95 (1).asc
NCOLS 150
NROWS 100
XLLCORNER 7394249
YLLCORNER 4841999
CELLSIZE 30
NODATA_VALUE -9999
[rows 60 to 79 of 100, columns 92 to 137 of 150]
975.583984375 973.891662597656 963.381164550781 973.37255859375 977.931213378906 981.295837402344 984.023986816406 984.549072265625 980.834655761719 980.989685058594 985.857055664062 988.769409179688 984.675598144531 980.246215820312 988.072082519531 996.517395019531 999.514526367188 995.045776367188 1000.34429931641 1009.32879638672 1010.06774902344 1007.20727539062 1009.3173828125 1017.90875244141 1012.85229492188 1010.40991210938 1012.79113769531 1004.43487548828 1002.56506347656 1005.59619140625 1011.34338378906 1012.17376708984 1014.55297851562 1016.76141357422 1013.90185546875 1018.83172607422 1031.10498046875 1036.63525390625 1039.83386230469 1047.20275878906 1047.49694824219 1039.54907226562 1036.22375488281 1041.57092285156 1037.27795410156 1039.47216796875
970.876342773438 965.5810546875 961.182189941406 975.137451171875 970.272583007812 978.091918945312 982.207763671875 987.460571289062 980.788696289062 981.094787597656 986.520568847656 988.814331054688 992.375183105469 989.846557617188 992.130249023438 985.031555175781 1003.81665039062 1011.06896972656 1013.69989013672 1013.0712890625 1012.94287109375 1006.19964599609 1013.60821533203 1026.62707519531 1030.08020019531 1018.24560546875 1018.97998046875 1005.21215820312 1011.86956787109 1018.94689941406 1024.45288085938 1026.16638183594 1019.58471679688 1016.8173828125 1022.16687011719 1021.55535888672 1030.39794921875 1041.4833984375 1040.45361328125 1045.4248046875 1035.21008300781 1032.27709960938 1026.84545898438 1023.55120849609 1020.39556884766 1032.12609863281
966.849365234375 960.655578613281 966.40966796875 970.691955566406 979.705017089844 976.265075683594 968.110107421875 981.322448730469 979.128601074219 972.092651367188 983.619140625 994.836059570312 1000.7451171875 999.877380371094 1003.63238525391 1001.24114990234 1008.16021728516 1021.21166992188 1021.35778808594 1021.85614013672 1012.86669921875 1015.30010986328 1018.27142333984 1024.40173339844 1027.75708007812 1028.65661621094 1021.68115234375 1011.87054443359 1020.02191162109 1023.09600830078 1028.79797363281 1030.28479003906 1026.80981445312 1023.60168457031 1022.02197265625 1023.25299072266 1032.9033203125 1037.19360351562 1037.87219238281 1038.67370605469 1036.25793457031 1031.82409667969 1024.80029296875 1013.35791015625 1018.07635498047 1025.55261230469
959.344055175781 969.326721191406 975.227355957031 983.682556152344 980.044921875 968.830871582031 966.265502929688 975.081115722656 976.636535644531 986.971130371094 990.278259277344 989.117492675781 999.407287597656 997.147705078125 996.604309082031 999.61865234375 1012.29223632812 1020.91625976562 1018.49920654297 1026.4931640625 1023.04064941406 1015.60418701172 1021.25048828125 1027.66516113281 1030.69799804688 1023.49591064453 1025.92126464844 1023.46435546875 1024.22351074219 1031.92028808594 1029.7744140625 1027.44189453125 1022.34759521484 1022.77526855469 1018.80792236328 1028.59399414062 1036.81555175781 1031.29089355469 1029.71301269531 1041.58239746094 1039.31530761719 1027.81555175781 1018.00225830078 1016.55230712891 1021.51330566406 1023.50958251953
962.07470703125 968.796142578125 972.980712890625 979.524658203125 984.0986328125 975.648986816406 970.34130859375 972.838317871094 977.015319824219 979.058776855469 983.803833007812 987.923583984375 999.998901367188 995.534545898438 993.003173828125 999.033203125 1006.06768798828 1023.13592529297 1014.73504638672 1022.77166748047 1026.46740722656 1023.72418212891 1024.52661132812 1032.28601074219 1027.42663574219 1017.28466796875 1019.16082763672 1024.57238769531 1033.70483398438 1035.36730957031 1029.40014648438 1015.63348388672 1023.20336914062 1020.76000976562 1018.93841552734 1013.80255126953 1021.93798828125 1030.291015625 1028.23620605469 1033.8173828125 1026.5400390625 1028.40930175781 1019.92449951172 1017.82971191406 1022.62225341797 1025.36242675781
971.875793457031 968.509704589844 974.028747558594 983.398254394531 984.517395019531 982.502075195312 981.745666503906 984.814392089844 979.873596191406 982.315307617188 986.220825195312 985.073181152344 991.772399902344 996.062438964844 999.576477050781 1003.36285400391 1015.44342041016 1024.83215332031 1023.50738525391 1024.94677734375 1025.7177734375 1021.28564453125 1024.19421386719 1027.47729492188 1023.19909667969 1020.59124755859 1030.3759765625 1023.42700195312 1030.52893066406 1036.89855957031 1028.43566894531 1018.66497802734 1020.48028564453 1019.76635742188 1026.69555664062 1023.37115478516 1025.88952636719 1032.82482910156 1032.2451171875 1024.38464355469 1023.51922607422 1020.79071044922 1019.27178955078 1024.49682617188 1033.15393066406 1030.86315917969
973.661926269531 970.172729492188 974.670166015625 976.612731933594 982.716979980469 983.852294921875 977.770935058594 983.420959472656 987.441772460938 982.858215332031 987.194274902344 996.016906738281 992.332885742188 995.299560546875 998.799255371094 1009.83245849609 1015.48199462891 1017.05657958984 1022.85192871094 1025.15344238281 1022.96240234375 1022.97570800781 1018.88995361328 1027.46728515625 1022.33117675781 1022.28173828125 1030.529296875 1038.28393554688 1033.79858398438 1035.98486328125 1028.64001464844 1022.3271484375 1015.77227783203 1025.4228515625 1018.96661376953 1024.15905761719 1030.40454101562 1033.8837890625 1031.984375 1022.04840087891 1016.54266357422 1021.85992431641 1023.86499023438 1027.25622558594 1029.61267089844 1033.13928222656
974.720581054688 974.835205078125 969.273742675781 983.003662109375 989.120788574219 988.192199707031 989.765869140625 991.05908203125 989.619384765625 993.494873046875 987.684509277344 993.428466796875 1001.32293701172 993.046081542969 1007.73492431641 999.291870117188 1010.64324951172 1018.37731933594 1015.86785888672 1023.63171386719 1020.07598876953 1013.751953125 1028.44873046875 1020.11218261719 1024.86682128906 1043.37756347656 1038.12414550781 1047.16491699219 1040.05773925781 1033.19482421875 1032.20349121094 1031.95239257812 1028.9443359375 1025.43127441406 1025.77514648438 1017.73358154297 1021.08087158203 1035.03674316406 1037.65002441406 1030.51000976562 1015.72698974609 1014.26098632812 1032.50427246094 1029.5439453125 1025.05163574219 1024.65234375
979.6826171875 971.558288574219 974.279113769531 977.978637695312 997.51025390625 996.592102050781 1000.72790527344 997.112731933594 989.381591796875 988.370178222656 990.49609375 991.417175292969 999.580932617188 1000.57232666016 997.753051757812 1007.47229003906 1008.77209472656 1014.73919677734 1017.77624511719 1023.23370361328 1021.10089111328 1025.55700683594 1029.26489257812 1025.46301269531 1034.15112304688 1047.82287597656 1048.93408203125 1045.25561523438 1047.66613769531 1041.08837890625 1037.3681640625 1031.43676757812 1030.67004394531 1026.37438964844 1018.7861328125 1021.08599853516 1014.07336425781 1020.64935302734 1030.8369140625 1028.30212402344 1023.68438720703 1018.60858154297 1023.90612792969 1031.38305664062 1031.85632324219 1026.59851074219
984.207275390625 983.479675292969 987.380493164062 984.907348632812 994.367309570312 1001.91986083984 1001.63311767578 997.855712890625 992.192138671875 997.832824707031 988.475402832031 994.504028320312 998.127258300781 1002.38031005859 1003.42541503906 1009.71331787109 1012.29931640625 1016.89208984375 1025.76147460938 1028.23693847656 1028.2958984375 1036.0087890625 1033.41845703125 1030.88098144531 1039.3818359375 1042.92907714844 1049.43432617188 1054.37390136719 1045.27355957031 1040.11865234375 1041.52783203125 1048.35327148438 1039.81225585938 1025.71801757812 1023.4267578125 1019.22808837891 1017.58905029297 1014.07330322266 1015.75787353516 1019.43939208984 1016.82397460938 1020.18176269531 1023.74438476562 1022.07769775391 1023.28857421875 1025.09155273438
975.657531738281 988.601135253906 990.212585449219 987.245727539062 996.461364746094 999.71435546875 1001.72515869141 1007.66564941406 998.387573242188 995.428161621094 992.253234863281 1000.65979003906 999.668090820312 996.188842773438 1003.78338623047 1012.67590332031 1016.67767333984 1021.41082763672 1020.55773925781 1035.04577636719 1039.48522949219 1043.43762207031 1046.169921875 1046.39953613281 1040.97106933594 1036.28393554688 1034.36669921875 1040.80590820312 1051.24108886719 1049.43835449219 1040.95349121094 1038.99230957031 1029.7041015625 1023.201171875 1015.49621582031 1008.85107421875 1023.55413818359 1016.51025390625 1004.76550292969 1012.95672607422 1020.85607910156 1023.60675048828 1016.80749511719 1020.24328613281 1025.04089355469 1032.59716796875
977.226745605469 984.667663574219 992.369812011719 993.459655761719 991.392150878906 994.870544433594 1005.13757324219 1005.62445068359 1000.83135986328 1000.39453125 1000.04180908203 1003.36920166016 1009.068359375 997.742004394531 997.487915039062 1003.05511474609 1016.45062255859 1025.04211425781 1030.04296875 1038.2353515625 1044.93505859375 1046.64208984375 1042.77966308594 1039.57653808594 1030.98156738281 1037.49951171875 1033.33044433594 1042.15551757812 1048.86022949219 1044.1220703125 1041.17138671875 1039.51611328125 1033.77209472656 1018.85943603516 1010.052734375 1015.13244628906 1014.44506835938 1012.96203613281 1006.95086669922 1011.45098876953 1016.50885009766 1017.40222167969 1029.14294433594 1022.31707763672 1034.53308105469 1037.0205078125
980.480773925781 991.777404785156 995.641967773438 994.313354492188 998.3544921875 998.830505371094 1006.79370117188 1009.53472900391 1008.52606201172 1005.35113525391 1009.15905761719 1011.40661621094 999.419616699219 1001.10797119141 998.572204589844 1009.06646728516 1018.74761962891 1023.80078125 1034.86987304688 1043.01708984375 1050.10302734375 1043.64099121094 1043.77575683594 1034.76745605469 1026.37585449219 1035.40490722656 1043.35522460938 1041.91149902344 1040.53955078125 1034.31237792969 1042.71789550781 1038.99340820312 1025.92443847656 1018.11657714844 1012.91375732422 1010.32147216797 1010.8603515625 1008.74078369141 1012.02960205078 1023.67541503906 1016.04705810547 1018.09777832031 1029.05212402344 1028.92114257812 1020.19598388672 1031.4833984375
987.675659179688 991.899291992188 995.441833496094 1003.38525390625 995.348876953125 998.053283691406 996.932312011719 1007.51702880859 1002.92272949219 1009.01281738281 1013.43151855469 1012.44836425781 1004.20080566406 1009.82562255859 1014.17010498047 1005.71649169922 1017.46545410156 1017.41571044922 1033.79333496094 1044.20739746094 1056.34765625 1044.99914550781 1041.3779296875 1038.79907226562 1033.93225097656 1042.93017578125 1043.21826171875 1042.57080078125 1042.95397949219 1041.3486328125 1035.892578125 1035.27795410156 1017.51153564453 1017.23529052734 1014.78558349609 1015.33587646484 1008.08221435547 1010.04284667969 1011.54345703125 1008.02197265625 1022.12768554688 1019.27142333984 1021.66729736328 1025.412109375 1017.71752929688 1022.37469482422
981.627807617188 986.480285644531 1000.25396728516 1003.58801269531 995.333923339844 996.515197753906 1003.18670654297 1004.41986083984 1001.84045410156 1012.38592529297 1017.72625732422 1017.51000976562 1013.94201660156 1012.97772216797 1015.99438476562 1020.53900146484 1021.45928955078 1020.99188232422 1034.56518554688 1037.95166015625 1042.94226074219 1049.15405273438 1041.01391601562 1036.82250976562 1040.68225097656 1040.5703125 1035.33996582031 1041.23681640625 1033.14282226562 1032.51989746094 1022.54272460938 1022.99700927734 1020.87866210938 1022.86962890625 1021.72015380859 1013.31451416016 1018.36047363281 1015.18011474609 1010.19097900391 1011.38635253906 1018.85046386719 1023.64111328125 1020.04302978516 1018.10980224609 1010.1318359375 1008.18298339844
982.69189453125 983.049133300781 991.137145996094 1000.61993408203 1001.92718505859 990.640869140625 1006.20373535156 1006.01977539062 1007.56677246094 1009.95642089844 1010.15246582031 1011.95446777344 1015.68493652344 1019.52624511719 1022.46307373047 1015.7734375 1014.63616943359 1022.65155029297 1029.35961914062 1032.91027832031 1034.28735351562 1026.79052734375 1028.5634765625 1029.33911132812 1023.35760498047 1015.85272216797 1030.41723632812 1025.88745117188 1017.3388671875 1013.67504882812 1016.69946289062 1015.00042724609 1021.57440185547 1023.50531005859 1020.29681396484 1011.59814453125 1009.92926025391 1011.25170898438 1008.97192382812 1010.03308105469 1018.39636230469 1016.80969238281 1014.77545166016 1012.72552490234 1006.79064941406 1003.38531494141
980.57958984375 984.189880371094 990.105407714844 1003.96588134766 1004.57897949219 999.656005859375 1007.603515625 1010.31134033203 1008.84643554688 1020.31243896484 1014.15783691406 1010.97845458984 1019.12603759766 1017.86462402344 1023.69873046875 1027.74865722656 1027.35693359375 1026.8369140625 1040.11083984375 1030.66564941406 1031.44262695312 1027.26025390625 1028.47424316406 1016.59368896484 1015.29693603516 1009.17932128906 1023.42987060547 1021.12341308594 1024.14636230469 1015.15826416016 1012.48486328125 1016.65490722656 1026.05541992188 1028.76806640625 1019.39373779297 1011.31524658203 1003.50445556641 1004.19537353516 1005.30474853516 999.469055175781 1004.23181152344 1009.91662597656 1002.30541992188 1001.60375976562 1003.71752929688 1002.98077392578
989.973327636719 987.593200683594 989.685791015625 996.547973632812 1006.85516357422 1012.78552246094 1018.45361328125 1009.57781982422 1012.56896972656 1018.12274169922 1018.13311767578 1018.39703369141 1023.10333251953 1016.46435546875 1017.04559326172 1023.93463134766 1027.08935546875 1036.50610351562 1045.5791015625 1036.95666503906 1032.73767089844 1032.77124023438 1023.33819580078 1019.75726318359 1004.15991210938 1008.67388916016 1017.83050537109 1019.17950439453 1020.15093994141 1019.01837158203 1015.16577148438 1010.48828125 1018.10229492188 1017.49517822266 1011.16271972656 1007.50329589844 1000.83343505859 1005.75457763672 1004.83392333984 1009.54437255859 998.802368164062 1004.89331054688 1007.83892822266 1001.84783935547 1002.10693359375 990.819274902344
990.893127441406 982.893310546875 998.778686523438 999.781066894531 1011.10729980469 1014.26776123047 1003.3671875 1002.45227050781 1003.20880126953 1006.40093994141 1004.88934326172 1014.55780029297 1019.54705810547 1021.31079101562 1020.66394042969 1020.57696533203 1029.22326660156 1036.05712890625 1042.86694335938 1031.2099609375 1045.34204101562 1038.20056152344 1037.44201660156 1026.37731933594 1022.53814697266 1020.77575683594 1026.787109375 1029.80505371094 1021.3046875 1011.72479248047 1012.46875 1005.63940429688 1012.0107421875 1007.67956542969 1005.27014160156 1002.93872070312 995.610656738281 1000.32440185547 1005.09033203125 1010.13977050781 1002.46478271484 1002.97094726562 1002.97906494141 1004.58825683594 1004.73992919922 1005.02331542969
1005.53601074219 995.126403808594 994.215942382812 1000.02502441406 997.939392089844 1008.52941894531 997.072631835938 999.783935546875 1002.81268310547 1002.72601318359 1002.13043212891 1002.43225097656 1013.16442871094 1017.44555664062 1018.55407714844 1009.62109375 1023.85357666016 1024.13244628906 1031.07275390625 1030.90942382812 1035.60229492188 1039.84375 1045.47521972656 1034.0380859375 1032.26965332031 1029.97351074219 1028.79052734375 1034.78173828125 1021.19006347656 1019.14733886719 1012.1650390625 1010.8681640625 1006.70239257812 1001.82250976562 998.658447265625 994.423583984375 993.925720214844 1001.62084960938 1005.80511474609 1003.72491455078 1002.50543212891 1000.96069335938 1001.39245605469 1000.37036132812 1010.07397460938 1011.11712646484
