data/zlatibor_dem_simulations/DEMsim46.asc
NCOLS 150
NROWS 100
XLLCORNER 7394249
YLLCORNER 4841999
CELLSIZE 30
NODATA_VALUE -9999
[rows 60 to 79 of 100, columns 46 to 91 of 150]
956.441101074219 957.015808105469 959.280883789062 952.369689941406 956.331909179688 956.962341308594 961.135559082031 961.009643554688 960.508239746094 962.407043457031 952.037658691406 949.445190429688 969.5009765625 963.383361816406 966.380493164062 964.960632324219 963.414489746094 971.0322265625 964.281188964844 965.434143066406 963.172485351562 961.053588867188 964.493530273438 971.918212890625 972.842834472656 975.596923828125 974.300964355469 965.447631835938 966.655090332031 958.05810546875 966.651123046875 960.64306640625 964.6240234375 955.701110839844 964.841979980469 968.062438964844 964.490356445312 969.426452636719 974.450500488281 974.765686035156 975.175720214844 958.80615234375 970.570373535156 981.132690429688 970.406860351562 964.605712890625
956.099731445312 959.473510742188 962.789123535156 954.605529785156 962.640869140625 959.61279296875 966.594116210938 960.489318847656 953.354919433594 960.188781738281 962.500305175781 962.69580078125 971.252380371094 966.688903808594 965.211486816406 958.126953125 954.807189941406 964.509826660156 971.864685058594 966.484802246094 959.720703125 966.298645019531 966.920593261719 971.753051757812 970.346557617188 958.941528320312 968.579650878906 969.120849609375 968.1494140625 967.729553222656 973.517822265625 970.616943359375 962.200378417969 955.74365234375 960.394348144531 964.664733886719 968.561950683594 968.562316894531 975.546142578125 970.352416992188 976.788818359375 971.93115234375 970.012145996094 980.703674316406 966.309265136719 961.39208984375
960.433837890625 955.236206054688 959.356567382812 960.055114746094 959.685546875 964.365051269531 965.283874511719 963.015319824219 963.848693847656 965.875610351562 958.862854003906 965.358520507812 979.021667480469 969.911682128906 962.859558105469 966.198669433594 960.769470214844 965.359985351562 969.202331542969 969.975158691406 963.766418457031 963.66455078125 965.464599609375 969.720153808594 970.806823730469 965.712585449219 957.504760742188 965.419555664062 967.155822753906 969.186279296875 966.350402832031 972.300231933594 971.505798339844 961.339782714844 961.262390136719 976.933044433594 978.741149902344 969.449279785156 973.657043457031 973.539978027344 976.132629394531 979.537292480469 972.935363769531 969.874694824219 971.700439453125 960.352233886719
961.065246582031 957.862609863281 953.551879882812 967.926208496094 968.837890625 969.650207519531 972.479919433594 976.684387207031 970.070129394531 958.786987304688 969.189208984375 972.114868164062 972.874450683594 970.766052246094 971.494750976562 964.039855957031 966.567260742188 959.05908203125 963.520935058594 961.451049804688 964.873596191406 967.513854980469 967.590698242188 971.344787597656 975.576904296875 974.23046875 968.513122558594 967.824645996094 972.750183105469 970.331481933594 969.430358886719 970.634399414062 972.640258789062 970.915893554688 973.747619628906 977.987243652344 971.465209960938 970.184448242188 974.224182128906 972.828735351562 975.446350097656 982.922180175781 985.350402832031 979.693664550781 962.369445800781 959.660888671875
964.617065429688 968.256286621094 972.300415039062 965.871887207031 974.060180664062 976.227111816406 975.332946777344 975.916687011719 966.908874511719 958.145874023438 964.400024414062 967.851745605469 968.40771484375 967.78369140625 972.835754394531 965.845825195312 963.521118164062 965.162109375 964.589599609375 961.188720703125 968.287170410156 969.327209472656 974.948974609375 971.856689453125 976.936096191406 983.302001953125 975.554016113281 975.177490234375 973.217590332031 972.30615234375 966.55029296875 964.705017089844 964.186706542969 975.137451171875 976.980712890625 973.826110839844 977.519287109375 980.32080078125 982.346435546875 968.318664550781 976.039428710938 979.42919921875 976.813415527344 971.712036132812 973.615905761719 965.237548828125
968.2705078125 966.091003417969 972.513916015625 978.427185058594 974.522766113281 979.649719238281 979.770446777344 973.080993652344 962.907958984375 957.80908203125 958.651550292969 968.775756835938 974.121887207031 968.962341308594 965.389404296875 964.734924316406 956.481506347656 961.736145019531 966.552062988281 960.150573730469 974.362609863281 970.248352050781 968.443725585938 972.683044433594 974.177734375 981.285034179688 970.634643554688 980.893188476562 971.805969238281 973.418823242188 970.874206542969 963.500610351562 966.944885253906 968.781127929688 979.274475097656 982.343017578125 978.753662109375 981.102905273438 981.42041015625 979.384094238281 982.18212890625 978.652282714844 983.529968261719 977.541748046875 971.410400390625 973.297912597656
966.785766601562 979.262756347656 975.19970703125 979.9365234375 975.996337890625 973.521057128906 975.184448242188 973.044067382812 966.681701660156 962.614624023438 966.089416503906 972.606018066406 971.480346679688 973.40625 969.962951660156 957.653259277344 957.198059082031 961.274719238281 961.564147949219 956.797058105469 969.750915527344 971.820983886719 968.5947265625 970.79296875 975.838012695312 971.819641113281 973.569580078125 973.634094238281 976.851379394531 975.457336425781 974.790344238281 971.434020996094 971.740295410156 972.171020507812 973.855651855469 984.06494140625 984.286804199219 977.701843261719 977.840637207031 981.387023925781 974.011108398438 976.957275390625 975.578369140625 980.104187011719 971.070739746094 969.55322265625
975.678100585938 974.122741699219 974.0478515625 976.301086425781 975.181457519531 976.06396484375 973.558532714844 967.001098632812 964.311218261719 967.825805664062 970.506103515625 974.722473144531 968.570190429688 970.810302734375 975.06640625 960.893127441406 950.600952148438 961.778259277344 959.909240722656 965.200317382812 967.029357910156 977.063781738281 970.06005859375 974.9619140625 968.697631835938 968.694396972656 974.634704589844 979.542846679688 986.566467285156 982.569396972656 980.736572265625 976.785400390625 972.592163085938 966.384460449219 974.484680175781 975.146057128906 980.774719238281 975.895629882812 984.757385253906 981.557861328125 975.13916015625 979.62158203125 975.841735839844 969.738220214844 975.725341796875 972.383605957031
977.721252441406 978.401550292969 977.021667480469 986.960083007812 980.484619140625 976.890808105469 979.815063476562 969.910705566406 967.313720703125 973.778015136719 982.166931152344 978.10498046875 972.672729492188 974.188110351562 963.704528808594 960.116943359375 954.539733886719 958.515014648438 967.357849121094 971.811706542969 970.898315429688 973.411682128906 972.841125488281 962.842407226562 971.419128417969 973.314086914062 976.819091796875 982.096130371094 986.431091308594 980.751220703125 982.498107910156 974.554321289062 974.218078613281 972.075744628906 979.455505371094 977.838928222656 969.796447753906 978.498779296875 980.655151367188 977.567138671875 978.72705078125 982.728698730469 983.71923828125 985.17724609375 975.15478515625 972.190490722656
977.923767089844 981.005187988281 995.633178710938 988.032775878906 983.613464355469 983.920227050781 979.522521972656 973.572387695312 980.537170410156 985.973999023438 991.218383789062 985.733520507812 975.011169433594 975.294250488281 975.975830078125 966.731811523438 965.156555175781 958.362548828125 963.646667480469 971.055480957031 972.055114746094 967.900024414062 970.046081542969 952.714294433594 962.535034179688 972.355529785156 983.938415527344 980.099182128906 980.877014160156 982.001831054688 975.781188964844 981.070068359375 976.688049316406 973.608032226562 982.860717773438 973.273010253906 975.568969726562 972.360046386719 988.55517578125 985.659362792969 979.40869140625 990.107177734375 980.189392089844 987.974670410156 978.121643066406 974.220031738281
985.539733886719 990.724792480469 998.19775390625 1000.19342041016 988.972106933594 991.395141601562 983.039001464844 980.735046386719 984.092712402344 985.511108398438 990.218383789062 984.921142578125 985.606567382812 983.285705566406 971.369812011719 963.345336914062 965.214965820312 960.358947753906 962.426879882812 957.279968261719 972.005737304688 967.222229003906 965.067077636719 962.438232421875 969.531005859375 969.945983886719 979.956481933594 980.975402832031 982.44873046875 985.025939941406 986.897521972656 982.721252441406 975.876525878906 980.995910644531 985.110473632812 981.062255859375 984.450073242188 987.272827148438 997.605224609375 987.832702636719 982.438598632812 983.711853027344 983.896728515625 979.664245605469 976.725646972656 983.799255371094
994.381591796875 990.798278808594 996.037719726562 997.974182128906 1000.33374023438 989.6728515625 993.492614746094 981.480712890625 977.7607421875 979.740783691406 977.565490722656 984.630798339844 972.4677734375 977.214965820312 973.303649902344 968.126586914062 970.238830566406 974.231628417969 963.258056640625 963.12939453125 976.310791015625 978.669799804688 969.994262695312 977.949523925781 975.981689453125 980.889282226562 980.024475097656 986.4462890625 985.788330078125 987.230773925781 986.9873046875 979.002319335938 977.816162109375 984.603210449219 983.981811523438 987.957946777344 992.365478515625 998.089172363281 990.639892578125 989.516784667969 989.822265625 990.823364257812 979.685913085938 983.364440917969 973.728271484375 972.830261230469
990.382446289062 993.755310058594 999.856689453125 993.160949707031 997.360534667969 1005.58709716797 991.945373535156 986.330993652344 981.586364746094 982.790100097656 980.434265136719 982.827209472656 972.498718261719 972.640441894531 973.752258300781 973.552734375 969.256591796875 967.968933105469 975.740661621094 978.420288085938 981.048522949219 983.305908203125 972.607666015625 974.67626953125 979.026062011719 982.763366699219 985.106567382812 984.751037597656 981.411560058594 986.100219726562 984.728454589844 988.880187988281 978.668762207031 981.735961914062 981.265014648438 986.826049804688 992.872619628906 999.232116699219 987.688842773438 991.179626464844 981.901306152344 989.159057617188 987.240478515625 975.092041015625 979.211853027344 978.12646484375
1002.56976318359 996.377685546875 999.399658203125 1000.35455322266 995.226196289062 994.525451660156 981.24072265625 982.316223144531 977.747314453125 983.820434570312 990.476318359375 981.46728515625 971.570495605469 978.26123046875 981.733093261719 975.404235839844 976.869079589844 975.480346679688 975.226196289062 976.096801757812 976.286865234375 974.889709472656 982.963073730469 982.10693359375 985.540283203125 984.969543457031 978.896667480469 981.487731933594 987.858947753906 995.043518066406 997.735717773438 996.58056640625 994.35400390625 985.2685546875 978.760131835938 980.064208984375 986.242553710938 995.515197753906 993.857727050781 985.147583007812 986.013488769531 981.1884765625 981.32470703125 986.088684082031 976.853210449219 979.977783203125
1003.26879882812 1013.61798095703 1012.99853515625 1005.48150634766 987.98583984375 994.563781738281 984.772766113281 977.949829101562 977.123901367188 991.762268066406 977.223937988281 981.150817871094 973.498107910156 975.841979980469 974.88330078125 968.308349609375 969.448364257812 978.900512695312 976.926025390625 967.76220703125 979.540283203125 978.513916015625 982.695190429688 975.237976074219 985.763366699219 989.30126953125 986.927429199219 990.152038574219 989.239135742188 993.408386230469 992.7607421875 1005.15612792969 1005.20654296875 989.839904785156 986.31201171875 991.201538085938 992.685119628906 992.807250976562 988.2587890625 981.437072753906 978.773376464844 983.325866699219 982.594970703125 982.062194824219 990.393249511719 981.346984863281
1011.50622558594 1018.10052490234 1008.60028076172 1005.25329589844 995.645751953125 1003.37927246094 996.765686035156 979.918762207031 978.659484863281 967.67041015625 981.478942871094 974.067321777344 981.963195800781 980.219909667969 974.401062011719 969.484619140625 975.390625 972.759887695312 969.695129394531 974.113525390625 970.587524414062 972.036499023438 978.123840332031 984.863159179688 992.801818847656 996.26708984375 983.740539550781 984.910888671875 992.681518554688 1000.73138427734 995.075805664062 1002.98431396484 1005.06939697266 992.937683105469 996.673767089844 1002.97473144531 999.022399902344 996.201904296875 987.958435058594 982.350830078125 982.897583007812 991.6669921875 988.9658203125 986.919982910156 992.949279785156 985.006774902344
1020.08905029297 1018.86608886719 1013.99963378906 1006.22357177734 1004.44384765625 999 987.14794921875 989.799133300781 986.202209472656 974.795104980469 975.421813964844 983.940368652344 983.816955566406 985.514709472656 977.645324707031 973.725158691406 978.353332519531 976.894470214844 973.138488769531 973.067993164062 968.9384765625 965.0830078125 971.053588867188 974.760803222656 982.544860839844 984.024047851562 991.924682617188 989.6396484375 988.078308105469 999.886474609375 1001.44299316406 1006.26281738281 996.486389160156 1005.26293945312 1002.03308105469 1000.81396484375 997.899536132812 1002.32165527344 999.797241210938 999.394409179688 989.6123046875 993.66162109375 992.73876953125 996.670043945312 990.529724121094 984.73291015625
1013.67749023438 1017.21618652344 1017.23480224609 1016.087890625 1009.39422607422 1001.71734619141 988.548400878906 994.721496582031 992.960327148438 984.347778320312 978.790710449219 980.240417480469 980.666259765625 986.567687988281 990.356018066406 984.677368164062 975.200988769531 976.337097167969 976.932556152344 966.277648925781 968.723693847656 965.912719726562 972.08349609375 980.219970703125 982.18017578125 979.466552734375 994.122924804688 987.756896972656 987.271240234375 990.402648925781 997.122314453125 1005.95495605469 1006.67700195312 1003.38336181641 1010.00372314453 1008.8935546875 1010.4375 1001.67510986328 1003.3583984375 990.4501953125 993.982727050781 995.109069824219 995.847229003906 995.889587402344 988.840515136719 981.142700195312
1009.81457519531 1017.62927246094 1016.28161621094 1017.31170654297 1005.48846435547 991.881774902344 989.643615722656 991.899230957031 991.89599609375 987.500610351562 977.643920898438 974.899780273438 987.474060058594 986.613220214844 990.374938964844 980.489013671875 977.871276855469 977.184997558594 980.625793457031 973.801147460938 980.453125 976.343566894531 972.293273925781 975.777709960938 969.633911132812 983.487365722656 986.241455078125 987.303955078125 989.987365722656 990.211364746094 1000.06384277344 1003.78125 1002.36840820312 1007.27044677734 1003.88244628906 1013.66845703125 1015.46447753906 1013.39849853516 1007.96899414062 1002.56903076172 1000.81829833984 993.674926757812 995.596740722656 991.331298828125 990.88232421875 984.053588867188
1001.55157470703 1012.65563964844 1003.33538818359 1003.27111816406 994.594909667969 987.123901367188 988.895324707031 994.769592285156 985.590026855469 983.271911621094 982.051330566406 984.341430664062 984.187316894531 983.327514648438 983.640991210938 973.894409179688 982.182922363281 977.70654296875 971.24755859375 965.079223632812 971.676574707031 979.206909179688 987.320190429688 984.295654296875 981.256958007812 982.294921875 988.485473632812 993.456665039062 1004.60205078125 1006.83312988281 1001.27008056641 1009.79241943359 1006.88446044922 1006.07312011719 1003.26416015625 1010.58831787109 1023.71142578125 1011.83349609375 1017.59967041016 1013.09857177734 1003.92279052734 1004.32507324219 1002.54272460938 1005.01550292969 995.956359863281 983.700256347656
