data/zlatibor_dem_simulations/DEMsim29.asc
NCOLS 150
NROWS 100
XLLCORNER 7394249
YLLCORNER 4841999
CELLSIZE 30
NODATA_VALUE -9999
[rows 40 to 59 of 100, columns 46 to 91 of 150]
960.407165527344 964.48779296875 961.746887207031 973.909118652344 982.382446289062 973.14599609375 971.035339355469 970.267822265625 977.886108398438 973.57275390625 974.557006835938 973.14501953125 969.151489257812 977.925903320312 984.191162109375 989.32763671875 998.345520019531 991.697998046875 982.570983886719 994.70361328125 988.690124511719 990.443176269531 979.953552246094 972.896301269531 972.920043945312 973.628540039062 983.409057617188 975.013488769531 969.153625488281 970.950073242188 969.311889648438 981.848693847656 991.981018066406 990.536010742188 988.972106933594 983.738464355469 988.859130859375 984.050415039062 983.445678710938 985.928405761719 989.467529296875 991.454040527344 995.844177246094 994.961669921875 987.619079589844 989.168334960938
968.712036132812 973.53125 972.583129882812 973.19873046875 975.978210449219 976.751953125 973.651245117188 975.993896484375 968.25830078125 971.189453125 971.623962402344 967.176818847656 954.0595703125 966.944152832031 982.117919921875 989.287170410156 992.876220703125 988.69873046875 983.72802734375 981.819580078125 985.254333496094 981.043212890625 976.177795410156 972.06103515625 971.934997558594 980.369140625 982.086059570312 974.753540039062 968.877502441406 967.673461914062 969.491027832031 970.224304199219 983.196411132812 989.571350097656 990.286437988281 986.043518066406 985.9013671875 978.445556640625 980.138366699219 985.19091796875 984.840637207031 985.287658691406 990.153503417969 989.573608398438 995.76220703125 990.957702636719
977.699523925781 967.060913085938 967.577026367188 970.873901367188 968.138793945312 967.442138671875 971.168395996094 969.031433105469 973.860229492188 968.723571777344 973.833312988281 956.506652832031 952.470703125 966.442016601562 975.227233886719 986.415222167969 988.554138183594 996.808959960938 990.204345703125 983.444458007812 971.778503417969 975.819030761719 980.72021484375 974.769165039062 962.773742675781 966.940734863281 970.915710449219 962.727783203125 963.88671875 964.110168457031 963.754028320312 966.443115234375 981.54736328125 983.799133300781 982.670532226562 983.33447265625 976.705993652344 975.8623046875 972.95458984375 979.112487792969 988.449645996094 994.067993164062 988.225036621094 991.748352050781 992.967712402344 989.547302246094
966.585266113281 962.951904296875 967.774475097656 967.629516601562 963.77490234375 971.874633789062 977.733459472656 975.921203613281 968.620910644531 970.23388671875 967.142578125 958.946472167969 959.561706542969 969.238525390625 980.912963867188 986.852355957031 986.584350585938 993.598937988281 991.893310546875 980.238647460938 982.637817382812 981.67236328125 974.040771484375 965.926330566406 962.898315429688 961.336242675781 961.369079589844 971.358154296875 965.069702148438 968.019287109375 968.562377929688 974.428405761719 977.660583496094 979.982788085938 983.265930175781 977.569885253906 976.717407226562 974.63671875 979.955139160156 981.281982421875 984.088745117188 993.266906738281 998.416809082031 982.23583984375 978.948974609375 986.367492675781
960.157348632812 965.368713378906 965.127502441406 975.923767089844 968.872924804688 969.393737792969 974.273620605469 970.976928710938 972.264282226562 966.839721679688 977.808837890625 972.911926269531 973.2109375 981.298645019531 971.318298339844 981.59228515625 981.763488769531 988.220825195312 976.702453613281 978.618041992188 973.143432617188 978.804138183594 972.146484375 972.376403808594 962.763732910156 956.008361816406 962.809997558594 969.289855957031 974.967346191406 974.259765625 965.421630859375 970.481201171875 974.492126464844 974.697082519531 967.0947265625 974.985717773438 975.770690917969 973.590393066406 978.278930664062 976.373046875 979.37841796875 979.369018554688 983.080993652344 977.676940917969 970.352966308594 978.046203613281
969.265014648438 968.129333496094 964.993896484375 969.265930175781 966.924926757812 969.232177734375 973.982238769531 972.589050292969 974.686218261719 975.648559570312 967.212463378906 971.539611816406 965.918701171875 970.390380859375 964.335510253906 967.674987792969 974.821105957031 980.776733398438 972.65234375 967.7412109375 964.225708007812 975.322631835938 970.606811523438 964.765563964844 961.453063964844 959.031616210938 966.091918945312 975.615234375 977.5068359375 971.801635742188 974.298461914062 969.434265136719 969.161926269531 969.593017578125 976.497009277344 970.098937988281 972.296020507812 974.445556640625 985.31640625 976.884582519531 966.727111816406 976.22998046875 974.969360351562 978.463745117188 971.98876953125 976.850036621094
969.482788085938 964.212036132812 968.144775390625 968.952819824219 972.467712402344 967.584777832031 970.890930175781 972.945983886719 975.078125 979.243408203125 968.02978515625 972.279174804688 969.377380371094 962.590881347656 952.452941894531 962.933471679688 971.298522949219 981.439086914062 974.304809570312 968.983825683594 959.943176269531 969.58935546875 959.307250976562 970.527587890625 955.856262207031 961.593505859375 960.591247558594 973.72802734375 983.2958984375 973.703063964844 971.836242675781 968.274536132812 974.910583496094 978.556274414062 965.656921386719 969.065673828125 970.408996582031 975.176879882812 984.631469726562 972.011352539062 974.60888671875 977.715087890625 972.951110839844 976.647888183594 973.443298339844 979.347473144531
966.862060546875 966.441284179688 969.233215332031 976.223388671875 969.794006347656 967.327270507812 967.708374023438 972.391784667969 974.623962402344 981.097534179688 971.856384277344 975.693054199219 974.364807128906 965.642700195312 955.128051757812 965.277282714844 971.126098632812 972.4052734375 971.135375976562 967.93359375 967.046997070312 971.556274414062 966.79345703125 962.485595703125 961.214172363281 960.756652832031 961.132507324219 971.076171875 971.52783203125 979.375061035156 972.411804199219 965.473083496094 970.159606933594 975.695007324219 972.1650390625 975.165283203125 965.458312988281 977.810302734375 978.916137695312 972.13720703125 975.664916992188 979.300720214844 979.255615234375 971.655212402344 967.639343261719 971.813842773438
952.929809570312 960.171569824219 971.060913085938 972.416442871094 968.515808105469 970.735107421875 972.628479003906 972.882690429688 967.677856445312 973.554809570312 964.538208007812 978.808044433594 975.828247070312 969.104064941406 956.610534667969 971.136474609375 966.605712890625 968.839172363281 969.598510742188 963.894287109375 962.893005371094 971.973937988281 974.512817382812 973.052001953125 964.608764648438 968.044372558594 971.888427734375 976.043212890625 975.527587890625 979.141540527344 974.192810058594 968.988647460938 963.025817871094 973.704711914062 969.838012695312 970.585388183594 970.507629394531 969.280822753906 975.024108886719 972.292297363281 975.55419921875 977.171264648438 978.183349609375 972.864868164062 969.198852539062 968.551208496094
962.499572753906 969.8486328125 971.64404296875 958.122192382812 964.151489257812 972.77685546875 969.767944335938 973.051635742188 966.342407226562 967.556030273438 972.001525878906 964.133544921875 973.26806640625 958.819702148438 966.995666503906 967.815368652344 971.127624511719 967.0244140625 966.737060546875 971.333435058594 968.301574707031 962.080932617188 949.203430175781 960.52685546875 968.544799804688 966.311401367188 968.563293457031 975.224609375 980.221313476562 975.941101074219 975.033508300781 970.787719726562 967.849548339844 964.912231445312 975.266662597656 971.876953125 969.996215820312 966.005920410156 973.548706054688 978.020568847656 971.518432617188 972.4599609375 966.996520996094 970.71533203125 970.16357421875 975.239624023438
954.433776855469 966.172668457031 963.732666015625 967.602355957031 967.437377929688 966.425659179688 965.797302246094 971.946533203125 969.583984375 972.369140625 965.796081542969 964.326110839844 967.085205078125 961.651000976562 965.953979492188 959.570922851562 960.969665527344 977.439270019531 967.479553222656 962.970703125 951.959045410156 950.260681152344 950.189636230469 964.734436035156 966.059631347656 967.687927246094 969.162231445312 967.482971191406 971.690185546875 975.059936523438 974.775817871094 961.181030273438 959.500427246094 964.764526367188 972.740356445312 968.888977050781 968.274475097656 965.299682617188 974.420532226562 968.378112792969 974.493957519531 974.885803222656 962.996887207031 967.207214355469 967.995422363281 974.022583007812
963.349182128906 962.155883789062 957.959838867188 961.551086425781 968.464904785156 964.548583984375 965.736389160156 964.962219238281 970.438659667969 970.176025390625 966.251525878906 969.487243652344 964.123229980469 963.644714355469 961.15234375 951.038269042969 952.856872558594 969.994323730469 966.534423828125 957.584167480469 948.394897460938 943.084167480469 960.738403320312 964.545043945312 974.297302246094 973.360778808594 969.265258789062 970.652709960938 972.840576171875 968.019348144531 958.432373046875 963.043151855469 959.5888671875 970.093933105469 968.835876464844 969.879089355469 968.137512207031 966.135559082031 972.5283203125 975.866394042969 972.943481445312 973.745178222656 964.393920898438 963.624450683594 967.563537597656 973.837951660156
951.854187011719 959.018493652344 961.454406738281 956.878540039062 961.147888183594 963.095336914062 966.231079101562 966.183654785156 970.478759765625 966.1123046875 965.525756835938 974.074829101562 968.83544921875 959.148132324219 956.856872558594 953.583740234375 956.308837890625 961.076782226562 969.052673339844 959.496459960938 947.540832519531 957.275756835938 958.385986328125 960.6240234375 960.667541503906 971.751098632812 969.394653320312 970.529235839844 959.565979003906 963.709716796875 953.919250488281 957.314636230469 969.079040527344 964.047729492188 974.6513671875 962.553588867188 968.061218261719 969.595764160156 969.838562011719 975.622924804688 982.562927246094 973.094299316406 964.566345214844 972.208557128906 968.056518554688 973.261596679688
953.730529785156 955.352478027344 956.445861816406 956.052856445312 958.44384765625 959.553161621094 959.588500976562 957.156311035156 962.969848632812 959.145263671875 967.266845703125 969.573913574219 969.442138671875 958.035400390625 959.376770019531 957.101379394531 958.597839355469 958.642456054688 956.333190917969 948.403869628906 954.176391601562 955.313171386719 957.352233886719 969.682800292969 955.432250976562 960.873474121094 971.487365722656 964.269104003906 957.136535644531 962.095397949219 965.231018066406 960.846313476562 968.540649414062 968.924133300781 964.284790039062 963.5615234375 959.449890136719 965.339050292969 975.047241210938 973.471923828125 975.391662597656 965.554260253906 964.921447753906 966.26123046875 971.944030761719 971.724853515625
945.77392578125 946.525939941406 946.605529785156 953.315185546875 958.039489746094 954.949890136719 961.797302246094 960.229919433594 959.359130859375 952.104125976562 954.341369628906 966.051696777344 959.067687988281 959.907836914062 961.643371582031 962.076416015625 960.576049804688 956.179870605469 955.030090332031 952.466979980469 947.223754882812 954.115539550781 952.78466796875 953.242370605469 958.943664550781 951.253234863281 960.626220703125 956.510620117188 953.860595703125 956.989074707031 963.549011230469 967.971618652344 970.309875488281 962.008361816406 964.418762207031 960.868713378906 955.671447753906 965.882690429688 965.942016601562 958.485229492188 959.717163085938 967.756408691406 959.405151367188 962.278930664062 971.351013183594 963.979675292969
951.492004394531 950.271850585938 949.699340820312 952.262451171875 953.282287597656 954.148315429688 956.206909179688 949.515686035156 956.383544921875 948.04638671875 956.9853515625 953.242431640625 956.672119140625 956.529602050781 961.626831054688 957.557373046875 958.322143554688 950.792602539062 951.9072265625 955.582702636719 950.497985839844 947.445007324219 950.00830078125 952.183959960938 953.119384765625 943.488098144531 951.827087402344 953.737976074219 953.190307617188 961.549438476562 961.970947265625 968.480834960938 972.531677246094 964.832153320312 961.516845703125 957.026184082031 961.450439453125 958.553833007812 955.945129394531 958.248107910156 963.628784179688 962.079711914062 959.907958984375 958.314514160156 965.934143066406 965.429870605469
959.105346679688 956.674865722656 955.159973144531 951.512634277344 964.111755371094 955.807434082031 955.743896484375 949.008666992188 955.492309570312 953.11572265625 953.809509277344 949.827331542969 948.886413574219 957.348937988281 957.822082519531 964.17529296875 959.570007324219 951.294189453125 960.518432617188 955.608825683594 949.651000976562 947.251953125 952.245239257812 945.89892578125 944.391479492188 948.829956054688 947.917419433594 956.752014160156 950.893127441406 960.775939941406 960.558227539062 967.987548828125 976.466430664062 970.302734375 961.923156738281 962.683410644531 964.294067382812 963.452880859375 955.226989746094 949.889099121094 961.66845703125 967.514099121094 965.984313964844 968.23583984375 965.702575683594 962.438659667969
959.3349609375 958.22314453125 951.094970703125 942.346801757812 951.379760742188 957.139282226562 955.685729980469 957.960815429688 958.320861816406 955.491333007812 953.807189941406 948.169189453125 953.20166015625 952.1962890625 959.149597167969 956.748291015625 955.688842773438 955.276000976562 957.281860351562 962.705017089844 955.771179199219 947.752258300781 954.949768066406 952.79150390625 954.160827636719 949.466064453125 954.745727539062 960.878723144531 958.537780761719 959.242553710938 964.888427734375 967.737243652344 961.607421875 966.137329101562 977.428039550781 971.401062011719 968.032836914062 957.812866210938 964.719055175781 955.476379394531 965.322509765625 967.164001464844 968.228454589844 962.49658203125 963.302734375 967.933776855469
958.901123046875 958.184143066406 955.846008300781 947.210205078125 951.970703125 946.990112304688 953.730590820312 955.576843261719 957.842895507812 956.861022949219 957.505798339844 953.951232910156 954.530517578125 947.340515136719 946.365600585938 956.005310058594 953.939208984375 963.507629394531 961.366882324219 955.283142089844 959.516418457031 958.135681152344 955.781799316406 954.32470703125 954.771118164062 957.239501953125 963.805053710938 964.504943847656 958.15283203125 967.999206542969 964.949401855469 964.342041015625 960.487670898438 965.603149414062 969.992126464844 973.6787109375 965.649230957031 961.898620605469 962.517517089844 967.182983398438 968.468444824219 966.5869140625 970.330200195312 972.27685546875 969.562622070312 965.65234375
951.93701171875 966.593872070312 954.483947753906 951.953063964844 954.662841796875 952.507263183594 953.520812988281 954.343994140625 954.284484863281 953.746337890625 955.524719238281 954.4296875 959.576232910156 952.257751464844 954.909545898438 956.550415039062 957.005798339844 950.808837890625 963.890686035156 965.782897949219 963.816223144531 968.793701171875 958.848510742188 964.3515625 961.611267089844 961.135009765625 965.90771484375 962.410766601562 963.768310546875 967.6435546875 967.6103515625 966.556945800781 965.602233886719 971.145935058594 978.394348144531 975.654602050781 971.726989746094 967.089538574219 966.38818359375 964.773803710938 969.759033203125 977.798522949219 977.148559570312 980.648986816406 974.457885742188 976.304870605469
