data/zlatibor_dem_simulations/DEMsim67.asc
NCOLS 150
NROWS 100
XLLCORNER 7394249
YLLCORNER 4841999
CELLSIZE 30
NODATA_VALUE -9999
[rows 60 to 79 of 100, columns 92 to 137 of 150]
971.134887695312 972.501525878906 967.621948242188 967.1474609375 976.764587402344 981.284362792969 984.427185058594 989.156372070312 984.130065917969 988.645080566406 989.64501953125 979.118530273438 974.746826171875 969.759765625 982.687622070312 995.423950195312 1000.63244628906 1001.61077880859 1006.67266845703 1002.75433349609 1000.8427734375 998.11474609375 1003.00646972656 1003.48059082031 991.818725585938 1003.92858886719 1007.03698730469 1004.15258789062 1003.15344238281 997.489196777344 1010.06213378906 1017.44384765625 1015.37896728516 1018.06164550781 1012.86456298828 1027.64636230469 1035.50158691406 1030.15026855469 1039.59582519531 1047.27954101562 1048.48510742188 1059.921875 1059.89172363281 1045.59265136719 1049.19665527344 1050.16577148438
970.794616699219 961.739135742188 974.682861328125 977.436767578125 972.895690917969 970.218017578125 984.067565917969 988.3740234375 991.250610351562 989.233093261719 983.722045898438 978.584533691406 979.510314941406 976.161376953125 993.156066894531 986.568054199219 994.560546875 1002.35772705078 1005.6455078125 1007.11059570312 1008.21435546875 1002.4306640625 998.427551269531 994.849487304688 1003.91278076172 1006.89141845703 1006.06927490234 1009.25970458984 999.203674316406 999.642944335938 1005.97479248047 1014.87683105469 1015.53839111328 1013.37884521484 1022.34582519531 1032.10168457031 1036.96594238281 1027.02966308594 1044.08532714844 1039.96508789062 1041.26306152344 1043.79333496094 1043.39123535156 1040.33288574219 1046.24169921875 1049.37622070312
972.818603515625 966.79443359375 967.807373046875 980.781677246094 971.506408691406 984.845886230469 993.083862304688 988.24169921875 995.942810058594 993.004638671875 991.977722167969 985.409484863281 986.486389160156 983.662475585938 987.997985839844 986.698120117188 987.787353515625 992.68017578125 1006.03820800781 1012.78375244141 1006.04022216797 1010.55017089844 1002.12493896484 998.575256347656 1006.33099365234 1003.95135498047 1008.31567382812 1014.10107421875 1021.12048339844 1009.97583007812 1011.3642578125 1022.85424804688 1016.69061279297 1019.35064697266 1022.12548828125 1030.76257324219 1030.70031738281 1030.02990722656 1043.46435546875 1047.77551269531 1045.13745117188 1034.69909667969 1037.88305664062 1040.27258300781 1043.7119140625 1047.99658203125
974.967224121094 970.560729980469 971.469909667969 972.161010742188 974.175170898438 983.123229980469 990.146911621094 989.208068847656 1001.10235595703 998.1005859375 983.167541503906 979.778503417969 983.730224609375 986.687194824219 989.621887207031 993.026245117188 992.590881347656 991.886901855469 998.024108886719 1004.38708496094 1014.76678466797 1005.30474853516 996.341247558594 1003.26025390625 1000.09417724609 1008.14721679688 1010.82934570312 1013.91632080078 1020.66687011719 1012.43304443359 1020.17956542969 1030.34289550781 1030.56555175781 1025.97839355469 1020.97497558594 1027.87426757812 1026.64794921875 1034.64770507812 1038.56799316406 1046.50817871094 1045.27124023438 1041.26989746094 1035.28503417969 1036.53356933594 1038.9990234375 1037.5625
977.663757324219 979.857604980469 976.306335449219 973.135925292969 974.384582519531 974.423522949219 987.668640136719 994.763305664062 995.229858398438 995.606811523438 982.535888671875 988.520141601562 987.887390136719 995.438537597656 1000 1002.42901611328 1006.96923828125 998.129211425781 1010.05096435547 1015.73229980469 1019.32885742188 1012.2939453125 1008.56066894531 1004.68084716797 1006.52197265625 1018.23748779297 1020.427734375 1019.25115966797 1024.1552734375 1024.89660644531 1027.51379394531 1025.67321777344 1032.23156738281 1021.60882568359 1015.43408203125 1027.17431640625 1037.00463867188 1041.10986328125 1045.4375 1047.16906738281 1044.60144042969 1043.45678710938 1037.201171875 1046.9912109375 1040.27392578125 1031.84790039062
981.555725097656 976.01025390625 975.331604003906 976.145263671875 978.978881835938 982.358520507812 991.701782226562 993.934997558594 991.310180664062 991.760437011719 988.77099609375 989.217651367188 994.357727050781 993.768615722656 995.371459960938 998.428466796875 999.057739257812 1005.22052001953 1014.21466064453 1018.4130859375 1015.81909179688 1018.57244873047 1010.08331298828 1012.05285644531 1021.18121337891 1020.04779052734 1028.75903320312 1023.96636962891 1033.74621582031 1035.71752929688 1036.32702636719 1025.84057617188 1027.71520996094 1019.28344726562 1019.47796630859 1029.89489746094 1042.32397460938 1044.02770996094 1048.69689941406 1045.39306640625 1034.13452148438 1035.669921875 1031.5224609375 1041.13671875 1032.38537597656 1030.11242675781
976.521545410156 986.027221679688 985.261535644531 984.05078125 982.834106445312 984.150329589844 986.513793945312 991.704223632812 991.955688476562 991.490173339844 988.04052734375 993.240783691406 992.288269042969 995.538635253906 995.403137207031 992.319213867188 997.454895019531 1011.94482421875 1018.20416259766 1027.50915527344 1013.18872070312 1020.54956054688 1022.97064208984 1023.81097412109 1023.22711181641 1030.63366699219 1031.95532226562 1034.95764160156 1027.13317871094 1038.34033203125 1033.68200683594 1029.21459960938 1029.00561523438 1021.45037841797 1020.32214355469 1026.17541503906 1043.02648925781 1049.92626953125 1056.27954101562 1042.0419921875 1028.66149902344 1023.05487060547 1030.39697265625 1026.8779296875 1022.05603027344 1024.419921875
978.704223632812 994.654418945312 985.1689453125 982.041320800781 984.459228515625 990.413879394531 997.068420410156 992.294738769531 993.47314453125 992.669616699219 1001.72534179688 996.002197265625 994.574279785156 995.269470214844 996.395935058594 995.816040039062 999.662414550781 1007.99530029297 1015.69494628906 1014.83087158203 1019.09912109375 1026.83532714844 1027.01257324219 1024.21228027344 1029.44458007812 1040.72998046875 1046.04272460938 1044.67663574219 1042.82214355469 1044.5244140625 1043.74853515625 1035.97705078125 1028.47448730469 1023.63775634766 1020.61907958984 1027.4423828125 1037.05969238281 1041.8271484375 1042.55419921875 1032.25451660156 1031.57824707031 1024.49743652344 1022.25451660156 1020.51324462891 1018.52337646484 1026.70153808594
978.150207519531 987.036193847656 992.698791503906 987.359802246094 993.478515625 986.747192382812 988.967163085938 990.237609863281 990.613708496094 996.236633300781 1004.07989501953 995.62890625 999.470581054688 996.500793457031 1000.33575439453 1007.66046142578 1011.96032714844 1008.25268554688 1014.21142578125 1012.86480712891 1016.46850585938 1023.10681152344 1026.45166015625 1031.63757324219 1030.99645996094 1037.83776855469 1047.95544433594 1040.61462402344 1049.35974121094 1038.53442382812 1039.11877441406 1030.81726074219 1027.76196289062 1032.06164550781 1027.34619140625 1028.64624023438 1022.43170166016 1021.00439453125 1036.33215332031 1028.1005859375 1034.86340332031 1025.73669433594 1024.93395996094 1025.24987792969 1020.59429931641 1016.01989746094
977.421447753906 985.530212402344 986.096496582031 997.469604492188 990.003356933594 990.25732421875 992.769958496094 992.186462402344 1001.2607421875 1005.25128173828 1014.91479492188 1002.9560546875 998.355285644531 1000.67041015625 1006.65325927734 1001.93200683594 1011.18322753906 1019.03875732422 1016.09588623047 1011.63977050781 1015.70074462891 1021.96502685547 1030.78234863281 1029.33728027344 1036.92712402344 1047.51892089844 1056.39660644531 1051.61987304688 1047.24035644531 1044.53869628906 1037.21960449219 1034.18188476562 1025.21765136719 1027.09631347656 1028.640625 1022.52185058594 1022.14630126953 1012.59588623047 1018.11981201172 1030.13806152344 1029.12976074219 1031.2783203125 1028.4794921875 1025.23291015625 1021.91772460938 1019.265625
977.83056640625 988.091552734375 989.788757324219 998.461853027344 995.872131347656 995.602478027344 1003.74542236328 1002.24011230469 1010.77239990234 1002.21374511719 1000.75152587891 1007.23297119141 1001.65759277344 1003.83605957031 1005.42919921875 999.217041015625 1013.60327148438 1019.64837646484 1014.15838623047 1011.39605712891 1015.76397705078 1016.17926025391 1028.68737792969 1031.15966796875 1039.14819335938 1040.44677734375 1047.42651367188 1051.86279296875 1052.06823730469 1047.23742675781 1043.99719238281 1033.69091796875 1038.85974121094 1027.7607421875 1022.08703613281 1022.63665771484 1026.86572265625 1019.83489990234 1017.26245117188 1025.57556152344 1023.18530273438 1014.47125244141 1027.83044433594 1031.25610351562 1033.125 1025.4765625
982.307800292969 981.383239746094 991.241333007812 1002.57269287109 995.37060546875 1002.92541503906 1014.52978515625 1010.22882080078 1008.41778564453 996.217102050781 993.871887207031 1005.38848876953 1008.25494384766 1003.11224365234 1011.69744873047 1005.70227050781 1016.18212890625 1010.77111816406 1013.73052978516 1013.07751464844 1010.37799072266 1030.10461425781 1028.50439453125 1026.43591308594 1031.56469726562 1037.92956542969 1047.2880859375 1049.29138183594 1045.37744140625 1048.94409179688 1040.49731445312 1042.52026367188 1037.32763671875 1041.13696289062 1014.96630859375 1013.84735107422 1013.6337890625 1021.06439208984 1014.49621582031 1015.79760742188 1010.19885253906 1012.93200683594 1016.05590820312 1021.81866455078 1021.86486816406 1021.33087158203
976.668029785156 983.140991210938 989.753784179688 998.221313476562 1003.23461914062 1003.71746826172 1013.72741699219 1016.94903564453 1008.83062744141 1000.04022216797 1006.98168945312 1011.83880615234 1016.58325195312 1014.81591796875 1012.85510253906 1012.98504638672 1020.20855712891 1017.53002929688 1019.24133300781 1023.37976074219 1017.65899658203 1021.63464355469 1027.39172363281 1031.71411132812 1040.12060546875 1040.296875 1036.51184082031 1041.50671386719 1046.2578125 1039.03247070312 1041.73254394531 1045.45263671875 1044.13781738281 1035.97290039062 1022.00347900391 1011.38671875 1018.21917724609 1013.76232910156 1011.77673339844 1013.94146728516 1013.59210205078 1008.97045898438 1008.89880371094 1016.72052001953 1015.96575927734 1017.42517089844
979.874267578125 992.06689453125 987.303894042969 1006.16265869141 1001.86413574219 1006.21466064453 1005.81597900391 1014.15032958984 1010.70068359375 999.304016113281 1011.07098388672 1010.11059570312 1014.30023193359 1012.18133544922 1017.88165283203 1015.18054199219 1021.41070556641 1022.19403076172 1026.65954589844 1022.79412841797 1014.23767089844 1017.283203125 1020.44512939453 1032.54895019531 1017.74829101562 1021.72601318359 1020.21716308594 1036.85961914062 1040.42956542969 1040.32299804688 1038.92529296875 1043.45288085938 1040.77624511719 1037.02990722656 1023.59851074219 1016.44641113281 1014.92572021484 1012.7294921875 1018.88958740234 1016.71148681641 1006.55456542969 1009.6455078125 1012.34301757812 1011.94476318359 1011.06237792969 1011.68725585938
984.74560546875 986.463562011719 981.813415527344 993.621887207031 1002.23309326172 1002.52679443359 1006.8095703125 1009.61846923828 1016.5634765625 1013.89343261719 1013.41888427734 1009.87615966797 1004.70727539062 1008.13793945312 1012.94366455078 1021.0234375 1014.17529296875 1020.34533691406 1023.13226318359 1035.6962890625 1022.62896728516 1017.03814697266 1017.63775634766 1020.29705810547 1028.359375 1022.57104492188 1023.11151123047 1030.40563964844 1031.19519042969 1028.99279785156 1036.87109375 1042.37109375 1042.98181152344 1030.34606933594 1022.89459228516 1016.44250488281 1008.34161376953 1010.40142822266 1014.02008056641 1004.79791259766 1002.42065429688 1005.05120849609 1008.97924804688 1014.85491943359 1012.52514648438 1009.62329101562
985.003540039062 987.765808105469 985.697937011719 989.964050292969 1003.85290527344 997.8671875 1015.30358886719 1010.28723144531 1014.14215087891 1014.19366455078 1012.99774169922 1017.39538574219 1007.21881103516 1000.43048095703 1009.21911621094 1011.48016357422 1013.71453857422 1012.92486572266 1026.0263671875 1034.52282714844 1024.21826171875 1012.91369628906 1015.56219482422 1018.98498535156 1019.345703125 1018.73406982422 1018.58148193359 1020.17077636719 1015.67590332031 1033.94885253906 1037.40600585938 1038.11535644531 1034.35754394531 1020.21954345703 1019.57690429688 1003.66394042969 1007.1787109375 1011.56958007812 1006.08654785156 1000.85736083984 999.568908691406 1006.32800292969 1005.72302246094 1014.96557617188 1016.32177734375 1012.20104980469
991.286376953125 994.570434570312 988.296081542969 993.488403320312 995.239074707031 999.360656738281 1009.75164794922 1005.07720947266 1017.35559082031 1014.24346923828 1006.94903564453 1009.63250732422 1005.22778320312 999.163818359375 1005.38043212891 1007.91839599609 1021.58453369141 1014.9765625 1023.78228759766 1023.20050048828 1023.41967773438 1023.88787841797 1018.20928955078 1016.91094970703 1021.95361328125 1022.99584960938 1015.31256103516 1026.990234375 1019.43676757812 1027.97875976562 1030.20935058594 1025.62292480469 1030.53295898438 1020.83734130859 1013.91864013672 1005.91247558594 1004.90106201172 997.9267578125 996.958312988281 994.504699707031 997.068359375 1005.72613525391 1009.94885253906 1014.36968994141 1015.56823730469 1014.61572265625
989.838195800781 987.820617675781 992.407043457031 989.784912109375 989.151000976562 997.415649414062 1002.61041259766 1003.87438964844 1001.05017089844 1010.01055908203 1008.96075439453 999.849426269531 1000.68017578125 995.706665039062 998.154052734375 1011.78314208984 1022.61834716797 1023.32592773438 1025.57507324219 1019.96868896484 1025.62524414062 1033.55517578125 1026.16931152344 1025.94348144531 1025.06530761719 1019.80657958984 1024.18823242188 1024.50158691406 1013.86114501953 1019.78436279297 1023.15930175781 1020.64367675781 1027.35363769531 1016.77783203125 1017.45623779297 1009.58605957031 1008.60821533203 996.148193359375 993.537658691406 993.946899414062 1001.52545166016 1004.25970458984 1013.45471191406 1015.75036621094 1015.16790771484 1006.36145019531
986.021484375 987.891418457031 995.539855957031 994.985961914062 997.418518066406 999.051391601562 998.082824707031 1002.14447021484 1005.74829101562 1007.15228271484 1006.3095703125 1007.18151855469 1001.85424804688 994.262451171875 1005.27807617188 1015.35046386719 1024.19274902344 1028.88427734375 1022.98095703125 1028.87182617188 1020.99530029297 1034.23828125 1041.25463867188 1032.09509277344 1031.47204589844 1038.41577148438 1028.72436523438 1026.279296875 1023.26165771484 1014.8798828125 1016.59289550781 1020.51220703125 1007.17156982422 1005.78405761719 1014.74267578125 1013.71795654297 1004.14703369141 995.470031738281 996.030029296875 992.968688964844 1000.99548339844 1001.69329833984 1010.60461425781 1009.19604492188 1001.46142578125 990.225891113281
997.859191894531 994.640808105469 998.914611816406 1001.01800537109 999.635375976562 1002.62084960938 1005.38366699219 1004.59259033203 1004.04040527344 1006.25866699219 1011.75183105469 1002.82110595703 1005.16650390625 1003.28558349609 1004.79089355469 1012.45147705078 1026.68591308594 1028.89392089844 1023.91192626953 1029.96447753906 1026.13391113281 1031.50158691406 1037.53332519531 1032.52038574219 1038.81384277344 1035.48657226562 1030.08325195312 1032.03259277344 1028.62219238281 1020.13940429688 1026.36657714844 1019.44750976562 1015.05047607422 1015.09613037109 1013.81182861328 1003.10833740234 1009.22277832031 999.044616699219 1000.14770507812 996.281066894531 998.536926269531 1006.57421875 997.854187011719 1001.04095458984 1003.22009277344 995.05419921875
