data/zlatibor_dem_simulations/DEMsim30.asc
NCOLS 150
NROWS 100
XLLCORNER 7394249
YLLCORNER 4841999
CELLSIZE 30
NODATA_VALUE -9999
[rows 60 to 79 of 100, columns 92 to 137 of 150]
964.471801757812 975.522888183594 975.609619140625 976.638305664062 971.784057617188 981.692443847656 989.785217285156 998.281005859375 991.144348144531 980.088989257812 980.941223144531 981.313537597656 981.838439941406 975.731872558594 974.402221679688 975.101196289062 989.672241210938 990.134155273438 995.309387207031 993.892456054688 999.674133300781 1000.36840820312 993.078125 993.570129394531 999.187438964844 997.120910644531 997.177978515625 1005.21331787109 1006.25628662109 1003.45330810547 996.986755371094 1009.55108642578 1017.83734130859 1024.60693359375 1024.21569824219 1031.66125488281 1034.50012207031 1041.27319335938 1049.80444335938 1047.96228027344 1050.88439941406 1063.33471679688 1071.9755859375 1068.33483886719 1060.30139160156 1049.21423339844
966.020874023438 959.509643554688 971.652099609375 973.617126464844 983.007202148438 987.719970703125 994.627502441406 992.083740234375 987.511352539062 985.369689941406 983.603515625 974.664489746094 974.633117675781 970.410888671875 976.074340820312 978.263549804688 979.993408203125 999.338928222656 994.850463867188 994.82568359375 1004.98455810547 1001.00085449219 1000.77801513672 981.9111328125 1000.65881347656 1001.44360351562 999.736694335938 1005.65240478516 992.885986328125 999.014343261719 1002.17755126953 1003.24114990234 1018.28253173828 1019.13659667969 1016.87158203125 1032.1416015625 1038.27734375 1037.79956054688 1037.14038085938 1044.09033203125 1051.97241210938 1058.06286621094 1056.66076660156 1061.03088378906 1059.67175292969 1048.84887695312
973.581420898438 973.209716796875 971.318481445312 970.311340332031 991.779235839844 988.440185546875 983.998596191406 982.406188964844 988.033325195312 984.950134277344 976.785888671875 984.756408691406 981.766296386719 976.466247558594 978.729858398438 984.884582519531 983.005554199219 985.9375 990.410278320312 1004.14337158203 1002.73712158203 1002.10333251953 991.689086914062 994.884460449219 998.412841796875 993.10009765625 1005.06683349609 1002.77008056641 1002.75201416016 999.031982421875 995.303649902344 1002.77752685547 1006.29156494141 1023.68041992188 1019.66986083984 1031.14367675781 1045.37182617188 1042.00231933594 1037.25012207031 1043.96398925781 1044.5087890625 1055.97863769531 1057.02807617188 1060.13830566406 1039.32934570312 1043.640625
978.485717773438 973.027648925781 980.544860839844 979.365478515625 979.167724609375 981.567626953125 975.857299804688 987.096313476562 974.594177246094 976.78076171875 986.197509765625 992.328674316406 989.069213867188 981.797668457031 987.340637207031 986.807434082031 991.341613769531 995.966674804688 1004.25335693359 1010.35632324219 1010.96197509766 1005.18170166016 1004.68218994141 1001.94464111328 1002.92816162109 997.76806640625 998.219665527344 1011.66772460938 1006.48919677734 1000.57348632812 1007.58050537109 1009.05535888672 1013.20935058594 1023.16723632812 1030.21166992188 1032.09948730469 1041.16931152344 1041.70141601562 1042.04272460938 1046.05285644531 1044.56787109375 1048.64245605469 1055.78540039062 1053.70129394531 1039.42321777344 1034.67614746094
975.272827148438 973.72314453125 974.236206054688 978.534545898438 975.732360839844 976.711547851562 981.369750976562 976.206909179688 980.572387695312 968.714721679688 979.136352539062 995.770629882812 994.439453125 992.669921875 991.927001953125 990.645751953125 1004.23590087891 1007.15435791016 1011.19250488281 1004.63391113281 1011.04772949219 1010.60430908203 1001.97436523438 998.367553710938 998.943969726562 1010.82135009766 1005.60668945312 1006.09875488281 1009.99761962891 1019.42602539062 1020.64447021484 1011.51226806641 1017.21984863281 1021.04113769531 1026.92358398438 1037.69873046875 1038.68395996094 1045.57653808594 1049.86535644531 1045.53002929688 1047.87536621094 1051.298828125 1060.5068359375 1042.8837890625 1039.28173828125 1032.94384765625
962.460021972656 967.64697265625 972.30419921875 982.917358398438 980.588928222656 980.999938964844 971.761413574219 976.897521972656 970.14990234375 964.866149902344 977.1943359375 980.609008789062 991.839050292969 996.869201660156 992.877563476562 1006.26385498047 1011.10858154297 1021.27117919922 1019.9267578125 1010.44348144531 1004.48779296875 1008.22113037109 1007.92474365234 996.944091796875 998.712707519531 1013.85815429688 1015.62261962891 1019.85278320312 1024.74853515625 1024.70642089844 1021.28869628906 1016.06091308594 1016.20520019531 1023.91809082031 1031.61047363281 1027.59729003906 1032.48181152344 1040.45544433594 1048.31066894531 1037.58850097656 1048.23681640625 1048.39404296875 1044.39526367188 1034.37878417969 1035.34936523438 1027.35974121094
975.9306640625 975.42822265625 981.731018066406 977.950561523438 976.529296875 981.340942382812 974.822326660156 983.194580078125 981.52880859375 985.088989257812 984.747009277344 987.427429199219 985.044189453125 988.495178222656 1000.1806640625 1009.76019287109 1014.16387939453 1025.09753417969 1025.45739746094 1018.97247314453 1014.48913574219 1007.64782714844 1012.77313232422 1012.95416259766 1015.04510498047 1018.77508544922 1024.69018554688 1029.56481933594 1033.37329101562 1022.54504394531 1022.81262207031 1023.57702636719 1011.94976806641 1022.58618164062 1029.31665039062 1024.8994140625 1036.34069824219 1037.34716796875 1035.05578613281 1041.35998535156 1043.51806640625 1045.15795898438 1035.736328125 1038.27551269531 1037.14538574219 1030.69934082031
975.983276367188 975.735473632812 981.562683105469 985.230224609375 986.020446777344 978.165649414062 978.233764648438 975.701477050781 988.001220703125 988.492492675781 985.55224609375 993.18798828125 989.68359375 996.851806640625 1002.55865478516 1004.79937744141 1013.3408203125 1016.89855957031 1015.67999267578 1027.40234375 1022.6259765625 1014.52459716797 1020.89141845703 1019.78240966797 1029.06433105469 1028.91418457031 1037.68469238281 1037.21911621094 1036.69116210938 1021.029296875 1029.255859375 1029.51635742188 1018.64630126953 1019.86462402344 1020.37524414062 1017.81390380859 1022.38269042969 1039.27490234375 1038.287109375 1035.81921386719 1041.49328613281 1038.85302734375 1034.88500976562 1036.41174316406 1038.70568847656 1030.90197753906
976.795593261719 977.577331542969 987.948791503906 983.852905273438 989.778442382812 980.329772949219 970.956115722656 981.256286621094 987.476196289062 980.699645996094 987.877380371094 999.992492675781 991.69921875 1002.33685302734 1009.6943359375 1010.43707275391 1010.30627441406 1016.87384033203 1018.56872558594 1033.36645507812 1033.80151367188 1028.51086425781 1022.96569824219 1029.84155273438 1036.64892578125 1041.04968261719 1042.17053222656 1044.00891113281 1036.13916015625 1037.21557617188 1042.16198730469 1041.62451171875 1029.57653808594 1021.99200439453 1022.26885986328 1023.95721435547 1021.34356689453 1033.16381835938 1034.5439453125 1034.43615722656 1031.02258300781 1031.82861328125 1033.28308105469 1036.61901855469 1031.52258300781 1030.98864746094
972.294006347656 979.243286132812 987.399719238281 993.721069335938 990.1826171875 977.703002929688 977.743957519531 987.5654296875 985.574096679688 982.412963867188 981.296875 986.514404296875 997.704284667969 1000.53131103516 1009.28283691406 1017.64166259766 1009.64831542969 1013.62512207031 1018.43023681641 1023.98510742188 1032.95642089844 1031.76538085938 1036.33020019531 1033.98413085938 1040.30981445312 1042.19616699219 1044.21484375 1048.77380371094 1043.96276855469 1039.00158691406 1045.53991699219 1036.88293457031 1028.3916015625 1018.20037841797 1020.8291015625 1028.80078125 1021.94122314453 1029.44665527344 1027.912109375 1029.82653808594 1029.95971679688 1034.38745117188 1038.76745605469 1035.2353515625 1037.55895996094 1022.08898925781
979.96826171875 989.495971679688 992.231994628906 992.331726074219 987.097778320312 983.271240234375 980.9833984375 991.774597167969 995.215148925781 996.447998046875 993.118713378906 995.929321289062 1003.14447021484 1010.96252441406 1012.80749511719 1011.81567382812 1016.50445556641 1017.77337646484 1020.6162109375 1024.52648925781 1023.30938720703 1024.17797851562 1035.41064453125 1039.81262207031 1035.77783203125 1048.79309082031 1045.18896484375 1052.93151855469 1051.06689453125 1040.61694335938 1047.27490234375 1044.45617675781 1031.533203125 1024.36474609375 1019.27600097656 1018.73461914062 1016.67266845703 1020.29730224609 1017.73968505859 1028.22155761719 1041.51989746094 1035.49267578125 1030.64501953125 1027.93347167969 1036.96423339844 1026.41931152344
987.414245605469 999.048522949219 1006.75799560547 1000.06823730469 1002.6513671875 997.118225097656 989.128540039062 994.730041503906 994.184509277344 997.190307617188 1001.73034667969 998.029052734375 997.57080078125 1008.23590087891 1004.23999023438 1006.28338623047 1009.20989990234 1023.53454589844 1026.40649414062 1030.0341796875 1017.93359375 1021.26556396484 1025.43957519531 1032.84155273438 1040.36755371094 1040.4951171875 1040.45812988281 1041.45983886719 1057.31787109375 1048.55444335938 1034.0048828125 1046.05505371094 1034.99475097656 1026.68688964844 1016.65972900391 1016.55389404297 1015.84869384766 1007.49450683594 1008.50402832031 1024.17614746094 1029.52868652344 1037.20739746094 1033.357421875 1022.27880859375 1024.62890625 1018.6083984375
986.148742675781 994.144165039062 1009.95288085938 1005.78625488281 999.506713867188 990.415832519531 997.548156738281 998.928955078125 997.189392089844 997.421020507812 1002.22827148438 1001.57037353516 1005.90075683594 1014.12908935547 1014.46234130859 1007.98980712891 1016.91900634766 1026.95361328125 1028.19079589844 1028.1748046875 1022.42120361328 1019.19262695312 1029.18395996094 1036.65808105469 1032.07543945312 1033.96118164062 1030.04443359375 1022.63262939453 1035.96411132812 1044.77954101562 1033.6201171875 1029.73962402344 1026.66125488281 1027.67321777344 1027.26416015625 1020.98352050781 1007.36749267578 1006.19897460938 1009.98358154297 1019.1416015625 1022.00939941406 1024.98461914062 1020.49816894531 1015.16394042969 1012.12823486328 1009.56719970703
987.026916503906 983.239929199219 984.578491210938 997.202758789062 998.614868164062 993.437255859375 993.295715332031 996.285705566406 1001.08471679688 999.367797851562 1005.29638671875 1001.79327392578 1014.63800048828 1019.13092041016 1018.87371826172 1019.43609619141 1020.49841308594 1027.84814453125 1033.08752441406 1031.7666015625 1019.59301757812 1027.08020019531 1021.93627929688 1029.46948242188 1023.26025390625 1025.13500976562 1023.65008544922 1018.32678222656 1028.72436523438 1035.05627441406 1029.4873046875 1018.82568359375 1028.66125488281 1022.21728515625 1021.16534423828 1022.61981201172 1014.86999511719 1013.49127197266 1013.61645507812 1013.72845458984 1018.53070068359 1018.12567138672 1018.30224609375 1016.8154296875 1010.56207275391 1002.93878173828
985.02197265625 978.249328613281 981.381652832031 990.179809570312 993.113830566406 1000.53955078125 989.233154296875 991.669982910156 1002.63970947266 1004.96173095703 1000.49383544922 1007.49151611328 1003.71643066406 1012.61486816406 1016.01593017578 1019.46130371094 1024.4697265625 1029.52661132812 1028.35180664062 1037.44995117188 1031.26257324219 1026.05090332031 1024.82629394531 1019.53173828125 1021.29351806641 1021.46435546875 1020.53161621094 1019.34100341797 1028.01000976562 1027.97814941406 1024.4580078125 1020.384765625 1017.72698974609 1017.15582275391 1017.45202636719 1006.19348144531 1011.05871582031 1007.07800292969 1014.22503662109 1015.85821533203 1013.02124023438 1020.74700927734 1024.34509277344 1019.05291748047 1016.78210449219 991.932678222656
979.250854492188 975.8955078125 985.599365234375 989.362976074219 994.876831054688 999.793273925781 997.153564453125 993.987365722656 1003.06140136719 1014.27014160156 1001.82269287109 1008.16436767578 1000.86987304688 1014.45703125 1022.93426513672 1026.39233398438 1027.25830078125 1030.60192871094 1025.52221679688 1025.34826660156 1033.59448242188 1027.46313476562 1028.43371582031 1023.42834472656 1017.46575927734 1011.27435302734 1019.05700683594 1018.71362304688 1027.51281738281 1028.27478027344 1025.98059082031 1029.88452148438 1025.81188964844 1018.97552490234 1008.42620849609 1009.412109375 1008.15759277344 1009.06292724609 1013.2109375 1018.07409667969 1015.79541015625 1015.19830322266 1020.47174072266 1020.67895507812 1015.92718505859 998.462707519531
986.190246582031 981.273803710938 988.725830078125 984.379211425781 994.000366210938 995.306701660156 998.9521484375 996.46875 998.612243652344 1008.43218994141 1011.69671630859 1008.24346923828 1011.42340087891 1016.16516113281 1026.07739257812 1027.36364746094 1036.828125 1034.25378417969 1017.66314697266 1026.67102050781 1033.20385742188 1030.68322753906 1023.48150634766 1010.25616455078 1001.22821044922 1007.08306884766 1011.77972412109 1025.31420898438 1027.00170898438 1026.08093261719 1022.05523681641 1032.00756835938 1032.88940429688 1023.17987060547 1017.12481689453 1015.44720458984 1009.96551513672 1001.54504394531 1011.58953857422 1013.26519775391 1022.50378417969 1020.66284179688 1017.25433349609 1019.31066894531 1009.61090087891 990.147338867188
989.622192382812 991.79541015625 992.884521484375 987.931701660156 991.812133789062 1004.60089111328 1001.60559082031 1005.05499267578 1007.23474121094 1003.92980957031 1013.09411621094 1009.03826904297 1013.56878662109 1026.09057617188 1029.29833984375 1035.56628417969 1030.35717773438 1024.89611816406 1023.03033447266 1030.73449707031 1030.02197265625 1027.94970703125 1014.05462646484 1010.08666992188 1014.25543212891 1011.82995605469 1017.49371337891 1022.69873046875 1027.32800292969 1025.99584960938 1031.54675292969 1023.48175048828 1019.09643554688 1012.7265625 1011.64440917969 1018.27600097656 1012.11883544922 1011.53039550781 1014.41436767578 1017.98504638672 1015.04217529297 1010.24871826172 1017.20941162109 1014.03308105469 998.1748046875 992.586120605469
985.979187011719 984.368408203125 981.005432128906 982.458190917969 996.888854980469 1006.09448242188 1001.13671875 1007.11706542969 1011.15899658203 1011.35290527344 1012.04949951172 1005.88586425781 1012.99432373047 1016.21276855469 1034.47705078125 1030.18029785156 1029.48120117188 1025.47961425781 1021.11712646484 1029.40734863281 1026.11169433594 1034.64038085938 1011.03051757812 1012.43096923828 1014.05078125 1018.91906738281 1022.81353759766 1018.61614990234 1032.69396972656 1018.67608642578 1016.99060058594 1016.79791259766 1011.21160888672 1001.29742431641 1009.99066162109 1009.34887695312 1008.41717529297 1007.29034423828 1015.87628173828 1017.58337402344 1004.17156982422 1006.43078613281 1013.30603027344 1014.64245605469 1002.25665283203 989.352844238281
980.82373046875 986.246337890625 975.800476074219 980.732055664062 991.498718261719 1004.31793212891 1003.27270507812 1003.57122802734 1013.73596191406 1015.99609375 1008.68103027344 1015.78601074219 1017.05920410156 1019.04437255859 1028.66064453125 1036.93176269531 1034.58569335938 1024.9052734375 1023.29052734375 1026.41394042969 1025.55346679688 1038.64111328125 1025.00451660156 1026.20666503906 1015.83972167969 1016.79034423828 1025.26196289062 1028.36975097656 1020.13208007812 1019.84997558594 1014.28302001953 1013.37121582031 1012.86682128906 1004.08569335938 1000.09417724609 1013.61926269531 1003.78472900391 992.7451171875 997.376281738281 1002.41143798828 999.219848632812 1006.36242675781 1005.25622558594 1001.20306396484 997.052856445312 995.423278808594
