data/zlatibor_dem_simulations/DEMsim56.asc
NCOLS 150
NROWS 100
XLLCORNER 7394249
YLLCORNER 4841999
CELLSIZE 30
NODATA_VALUE -9999
[rows 80 to 99 of 100, columns 46 to 91 of 150]
994.295227050781 996.579162597656 1002.2587890625 1002.98480224609 996.816040039062 997.765014648438 996.316955566406 995.068176269531 991.124572753906 991.937255859375 991.709167480469 985.903503417969 985.9951171875 978.600830078125 977.424682617188 972.506286621094 973.540832519531 974.102722167969 970.40283203125 973.546875 983.642150878906 978.270324707031 975.739379882812 971.702087402344 977.979553222656 981.8740234375 991.851745605469 988.886779785156 997.064636230469 986.893310546875 978.771789550781 993.950744628906 1002.56072998047 1001.71807861328 998.486633300781 1009.72216796875 1009.60797119141 1004.62451171875 1009.34655761719 1003.79010009766 999.420532226562 1001.88323974609 997.144897460938 1003.95263671875 999.511901855469 994.659606933594
992.531005859375 997.459045410156 1000.60400390625 996.433471679688 997.233947753906 995.58935546875 991.127624511719 993.300903320312 991.519470214844 993.185791015625 986.433715820312 987.74462890625 983.923217773438 982.180847167969 976.8525390625 976.007385253906 977.09619140625 974.474853515625 975.51611328125 971.405334472656 980.8603515625 982.087890625 981.419616699219 978.124389648438 984.3369140625 984.379150390625 986.300048828125 991.247009277344 989.794616699219 982.836853027344 992.852355957031 990.940490722656 998.190551757812 998.672119140625 1009.00036621094 1009.20379638672 1003.44702148438 1004.45385742188 1001.65063476562 1000.93334960938 1001.96862792969 999.783386230469 991.4091796875 998.427978515625 996.378112792969 992.550903320312
999.808471679688 999.972900390625 1003.34777832031 998.803894042969 992.313110351562 995.657409667969 997.147277832031 1002.23388671875 998.283935546875 997.0068359375 992.162231445312 988.169860839844 987.458435058594 981.624145507812 977.552185058594 979.278625488281 982.596862792969 971.209777832031 984.640380859375 973.970947265625 976.372009277344 977.484985351562 985.414489746094 984.208557128906 980.985229492188 981.565551757812 978.89599609375 982.899719238281 984.355834960938 987.906555175781 987.850219726562 988.762756347656 999.4365234375 1000.77862548828 1004.56579589844 1000.95544433594 1007.86737060547 1003.40057373047 993.415100097656 990.284240722656 1003.115234375 996.836730957031 1002.20648193359 1003.6845703125 1003.92980957031 992.500427246094
1005.70428466797 1004.21850585938 1008.44866943359 997.438354492188 990.078918457031 993.175109863281 997.193603515625 1001.49865722656 1000.67681884766 998.39990234375 992.048278808594 989.760925292969 993.239501953125 985.930786132812 989.81640625 989.858825683594 983.34228515625 979.524597167969 979.841674804688 974.103576660156 975.309143066406 974.572692871094 978.077758789062 985.294189453125 984.587585449219 985.564819335938 987.296325683594 982.664001464844 983.283264160156 977.806274414062 983.863647460938 990.225708007812 1000.88653564453 1008.48553466797 1003.16583251953 1000.77301025391 1001.68615722656 1005.13110351562 997.33154296875 999.959350585938 1004.4638671875 1000.88433837891 1009.46533203125 1009.23400878906 1003.99334716797 998.143615722656
998.15966796875 987.7890625 994.425659179688 994.717407226562 988.923278808594 1001.07177734375 1003.36883544922 1007.20220947266 1004.21453857422 995.682556152344 985.101013183594 995.609924316406 997.203002929688 990.101928710938 997.963500976562 992.715270996094 996.558410644531 986.345520019531 983.98388671875 980.640258789062 975.917236328125 978.510498046875 983.660827636719 994.389587402344 986.95458984375 978.720825195312 982.260131835938 974.130859375 977.171936035156 979.953735351562 990.989562988281 993.388366699219 997.572265625 998.14794921875 992.241333007812 1004.36010742188 1001.03381347656 1000.83917236328 998.753112792969 997.834106445312 1002.6064453125 1003.97180175781 1001.49139404297 1005.07159423828 998.235168457031 991.339965820312
988.826354980469 987.680541992188 983.728637695312 987.010498046875 989.988464355469 995.906616210938 1010.20349121094 999.184020996094 999.854858398438 994.086242675781 997.583862304688 1002.27032470703 999.288879394531 990.903381347656 993.011047363281 992.204528808594 990.640563964844 995.897644042969 992.615661621094 984.375427246094 980.868347167969 982.06982421875 984.812133789062 988.891784667969 990.476684570312 979.716064453125 977.519165039062 985.271911621094 989.206237792969 987.083862304688 990.455017089844 982.384094238281 990.008972167969 992.443908691406 988.68115234375 992.488586425781 1000.65832519531 995.745483398438 1002.82366943359 1003.62060546875 999.927368164062 1002.89685058594 1013.58984375 1004.40838623047 1005.34802246094 991.355041503906
990.239990234375 984.966735839844 979.076965332031 987.282348632812 994.469482421875 996.050964355469 1002.18292236328 1003.13720703125 993.789611816406 999.896484375 993.080017089844 1005.50457763672 1003.52056884766 996.903442382812 996.38232421875 987.981079101562 988.948486328125 997.134887695312 997.626647949219 992.612487792969 983.041381835938 983.736267089844 991.052856445312 989.814392089844 990.271545410156 988.071838378906 987.710998535156 983.24951171875 984.711242675781 980.236083984375 993.444152832031 990.462646484375 994.219055175781 991.597717285156 979.212036132812 990.501403808594 997.778137207031 999.429382324219 1006.9560546875 1010.37738037109 1011.15521240234 1011.49224853516 1011.56060791016 1010.92590332031 1009.92846679688 999.958862304688
985.655029296875 985.637512207031 991.548034667969 989.555419921875 991.920776367188 992.69384765625 999.727294921875 999.253540039062 1004.255859375 995.01953125 994.3095703125 992.665771484375 992.66162109375 994.785339355469 999.092895507812 995.432434082031 988.628540039062 996.990112304688 995.593933105469 995.876403808594 997.299682617188 992.462829589844 999.142395019531 993.160400390625 991.207641601562 990.482727050781 993.349304199219 991.491760253906 992.307678222656 991.942199707031 994.519592285156 993.8486328125 992.659606933594 993.143798828125 981.520690917969 988.307739257812 992.898254394531 1000.11108398438 1008.93890380859 1002.67169189453 1012.12145996094 1009.07427978516 1003.66003417969 998.490417480469 1002.43908691406 1006.11047363281
992.499267578125 990.631896972656 984.454833984375 995.55859375 990.031127929688 994.268371582031 997.741271972656 999.071655273438 1001.61126708984 1004.05847167969 1002.67553710938 995.296325683594 990.779663085938 995.412353515625 997.364990234375 999.492492675781 995.887939453125 992.304809570312 990.693725585938 998.850708007812 993.573059082031 997.111206054688 997.32373046875 993.658996582031 996.333679199219 986.485290527344 984.117919921875 995.719665527344 994.970947265625 998.957946777344 999.973266601562 1000.85968017578 995.685668945312 999.817260742188 988.025512695312 982.446960449219 988.346740722656 994.372009277344 1003.96020507812 1000.90258789062 1009.83441162109 1010.03094482422 1015.99920654297 1011.85900878906 1007.90002441406 1001.72351074219
991.032897949219 988.570617675781 984.671508789062 998.315795898438 989.544494628906 1001.65759277344 1004.05682373047 999.027526855469 1006.00317382812 1017.53381347656 1004.42010498047 1000.53546142578 1006.76196289062 1002.291015625 1000.81140136719 995.782104492188 987.083557128906 995.321716308594 989.26806640625 998.407958984375 993.876342773438 989.214416503906 995.004150390625 992.065246582031 987.427429199219 991.293701171875 993.605163574219 984.32861328125 993.307373046875 998.780517578125 1018.90551757812 1012.00128173828 993.541442871094 1002.75744628906 1003.38385009766 990.508911132812 987.768493652344 988.64990234375 993.657104492188 999.049255371094 1012.74102783203 1021.16851806641 1024.1572265625 1016.43548583984 1015.97399902344 1008.48968505859
981.923828125 985.467834472656 983.307067871094 993.469543457031 988.87939453125 1002.15832519531 1007.04949951172 1004.55621337891 1005.87493896484 1004.77056884766 1002.00140380859 1000.78015136719 1000.61370849609 1001.80975341797 1006.23937988281 1005.32000732422 996.835388183594 1003.39306640625 1009.93273925781 999.502685546875 996.53271484375 988.737060546875 992.265686035156 991.466552734375 1000.28796386719 994.422668457031 987.615661621094 987.628479003906 994.646606445312 997.074035644531 1015.74377441406 1018.73248291016 1003.81414794922 992.998107910156 1007.90423583984 998.994445800781 998.212463378906 990.638977050781 994.007446289062 1002.40545654297 1006.09375 1017.36456298828 1015.88140869141 1007.32720947266 1004.71282958984 1007.36560058594
985.388061523438 980.953979492188 978.958862304688 992.376342773438 988.341247558594 998.098876953125 995.785705566406 1000.35797119141 991.64599609375 1003.23956298828 1008.48675537109 1005.75726318359 1012.71801757812 1016.37902832031 1007.38696289062 1009.03485107422 1005.21337890625 1009.72778320312 1003.98742675781 998.134826660156 1001.41839599609 1004.87017822266 1005.24523925781 1011.81774902344 1000.04779052734 991.901428222656 997.345764160156 995.986450195312 998.949951171875 999.753540039062 1006.8173828125 1002.74713134766 1002.78167724609 996.353820800781 998.595092773438 998.938720703125 998.493774414062 999.686767578125 1004.63134765625 999.663391113281 1006.62243652344 1009.14135742188 1013.12030029297 1008.61468505859 1000.29406738281 1013.47131347656
975.176391601562 986.068969726562 982.035705566406 983.521240234375 980.218139648438 988.696044921875 997.541564941406 995.455139160156 993.282165527344 995.822387695312 996.780090332031 1003.76232910156 1015.95318603516 1011.27880859375 1014.97198486328 1013.392578125 1008.86163330078 1008.70861816406 1009.52111816406 1003.38696289062 1006.57653808594 1010.49591064453 1007.65600585938 1005.18518066406 1001.49487304688 1000.00140380859 1005.41839599609 1001.59240722656 993.681762695312 993.305786132812 1008.01556396484 996.567077636719 1000.62872314453 993.605773925781 995.979125976562 988.472045898438 983.533874511719 1002.24792480469 999.416015625 1002.53796386719 998.296142578125 1001.17944335938 1012.40686035156 1012.20819091797 1005.68579101562 1009.99505615234
986.449645996094 978.931518554688 979.925170898438 982.869873046875 976.399169921875 986.369140625 994.125610351562 1002.19281005859 999.205078125 1003.439453125 996.123779296875 1002.80187988281 1006.599609375 1019.67883300781 1019.09088134766 1020.40875244141 1009.68096923828 998.837219238281 1011.76336669922 1010.96459960938 1003.06927490234 1006.87213134766 1004.462890625 1013.70446777344 1002.51361083984 1003.12005615234 1010.47766113281 1003.56317138672 1001.04284667969 1001.24658203125 998.505676269531 998.491027832031 995.883422851562 988.176696777344 988.240600585938 996.555603027344 992.737731933594 996.585266113281 999.551635742188 994.09228515625 996.093872070312 1002.81018066406 1008.88775634766 1009.28167724609 1008.74066162109 1007.5751953125
979.266174316406 983.489196777344 989.715881347656 976.8310546875 979.768493652344 988.55712890625 992.269165039062 1000.5380859375 997.317565917969 1000.19488525391 999.605712890625 1002.62353515625 1011.86212158203 1015.35473632812 1017.04791259766 1024.90405273438 1019.25939941406 1013.02813720703 1014.32623291016 1011.43902587891 1009.87774658203 1015.35321044922 1010.81091308594 1012.72619628906 1002.22772216797 1005.2646484375 1000.47290039062 1007.2939453125 1008.94500732422 1001.55236816406 999.373107910156 1002.50988769531 997.042114257812 998.966430664062 997.938293457031 1001.46374511719 1004.75579833984 996.523620605469 995.526123046875 1001.11590576172 995.536743164062 1003.53491210938 996.533935546875 1006.81854248047 1005.50067138672 1014.66461181641
981.129699707031 981.831420898438 977.486633300781 978.395263671875 974.053894042969 981.472473144531 987.06982421875 997.824279785156 998.717956542969 995.624389648438 1006.80841064453 1013.63159179688 1019.20831298828 1025.8779296875 1022.98248291016 1024.369140625 1017.96569824219 1022.56274414062 1015.63549804688 1019.23608398438 1017.05010986328 1010.33209228516 1016.48834228516 1007.68530273438 1009.41461181641 1009.09729003906 1005.50915527344 1006.16290283203 1010.55981445312 1009.84002685547 1008.42340087891 1006.01672363281 996.409545898438 995.716003417969 1006.42254638672 1009.14611816406 1004.93127441406 1008.04260253906 1007.32171630859 1007.37854003906 1011.91619873047 1006.94909667969 995.945129394531 1002.46600341797 1015.65234375 1014.91235351562
978.3193359375 982.681457519531 977.823852539062 970.135925292969 970.324340820312 973.667358398438 977.19677734375 979.8896484375 989.094421386719 1000.78527832031 1008.72277832031 1015.72387695312 1027.92785644531 1027.79187011719 1034.05249023438 1027.08081054688 1026.26867675781 1020.896484375 1016.17626953125 1015.10705566406 1024.11254882812 1023.46862792969 1018.86834716797 1021.4873046875 1016.35363769531 1013.37139892578 1013.40045166016 1014.46875 1011.19146728516 1009.44934082031 1005.39019775391 1003.26879882812 1001.33044433594 1005.07196044922 1009.28948974609 1007.00775146484 1005.22119140625 1012.98413085938 1011.60711669922 1008.53204345703 1011.94689941406 1007.90277099609 997.999694824219 993.140380859375 1011.65124511719 1014.85198974609
980.291381835938 979.509155273438 983.295043945312 978.510925292969 979.076416015625 977.431823730469 984.739562988281 987.857055664062 989.817993164062 997.742309570312 1006.9755859375 1014.00347900391 1019.20001220703 1020.28820800781 1020.78741455078 1023.81945800781 1018.43603515625 1014.52355957031 1021.67791748047 1025.525390625 1025.82238769531 1019.53472900391 1017.68237304688 1011.43713378906 1015.28662109375 1028.05053710938 1018.07092285156 1011.361328125 1015.51019287109 1011.89910888672 1001.52227783203 1012.3046875 1003.58929443359 995.823608398438 1002.60614013672 994.840515136719 1003.64129638672 1006.99407958984 998.628662109375 999.852416992188 1006.37145996094 1003.17956542969 999.017944335938 1000.09844970703 1012.46124267578 1017.90148925781
986.882873535156 991.894409179688 990.536193847656 988.71923828125 980.369445800781 978.93505859375 982.833374023438 986.382141113281 984.246948242188 999.047729492188 1002.93377685547 1008.27319335938 1014.75268554688 1021.5068359375 1027.20068359375 1018.36419677734 1014.44805908203 1015.08245849609 1018.43298339844 1020.58459472656 1017.13562011719 1013.125 1010.26635742188 1017.99560546875 1011.45574951172 1023.89581298828 1025.68017578125 1021.38739013672 1021.64483642578 1006.80584716797 1007.93957519531 1003.35815429688 1007.3076171875 998.414184570312 1001.24774169922 1004.76348876953 1008.14379882812 1000.93377685547 1004.28784179688 1000.47882080078 1004.79602050781 1001.63848876953 1005.11682128906 1017.32995605469 1017.92590332031 1014.04089355469
987.059387207031 984.955993652344 991.389709472656 978.313781738281 979.068115234375 984.66650390625 982.784606933594 989.585815429688 982.920227050781 999.81103515625 999.345336914062 999.701171875 1011.92584228516 1008.49224853516 1012.35144042969 1010.90203857422 999.599304199219 1008.84210205078 1009.99365234375 1014.75006103516 1016.06579589844 1014.00238037109 1021.21154785156 1021.85876464844 1019.94964599609 1012.76385498047 1021.24957275391 1015.92022705078 1013.43225097656 1010.02551269531 1008.55456542969 1010.96057128906 1000.78973388672 997.013671875 1007.01812744141 1006.91760253906 1000.63671875 1000.33312988281 1000.83685302734 992.003234863281 1005.22967529297 1006.08276367188 1009.72576904297 1021.06024169922 1020.04510498047 1014.26879882812
