data/zlatibor_dem_simulations/DEMsim89.asc
NCOLS 150
NROWS 100
XLLCORNER 7394249
YLLCORNER 4841999
CELLSIZE 30
NODATA_VALUE -9999
[rows 0 to 19 of 100, columns 46 to 91 of 150]
1004.47235107422 979.572937011719 981.0302734375 983.159606933594 959.251953125 957.56298828125 954.948852539062 954.604370117188 950.423095703125 944.083801269531 934.477844238281 930.190368652344 922.326599121094 919.630981445312 913.304504394531 919.909362792969 924.825012207031 910.323791503906 910.907653808594 903.421203613281 896.511840820312 899.541320800781 902.435302734375 910.722229003906 913.032470703125 916.775512695312 925.835083007812 921.758911132812 933.340942382812 942.935607910156 954.837341308594 968.320007324219 962.758483886719 959.963134765625 960.292053222656 958.681091308594 968.577453613281 966.102966308594 948.506164550781 944.723205566406 943.341064453125 930.640075683594 924.754943847656 933.828430175781 932.755798339844 927.348022460938
989.197631835938 978.882202148438 979.042053222656 975.498291015625 964.020935058594 956.477661132812 957.805236816406 949.496032714844 950.3740234375 952.334228515625 943.150817871094 937.235595703125 935.546752929688 930.598205566406 918.800842285156 928.377685546875 935.606140136719 923.4833984375 915.687866210938 911.625671386719 903.940368652344 909.648010253906 917.356201171875 923.2421875 916.962097167969 923.240539550781 931.972534179688 935.800598144531 938.464172363281 951.683532714844 951.821655273438 966.658325195312 968.804504394531 970.365661621094 971.189208984375 971.330261230469 979.297119140625 967.015747070312 956.387512207031 953.141967773438 946.955078125 944.869506835938 937.818237304688 935.265991210938 928.169555664062 928.613098144531
982.319213867188 981.779846191406 975.942749023438 966.627807617188 971.563903808594 957.705139160156 952.653259277344 959.302490234375 959.079040527344 958.120849609375 943.294250488281 941.480529785156 946.439086914062 941.786560058594 937.948974609375 931.406066894531 929.007629394531 929.284118652344 927.583923339844 920.294738769531 920.032897949219 919.527465820312 925.415344238281 927.549743652344 929.844116210938 932.013366699219 941.0478515625 944.955749511719 950.279724121094 957.203918457031 959.40869140625 984.084777832031 976.430603027344 981.663818359375 990.634338378906 979.367004394531 977.608947753906 964.241027832031 961.94970703125 961.544921875 956.277404785156 942.486755371094 940.99755859375 934.427551269531 929.835632324219 927.654846191406
988.870544433594 980.415710449219 973.647766113281 970.549987792969 969.738098144531 961.303771972656 958.87841796875 954.006774902344 969.000122070312 963.540466308594 952.881103515625 959.024719238281 957.410766601562 950.462036132812 948.853393554688 937.116149902344 940.440246582031 940.567260742188 941.173217773438 937.995544433594 931.350219726562 924.140808105469 928.126831054688 942.098449707031 941.099060058594 942.580444335938 942.122985839844 952.438537597656 958.702087402344 960.878356933594 972.468811035156 984.534912109375 985.094848632812 988.955932617188 998.721313476562 997.487609863281 993.074523925781 980.351257324219 972.340270996094 974.325866699219 962.736511230469 947.957885742188 945.347778320312 937.618286132812 928.041870117188 926.321044921875
986.782592773438 981.623657226562 984.190490722656 978.745666503906 969.167663574219 969.740478515625 971.466674804688 965.435913085938 965.263000488281 963.861633300781 965.120666503906 968.392883300781 951.559997558594 948.334777832031 951.972839355469 941.967407226562 945.419067382812 949.623474121094 947.638977050781 944.976135253906 944.095458984375 929.54345703125 929.225280761719 944.761413574219 950.851501464844 950.858520507812 953.103088378906 956.595153808594 955.057800292969 969.111206054688 980.969482421875 992.760498046875 985.038452148438 996.583435058594 1006.04071044922 1019.59399414062 1002.26849365234 995.414733886719 984.249084472656 972.957580566406 959.651489257812 958.097351074219 954.990295410156 941.560119628906 927.474304199219 930.764404296875
992.252807617188 989.363159179688 986.562194824219 988.5146484375 977.181274414062 985.232055664062 976.139526367188 971.358154296875 971.589050292969 968.712463378906 961.765075683594 965.963073730469 963.717163085938 966.799011230469 954.034057617188 959.07568359375 944.493713378906 953.526306152344 955.91943359375 966.282958984375 950.667053222656 950.868225097656 945.750366210938 954.264770507812 959.873413085938 959.623107910156 959.589294433594 954.638610839844 963.060668945312 979.23681640625 989.439636230469 1000.27276611328 1003.21057128906 1001.56591796875 1001.24578857422 1014.24261474609 1011.36102294922 1004.35211181641 993.174499511719 980.390197753906 963.180603027344 952.887451171875 947.832275390625 943.985290527344 942.398376464844 927.337097167969
1000.9521484375 1000.87591552734 991.171020507812 981.864013671875 988.064575195312 983.346313476562 980.504821777344 980.056640625 984.936767578125 980.376281738281 982.283020019531 973.703674316406 976.755920410156 974.816284179688 975.817687988281 970.511901855469 955.558166503906 964.669982910156 962.622253417969 965.691223144531 964.002197265625 961.234497070312 962.607849121094 968.304870605469 967.143432617188 960.576538085938 963.426452636719 961.56494140625 968.647094726562 982.360473632812 999.698059082031 1010.12908935547 1008.38397216797 1005.13555908203 1010.07305908203 1008.32257080078 1008.64025878906 998.603820800781 992.949401855469 985.136169433594 955.953430175781 955.502136230469 950.934509277344 943.48046875 937.052001953125 927.863037109375
1003.79193115234 1000.19848632812 995.970703125 992.551818847656 995.464538574219 988.810913085938 984.082336425781 991.045776367188 995.914123535156 996.040649414062 993.070678710938 984.243286132812 975.060729980469 977.29345703125 978.8330078125 982.7197265625 972.297424316406 972.037353515625 980.24267578125 970.123901367188 969.388916015625 961.328002929688 960.679992675781 963.681396484375 968.420593261719 963.028259277344 962.828430175781 965.162414550781 978.628845214844 997.128601074219 1003.17205810547 1014.41656494141 1015.27581787109 1012.22521972656 1014.49011230469 1009.30389404297 1003.35791015625 998.63330078125 987.374206542969 969.450073242188 965.791809082031 959.882263183594 941.441162109375 942.788940429688 927.290710449219 930.856994628906
1011.42242431641 1008.35418701172 1000.49920654297 994.80224609375 996.543701171875 999.371948242188 999.760925292969 996.597534179688 996.492126464844 1000.45245361328 1004.48193359375 993.378295898438 992.496276855469 990.774291992188 988.456176757812 983.596557617188 982.824584960938 984.346862792969 990.218322753906 987.42529296875 973.618530273438 972.650390625 971.073486328125 973.483154296875 974.479064941406 966.769104003906 971.678466796875 969.218811035156 983.841613769531 998.4267578125 1006.43072509766 1016.99890136719 1022.14532470703 1015.16339111328 1016.1962890625 1006.11798095703 1009.68273925781 988.005126953125 982.524963378906 969.958740234375 971.6640625 961.841613769531 945.674499511719 932.718872070312 921.490112304688 925.449401855469
1006.86517333984 1008.03619384766 1000.08447265625 1007.39935302734 1010.77581787109 1013.09478759766 1008.54321289062 1013.03125 1004.6416015625 1011.17785644531 1017.568359375 1010.29400634766 1002.40728759766 1000.95874023438 997.694152832031 988.606689453125 991.633605957031 988.312133789062 995.903198242188 1003.28918457031 997.5693359375 983.794494628906 980.295043945312 981.414184570312 989.7578125 996.752868652344 987.603393554688 983.608459472656 988.905883789062 995.811767578125 1011.46716308594 1025.44067382812 1026.36975097656 1027.22290039062 1020.06427001953 1008.56146240234 999.444396972656 984.982360839844 979.016540527344 976.200927734375 970.657470703125 955.97705078125 945.705932617188 933.189331054688 930.061279296875 932.399841308594
1006.0732421875 1004.24108886719 1001.95196533203 1007.59362792969 1012.03295898438 1019.17810058594 1015.42401123047 1012.55346679688 1014.70428466797 1015.82995605469 1018.58514404297 1021.27471923828 1016.12286376953 1010.76245117188 1005.02752685547 1003.51953125 996.212280273438 996.83935546875 997.738220214844 1000.70660400391 997.449829101562 998.689819335938 998.447326660156 993.490905761719 996.065063476562 997.080505371094 997.423095703125 992.419250488281 989.074462890625 995.515502929688 1009.88208007812 1021.20245361328 1026.44812011719 1029.81335449219 1021.64489746094 1009.11669921875 1001.13629150391 993.178100585938 980.673522949219 976.621948242188 965.361145019531 967.717590332031 946.199584960938 943.151000976562 939.584716796875 942.210021972656
1011.76202392578 1013.5888671875 1006.76654052734 1007.47418212891 1010.43090820312 1015.08209228516 1014.09826660156 1015.99993896484 1017.13305664062 1023.8134765625 1022.58642578125 1025.74340820312 1021.27020263672 1013.07635498047 1011.90582275391 1009.69146728516 1008.00018310547 1003.19134521484 1005.56640625 998.934143066406 996.9765625 1003.52368164062 1000.05169677734 998.410583496094 1003.75006103516 997.326171875 997.432067871094 993.332092285156 994.791259765625 1002.57708740234 1009.50451660156 1018.72338867188 1024.74877929688 1024.72473144531 1025.53088378906 1017.65557861328 1007.34606933594 1003.13214111328 991.191589355469 978.6533203125 973.29248046875 972.255615234375 962.144226074219 949.903198242188 948.419006347656 942.970581054688
1016.24676513672 1015.66088867188 1015.48223876953 1010.81945800781 1006.88226318359 1003.59484863281 1004.21038818359 1005.68487548828 1013.52606201172 1015.93951416016 1019.04058837891 1016.05236816406 1019.27069091797 1022.87866210938 1017.86846923828 1017.46783447266 1017.74639892578 1008.35870361328 1015.71234130859 1016.29901123047 1010.59234619141 996.557800292969 1001.51885986328 1002.12390136719 1004.58959960938 992.690551757812 996.264404296875 998.815612792969 996.9580078125 1010.17443847656 1019.87286376953 1026.38623046875 1035.71154785156 1032.15075683594 1032.2919921875 1022.25384521484 1008.25817871094 1010.36389160156 991.992370605469 985.527893066406 969.311157226562 971.297546386719 958.679077148438 946.033142089844 949.267639160156 945.005310058594
1025.03625488281 1017.85961914062 1005.93243408203 1019.53924560547 1006.73266601562 1004.27996826172 1000.15295410156 1004.69799804688 1010.96362304688 1010.40411376953 1009.81506347656 1012.19775390625 1013.94781494141 1018.23101806641 1014.48028564453 1016.08428955078 1018.10412597656 1015.00134277344 1017.51062011719 1011.69647216797 1008.10961914062 1001.18920898438 1005.37078857422 993.740356445312 1003.37731933594 997.43310546875 1001.20245361328 1013.14282226562 1012.04187011719 1018.38598632812 1017.88671875 1031.31140136719 1034.8388671875 1027.1005859375 1028.14758300781 1015.84057617188 1016.74975585938 1007.54693603516 989.816223144531 987.939208984375 982.651306152344 966.41796875 961.130187988281 947.580749511719 944.0009765625 939.581787109375
1015.69409179688 1008.87701416016 1001.66674804688 999.698852539062 1002.93634033203 1001.07171630859 1007.1796875 1005.65466308594 1008.17474365234 997.983581542969 1009.76489257812 1019.04205322266 1022.15069580078 1018.3349609375 1017.06500244141 1013.84814453125 1013.37854003906 1024.09216308594 1017.48901367188 1012.52319335938 1012.20330810547 1007.24212646484 1003.78521728516 1004.39739990234 989.202453613281 1001.77777099609 1005.59704589844 1017.90283203125 1015.28137207031 1024.90002441406 1030.10876464844 1032.89489746094 1038.35290527344 1035.98071289062 1027.5654296875 1015.93322753906 1022.65679931641 1005.75793457031 999.845031738281 988.659484863281 982.334167480469 970.709106445312 961.501037597656 961.800842285156 946.182189941406 933.536010742188
1017.19659423828 1014.00506591797 1011.98583984375 1002.681640625 1003.33465576172 1000.03070068359 996.107421875 1004.38598632812 1013.95300292969 1000.64715576172 1006.78210449219 1019.68707275391 1023.57531738281 1016.77496337891 1007.69750976562 1022.50012207031 1019.69915771484 1024.74365234375 1021.36724853516 1008.95281982422 1015.29772949219 1008.51281738281 1004.47637939453 998.375793457031 1002.93072509766 994.358581542969 1001.64794921875 1016.20098876953 1024.78503417969 1031.578125 1031.61950683594 1028.45678710938 1041.24523925781 1037.06872558594 1028.83703613281 1028.02722167969 1025.31884765625 1014.93597412109 1005.11975097656 998.56201171875 979.52685546875 971.27880859375 961.119262695312 962.144348144531 947.0732421875 935.856384277344
1023.51867675781 1012.83599853516 1012.99755859375 1004.30462646484 999.484741210938 997.833923339844 997.25146484375 999.027526855469 1009.91876220703 1019.02655029297 1017.35321044922 1017.45355224609 1024.21008300781 1017.3681640625 1018.31958007812 1016.58856201172 1025.83361816406 1018.19647216797 1021.66186523438 1020.00616455078 1023.50592041016 1014.31713867188 1010.14019775391 1011.51904296875 1005.20611572266 1006.26379394531 1009.24047851562 1026.4404296875 1036.76379394531 1027.47497558594 1045.44067382812 1047.65954589844 1042.22290039062 1033.16467285156 1035.8173828125 1034.3671875 1032.56994628906 1026.23706054688 1014.75341796875 1004.62072753906 988.727905273438 985.890197753906 974.601257324219 963.588195800781 954.921447753906 938.460388183594
1022.86071777344 1015.08081054688 1004.69738769531 993.657836914062 1005.87432861328 996.833129882812 996.369140625 998.898803710938 1000.40551757812 1006.70928955078 1018.46661376953 1020.23693847656 1017.40551757812 1025.38549804688 1024.10632324219 1014.72906494141 1017.45794677734 1019.05615234375 1019.06713867188 1025.95556640625 1020.66247558594 1012.9208984375 1012.80511474609 1013.69836425781 1005.58514404297 1011.02935791016 1014.30364990234 1021.50634765625 1030.76123046875 1039.18359375 1040.65417480469 1043.74182128906 1040.87084960938 1043.1220703125 1039.80859375 1033.6943359375 1036.60229492188 1034.71618652344 1015.96710205078 1008.37774658203 994.692077636719 990.287536621094 983.357543945312 971.359924316406 969.757202148438 960.657165527344
1021.20660400391 1014.97821044922 1013.43011474609 1001.48284912109 1003.00946044922 1009.95690917969 1006.09741210938 1003.37786865234 999.940307617188 1007.59722900391 1013.09545898438 1013.65856933594 1022.00769042969 1021.85852050781 1016.82666015625 1023.77966308594 1022.56958007812 1016.81549072266 1018.33947753906 1026.10217285156 1022.05712890625 1015.58544921875 1017.79235839844 1019.69006347656 1023.85400390625 1018.56842041016 1023.0810546875 1022.28393554688 1026.38989257812 1038.67504882812 1048.11730957031 1045.74157714844 1040.67822265625 1043.65173339844 1039.33361816406 1032.83288574219 1034.94067382812 1033.59936523438 1024.19079589844 1006.97338867188 996.066040039062 991.171752929688 987.825988769531 982.5732421875 974.184875488281 968.534912109375
1021.93170166016 1014.13409423828 1003.61254882812 1005.43493652344 1001.01574707031 1005.48895263672 1004.79040527344 1004.70751953125 1009.91345214844 1008.58544921875 1020.18908691406 1009.67297363281 1006.64715576172 1016.67462158203 1006.5625 1010.20086669922 1013.34753417969 1020.38580322266 1022.80419921875 1028.09533691406 1026.69738769531 1021.43109130859 1019.57183837891 1023.32061767578 1019.04223632812 1027.07934570312 1031.61047363281 1030.66662597656 1030.74572753906 1038.88989257812 1035.60485839844 1033.01843261719 1037.85107421875 1033.33837890625 1039.10827636719 1040.64709472656 1036.48706054688 1036.0966796875 1026.44372558594 1014.05670166016 1006.15521240234 992.569763183594 983.929809570312 982.837707519531 976.202697753906 973.59814453125
