data/zlatibor_dem_simulations/DEMsim22.asc
NCOLS 150
NROWS 100
XLLCORNER 7394249
YLLCORNER 4841999
CELLSIZE 30
NODATA_VALUE -9999
[rows 60 to 79 of 100, columns 92 to 137 of 150]
970.806213378906 963.724975585938 960.10986328125 962.208984375 971.278991699219 974.827514648438 980.7236328125 977.568725585938 978.49755859375 987.141174316406 981.892211914062 990.019775390625 995.673400878906 1003.37139892578 1007.91900634766 1012.97857666016 1008.36358642578 1016.40216064453 1009.70727539062 1021.50366210938 1017.47015380859 1027.35607910156 1014.95971679688 1012.10559082031 1005.47619628906 1006.53717041016 1010.34216308594 1002.24401855469 1005.89978027344 1004.05615234375 1004.48852539062 1004.72540283203 1014.18939208984 1012.69158935547 1024.07873535156 1032.3291015625 1030.83020019531 1026.38391113281 1037.59533691406 1040.71154785156 1056.52233886719 1065.13195800781 1069.74450683594 1080.35974121094 1065.02038574219 1070.78454589844
965.421997070312 966.944519042969 963.211059570312 964.744018554688 964.808410644531 965.838623046875 974.093200683594 976.08251953125 980.89306640625 986.808410644531 991.608520507812 1002.51995849609 1000.67132568359 999.332336425781 1002.94317626953 1007.31408691406 1016.64617919922 1024.9892578125 1021.0927734375 1021.67333984375 1026.384765625 1025.4970703125 1024.09777832031 1019.11096191406 1008.08129882812 1013.01086425781 1013.56756591797 1012.99926757812 1015.71429443359 1018.77471923828 1010.53411865234 1017.19049072266 1019.93603515625 1021.31628417969 1024.01879882812 1029.52746582031 1037.03747558594 1026.55725097656 1028.13403320312 1039.41015625 1051.23742675781 1061.38452148438 1067.9794921875 1052.60009765625 1057.35375976562 1049.072265625
962.895935058594 960.701721191406 967.46728515625 966.151916503906 959.24560546875 959.522399902344 969.331176757812 971.485229492188 977.498840332031 989.918090820312 993.738403320312 993.240234375 988.825622558594 993.002136230469 997.179443359375 1004.71343994141 1015.1982421875 1028.77368164062 1020.17053222656 1032.44421386719 1025.07604980469 1019.14660644531 1019.04467773438 1012.06915283203 1014.27520751953 1015.79614257812 1019.50469970703 1019.12622070312 1018.91400146484 1017.49700927734 1024.79895019531 1020.2451171875 1017.30340576172 1027.58129882812 1019.35009765625 1028.38171386719 1018.07672119141 1029.1259765625 1024.35107421875 1032.43420410156 1046.50415039062 1052.87524414062 1046.93920898438 1039.95678710938 1043.03076171875 1040.04541015625
962.008483886719 965.489929199219 969.912048339844 974.446899414062 963.856262207031 961.133605957031 959.206665039062 971.668212890625 974.150634765625 979.668334960938 985.21435546875 988.554443359375 996.321044921875 994.043029785156 997.857482910156 1001.45489501953 1017.65570068359 1022.14672851562 1026.52087402344 1035.26110839844 1030.58190917969 1030.5771484375 1008.68542480469 1008.49884033203 1013.82232666016 1019.46606445312 1026.5048828125 1013.6669921875 1014.97113037109 1013.61810302734 1022.11895751953 1027.53796386719 1029.51440429688 1026.12475585938 1020.41857910156 1022.0068359375 1024.44458007812 1021.44427490234 1024.33544921875 1030.90661621094 1044.29077148438 1044.42797851562 1043.87451171875 1036.75244140625 1040.18103027344 1031.78637695312
965.913940429688 963.502075195312 970.996032714844 969.192443847656 970.782653808594 969.500122070312 966.384887695312 970.2666015625 969.601257324219 981.294311523438 981.748718261719 993.191101074219 996.2001953125 1001.31311035156 1000.77484130859 1006.11492919922 1011.51959228516 1014.93963623047 1022.77642822266 1031.20092773438 1030.03173828125 1021.98413085938 1008.48156738281 1012.67248535156 1018.59002685547 1022.40069580078 1012.76013183594 1011.87054443359 1018.3388671875 1020.01391601562 1024.81958007812 1030.09289550781 1031.32202148438 1023.43957519531 1020.49346923828 1024.11120605469 1026.42590332031 1024.32409667969 1020.96166992188 1026.22924804688 1036.74084472656 1047.54504394531 1039.55017089844 1036.10510253906 1026.89379882812 1034.18054199219
972.827514648438 975.444946289062 980.649291992188 978.286071777344 982.008422851562 974.678039550781 970.922180175781 973.706604003906 975.708068847656 983.246276855469 993.657470703125 995.980224609375 1002.65264892578 1006.34875488281 1003.06036376953 1011.48040771484 1009.60424804688 1013.82952880859 1021.52587890625 1028.75085449219 1025.69494628906 1032.91186523438 1023.00549316406 1010.4169921875 1012.04382324219 1024.56921386719 1029.91540527344 1030.40307617188 1031.10925292969 1029.29821777344 1032.28332519531 1028.92272949219 1027.00537109375 1021.96350097656 1021.08526611328 1024.06030273438 1027.66491699219 1031.13830566406 1026.71948242188 1031.70190429688 1031.88159179688 1030.08178710938 1037.35607910156 1044.60400390625 1030.01208496094 1033.12866210938
982.467102050781 983.322570800781 982.508239746094 982.037048339844 984.148986816406 971.060791015625 977.282470703125 976.1357421875 972.560302734375 983.556091308594 997.708374023438 992.603881835938 997.144714355469 998.945190429688 1008.24475097656 1005.47412109375 1007.15313720703 1013.45770263672 1014.19744873047 1025.95043945312 1022.81115722656 1021.67065429688 1009.18798828125 1017.69671630859 1020.74627685547 1026.193359375 1036.2685546875 1031.80285644531 1035.45471191406 1031.92370605469 1033.009765625 1040.35034179688 1021.96948242188 1015.38104248047 1018.51611328125 1010.21978759766 1019.30871582031 1012.55780029297 1017.09362792969 1025.23693847656 1031.37976074219 1031.82202148438 1038.83666992188 1036.19689941406 1037.66149902344 1035.994140625
981.328002929688 981.456481933594 984.555603027344 989.165832519531 983.709411621094 982.052185058594 978.036682128906 975.247131347656 986.319580078125 987.196044921875 999.916870117188 995.456298828125 996.199340820312 1003.31793212891 1009.73529052734 1005.57647705078 1004.69525146484 1010.24133300781 1012.54339599609 1018.13873291016 1016.83184814453 1018.01568603516 1017.69055175781 1021.43035888672 1022.68682861328 1029.21801757812 1045.36474609375 1033.64953613281 1033.96264648438 1030.09313964844 1033.07202148438 1036.59729003906 1030.13244628906 1023.14208984375 1025.6572265625 1018.48333740234 1014.54321289062 1010.80615234375 1016.54370117188 1021.03948974609 1028.63916015625 1034.32299804688 1033.35095214844 1034.45104980469 1034.74291992188 1036.7607421875
981.402893066406 976.045227050781 985.42333984375 990.469421386719 988.418823242188 985.194458007812 989.472229003906 982.7890625 985.969177246094 987.1953125 996.273803710938 1009.11242675781 991.306274414062 1005.19403076172 1005.73425292969 1008.45727539062 1016.00555419922 1015.11022949219 1018.35260009766 1014.21398925781 1013.23699951172 1019.42004394531 1015.17077636719 1019.48712158203 1027.99230957031 1042.78552246094 1038.5439453125 1040.84973144531 1044.10229492188 1036.93493652344 1031.47717285156 1026.93872070312 1013.40985107422 1021.84716796875 1019.08129882812 1016.63726806641 1008.47784423828 1010.59216308594 1015.20922851562 1013.20623779297 1022.02166748047 1030.53271484375 1038.48205566406 1028.09582519531 1032.4248046875 1032.708984375
981.802917480469 980.962280273438 991.279235839844 991.7646484375 990.695251464844 989.686645507812 983.95556640625 987.438293457031 990.509338378906 992.494262695312 992.843200683594 991.905578613281 995.021240234375 1003.92010498047 1014.0986328125 1008.42321777344 1020.44232177734 1018.05859375 1012.34979248047 1001.658203125 1013.60009765625 1019.19836425781 1024.49206542969 1022.39215087891 1031.88854980469 1036.83154296875 1037.15881347656 1043.91430664062 1043.42211914062 1041.83435058594 1043.90930175781 1036.34118652344 1024.23901367188 1020.20153808594 1025.91198730469 1017.0556640625 1015.37976074219 1005.03845214844 1014.63854980469 1023.705078125 1027.93872070312 1028.49694824219 1033.73217773438 1031.09545898438 1028.20666503906 1039.19616699219
982.072326660156 991.853698730469 984.09765625 990.053161621094 995.720703125 1000.31518554688 987.314453125 993.784606933594 991.328796386719 985.383178710938 987.05615234375 989.636474609375 997.044860839844 1011.39251708984 1014.60009765625 1015.29699707031 1012.37591552734 1017.49963378906 1017.25982666016 1016.26623535156 1023.6279296875 1018.88665771484 1017.47613525391 1027.78234863281 1032.60205078125 1039.279296875 1038.66809082031 1045.73181152344 1046.2373046875 1043.93151855469 1045.75512695312 1039.71899414062 1031.9541015625 1019.30773925781 1011.04577636719 1024.8544921875 1021.2041015625 1008.83209228516 1015.19189453125 1022.35498046875 1021.29895019531 1024.53259277344 1030.52709960938 1033.92980957031 1023.86285400391 1029.38940429688
984.908020019531 997.768737792969 996.610473632812 1000.38763427734 1002.45599365234 1005.65515136719 993.2861328125 991.218566894531 984.128295898438 995.470764160156 986.446228027344 991.874450683594 996.448974609375 1006.35675048828 1013.64282226562 1019.60308837891 1022.04168701172 1027.14733886719 1029.37231445312 1026.5498046875 1030.73486328125 1021.44390869141 1030.12573242188 1028.43566894531 1025.51220703125 1035.39599609375 1038.72106933594 1036.44274902344 1042.45153808594 1049.44641113281 1038.33422851562 1040.97790527344 1034.1552734375 1016.47448730469 1014.02874755859 1015.95599365234 1026.13684082031 1016.35052490234 1015.05963134766 1026.78039550781 1026.12377929688 1026.65100097656 1025.74365234375 1025.8037109375 1024.29467773438 1019.15991210938
991.479919433594 992.860290527344 995.384521484375 997.069274902344 1002.43713378906 998.906433105469 991.930908203125 992.502136230469 992.423583984375 990.363586425781 988.786682128906 992.640625 995.60791015625 1006.21612548828 1016.58166503906 1020.10955810547 1019.36309814453 1030.37646484375 1026.29504394531 1029.79296875 1031.07702636719 1027.97094726562 1038.73693847656 1035.26000976562 1032.92846679688 1036.55749511719 1038.54699707031 1041.46936035156 1035.30126953125 1038.24792480469 1040.29846191406 1039.59057617188 1030.43981933594 1025.36840820312 1017.748046875 1017.09710693359 1014.04046630859 1009.27362060547 1017.60101318359 1025.35852050781 1024.6806640625 1022.72137451172 1024.07666015625 1016.09918212891 1017.31146240234 1018.18933105469
986.328125 994.130249023438 998.7998046875 1003.01409912109 994.456176757812 991.992980957031 991.757202148438 988.89501953125 982.438842773438 991.1083984375 999.77392578125 999.828491210938 1000.5615234375 1012.77532958984 1019.87622070312 1023.48284912109 1029.69030761719 1025.42578125 1030.94543457031 1034.42456054688 1034.96057128906 1038.46557617188 1039.24230957031 1033.89086914062 1031.29309082031 1032.43273925781 1028.59448242188 1031.53234863281 1031.05358886719 1031.21362304688 1029.03454589844 1027.27685546875 1031.20288085938 1027.01770019531 1019.71905517578 1010.28668212891 1005.50152587891 1016.84283447266 1017.18823242188 1024.46325683594 1021.82177734375 1023.70703125 1019.19366455078 1022.39733886719 1011.94403076172 1018.60321044922
982.346374511719 989.380920410156 991.792541503906 999.960021972656 1001.63940429688 1002.39251708984 1003.03125 995.044677734375 994.137329101562 994.1240234375 999.502685546875 1006.56829833984 1006.13757324219 1010.56219482422 1013.73101806641 1027.185546875 1024.60583496094 1019.72351074219 1023.89208984375 1030.40148925781 1035.00964355469 1041.62927246094 1033.27099609375 1028.98071289062 1029.0224609375 1022.2080078125 1016.27941894531 1032.94067382812 1029.47790527344 1027.11791992188 1033.20776367188 1027.93432617188 1027.69616699219 1020.89947509766 1017.90966796875 1014.21520996094 1007.57269287109 1015.20635986328 1018.40557861328 1014.37786865234 1015.19146728516 1011.92437744141 1021.58776855469 1015.86517333984 1027.15002441406 1015.90338134766
985.783874511719 989.279479980469 997.441955566406 1004.66101074219 997.349182128906 999.779235839844 993.763854980469 997.512023925781 998.051696777344 1003.20025634766 1005.55883789062 1015.68792724609 1012.14520263672 1011.70812988281 1018.79803466797 1020.97528076172 1030.259765625 1014.83819580078 1024.85473632812 1023.67016601562 1036.73852539062 1031.26501464844 1027.38037109375 1026.99865722656 1019.79229736328 1009.79895019531 1018.81134033203 1025.37524414062 1028.52856445312 1029.705078125 1027.10717773438 1016.13635253906 1023.28961181641 1023.00518798828 1016.15814208984 1008.53131103516 1003.98980712891 1005.14965820312 1020.7158203125 1018.29754638672 1005.32189941406 1005.87640380859 1016.50512695312 1013.78393554688 1014.83209228516 1013.70135498047
989.429748535156 995.755432128906 997.502990722656 1001.42413330078 1005.84020996094 999.04443359375 991.901794433594 994.398559570312 998.317199707031 998.756408691406 999.764099121094 1013.19763183594 1017.02520751953 1020.20971679688 1019.86108398438 1025.33154296875 1029.82189941406 1028.76831054688 1023.81402587891 1027.61328125 1020.66027832031 1028.97875976562 1033.48718261719 1029.07995605469 1015.38226318359 1023.16137695312 1026.79040527344 1032.39501953125 1037.4296875 1025.19348144531 1026.0673828125 1015.85461425781 1025.025390625 1023.57086181641 1019.56890869141 1010.78558349609 1000.70031738281 1005.42547607422 1009.97509765625 1005.09405517578 1007.8525390625 1013.95123291016 1011.02722167969 1011.03778076172 1014.42047119141 1011.93395996094
986.336547851562 986.645812988281 990.299438476562 1000.63171386719 1004.04010009766 1000.34887695312 1000.60943603516 1003.64422607422 999.024536132812 1005.26861572266 1007.40179443359 1018.56958007812 1018.18572998047 1019.60711669922 1028.19079589844 1027.09948730469 1031.15734863281 1030.38732910156 1034.32751464844 1033.40258789062 1020.86950683594 1030.38854980469 1024.91467285156 1026.0302734375 1022.33404541016 1016.5771484375 1026.06799316406 1038.74304199219 1033.50219726562 1036.85595703125 1024.37377929688 1022.23962402344 1026.46423339844 1016.72515869141 1007.83703613281 1005.08740234375 1002.71514892578 1009.38629150391 1001.91326904297 1002.86376953125 997.877868652344 1003.42083740234 1003.85736083984 1004.63031005859 1006.89001464844 1008.01574707031
980.576721191406 983.79296875 995.829406738281 1008.71423339844 999.821105957031 993.840576171875 998.9619140625 1007.48419189453 1004.92364501953 1009.39337158203 1008.83477783203 1003.65521240234 1010.08117675781 1020.36517333984 1024.16772460938 1027.57006835938 1031.18054199219 1030.43774414062 1036.20947265625 1040.57629394531 1035.51806640625 1028.48254394531 1026.48352050781 1033.9462890625 1012.26953125 1020.10498046875 1030.84436035156 1040.02966308594 1039.97912597656 1032.42114257812 1020.77862548828 1027.30261230469 1017.97515869141 1014.75701904297 1009.77862548828 997.876159667969 1004.91857910156 1007.91656494141 1005.03961181641 1001.65374755859 998.319519042969 999.989379882812 996.430725097656 1002.79705810547 1005.32373046875 1002.22412109375
992.467468261719 994.582214355469 1005.16650390625 1006.88500976562 1001.37963867188 1000.50659179688 999.557006835938 1006.57733154297 1010.74609375 1004.35491943359 1006.13562011719 1009.47869873047 1017.54132080078 1014.20153808594 1019.07220458984 1028.97033691406 1027.16943359375 1033.47351074219 1036.71472167969 1045.75134277344 1045.77978515625 1040.6572265625 1039.41284179688 1030.97253417969 1022.57299804688 1028.552734375 1024.20373535156 1033.47778320312 1034.71105957031 1035.47106933594 1029.72399902344 1025.35827636719 1021.9482421875 1015.01770019531 1001.04510498047 1005.62933349609 994.614624023438 997.5107421875 998.851684570312 1004.53363037109 1008.46765136719 998.966003417969 1000.92803955078 1004.81018066406 1010.05401611328 998.949645996094
