data/zlatibor_dem_simulations/DEMsim16.asc
NCOLS 150
NROWS 100
XLLCORNER 7394249
YLLCORNER 4841999
CELLSIZE 30
NODATA_VALUE -9999
[rows 60 to 79 of 100, columns 92 to 137 of 150]
966.555541992188 967.373229980469 975.611022949219 970.545166015625 974.682006835938 978.263977050781 992.001342773438 985.0078125 977.143920898438 971.28857421875 986.232849121094 985.2451171875 980.828430175781 989.954711914062 990.501159667969 993.6767578125 992.690124511719 998.626098632812 992.377319335938 989.1064453125 1000.57165527344 1002.22637939453 1008.98883056641 1001.13269042969 1005.85345458984 1000.11022949219 1007.70568847656 1005.54626464844 1007.716796875 1003.95745849609 1006.80218505859 1011.43658447266 1010.59918212891 1021.89276123047 1022.64556884766 1026.67504882812 1028.16955566406 1032.84387207031 1025.8603515625 1032.60034179688 1047.60693359375 1050.90844726562 1050.31555175781 1053.8291015625 1059.91674804688 1048.32568359375
963.291931152344 967.421081542969 977.114501953125 973.669372558594 977.0126953125 972.472229003906 980.669128417969 984.609313964844 974.95068359375 987.91357421875 979.882385253906 985.697631835938 990.832702636719 989.302612304688 991.844909667969 988.357788085938 992.153503417969 998.22412109375 999.595153808594 995.995971679688 995.847778320312 997.113708496094 1000.45617675781 995.69091796875 1003.81213378906 996.670349121094 1007.25347900391 1006.64202880859 1012.70556640625 1006.61163330078 1014.65106201172 1006.98590087891 1008.40649414062 1018.53820800781 1018.13659667969 1018.58117675781 1008.28991699219 1011.55035400391 1012.28930664062 1025.77404785156 1040.71887207031 1044.01696777344 1050.28894042969 1054.97937011719 1061.697265625 1058.60534667969
968.503356933594 972.043823242188 970.181396484375 983.038208007812 986.348022460938 974.876159667969 972.529663085938 978.855041503906 991.153503417969 991.681030273438 986.4970703125 993.619750976562 991.55810546875 987.4228515625 986.249572753906 991.871643066406 993.871459960938 997.731994628906 1001.33966064453 996.541748046875 1003.81103515625 990.160217285156 999.637939453125 998.269226074219 1007.15716552734 1011.63720703125 1012.56427001953 1018.23187255859 1022.50518798828 1018.68841552734 1015.1328125 1009.20288085938 1005.13122558594 1013.20886230469 1010.70709228516 1011.54278564453 1013.99932861328 1007.28063964844 1011.48107910156 1023.16168212891 1022.99792480469 1036.03405761719 1040.93212890625 1044.29431152344 1052.1240234375 1058.51354980469
966.930786132812 977.857971191406 975.638549804688 981.293701171875 980.476135253906 978.534729003906 974.5390625 983.544250488281 991.182250976562 990.1201171875 994.370971679688 997.499450683594 984.214111328125 990.641906738281 988.122619628906 986.388793945312 993.477416992188 998.644653320312 1008.74200439453 996.427429199219 1003.76501464844 995.679626464844 1004.53387451172 1000.09008789062 997.821044921875 1014.58074951172 1022.28881835938 1024.51831054688 1026.53173828125 1018.08361816406 1016.96313476562 1015.66033935547 1016.794921875 1013.5146484375 1011.04241943359 1018.42034912109 1023.60491943359 1020.26458740234 1011.5615234375 1015.48114013672 1030.33569335938 1041.99243164062 1028.30688476562 1036.41174316406 1038.17956542969 1051.22521972656
966.84326171875 972.489501953125 980.881591796875 985.786804199219 980.943786621094 991.174072265625 981.88037109375 991.241333007812 988.369140625 994.856140136719 994.507263183594 997.3486328125 992.115844726562 993.545349121094 991.886413574219 993.232421875 988.733947753906 1008.95599365234 1016.74133300781 1011.07989501953 1016.06036376953 1010.87860107422 1003.42413330078 995.89306640625 1003.82806396484 1012.14709472656 1020.19445800781 1022.16760253906 1021.56506347656 1020.23693847656 1021.24169921875 1019.69384765625 1013.0859375 1020.59558105469 1016.03509521484 1019.50390625 1024.38720703125 1020.03491210938 1017.57067871094 1022.88507080078 1027.90881347656 1036.93090820312 1030.34411621094 1035.33825683594 1038.89147949219 1041.0546875
976.4482421875 970.56591796875 971.038024902344 976.592956542969 977.640014648438 982.17529296875 981.45458984375 985.71484375 985.683410644531 990.40283203125 984.646423339844 996.040771484375 993.041625976562 999.337280273438 998.99658203125 998.803466796875 1010.1689453125 1015.00048828125 1021.88409423828 1018.70007324219 1029.6005859375 1023.72772216797 1013.65997314453 1007.67590332031 1014.70831298828 1025.52734375 1033.14294433594 1029.23022460938 1029.47912597656 1023.49951171875 1017.39147949219 1018.74389648438 1022.11358642578 1020.54766845703 1006.11566162109 1014.37841796875 1020.63244628906 1020.24645996094 1022.82495117188 1016.17932128906 1026.70251464844 1036.453125 1037.37170410156 1036.25451660156 1045.10803222656 1041.15686035156
971.060607910156 977.240417480469 978.412902832031 978.376708984375 988.764038085938 982.181030273438 978.337219238281 982.509033203125 985.888061523438 992.44970703125 992.257873535156 992.283935546875 992.498229980469 1000.79302978516 1007.37451171875 1008.48498535156 1013.57739257812 1021.77392578125 1017.67718505859 1021.59576416016 1024.97424316406 1029.10778808594 1029.44201660156 1022.68121337891 1024.65771484375 1031.40319824219 1046.05798339844 1035.70361328125 1036.671875 1028.16259765625 1023.27459716797 1028.00903320312 1011.96252441406 1012.50830078125 1011.14947509766 1014.05499267578 1016.24334716797 1023.8505859375 1015.24700927734 1022.54400634766 1030.60693359375 1027.08850097656 1038.1435546875 1036.0947265625 1033.70788574219 1038.19982910156
980.094482421875 980.201293945312 975.774963378906 983.396423339844 984.28076171875 981.296325683594 991.3896484375 978.320007324219 987.881713867188 993.106201171875 1002.55145263672 995.161193847656 990.273803710938 1000.89031982422 995.746520996094 1006.36187744141 1005.56402587891 1015.70733642578 1018.06384277344 1021.91943359375 1023.62261962891 1035.39135742188 1037.73010253906 1033.43566894531 1033.85803222656 1033.90100097656 1037.88293457031 1037.02307128906 1041.46228027344 1034.21203613281 1030.7822265625 1024.71447753906 1033.00708007812 1027.00048828125 1013.13122558594 1013.66564941406 1015.97729492188 1014.84210205078 1021.86206054688 1027.68298339844 1024.43127441406 1031.765625 1031.53991699219 1036.20043945312 1029.48596191406 1026.5556640625
982.636291503906 983.598022460938 981.771911621094 988.435852050781 991.0556640625 997.654052734375 988.714294433594 980.5546875 990.768188476562 992.44921875 996.3388671875 997.392150878906 987.502380371094 999.469055175781 1001.32855224609 997.618286132812 1007.53240966797 1011.49975585938 1015.98968505859 1017.63604736328 1027.31530761719 1028.21789550781 1034.09423828125 1034.10205078125 1037.15185546875 1035.71594238281 1037.59887695312 1042.79992675781 1046.00085449219 1042.69750976562 1046.35119628906 1035.18664550781 1031.96704101562 1028.45324707031 1030.52001953125 1021.14886474609 1020.93469238281 1018.70172119141 1019.91638183594 1020.99932861328 1020.36499023438 1021.60736083984 1028.31115722656 1027.90356445312 1025.46228027344 1022.23504638672
980.257568359375 978.740905761719 988.992065429688 996.024108886719 998.623352050781 993.111083984375 998.474609375 994.774475097656 989.209716796875 996.182312011719 988.450927734375 986.0654296875 991.238342285156 999.7275390625 1005.86651611328 1004.7666015625 1012.17810058594 1018.35668945312 1013.82745361328 1020.26086425781 1023.39178466797 1030.26940917969 1030.79309082031 1033.35339355469 1033.72766113281 1034.26306152344 1034.43347167969 1039.26037597656 1041.84680175781 1052.99865722656 1043.20031738281 1038.60290527344 1027.78442382812 1028.76318359375 1034.83972167969 1028.60705566406 1028.19653320312 1018.46771240234 1021.04431152344 1019.58917236328 1021.84808349609 1015.82153320312 1022.62243652344 1022.64569091797 1021.12457275391 1016.65081787109
974.819274902344 982.798583984375 987.250854492188 994.476196289062 995.182312011719 993.138000488281 1001.30993652344 1010.78009033203 1004.02301025391 996.121887207031 978.789489746094 986.071899414062 991.508056640625 1002.33337402344 1001.4892578125 1004.140625 1013.47833251953 1019.37005615234 1026.67565917969 1021.01501464844 1021.41650390625 1030.95593261719 1035.69555664062 1032.65161132812 1031.42822265625 1028.00268554688 1030.91052246094 1031.23693847656 1043.49926757812 1047.91137695312 1042.53210449219 1032.56225585938 1028.95751953125 1028.42199707031 1019.47241210938 1023.60626220703 1019.01129150391 1016.94781494141 1025.1357421875 1017.57537841797 1019.09124755859 1015.23236083984 1012.97814941406 1012.85913085938 1022.58569335938 1019.83782958984
976.643188476562 983.952270507812 987.68115234375 992.385925292969 997.917602539062 1003.67517089844 1017.6201171875 1012.07501220703 1005.19885253906 999.751831054688 990.718566894531 993.682373046875 1003.84210205078 1008.79168701172 994.298950195312 1010.63635253906 1009.74688720703 1017.56481933594 1022.40881347656 1021.88989257812 1024.58557128906 1026.97814941406 1035.70141601562 1034.93981933594 1035.7587890625 1029.87634277344 1029.20654296875 1028.94262695312 1043.14025878906 1048.21032714844 1054.09619140625 1047.23413085938 1034.86010742188 1024.9482421875 1024.41589355469 1016.96002197266 1020.74761962891 1018.06573486328 1013.09448242188 1016.60375976562 1016.44091796875 1009.62322998047 1009.91375732422 1013.52624511719 1005.04760742188 1007.36218261719
984.893676757812 982.973510742188 992.240539550781 1004.90209960938 1005.81433105469 1006.93090820312 1019.06701660156 1008.28656005859 1003.54284667969 1002.44128417969 1003.31170654297 1019.45648193359 1006.99182128906 1008.76739501953 1003.72027587891 1016.04333496094 1013.56579589844 1018.93487548828 1020.86126708984 1026.34594726562 1022.61700439453 1016.89654541016 1022.19982910156 1028.04113769531 1032.65539550781 1037.2080078125 1031.62219238281 1035.41491699219 1042.1884765625 1046.85021972656 1044.99719238281 1048.29638671875 1037.98229980469 1029.01306152344 1021.40246582031 1019.65026855469 1021.39990234375 1008.634765625 1011.14489746094 1011.68865966797 1008.79949951172 1006.72680664062 1005.76806640625 1015.16558837891 1004.66595458984 1007.51934814453
993.690856933594 994.862670898438 992.059326171875 999.098937988281 1009.54870605469 1015.64898681641 1015.22723388672 1009.48181152344 1011.41424560547 1005.94622802734 1000.32293701172 1005.78204345703 1001.94323730469 1007.89031982422 1005.08880615234 1008.47564697266 1015.64068603516 1019.82434082031 1027.49108886719 1021.61956787109 1033.53918457031 1024.3642578125 1023.55621337891 1016.79229736328 1023.349609375 1025.58679199219 1028.00451660156 1033.39440917969 1035.88073730469 1041.13525390625 1040.02233886719 1046.76696777344 1022.81726074219 1025.61865234375 1011.84594726562 1008.56958007812 1012.26806640625 1012.64794921875 1006.75756835938 1010.00360107422 1011.08612060547 1009.47241210938 1005.00524902344 1010.16796875 1007.12316894531 1002.09320068359
986.790466308594 989.762512207031 997.4814453125 995.106628417969 1004.06085205078 1007.38275146484 1006.12744140625 1020.37982177734 1012.51617431641 1010.42639160156 1004.84020996094 1005.24377441406 1006.20935058594 1013.69744873047 1009.99005126953 1011.82104492188 1013.78167724609 1012.36602783203 1019.20782470703 1024.29223632812 1027.59509277344 1024.58276367188 1020.57458496094 1018.15014648438 1013.94580078125 1022.65850830078 1020.294921875 1030.875 1038.66528320312 1036.43151855469 1034.60717773438 1037.41015625 1026.89916992188 1021.37774658203 1017.16528320312 1004.50170898438 1005.44134521484 1000.751953125 1004.73455810547 1002.27142333984 1001.80212402344 1006.73822021484 1009.26202392578 1012.41485595703 1007.759765625 1003.30828857422
985.716125488281 987.681396484375 991.146728515625 988.670593261719 1004.38659667969 1002.93017578125 999.357055664062 1014.30688476562 1009.72192382812 1009.07293701172 1019.25091552734 1019.240234375 1012.9638671875 1007.24487304688 1007.01446533203 1004.20483398438 1012.35614013672 1010.63702392578 1016.73059082031 1020.36334228516 1024.46667480469 1012.28344726562 1017.998046875 1018.87194824219 1015.07257080078 1018.03765869141 1016.953125 1023.69671630859 1032.66845703125 1027.86535644531 1034.32641601562 1029.39135742188 1022.61157226562 1018.90112304688 1014.81701660156 1009.93902587891 1010.91485595703 1008.58862304688 1000.99963378906 1006.76550292969 1008.205078125 1004.60638427734 1006.07086181641 1011.44958496094 1014.30511474609 1000.53967285156
990.764587402344 981.835388183594 988.566772460938 988.432250976562 1003.31970214844 1001.00213623047 990.001953125 1004.75634765625 1004.19421386719 1006.18054199219 1013.02172851562 1008.01885986328 1014.14965820312 1010.87829589844 1000.50646972656 995.455871582031 1000.74420166016 1007.87908935547 1018.51965332031 1031.09631347656 1024.26330566406 1028.04956054688 1025.7607421875 1023.45880126953 1024.42419433594 1022.94287109375 1015.75036621094 1022.71301269531 1027.66906738281 1025.79614257812 1026.04235839844 1021.77697753906 1029.21752929688 1025.21594238281 1015.20050048828 1011.88366699219 1011.22399902344 1009.79443359375 1009.1650390625 1002.83868408203 1010.98260498047 1002.18194580078 1001.52264404297 999.530944824219 1007.49090576172 1000.66186523438
987.377502441406 987.479675292969 999.62255859375 989.937744140625 1000.77935791016 990.616027832031 995.981994628906 1003.33819580078 999.572204589844 1011.05474853516 1015.91955566406 1013.23400878906 1003.95495605469 1015.96960449219 997.668212890625 1006.40307617188 1010.81433105469 1013.56878662109 1022.54736328125 1025.59777832031 1026.99255371094 1031.95422363281 1031.89538574219 1039.14135742188 1034.98803710938 1028.8916015625 1025.03674316406 1036.1826171875 1029.39172363281 1028.3203125 1026.64294433594 1018.13903808594 1019.81225585938 1015.33740234375 1011.33288574219 1009.28570556641 1006.96783447266 1001.26007080078 1000.65814208984 1008.91748046875 994.774963378906 999.57080078125 1001.88391113281 1003.52069091797 992.901977539062 1010.06372070312
983.606567382812 989.879516601562 989.118469238281 990.687561035156 992.178161621094 994.791870117188 1002.13201904297 1005.85522460938 1008.54925537109 1007.28601074219 1001.37738037109 1003.30596923828 1014.38970947266 1015.54229736328 1018.04705810547 1014.39447021484 1017.201171875 1019.42749023438 1028.52526855469 1036.28735351562 1027.2529296875 1034.23181152344 1029.79724121094 1033.69274902344 1028.5185546875 1035.38098144531 1033.94458007812 1035.84436035156 1046.12243652344 1035.150390625 1032.28137207031 1021.00177001953 1011.98962402344 1008.04467773438 1007.41967773438 1000.98937988281 998.379699707031 1011.50299072266 996.0419921875 1003.27856445312 1001.64422607422 1003.9462890625 1002.20391845703 986.21875 986.037719726562 992.621215820312
993.737548828125 985.682800292969 982.975952148438 986.819641113281 992.717834472656 993.958923339844 1002.06677246094 1004.01293945312 1005.92669677734 1007.57769775391 1005.72650146484 1003.28106689453 1008.63537597656 1005.63403320312 1012.90026855469 1015.90686035156 1026.33642578125 1033.58959960938 1033.17456054688 1041.57751464844 1034.38818359375 1030.37255859375 1033.59399414062 1033.11743164062 1030.06689453125 1033.73413085938 1038.03857421875 1034.84899902344 1031.83361816406 1037.21667480469 1037.81652832031 1021.83996582031 1009.51318359375 1004.24859619141 1006.48864746094 1008.76629638672 1002.28002929688 1007.38104248047 990.695678710938 992.244995117188 997.301391601562 1003.69482421875 1004.31408691406 996.731750488281 992.40771484375 996.121826171875
