data/zlatibor_dem_simulations/DEMsim76 (1).asc
NCOLS 150
NROWS 100
XLLCORNER 7394249
YLLCORNER 4841999
CELLSIZE 30
NODATA_VALUE -9999
[rows 20 to 39 of 100, columns 46 to 91 of 150]
1022.21490478516 1013.53112792969 1002.27008056641 998.872375488281 1002.14459228516 1002.42980957031 1006.50982666016 1005.06396484375 1012.67059326172 1004.47686767578 1007.58245849609 1007.65856933594 1001.72509765625 1000.83978271484 998.242431640625 1002.52484130859 1006.69506835938 1018.18768310547 1012.78009033203 1024.123046875 1014.91271972656 1019.46734619141 1024.6767578125 1026.27868652344 1032.39624023438 1017.82373046875 1024.59130859375 1014.74261474609 1008.60919189453 1013.97802734375 1019.49786376953 1021.60241699219 1026.34790039062 1025.23388671875 1021.91912841797 1012.31927490234 1015.00738525391 1012.59295654297 1007.41357421875 1012.34759521484 1011.17236328125 1009.20202636719 1000.46746826172 1001.48315429688 1001.78485107422 1002.95867919922
1009.94708251953 1006.81292724609 1002.64288330078 1001.05633544922 1001.63702392578 993.551391601562 992.935913085938 999.899658203125 1002.70739746094 1003.65734863281 1004.60772705078 1001.06939697266 1013.93658447266 1007.84527587891 1002.0947265625 1000.84417724609 1013.26086425781 1021.91442871094 1022.10552978516 1023.72821044922 1016.45989990234 1021.25628662109 1023.77172851562 1023.50469970703 1026.37255859375 1013.001953125 1011.60919189453 1009.474609375 1010.49505615234 1009.24609375 1010.77435302734 1015.95135498047 1007.87664794922 1015.69165039062 1015.12365722656 1013.62677001953 1009.65277099609 1010.92272949219 1006.67529296875 1017.54425048828 1010.91351318359 1012.19927978516 1010.24206542969 1008.97412109375 1008.82733154297 1001.32366943359
1007.57159423828 1006.04534912109 1000.98681640625 998.088195800781 983.637329101562 985.283447265625 992.098022460938 988.065185546875 985.059936523438 994.632385253906 999.714965820312 1002.18420410156 1018.91796875 1020.35809326172 1020.61688232422 1009.54913330078 1016.55700683594 1016.2041015625 1017.98736572266 1025.17407226562 1027.05932617188 1020.33465576172 1016.60357666016 1019.92858886719 1015.04113769531 1009.99908447266 1009.63122558594 1003.20489501953 1009.5732421875 1009.41723632812 1009.49938964844 1007.3896484375 1004.1484375 1001.2685546875 1014.70007324219 1012.71203613281 1020.6962890625 1010.68579101562 1010.31463623047 1012.71008300781 1013.31842041016 1009.19482421875 1017.1357421875 1009.40747070312 1006.21148681641 1004.67419433594
1000.94195556641 996.892578125 991.747924804688 994.199401855469 989.537780761719 990.287536621094 994.680358886719 983.62646484375 986.838500976562 997.049987792969 1001.94378662109 1010.33489990234 1017.580078125 1016.44201660156 1018.2802734375 1012.77893066406 1015.93548583984 1021.86566162109 1018.74029541016 1023.41125488281 1026.60534667969 1014.32409667969 1016.240234375 1009.89306640625 1008.91510009766 1021.04339599609 1016.55212402344 1004.9677734375 1010.69012451172 1012.78631591797 1001.96734619141 1007.45526123047 996.576721191406 992.372375488281 1010.91302490234 1019.43353271484 1013.25592041016 1010.49536132812 1006.65893554688 1011.62762451172 1010.04583740234 1010.7626953125 1022.81280517578 1015.24438476562 1010.68756103516 1018.10589599609
996.693298339844 1001.51617431641 1001.10906982422 990.574157714844 992.600769042969 997.077270507812 995.645751953125 994.786743164062 985.2890625 992.7431640625 994.983032226562 1003.85772705078 1012.48382568359 1017.31286621094 1017.42095947266 1015.17687988281 1019.36572265625 1015.59094238281 1020.87493896484 1016.05627441406 1022.751953125 1009.75494384766 1004.82489013672 1012.38696289062 1009.6259765625 1028.44982910156 1021.79217529297 1011.28173828125 1005.75274658203 1008.60382080078 1006.80059814453 1003.31079101562 990.264038085938 1001.44311523438 1011.42150878906 1009.93017578125 1008.50305175781 1008.02331542969 1008.59088134766 1007.88903808594 1009.4765625 1011.14984130859 1014.08544921875 1018.78979492188 1013.34759521484 1020.40856933594
997.349304199219 989.921508789062 994.096801757812 991.548706054688 994.695739746094 997.4208984375 991.622680664062 989.638366699219 986.000793457031 981.460632324219 990.712707519531 1005.17852783203 1008.80529785156 1014.001953125 1012.54022216797 1021.38671875 1020.53430175781 1017.99884033203 1027.52319335938 1019.36383056641 1019.43933105469 1015.50610351562 1012.18676757812 1009.78680419922 1012.11474609375 1014.58862304688 1016.8076171875 1010.07550048828 1009.02093505859 1006.66491699219 997.039611816406 1002.61224365234 1000.42669677734 1000.93292236328 1009.33068847656 1012.07489013672 1012.67517089844 1014.60974121094 1012.39855957031 1012.818359375 1010.97332763672 1013.48492431641 1022.60852050781 1027.06945800781 1017.80249023438 1023.17517089844
1001.03594970703 994.221435546875 997.257629394531 993.426391601562 1001.89001464844 990.5576171875 986.053649902344 991.066467285156 996.933654785156 992.118225097656 995.536865234375 1005.09533691406 1014.55816650391 1014.33251953125 1011.56848144531 1009.57562255859 1012.09619140625 1006.43463134766 1017.62066650391 1021.09027099609 1023.46020507812 1023.02923583984 1017.77764892578 1009.79827880859 1016.19989013672 1014.88061523438 1008.06994628906 1002.97161865234 1006.00671386719 996.715698242188 1001.13110351562 1003.82086181641 1007.64440917969 1003.92572021484 1010.10607910156 1007.42626953125 1002.54913330078 1008.56433105469 1011.64526367188 1013.19598388672 1012.75952148438 1012.416015625 1024.32043457031 1036.96459960938 1020.55706787109 1020.55004882812
996.350891113281 994.211975097656 988.082092285156 991.579833984375 993.394592285156 988.176818847656 983.691467285156 984.165344238281 989.497131347656 991.109191894531 995.012023925781 1007.76568603516 1006.58575439453 1011.57574462891 1008.31530761719 1010.30108642578 1013.56262207031 1002.05444335938 1003.59796142578 1013.81707763672 1015.99420166016 1011.71380615234 1013.80151367188 1014.05603027344 1007.91180419922 1011.71234130859 999.8134765625 1006.67694091797 998.4990234375 997.519287109375 999.940185546875 999.69677734375 1006.37884521484 1005.41174316406 1004.62329101562 998.604187011719 1002.96356201172 1006.40576171875 1007.11553955078 1003.64013671875 1005.50256347656 1020.21978759766 1034.01281738281 1035.16821289062 1019.88488769531 1012.83612060547
985.774047851562 990.294982910156 992.599487304688 995.182189941406 980.675048828125 995.120727539062 993.853210449219 987.273986816406 977.463256835938 987.224670410156 1002.55120849609 1006.60473632812 1011.32427978516 1009.39141845703 1002.57983398438 1001.83782958984 997.712280273438 995.102294921875 989.913940429688 999.426452636719 1004.81951904297 1007.18237304688 1014.60333251953 1012.64965820312 1002.61962890625 998.986206054688 1001.08355712891 1003.31732177734 996.484008789062 1001.48675537109 999.089660644531 998.95654296875 995.906066894531 998.073669433594 995.639038085938 992.55078125 1005.6103515625 1007.61853027344 1007.32458496094 1007.89581298828 1012.46228027344 1026.65893554688 1031.32775878906 1037.9208984375 1022.46374511719 1018.90893554688
988.423095703125 992.869384765625 988.603088378906 983.611511230469 987.231994628906 987.035522460938 987.100830078125 976.8369140625 980.150268554688 992.934936523438 1004.87280273438 990.761657714844 998.108154296875 999.794738769531 998.959228515625 992.865539550781 993.117919921875 989.667114257812 989.16015625 982.468383789062 996.180786132812 1008.04650878906 1003.40991210938 1009.40374755859 1002.48291015625 1003.20465087891 1005.13195800781 1001.81091308594 993.796875 1000.46228027344 993.888549804688 996.126525878906 998.535827636719 993.095275878906 995.425842285156 988.822692871094 996.111572265625 998.729553222656 1005.39324951172 1006.29315185547 1014.46435546875 1021.06695556641 1022.68817138672 1021.42205810547 1022.68194580078 1019.23822021484
992.332336425781 999.489379882812 987.128723144531 987.596862792969 980.200622558594 987.637512207031 989.622985839844 974.896606445312 974.347595214844 989.653076171875 985.095520019531 985.423950195312 988.737548828125 991.955444335938 988.72998046875 990.228393554688 984.301086425781 975.499389648438 972.281188964844 985.707946777344 997.736999511719 998.676696777344 999.380432128906 1007.11834716797 998.880432128906 1004.9267578125 1008.169921875 1005.91119384766 996.263427734375 990.960021972656 986.275024414062 998.4296875 990.609558105469 992.087707519531 990.25732421875 992.620910644531 998.0263671875 991.253540039062 1000.65374755859 1004.55560302734 1011.99688720703 1011.87603759766 1017.09002685547 1013.63055419922 1014.10601806641 1017.64312744141
991.646667480469 984.6669921875 982.1845703125 981.380859375 984.149108886719 985.504028320312 983.089172363281 972.160278320312 963.303894042969 969.522644042969 970.001647949219 973.461669921875 975.428955078125 978.855895996094 989.52685546875 989.308776855469 987.937561035156 980.327270507812 984.921142578125 989.254638671875 990.242309570312 987.09912109375 994.403747558594 997.529052734375 1004.81286621094 1004.37322998047 1005.55249023438 1007.59564208984 997.913452148438 991.399536132812 995.110595703125 997.812866210938 987.491149902344 981.238098144531 989.076538085938 996.189392089844 1001.69287109375 1000.92028808594 997.140197753906 1002.31018066406 1010.33032226562 1014.58544921875 1011.92883300781 1019.5087890625 1013.36010742188 1011.19512939453
983.571044921875 980.090637207031 980.731567382812 984.103454589844 976.679016113281 980.6904296875 974.544555664062 969.6376953125 965.882385253906 961.270812988281 960.098999023438 967.028381347656 958.786315917969 972.907104492188 983.169860839844 988.024291992188 984.450134277344 979.597961425781 978.071594238281 981.305419921875 980.240112304688 987.23291015625 994.898986816406 997.846496582031 993.8896484375 995.767517089844 1001.7470703125 1000.14007568359 991.644470214844 994.137756347656 992.782287597656 997.150451660156 988.807922363281 985.110595703125 997.331481933594 1000.22235107422 998.269287109375 1001.19030761719 1003.96514892578 1014.90301513672 1016.185546875 1016.78790283203 1015.98583984375 1017.09014892578 1007.01110839844 1011.18395996094
993.803100585938 976.510559082031 973.966125488281 978.212524414062 975.902038574219 975.418701171875 969.571166992188 959.70458984375 972.114379882812 970.165588378906 962.530578613281 962.594909667969 959.715270996094 966.952026367188 984.455261230469 987.279235839844 982.559448242188 986.662414550781 982.346069335938 989.633483886719 992.902038574219 993.290283203125 1006.93444824219 1003.80499267578 989.666931152344 985.514343261719 998.484008789062 997.092529296875 988.9560546875 991.883911132812 999.743713378906 993.93408203125 984.902587890625 988.802062988281 985.898376464844 987.544555664062 998.170227050781 1004.38732910156 1004.96020507812 1007.07403564453 1006.15979003906 1015.09753417969 1016.80645751953 1023.72735595703 1019.5791015625 1019.51867675781
989.508605957031 973.838500976562 974.898742675781 980.740295410156 973.663024902344 973.829895019531 976.48974609375 973.754089355469 980.967102050781 974.943359375 957.388427734375 960.728637695312 961.286437988281 961.008666992188 971.989135742188 978.701965332031 988.531188964844 987.950073242188 984.933654785156 986.738342285156 992.794982910156 991.531799316406 993.35791015625 991.736022949219 993.651184082031 988.600769042969 993.721740722656 994.109680175781 993.609436035156 990.941833496094 997.933654785156 990.606994628906 995.662292480469 983.89013671875 987.193969726562 985.285095214844 995.530578613281 1006.33563232422 1006.63616943359 1007.74285888672 1009.47106933594 1008.33843994141 1006.98992919922 1016.50958251953 1017.47570800781 1017.53961181641
976.861511230469 970.898559570312 977.841003417969 975.409362792969 974.838745117188 979.508850097656 975.890869140625 974.32275390625 973.726989746094 972.527465820312 977.027160644531 965.436157226562 965.69873046875 970.504211425781 970.72314453125 978.829833984375 979.965087890625 973.241577148438 970.61962890625 972.581420898438 982.130676269531 993.317016601562 983.220153808594 986.605834960938 989.038269042969 996.206848144531 985.885864257812 985.880737304688 992.52880859375 980.825988769531 991.329895019531 991.952392578125 991.774169921875 985.958557128906 991.343933105469 996.042236328125 1003.61651611328 998.221923828125 1003.72796630859 1010.0087890625 1011.29382324219 1008.76239013672 1001.17407226562 1002.71838378906 1011.81164550781 1006.70220947266
976.881469726562 979.414916992188 981.204528808594 978.26123046875 979.367248535156 977.882690429688 978.655029296875 976.55078125 969.564025878906 970.48828125 972.993347167969 971.622741699219 970.458190917969 973.364868164062 965.203002929688 973.621520996094 977.149597167969 969.35595703125 971.273010253906 972.458679199219 969.285461425781 979.606201171875 985.267883300781 983.192810058594 987.143798828125 986.298889160156 982.116577148438 976.084228515625 985.672302246094 983.634155273438 989.272338867188 994.453369140625 992.087768554688 997.576721191406 1000.69934082031 1005.84216308594 993.962463378906 1001.95562744141 1014.92846679688 1014.04089355469 1004.14404296875 1005.05932617188 998.901245117188 1002.8466796875 998.752014160156 1002.13446044922
975.259948730469 979.307067871094 981.825012207031 979.477478027344 978.067687988281 979.107849121094 972.434387207031 981.004211425781 980.734558105469 971.666870117188 975.471862792969 969.704895019531 965.521606445312 966.393981933594 964.906677246094 970.031555175781 969.198669433594 967.469421386719 964.42138671875 952.025329589844 963.80517578125 973.10986328125 975.101318359375 978.6220703125 978.927673339844 978.330627441406 992.294189453125 981.189880371094 985.648986816406 986.473999023438 987.381591796875 977.362670898438 982.259338378906 992.246704101562 995.007629394531 1004.38568115234 994.606689453125 1001.13165283203 1008.26556396484 1017.44610595703 1016.89611816406 1010.11163330078 1001.40228271484 1005.68499755859 999.36865234375 1000.70013427734
972.216796875 969.262878417969 971.432739257812 968.1474609375 974.412353515625 978.134765625 972.609252929688 979.060852050781 980.973815917969 976.765197753906 977.914123535156 975.222106933594 971.641296386719 977.943786621094 970.893371582031 968.537231445312 956.934936523438 956.855041503906 957.608703613281 964.669006347656 955.945068359375 961.998413085938 962.777465820312 976.180969238281 976.310363769531 973.702514648438 979.959350585938 980.011596679688 982.733337402344 973.059997558594 981.664184570312 973.488464355469 974.073364257812 986.203063964844 992.363159179688 1000.81170654297 1005.51141357422 1003.78619384766 1007.52026367188 1006.31768798828 1010.80572509766 1004.49285888672 1003.87261962891 1000.53466796875 1008.15490722656 1007.71868896484
972.027404785156 965.383178710938 968.455200195312 967.485778808594 971.75244140625 969.47216796875 968.657836914062 976.106079101562 974.091369628906 980.702331542969 976.340942382812 982.530395507812 968.593383789062 971.758422851562 972.414855957031 972.773742675781 972.011047363281 962.092041015625 963.576110839844 963.690124511719 970.739196777344 967.836547851562 963.333679199219 971.17578125 981.598388671875 971.268127441406 970.440063476562 972.335083007812 973.722473144531 974.806945800781 973.744873046875 974.78759765625 975.290344238281 986.339721679688 989.764770507812 991.98779296875 994.19970703125 1001.14404296875 1001.76318359375 1000.40411376953 1000.16241455078 994.520141601562 997.870849609375 993.891235351562 1000.82653808594 998.543090820312
