data/zlatibor_dem_simulations/DEMsim4.asc
NCOLS 150
NROWS 100
XLLCORNER 7394249
YLLCORNER 4841999
CELLSIZE 30
NODATA_VALUE -9999
[rows 0 to 19 of 100, columns 46 to 91 of 150]
983.529296875 981.699890136719 983.325561523438 992.367980957031 991.804992675781 992.001159667969 983.898071289062 977.509582519531 966.603210449219 959.711120605469 948.716552734375 952.44921875 947.572875976562 943.86865234375 933.025146484375 926.807189941406 918.729064941406 914.287536621094 917.965576171875 917.055603027344 909.685180664062 910.249206542969 914.842346191406 923.275207519531 931.158935546875 927.640991210938 932.732849121094 934.797546386719 939.451904296875 947.583801269531 951.15673828125 960.331298828125 956.342834472656 952.419311523438 953.65234375 959.379211425781 973.144348144531 966.766662597656 953.168151855469 950.69775390625 950.361389160156 949.665466308594 937.425598144531 934.363342285156 930.753784179688 929.975646972656
988.497192382812 995.011840820312 991.586303710938 993.217346191406 992.319274902344 988.428771972656 981.852416992188 975.868225097656 964.168151855469 952.970764160156 950.44580078125 950.939086914062 955.4375 953.114074707031 938.695190429688 935.209777832031 932.874572753906 926.371643066406 922.166870117188 917.046875 907.588317871094 901.041259765625 903.386596679688 928.688293457031 934.425598144531 919.114196777344 930.260070800781 941.704406738281 950.258850097656 953.380249023438 964.041259765625 970.346313476562 967.045471191406 964.010803222656 965.202087402344 959.189514160156 968.193420410156 967.005310058594 963.600158691406 959.711608886719 961.017211914062 948.779479980469 948.807922363281 940.554626464844 938.695190429688 940.489379882812
990.970520019531 995.898132324219 997.169860839844 997.625793457031 988.447387695312 986.021057128906 976.201354980469 979.262512207031 969.3271484375 964.302124023438 952.858520507812 960.34765625 966.598754882812 962.990966796875 951.825073242188 941.998718261719 937.827575683594 932.935607910156 928.732299804688 926.655944824219 926.97119140625 914.276611328125 913.8466796875 932.607299804688 932.790588378906 929.078247070312 942.764892578125 946.893493652344 952.239440917969 962.117309570312 968.485717773438 962.5703125 966.08349609375 969.540405273438 971.384338378906 976.07421875 976.696350097656 974.257873535156 974.215148925781 966.298889160156 962.281311035156 956.187255859375 943.283142089844 940.427307128906 937.446166992188 940.716186523438
990.647155761719 992.879821777344 994.750122070312 995.937316894531 994.647094726562 988.925964355469 985.712097167969 981.293762207031 977.842712402344 966.594970703125 969.52001953125 971.663330078125 965.879821777344 968.848388671875 963.842041015625 953.7353515625 942.206115722656 934.837951660156 935.921752929688 934.323120117188 927.260925292969 930.003173828125 933.850036621094 939.247802734375 934.233154296875 944.919006347656 945.763671875 950.388610839844 956.705017089844 968.129211425781 973.019287109375 976.014587402344 978.883666992188 980.617736816406 990.176452636719 991.441345214844 990.4658203125 988.837341308594 973.687377929688 979.577819824219 971.49365234375 950.591491699219 949.788146972656 949.96240234375 945.280700683594 944.000427246094
986.006713867188 990.269958496094 989.777404785156 988.618835449219 990.350708007812 986.234375 989.987060546875 981.918640136719 976.892700195312 973.850830078125 967.450561523438 964.991638183594 973.176452636719 976.887634277344 970.285583496094 965.997253417969 949.245239257812 942.590637207031 938.616394042969 943.688781738281 937.508728027344 937.657043457031 942.194519042969 947.516906738281 950.846801757812 953.056213378906 959.339904785156 962.209838867188 973.216003417969 972.547912597656 977.893493652344 983.162780761719 990.062377929688 999.873474121094 1011.13000488281 1008.59350585938 1005.005859375 992.378723144531 982.250793457031 979.660400390625 976.982177734375 963.796142578125 962.769287109375 947.882995605469 952.506774902344 946.455871582031
990.24072265625 993.404052734375 988.461181640625 993.825134277344 989.675354003906 983.147155761719 981.809753417969 979.221801757812 981.759094238281 971.15283203125 961.5517578125 966.069274902344 973.602355957031 974.554443359375 978.903930664062 970.976013183594 957.134399414062 945.660705566406 942.4609375 934.445922851562 934.697143554688 941.314514160156 950.016296386719 944.560302734375 952.897644042969 956.284545898438 957.932922363281 957.068664550781 962.606201171875 974.829284667969 988.05810546875 995.550170898438 1007.96417236328 1018.70147705078 1027.46533203125 1016.19873046875 1017.26940917969 1001.48571777344 996.821960449219 984.242980957031 971.216369628906 963.263671875 955.447448730469 951.552185058594 942.814697265625 947.803283691406
999.309265136719 991.889831542969 995.011413574219 997.182861328125 1000.91320800781 987.842407226562 989.959716796875 996.548522949219 987.589050292969 987.315673828125 976.910217285156 977.328979492188 978.107238769531 981.038696289062 973.040405273438 971.68115234375 956.732177734375 951.271728515625 943.575744628906 940.752563476562 939.930480957031 944.846740722656 953.896728515625 951.942321777344 958.328247070312 955.159973144531 958.790100097656 962.534362792969 970.857849121094 980.848815917969 994.7880859375 1009.00848388672 1011.294921875 1017.84625244141 1021.85925292969 1021.01812744141 1015.14996337891 1005.33856201172 996.6044921875 980.202697753906 971.24560546875 964.714477539062 962.711486816406 946.398620605469 937.576416015625 925.230529785156
995.648559570312 994.419982910156 999.189147949219 1005.1201171875 1007.22894287109 1008.99432373047 1000.37170410156 997.209167480469 997.542663574219 996.1171875 995.02783203125 993.147766113281 990.844421386719 988.350646972656 975.844970703125 972.05029296875 964.919189453125 965.92919921875 951.112426757812 944.486083984375 947.304260253906 941.661437988281 955.647277832031 960.450561523438 951.733825683594 953.278747558594 958.859375 969.019409179688 970.731323242188 992.957214355469 1006.51245117188 1015.99658203125 1013.94116210938 1019.70086669922 1033.32312011719 1017.36102294922 1016.18481445312 1005.10406494141 1002.66333007812 984.976623535156 978.931335449219 958.056396484375 952.222595214844 941.266174316406 936.546936035156 923.463684082031
995.855651855469 994.8740234375 1006.95428466797 1000.35815429688 1001.44177246094 1004.52062988281 1004.326171875 1006.42999267578 1001.06079101562 1006.15899658203 1003.45208740234 996.402099609375 994.813415527344 988.366394042969 985.747680664062 983.763549804688 972.854187011719 962.560424804688 966.777160644531 959.900695800781 961.445983886719 963.031005859375 961.437561035156 962.296691894531 956.119079589844 958.299743652344 957.647583007812 975.200866699219 979.555908203125 985.767578125 999.655578613281 1021.67468261719 1027.55541992188 1024.35534667969 1025.7919921875 1018.43310546875 1022.50762939453 1006.56976318359 995.630798339844 990.670837402344 973.297302246094 957.670349121094 942.793273925781 937.030700683594 933.404846191406 924.8828125
1002.00396728516 1006.93322753906 1002.37933349609 1003.1142578125 996.696716308594 1009.90979003906 1009.70697021484 1010.05157470703 1010.32824707031 1006.20465087891 1008.08795166016 1010.81457519531 1009.73748779297 997.527221679688 996.977600097656 992.562561035156 978.333557128906 969.352783203125 978.129150390625 967.243408203125 971.029724121094 970.387817382812 966.011169433594 963.4130859375 967.153137207031 970.45458984375 980.715026855469 980.649536132812 984.919067382812 998.898071289062 1006.70050048828 1009.31518554688 1028.39038085938 1025.90905761719 1021.10607910156 1022.21319580078 1011.27868652344 1002.85797119141 1001.06341552734 989.461608886719 976.196228027344 954.392822265625 943.524230957031 940.912719726562 931.710205078125 930.5380859375
1015.48406982422 1009.71447753906 1011.80993652344 1003.95098876953 998.78076171875 1005.41967773438 1000.99578857422 1007.16784667969 1009.38415527344 1016.22601318359 1020.29516601562 1016.05352783203 1016.31896972656 1010.19940185547 1001.20745849609 998.965026855469 985.249267578125 986.074340820312 982.520446777344 973.736450195312 972.853332519531 975.301696777344 969.188598632812 971.550659179688 978.329284667969 982.078918457031 981.341186523438 994.359069824219 999.515747070312 1014.50531005859 1018.82653808594 1029.00402832031 1035.53552246094 1027.25659179688 1027.517578125 1018.82373046875 1019.30157470703 1014.23284912109 998.751159667969 999.864868164062 976.342834472656 962.790771484375 962.462097167969 953.79248046875 941.583557128906 935.453369140625
1020.52728271484 1014.98559570312 1007.80999755859 1003.07458496094 1008.11547851562 1007.11553955078 1007.63623046875 1009.97576904297 1013.29913330078 1015.6611328125 1027.20971679688 1020.4609375 1015.97515869141 1013.25469970703 1000.9365234375 993.831420898438 983.106750488281 993.680236816406 993.121887207031 980.132934570312 985.051025390625 981.333679199219 984.087219238281 980.077270507812 986.238159179688 995.123291015625 999.060119628906 1004.6435546875 1004.00750732422 1017.96057128906 1017.33154296875 1029.61437988281 1027.73461914062 1021.88592529297 1020.23974609375 1014.99694824219 1011.95336914062 1008.46203613281 1000.19586181641 991.863403320312 973.166259765625 969.815734863281 958.771484375 957.028442382812 953.873718261719 951.041137695312
1015.61260986328 1014.78753662109 1009.78985595703 1010.03674316406 1012.04431152344 1011.93646240234 1005.48559570312 1014.83422851562 1019.41674804688 1021.66064453125 1026.35717773438 1024.30615234375 1016.68951416016 1007.44805908203 1002.44995117188 998.808349609375 988.582641601562 990.674438476562 1002.58636474609 993.852722167969 990.656188964844 990.607421875 997.910034179688 987.504211425781 988.408752441406 1001.87030029297 1006.06671142578 1013.83489990234 1015.81408691406 1019.78131103516 1021.20611572266 1029.81420898438 1029.4248046875 1027.83715820312 1030.33618164062 1024.39184570312 1012.32061767578 1002.62609863281 1002.83081054688 994.478454589844 973.002136230469 964.076110839844 967.806823730469 961.996032714844 958.137390136719 956.244689941406
1007.11340332031 1014.41955566406 1008.51116943359 1007.63049316406 1006.36804199219 1016.96112060547 1011.74865722656 1016.9287109375 1011.24444580078 1011.27447509766 1012.37719726562 1015.87921142578 1016.20776367188 1012.50549316406 1017.84295654297 1014.34259033203 1001.55163574219 1013.33666992188 1001.91717529297 1001.59051513672 996.052917480469 994.109741210938 991.901123046875 989.154602050781 989.144165039062 1005.53479003906 1012.13220214844 1019.01690673828 1025.97729492188 1022.89251708984 1024.49462890625 1032.55590820312 1026.23779296875 1031.57873535156 1026.44152832031 1022.25054931641 1014.13562011719 1005.49340820312 1000.21087646484 989.91162109375 985.319885253906 973.008422851562 961.52099609375 957.821716308594 952.984497070312 956.9677734375
1015.32446289062 1009.93041992188 1011.04553222656 1000.53271484375 1012.91125488281 1017.96264648438 1015.70361328125 1021.22302246094 1011.58734130859 1005.64862060547 1015.00463867188 1018.95825195312 1020.30078125 1014.85852050781 1014.91461181641 1016.01287841797 1016.13543701172 1012.97161865234 1013.75848388672 1011.56298828125 1004.87585449219 1002.01190185547 1001.74011230469 992.059509277344 994.358459472656 995.014404296875 1007.50531005859 1032.15698242188 1029.01281738281 1030.53308105469 1033.48986816406 1034.1416015625 1033.298828125 1034.64624023438 1027.3515625 1023.20062255859 1017.0966796875 1008.50256347656 1008.01995849609 991.976501464844 991.144958496094 975.760437011719 969.145202636719 953.813720703125 949.62939453125 953.486938476562
1015.52825927734 1021.18395996094 1011.54248046875 1022.64520263672 1013.83807373047 1017.73040771484 1016.00317382812 1021.24536132812 1015.82672119141 1015.33416748047 1016.54150390625 1012.23370361328 1023.32537841797 1016.90069580078 1017.20056152344 1017.90557861328 1018.99688720703 1025.57690429688 1019.01812744141 1021.17358398438 1016.34478759766 1013.83337402344 1004.08203125 1009.38775634766 997.278869628906 1002.9619140625 1020.58215332031 1038.22143554688 1038.90576171875 1039.13977050781 1035.72009277344 1033.34594726562 1029.36352539062 1026.18566894531 1028.44128417969 1022.33026123047 1018.95104980469 1019.62286376953 1006.00061035156 997.260192871094 993.506225585938 984.103881835938 966.697875976562 959.280029296875 952.548217773438 937.112548828125
1012.01483154297 1016.77703857422 1015.22119140625 1017.86755371094 1007.56671142578 1003.27209472656 1006.49774169922 1007.52575683594 1013.98510742188 1014.89953613281 1019.02172851562 1018.64263916016 1022.01263427734 1021.46124267578 1018.59545898438 1021.30950927734 1024.7841796875 1016.40454101562 1023.62927246094 1023.12213134766 1011.13507080078 1015.03515625 1011.97015380859 1006.68005371094 1011.18243408203 1011.03948974609 1019.35815429688 1030.77282714844 1037.2294921875 1040.40026855469 1032.47790527344 1026.203125 1035.41528320312 1032.39978027344 1024.91357421875 1021.943359375 1020.3369140625 1032.46813964844 1008.72576904297 996.82177734375 994.318237304688 985.655334472656 973.037231445312 963.104797363281 946.231079101562 952.668029785156
1015.96612548828 1016.52612304688 1007.60473632812 1007.26971435547 996.194519042969 998.513000488281 999.899169921875 1006.87908935547 1010.1015625 1017.95501708984 1015.71087646484 1011.69421386719 1019.72717285156 1027.6943359375 1024.447265625 1022.21527099609 1027.21826171875 1032.75317382812 1023.21600341797 1020.81359863281 1015.60821533203 1021.18115234375 1011.27111816406 1013.71051025391 1011.65301513672 1014.05773925781 1026.61511230469 1039.59399414062 1037.04028320312 1040.71936035156 1033.92700195312 1024.04638671875 1023.45538330078 1030.37658691406 1025.59594726562 1017.521484375 1017.92828369141 1023.02593994141 1006.97662353516 1005.37615966797 1002.15319824219 991.596740722656 981.102478027344 969.248962402344 960.668762207031 964.830139160156
1012.04504394531 1006.64575195312 1003.38720703125 1003.73565673828 996.871398925781 996.394226074219 997.457702636719 1006.53973388672 1012.83923339844 1017.42529296875 1009.42083740234 1010.87286376953 1004.88983154297 1013.44201660156 1016.22760009766 1022.04211425781 1017.83319091797 1016.25170898438 1023.11999511719 1029.3154296875 1019.74395751953 1025.67053222656 1020.13262939453 1018.51910400391 1024.54931640625 1025.35290527344 1030.46325683594 1041.79504394531 1039.59655761719 1035.87414550781 1037.23388671875 1025.21545410156 1019.97290039062 1027.89794921875 1019.56695556641 1014.98791503906 1010.37225341797 1015.46014404297 1013.26904296875 1005.59753417969 1004.42919921875 1007.54614257812 991.777465820312 979.00341796875 967.056030273438 977.809143066406
1016.55603027344 1013.40966796875 1008.30535888672 1000.26190185547 1000.33764648438 993.012390136719 992.997680664062 1001.15747070312 999.04296875 1005.02978515625 1002.87371826172 1003.58551025391 1003.50567626953 1010.24969482422 1014.02685546875 1011.98278808594 1019.04229736328 1023.06188964844 1015.67639160156 1019.85308837891 1023.09802246094 1025.11755371094 1022.41986083984 1027.68530273438 1023.70788574219 1025.61950683594 1026.08068847656 1028.60131835938 1030.44482421875 1030.86999511719 1025.25476074219 1024.19787597656 1025.26794433594 1024.38244628906 1016.91827392578 1013.33233642578 1011.41314697266 1010.61053466797 1013.85394287109 1009.44152832031 1013.11083984375 999.101806640625 990.551818847656 986.194702148438 975.7333984375 980.966613769531
