data/zlatibor_dem_simulations/DEMsim29.asc
NCOLS 150
NROWS 100
XLLCORNER 7394249
YLLCORNER 4841999
CELLSIZE 30
NODATA_VALUE -9999
[rows 0 to 19 of 100, columns 0 to 45 of 150]
1009.79425048828 1007.83367919922 1012.58337402344 1005.58551025391 1006.84808349609 1009.20031738281 1008.68841552734 1018.94342041016 1018.40704345703 1015.19403076172 1003.09521484375 1007.27081298828 1012.25177001953 1014.3251953125 1009.01831054688 1012.88916015625 1006.05657958984 1006.49291992188 1014.7236328125 1019.42523193359 1028.7919921875 1034.12915039062 1031.57446289062 1039.72314453125 1042.79711914062 1037.10363769531 1038.59936523438 1038.92565917969 1032.85546875 1031.52783203125 1027.95385742188 1034.05041503906 1029.04150390625 1031.119140625 1030.6533203125 1019.98443603516 1021.54803466797 1022.78570556641 1022.01202392578 1032.83874511719 1035.96252441406 1033.19372558594 1033.35278320312 1023.79150390625 1013.33380126953 1013.09802246094
1010.78442382812 1007.125 1005.60144042969 1001.201171875 1003.33453369141 1001.24487304688 1004.07537841797 1020.80895996094 1024.41357421875 1015.30224609375 1003.64776611328 1008.50537109375 1018.82104492188 1012.43322753906 1019.65551757812 1009.66326904297 1000.34063720703 1014.78558349609 1023.14660644531 1029.81518554688 1034.64099121094 1038.82666015625 1039.61047363281 1045.99267578125 1044.28430175781 1031.654296875 1035.46008300781 1033.29614257812 1035.0048828125 1031.53002929688 1023.24603271484 1041.37768554688 1035.302734375 1042.35375976562 1035.29187011719 1032.33850097656 1025.85302734375 1023.47515869141 1030.91760253906 1031.74548339844 1032.32397460938 1027.41857910156 1024.85095214844 1021.22741699219 1008.68292236328 1015.84283447266
1002.41497802734 1002.27667236328 999.849731445312 1002.95440673828 993.556640625 995.280883789062 998.634582519531 1018.54174804688 1018.58850097656 1012.28344726562 1012.48504638672 1011.1416015625 1010.82452392578 1007.48626708984 1008.20782470703 1012.84033203125 1005.29278564453 1011.06268310547 1021.35589599609 1039.66125488281 1040.27075195312 1038.20373535156 1035.36901855469 1035.37866210938 1032.771484375 1032.07238769531 1035.02844238281 1029.39587402344 1028.61206054688 1030.908203125 1030.40686035156 1028.82116699219 1034.75561523438 1030.35998535156 1037.73815917969 1028.32604980469 1024.67297363281 1023.4638671875 1025.56018066406 1026.11340332031 1030.30053710938 1024.28698730469 1016.17083740234 1009.28674316406 1009.24853515625 1004.04504394531
1009.26934814453 1004.04083251953 993.716430664062 996.34765625 999.315368652344 999.560241699219 1006.24639892578 1022.85290527344 1020.30578613281 1011.54516601562 1010.63037109375 1008.54382324219 1002.34625244141 1003.68206787109 1002.95135498047 1013.77044677734 1009.06072998047 1011.23266601562 1030.9296875 1044.76843261719 1052.83215332031 1038.04333496094 1039.38427734375 1035.09594726562 1028.65185546875 1024.5341796875 1014.93414306641 1022.96209716797 1023.15240478516 1022.64581298828 1031.54150390625 1022.17816162109 1032.1591796875 1038.20178222656 1033.46020507812 1032.77807617188 1023.74365234375 1019.73474121094 1025.84545898438 1027.42590332031 1036.20068359375 1025.8837890625 1016.37042236328 1013.80096435547 1014.99700927734 1011.12103271484
1007.48913574219 1005.27947998047 993.523986816406 996.906982421875 996.416259765625 999.427856445312 1005.99627685547 1017.22509765625 1022.24127197266 1015.00042724609 1006.21856689453 1001.2099609375 991.893249511719 990.306213378906 1001.38354492188 1013.18188476562 1006.12042236328 1007.25006103516 1024.96936035156 1045.74304199219 1046.07189941406 1040.16235351562 1049.04919433594 1044.19311523438 1031.93994140625 1018.51000976562 1023.16638183594 1019.39849853516 1013.35516357422 1016.36352539062 1023.41003417969 1028.00549316406 1030.95727539062 1031.42749023438 1026.12390136719 1025.13732910156 1030.84936523438 1024.21716308594 1016.29437255859 1020.17816162109 1022.79718017578 1025.49365234375 1024.23266601562 1023.86505126953 1010.11834716797 1009.56616210938
1003.34527587891 1001.79827880859 997.365966796875 993.12255859375 1000.93365478516 1004.97790527344 1010.40875244141 1010.05548095703 1017.12219238281 1013.59490966797 1003.38970947266 995.797790527344 999.541931152344 996.513549804688 1000.13830566406 1009.65734863281 1009.76275634766 1017.99029541016 1032.05700683594 1029.1884765625 1029.73937988281 1034.9130859375 1043.20690917969 1039.23767089844 1027.86657714844 1024.857421875 1022.87707519531 1021.29083251953 1008.24237060547 1005.42767333984 1014.27905273438 1025.34069824219 1027.81860351562 1024.43493652344 1028.25952148438 1025.8310546875 1024.45849609375 1019.85815429688 1013.24139404297 1017.64074707031 1019.69323730469 1020.63854980469 1019.14855957031 1013.94366455078 1015.70275878906 1014.00360107422
1004.72332763672 1002.04296875 994.662780761719 994.39697265625 997.165710449219 1007.43054199219 1009.95037841797 1013.72735595703 1017.70208740234 1017.53680419922 1007.90179443359 1004.85681152344 1000.30670166016 1001.68890380859 996.862487792969 1005.14117431641 1011.08471679688 1012.60174560547 1017.64898681641 1020.693359375 1025.84033203125 1029.626953125 1027.65515136719 1020.36193847656 1030.30395507812 1017.70166015625 1018.98199462891 1014.73236083984 1001.55133056641 1000.10687255859 1004.89697265625 1013.54449462891 1014.44982910156 1016.19775390625 1014.19464111328 1021.37469482422 1019.39874267578 1022.53741455078 1012.34436035156 1019.32885742188 1019.10754394531 1015.56665039062 1015.12365722656 1013.35986328125 1013.60821533203 1015.71557617188
998.293701171875 996.83154296875 989.310302734375 981.232055664062 987.430725097656 1005.30303955078 1014.32196044922 1017.80688476562 1016.26422119141 1011.50842285156 1004.68713378906 1006.54553222656 991.9345703125 999.639526367188 1000.51892089844 1009.62158203125 1016.2880859375 1012.08166503906 1014.66284179688 1016.08190917969 1024.25244140625 1026.30493164062 1020.88037109375 1022.07501220703 1027.16613769531 1022.85125732422 1009.04016113281 1009.83514404297 1003.04559326172 999.426574707031 1007.89947509766 1013.67218017578 1001.56066894531 1005.89837646484 1007.89813232422 1016.42767333984 1025.59094238281 1012.73889160156 1017.744140625 1008.26049804688 1005.21008300781 1011.39813232422 1006.14672851562 1012.71209716797 1017.89501953125 1024.71411132812
989.096984863281 992.618408203125 985.301513671875 978.863708496094 989.622314453125 991.173156738281 1006.82501220703 1007.30157470703 1008.42425537109 996.494323730469 998.900329589844 993.045043945312 996.026000976562 1001.33221435547 1010.82769775391 1007.33654785156 1011.30975341797 1014.42510986328 1016.44305419922 1009.82708740234 1023.29772949219 1024.77209472656 1023.52325439453 1020.73931884766 1027.46813964844 1018.61297607422 1011.75549316406 998.27685546875 1001.75817871094 1005.97576904297 1008.60333251953 1010.34460449219 1004.46038818359 1007.88842773438 1007.00469970703 1014.44830322266 1016.11395263672 1014.16192626953 1016.05725097656 1011.75341796875 1009.65356445312 1010.04077148438 1002.05621337891 1013.96295166016 1015.48431396484 1019.87872314453
992.825744628906 993.0205078125 992.054260253906 991.376831054688 984.27099609375 985.771179199219 1004.73443603516 995.954956054688 999.473937988281 997.433410644531 1000.78466796875 997.619689941406 1001.67340087891 1004.09808349609 1010.87463378906 1010.36157226562 1008.14288330078 1003.36846923828 1007.74957275391 1007.47583007812 1007.71264648438 1015.38134765625 1011.43353271484 1017.22601318359 1012.73065185547 1013.37225341797 1003.44097900391 1002.59197998047 995.170288085938 999.305541992188 1004.75646972656 1012.46783447266 1011.64392089844 1012.34136962891 1015.97210693359 1018.61712646484 1013.60729980469 1018.44763183594 1010.90612792969 1005.00982666016 1012.65240478516 1007.10437011719 1005.32989501953 1015.06207275391 1016.89251708984 1015.76507568359
994.137390136719 992.388916015625 990.871765136719 989.474304199219 979.868408203125 989.894958496094 996.403869628906 991.329956054688 987.377807617188 993.946166992188 993.798461914062 991.996887207031 1003.69573974609 1005.90942382812 1009.51928710938 1006.34454345703 1004.43713378906 1000.13488769531 1001.70587158203 1003.99853515625 1002.92468261719 1007.56842041016 1008.40100097656 1008.43957519531 1003.94476318359 999.570129394531 1003.51110839844 999.887145996094 1002.90679931641 1005.53588867188 1013.10845947266 1005.298828125 1015.02014160156 1019.95355224609 1019.95050048828 1027.28393554688 1022.26873779297 1013.06817626953 1010.83258056641 1007.59436035156 1013.26153564453 1008.30511474609 1013.39459228516 1018.91473388672 1020.32177734375 1015.14190673828
1002.80871582031 1000.82836914062 994.95849609375 980.252868652344 987.444274902344 980.021362304688 989.53369140625 991.68408203125 980.032897949219 978.063842773438 989.209228515625 991.537353515625 993.990295410156 998.322021484375 1006.06982421875 1014.55389404297 1002.02984619141 992.850036621094 988.408996582031 1004.109375 994.015319824219 1004.16979980469 1001.62384033203 997.491882324219 994.08203125 1004.40490722656 989.369140625 989.157348632812 1000.89343261719 1007.43359375 1008.48095703125 1016.89227294922 1019.49249267578 1012.86572265625 1024.21398925781 1026.29309082031 1023.88708496094 1019.53845214844 1020.49975585938 1009.78912353516 1017.35729980469 1013.05364990234 1020.44982910156 1021.2412109375 1028.39172363281 1013.23986816406
996.608581542969 990.942443847656 999.450866699219 978.079956054688 978.4814453125 988.119323730469 990.501647949219 987.194030761719 976.676391601562 975.490356445312 978.574890136719 990.1904296875 990.137329101562 991.06689453125 1002.00469970703 992.4794921875 996.348083496094 988.221069335938 997.166442871094 993.676147460938 997.739135742188 998.518615722656 991.129699707031 993.114135742188 985.812805175781 997.140563964844 996.768188476562 994.788024902344 1003.25958251953 1015.19195556641 1009.46997070312 1010.24114990234 1011.70697021484 1018.88702392578 1017.36053466797 1021.25817871094 1026.34582519531 1024.82299804688 1023.24945068359 1012.68603515625 1023.70098876953 1019.28375244141 1017.34246826172 1023.90850830078 1024.6591796875 1020.64459228516
995.1298828125 989.401794433594 989.144226074219 980.119079589844 983.626892089844 992.095336914062 992.404357910156 994.176513671875 978.236389160156 974.113159179688 975.784545898438 975.645324707031 977.035705566406 986.305847167969 994.63916015625 994.964599609375 993.695373535156 993.858459472656 993.1845703125 998.263916015625 993.764709472656 992.754028320312 1000.216796875 1001.18243408203 991.604431152344 988.863464355469 990.656555175781 998.028442382812 996.234680175781 998.892822265625 1003.49652099609 1020.02398681641 1020.48992919922 1026.40930175781 1021.94683837891 1023.67761230469 1034.03686523438 1024.63562011719 1037.38061523438 1031.26318359375 1021.412109375 1023.36279296875 1019.96990966797 1013.9013671875 1012.31359863281 1023.79742431641
993.982055664062 984.880065917969 988.15869140625 980.762451171875 981.258666992188 988.16015625 994.634643554688 985.988525390625 981.870361328125 971.55224609375 973.177795410156 978.835205078125 975.558410644531 980.21337890625 982.220397949219 992.888854980469 997.483215332031 999.87890625 997.358520507812 992.719116210938 988.505554199219 990.700439453125 1001.10003662109 1004.73388671875 999.042114257812 989.1787109375 989.758117675781 1005.33868408203 1001.51940917969 1008.43505859375 1003.31439208984 1015.50500488281 1023.23114013672 1024.67846679688 1024.83166503906 1036.57458496094 1038.42114257812 1037.83703613281 1033.69812011719 1039.19384765625 1032.28625488281 1029.55871582031 1024.04772949219 1023.56726074219 1021.03472900391 1022.568359375
985.470703125 975.162902832031 987.186828613281 980.800720214844 980.738525390625 982.08935546875 987.250854492188 990.345153808594 988.537780761719 982.816467285156 979.825561523438 972.100952148438 971.985595703125 973.77685546875 975.205993652344 985.412231445312 990.190673828125 988.594482421875 991.363586425781 996.108520507812 1000.19421386719 993.975158691406 1014.07720947266 1009.59875488281 990.793090820312 985.553649902344 990.763427734375 998.803039550781 996.334594726562 1008.50891113281 1014.61578369141 1014.83734130859 1016.81036376953 1017.82836914062 1021.6845703125 1026.46533203125 1034.63073730469 1042.0439453125 1035.40258789062 1033.60424804688 1046.669921875 1040.35998535156 1038.03747558594 1033.29467773438 1028.41577148438 1024.51684570312
978.470642089844 980.475341796875 980.63427734375 980.19921875 975.619140625 979.439697265625 974.046752929688 982.455505371094 983.033935546875 981.631286621094 975.10498046875 978.02783203125 975.236145019531 980.628601074219 974.781188964844 971.732482910156 982.871276855469 985.884155273438 985.360900878906 997.337829589844 1005.28314208984 1014.12866210938 1008.04870605469 998.901550292969 987.925598144531 987.344787597656 992.951354980469 992.125793457031 995.957397460938 1004.01007080078 1012.20031738281 1023.63232421875 1026.21020507812 1022.05419921875 1027.490234375 1026.26123046875 1033.29797363281 1042.83056640625 1036.716796875 1039.79223632812 1047.82580566406 1039.08947753906 1039.46081542969 1033.66809082031 1029.11584472656 1033.56201171875
981.985168457031 977.089172363281 984.192626953125 975.469116210938 972.333129882812 975.361755371094 978.565612792969 983.277282714844 986.446960449219 974.817749023438 973.349914550781 971.6396484375 977.892517089844 968.775146484375 969.435119628906 965.890441894531 975.683898925781 980.539855957031 980.96533203125 985.83447265625 995.9443359375 995.715209960938 1001.87518310547 997.325744628906 995.781799316406 998.641540527344 994.796630859375 996.157470703125 998.112915039062 1010.69018554688 1010.63330078125 1020.81536865234 1019.51263427734 1024.48767089844 1028.25634765625 1025.30590820312 1031.69897460938 1035.44262695312 1043.48999023438 1043.53515625 1040.9521484375 1043.81555175781 1044.18017578125 1029.77355957031 1024.31970214844 1023.64581298828
972.493469238281 975.199584960938 971.450744628906 972.230834960938 968.991088867188 977.801513671875 981.410949707031 985.720581054688 975.785034179688 968.988464355469 973.66943359375 958.956726074219 951.698913574219 955.519836425781 979.134521484375 973.719604492188 978.148620605469 966.561096191406 977.473205566406 983.508666992188 988.047241210938 995.316162109375 999.634582519531 999.19482421875 1000.37890625 1010.61859130859 1002.55902099609 997.674438476562 1003.53656005859 1004.34436035156 1008.49255371094 1014.20172119141 1026.87854003906 1031.029296875 1039.6298828125 1036.94226074219 1037.04345703125 1043.57849121094 1047.41748046875 1041.28271484375 1041.77160644531 1041.43798828125 1033.68884277344 1028.02294921875 1020.69696044922 1020.72119140625
977.995849609375 972.495056152344 964.998901367188 959.376098632812 960.170349121094 970.374084472656 973.432739257812 970.505859375 965.787963867188 957.255004882812 953.102966308594 960.992553710938 954.595092773438 955.185119628906 970.869750976562 977.925537109375 971.905944824219 972.099670410156 976.516967773438 970.008728027344 972.104125976562 984.030700683594 992.1435546875 993.403442382812 1004.81494140625 1006.54895019531 1007.66949462891 1000.29113769531 999.829956054688 1006.35601806641 1019.61743164062 1022.22564697266 1029.03454589844 1034.17492675781 1039.57141113281 1040.74182128906 1029.91137695312 1037.26940917969 1045.34350585938 1040.98510742188 1044.849609375 1047.59130859375 1045.087890625 1032.86877441406 1018.16320800781 1020.56787109375
