data/zlatibor_dem_simulations/DEMsim80 (1).asc
NCOLS 150
NROWS 100
XLLCORNER 7394249
YLLCORNER 4841999
CELLSIZE 30
NODATA_VALUE -9999
[rows 60 to 79 of 100, columns 46 to 91 of 150]
938.61572265625 948.089660644531 945.660705566406 951.499450683594 957.953674316406 956.715698242188 945.314758300781 939.962036132812 957.245239257812 955.897644042969 958.880554199219 968.837646484375 965.313537597656 974.753479003906 974.982666015625 974.519226074219 966.366149902344 960.034118652344 960.343200683594 963.675415039062 965.703125 961.97412109375 964.760131835938 973.582946777344 964.265319824219 957.004272460938 961.98291015625 963.314514160156 964.595458984375 962.60595703125 962.968994140625 964.727478027344 964.739624023438 957.338317871094 959.990112304688 970.096618652344 966.406921386719 969.609741210938 968.83349609375 979.442077636719 973.832214355469 978.232360839844 980.025634765625 978.434753417969 974.333374023438 973.7607421875
944.915771484375 945.138671875 943.696838378906 946.689086914062 958.584228515625 957.890258789062 959.080139160156 954.584838867188 952.866394042969 955.721313476562 958.919067382812 970.380310058594 971.455810546875 967.675964355469 972.048217773438 964.787841796875 970.142272949219 969.410522460938 961.084045410156 953.155151367188 959.585144042969 958.388732910156 967.416442871094 973.841674804688 972.331420898438 963.672790527344 969.995422363281 968.89208984375 963.775512695312 962.104919433594 976.958435058594 973.187683105469 966.746826171875 967.272888183594 956.8564453125 972.932983398438 975.345397949219 975.178283691406 971.573608398438 969.802429199219 972.883056640625 977.399108886719 970.680603027344 966.667114257812 973.006408691406 977.74560546875
934.356018066406 942.932678222656 946.711120605469 947.162841796875 955.42578125 960.340698242188 967.619812011719 963.065795898438 955.3583984375 959.012145996094 959.116149902344 962.419738769531 975.733215332031 963.160217285156 961.934936523438 972.828918457031 969.002319335938 968.164978027344 961.589233398438 956.971435546875 953.322509765625 948.037658691406 959.316772460938 966.219116210938 965.060363769531 964.871704101562 968.120056152344 970.106018066406 971.698852539062 966.066345214844 969.818786621094 975.773376464844 971.6650390625 972.122436523438 962.357360839844 974.713500976562 978.610290527344 976.134521484375 974.453369140625 972.566040039062 972.632690429688 974.337524414062 970.219909667969 969.458618164062 973.917419433594 964.077087402344
940.215698242188 936.581237792969 941.311950683594 944.608520507812 951.224365234375 960.369567871094 959.090454101562 960.026733398438 960.554626464844 956.261169433594 960.478759765625 967.900573730469 969.999084472656 972.977478027344 968.418762207031 963.319458007812 968.561401367188 964.594421386719 955.125 959.947692871094 957.658813476562 955.520080566406 964.6787109375 973.936340332031 970.109497070312 967.41552734375 970.053955078125 969.091796875 973.389587402344 970.2744140625 961.816650390625 958.103088378906 971.753723144531 965.609497070312 968.3447265625 970.628967285156 981.325988769531 977.186401367188 981.911315917969 983.691589355469 984.53125 977.552551269531 974.868408203125 970.939697265625 969.935913085938 963.89404296875
941.936340332031 939.982116699219 945.081298828125 943.940307617188 958.460632324219 959.70849609375 959.910034179688 963.448120117188 957.090454101562 967.947570800781 970.958190917969 974.066101074219 965.806274414062 970.281066894531 969.200439453125 964.611572265625 962.215637207031 960.220886230469 958.158874511719 958.248657226562 960.705383300781 967.191162109375 974.644592285156 980.224609375 970.991394042969 969.863098144531 974.787048339844 972.200256347656 969.108276367188 965.093688964844 966.985717773438 963.572875976562 971.883544921875 976.334899902344 983.073425292969 986.086120605469 978.23779296875 980.935302734375 985.874755859375 982.343505859375 978.1083984375 978.675476074219 981.932556152344 979.760559082031 969.173828125 957.413391113281
943.805297851562 948.755432128906 952.945556640625 962.643981933594 968.473205566406 964.037414550781 967.829406738281 972.376831054688 971.049194335938 975.244262695312 969.914855957031 964.246765136719 975.700866699219 968.417724609375 960.449340820312 959.58642578125 968.671508789062 965.609252929688 958.068969726562 960.428039550781 963.314880371094 966.678283691406 976.378112792969 977.082275390625 973.059814453125 973.213073730469 979.614318847656 978.015075683594 979.262817382812 972.803955078125 976.741516113281 973.62451171875 973.363098144531 978.973388671875 988.082824707031 986.4326171875 982.445922851562 980.638244628906 977.131591796875 981.242431640625 977.95751953125 969.451477050781 980.323425292969 971.441528320312 968.97509765625 967.783142089844
959.924438476562 965.576721191406 964.10693359375 971.32275390625 982.047241210938 979.084350585938 976.4736328125 976.528198242188 976.283386230469 972.798278808594 962.938171386719 968.570068359375 973.280944824219 972.22314453125 962.099853515625 956.710021972656 961.672790527344 956.245178222656 958.942138671875 966.392028808594 969.286682128906 973.580139160156 972.086303710938 975.170288085938 978.7177734375 976.156311035156 984.561767578125 986.625915527344 981.211608886719 971.480651855469 973.643127441406 977.406433105469 978.322875976562 972.838928222656 975.128723144531 981.566467285156 983.755187988281 975.819152832031 977.564086914062 983.148376464844 969.180786132812 977.296997070312 976.836669921875 973.99951171875 972.419250488281 972.313110351562
962.888427734375 978.059448242188 980.537231445312 983.014282226562 980.939270019531 981.899047851562 979.135375976562 975.022277832031 976.49951171875 972.370422363281 971.856201171875 968.714477539062 971.311218261719 969.616455078125 963.298156738281 966.133605957031 958.824157714844 967.991088867188 968.298645019531 972.948852539062 976.082702636719 968.708374023438 975.236755371094 980.395385742188 980.629943847656 976.469421386719 978.642333984375 990.004943847656 985.124816894531 977.146850585938 982.844665527344 986.833374023438 987.36767578125 974.870483398438 985.112060546875 983.070861816406 990.030151367188 984.766235351562 986.719970703125 989.231201171875 981.605346679688 977.164001464844 978.421813964844 968.998596191406 975.206481933594 974.973510742188
972.413818359375 981.546875 984.702880859375 981.335021972656 986.535278320312 980.873046875 979.928344726562 986.429626464844 978.67724609375 970.17041015625 975.473571777344 978.979064941406 978.606994628906 970.531616210938 968.638488769531 966.574340820312 972.315490722656 977.198547363281 970.905151367188 972.665100097656 973.083618164062 971.543090820312 975.47265625 978.970275878906 979.47607421875 986.949645996094 980.938354492188 987.391845703125 991.112609863281 981.447265625 972.27099609375 990.632873535156 993.005004882812 984.903564453125 984.375 978.983276367188 974.460571289062 982.67236328125 987.146850585938 982.594055175781 986.773559570312 987.119079589844 984.258605957031 975.497619628906 982.988891601562 977.448303222656
980.936340332031 978.210144042969 984.409240722656 982.451293945312 984.407531738281 985.598266601562 984.739562988281 988.98828125 985.539672851562 983.039489746094 977.611938476562 978.963195800781 978.362731933594 967.982543945312 967.747985839844 969.244812011719 974.856689453125 979.052978515625 974.960571289062 972.601684570312 973.428344726562 960.564880371094 962.087707519531 972.956604003906 979.878601074219 977.411926269531 981.029357910156 984.261291503906 988.237548828125 987.316040039062 987.028015136719 984.201171875 991.543823242188 975.43994140625 970.801025390625 981.410888671875 984.4541015625 979.494201660156 983.872009277344 985.152465820312 987.165161132812 984.963439941406 983.532592773438 975.601745605469 980.610656738281 984.673278808594
977.387084960938 991.199340820312 977.532897949219 992.834106445312 991.923278808594 992.94189453125 993.601623535156 993.382446289062 982.901550292969 985.959777832031 974.559753417969 984.007934570312 979.81005859375 968.776428222656 975.486572265625 975.893615722656 974.345520019531 973.613586425781 976.440734863281 977.517761230469 973.846374511719 968.327819824219 969.098205566406 973.726623535156 980.003479003906 977.039733886719 982.623352050781 981.386779785156 992.561584472656 989.568664550781 991.570861816406 982.338317871094 982.678466796875 975.802124023438 969.40087890625 982.634765625 987.95166015625 986.403137207031 979.242553710938 982.724304199219 985.819763183594 991.012451171875 983.069091796875 973.481750488281 976.985107421875 978.219665527344
991.348693847656 993.8193359375 993.839721679688 992.758056640625 998.450988769531 990.539794921875 987.041198730469 994.142456054688 991.506713867188 984.794799804688 980.408996582031 982.802978515625 979.527648925781 974.443725585938 978.225830078125 977.299011230469 980.522888183594 974.121215820312 970.03173828125 974.492736816406 976.986511230469 976.817626953125 982.8388671875 976.729675292969 977.178649902344 986.563598632812 982.452880859375 985.836303710938 988.350036621094 993.233154296875 983.692810058594 991.238708496094 982.530029296875 975.541320800781 980.88232421875 991.82373046875 989.43115234375 988.038940429688 986.147399902344 982.299133300781 986.574645996094 983.744689941406 983.143981933594 980.198364257812 987.095764160156 979.01123046875
1004.16809082031 1006.99731445312 994.834838867188 993.065490722656 991.529235839844 996.552185058594 992.709289550781 986.657287597656 993.895568847656 985.758972167969 984.218139648438 977.519287109375 978.597412109375 975.158020019531 973.05517578125 970.292236328125 976.97705078125 977.515197753906 978.698425292969 985.204162597656 983.934509277344 973.784240722656 983.346313476562 979.553894042969 978.629577636719 980.708923339844 984.557067871094 984.662475585938 989.984802246094 989.056945800781 980.036193847656 980.36474609375 983.493957519531 977.184997558594 988.263244628906 984.214294433594 987.256469726562 994.722534179688 990.495727539062 988.643188476562 981.907592773438 993.41015625 990.330383300781 981.170104980469 987.535888671875 988.279479980469
1002.24255371094 1005.37127685547 1004.04614257812 991.178649902344 994.834045410156 996.400817871094 998.169921875 1002.50451660156 996.780944824219 983.635009765625 976.640930175781 974.182556152344 979.622192382812 977.2958984375 972.592224121094 975.8173828125 977.183776855469 973.947021484375 978.144897460938 983.795227050781 977.320922851562 980.979125976562 983.199645996094 988.215576171875 987.818542480469 979.183349609375 984.738586425781 980.854064941406 983.510070800781 984.097351074219 978.507507324219 978.215637207031 985.683349609375 984.720825195312 985.416748046875 980.785400390625 995.069274902344 992.253540039062 993.797058105469 988.224853515625 985.528625488281 989.877258300781 983.440795898438 977.609069824219 988.567993164062 989.719299316406
1001.83715820312 1007.55377197266 1002.17523193359 996.862731933594 986.1328125 990.928649902344 994.816284179688 1009.83843994141 1003.99182128906 985.644592285156 976.924133300781 971.848510742188 974.385131835938 976.025756835938 976.221618652344 980.338745117188 978.933837890625 987.23876953125 977.251892089844 984.464782714844 981.09912109375 980.641174316406 980.482849121094 989.612915039062 984.165893554688 982.928955078125 989.693420410156 983.259643554688 987.203491210938 977.626220703125 980.130554199219 986.171325683594 988.786865234375 989.993103027344 990.063537597656 999.322998046875 992.423583984375 995.558044433594 984.273803710938 990.851135253906 993.414367675781 987.526550292969 984.557434082031 982.288696289062 985.5625 987.907348632812
1003.60974121094 1004.552734375 1005.9287109375 1009.68566894531 1006.08514404297 999.742248535156 995.352233886719 995.238586425781 992.5732421875 994.339416503906 980.433837890625 970.780944824219 978.027893066406 974.094421386719 978.119750976562 983.037719726562 977.835327148438 967.888305664062 981.860473632812 975.907958984375 980.610412597656 983.445495605469 981.584533691406 980.633911132812 982.505737304688 981.448791503906 982.629455566406 988.365539550781 992.399719238281 986.06640625 986.553894042969 988.2470703125 985.597290039062 993.674377441406 997.44189453125 1006.90539550781 1002.98327636719 996.560241699219 993.832702636719 995.736938476562 985.363708496094 986.553894042969 989.795593261719 979.807067871094 986.524230957031 989.166809082031
1014.80548095703 1002.04833984375 1014.61383056641 1005.08001708984 1007.77746582031 997.670593261719 1003.44219970703 1000.02801513672 987.899963378906 988.107666015625 981.365661621094 979.253784179688 977.099243164062 979.223876953125 977.584289550781 978.877563476562 981.669860839844 970.654663085938 976.62841796875 980.647705078125 972.980712890625 983.267150878906 986.269104003906 990.160949707031 988.723815917969 983.009643554688 986.246337890625 989.527770996094 985.740295410156 987.446899414062 988.300415039062 986.452087402344 986.267211914062 992.398010253906 998.601989746094 1009.33245849609 1010.04840087891 996.4111328125 997.132568359375 996.039855957031 996.738586425781 987.854064941406 989.347473144531 983.295837402344 980.570678710938 983.242065429688
1020.27087402344 1019.06860351562 1015.53753662109 1012.58740234375 1001.36102294922 997.100341796875 1000.30139160156 993.511474609375 983.548645019531 982.391540527344 971.662841796875 977.046813964844 969.823852539062 986.907409667969 977.291381835938 979.45654296875 969.852905273438 963.487060546875 971.630798339844 980.696899414062 975.697692871094 981.5390625 985.985778808594 987.495666503906 988.858276367188 986.218200683594 994.639770507812 987.855224609375 987.516662597656 993.553588867188 986.795654296875 994.888427734375 991.161682128906 999.052062988281 994.844482421875 1008.12689208984 1016.72100830078 1014.02966308594 1001.53021240234 1005.14086914062 1001.81231689453 993.945861816406 1001.68914794922 989.663818359375 985.691955566406 989.166687011719
1008.10241699219 1012.06134033203 1007.23309326172 1003.48193359375 1001.29241943359 992.65625 995.878601074219 989.867431640625 995.642578125 985.910949707031 976.093505859375 977.313537597656 980.533325195312 982.365783691406 979.987182617188 975.177124023438 972.940673828125 971.870849609375 970.366516113281 974.939819335938 981.125610351562 987.26806640625 988.706909179688 989.262329101562 993.494567871094 990.43505859375 995.113464355469 995.667663574219 992.1875 994.319641113281 991.906982421875 992.933227539062 993.929382324219 1002.26312255859 998.584777832031 1004.73120117188 1013.92596435547 1017.44586181641 1007.45306396484 1004.3564453125 1000.59930419922 1000.16827392578 998.406555175781 990.212585449219 989.648559570312 985.454528808594
1007.68109130859 1008.08160400391 1011.63604736328 1005.50988769531 998.064086914062 997.619262695312 991.390991210938 991.026672363281 992.422912597656 989.408386230469 987.044494628906 987.658203125 978.110900878906 983.108154296875 977.745727539062 981.635070800781 979.960632324219 981.27099609375 972.884643554688 978.652282714844 980.195373535156 988.6142578125 982.77001953125 981.886901855469 993.705505371094 993.32421875 1000.41864013672 993.519714355469 991.356323242188 996.422912597656 994.382141113281 1001.34259033203 996.787658691406 1006.14172363281 1007.15460205078 1007.51275634766 1010.85498046875 998.895141601562 1004.82836914062 1009.41906738281 1008.46160888672 1008.27984619141 991.256408691406 987.661010742188 998.689025878906 995.724304199219
