data/zlatibor_dem_simulations/DEMsim34.asc
NCOLS 150
NROWS 100
XLLCORNER 7394249
YLLCORNER 4841999
CELLSIZE 30
NODATA_VALUE -9999
[rows 40 to 59 of 100, columns 92 to 137 of 150]
982.488708496094 992.803649902344 996.807373046875 984.342041015625 990.162414550781 989.491821289062 983.399536132812 987.603210449219 986.422058105469 985.192993164062 982.729614257812 979.376525878906 981.890625 991.941772460938 992.149475097656 986.732543945312 982.018920898438 987.363647460938 986.738098144531 996.625610351562 995.469055175781 994.595275878906 1002.09326171875 1001.43615722656 996.700866699219 994.270446777344 986.442932128906 991.127685546875 986.699829101562 986.664978027344 996.04052734375 998.015258789062 990.257202148438 997.965637207031 1012.17547607422 1013.24291992188 1018.0615234375 1019.8837890625 1031.16125488281 1041.07629394531 1031.18493652344 1034.05615234375 1034.48107910156 1042.53527832031 1051.52807617188 1052.26928710938
985.085144042969 981.815002441406 980.527709960938 988.634704589844 986.379821777344 977.249267578125 985.337646484375 986.217102050781 980.987487792969 982.138244628906 988.325988769531 983.594299316406 979.360534667969 974.625061035156 985.854187011719 983.409118652344 982.138793945312 985.498168945312 980.38232421875 980.238708496094 986.968444824219 1000.17083740234 1001.48602294922 997.6171875 996.122985839844 994.037109375 986.011779785156 992.341430664062 988.780517578125 986.690063476562 1001.06787109375 999.343200683594 1002.74792480469 998.395202636719 1011.70281982422 1012.83471679688 1015.78540039062 1016.40399169922 1028.10998535156 1035.01647949219 1042.15795898438 1048.55065917969 1039.89929199219 1046.97448730469 1054.46887207031 1056.63623046875
990.983154296875 981.649353027344 986.347961425781 977.498413085938 979.224548339844 978.967163085938 984.595703125 982.010375976562 992.458984375 979.050231933594 977.58154296875 982.110961914062 984.35009765625 975.161804199219 974.406433105469 985.020080566406 985 983.520080566406 983.308166503906 981.76318359375 989.464111328125 987.208190917969 990.314025878906 997.638366699219 997.770141601562 998.552856445312 982.756286621094 987.428649902344 991.470703125 998.914794921875 1004.54504394531 997.056091308594 1005.69213867188 997.045288085938 1008.10260009766 1014.28442382812 1022.35626220703 1020.94567871094 1021.14672851562 1035.24951171875 1038.95520019531 1051.66186523438 1039.93835449219 1060.45959472656 1064.2958984375 1070.19836425781
992.6484375 987.131103515625 984.203491210938 979.419921875 977.230224609375 984.395751953125 984.154052734375 986.231384277344 994.304260253906 979.237731933594 980.457397460938 981.521301269531 970.448059082031 979.006408691406 984.199890136719 984.563415527344 994.574829101562 977.824829101562 987.785766601562 985.286315917969 1000.31671142578 989.432006835938 991.857666015625 996.591247558594 999.652770996094 999.001342773438 999.004089355469 991.155700683594 990.516418457031 999.112976074219 1001.69866943359 1007.88189697266 1007.37371826172 1005.75366210938 1007.55609130859 1016.37939453125 1016.54119873047 1017.07855224609 1026.92736816406 1032.0234375 1044.90942382812 1057.25512695312 1061.49401855469 1059.9052734375 1075.89501953125 1086.70495605469
986.11181640625 992.910583496094 981.170715332031 978.161254882812 976.682189941406 975.039794921875 982.680236816406 983.693359375 984.106323242188 983.638366699219 987.837219238281 983.347839355469 987.095397949219 982.733459472656 989.739624023438 990.451110839844 992.726684570312 993.658447265625 989.356567382812 991.28271484375 995.816223144531 999.802856445312 1008.14996337891 999.498901367188 1001.20782470703 1007.27960205078 1012.86773681641 996.091918945312 987.099243164062 994.619812011719 998.066833496094 1003.02655029297 1000.28051757812 1005.04595947266 1007.00305175781 1012.9736328125 1013.388671875 1019.89685058594 1028.55798339844 1028.09033203125 1043.80822753906 1059.40173339844 1070.00915527344 1070.2255859375 1078.671875 1094.93225097656
981.06640625 982.61865234375 974.823425292969 977.017456054688 979.013793945312 985.431823730469 984.956665039062 984.935546875 991.404663085938 994.758178710938 988.728881835938 981.024291992188 984.40185546875 993.221923828125 993.5810546875 988.471435546875 988.05615234375 993.668640136719 995.685607910156 995.776733398438 993.671020507812 1004.54565429688 1005.62109375 1000.9541015625 1014.24267578125 1012.53051757812 1012.62359619141 1002.64166259766 998.018798828125 1008.44573974609 1003.40643310547 1007.69232177734 1008.39819335938 1007.54809570312 1004.96936035156 1015.22198486328 1022.91522216797 1027.81384277344 1030.59753417969 1035.55102539062 1053.263671875 1062.37756347656 1073.38232421875 1080.44506835938 1078.81396484375 1091.49816894531
983.596496582031 974.082763671875 964.737854003906 977.748657226562 977.110595703125 988.842407226562 990.369812011719 990.985046386719 992.001892089844 984.568908691406 986.700439453125 980.951293945312 991.981079101562 997.124694824219 998.909484863281 992.840393066406 991.458679199219 998.566955566406 997.059936523438 999.358154296875 998.819519042969 1004.81842041016 1009.99438476562 1004.76837158203 1011.20324707031 1016.03350830078 1010.90924072266 1017.62524414062 1013.8330078125 1012.76239013672 1013.78527832031 1019.67102050781 1019.35815429688 1011.49987792969 1006.53442382812 1024.98205566406 1029.23852539062 1030.88793945312 1035.94714355469 1039.34338378906 1044.38916015625 1062.76782226562 1078.32189941406 1085.94409179688 1088.3359375 1087.97473144531
978.697998046875 978.763977050781 972.566467285156 976.910095214844 971.051147460938 983.611633300781 989.722595214844 997.62451171875 983.227600097656 973.544006347656 980.469970703125 987.275024414062 983.95458984375 990.130798339844 989.695373535156 991.62109375 986.660278320312 992.454772949219 995.124267578125 1004.8828125 995.291137695312 1000.73040771484 1004.95153808594 1008.52410888672 1009.23413085938 1013.41833496094 1017.26788330078 1019.19140625 1024.86755371094 1018.19104003906 1026.23583984375 1024.06884765625 1023.30682373047 1016.67553710938 1023.16125488281 1032.97827148438 1034.80883789062 1028.58642578125 1036.845703125 1040.15490722656 1046.90417480469 1066.57287597656 1072.48583984375 1080.29333496094 1083.95739746094 1084.18408203125
974.626098632812 974.998229980469 973.027038574219 967.297668457031 977.483215332031 977.267272949219 986.825744628906 988.99169921875 981.789855957031 981.375244140625 981.729553222656 984.017578125 978.357360839844 985.454345703125 990.31298828125 986.491760253906 992.223083496094 992.542724609375 993.170959472656 989.249816894531 991.444091796875 1002.43255615234 1002.13562011719 1007.95953369141 1011.19226074219 1020.27404785156 1014.08129882812 1017.75622558594 1021.03302001953 1023.18566894531 1028.77722167969 1026.59020996094 1021.70959472656 1022.19110107422 1032.22973632812 1028.91674804688 1031.80639648438 1038.21350097656 1041.50476074219 1049.70849609375 1059.08984375 1067.76318359375 1082.34851074219 1082.23596191406 1080.14086914062 1090.56469726562
966.90185546875 976.540771484375 977.541625976562 977.607055664062 977.655822753906 967.929748535156 976.951171875 982.288269042969 976.352233886719 977.744384765625 978.564697265625 986.006408691406 983.145080566406 981.091857910156 981.239196777344 987.777954101562 987.634765625 984.816162109375 984.500366210938 989.750305175781 990.9462890625 993.702026367188 992.644775390625 999.716857910156 1009.86236572266 1014.61077880859 1018.00115966797 1011.70379638672 1018.46783447266 1007.99731445312 1017.16192626953 1026.26306152344 1039.27233886719 1034.10974121094 1037.76574707031 1031.06323242188 1036.47436523438 1041.80590820312 1041.1064453125 1055.31726074219 1062.654296875 1072.44055175781 1081.55029296875 1079.00573730469 1081.12109375 1091.4951171875
968.369384765625 970.675170898438 974.038635253906 970.291870117188 976.82373046875 969.792602539062 974.39990234375 981.744689941406 968.139953613281 962.6484375 970.912353515625 975.272888183594 980.490783691406 984.958251953125 978.381286621094 980.786071777344 980.297241210938 982.29296875 982.232299804688 999.658569335938 997.948486328125 994.272827148438 991.17529296875 987.839233398438 996.990966796875 1011.16430664062 1016.28411865234 1013.95239257812 1006.71850585938 1012.97186279297 1011.46887207031 1026.07421875 1038.78430175781 1046.22387695312 1045.24963378906 1042.85656738281 1048.67028808594 1046.18884277344 1052.10974121094 1065.50695800781 1061.99169921875 1069.88269042969 1077.57067871094 1081.21997070312 1085.20373535156 1099.02905273438
976.102111816406 963.86279296875 966.654479980469 966.030517578125 973.590270996094 971.191284179688 968.982360839844 973.274963378906 969.366455078125 967.992126464844 971.246948242188 977.633605957031 982.026733398438 975.488525390625 974.337158203125 974.825012207031 972.173767089844 975.290649414062 983.579772949219 984.663024902344 998.314270019531 993.791137695312 996.925964355469 999.324035644531 1000.55810546875 1007.09527587891 1012.40264892578 1014.50500488281 1018.02008056641 1023.11822509766 1011.69079589844 1029.00939941406 1029.48828125 1034.46057128906 1045.27392578125 1039.17028808594 1051.01806640625 1042.75158691406 1050.56018066406 1064.36218261719 1064.19958496094 1073.24096679688 1082.97216796875 1081.25463867188 1096.08642578125 1100.30090332031
982.939025878906 975.494689941406 965.375610351562 968.864807128906 974.503784179688 973.07861328125 974.098571777344 972.022766113281 971.99169921875 980.718505859375 979.592407226562 979.177429199219 976.24560546875 979.876403808594 987.087585449219 982.937377929688 972.156799316406 975.154479980469 976.065856933594 986.618774414062 994.644165039062 996.919555664062 993.465454101562 1005.82409667969 997.322082519531 1005.40643310547 1010.15435791016 1022.29187011719 1024.79626464844 1020.69494628906 1024.93444824219 1032.17895507812 1031.74719238281 1035.41162109375 1035.78430175781 1035.64282226562 1042.02600097656 1049.970703125 1053.12072753906 1058.89990234375 1070.12512207031 1074.8564453125 1076.81994628906 1085.65490722656 1088.84924316406 1101.119140625
984.639099121094 974.918273925781 974.62646484375 972.909057617188 971.133422851562 975.075317382812 981.599487304688 977.756774902344 980.999572753906 980.091003417969 977.428527832031 979.930786132812 973.470031738281 979.40185546875 988.567565917969 975.602355957031 974.996032714844 973.082214355469 982.932861328125 985.456665039062 990.636474609375 991.855346679688 991.263366699219 989.441162109375 995.763122558594 1001.0478515625 1011.06817626953 1021.48522949219 1024.40747070312 1020.59210205078 1025.48583984375 1034.59814453125 1033.08630371094 1029.59497070312 1023.92846679688 1028.67236328125 1034.98083496094 1053.65063476562 1056.26403808594 1059.37927246094 1070.48266601562 1074.25622558594 1083.04455566406 1079.57141113281 1094.54724121094 1105.11877441406
969.264465332031 974.927001953125 974.39697265625 978.149780273438 978.896728515625 984.942199707031 992.586303710938 982.64990234375 982.146911621094 981.25244140625 973.283752441406 964.641662597656 974.044128417969 971.952697753906 974.979614257812 971.61474609375 978.233520507812 976.422546386719 980.268005371094 990.140686035156 992.338623046875 989.302856445312 987.159973144531 986.017700195312 989.301879882812 1004.29748535156 1009.84893798828 1021.14294433594 1014.64172363281 1023.21026611328 1018.33660888672 1022.37243652344 1022.75201416016 1022.52416992188 1022.005859375 1026.62915039062 1038.11926269531 1047.69250488281 1058.88415527344 1059.90368652344 1074.79479980469 1075.29260253906 1078.92004394531 1086.18762207031 1098.08508300781 1099.8544921875
972.18212890625 971.39306640625 970.455078125 976.075561523438 985.745178222656 988.636779785156 992.184204101562 987.213195800781 981.698669433594 979.395935058594 977.511474609375 972.732238769531 969.885375976562 970.902404785156 973.925659179688 964.607177734375 968.762084960938 977.882751464844 983.754150390625 987.466857910156 993.548461914062 995.303344726562 997.215270996094 997.362365722656 992.224853515625 1009.12866210938 1016.21429443359 1023.60491943359 1024.89343261719 1020.3271484375 1009.08831787109 1009.57434082031 1010.50177001953 1008.42102050781 1017.95483398438 1028.90905761719 1037.45263671875 1051.1181640625 1066.53405761719 1078.12451171875 1085.36145019531 1085.48010253906 1082.154296875 1083.95593261719 1102.08630371094 1099.11767578125
971.562927246094 965.204895019531 965.987243652344 970.2666015625 983.929565429688 990.32373046875 991.737243652344 986.469543457031 985.534423828125 983.673522949219 978.88525390625 972.085998535156 975.7119140625 984.819885253906 983.259704589844 978.295959472656 973.638671875 981.810241699219 981.935119628906 998.549560546875 994.287658691406 992.207397460938 987.28955078125 989.206787109375 988.471252441406 1003.74096679688 1014.39581298828 1026.68591308594 1025.75927734375 1013.35003662109 1009.92730712891 1003.15106201172 997.552429199219 1007.93731689453 1022.92578125 1032.39807128906 1035.77221679688 1048.72985839844 1059.15563964844 1074.75158691406 1082.22692871094 1076.22009277344 1081.68200683594 1082.49438476562 1090.93029785156 1089.89440917969
973.971374511719 967.822631835938 976.987548828125 978.640014648438 980.182250976562 979.4775390625 983.749633789062 983.4130859375 983.132080078125 988.386840820312 982.186401367188 980.8134765625 979.201049804688 980.524841308594 989.4052734375 993.718322753906 990.710754394531 983.592224121094 987.201538085938 986.981872558594 988.9755859375 992.171936035156 989.19921875 994.701965332031 991.140014648438 999.890075683594 1010.52612304688 1016.18487548828 1020.69854736328 1023.69903564453 1009.49755859375 1004.05322265625 1007.46765136719 1009.14996337891 1020.33636474609 1028.35876464844 1035.64636230469 1040.67468261719 1051.87939453125 1062.33850097656 1071.05126953125 1069.646484375 1072.19812011719 1072.53137207031 1084.01574707031 1081.75744628906
976.262023925781 979.172668457031 980.738830566406 975.568725585938 982.070861816406 982.363464355469 977.762329101562 980.724304199219 977.141845703125 982.474304199219 988.983764648438 979.286376953125 986.429565429688 977.961853027344 979.639709472656 992.363647460938 998.588806152344 995.716796875 993.76708984375 992.186828613281 1001.23968505859 999.628234863281 999.336120605469 997.041809082031 990.238403320312 1000.888671875 1006.32635498047 1007.73065185547 1015.37048339844 1014.41510009766 1012.32043457031 1001.501953125 1009.32318115234 1010.26196289062 1019.162109375 1028.20239257812 1041.76916503906 1041.87268066406 1049.19604492188 1053.92407226562 1062.54455566406 1068.50500488281 1073.50378417969 1064.59338378906 1069.38171386719 1066.90881347656
973.167663574219 978.290710449219 982.852966308594 980.456359863281 983.313171386719 976.635498046875 983.375610351562 977.216003417969 978.492736816406 979.131042480469 975.547546386719 980.888793945312 989.773010253906 982.3544921875 973.615844726562 978.226501464844 992.2783203125 991.611511230469 994.5029296875 997.854370117188 1005.49078369141 1007.63238525391 1000.84362792969 992.230590820312 984.571044921875 994.101989746094 998.730529785156 1008.11944580078 1008.54028320312 1011.29174804688 1013.1044921875 1011.53192138672 1014.51336669922 1018.03015136719 1030.32165527344 1039.64013671875 1044.7060546875 1037.10095214844 1040.53039550781 1045.90222167969 1055.42138671875 1056.58227539062 1048.96813964844 1055.36779785156 1062.38000488281 1056.11804199219
