data/zlatibor_dem_simulations/DEMsim53.asc
NCOLS 150
NROWS 100
XLLCORNER 7394249
YLLCORNER 4841999
CELLSIZE 30
NODATA_VALUE -9999
[rows 80 to 99 of 100, columns 0 to 45 of 150]
940.953369140625 932.44580078125 932.776550292969 933.373901367188 933.485595703125 938.877014160156 937.364379882812 945.034423828125 945.803527832031 949.610778808594 951.809936523438 955.207214355469 973.212280273438 974.841979980469 976.187622070312 975.415100097656 977.535034179688 966.415100097656 979.930053710938 977.330932617188 974.8408203125 964.698913574219 967.637939453125 975.813781738281 971.189880371094 984.458435058594 984.6826171875 984.83056640625 980.501342773438 980.831481933594 979.389831542969 986.486572265625 982.318725585938 982.226745605469 989.878845214844 989.240417480469 986.720703125 993.741333007812 995.3427734375 990.313842773438 992.475036621094 993.252563476562 1000.75634765625 995.112060546875 998.116333007812 1004.89697265625
943.760437011719 936.838439941406 939.553466796875 932.361755371094 934.62353515625 927.010314941406 941.653564453125 947.323669433594 950.288146972656 959.7373046875 962.057189941406 959.236206054688 972.734191894531 973.918334960938 967.327758789062 970.8271484375 970.769958496094 975.328247070312 983.910705566406 983.986083984375 975.524841308594 960.127868652344 967.2587890625 977.598205566406 983.452697753906 982.827758789062 984.840454101562 984.076965332031 985.213928222656 987.845520019531 988.188293457031 978.887878417969 981.140869140625 991.829467773438 1002.15283203125 995.6689453125 991.936157226562 986.759521484375 992.162719726562 984.852111816406 992.928283691406 995.628173828125 995.86962890625 1004.90460205078 1006.18316650391 1005.1328125
945.889892578125 940.2275390625 936.296264648438 941.523071289062 940.078918457031 938.794189453125 938.27783203125 935.577880859375 940.850036621094 953.439636230469 961.40576171875 965.566162109375 974.484497070312 975.165893554688 970.723510742188 966.336242675781 975.710876464844 972.775695800781 975.277160644531 974.906066894531 963.135437011719 962.966369628906 961.360595703125 977.227172851562 982.708557128906 984.549255371094 980.867614746094 979.905822753906 978.652709960938 986.919616699219 986.714904785156 988.653381347656 988.403076171875 990.906127929688 993.685852050781 985.911376953125 989.751525878906 995.983093261719 994.231323242188 982.120788574219 987.097534179688 994.462646484375 1000.27288818359 1005.85632324219 1009.40795898438 1005.27966308594
948.143249511719 942.70703125 944.021423339844 940.927368164062 940.093505859375 930.396606445312 941.640441894531 940.45166015625 946.418151855469 951.897277832031 970.480529785156 976.941345214844 974.850036621094 975.496826171875 968.865905761719 969.492126464844 968.59326171875 960.368408203125 967.792602539062 966.152221679688 954.256103515625 951.5859375 960.059020996094 961.256103515625 973.450134277344 979.475708007812 971.754272460938 972.618103027344 968.091186523438 978.570983886719 976.214782714844 981.099609375 976.171142578125 980.950012207031 977.804626464844 974.480773925781 971.971130371094 977.268249511719 987.21923828125 985.873413085938 988.752990722656 990.704528808594 1000.00115966797 1000.20086669922 999.10546875 1004.13739013672
946.971130371094 940.940979003906 943.781921386719 945.396606445312 940.173278808594 922.552307128906 934.154541015625 940.4990234375 938.538269042969 945.481567382812 960.957702636719 970.96484375 971.223693847656 965.92138671875 966.319274902344 963.276672363281 960.349365234375 958.485229492188 963.489807128906 959.782287597656 943.85986328125 944.666015625 952.408081054688 957.005554199219 965.043395996094 960.514099121094 967.498840332031 966.646179199219 967.095031738281 958.1982421875 965.951293945312 974.428527832031 981.289672851562 976.616577148438 972.176696777344 977.326232910156 973.236206054688 983.15478515625 985.275146484375 982.334594726562 979.371398925781 990.418090820312 992.6630859375 983.064697265625 985.995971679688 996.719116210938
947.041381835938 941.003234863281 953.951354980469 938.69189453125 938.080017089844 936.788024902344 935.790466308594 935.714721679688 943.549011230469 948.796447753906 953.072631835938 964.56494140625 963.3212890625 963.168884277344 970.032470703125 966.89599609375 959.544189453125 957.510986328125 957.108764648438 948.605529785156 942.754272460938 952.841613769531 947.459106445312 952.10693359375 959.066650390625 961.9765625 965.478881835938 968.697326660156 965.347045898438 959.583984375 964.244445800781 970.393005371094 979.109924316406 981.66015625 973.510620117188 985.737121582031 967.960327148438 973.885864257812 975.6669921875 980.280700683594 979.61083984375 981.527099609375 987.150695800781 978.152709960938 986.166320800781 987.998596191406
952.321350097656 955.417602539062 953.924560546875 950.044555664062 943.953002929688 938.301391601562 939.543273925781 939.971069335938 944.514099121094 947.911926269531 956.023376464844 963.684448242188 957.007995605469 958.607849121094 961.674865722656 962.944274902344 952.203552246094 954.99560546875 949.358032226562 946.0244140625 948.180908203125 954.5361328125 953.044067382812 950.313293457031 958.158264160156 964.472229003906 956.869567871094 961.775329589844 962.016479492188 957.149047851562 961.647583007812 957.290283203125 967.946044921875 968.021240234375 970.604431152344 964.113220214844 959.544067382812 973.116943359375 975.680114746094 975.951293945312 973.653076171875 975.005920410156 980.846984863281 979.694152832031 992.984130859375 992.690063476562
951.22216796875 954.282348632812 949.918273925781 954.369079589844 945.721252441406 946.951171875 942.4765625 946.568054199219 947.526245117188 952.070983886719 946.665954589844 953.762390136719 956.935424804688 944.272888183594 953.46142578125 953.544372558594 956.621337890625 948.776000976562 958.578491210938 956.085693359375 952.3681640625 948.764221191406 950.493469238281 949.550415039062 948.932067871094 962.729431152344 963.282287597656 965.497985839844 966.316345214844 966.5556640625 963.291564941406 960.404235839844 972.930603027344 971.47314453125 964.667602539062 966.927124023438 964.477233886719 971.063232421875 970.191101074219 969.01416015625 967.927429199219 968.555480957031 976.17822265625 974.438903808594 992.233947753906 993.640563964844
955.641723632812 950.414611816406 950.159484863281 950.334716796875 950.781311035156 943.676391601562 941.20947265625 943.19921875 949.509094238281 942.742736816406 935.407775878906 949.805725097656 954.468627929688 951.01416015625 948.857421875 951.112548828125 954.1611328125 958.663330078125 960.533020019531 963.434143066406 954.76953125 950.618957519531 958.992309570312 958.066345214844 957.926391601562 963.635375976562 962.907836914062 956.362854003906 965.964050292969 959.084350585938 958.696655273438 961.66357421875 961.879028320312 964.543762207031 972.148559570312 972.906982421875 968.284729003906 963.8564453125 964.047180175781 974.895080566406 976.398986816406 971.187377929688 972.204345703125 984.353332519531 984.400695800781 980.271362304688
964.224914550781 956.102600097656 953.459777832031 957.385986328125 954.626220703125 950.672485351562 947.981628417969 947.631958007812 942.990112304688 942.931945800781 936.568664550781 942.124328613281 954.268005371094 954.193420410156 945.177551269531 947.990173339844 940.293823242188 960.324462890625 960.568176269531 956.458618164062 948.345031738281 959.578918457031 958.973815917969 955.377868652344 959.725158691406 959.307189941406 958.181701660156 964.1650390625 963.273559570312 969.049255371094 962.382934570312 954.072509765625 965.576171875 972.487976074219 972.019104003906 974.2373046875 969.754943847656 963.1982421875 959.447631835938 962.095764160156 967.054138183594 976.723510742188 970.631042480469 982.472717285156 986.282348632812 984.693542480469
966.88232421875 965.504211425781 965.523193359375 951.893798828125 946.832458496094 959.874267578125 957.260925292969 951.891479492188 953.410949707031 958.083557128906 952.503845214844 957.436584472656 960.335327148438 960.52978515625 941.6455078125 948.413879394531 950.586120605469 956.538269042969 963.326477050781 969.705688476562 958.6484375 955.755798339844 946.594116210938 956.829345703125 956.940979003906 965.850341796875 974.56689453125 977.592590332031 965.917785644531 961.634338378906 960.334411621094 958.686401367188 965.286499023438 975.112243652344 970.181335449219 965.807983398438 972.885620117188 965.019714355469 959.983215332031 960.132690429688 975.532348632812 973.436706542969 969.068664550781 981.450561523438 983.046691894531 984.277893066406
973.225891113281 969.947143554688 963.782104492188 955.741394042969 957.973937988281 956.54931640625 958.567504882812 955.445190429688 954.798278808594 956.856872558594 957.718627929688 966.919555664062 967.222595214844 968.035217285156 959.722839355469 964.098083496094 965.221862792969 961.763122558594 963.179138183594 964.942687988281 968.612976074219 961.540161132812 960.899536132812 966.051879882812 965.228271484375 965.599548339844 968.195678710938 966.119201660156 968.265197753906 955.850646972656 954.797119140625 964.508605957031 964.911437988281 972.787048339844 970.479919433594 971.976013183594 971.481994628906 976.828796386719 966.533752441406 962.458374023438 968.737670898438 975.405395507812 973.25341796875 975.272583007812 980.711120605469 979.568542480469
971.759826660156 963.936401367188 964.416809082031 963.284240722656 960.878784179688 964.714416503906 960.307800292969 958.523559570312 962.779235839844 954.950500488281 955.449096679688 956.702392578125 962.12548828125 965.672058105469 973.661560058594 969.892456054688 972.547058105469 965.386779785156 968.922485351562 968.623168945312 975.99853515625 962.0751953125 966.538513183594 967.98486328125 960.962890625 972.175598144531 972.181335449219 966.710266113281 968.078186035156 965.961853027344 957.746704101562 959.910217285156 966.408203125 968.311889648438 980.877563476562 978.488891601562 972.32421875 979.614379882812 976.908020019531 974.927673339844 983.72607421875 966.390869140625 961.024169921875 968.486755371094 975.477233886719 977.793884277344
970.623840332031 962.700012207031 964.9130859375 960.496704101562 955.535278320312 963.455810546875 957.743469238281 963.435607910156 965.572998046875 970.606140136719 961.033996582031 957.614929199219 954.774536132812 969.625183105469 973.466125488281 980.101318359375 968.766540527344 974.192199707031 972.450500488281 975.183776855469 970.712524414062 966.898620605469 959.03466796875 964.636657714844 966.919921875 968.69921875 972.353515625 969.348510742188 955.886901855469 957.068542480469 965.700073242188 962.917907714844 967.424072265625 970.585815429688 974.702575683594 970.886291503906 976.513061523438 973.642822265625 980.397766113281 982.634521484375 980.557434082031 970.433044433594 967.447570800781 973.015441894531 978.185974121094 969.629028320312
968.0732421875 963.170776367188 963.285888671875 957.390991210938 961.701782226562 965.212341308594 962.53759765625 952.806762695312 962.480895996094 961.722045898438 956.970581054688 957.906005859375 963.68212890625 974.939514160156 977.118957519531 986.337951660156 981.080932617188 976.382751464844 971.266540527344 972.649719238281 969.246520996094 966.15185546875 970.983276367188 965.320129394531 968.375122070312 964.028503417969 963.403442382812 966.630676269531 950.85302734375 958.344787597656 966.159240722656 958.979431152344 960.343017578125 967.393737792969 967.28662109375 965.778015136719 979.256774902344 985.998168945312 982.57421875 980.898803710938 994.34912109375 978.256652832031 973.890625 983.353088378906 979.791137695312 973.953491210938
962.897277832031 967.267883300781 971.9228515625 965.959228515625 967.01806640625 954.22900390625 955.254638671875 943.72314453125 951.314636230469 960.608764648438 956.54833984375 963.604614257812 968.844360351562 972.026672363281 985.018615722656 984.034851074219 976.314331054688 971.750915527344 967.116394042969 970.670593261719 970.855895996094 974.682983398438 970.543395996094 969.536376953125 970.18603515625 966.441955566406 966.854125976562 966.587158203125 960.570068359375 952.683044433594 962.066101074219 962.478759765625 969.190734863281 969.454162597656 976.305603027344 976.830139160156 985.347534179688 985.408264160156 980.971374511719 983.066467285156 983.024291992188 979.91064453125 972.483825683594 984.527282714844 978.887023925781 972.926940917969
967.935546875 972.885009765625 971.800537109375 975.171875 964.4599609375 950.054931640625 949.761474609375 948.810668945312 949.384643554688 950.712646484375 964.040710449219 973.263061523438 963.788635253906 982.143737792969 980.621520996094 981.802001953125 976.27294921875 972.838134765625 976.106750488281 974.543395996094 973.560668945312 981.6025390625 977.931884765625 983.054809570312 973.217224121094 974.772827148438 980.460876464844 973.991088867188 965.848999023438 965.425537109375 957.524658203125 962.416564941406 967.057983398438 974.9755859375 973.972412109375 979.856079101562 975.309143066406 980.776794433594 979.109375 976.815673828125 977.897277832031 976.987976074219 975.133972167969 975.783508300781 976.072448730469 974.455627441406
967.441772460938 977.348327636719 970.589965820312 977.224060058594 964.614807128906 952.738586425781 947.906494140625 951.661010742188 950.430419921875 952.857971191406 962.600708007812 973.533874511719 976.278625488281 980.666809082031 976.688110351562 968.094360351562 965.13818359375 973.703063964844 975.468933105469 974.862121582031 984.634826660156 971.601318359375 971.820068359375 979.731384277344 974.860961914062 980.657287597656 983.830200195312 977.842346191406 972.861572265625 960.130920410156 960.102722167969 960.730102539062 961.218383789062 969.592529296875 973.786010742188 976.068969726562 980.051879882812 975.797302246094 977.409606933594 973.802368164062 979.042663574219 973.866394042969 976.951110839844 976.222717285156 970.14013671875 974.9375
979.391418457031 972.551452636719 976.416015625 971.385803222656 960.262084960938 948.171875 947.690979003906 946.837768554688 952.549987792969 961.827392578125 972.115478515625 969.273620605469 973.752990722656 976.778442382812 984.350952148438 972.207397460938 978.247253417969 975.109313964844 980.893005371094 975.687438964844 976.2724609375 981.871215820312 985.334716796875 984.532470703125 985.125793457031 988.97412109375 992.374816894531 988.98681640625 985.762451171875 962.255065917969 967.351318359375 958.801330566406 962.129211425781 959.207580566406 970.578369140625 983.853881835938 974.9189453125 977.767456054688 977.647216796875 984.553344726562 977.066223144531 983.673583984375 979.537658691406 977.812194824219 982.575927734375 972.609008789062
979.098388671875 970.06396484375 968.454284667969 965.076782226562 963.234985351562 956.774658203125 954.354614257812 956.180908203125 954.255310058594 967.769836425781 965.578918457031 977.054138183594 981.421325683594 975.340087890625 978.262023925781 975.297241210938 984.519836425781 983.695373535156 979.732604980469 976.439392089844 985.179992675781 986.223083496094 990.370666503906 989.938781738281 989.940551757812 992.228759765625 997.853881835938 987.827514648438 986.082702636719 971.208618164062 968.728332519531 963.460510253906 965.36669921875 964.602478027344 973.81005859375 975.571044921875 976.981689453125 980.5830078125 973.396606445312 988.429870605469 978.492614746094 975.563903808594 981.00244140625 976.814086914062 980.726806640625 975.0146484375
