data/zlatibor_dem_simulations/DEMsim90.asc
NCOLS 150
NROWS 100
XLLCORNER 7394249
YLLCORNER 4841999
CELLSIZE 30
NODATA_VALUE -9999
[rows 60 to 79 of 100, columns 0 to 45 of 150]
971.736450195312 970.995056152344 962.558532714844 965.788635253906 968.362731933594 977.185913085938 974.643188476562 971.880432128906 962.930236816406 964.351928710938 962.312927246094 957.115112304688 953.44970703125 951.919677734375 955.608276367188 960.956237792969 955.569458007812 946.642333984375 949.073608398438 949.002868652344 951.432006835938 954.673828125 958.673461914062 963.65576171875 958.548461914062 943.635803222656 944.6640625 946.130798339844 946.397644042969 946.432678222656 951.066589355469 953.870361328125 954.518615722656 950.451965332031 951.057678222656 947.071411132812 948.442932128906 943.418273925781 947.457946777344 932.683288574219 943.059326171875 941.094787597656 944.470458984375 949.146789550781 957.120422363281 956.999633789062
962.817260742188 966.504516601562 971.105163574219 964.956298828125 965.057250976562 973.130065917969 966.725463867188 964.472717285156 959.789733886719 966.283081054688 970.731506347656 959.399047851562 950.296630859375 938.9365234375 944.437744140625 954.996337890625 950.800476074219 947.387023925781 951.681091308594 948.307312011719 948.09814453125 960.2900390625 965.022094726562 966.9521484375 951.403930664062 942.081298828125 941.954956054688 941.589111328125 945.121459960938 944.6005859375 950.520751953125 961.409240722656 953.333801269531 952.388977050781 956.197509765625 945.351684570312 954.442321777344 948.602233886719 938.187744140625 928.501342773438 937.437255859375 939.165588378906 941.266906738281 950.060424804688 950.391723632812 956.669067382812
961.037414550781 964.19189453125 966.06884765625 963.614074707031 965.386352539062 955.385925292969 966.428771972656 963.619445800781 958.364196777344 960.03662109375 967.145446777344 956.532836914062 943.135986328125 945.564453125 938.911804199219 953.274780273438 945.421020507812 952.718505859375 952.854675292969 943.954040527344 948.853881835938 954.455505371094 949.93701171875 954.639038085938 947.061401367188 937.890563964844 934.55859375 936.385314941406 941.8759765625 954.03125 944.989135742188 944.631591796875 944.543212890625 949.828857421875 950.732788085938 956.011474609375 951.989624023438 942.04345703125 938.275695800781 930.973205566406 931.227722167969 943.432006835938 948.335571289062 954.568725585938 966.749450683594 964.251220703125
956.276123046875 957.678588867188 963.409851074219 961.448303222656 959.772094726562 950.709533691406 957.457641601562 963.619384765625 966.208190917969 957.276794433594 960.989440917969 954.863220214844 948.692932128906 941.315734863281 935.01123046875 934.800476074219 937.819274902344 940.862426757812 940.637451171875 945.009704589844 942.408630371094 951.646911621094 955.332092285156 945.945129394531 947.167846679688 938.158630371094 941.659423828125 939.940979003906 935.856201171875 949.177795410156 945.730407714844 943.09912109375 945.331298828125 950.384338378906 956.433227539062 952.6865234375 948.890380859375 949.495727539062 947.756652832031 928.466552734375 930.561340332031 936.888366699219 953.423889160156 951.518005371094 963.19970703125 956.061279296875
955.834899902344 963.408081054688 959.296081542969 958.265441894531 954.585144042969 951.245544433594 954.586303710938 964.193420410156 955.582153320312 950.872619628906 954.676147460938 949.453430175781 946.100402832031 941.94970703125 944.295288085938 944.177185058594 938.993103027344 941.825927734375 931.793701171875 937.077026367188 934.990417480469 953.330078125 954.888916015625 947.293518066406 944.418395996094 941.144409179688 942.077514648438 944.796936035156 945.165893554688 946.120056152344 952.563720703125 958.718994140625 960.143920898438 942.129455566406 943.582824707031 949.382446289062 950.053649902344 952.008850097656 951.818420410156 938.514221191406 944.657348632812 955.565979003906 953.98046875 953.6630859375 952.528869628906 951.7529296875
953.669006347656 956.348022460938 953.785217285156 952.214172363281 951.584411621094 957.911682128906 956.418029785156 955.232482910156 949.826049804688 941.531921386719 952.305969238281 951.203491210938 946.386657714844 941.609680175781 944.507446289062 934.942443847656 942.264709472656 940.111633300781 939.858703613281 942.303161621094 933.699157714844 948.620056152344 946.770263671875 950.391296386719 949.325988769531 939.522033691406 940.509704589844 941.090087890625 943.541625976562 939.897644042969 945.570495605469 958.949401855469 951.758666992188 951.136535644531 954.288146972656 950.358215332031 953.309631347656 957.290222167969 955.395690917969 947.364013671875 956.802978515625 960.488891601562 961.221008300781 955.684814453125 951.071472167969 949.389465332031
951.056213378906 957.64697265625 953.415710449219 953.00537109375 949.20068359375 953.823059082031 960.456481933594 957.168823242188 949.770751953125 943.232604980469 945.507873535156 942.723876953125 951.522338867188 947.722106933594 948.923522949219 944.000610351562 955.327209472656 949.725280761719 945.351379394531 944.766662597656 939.178833007812 941.004211425781 954.051940917969 956.069885253906 949.735290527344 952.366577148438 949.121459960938 949.994812011719 947.419738769531 947.523315429688 947.042785644531 949.637634277344 948.153686523438 944.07470703125 953.67431640625 951.843383789062 951.715698242188 949.043334960938 952.04345703125 952.061767578125 953.482238769531 963.820068359375 957.948425292969 956.577758789062 954.794799804688 944.772033691406
964.388671875 956.625366210938 951.311462402344 951.334228515625 946.643981933594 948.370849609375 950.462463378906 942.066101074219 940.822021484375 940.292663574219 941.161499023438 942.504821777344 937.419372558594 946.990173339844 952.083862304688 955.309814453125 948.569641113281 944.381164550781 945.678649902344 950.174926757812 940.762573242188 944.698791503906 944.996948242188 954.468322753906 959.611877441406 954.820434570312 956.268615722656 948.837951660156 946.909973144531 948.984191894531 953.533874511719 943.459899902344 953.493103027344 950.735900878906 954.305908203125 949.653198242188 952.521484375 947.288757324219 956.01123046875 951.101013183594 949.962646484375 958.318908691406 958.213195800781 950.715393066406 938.979064941406 941.930358886719
954.915588378906 954.063171386719 961.585754394531 955.807495117188 940.825500488281 941.629699707031 942.322143554688 945.150817871094 937.819030761719 940.890747070312 947.090148925781 946.071533203125 939.201232910156 941.114562988281 947.825622558594 951.484619140625 947.891052246094 943.42919921875 946.003234863281 948.96923828125 945.308654785156 951.443115234375 958.606323242188 951.508178710938 953.624450683594 954.322631835938 961.949462890625 951.922546386719 948.934326171875 950.986877441406 949.85107421875 950.343078613281 957.712097167969 951.201293945312 951.15283203125 944.691040039062 948.352478027344 946.320129394531 952.814331054688 952.556457519531 957.649169921875 962.872741699219 963.130554199219 944.862670898438 951.126647949219 960.986572265625
960.077514648438 957.763732910156 961.055358886719 951.322265625 943.789245605469 940.361633300781 939.849426269531 935.638854980469 934.855102539062 939.779113769531 941.344482421875 940.116516113281 945.238586425781 947.633178710938 955.818298339844 954.4482421875 956.305725097656 954.790954589844 948.6669921875 950.350402832031 955.778381347656 964.631774902344 965.744506835938 959.818176269531 959.883605957031 965.878356933594 962.307861328125 962.189575195312 959.170227050781 956.453918457031 959.301330566406 951.942077636719 947.578125 949.669250488281 953.574523925781 952.661804199219 950.230346679688 951.394592285156 948.26611328125 955.133361816406 964.125610351562 967.155456542969 969.199096679688 961.445068359375 965.776062011719 975.767578125
951.526794433594 950.511901855469 957.655029296875 948.037048339844 939.813903808594 941.703308105469 938.690063476562 944.505310058594 944.703796386719 945.068542480469 943.567993164062 946.34130859375 946.725952148438 953.090698242188 950.188415527344 953.962463378906 948.043762207031 951.870971679688 954.656921386719 965.466613769531 964.350341796875 969.922485351562 981.736938476562 978.274597167969 975.41259765625 965.072692871094 962.766174316406 965.393859863281 966.334777832031 957.834899902344 952.905456542969 960.3017578125 955.002563476562 957.324829101562 961.405883789062 957.365661621094 943.705017089844 949.969482421875 946.343566894531 952.439636230469 966.634033203125 978.943359375 977.164367675781 977.343688964844 977.058959960938 988.987426757812
952.600952148438 948.898864746094 950.726013183594 939.443969726562 942.392517089844 941.90576171875 942.6083984375 943.707397460938 945.03369140625 949.393859863281 948.234375 947.445129394531 943.152893066406 953.685302734375 955.480529785156 945.892211914062 951.6552734375 952.872131347656 964.322082519531 965.437561035156 966.386596679688 974.928649902344 983.544555664062 984.038452148438 975.196960449219 972.060791015625 967.375427246094 968.702087402344 971.411193847656 957.638000488281 957.161010742188 962.641723632812 959.398986816406 969.595092773438 960.614501953125 967.236267089844 957.135986328125 948.320068359375 949.829650878906 962.835693359375 973.205932617188 990.585571289062 991.865478515625 988.957946777344 977.078796386719 988.661804199219
943.232055664062 950.257507324219 944.759826660156 944.86669921875 941.845764160156 935.174011230469 950.086791992188 938.760437011719 943.579833984375 950.85888671875 961.041320800781 956.958862304688 955.357727050781 957.633728027344 959.785034179688 957.242126464844 956.818420410156 959.478637695312 964.745727539062 977.152954101562 975.90234375 980.640563964844 986.808715820312 989.822998046875 986.86328125 981.086669921875 973.991333007812 972.885009765625 967.923645019531 971.944458007812 966.162414550781 961.326904296875 974.751098632812 976.372436523438 972.238647460938 972.949645996094 967.639221191406 957.001708984375 964.764099121094 981.40234375 977.141906738281 988.986633300781 997.360046386719 996.557006835938 989.991943359375 987.13525390625
941.531188964844 941.196899414062 933.818786621094 938.260131835938 938.609252929688 932.691650390625 939.140319824219 941.110534667969 943.117797851562 955.424438476562 968.69091796875 976.486083984375 968.624755859375 978.202331542969 970.41650390625 969.506164550781 966.622619628906 962.991149902344 964.305114746094 977.494079589844 982.281005859375 990.978393554688 984.219543457031 989.166259765625 985.538330078125 979.048645019531 975.950073242188 974.423583984375 967.324096679688 966.574279785156 975.04833984375 977.803466796875 977.870910644531 982.643859863281 975.242553710938 975.643981933594 965.113464355469 964.370727539062 969.175415039062 987.590393066406 986.113525390625 1002.03814697266 1006.92126464844 1004.13079833984 1000.65661621094 1001.14495849609
942.930725097656 934.404357910156 928.340209960938 932.613159179688 927.039794921875 936.047180175781 937.182189941406 942.695739746094 952.308654785156 960.803161621094 971.722900390625 971.248718261719 965.514099121094 973.403625488281 973.278747558594 977.161987304688 967.872375488281 976.412719726562 974.586181640625 977.964233398438 984.971740722656 988.442138671875 988.370239257812 995.151733398438 980.504272460938 978.968322753906 985.177368164062 969.801330566406 973.324829101562 962.728698730469 972.149475097656 972.930419921875 982.277893066406 968.971618652344 964.778747558594 966.822082519531 962.926635742188 976.024963378906 981.50537109375 982.076416015625 997.472106933594 1011.603515625 1015.32867431641 1009.62384033203 1006.40930175781 1008.45257568359
939.79296875 946.646057128906 938.743591308594 927.080688476562 934.690185546875 937 938.207763671875 938.234313964844 959.486083984375 965.207763671875 966.934204101562 972.972534179688 969.397583007812 975.489501953125 970.074279785156 972.43017578125 981.1650390625 975.32568359375 977.003112792969 980.612670898438 994.17236328125 983.81689453125 987.740966796875 988.743041992188 985.9208984375 984.463684082031 988.343566894531 981.283630371094 968.707397460938 970.343444824219 978.434997558594 976.114990234375 978.822204589844 972.736755371094 969.137145996094 968.194274902344 965.710266113281 968.355895996094 987.769104003906 992.558654785156 997.934753417969 1009.19055175781 1019.13391113281 1009.28088378906 1005.48083496094 1007.64141845703
945.60546875 948.719665527344 937.201354980469 932.897094726562 937.658874511719 936.481750488281 935.023071289062 942.940490722656 954.471130371094 968.588317871094 966.451904296875 976.967895507812 977.371948242188 982.009643554688 976.050842285156 980.057861328125 982.93603515625 972.849243164062 972.930419921875 982.938049316406 996.228332519531 988.238037109375 986.073852539062 992.980346679688 992.526123046875 988.382263183594 995.841491699219 994.169006347656 986.1796875 978.052185058594 969.671203613281 973.401977539062 969.20166015625 974.935852050781 972.755859375 969.243469238281 980.693359375 989.572570800781 985.537719726562 996.361389160156 998.252868652344 1007.23101806641 1009.19085693359 1007.60992431641 1011.54205322266 1009.94036865234
959.005004882812 948.107238769531 940.381164550781 937.952575683594 932.992126464844 932.185791015625 931.892211914062 932.123474121094 956.524536132812 964.307800292969 972.855651855469 972.720886230469 973.586791992188 975.453002929688 973.74365234375 977.283630371094 983.962707519531 983.05419921875 982.773681640625 989.881591796875 996.571655273438 991.171875 992.25390625 994.280151367188 994.031127929688 997.408020019531 1002.36700439453 992.49365234375 993.382263183594 984.853515625 977.543090820312 973.946960449219 977.193054199219 982.246520996094 984.011840820312 980.314819335938 984.915893554688 990.622863769531 995.15966796875 998.798583984375 1003.26287841797 999.648071289062 1011.85961914062 1012.77972412109 1018.67126464844 1025.11596679688
948.122680664062 948.700500488281 937.226928710938 938.833557128906 939.963439941406 947.302917480469 936.741271972656 946.399353027344 959.108642578125 968.034484863281 971.219787597656 979.951049804688 973.994018554688 965.082763671875 966.261108398438 975.66015625 987.426513671875 980.892517089844 981.897705078125 997.533447265625 997.912658691406 991.634704589844 995.607604980469 997.368957519531 991.182800292969 1000.87725830078 999.299377441406 995.684265136719 993.767211914062 991.953735351562 977.981689453125 986.015625 986.300354003906 983.518249511719 982.518188476562 982.038024902344 984.305847167969 997.277648925781 1002.12371826172 996.799926757812 997.575622558594 1008.08459472656 1011.03833007812 1007.14117431641 1006.95709228516 1017.33685302734
936.776550292969 946.18017578125 942.268920898438 942.920593261719 937.8330078125 937.801818847656 942.513977050781 941.322204589844 955.755432128906 961.609558105469 968.844604492188 973.809936523438 967.809509277344 967.756164550781 961.909301757812 966.938293457031 974.651611328125 973.096496582031 976.754150390625 981.682861328125 987.656616210938 989.58154296875 996.256164550781 998.443359375 997.138244628906 997.146606445312 992.51220703125 994.556884765625 988.035827636719 985.359191894531 989.228637695312 986.852111816406 983.840393066406 975.026733398438 987.740417480469 990.201110839844 981.893615722656 988.204223632812 994.691955566406 998.078979492188 1004.87683105469 1009.72106933594 1010.96380615234 1007.04229736328 1010.72863769531 1022.66802978516
