data/zlatibor_dem_simulations/DEMsim51.asc
NCOLS 150
NROWS 100
XLLCORNER 7394249
YLLCORNER 4841999
CELLSIZE 30
NODATA_VALUE -9999
[rows 0 to 19 of 100, columns 46 to 91 of 150]
989.548645019531 991.640686035156 989.011657714844 977.339660644531 969.906372070312 962.395080566406 962.376647949219 952.57275390625 951.166259765625 945.510925292969 934.916748046875 928.933044433594 923.609375 929.535034179688 928.734313964844 925.206420898438 920.559509277344 919.50439453125 909.716857910156 902.768432617188 894.754760742188 893.645263671875 894.320861816406 905.771728515625 912.83984375 924.655822753906 934.818664550781 940.27099609375 939.1533203125 944.1533203125 959.147277832031 953.776733398438 957.972839355469 952.210510253906 952.46630859375 963.681091308594 958.261779785156 950.407104492188 949.811096191406 955.48291015625 944.72802734375 933.83740234375 926.797729492188 920.499389648438 911.1181640625 903.837036132812
992.014587402344 994.268005371094 984.839416503906 986.336181640625 976.319763183594 967.893127441406 960.593078613281 954.631774902344 951.606079101562 944.7724609375 933.826049804688 930.145751953125 924.155578613281 928.246826171875 935.424133300781 930.488708496094 935.308532714844 919.863708496094 908.82568359375 899.285339355469 904.039855957031 906.723693847656 908.910034179688 910.390869140625 916.703430175781 928.544250488281 931.683654785156 933.887023925781 935.235656738281 948.901977539062 955.367553710938 954.060180664062 954.235656738281 957.861511230469 961.352722167969 972.986938476562 969.676635742188 964.500793457031 955.235595703125 956.415771484375 948.606201171875 935.778259277344 931.389404296875 932.553344726562 916.039855957031 907.806884765625
994.302124023438 1000.69653320312 996.955749511719 992.113220214844 971.908203125 974.266723632812 960.321472167969 957.641723632812 957.80810546875 948.464660644531 943.270629882812 940.313354492188 936.790954589844 939.950622558594 940.931335449219 947.434936523438 936.918640136719 927.975158691406 916.7890625 909.54248046875 917.462768554688 920.487731933594 917.950439453125 926.762634277344 919.789367675781 932.596435546875 932.603759765625 939.726806640625 947.692260742188 956.667541503906 961.891052246094 962.524047851562 957.095947265625 972.563659667969 981.631958007812 991.997253417969 981.056640625 976.368041992188 970.691833496094 957.699768066406 950.034606933594 946.937805175781 938.853515625 934.357849121094 928.584716796875 923.992248535156
1003.77624511719 996.890869140625 989.058654785156 982.591186523438 978.365600585938 977.905517578125 967.226196289062 967.181945800781 971.072570800781 958.159912109375 953.972473144531 953.27099609375 951.119812011719 953.467102050781 952.6279296875 942.271606445312 934.721618652344 932.700866699219 925.661682128906 916.021789550781 922.594665527344 921.564392089844 918.533508300781 920.722839355469 919.874877929688 934.929992675781 942.892578125 950.593200683594 963.552673339844 961.333740234375 965.235900878906 971.444641113281 975.434875488281 988.516235351562 992.413940429688 995.634765625 989.781311035156 973.348510742188 978.228271484375 962.028686523438 964.217712402344 956.328857421875 938.196960449219 940.695617675781 932.133422851562 927.009948730469
1009.43615722656 1002.037109375 988.156921386719 980.832946777344 980.331726074219 983.775146484375 976.806579589844 972.800048828125 969.442749023438 957.755554199219 962.344665527344 959.140258789062 959.561340332031 963.419189453125 957.548095703125 947.254028320312 937.645080566406 935.68603515625 932.0888671875 930.094177246094 931.001586914062 937.374694824219 926.951232910156 926.824401855469 932.997009277344 944.160400390625 948.867919921875 957.0498046875 958.019348144531 964.294616699219 973.681030273438 980.079528808594 979.266967773438 998.982360839844 1005.17230224609 1005.19116210938 996.469299316406 989.865234375 974.365844726562 962.616882324219 962.09423828125 958.284545898438 947.847229003906 942.182434082031 942.282470703125 936.105529785156
1004.59747314453 998.001525878906 988.696899414062 984.754516601562 994.928649902344 993.088562011719 990.42578125 982.27587890625 978.798767089844 974.885620117188 969.380798339844 973.01708984375 964.255065917969 974.022521972656 968.239990234375 954.3955078125 950.436462402344 950.06298828125 946.227600097656 946.07373046875 946.669067382812 945.743103027344 937.404235839844 936.537963867188 943.554382324219 941.276611328125 945.750671386719 954.474365234375 971.693237304688 973.90283203125 980.166809082031 984.798278808594 998.110900878906 1005.98809814453 1011.12902832031 1020.09851074219 1005.16168212891 1003.90966796875 984.604858398438 972.855407714844 962.608520507812 961.732788085938 953.288452148438 944.032775878906 937.980102539062 939.242431640625
1007.64050292969 992.939758300781 993.315551757812 994.474914550781 1002.10333251953 993.096130371094 991.441650390625 988.423767089844 988.561462402344 986.248413085938 977.463989257812 978.455993652344 971.602172851562 983.795837402344 978.745727539062 963.923217773438 964.472229003906 957.949401855469 951.630676269531 953.144897460938 950.917541503906 946.007385253906 947.6806640625 943.085693359375 945.877502441406 959.333862304688 947.792724609375 950.158996582031 975.833679199219 982.282470703125 991.418884277344 1005.05145263672 1009.51098632812 1014.45892333984 1015.51623535156 1022.40179443359 1021.095703125 1007.65905761719 997.723449707031 982.600830078125 969.731872558594 967.102355957031 953.130554199219 940.428527832031 943.71240234375 943.092590332031
1005.38342285156 999.246276855469 997.3935546875 1000.27783203125 998.725769042969 995.1279296875 996.152954101562 997.636413574219 985.173400878906 996.456787109375 992.344055175781 987.459777832031 984.720886230469 984.401977539062 985.933349609375 976.700561523438 975.689575195312 970.503479003906 959.956604003906 960.066650390625 963.849365234375 952.720031738281 952.560119628906 957.48974609375 954.229553222656 960.652160644531 957.026428222656 962.439392089844 975.9375 980.269836425781 1000.07208251953 1006.86340332031 1011.80303955078 1020.37036132812 1019.32983398438 1024.06616210938 1021.62213134766 1004.52270507812 991.617919921875 981.670532226562 967.33154296875 971.512390136719 958.168090820312 954.222412109375 945.170043945312 934.438903808594
1018.19757080078 1000.22601318359 998.208312988281 1001.72277832031 1006.09417724609 1002.21936035156 1004.30407714844 997.402709960938 1004.75885009766 1000.51641845703 1002.11657714844 1000.64202880859 996.027587890625 993.740844726562 990.663452148438 987.74853515625 979.99267578125 976.333068847656 972.497314453125 970.189270019531 965.844665527344 964.6962890625 965.977111816406 967.036804199219 966.104736328125 969.5244140625 965.080139160156 971.710327148438 967.135314941406 989.928161621094 1000.08557128906 1016.38098144531 1021.85375976562 1026.47509765625 1027.98095703125 1023.92413330078 1007.91345214844 1009.267578125 1006.56713867188 993.941589355469 971.380615234375 955.225402832031 952.455444335938 942.990844726562 940.132751464844 933.373840332031
1007.32495117188 1003.14056396484 1001.95806884766 1007.18048095703 1005.02478027344 1004.58276367188 999.571533203125 1001.39483642578 998.335144042969 1000.72589111328 1001.13104248047 1008.82855224609 1001.05200195312 999.161010742188 997.922119140625 993.781616210938 986.554504394531 991.718627929688 990.004272460938 984.607666015625 989.1240234375 974.860717773438 967.890258789062 966.506408691406 966.944519042969 986.080261230469 974.384704589844 976.734252929688 989.69140625 989.007629394531 999.038269042969 1018.46929931641 1024.33166503906 1033.38488769531 1028.87060546875 1019.62774658203 1012.03918457031 1000.87426757812 993.075256347656 987.162719726562 978.702575683594 969.415466308594 954.208251953125 935.987609863281 927.836547851562 934.959289550781
1016.57556152344 1011.88110351562 1004.64074707031 1000.5205078125 1005.03405761719 1013.05218505859 1001.02886962891 1000.82568359375 1003.74224853516 998.419799804688 1002.82708740234 1004.79479980469 1014.88916015625 1010.44805908203 1013.95391845703 1004.81640625 1001.0986328125 996.676574707031 995.572326660156 991.958679199219 983.616088867188 990.431884765625 986.056945800781 973.415466308594 973.191101074219 984.984924316406 993.18994140625 998.487243652344 997.724975585938 1001.552734375 1017.04553222656 1021.41320800781 1027.83984375 1019.07995605469 1028.82702636719 1025.67724609375 1014.30993652344 1003.27056884766 998.462646484375 986.724304199219 978.3818359375 975.135070800781 958.24267578125 946.868469238281 942.898315429688 936.776977539062
1009.87652587891 1011.19885253906 1014.64825439453 1013.2216796875 1008.70159912109 1010.94183349609 1006.87384033203 1003.89874267578 1001.90368652344 1008.29681396484 1006.59692382812 1015.14276123047 1011.30517578125 1024.93823242188 1015.14587402344 1013.75128173828 1004.39392089844 1001.44781494141 1003.3701171875 998.366271972656 996.848205566406 1002.52862548828 993.1083984375 984.115478515625 987.070007324219 990.399780273438 998.627380371094 1012.31665039062 1009.61712646484 1016.09558105469 1017.32977294922 1036.40380859375 1020.70764160156 1023.61157226562 1025.91259765625 1029.271484375 1011.38562011719 1007.71551513672 1006.92468261719 987.878540039062 987.8212890625 980.275817871094 963.091613769531 950.687377929688 940.53515625 937.625610351562
1014.37646484375 1006.97088623047 1010.9833984375 1008.00665283203 1004.62487792969 1012.90020751953 1006.73309326172 1010.96417236328 1012.18774414062 1018.87683105469 1014.80731201172 1010.36474609375 1014.65283203125 1017.19384765625 1019.11029052734 1010.11785888672 1007.91217041016 1000.73754882812 998.820251464844 988.943420410156 1000.91101074219 1003.80340576172 994.904113769531 992.884460449219 983.961364746094 982.420532226562 1003.65374755859 1019.01422119141 1013.79907226562 1014.42144775391 1029.86181640625 1042.67065429688 1032.06030273438 1025.19921875 1030.17883300781 1029.76684570312 1020.76727294922 1009.85961914062 993.827758789062 986.0478515625 979.4462890625 970.210388183594 963.817504882812 956.337951660156 948.342651367188 940.157348632812
1016.24328613281 1012.85443115234 1010.70288085938 1011.1259765625 1005.68627929688 1011.48101806641 1013.27697753906 1010.53253173828 1019.69207763672 1015.27093505859 1011.06018066406 1016.87957763672 1018.51190185547 1015.86645507812 1017.45349121094 1021.30920410156 1024.42199707031 1011.15466308594 1002.95666503906 994.784973144531 1000.18511962891 1000.91235351562 1003.14050292969 992.767517089844 987.045104980469 991.669250488281 1003.60015869141 1012.88250732422 1013.74554443359 1019.78692626953 1033.00634765625 1032.146484375 1028.64868164062 1022.14337158203 1029.78271484375 1027.51196289062 1028.45910644531 1015.244140625 996.212585449219 987.186828613281 977.831848144531 975.356506347656 961.95361328125 953.44970703125 947.708068847656 937.802734375
1021.68920898438 1017.75799560547 1005.85461425781 998.023315429688 1009.45806884766 1001.88946533203 1009.06439208984 1010.78967285156 1006.92449951172 1007.26654052734 1015.17224121094 1010.14025878906 1016.61352539062 1012.86614990234 1016.46643066406 1020.50012207031 1023.51110839844 1006.63946533203 1007.25927734375 1004.94775390625 1003.58813476562 1007.30249023438 1003.05633544922 998.979614257812 989.245910644531 997.8857421875 998.993774414062 1008.12121582031 1013.47326660156 1021.97186279297 1028.43237304688 1024.59997558594 1027.03930664062 1026.51513671875 1024.076171875 1036.58642578125 1033.54541015625 1012.21636962891 1003.5439453125 993.004333496094 989.67626953125 969.932678222656 959.247436523438 949.995971679688 942.471069335938 939.87109375
1014.23718261719 1009.18768310547 1007.07171630859 1004.61468505859 1000.13330078125 999.138244628906 999.690490722656 1012.24304199219 1006.26397705078 1006.84191894531 1017.08898925781 1024.37390136719 1016.60748291016 1016.654296875 1025.64465332031 1023.87359619141 1023.79260253906 1019.94714355469 1013.71252441406 1011.86499023438 1002.32666015625 1001.74920654297 1007.32458496094 1002.99536132812 998.282592773438 1002.24969482422 1010.10815429688 1016.11590576172 1030.53186035156 1032.56945800781 1028.90734863281 1026.08154296875 1029.38586425781 1025.71948242188 1025.30407714844 1029.41101074219 1021.55279541016 1019.55877685547 1009.44482421875 1000.06042480469 992.84619140625 983.497314453125 965.515197753906 951.006042480469 947.020751953125 941.005615234375
1016.64959716797 1014.19873046875 1012.65264892578 1010.38104248047 996.192810058594 994.067016601562 993.894348144531 1005.73956298828 1008.05133056641 1016.85601806641 1026.70727539062 1028.21447753906 1021.16967773438 1010.44732666016 1016.53039550781 1023.287109375 1032.23962402344 1025.86950683594 1021.05535888672 1023.24224853516 1010.51208496094 1005.35064697266 1006.25891113281 1006.35241699219 1013.0458984375 1009.67266845703 1028.27111816406 1029.81909179688 1032.21105957031 1037.05700683594 1028.66845703125 1019.74353027344 1023.03460693359 1035.87329101562 1029.98315429688 1028.90698242188 1028.28637695312 1022.62689208984 1006.39373779297 993.199279785156 990.205322265625 991.160522460938 975.441284179688 956.2060546875 949.020690917969 944.615661621094
1023.16497802734 1023.56597900391 1013.615234375 1007.14007568359 1003.95104980469 1006.78308105469 1001.04522705078 1003.86975097656 1006.9892578125 1018.26672363281 1026.5205078125 1020.80987548828 1025.41809082031 1013.39282226562 1016.21057128906 1027.42163085938 1018.91528320312 1024.00695800781 1023.46368408203 1023.76171875 1023.37365722656 1021.70007324219 1016.04595947266 1009.79248046875 1014.57916259766 1018.56439208984 1022.5283203125 1027.23815917969 1025.8310546875 1023.68865966797 1022.05926513672 1021.33868408203 1025.419921875 1026.01086425781 1027.53979492188 1024.51794433594 1018.48272705078 1010.42529296875 998.186584472656 994.432312011719 991.537536621094 986.260314941406 981.45458984375 966.543884277344 955.933532714844 953.184020996094
1025.00244140625 1015.86810302734 1011.55767822266 999.925537109375 999.781188964844 997.021301269531 1002.60559082031 1008.0390625 1007.81079101562 1008.73626708984 1017.46514892578 1023.93841552734 1017.83245849609 1019.00073242188 1022.21636962891 1021.92767333984 1019.33068847656 1022.72961425781 1029.08715820312 1027.50122070312 1028.73852539062 1026.50476074219 1024.13513183594 1018.89562988281 1017.72906494141 1010.25476074219 1027.38232421875 1027.21533203125 1024.4404296875 1025.92993164062 1016.84436035156 1017.46527099609 1014.36657714844 1023.05413818359 1019.859375 1024.57409667969 1017.51672363281 1008.65771484375 996.899353027344 988.623229980469 986.649108886719 986.920471191406 988.038879394531 985.060546875 981.702575683594 970.103759765625
1015.91467285156 1010.43713378906 1006.01373291016 1002.91223144531 1007.85516357422 996.629211425781 994.014282226562 1005.24353027344 1008.84704589844 1009.17828369141 1014.90496826172 1013.83367919922 1011.57702636719 1010.58038330078 1018.37951660156 1022.15576171875 1011.49438476562 1013.45477294922 1028.25769042969 1034.88696289062 1031.29174804688 1025.43811035156 1020.47924804688 1016.07934570312 1018.89349365234 1023.67260742188 1030.73388671875 1023.70855712891 1018.56292724609 1018.49230957031 1009.95385742188 1008.23712158203 1013.37414550781 1019.18017578125 1018.02697753906 1012.71044921875 1008.62164306641 1006.37042236328 996.681396484375 999.47900390625 991.750671386719 989.769409179688 991.4765625 996.188171386719 998.038024902344 992.807189941406
