data/zlatibor_dem_simulations/DEMsim83.asc
NCOLS 150
NROWS 100
XLLCORNER 7394249
YLLCORNER 4841999
CELLSIZE 30
NODATA_VALUE -9999
[rows 0 to 19 of 100, columns 46 to 91 of 150]
971.752136230469 984.91943359375 989.624633789062 986.021179199219 977.8330078125 978.783264160156 965.350158691406 956.982543945312 962.748352050781 959.036865234375 960.255554199219 949.012145996094 938.048889160156 929.637939453125 919.03173828125 917.746215820312 911.724304199219 902.375915527344 902.792297363281 894.81396484375 905.66162109375 901.831359863281 898.695129394531 906.197631835938 924.079162597656 942.860412597656 944.677978515625 952.0009765625 971.693359375 956.811645507812 961.629760742188 972.768676757812 973.804870605469 974.062377929688 969.252014160156 976.848693847656 973.156005859375 964.85888671875 958.228515625 951.810729980469 946.309448242188 944.3662109375 936.666320800781 923.871643066406 911.295227050781 914.50634765625
989.681701660156 993.843566894531 989.8564453125 984.386779785156 982.049865722656 977.137329101562 964.954895019531 962.179931640625 955.942443847656 965.465026855469 966.828918457031 953.947692871094 947.856628417969 937.901123046875 930.781311035156 924.991638183594 910.73974609375 908.05615234375 898.651062011719 902.948181152344 904.569213867188 904.073120117188 908.493896484375 915.639343261719 934.445678710938 952.253112792969 950.394470214844 958.317077636719 957.834838867188 970.6376953125 972.031616210938 967.465087890625 976.832397460938 975.403625488281 963.476989746094 980.705444335938 980.837219238281 972.115539550781 966.496154785156 964.888366699219 954.588745117188 954.787048339844 945.350463867188 925.414611816406 914.75390625 907.926879882812
993.643005371094 982.865356445312 985.416259765625 973.283142089844 970.556091308594 986.72021484375 980.91357421875 965.468933105469 974.264221191406 964.872680664062 971.456970214844 966.881164550781 954.443176269531 943.459899902344 939.983825683594 927.616943359375 925.370788574219 916.231384277344 908.359313964844 908.514465332031 906.542663574219 899.046936035156 912.849914550781 918.525756835938 929.626281738281 943.87890625 949.176330566406 953.84423828125 965.839599609375 974.964233398438 975.293151855469 979.898559570312 978.427612304688 973.228942871094 974.243103027344 986.6640625 985.151123046875 976.410766601562 972.935485839844 964.342712402344 957.848449707031 963.442565917969 947.013244628906 933.042907714844 924.982543945312 916.091491699219
985.94189453125 981.967529296875 984.746948242188 975.73095703125 989.029541015625 983.047729492188 986.575012207031 974.937133789062 979.912170410156 972.042236328125 960.201110839844 963.246337890625 954.463012695312 953.705322265625 951.164611816406 932.461059570312 932.197326660156 917.260864257812 910.15087890625 908.370300292969 913.675048828125 913.106323242188 908.763000488281 929.526794433594 942.31298828125 943.3251953125 948.864440917969 947.339782714844 971.830200195312 979.9072265625 983.265808105469 979.702331542969 982.570129394531 989.464599609375 995.48583984375 997.021118164062 991.573303222656 997.233276367188 974.995666503906 969.000244140625 958.817443847656 953.466674804688 951.610473632812 943.815124511719 931.242492675781 914.283569335938
984.538879394531 984.383728027344 984.408874511719 982.925720214844 987.572265625 987.437377929688 979.937622070312 977.513061523438 976.529846191406 968.723510742188 956.754028320312 950.338928222656 956.925720214844 955.108581542969 951.982788085938 948.372131347656 932.80029296875 930.733764648438 922.694946289062 925.117614746094 918.495300292969 920.213745117188 921.284240722656 937.3583984375 941.348266601562 945.802429199219 954.327819824219 960.510070800781 970.137573242188 979.527282714844 980.240295410156 979.120849609375 989.013854980469 993.612243652344 1009.02514648438 1008.21447753906 1012.46789550781 1006.70574951172 990.203308105469 972.843994140625 956.713317871094 950.271301269531 946.609680175781 943.230712890625 933.841369628906 924.994201660156
979.219116210938 986.886962890625 977.117065429688 976.7255859375 984.455749511719 988.57861328125 987.020690917969 984.127136230469 975.172973632812 967.183898925781 964.623779296875 961.694274902344 970.635070800781 968.899353027344 962.839599609375 957.170227050781 942.686096191406 938.294494628906 927.327697753906 932.409118652344 931.936706542969 931.912292480469 931.308654785156 940.902954101562 949.950439453125 961.044616699219 963.923034667969 976.803955078125 981.83984375 987.702697753906 991.963928222656 988.248168945312 996.153137207031 1004.24945068359 1013.17736816406 1014.98370361328 1012.83251953125 1009.34429931641 993.566345214844 972.452087402344 960.532958984375 941.022033691406 948.689575195312 944.394836425781 932.06884765625 930.224914550781
976.322265625 975.68994140625 976.115478515625 979.106079101562 982.664611816406 981.236999511719 984.770629882812 981.628173828125 987.205505371094 985.063598632812 981.667419433594 976.691650390625 980.009094238281 979.100708007812 971.439880371094 963.179016113281 962.544860839844 952.778381347656 940.971862792969 947.006896972656 945.89501953125 939.671875 941.624145507812 949.672485351562 962.452392578125 966.528869628906 969.287902832031 974.314575195312 981.566650390625 987.704895019531 988.7294921875 988.397888183594 1007.35656738281 1010.81292724609 1006.70263671875 1005.42132568359 1007.43359375 1005.09545898438 987.737548828125 970.359497070312 956.923706054688 948.181335449219 941.218872070312 940.444641113281 935.49267578125 927.636596679688
980.168029785156 970.011474609375 980.032104492188 983.603149414062 978.4384765625 987.465393066406 992.071472167969 987.089294433594 992.347351074219 1001.8642578125 996.364807128906 991.726684570312 993.15869140625 991.470275878906 977.945556640625 969.677673339844 966.694946289062 961.018310546875 965.913696289062 966.611755371094 950.993835449219 949.567810058594 952.618530273438 953.533081054688 961.065612792969 966.384460449219 974.004638671875 973.165832519531 969.460327148438 976.427001953125 991.397583007812 999.510620117188 1006.02856445312 1009.20965576172 1009.47601318359 1011.96295166016 1011.26007080078 1000.61804199219 994.265808105469 976.882629394531 966.388854980469 954.569763183594 940.750427246094 937.062683105469 928.466979980469 924.051025390625
984.510864257812 986.941528320312 992.018188476562 997.1201171875 991.746032714844 998.209228515625 1005.02600097656 997.294372558594 1011.03076171875 1006.91296386719 1007.68322753906 1004.76245117188 995.917907714844 994.060241699219 987.35498046875 982.860900878906 975.154479980469 971.5751953125 969.982543945312 969.752197265625 962.027282714844 955.64794921875 958.8798828125 963.285461425781 952.691162109375 968.406982421875 979.55078125 970.2001953125 972.377624511719 985.818359375 999.609619140625 1013.41046142578 1022.49407958984 1022.90338134766 1021.17651367188 1026.45324707031 1014.67291259766 1007.24194335938 999.864868164062 986.904418945312 968.900268554688 956.337585449219 955.725341796875 940.734436035156 924.211791992188 922.314514160156
1001.2939453125 1001.505859375 1004.30041503906 1004.42749023438 991.374206542969 1000.958984375 1007.69775390625 1015.44555664062 1015.29418945312 1012.95758056641 1011.24737548828 1009.80346679688 1005.35083007812 996.667724609375 984.071716308594 982.483764648438 972.324890136719 983.90478515625 979.34814453125 973.84814453125 964.465881347656 965.369201660156 966.141235351562 967.066589355469 958.008972167969 962.575134277344 971.468627929688 972.663024902344 979.723876953125 995.353759765625 1007.29913330078 1019.06481933594 1021.08172607422 1027.1318359375 1033.83862304688 1020.82934570312 1007.76391601562 998.896667480469 997.908813476562 985.919799804688 968.877197265625 968.379638671875 962.170104980469 939.207214355469 926.320556640625 921.29150390625
1013.09313964844 1013.33569335938 1008.91131591797 1004.86804199219 1001.65618896484 1014.2724609375 1019.59826660156 1019.60614013672 1017.67999267578 1014.47448730469 1016.89703369141 1018.79028320312 1007.42980957031 999.30712890625 992.44775390625 989.460510253906 979.721252441406 979.791381835938 984.957397460938 981.392517089844 973.37451171875 966.797912597656 968.017150878906 980.7392578125 970.709045410156 967.210754394531 967.279418945312 974.475952148438 990.23974609375 1011.85675048828 1013.89965820312 1023.93627929688 1040.63342285156 1030.20715332031 1027.28271484375 1016.60491943359 1010.98675537109 1000.89984130859 992.426818847656 984.972961425781 968.317504882812 963.181518554688 964.314514160156 938.885070800781 938.05224609375 932.891540527344
1021.37438964844 1021.06292724609 1016.89379882812 1007.66394042969 1015.47900390625 1012.37347412109 1010.81829833984 1013.33605957031 1014.30981445312 1015.60302734375 1015.71264648438 1013.50225830078 1008.77105712891 1000.61706542969 1000.27600097656 996.951965332031 982.351745605469 983.159606933594 984.74658203125 973.987976074219 974.704956054688 974.198120117188 970.000061035156 984.888793945312 975.606140136719 987.466186523438 976.826049804688 976.94921875 998.043273925781 1008.73364257812 1020.13653564453 1024.80786132812 1027.60876464844 1031.29614257812 1022.55603027344 1011.0009765625 1007.43103027344 995.704040527344 990.713195800781 985.012023925781 975.292236328125 967.784240722656 968.038696289062 961.014404296875 946.828247070312 947.176940917969
1025.39038085938 1024.38330078125 1020.76068115234 1007.86322021484 1009.34692382812 1014.22296142578 1009.22290039062 1007.38513183594 1013.56994628906 1016.01666259766 1014.56292724609 1011.15063476562 1007.01788330078 1006.80810546875 1008.59844970703 1008.14385986328 992.839538574219 991.531188964844 989.995300292969 980.355529785156 985.062072753906 980.683471679688 978.633422851562 978.973266601562 980.274108886719 986.824462890625 981.778564453125 985.937438964844 1002.19616699219 1017.70880126953 1016.55572509766 1033.00170898438 1036.6044921875 1034.07421875 1028.71960449219 1016.71099853516 1013.10882568359 1004.34490966797 998.350830078125 979.512939453125 977.940734863281 970.771606445312 966.714538574219 962.831359863281 954.916442871094 944.238952636719
1017.66711425781 1008.03759765625 1012.12835693359 1007.03143310547 1016.06292724609 1020.58813476562 1008.81964111328 1018.30920410156 1017.580078125 1020.91833496094 1020.10021972656 1015.42749023438 1010.49005126953 1015.15380859375 1016.46362304688 1010.89849853516 1003.98114013672 1001.86840820312 997.071533203125 992.989440917969 993.905822753906 987.824462890625 988.173706054688 988.602722167969 987.176574707031 986.138916015625 988.161254882812 987.542419433594 1007.27423095703 1019.66961669922 1033.18774414062 1032.07592773438 1037.26879882812 1033.32580566406 1030.38256835938 1019.93377685547 1017.68579101562 1006.14404296875 1003.55059814453 982.255615234375 981.122436523438 971.843383789062 972.664978027344 959.28662109375 948.899841308594 945.020935058594
1010.61663818359 1011.89459228516 1004.66424560547 1007.44177246094 1013.70056152344 1015.52282714844 1019.69897460938 1015.13201904297 1015.60778808594 1013.87255859375 1013.56060791016 1019.1650390625 1017.75280761719 1020.11163330078 1016.97857666016 1011.19061279297 1013.77899169922 1013.55969238281 1004.87036132812 1002.35504150391 1001.08453369141 990.511474609375 1000.73455810547 994.212890625 987.583435058594 992.917236328125 997.099182128906 997.90869140625 1017.75897216797 1035.97290039062 1038.99877929688 1041.20129394531 1040.31188964844 1038.79431152344 1036.33081054688 1024.78527832031 1020.12390136719 1016.77630615234 1005.71032714844 986.616821289062 985.959838867188 973.800903320312 968.068725585938 952.82373046875 945.93701171875 942.963134765625
1007.89624023438 1002.55139160156 1007.10284423828 1000.58587646484 1001.67980957031 1008.54467773438 1015.46545410156 1017.95562744141 1016.06768798828 1012.279296875 1014.51666259766 1017.54675292969 1011.74548339844 1011.47735595703 1019.40637207031 1021.80200195312 1017.65307617188 1020.60357666016 1011.47692871094 1012.45202636719 1009.40270996094 1013.38989257812 1008.1962890625 1004.79840087891 1002.25201416016 1006.58374023438 1008.69885253906 1006.78460693359 1019.43139648438 1037.21887207031 1041.99584960938 1039.83166503906 1038.796875 1035.60241699219 1033.92993164062 1024.79577636719 1028.392578125 1020.73193359375 1005.89959716797 992.431762695312 986.067016601562 982.838623046875 974.260070800781 961.316284179688 945.254760742188 944.281616210938
1012.65216064453 1015.19281005859 1004.94836425781 1004.86248779297 997.817504882812 1000.25408935547 999.875793457031 1015.24963378906 1019.03155517578 1018.21496582031 1014.72613525391 1005.84106445312 1009.35162353516 1011.72485351562 1019.01586914062 1022.20825195312 1013.19982910156 1020.72094726562 1015.26000976562 1023.38641357422 1017.70788574219 1015.12866210938 1013.04241943359 1005.54455566406 1008.42150878906 1011.33081054688 1012.88146972656 1018.05230712891 1023.96264648438 1034.26049804688 1043.09875488281 1034.58166503906 1032.79040527344 1034.23168945312 1032.33435058594 1027.98669433594 1027.67529296875 1021.07873535156 1011.46002197266 999.463500976562 994.990356445312 989.044982910156 979.3681640625 968.980712890625 951.406860351562 960.935791015625
1022.03051757812 1021.37420654297 1010.88201904297 1001.31329345703 1002.34771728516 998.68701171875 1001.93121337891 1005.96441650391 1012.95489501953 1016.21331787109 1009.78454589844 1001.134765625 1001.41198730469 1007.09326171875 1012.45404052734 1026.73876953125 1025.33081054688 1025.40417480469 1029.55578613281 1022.48895263672 1027.46533203125 1025.03820800781 1015.13311767578 1016.28125 1016.18695068359 1014.95086669922 1017.25415039062 1015.53588867188 1029.63562011719 1030.66748046875 1032.70092773438 1024.40148925781 1028.79748535156 1024.25866699219 1026.96398925781 1026.37707519531 1027.21887207031 1012.66021728516 1006.76257324219 1006.77203369141 998.479614257812 992.272399902344 987.035522460938 978.960083007812 971.715942382812 964.650207519531
1018.39050292969 1012.03399658203 1002.50994873047 1004.88403320312 1006.41448974609 1000.79760742188 1004.49005126953 1014.23779296875 1013.12957763672 1015.84387207031 1002.10668945312 997.920349121094 1005.73797607422 1003.71936035156 1024.13110351562 1022.55383300781 1031.17297363281 1030.90551757812 1034.90197753906 1027.83740234375 1027.85778808594 1025.3671875 1025.72509765625 1021.69659423828 1020.85461425781 1017.384765625 1018.40875244141 1021.99340820312 1021.16876220703 1024.96374511719 1022.1474609375 1020.95977783203 1021.40350341797 1026.26892089844 1028.53942871094 1025.32397460938 1017.15515136719 1009.81396484375 1012.90234375 1002.19250488281 1000.80334472656 985.423034667969 992.640258789062 988.716674804688 994.39794921875 991.454040527344
1019.54028320312 1017.51263427734 1010.85632324219 1003.47576904297 1003.671875 1003.40441894531 1003.36334228516 1008.20556640625 1004.82757568359 1005.33197021484 1001.73718261719 994.508117675781 1005.61749267578 995.713256835938 1015.25994873047 1023.32135009766 1030.82177734375 1029.41821289062 1033.83532714844 1033.53967285156 1030.4423828125 1028.93896484375 1026.55236816406 1018.81616210938 1019.7333984375 1026.58642578125 1030.89245605469 1027.12048339844 1025.82055664062 1022.40197753906 1030.47546386719 1018.52258300781 1024.26953125 1019.03125 1025.17663574219 1025.64685058594 1006.8076171875 1012.90197753906 1005.27459716797 999.472961425781 1001.45745849609 999.01171875 1001.11877441406 1001.56127929688 1007.80999755859 1010.22332763672
