data/zlatibor_dem_simulations/DEMsim75.asc
NCOLS 150
NROWS 100
XLLCORNER 7394249
YLLCORNER 4841999
CELLSIZE 30
NODATA_VALUE -9999
[rows 80 to 99 of 100, columns 0 to 45 of 150]
938.302124023438 932.536254882812 926.8984375 936.644348144531 938.436645507812 942.682678222656 947.25341796875 952.370361328125 952.196350097656 952.068542480469 968.858947753906 966.153686523438 967.2548828125 974.755310058594 979.366333007812 980.862670898438 979.50048828125 969.884887695312 981.545471191406 980.922241210938 981.62255859375 982.568542480469 980.336059570312 982.121948242188 983.072509765625 990.645080566406 983.301208496094 972.624206542969 973.041198730469 976.96484375 980.062744140625 982.348876953125 993.701904296875 993.161865234375 993.791259765625 1003.14373779297 1003.35974121094 1005.37438964844 1002.39990234375 1008.54516601562 1013.68768310547 1011.59497070312 1000.00604248047 997.225524902344 987.386779785156 993.421020507812
939.428100585938 939.122131347656 939.698547363281 940.119201660156 937.467163085938 944.7734375 939.656311035156 945.766052246094 948.006469726562 953.684753417969 967.073974609375 968.448486328125 968.656372070312 974.097534179688 980.094421386719 979.227416992188 976.73046875 974.383239746094 978.915405273438 977.141357421875 979.817138671875 979.136413574219 977.815795898438 978.941162109375 978.241455078125 983.349243164062 985.636901855469 980.843139648438 975.516296386719 981.218078613281 974.764892578125 988.672973632812 992.122009277344 1002.40191650391 999.929870605469 999.822204589844 991.889953613281 1006.29583740234 1003.41986083984 1000.49133300781 1008.37115478516 999.92578125 996.609130859375 998.472412109375 988.164733886719 991.792053222656
950.243225097656 936.622192382812 936.507568359375 944.101135253906 948.436889648438 943.17578125 944.46484375 946.755737304688 953.131408691406 954.185974121094 968.941589355469 971.647094726562 970.233947753906 979.716857910156 975.844543457031 974.155700683594 978.675354003906 977.904663085938 982.514892578125 974.569885253906 975.283874511719 978.7763671875 981.546997070312 981.944702148438 984.328308105469 983.002563476562 977.850219726562 977.661193847656 973.536315917969 981.075012207031 977.339477539062 977.025939941406 989.087158203125 1002.46594238281 996.654724121094 993.4794921875 995.235290527344 988.40673828125 999.860168457031 997.970642089844 1005.27319335938 996.469970703125 996.474304199219 994.166809082031 979.996520996094 980.924011230469
950.731140136719 945.701843261719 945.924072265625 943.377014160156 947.205322265625 943.252258300781 940.992004394531 937.799255371094 943.994934082031 953.762023925781 964.810668945312 958.377624511719 970.091796875 972.088806152344 974.491149902344 972.093872070312 971.987182617188 973.596069335938 979.214477539062 974.234619140625 963.039855957031 971.587585449219 966.391357421875 968.150939941406 978.940307617188 970.567626953125 968.528198242188 971.97021484375 963.455200195312 974.812805175781 974.993469238281 983.150268554688 986.664611816406 985.350463867188 990.606628417969 989.449096679688 985.334045410156 987.559265136719 987.815673828125 987.019836425781 995.186950683594 993.595458984375 991.419555664062 981.606689453125 982.465026855469 978.996215820312
954.649291992188 946.445678710938 944.707946777344 947.58154296875 943.865112304688 935.952026367188 942.657836914062 938.691223144531 939.862915039062 938.036865234375 956.342956542969 961.12548828125 962.828430175781 962.665222167969 964.239196777344 965.418762207031 950.133361816406 962.913208007812 967.825805664062 959.372253417969 958.497375488281 962.640991210938 955.410339355469 963.248962402344 959.531127929688 959.42578125 953.570129394531 955.678283691406 960.331604003906 967.279296875 976.505126953125 979.781982421875 968.244323730469 983.7587890625 982.896484375 985.955139160156 988.805725097656 984.444580078125 985.717956542969 985.1513671875 982.579040527344 992.815185546875 987.12109375 985.326293945312 980.685668945312 984.705627441406
961.014221191406 951.265808105469 944.068298339844 943.782043457031 946.519470214844 943.566345214844 945.720397949219 948.827270507812 944.05810546875 947.643798828125 943.774719238281 954.537658691406 959.402099609375 945.640747070312 953.827026367188 952.618774414062 957.204772949219 963.763549804688 962.48779296875 962.241577148438 956.551452636719 953.664367675781 949.544799804688 950.967651367188 949.039306640625 954.554992675781 964.546203613281 956.782348632812 961.246337890625 962.096374511719 972.074890136719 974.829223632812 969.868286132812 975.486267089844 972.743225097656 977.622497558594 982.441467285156 990.450988769531 979.340515136719 981.386291503906 979.684936523438 984.415588378906 988.039794921875 983.652404785156 982.601501464844 980.244201660156
967.836547851562 959.557861328125 955.404174804688 948.92578125 946.247497558594 945.070251464844 947.290893554688 941.115844726562 938.711486816406 942.431335449219 942.115478515625 941.218505859375 943.670227050781 947.459655761719 949.571105957031 949.39697265625 954.085144042969 958.767211914062 962.609375 961.24169921875 955.421752929688 957.752319335938 954.170288085938 948.689270019531 953.893615722656 956.519714355469 958.470581054688 958.878601074219 956.181701660156 961.157470703125 963.710510253906 966.718139648438 969.615356445312 978.742919921875 980.181030273438 981.880981445312 974.408935546875 978.034118652344 978.442199707031 981.021118164062 982.919555664062 981.140686035156 983.257385253906 986.8046875 986.88525390625 987.157409667969
975.642639160156 963.128295898438 955.593811035156 951.418579101562 955.3818359375 951.710632324219 939.187561035156 945.329162597656 947.158752441406 940.840393066406 938.672180175781 937.806518554688 950.021850585938 941.435668945312 941.87548828125 947.134948730469 958.239379882812 955.555541992188 957.212341308594 954.525329589844 965.558532714844 957.808471679688 955.039306640625 957.917907714844 963.86572265625 966.469543457031 967.83203125 958.863159179688 959.386901855469 965.5048828125 967.071166992188 971.178894042969 965.94677734375 981.368103027344 979.475524902344 976.733703613281 968.985290527344 965.685424804688 973.877502441406 971.033813476562 971.809448242188 979.726013183594 978.383056640625 991.804077148438 988.436645507812 991.043273925781
977.619506835938 968.390869140625 963.68603515625 966.178161621094 958.549682617188 958.009460449219 954.558715820312 953.8359375 945.594787597656 946.632446289062 944.063171386719 943.879577636719 952.391174316406 951.370300292969 950.701538085938 943.318420410156 946.349365234375 955.29150390625 958.480895996094 962.523803710938 953.915649414062 961.078308105469 960.639709472656 961.780517578125 962.107971191406 961.134704589844 963.016235351562 963.751525878906 967.14453125 963.927490234375 966.588317871094 963.336364746094 960.777709960938 966.285583496094 975.314392089844 969.794616699219 959.256286621094 965.821411132812 967.343933105469 972.556640625 973.682861328125 964.217712402344 970.323425292969 975.719665527344 982.742797851562 988.993041992188
971.624938964844 967.287414550781 972.3896484375 966.495239257812 957.391357421875 961.611572265625 953.540466308594 963.373779296875 953.866088867188 938.758239746094 944.719604492188 952.045227050781 961.362182617188 959.196472167969 951.624267578125 949.960876464844 952.401123046875 950.725402832031 955.475280761719 959.676147460938 957.214965820312 967.057373046875 965.391235351562 959.992370605469 961.455200195312 969.482604980469 962.74560546875 958.474975585938 967.24951171875 969.933227539062 965.455383300781 966.612670898438 963.400085449219 977.003234863281 970.155090332031 969.915100097656 962.518737792969 960.416687011719 966.936584472656 974.231750488281 962.68408203125 963.512756347656 968.77197265625 977.132507324219 980.515441894531 985.323364257812
963.425231933594 963.987487792969 958.905578613281 961.507751464844 966.600219726562 952.709350585938 953.340393066406 948.340881347656 950.683471679688 943.042541503906 953.456665039062 963.654724121094 961.9951171875 964.293151855469 954.334899902344 954.681701660156 955.630920410156 958.407653808594 954.57373046875 961.52001953125 954.222290039062 952.837158203125 959.415283203125 963.359130859375 957.508605957031 955.120788574219 955.262390136719 965.363952636719 963.85888671875 972.620300292969 970.579040527344 980.739196777344 973.483581542969 968.754943847656 968.995178222656 966.884887695312 964.753601074219 970.735778808594 969.490173339844 972.692016601562 970.806030273438 969.68603515625 970.520080566406 976.317443847656 984.043029785156 983.362365722656
958.013244628906 967.284362792969 961.997985839844 964.225158691406 958.07470703125 954.365661621094 951.203491210938 952.316467285156 946.219909667969 945.856323242188 962.329406738281 959.40380859375 968.04150390625 966.637939453125 965.992126464844 958.661254882812 957.14892578125 955.432922363281 952.816650390625 965.848510742188 962.185913085938 963.718566894531 967.566345214844 969.511779785156 960.005493164062 962.010681152344 965.516845703125 976.170471191406 976.404724121094 977.916687011719 966.120849609375 972.4912109375 971.382507324219 969.320495605469 974.059020996094 967.094665527344 971.968811035156 969.459106445312 963.435974121094 967.075744628906 968.818054199219 964.996215820312 959.890747070312 972.14697265625 982.01513671875 979.475219726562
967.729919433594 975.241760253906 962.745422363281 956.163818359375 957.032409667969 947.914916992188 952.19873046875 956.339416503906 948.822326660156 948.734436035156 960.822692871094 969.97607421875 973.711486816406 979.211730957031 972.3046875 962.820617675781 957.84619140625 962.072509765625 960.422668457031 967.364807128906 964.569396972656 971.083129882812 971.617065429688 965.579040527344 968.379577636719 964.173645019531 975.171020507812 970.657775878906 968.175476074219 965.271667480469 965.525756835938 963.112426757812 961.0673828125 973.681518554688 971.335388183594 973.794311523438 981.383361816406 980.204223632812 973.169372558594 965.429016113281 974.115966796875 969.506469726562 958.177917480469 968.696533203125 969.474060058594 974.625549316406
967.5322265625 965.852722167969 965.182922363281 954.360229492188 944.07470703125 946.921264648438 944.269592285156 941.998168945312 947.159362792969 955.693786621094 967.63671875 971.645812988281 981.450927734375 986.982482910156 968.306945800781 968.177490234375 966.298522949219 970.238891601562 961.345947265625 966.082153320312 965.378784179688 966.305297851562 969.937255859375 969.787536621094 958.423706054688 960.922668457031 971.024658203125 961.190612792969 962.804748535156 961.706176757812 960.814819335938 957.792114257812 961.000915527344 967.313598632812 966.832580566406 974.74072265625 982.047302246094 977.287963867188 977.535766601562 973.344787597656 970.195007324219 966.316162109375 967.727355957031 969.361389160156 973.567565917969 968.701171875
962.984619140625 954.730407714844 959.677429199219 956.966430664062 952.218444824219 955.519958496094 944.05078125 939.042602539062 945.454040527344 952.834167480469 966.469421386719 967.493591308594 982.493835449219 985.323974609375 976.865661621094 974.719482421875 968.257629394531 975.047302246094 971.704833984375 968.573913574219 965.098693847656 980.220092773438 976.189514160156 966.576782226562 964.56201171875 963.072631835938 965.977478027344 961.297424316406 964.761840820312 959.586669921875 963.634155273438 951.867980957031 956.149169921875 959.291931152344 969.572998046875 973.830993652344 985.422302246094 982.252380371094 980.217590332031 978.125061035156 979.799621582031 980.258056640625 967.698120117188 968.467468261719 975.83154296875 968.930541992188
958.661987304688 959.7216796875 951.008728027344 959.833862304688 951.592834472656 950.470520019531 955.617126464844 942.664184570312 937.678588867188 950.015319824219 961.63623046875 968.285827636719 980.142517089844 982.560852050781 983.783203125 978.842956542969 987.148559570312 974.824157714844 978.205688476562 976.329711914062 971.548645019531 969.20458984375 972.050415039062 969.710876464844 968.88818359375 976.447387695312 969.481506347656 966.95361328125 959.633666992188 952.146118164062 951.526794433594 947.093872070312 947.976867675781 960.472839355469 967.439819335938 979.533935546875 991.111755371094 973.909606933594 978.676635742188 979.13525390625 980.42724609375 981.931762695312 978.736389160156 974.060363769531 973.855529785156 971.393432617188
960.93505859375 960.927307128906 957.542419433594 961.572509765625 961.868041992188 954.657043457031 952.249450683594 953.53515625 945.808837890625 963.044128417969 966.708129882812 973.257202148438 987.956848144531 982.791809082031 984.059692382812 978.011413574219 990.55908203125 988.856384277344 986.726135253906 978.605651855469 978.815307617188 976.11962890625 969.474060058594 969.635192871094 970.012878417969 972.4404296875 973.020080566406 965.903503417969 957.826782226562 954.643432617188 953.610290527344 950.667175292969 947.041137695312 958.991943359375 971.351135253906 980.531860351562 975.3232421875 975.224975585938 985.134216308594 980.151184082031 983.121887207031 978.357421875 985.526123046875 985.226867675781 972.624145507812 975.766174316406
950.946044921875 963.2001953125 967.757751464844 970.578857421875 960.603210449219 956.350769042969 953.933471679688 955.696594238281 948.653869628906 957.575073242188 966.371887207031 982.447875976562 978.560913085938 982.555725097656 982.474548339844 981.117553710938 977.547790527344 975.627136230469 983.490539550781 978.625 969.072448730469 966.227966308594 967.750122070312 962.804565429688 966.187683105469 967.816101074219 974.306640625 968.70947265625 964.828308105469 957.027954101562 956.359130859375 955.862060546875 959.300109863281 961.2392578125 964.293273925781 974.783447265625 969.598449707031 974.49169921875 979.422668457031 978.251220703125 981.497131347656 975.753234863281 989.961791992188 987.842407226562 981.531494140625 975.553405761719
957.435791015625 955.107666015625 962.673278808594 966.489990234375 961.619567871094 960.126586914062 952.752746582031 947.844482421875 952.302856445312 955.373046875 968.832214355469 979.085327148438 983.753845214844 977.20166015625 992.065979003906 990.500732421875 984.229614257812 985.19775390625 975.249572753906 974.357849121094 978.683837890625 970.829467773438 977.309265136719 971.069885253906 974.138671875 969.218017578125 978.464721679688 982.696960449219 966.890930175781 955.625854492188 961.643493652344 961.545104980469 967.682556152344 967.463623046875 976.969299316406 971.786499023438 969.66357421875 969.431091308594 978.486206054688 981.792785644531 974.680053710938 979.642517089844 981.634460449219 988.684448242188 984.164733886719 983.909545898438
967.771362304688 962.222839355469 963.094970703125 971.2919921875 967.190673828125 960.388793945312 959.115661621094 949.707885742188 956.049926757812 964.05029296875 968.878845214844 972.741638183594 980.6318359375 970.072143554688 982.595703125 980.189270019531 981.476623535156 981.791442871094 975.0546875 968.100646972656 974.562194824219 969.350769042969 970.179809570312 974.693786621094 976.915100097656 981.897216796875 980.918518066406 977.841186523438 974.565490722656 963.427551269531 955.208679199219 963.940368652344 964.8134765625 960.316772460938 962.627258300781 972.861877441406 975.610290527344 967.454528808594 982.522766113281 979.546081542969 977.531188964844 971.942810058594 973.961364746094 976.200500488281 978.850708007812 982.564758300781
