data/zlatibor_dem_simulations/DEMsim10.asc
NCOLS 150
NROWS 100
XLLCORNER 7394249
YLLCORNER 4841999
CELLSIZE 30
NODATA_VALUE -9999
[rows 60 to 79 of 100, columns 0 to 45 of 150]
952.177001953125 954.693298339844 955.41943359375 965.274719238281 967.771728515625 973.031860351562 975.686096191406 974.980224609375 971.678100585938 964.274597167969 960.497192382812 956.278930664062 963.562927246094 969.645935058594 966.642150878906 957.589538574219 955.227294921875 953.404602050781 958.381103515625 947.493286132812 952.000244140625 950.063293457031 944.282592773438 943.589477539062 944.980041503906 943.151550292969 944.1826171875 950.061157226562 945.600036621094 945.078735351562 953.0888671875 948.042053222656 942.29150390625 956.583923339844 951.277587890625 949.681762695312 946.459655761719 955.651428222656 952.893859863281 952.732238769531 956.998718261719 959.398986816406 955.806884765625 952.337585449219 950.071899414062 953.787536621094
948.535461425781 949.590942382812 954.259826660156 964.366638183594 969.363464355469 969.723510742188 971.964782714844 969.453918457031 964.846252441406 961.932922363281 958.768127441406 958.819641113281 961.161010742188 974.393981933594 967.828063964844 961.705200195312 956.408203125 942.634704589844 946.283386230469 943.591552734375 952.672180175781 949.207946777344 941.977478027344 943.056579589844 943.845092773438 942.0810546875 947.884033203125 944.393432617188 942.79248046875 942.494506835938 950.04345703125 945.606140136719 953.225952148438 945.200500488281 944.588073730469 944.833679199219 944.445190429688 949.458435058594 951.630798339844 953.775390625 950.606994628906 943.101318359375 948.005432128906 952.229309082031 955.699768066406 950.399047851562
956.833068847656 959.605712890625 959.669921875 954.6279296875 964.240844726562 969.162780761719 965.92431640625 966.51806640625 956.013061523438 959.634704589844 957.814147949219 953.6572265625 957.838317871094 957.195861816406 957.692504882812 962.135681152344 948.210327148438 953.262145996094 948.947875976562 944.078430175781 945.109130859375 952.462646484375 951.908325195312 948.260864257812 934.546325683594 948.298828125 959.767395019531 951.701538085938 956.267578125 957.594909667969 948.9345703125 952.945739746094 955.363647460938 952.534545898438 941.021057128906 946.520385742188 948.025573730469 948.01708984375 949.446472167969 950.257507324219 950.478881835938 943.241638183594 948.162963867188 955.718383789062 951.953552246094 956.178649902344
961.868774414062 959.184814453125 959.181579589844 953.868835449219 963.420349121094 964.261108398438 971.343200683594 961.03515625 950.036254882812 956.506958007812 966.2568359375 953.288208007812 955.931762695312 956.088989257812 959.821594238281 953.555725097656 950.813659667969 941.50634765625 941.08984375 948.887573242188 947.175415039062 945.222229003906 948.632690429688 941.780822753906 936.263610839844 943.643737792969 949.123901367188 943.70849609375 950.431457519531 951.844604492188 948.051513671875 957.585021972656 951.334838867188 950.465515136719 943.97607421875 948.682556152344 950.171264648438 952.397827148438 945.862915039062 948.283264160156 946.560607910156 940.668334960938 941.240417480469 951.724548339844 950.319763183594 953.161987304688
959.329040527344 956.665161132812 954.816772460938 951.784790039062 959.870727539062 961.300842285156 966.140258789062 964.769226074219 960.614135742188 957.715087890625 958.560607910156 944.165466308594 939.750610351562 947.820007324219 947.280212402344 942.829528808594 945.573425292969 939.638244628906 939.048400878906 943.386596679688 941.779846191406 939.059143066406 940.870178222656 945.344482421875 940.263793945312 935.123413085938 944.638916015625 945.019897460938 946.649047851562 950.243957519531 950.672119140625 949.501220703125 946.71240234375 951.008361816406 941.757751464844 941.517761230469 942.117919921875 953.898742675781 953.519348144531 955.811767578125 948.173706054688 942.439392089844 942.710510253906 951.197204589844 954.272827148438 960.424682617188
954.068176269531 950.130920410156 947.319946289062 954.807189941406 959.412353515625 954.82958984375 964.712280273438 963.858825683594 969.962524414062 959.104248046875 958.969482421875 953.451843261719 940.813293457031 942.666137695312 941.677185058594 942.214294433594 939.420227050781 937.586120605469 936.236877441406 941.70068359375 939.270141601562 949.35986328125 936.684143066406 934.4541015625 940.069580078125 941.532043457031 937.919006347656 946.476440429688 946.728454589844 945.180603027344 948.638000488281 948.232421875 945.526977539062 945.292785644531 943.976135253906 941.918212890625 947.873168945312 948.065368652344 952.087158203125 951.883056640625 953.402893066406 946.85205078125 948.44921875 944.606140136719 958.184509277344 972.255493164062
950.217712402344 951.648010253906 948.421691894531 957.901794433594 958.836853027344 957.417297363281 948.508239746094 948.454223632812 953.018188476562 951.509033203125 948.742492675781 943.039001464844 930.390197753906 943.579223632812 938.9306640625 935.751525878906 938.774719238281 941.458740234375 942.9580078125 942.47802734375 948.970520019531 942.193969726562 941.560302734375 940.915710449219 944.3671875 946.653625488281 942.101989746094 942.717102050781 945.219848632812 948.640197753906 947.926940917969 946.166748046875 942.392883300781 944.700805664062 945.900939941406 948.539123535156 950.038330078125 945.138916015625 953.248352050781 958.319641113281 955.640197753906 958.604309082031 957.040649414062 953.218200683594 968.2294921875 977.063293457031
950.006652832031 950.995849609375 952.955810546875 958.225830078125 966.845886230469 958.898742675781 949.218078613281 943.071228027344 944.308471679688 943.449951171875 936.085754394531 928.742248535156 932.606506347656 938.518493652344 939.627380371094 934.076477050781 947.707580566406 943.259521484375 941.69189453125 951.763000488281 945.060974121094 951.133544921875 951.091613769531 947.655578613281 955.918090820312 952.634643554688 943.808471679688 948.021179199219 956.264709472656 952.521057128906 948.402465820312 948.820434570312 953.106323242188 954.053894042969 948.726318359375 951.2470703125 958.970520019531 957.572448730469 954.788513183594 956.645202636719 954.920837402344 958.646545410156 955.590637207031 966.857177734375 976.5712890625 975.911743164062
950.640991210938 949.247253417969 955.375244140625 948.881652832031 953.059814453125 962.245788574219 951.897583007812 943.006896972656 944.451110839844 938.832824707031 928.709167480469 925.873840332031 940.199584960938 942.984802246094 935.089965820312 936.054382324219 942.78369140625 945.501220703125 945.288879394531 953.65576171875 949.241821289062 950.426696777344 957.930297851562 955.991821289062 968.240905761719 960.391479492188 948.966247558594 955.683959960938 957.583068847656 955.679382324219 950.09326171875 957.626159667969 957.161804199219 955.397888183594 952.081115722656 949.596740722656 966.836486816406 965.411254882812 958.198913574219 956.485900878906 958.137634277344 963.733215332031 958.393615722656 965.661071777344 984.309997558594 992.1611328125
954.9345703125 948.286010742188 941.741638183594 946.697265625 960.119567871094 956.681335449219 949.566528320312 940.918151855469 936.225036621094 937.326599121094 929.848327636719 941.691711425781 957.268676757812 946.888305664062 935.838073730469 935.387939453125 945.01806640625 942.434448242188 954.86083984375 958.89208984375 962.193420410156 966.488708496094 961.984313964844 970.34375 974.175476074219 964.785461425781 959.663696289062 965.813537597656 958.095031738281 959.599304199219 965.086242675781 963.66943359375 964.351745605469 951.69189453125 950.344116210938 959.663696289062 955.745422363281 969.908081054688 967.72021484375 955.342895507812 959.429626464844 958.119750976562 967.707763671875 976.742492675781 983.708312988281 993.648010253906
952.522216796875 937.658264160156 945.554565429688 946.200378417969 947.077026367188 948.879089355469 939.28857421875 944.946960449219 936.390563964844 939.210632324219 938.997497558594 949.818603515625 955.288757324219 954.905456542969 953.230895996094 945.551635742188 945.936950683594 951.343322753906 954.582824707031 967.217529296875 969.84912109375 975.269226074219 976.69873046875 977.090637207031 970.793579101562 970.089294433594 953.206359863281 959.287963867188 956.648376464844 962.997314453125 963.024353027344 957.2939453125 954.577026367188 951.280822753906 955.649047851562 956.769775390625 966.598876953125 962.389465332031 966.326110839844 963.2783203125 966.495727539062 972.737731933594 971.629699707031 980.916931152344 986.664489746094 991.389587402344
945.585693359375 938.373168945312 938.44580078125 936.77587890625 934.442565917969 937.039611816406 936.8154296875 940.198181152344 936.164367675781 938.554870605469 944.339599609375 950.887939453125 957.5126953125 949.590087890625 949.786560058594 953.211730957031 956.388427734375 963.669372558594 967.874389648438 972.634216308594 977.752197265625 985.1162109375 984.645568847656 988.128845214844 973.046813964844 967.371826171875 964.348022460938 965.299255371094 963.974426269531 965.588195800781 968.972961425781 950.245666503906 948.413879394531 960.874877929688 961.746887207031 964.589538574219 970.657043457031 969.503112792969 962.964111328125 966.325134277344 970.056274414062 978.544677734375 975.445983886719 989.186706542969 987.130859375 995.3154296875
944.666748046875 936.530700683594 938.25244140625 932.979125976562 948.762573242188 941.927856445312 940.390991210938 938.77587890625 937.825439453125 941.382690429688 942.39599609375 947.564147949219 957.228149414062 965.048583984375 956.611328125 954.049133300781 958.666137695312 964.205505371094 970.356140136719 974.903015136719 975.563781738281 987.148803710938 991.528259277344 988.638610839844 974.551147460938 974.694946289062 969.987670898438 965.784545898438 969.556457519531 966.248657226562 962.816955566406 956.522644042969 961.706481933594 966.412780761719 968.914367675781 964.837097167969 972.297241210938 971.992065429688 973.135681152344 974.25048828125 982.263854980469 984.674011230469 993.976989746094 994.661743164062 987.98876953125 993.288757324219
945.308471679688 928.039672851562 934.268798828125 935.059020996094 938.741333007812 936.960205078125 944.39892578125 940.631286621094 944.75732421875 947.1181640625 941.986938476562 951.05517578125 959.572814941406 968.354309082031 971.847229003906 966.37646484375 951.279724121094 964.775146484375 966.582946777344 981.874328613281 978.974609375 987.637939453125 996.737487792969 998.173828125 988.283752441406 980.56689453125 976.838439941406 973.868286132812 970.71630859375 957.814025878906 966.068725585938 963.119018554688 965.675476074219 962.725830078125 971.890441894531 969.669616699219 969.095397949219 975.027893066406 984.909484863281 989.484619140625 995.328186035156 996.89013671875 1000.22119140625 996.101989746094 999.732666015625 997.583801269531
937.928955078125 929.78662109375 929.814392089844 932.682495117188 936.8896484375 935.545227050781 932.215698242188 941.590515136719 945.023010253906 944.979614257812 950.227661132812 956.655029296875 960.637756347656 970.828857421875 976.852844238281 974.778930664062 959.864379882812 972.596435546875 974.002807617188 981.138549804688 979.437255859375 999.790954589844 999.519348144531 1002.80987548828 994.142944335938 984.125427246094 979.315734863281 970.669982910156 964.563049316406 965.763549804688 970.596557617188 971.2265625 966.888854980469 967.661987304688 975.206237792969 975.8359375 975.507568359375 983.506408691406 986.725708007812 994.631652832031 1000.39318847656 995.181945800781 1001.57189941406 998.997009277344 1001.17657470703 1009.41418457031
934.286804199219 924.964660644531 931.857604980469 929.828674316406 934.423461914062 929.787658691406 938.857116699219 951.790649414062 955.33740234375 951.276184082031 948.803100585938 953.076293945312 966.167663574219 973.530395507812 983.891296386719 977.333374023438 969.113037109375 972.720153808594 973.724731445312 976.004699707031 980.350830078125 990.658081054688 1002.29302978516 1001.09423828125 993.127319335938 977.138793945312 976.199951171875 962.925170898438 963.442016601562 965.95947265625 959.43896484375 969.003295898438 978.428283691406 975.519836425781 973.237976074219 986.964904785156 990.946228027344 988.563110351562 993.316345214844 993.859069824219 1001.24633789062 1001.802734375 1000.17657470703 994.170104980469 1004.16143798828 1010.22906494141
926.847412109375 925.749206542969 932.91162109375 941.021606445312 943.204528808594 941.692199707031 948.242309570312 950.8330078125 952.0595703125 942.616577148438 949.438720703125 956.817810058594 959.400329589844 976.721740722656 979.435607910156 978.570678710938 972.240173339844 980.914245605469 975.631164550781 976.223937988281 978.492980957031 993.480529785156 995.506408691406 990.122253417969 986.632507324219 987.388305664062 973.930297851562 965.310668945312 970.825317382812 967.99169921875 964.858581542969 972.486633300781 986.192260742188 975.817138671875 981.059936523438 990.671020507812 988.033386230469 992.012023925781 989.078796386719 993.070617675781 996.182800292969 1001.51354980469 1007.91149902344 1006.09606933594 1007.78625488281 1017.09692382812
925.925903320312 926.929504394531 935.615478515625 937.675842285156 941.583618164062 941.514526367188 953.256591796875 945.947937011719 951.660766601562 945.113098144531 957.567199707031 954.673034667969 961.28955078125 971.107604980469 983.423095703125 981.985168457031 968.089233398438 971.009643554688 975.357666015625 981.814086914062 983.651489257812 987.554992675781 991.394409179688 989.397155761719 985.625305175781 981.701904296875 978.36767578125 975.154846191406 971.674011230469 967.759094238281 970.228271484375 975.062316894531 985.937683105469 990.062194824219 996.437927246094 996.616516113281 988.4697265625 986.766479492188 996.160400390625 989.142883300781 991.116088867188 1001.08001708984 1008.55462646484 1014.89318847656 1009.37194824219 1017.55462646484
935.621337890625 927.792846679688 930.520874023438 924.884216308594 935.529541015625 938.404663085938 941.552612304688 940.086242675781 945.322265625 949.806945800781 954.9775390625 962.559143066406 970.400207519531 981.370666503906 985.581970214844 981.381713867188 971.748901367188 966.589416503906 968.177734375 967.809631347656 972.954467773438 981.903503417969 987.581115722656 990.466186523438 989.280334472656 985.055480957031 981.016235351562 978.740356445312 977.785827636719 971.954345703125 980.284240722656 977.314819335938 987.039855957031 985.469604492188 993.967041015625 987.185852050781 984.035461425781 993.974182128906 994.515686035156 994.186401367188 996.825073242188 1003.62426757812 1018.38397216797 1016.43609619141 1012.92974853516 1012.78814697266
940.817260742188 939.100708007812 929.611206054688 930.61181640625 934.324829101562 933.033325195312 938.30908203125 948.163208007812 947.594665527344 956.610046386719 962.009582519531 969.566772460938 969.759338378906 977.540100097656 981.890319824219 976.986206054688 971.105041503906 972.843322753906 974.088745117188 968.268249511719 973.073913574219 983.37158203125 988.236206054688 986.228515625 988.989440917969 986.241821289062 985.081787109375 977.731262207031 981.635681152344 984.316833496094 983.053161621094 980.770202636719 985.596252441406 981.682739257812 986.267150878906 991.392578125 990.42431640625 997.327270507812 1003.13092041016 1008.50677490234 1008.10479736328 1014.02337646484 1012.52185058594 1011.9169921875 1008.51879882812 1016.67211914062
