data/zlatibor_dem_simulations/DEMsim60.asc
NCOLS 150
NROWS 100
XLLCORNER 7394249
YLLCORNER 4841999
CELLSIZE 30
NODATA_VALUE -9999
[rows 60 to 79 of 100, columns 46 to 91 of 150]
951.384216308594 948.571533203125 943.506408691406 950.193420410156 951.792053222656 955.720764160156 958.176147460938 957.223876953125 958.485961914062 957.859191894531 954.347595214844 960.3662109375 958.285705566406 954.717346191406 956.412414550781 945.266418457031 951.001098632812 955.061157226562 961.565307617188 958.015319824219 957.871826171875 963.327697753906 960.656616210938 968.082702636719 968.478576660156 970.679077148438 961.925170898438 964.384948730469 970.840209960938 968.466857910156 966.842041015625 961.002502441406 959.71533203125 962.078979492188 965.000366210938 970.390319824219 966.946044921875 974.797424316406 972.303771972656 975.442810058594 973.49853515625 972.929565429688 970.965881347656 965.120361328125 960.890686035156 962.089050292969
951.906860351562 956.766357421875 954.806274414062 956.10791015625 953.5498046875 963.194152832031 952.509399414062 956.897277832031 957.944641113281 960.46875 962.128234863281 965.558959960938 966.168151855469 965.02783203125 962.9365234375 951.543212890625 946.882629394531 954.168884277344 958.946716308594 957.299926757812 951.731079101562 949.59423828125 956.25244140625 965.78955078125 965.066528320312 966.572509765625 962.84326171875 961.316040039062 968.235656738281 970.000610351562 973.808288574219 966.939575195312 963.331176757812 955.626281738281 966.298461914062 970.951171875 977.221435546875 969.921447753906 970.851745605469 969.151184082031 975.261291503906 968.858215332031 971.387756347656 970.150756835938 968.273742675781 972.842651367188
953.917114257812 956.802917480469 958.219177246094 951.386962890625 960.252075195312 959.746337890625 967.1962890625 964.722045898438 962.095825195312 965.62744140625 968.519470214844 968.141296386719 971.3193359375 963.767517089844 964.399597167969 952.672668457031 948.570556640625 957.771850585938 959.828796386719 961.56640625 948.593994140625 950.241638183594 956.502685546875 964.708923339844 965.70654296875 967.111877441406 971.749755859375 971.643371582031 970.051696777344 964.920715332031 970.678100585938 967.964050292969 964.880432128906 964.10595703125 969.487915039062 978.787536621094 981.765014648438 976.078186035156 961.869323730469 971.872436523438 980.327209472656 980.150512695312 970.67236328125 971.105834960938 974.942993164062 967.84033203125
948.025512695312 946.513305664062 949.232727050781 960.838073730469 956.292907714844 958.61767578125 967.9384765625 965.602722167969 964.077331542969 974.088073730469 969.814758300781 970.760192871094 962.767333984375 964.77392578125 959.283203125 954.942565917969 952.458190917969 959.421081542969 964.103759765625 958.617065429688 955.104309082031 951.003356933594 966.859130859375 969.796203613281 970.036254882812 973.752319335938 982.276428222656 970.899719238281 968.1611328125 966.343383789062 959.103088378906 960.60107421875 967.779479980469 971.502075195312 972.382446289062 973.46875 981.948303222656 973.867797851562 967.655334472656 978.839294433594 980.437744140625 972.661743164062 972.3388671875 966.554504394531 966.5078125 970.961791992188
950.670654296875 959.397033691406 954.011474609375 958.742553710938 959.200927734375 960.044494628906 968.039367675781 961.685913085938 968.723449707031 974.03662109375 969.84716796875 960.511169433594 964.597229003906 975.077941894531 971.093811035156 968.163879394531 957.007019042969 967.736206054688 964.362731933594 960.809326171875 963.480163574219 961.014892578125 962.316955566406 959.01123046875 971.711853027344 979.828308105469 980.966125488281 978.744018554688 971.658142089844 968.932556152344 965.731994628906 971.362182617188 976.941589355469 970.571655273438 980.6064453125 975.672729492188 982.134948730469 979.548522949219 981.121948242188 971.607299804688 975.545654296875 978.12646484375 979.961608886719 967.082153320312 965.1669921875 972.485534667969
957.56201171875 964.75830078125 969.68408203125 964.232849121094 966.177429199219 970.2529296875 969.844360351562 972.644897460938 966.561645507812 973.192077636719 962.92333984375 969.063659667969 975.101501464844 980.275268554688 969.525939941406 975.026000976562 969.872131347656 966.822814941406 970.310180664062 961.933349609375 964.380187988281 966.756408691406 966.218688964844 963.182189941406 977.252014160156 977.533325195312 977.794250488281 976.743530273438 971.041564941406 971.351135253906 970.73291015625 976.316223144531 975.246520996094 971.798583984375 982.946533203125 980.37451171875 979.348510742188 980.053588867188 981.05029296875 971.962585449219 969.770568847656 970.484558105469 974.401916503906 968.797058105469 968.354736328125 974.890808105469
968.023376464844 958.241333007812 964.127685546875 968.732177734375 968.048522949219 968.663330078125 974.093566894531 979.836059570312 975.173217773438 974.597961425781 969.208068847656 974.679565429688 977.365051269531 973.942687988281 973.830871582031 970.918334960938 970.339599609375 967.554809570312 971.326721191406 977.473022460938 971.302429199219 979.800109863281 969.350036621094 977.8740234375 978.601501464844 979.298522949219 977.757263183594 975.530700683594 978.868347167969 976.427612304688 972.57080078125 979.539245605469 982.302856445312 971.381408691406 972.845092773438 972.224670410156 970.067443847656 984.184204101562 981.62451171875 979.20703125 971.931884765625 968.182800292969 975.177368164062 970.320068359375 968.736572265625 975.565612792969
974.665710449219 968.510070800781 971.2578125 978.059753417969 976.188842773438 974.965637207031 978.818908691406 986.551696777344 978.268676757812 979.3017578125 981.727783203125 983.911376953125 974.347534179688 980.130981445312 974.549926757812 968.986938476562 960.658569335938 963.856384277344 963.027038574219 975.293151855469 973.003051757812 976.911376953125 983.897827148438 975.333068847656 977.340148925781 982.3857421875 973.84423828125 975.817260742188 980.700744628906 983.379455566406 980.640808105469 981.273864746094 976.985290527344 978.207641601562 975.87841796875 970.5634765625 972.256591796875 980.9912109375 983.585510253906 977.171691894531 980.468872070312 968.733215332031 975.94970703125 974.341552734375 960.374633789062 971.512878417969
972.283203125 975.460876464844 974.063781738281 971.11962890625 979.900146484375 980.509338378906 982.899475097656 981.628173828125 987.135559082031 992.784362792969 984.285095214844 982.428833007812 970.632385253906 972.4931640625 970.469055175781 966.518615722656 955.258544921875 960.221069335938 959.0419921875 965.228637695312 969.008544921875 973.509216308594 981.7197265625 976.149108886719 980.012390136719 978.882873535156 976.199279785156 982.274780273438 972.853881835938 980.103454589844 985.148132324219 980.491577148438 968.459533691406 970.893981933594 971.981201171875 972.073120117188 977.2841796875 980.351623535156 976.84521484375 987.04345703125 973.853698730469 976.717041015625 979.783264160156 982.409057617188 969.881103515625 972.063903808594
974.320373535156 981.059326171875 978.031860351562 978.388366699219 984.472106933594 991.159545898438 982.876647949219 988.394958496094 997.099548339844 988.928283691406 978.841430664062 976.900024414062 972.483825683594 968.705993652344 968.868774414062 967.180236816406 960.102783203125 957.758239746094 957.681640625 972.959350585938 971.57763671875 978.395324707031 984.56298828125 982.515563964844 984.339660644531 979.312194824219 981.534362792969 980.592712402344 978.867065429688 976.514709472656 982.661804199219 982.232849121094 982.490844726562 973.995300292969 969.6474609375 980.84619140625 983.520812988281 978.474792480469 975.326049804688 983.179504394531 985.523864746094 979.612854003906 983.437622070312 978.721557617188 975.227600097656 973.415832519531
989.846374511719 989.007690429688 983.885131835938 981.348083496094 987.535339355469 997.550109863281 993.57080078125 992.22119140625 988.100341796875 980.858459472656 981.45068359375 977.023376464844 980.079284667969 975.136291503906 968.1572265625 962.170959472656 962.493408203125 962.185241699219 960.15283203125 970.022766113281 979.363830566406 980.131958007812 984.831848144531 986.815124511719 978.4912109375 972.235961914062 978.85400390625 987.171264648438 981.505493164062 983.119995117188 985.861755371094 979.677551269531 981.306579589844 981.002197265625 977.285766601562 981.36962890625 987.065673828125 984.848876953125 980.376403808594 991.148559570312 988.731323242188 983.949035644531 986.16357421875 973.745361328125 977.421691894531 975.866027832031
997.603454589844 991.923828125 988.965148925781 984.193908691406 981.846496582031 984.175903320312 989.447448730469 985.700012207031 981.958312988281 981.291809082031 975.989929199219 978.193725585938 975.404296875 977.246520996094 964.888305664062 975.555419921875 973.5546875 963.284729003906 969.00732421875 978.38720703125 972.182495117188 982.447448730469 980.701477050781 984.819458007812 979.449951171875 971.446166992188 974.691833496094 985.948059082031 989.985412597656 982.833923339844 989.276916503906 981.81884765625 983.278564453125 977.429931640625 976.841186523438 984.4462890625 990.876525878906 988.650390625 981.966491699219 978.7958984375 976.482360839844 979.359130859375 972.144226074219 978.065551757812 975.359008789062 971.796997070312
1001.00537109375 997.341735839844 990.721130371094 989.080200195312 986.246154785156 985.558715820312 987.136535644531 987.216247558594 978.954711914062 983.227416992188 985.010192871094 986.179138183594 982.486328125 978.830261230469 968.015625 972.767395019531 977.213745117188 971.345703125 969.861511230469 971.385803222656 982.1884765625 983.325805664062 984.588317871094 980.571838378906 977.717956542969 977.483703613281 980.983093261719 990.83349609375 987.749084472656 986.225402832031 981.314331054688 983.384948730469 983.115173339844 982.000244140625 978.465148925781 987.567138671875 990.860412597656 984.058349609375 978.487976074219 974.228210449219 972.43115234375 976.050476074219 975.845947265625 974.866455078125 967.023498535156 969.960815429688
1001.17401123047 1003.50653076172 993.711791992188 994.247985839844 990.3662109375 983.744934082031 979.379211425781 981.956726074219 980.589233398438 975.720031738281 986.710021972656 988.710510253906 984.8740234375 973.660827636719 968.363891601562 972.357666015625 969.159301757812 970.615539550781 974.706909179688 972.465270996094 985.873596191406 990.914001464844 978.8251953125 979.740539550781 984.318054199219 984.576049804688 986.156127929688 990.962951660156 994.586547851562 990.457275390625 984.407653808594 981.27197265625 991.216369628906 983.6845703125 984.61083984375 985.566772460938 986.132019042969 988.498474121094 984.688354492188 981.193603515625 972.299438476562 980.525390625 981.795166015625 980.365600585938 978.448913574219 979.258728027344
1004.77398681641 1002.90991210938 992.286437988281 990.811584472656 994.719970703125 995.891540527344 981.831359863281 976.657165527344 984.367919921875 981.972045898438 984.173156738281 978.248718261719 984.069030761719 974.768493652344 966.608520507812 964.730895996094 970.492919921875 975.227111816406 972.004821777344 976.683776855469 978.788391113281 978.328125 983.052490234375 981.095092773438 988.703308105469 995.317810058594 988.460083007812 985.810668945312 977.240478515625 987.106567382812 977.937744140625 980.3310546875 989.145874023438 995.4853515625 991.348693847656 989.895751953125 992.306945800781 990.311096191406 983.928588867188 986.626831054688 982.475036621094 985.262390136719 984.794921875 983.601867675781 990.169982910156 980.211669921875
997.74853515625 998.485473632812 1001.16290283203 1000.33569335938 999.157165527344 999.712646484375 994.80712890625 986.599487304688 988.947326660156 982.783935546875 992.541259765625 991.809875488281 981.950744628906 973.1875 970.614807128906 968.855102539062 973.446350097656 973.853881835938 968.126770019531 975.056579589844 979.273681640625 979.088317871094 981.200439453125 988.045715332031 989.225952148438 996.766357421875 994.481750488281 987.441040039062 982.645202636719 979.191345214844 975.580078125 986.691772460938 992.489624023438 1002.06005859375 1000.45849609375 1002.35668945312 996.511352539062 1003.05584716797 994.520629882812 992.352905273438 980.28466796875 986.16455078125 983.613708496094 990.646423339844 989.081176757812 980.213256835938
1007.96520996094 1008.12823486328 1003.61865234375 1009.17755126953 1012.64080810547 1004.62481689453 990.500427246094 989.543029785156 994.905151367188 991.814025878906 989.664794921875 986.622131347656 985.9765625 969.894897460938 969.161071777344 974.290405273438 973.373291015625 969.086853027344 970.426879882812 970.608703613281 972.441101074219 976.505249023438 981.51416015625 992.014587402344 991.22314453125 1001.75695800781 995.509460449219 987.381164550781 986.091186523438 980.478576660156 983.643493652344 986.720336914062 999.653076171875 1002.95556640625 1007.63543701172 1006.56799316406 1002.79479980469 999.536254882812 997.016784667969 984.974914550781 989.237365722656 990.631896972656 993.420349121094 997.475952148438 991.802062988281 988.752990722656
1003.32000732422 1015.72143554688 1014.25177001953 1018.20288085938 1015.70159912109 999.730102539062 989.059448242188 995.492370605469 990.873107910156 985.518249511719 987.511108398438 977.850646972656 975.547058105469 974.800659179688 974.648559570312 978.21435546875 975.879333496094 972.471984863281 977.063903808594 969.2021484375 972.938232421875 978.043579101562 984.176818847656 988.720703125 991.494567871094 991.467651367188 988.568725585938 984.745971679688 987.462829589844 989.511840820312 991.4130859375 994.059143066406 999.735717773438 1008.13690185547 1012.7626953125 995.447448730469 997.891235351562 1009.51629638672 1003.49737548828 993.011901855469 993.448974609375 992.649963378906 995.889831542969 990.573852539062 997.369812011719 993.549499511719
1008.04919433594 1014.52569580078 1011.20428466797 1016.36004638672 1005.76080322266 994.488220214844 994.833984375 997.641845703125 991.5009765625 991.615783691406 981.259704589844 987.367492675781 985.842834472656 984.640502929688 983.350280761719 975.405639648438 977.216796875 983.084045410156 981.956970214844 971.019653320312 972.915893554688 979.408569335938 985.584289550781 987.403869628906 989.037719726562 988.709533691406 991.830993652344 977.241333007812 991.289916992188 995.512023925781 988.740844726562 990.947387695312 997.597106933594 1006.4326171875 1010.80688476562 1005.84619140625 1006.87261962891 1003.69421386719 998.236328125 1004.90209960938 995.750793457031 1001.21954345703 997.743530273438 993.182006835938 995.495056152344 991.595886230469
1012.64587402344 1015.81408691406 1007.48443603516 1008.23223876953 1007.66351318359 1000.63043212891 997.405029296875 991.385314941406 990.497375488281 987.138366699219 987.19775390625 984.016052246094 986.951293945312 974.172790527344 975.26416015625 976.935119628906 974.083251953125 977.050048828125 980.193603515625 978.016723632812 975.131225585938 976.644226074219 983.638732910156 979.649475097656 984.518737792969 992.492553710938 988.475402832031 987.18212890625 990.230895996094 991.760498046875 998.784545898438 992.82568359375 997.583984375 1000.76885986328 1013.17535400391 1010.28594970703 1008.81793212891 998.9990234375 996.546325683594 1008.00085449219 1004.05151367188 1002.57836914062 997.160461425781 995.221252441406 995.301208496094 989.951354980469
