data/zlatibor_dem_simulations/DEMsim40.asc
NCOLS 150
NROWS 100
XLLCORNER 7394249
YLLCORNER 4841999
CELLSIZE 30
NODATA_VALUE -9999
[rows 80 to 99 of 100, columns 0 to 45 of 150]
926.749877929688 932.945556640625 937.119506835938 939.341125488281 942.153137207031 937.104675292969 943.157287597656 951.300964355469 961.133544921875 970.275329589844 963.717529296875 966.816528320312 971.692138671875 979.413024902344 970.276062011719 976.352233886719 985.672546386719 982.290283203125 982.05078125 976.5234375 976.136474609375 984.652038574219 989.067810058594 993.850402832031 999.997375488281 998.9814453125 987.285766601562 978.499816894531 985.867980957031 986.082702636719 986.715393066406 977.985046386719 980.067199707031 980.986694335938 982.210388183594 986.507446289062 980.625915527344 986.535400390625 990.121704101562 999.270751953125 996.887268066406 1001.33386230469 998.80859375 989.59814453125 990.144470214844 995.840148925781
938.946655273438 936.377624511719 946.05615234375 947.573120117188 939.48681640625 936.265869140625 942.336608886719 949.291809082031 971.817626953125 980.336853027344 971.599792480469 972.493041992188 977.021850585938 978.740844726562 965.290893554688 962.706176757812 969.37060546875 973.283874511719 969.542175292969 964.460083007812 972.346496582031 980.972961425781 980.742492675781 992.734497070312 994.886596679688 980.074584960938 985.377624511719 985.000671386719 989.124145507812 982.376770019531 986.161254882812 979.255004882812 985.668884277344 981.039428710938 980.382751464844 985.184265136719 983.385864257812 986.254333496094 993.815673828125 990.147155761719 1002.90124511719 1005.50592041016 998.146850585938 982.672180175781 981.067321777344 985.820068359375
935.452514648438 948.785461425781 952.07763671875 942.985229492188 942.978698730469 940.886901855469 938.181701660156 949.828430175781 962.336486816406 972.830749511719 967.456359863281 969.078674316406 968.044616699219 965.681457519531 970.866577148438 962.426818847656 963.690979003906 960.1767578125 966.074462890625 971.046875 977.0673828125 983.171752929688 977.173217773438 986.960510253906 987.893493652344 981.882751464844 983.708374023438 979.290283203125 990.263854980469 976.91357421875 980.63232421875 984.896301269531 990.074890136719 985.236511230469 974.445373535156 981.702453613281 991.536560058594 986.701110839844 989.650695800781 989.744201660156 993.218627929688 999.443786621094 994.322937011719 979.62255859375 969.976806640625 974.547424316406
944.040405273438 947.974243164062 953.077697753906 946.276916503906 948.853271484375 934.282653808594 938.763916015625 944.476257324219 954.863586425781 957.781860351562 955.879455566406 955.806213378906 955.066223144531 961.161865234375 963.789733886719 961.990783691406 957.772399902344 961.492858886719 953.1005859375 961.182250976562 961.868530273438 968.976318359375 974.536376953125 981.363952636719 978.892883300781 978.105834960938 974.507507324219 977.208801269531 981.1181640625 976.483276367188 972.957946777344 977.509338378906 979.745422363281 990.612670898438 980.166748046875 980.3505859375 988.276306152344 982.697814941406 974.860534667969 981.100158691406 989.396606445312 984.040649414062 984.332458496094 974.974853515625 974.862487792969 975.105346679688
944.199584960938 950.085327148438 950.670837402344 953.813598632812 944.867980957031 939.097473144531 939.576538085938 941.284484863281 950.054565429688 950.411743164062 944.034057617188 948.9228515625 956.221069335938 958.310852050781 966.352722167969 964.358459472656 967.389282226562 957.865478515625 947.012573242188 957.4482421875 962.776977539062 960.788024902344 967.477478027344 970.455505371094 969.875 963.849914550781 958.234008789062 962.846618652344 970.866027832031 974.092712402344 972.101684570312 965.964599609375 977.010620117188 976.591796875 981.806518554688 980.834167480469 981.328369140625 977.626770019531 972.014465332031 980.370178222656 984.176818847656 984.869567871094 983.859191894531 982.029357910156 982.088928222656 975.851318359375
940.086853027344 945.162536621094 944.158081054688 949.746398925781 944.684692382812 941.151672363281 941.515686035156 945.207702636719 944.459411621094 941.712341308594 944.897338867188 952.776916503906 958.078979492188 955.781372070312 957.788879394531 954.533325195312 957.804443359375 954.684997558594 950.789611816406 953.441345214844 963.003540039062 955.176574707031 960.716735839844 969.286437988281 958.630981445312 953.416748046875 959.51025390625 961.527160644531 967.583374023438 970.794311523438 969.894348144531 969.544311523438 972.281127929688 981.862365722656 979.290222167969 975.612670898438 973.787536621094 962.349731445312 966.022338867188 968.779235839844 979.995178222656 978.161376953125 980.174499511719 987.90625 991.49755859375 992.779479980469
935.675659179688 939.681457519531 944.683166503906 945.221435546875 949.630920410156 937.151794433594 929.486572265625 931.313110351562 945.373229980469 932.125122070312 939.018981933594 958.98193359375 952.183288574219 950.411804199219 950.239929199219 952.816589355469 961.73388671875 963.458923339844 962.272766113281 957.250854492188 954.419006347656 954.732238769531 957.658813476562 960.447998046875 951.885620117188 956.431518554688 965.524719238281 963.293640136719 959.45458984375 968.894409179688 967.231689453125 958.729736328125 973.624694824219 983.154541015625 982.86279296875 975.51953125 965.321228027344 958.5986328125 963.270446777344 966.368713378906 968.860412597656 977.463012695312 980.762939453125 997.149047851562 992.98388671875 995.535461425781
937.44873046875 934.925048828125 937.677856445312 940.998046875 947.472351074219 938.848876953125 938.3876953125 937.873229980469 943.014526367188 943.142272949219 941.662414550781 945.537170410156 943.1298828125 950.245239257812 953.231018066406 957.088256835938 950.735900878906 955.2236328125 957.242614746094 957.335266113281 954.10791015625 961.893493652344 963.702514648438 968.077575683594 962.592407226562 959.323913574219 961.430053710938 956.419555664062 950.79931640625 962.389343261719 970.388793945312 972.962829589844 974.4521484375 975.582092285156 977.682189941406 973.887512207031 963.416931152344 965.364807128906 969.845458984375 971.288208007812 963.6630859375 975.27685546875 970.805419921875 989.6181640625 995.638488769531 989.547119140625
943.607055664062 945.902954101562 945.639770507812 941.355895996094 943.125549316406 939.698791503906 938.257934570312 938.799621582031 934.4267578125 943.926391601562 948.131103515625 945.171752929688 945.395446777344 957.559509277344 951.006164550781 948.197998046875 950.15869140625 951.505493164062 957.421997070312 962.656127929688 957.021667480469 958.878967285156 955.818359375 963.507690429688 957.393920898438 959.6708984375 962.631958007812 954.500610351562 961.166748046875 960.939697265625 965.338989257812 969.9130859375 971.720764160156 980.951599121094 975.027465820312 983.642700195312 970.487915039062 974.265502929688 971.948608398438 971.746032714844 964.048461914062 970.164428710938 976.11572265625 979.169799804688 980.052917480469 988.425842285156
959.87158203125 952.768310546875 952.121765136719 952.885437011719 943.095581054688 936.066772460938 939.565124511719 936.671813964844 934.414123535156 951.089965820312 950.687927246094 954.328430175781 962.277587890625 957.64404296875 955.897277832031 949.186706542969 959.881896972656 950.975769042969 962.634948730469 961.711975097656 956.188537597656 957.116943359375 959.939208984375 961.200012207031 972.013366699219 956.024475097656 963.147155761719 960.154602050781 963.036254882812 964.580017089844 959.321044921875 965.898132324219 966.640014648438 969.028564453125 968.0048828125 971.025268554688 974.968139648438 977.439392089844 976.8212890625 968.547912597656 974.451904296875 970.669921875 975.888977050781 975.166442871094 980.687255859375 985.711486816406
964.681579589844 961.019104003906 955.326232910156 950.40234375 944.946166992188 942.262023925781 946.222290039062 930.883483886719 944.500305175781 954.416748046875 950.254272460938 966.593627929688 962.441711425781 958.5478515625 955.859069824219 953.796997070312 960.122741699219 950.384826660156 960.022705078125 958.704284667969 955.212097167969 956.814086914062 964.14453125 962.326354980469 962.930847167969 966.734802246094 967.755981445312 967.47705078125 961.066711425781 963.076232910156 962.789489746094 963.714599609375 966.878173828125 968.472778320312 967.163330078125 969.917175292969 974.121459960938 971.170471191406 977.101135253906 980.3037109375 979.345947265625 971.795593261719 966.0751953125 973.122924804688 974.225769042969 975.532775878906
963.200012207031 963.357116699219 958.902526855469 952.684997558594 944.785522460938 948.747924804688 939.5732421875 930.583435058594 943.796630859375 946.726806640625 951.221252441406 962.997375488281 963.662292480469 962.769287109375 948.550476074219 944.073364257812 956.802978515625 963.079956054688 954.380615234375 956.174438476562 948.536254882812 949.226745605469 953.948059082031 961.379760742188 965.047119140625 962.568969726562 961.092407226562 956.229309082031 957.888854980469 962.021484375 960.262145996094 966.3779296875 975.114135742188 973.095336914062 977.85546875 963.344665527344 964.597961425781 977.037841796875 981.187072753906 980.373291015625 970.127990722656 975.372192382812 968.837158203125 975.055603027344 976.959411621094 977.637084960938
965.497863769531 965.007995605469 959.5859375 955.907470703125 943.663391113281 939.937072753906 945.327514648438 932.779357910156 940.493103027344 951.349548339844 956.344177246094 961.230773925781 963.901062011719 968.235107421875 960.905212402344 965.529052734375 968.610168457031 964.25830078125 960.710876464844 966.121948242188 948.657104492188 951.26123046875 958.962707519531 956.841369628906 962.943420410156 964.802307128906 959.237976074219 953.774047851562 959.64697265625 962.207336425781 962.981811523438 967.607421875 964.3828125 968.479553222656 977.628479003906 969.725341796875 965.790222167969 980.637512207031 982.503051757812 978.791687011719 981.240173339844 982.740234375 972.201721191406 968.361511230469 971.779418945312 978.554809570312
961.216247558594 967.098815917969 968.465759277344 958.351745605469 946.579772949219 946.909729003906 951.934814453125 947.092041015625 941.127197265625 949.441711425781 958.322021484375 968.295349121094 967.159423828125 977.784790039062 976.805480957031 971.704895019531 974.787231445312 972.479370117188 970.682678222656 964.844116210938 960.683227539062 963.663146972656 960.848937988281 963.992553710938 971.299499511719 967.196166992188 963.963012695312 960.543762207031 960.932067871094 953.611877441406 959.773193359375 960.241088867188 968.355407714844 969.564697265625 974.63720703125 975.318664550781 965.139282226562 977.205993652344 971.088500976562 976.445739746094 978.650085449219 979.437377929688 979.396484375 968.366821289062 972.059997558594 974.070556640625
962.223388671875 966.898071289062 964.805847167969 963.064453125 951.171264648438 953.989501953125 955.870483398438 945.44091796875 948.932250976562 954.628723144531 959.304931640625 958.396484375 962.351440429688 968.027709960938 971.484436035156 968.883483886719 975.297119140625 971.711303710938 963.844543457031 973.390563964844 966.37646484375 959.095703125 969.915832519531 969.3515625 969.479675292969 969.291015625 963.386291503906 957.192626953125 950.031005859375 956.262145996094 960.647399902344 967.745300292969 966.287353515625 966.002807617188 971.738891601562 957.8779296875 957.097229003906 959.957824707031 972.164428710938 972.808044433594 976.908264160156 984.157592773438 983.960083007812 979.729919433594 975.184631347656 969.472351074219
955.811157226562 964.635986328125 966.098449707031 963.321960449219 960.307495117188 956.112731933594 957.998474121094 957.250732421875 937.431518554688 952.587524414062 958.629150390625 959.841857910156 967.398254394531 969.933166503906 973.26123046875 976.274169921875 970.333923339844 980.896179199219 975.446350097656 980.621643066406 971.542541503906 970.317138671875 971.592346191406 975.429443359375 966.380310058594 971.577758789062 966.479125976562 963.471435546875 947.760864257812 955.463439941406 960.941040039062 972.818054199219 964.975402832031 962.336486816406 956.697937011719 959.725646972656 961.406066894531 970.082092285156 972.629272460938 969.58544921875 979.446105957031 980.307495117188 979.377014160156 978.313232421875 970.947937011719 969.399658203125
958.435119628906 952.665344238281 952.217407226562 958.698974609375 962.568908691406 959.182678222656 957.364379882812 955.662475585938 951.544982910156 943.393981933594 961.133728027344 967.364868164062 972.768371582031 967.29736328125 978.504455566406 971.9140625 969.345642089844 969.366638183594 970.743408203125 975.5048828125 975.836486816406 973.790283203125 970.120422363281 964.889953613281 969.351623535156 970.719482421875 960.265686035156 954.32177734375 948.596801757812 949.984680175781 957.437744140625 959.153015136719 960.332885742188 961.023803710938 950.816223144531 967.878295898438 974.202819824219 970.925170898438 977.370178222656 976.539184570312 981.37451171875 979.735900878906 982.120849609375 981.624267578125 977.772155761719 971.493957519531
953.03515625 950.216247558594 947.087951660156 955.944580078125 959.524230957031 965.913269042969 956.983154296875 954.976745605469 957.694580078125 950.947570800781 955.904174804688 967.676635742188 967.689575195312 969.974609375 972.124938964844 974.738220214844 983.6884765625 977.931274414062 979.578063964844 971.741882324219 970.916015625 965.924926757812 965.303405761719 958.420349121094 972.942932128906 966.831359863281 961.47119140625 945.955932617188 954.982543945312 951.515625 953.785400390625 952.312805175781 950.36767578125 955.153076171875 962.7421875 967.53564453125 975.410583496094 966.358703613281 970.951599121094 978.48193359375 982.454284667969 983.473693847656 980.869384765625 974.6201171875 973.093383789062 974.49267578125
939.978210449219 950.434753417969 953.83837890625 953.388122558594 957.629638671875 954.190185546875 961.067077636719 944.003784179688 952.32080078125 956.19921875 964.105773925781 970.387268066406 970.732177734375 968.637512207031 965.072143554688 974.959838867188 985.112060546875 979.367370605469 979.967590332031 968.970703125 968.065002441406 958.645690917969 956.312927246094 950.88134765625 961.600158691406 963.998168945312 952.194458007812 946.40283203125 950.50146484375 951.303344726562 949.770874023438 947.8828125 944.981140136719 957.625183105469 965.475952148438 969.389892578125 968.767456054688 972.543701171875 980.934692382812 978.145141601562 976.328491210938 977.531616210938 975.945068359375 977.078735351562 976.600463867188 975.980834960938
947.405700683594 948.562866210938 958.636352539062 954.637390136719 956.951477050781 954.424194335938 951.454956054688 951.875 950.898803710938 958.341857910156 956.821716308594 975.729736328125 968.168701171875 964.898620605469 966.115600585938 975.073547363281 970.578796386719 971.713745117188 978.795837402344 978.983825683594 972.212768554688 968.338623046875 961.295715332031 947.926574707031 955.198303222656 962.795104980469 955.848205566406 949.245727539062 952.628784179688 961.673278808594 954.290100097656 957.123901367188 954.47607421875 965.013366699219 961.648315429688 967.694580078125 974.246826171875 971.598022460938 969.141845703125 983.060974121094 976.757507324219 982.754150390625 979.981567382812 976.426635742188 966.550170898438 973.409729003906
