data/zlatibor_dem_simulations/DEMsim86.asc
NCOLS 150
NROWS 100
XLLCORNER 7394249
YLLCORNER 4841999
CELLSIZE 30
NODATA_VALUE -9999
[rows 40 to 59 of 100, columns 0 to 45 of 150]
958.837097167969 960.433166503906 974.224548339844 972.738403320312 969.662475585938 971.153198242188 975.033447265625 977.515747070312 962.969543457031 967.069885253906 963.584167480469 966.603454589844 972.653076171875 968.547119140625 971.584228515625 974.446594238281 965.151794433594 967.156433105469 982.0302734375 987.681823730469 972.738647460938 975.470092773438 981.849914550781 976.321655273438 981.359191894531 981.219787597656 979.141662597656 969.013122558594 969.348266601562 982.654724121094 979.819152832031 969.67333984375 978.199645996094 979.542053222656 972.340209960938 972.731872558594 974.073913574219 981.580993652344 975.079833984375 968.622680664062 976.323669433594 971.786743164062 964.221618652344 964.170471191406 974.910339355469 969.834106445312
961.892517089844 963.636169433594 958.922973632812 965.961059570312 974.067138671875 964.627075195312 975.569702148438 973.435119628906 979.548950195312 978.942199707031 973.821044921875 971.249694824219 971.144653320312 962.6533203125 967.730834960938 979.094116210938 977.871643066406 976.185791015625 980.297485351562 981.58056640625 983.450439453125 979.897338867188 979.503601074219 978.299438476562 973.931213378906 976.181945800781 964.121887207031 968.072448730469 971.640258789062 986.445373535156 984.336181640625 980.122619628906 981.776306152344 975.261596679688 967.011291503906 974.686950683594 969.183959960938 974.849426269531 976.08740234375 969.158447265625 976.356079101562 973.375610351562 968.412292480469 964.228454589844 972.933288574219 965.496948242188
953.848449707031 964.655456542969 961.765258789062 961.800598144531 971.230529785156 961.914855957031 958.958251953125 964.370239257812 969.416015625 976.894348144531 976.091003417969 974.79150390625 965.541625976562 965.899230957031 972.50537109375 989.393798828125 983.080322265625 981.175598144531 974.058410644531 974.420471191406 975.11474609375 978.915222167969 974.618835449219 972.529968261719 973.219421386719 967.827514648438 969.818542480469 967.346618652344 974.709533691406 980.522338867188 985.101013183594 983.419555664062 980.274047851562 973.002624511719 970.134216308594 970.151062011719 979.210327148438 976.277893066406 976.072265625 975.611267089844 981.492858886719 978.739501953125 966.886291503906 967.157287597656 969.682800292969 969.190246582031
942.490356445312 949.197570800781 954.572998046875 956.167297363281 958.85986328125 955.677124023438 954.658874511719 946.085571289062 965.104736328125 971.012023925781 969.022888183594 973.5341796875 967.302124023438 971.081298828125 971.936706542969 969.313293457031 973.855285644531 971.825073242188 976.296447753906 972.478759765625 976.011047363281 979.5830078125 970.816833496094 970.392456054688 968.767761230469 976.420776367188 969.687194824219 971.609252929688 968.261169433594 973.303161621094 974.382202148438 990.293090820312 976.562744140625 975.987976074219 962.751098632812 961.450500488281 967.165100097656 980.435729980469 978.344299316406 973.457153320312 971.027770996094 966.859130859375 969.926818847656 964.233520507812 970.043090820312 965.714538574219
945.148132324219 950.051452636719 957.560974121094 959.821838378906 962.970275878906 956.578857421875 946.927673339844 943.221435546875 964.089111328125 963.119201660156 962.401184082031 963.844604492188 967.06787109375 972.1982421875 972.971130371094 976.103088378906 977.06494140625 974.181274414062 968.106262207031 974.326293945312 981.084228515625 985.684265136719 979.939575195312 975.786743164062 971.737976074219 970.086242675781 970.209655761719 967.715881347656 969.875610351562 973.737915039062 983.084716796875 986.080627441406 982.982177734375 974.010314941406 964.990905761719 964.757507324219 965.392272949219 972.804626464844 971.140319824219 971.599731445312 971.463439941406 970.123840332031 966.966125488281 961.638732910156 962.73876953125 966.353759765625
960.799987792969 963.791870117188 966.420776367188 968.836303710938 959.138427734375 963.033264160156 953.050476074219 955.143249511719 963.139221191406 961.816284179688 952.611999511719 949.84228515625 966.62353515625 974.054992675781 977.651428222656 967.838256835938 976.753051757812 978.777709960938 972.631469726562 972.6572265625 985.130249023438 986.026550292969 982.454284667969 980.65380859375 969.660034179688 962.195068359375 967.560791015625 968.901062011719 970.785278320312 976.849243164062 984.614440917969 983.564331054688 974.736877441406 975.927978515625 976.919128417969 968.207397460938 969.035705566406 964.664367675781 962.8828125 969.660034179688 965.308959960938 974.643676757812 964.768249511719 956.642150878906 959.080810546875 961.566955566406
963.69580078125 964.078186035156 964.91357421875 965.281005859375 958.13427734375 964.345458984375 956.811767578125 959.533264160156 963.900939941406 951.676696777344 953.234069824219 947.591735839844 958.798034667969 968.943359375 969.983520507812 975.632690429688 965.567565917969 969.814636230469 962.359313964844 970.427490234375 980.634704589844 970.158935546875 976.488037109375 967.878601074219 971.279663085938 971.603881835938 964.436340332031 970.189025878906 983.286743164062 974.186279296875 977.586791992188 980.560302734375 975.701477050781 978.279541015625 968.126037597656 974.239990234375 962.535217285156 964.044372558594 964.964416503906 958.891784667969 962.195861816406 965.743896484375 960.429138183594 962.152038574219 955.290405273438 955.579650878906
959.192443847656 966.34912109375 968.082458496094 970.068420410156 968.809204101562 960.796691894531 966.345458984375 960.214233398438 959.702941894531 958.926086425781 954.957153320312 950.687133789062 957.179077148438 964.84619140625 969.194213867188 970.771240234375 968.738586425781 974.627197265625 970.000305175781 968.473022460938 969.839294433594 973.645751953125 969.875549316406 966.448303222656 965.877014160156 969.391174316406 967.122375488281 962.932434082031 962.2353515625 968.941589355469 970.489685058594 968.415588378906 967.395935058594 971.954284667969 972.418701171875 961.781921386719 965.896606445312 965.093200683594 951.393188476562 954.203125 962.916809082031 966.215209960938 959.149047851562 950.029235839844 955.810729980469 964.4482421875
953.850158691406 955.79736328125 967.763977050781 969.603576660156 966.4765625 967.928588867188 967.018615722656 963.80078125 966.591369628906 963.179077148438 960.421630859375 963.419128417969 955.553527832031 966.280517578125 966.0830078125 978.339050292969 983.943542480469 981.968139648438 974.107604980469 971.024475097656 966.720153808594 965.161254882812 960.493225097656 956.755493164062 963.070129394531 959.777648925781 968.0146484375 967.377380371094 955.595703125 963.658447265625 977.283264160156 970.602661132812 964.510498046875 965.585876464844 972.840454101562 973.465698242188 958.797912597656 948.612548828125 950.604675292969 958.214111328125 962.735107421875 959.508850097656 960.187744140625 953.006286621094 963.100646972656 968.181518554688
954.818908691406 955.441650390625 965.730041503906 971.625 958.945190429688 959.911254882812 963.359191894531 964.968566894531 968.6298828125 963.684326171875 968.441650390625 965.119018554688 964.702270507812 978.323608398438 980.900085449219 975.927734375 988.303344726562 981.1513671875 969.360473632812 967.09375 966.748352050781 964.114929199219 950.445434570312 955.966735839844 952.192626953125 966.86962890625 955.432922363281 961.014221191406 959.938415527344 966.19580078125 981.289489746094 979.626708984375 979.136413574219 973.272888183594 968.927185058594 965.8173828125 951.318725585938 943.29638671875 947.927368164062 957.586669921875 963.247436523438 962.029968261719 967.755310058594 960.876708984375 959.76708984375 969.174926757812
951.245300292969 953.919128417969 968.137329101562 964.640930175781 962.319152832031 963.595336914062 968.057922363281 969.826171875 971.208557128906 965.061645507812 961.223083496094 967.774597167969 979.537475585938 979.65380859375 981.893798828125 972.614990234375 980.484436035156 976.626586914062 974.601318359375 974.466064453125 966.090515136719 956.943542480469 960.573120117188 962.684814453125 958.148254394531 965.055053710938 962.724609375 959.7666015625 965.441101074219 968.099487304688 973.0869140625 990.300048828125 982.925659179688 973.494873046875 968.04150390625 962.810424804688 953.065734863281 947.279724121094 948.87158203125 958.046936035156 960.3056640625 964.671264648438 969.817199707031 964.928527832031 961.302551269531 967.269165039062
955.881286621094 960.840698242188 958.503967285156 965.748229980469 964.252746582031 966.396728515625 978.53759765625 985.298095703125 981.146240234375 975.335021972656 969.273010253906 969.432922363281 975.787414550781 976.355895996094 975.412902832031 968.597473144531 967.864501953125 973.095092773438 973.005676269531 968.119812011719 966.377563476562 957.997497558594 963.474487304688 969.392211914062 961.294067382812 959.813842773438 965.598937988281 964.208923339844 964.278442382812 962.940490722656 968.315368652344 975.300476074219 977.138610839844 976.294189453125 973.131713867188 967.926391601562 966.533264160156 957.801696777344 955.157104492188 957.449951171875 956.235717773438 955.398620605469 957.798706054688 970.69384765625 975.517456054688 973.050659179688
956.032531738281 955.8466796875 965.280944824219 969.726623535156 958.6982421875 968.929260253906 965.069458007812 978.553955078125 982.825317382812 980.068908691406 979.507080078125 976.875183105469 973.266357421875 978.914978027344 974.470947265625 968.697570800781 970.203430175781 981.587219238281 973.0615234375 968.165466308594 970.751220703125 965.743347167969 965.237731933594 970.189147949219 968.267272949219 960.607543945312 962.858947753906 963.301147460938 963.522155761719 961.302551269531 971.596801757812 962.8828125 971.982604980469 976.814025878906 966.103149414062 969.972595214844 967.263244628906 961.689636230469 963.286682128906 963.869262695312 954.590148925781 949.932983398438 951.346252441406 970.358520507812 976.432983398438 971.919006347656
961.972351074219 952.487609863281 960.00830078125 972.4677734375 967.269653320312 966.860412597656 967.2431640625 981.628112792969 979.30859375 980.122924804688 984.816040039062 980.162292480469 979.89453125 978.323608398438 978.139526367188 968.012023925781 976.798095703125 974.815734863281 972.721618652344 969.206420898438 967.189331054688 972.406066894531 970.643432617188 968.747436523438 962.318481445312 965.398193359375 969.626037597656 967.624755859375 969.234985351562 966.678466796875 961.828796386719 966.852661132812 978.874389648438 973.357666015625 963.413269042969 964.833557128906 967.054931640625 963.779602050781 960.848815917969 958.995910644531 953.05322265625 950.098937988281 952.372436523438 963.092224121094 968.574096679688 962.60693359375
962.197875976562 969.403503417969 965.500610351562 972.925476074219 974.468200683594 969.392150878906 969.264526367188 969.672241210938 977.447021484375 975.3671875 976.572631835938 983.190673828125 974.061767578125 980.986328125 978.254699707031 973.415832519531 960.515563964844 965.391784667969 971.038146972656 972.765319824219 970.515686035156 968.783630371094 967.959289550781 967.103332519531 959.900085449219 957.516052246094 958.990112304688 954.466674804688 961.946594238281 966.003845214844 961.239807128906 957.05615234375 968.712341308594 974.018249511719 969.765808105469 968.481140136719 964.399597167969 974.897338867188 961.324951171875 950.533203125 955.769287109375 950.252807617188 951.934204101562 963.360290527344 963.681335449219 970.275695800781
966.322570800781 971.828735351562 966.741516113281 976.561157226562 970.424682617188 971.214599609375 971.9169921875 971.705261230469 975.008117675781 966.347961425781 977.662475585938 975.325622558594 971.842712402344 974.299011230469 977.454467773438 960.503967285156 969.760070800781 972.684753417969 973.506591796875 972.721313476562 963.768371582031 965.658874511719 967.567321777344 957.116271972656 957.311279296875 960.011047363281 956.048767089844 955.516540527344 958.603088378906 962.86083984375 961.908508300781 954.659790039062 962.754516601562 965.705444335938 968.386108398438 966.285522460938 966.757568359375 963.540649414062 956.265502929688 959.846313476562 954.660095214844 952.056701660156 952.218566894531 964.882995605469 965.985656738281 961.129455566406
971.885559082031 968.797729492188 978.271606445312 974.661315917969 974.559631347656 979.302490234375 973.245239257812 972.66015625 972.270080566406 970.487915039062 972.995422363281 970.703186035156 972.085998535156 974.976684570312 972.064880371094 958.297302246094 969.903503417969 975.21826171875 970.614990234375 969.70751953125 964.186828613281 956.621032714844 961.535949707031 956.435485839844 950.059692382812 951.83740234375 953.170104980469 957.448120117188 955.99755859375 956.979309082031 953.17822265625 945.348815917969 950.177062988281 963.874389648438 965.868896484375 953.06640625 954.343078613281 956.490295410156 956.385803222656 963.689331054688 962.00537109375 965.37255859375 958.646728515625 958.373168945312 967.447570800781 963.692810058594
973.259704589844 969.848205566406 967.506713867188 968.579406738281 973.721740722656 972.002380371094 972.243469238281 976.069030761719 978.607727050781 974.781616210938 973.69091796875 971.382568359375 964.994689941406 969.3896484375 960.666198730469 965.03369140625 978.896423339844 972.792297363281 970.072631835938 970.735900878906 959.066772460938 960.978393554688 951.312072753906 947.257019042969 949.516296386719 946.58740234375 950.124206542969 953.212280273438 962.246032714844 950.522583007812 953.477661132812 951.3232421875 948.453063964844 956.011779785156 957.194519042969 955.425231933594 962.006164550781 956.358825683594 953.554809570312 962.828552246094 964.086853027344 958.859069824219 955.839660644531 960.246215820312 956.048522949219 947.009155273438
979.6435546875 972.725708007812 964.192199707031 972.681518554688 970.079162597656 967.514587402344 975.71826171875 978.635314941406 972.191589355469 970.248779296875 966.272094726562 966.805358886719 967.860717773438 966.893432617188 957.153991699219 971.001647949219 966.307739257812 961.254211425781 966.545837402344 964.473083496094 956.745666503906 954.096923828125 953.349182128906 952.719360351562 949.213256835938 950.549987792969 939.483459472656 948.486694335938 947.358947753906 944.114013671875 949.4306640625 951.787902832031 956.461975097656 959.570190429688 950.680297851562 949.452880859375 953.939514160156 954.024658203125 957.78173828125 956.001586914062 955.787536621094 955.895202636719 952.86865234375 951.613464355469 945.902954101562 938.573608398438
977.062683105469 970.692443847656 964.546569824219 968.525939941406 968.274475097656 967.805603027344 973.295593261719 975.396423339844 970.802917480469 971.002746582031 969.047058105469 960.949279785156 964.824645996094 961.749755859375 954.24951171875 966.868041992188 964.782165527344 956.072326660156 960.901306152344 954.15380859375 951.189697265625 947.465881347656 951.816589355469 956.132385253906 947.736083984375 938.7880859375 935.273254394531 946.733825683594 949.1826171875 945.437744140625 960.380615234375 956.57763671875 970.036499023438 963.70263671875 957.415710449219 951.365600585938 946.424194335938 954.532409667969 953.859985351562 958.247131347656 950.429626464844 956.899658203125 946.644958496094 945.062561035156 939.4052734375 941.842407226562
