data/zlatibor_dem_simulations/DEMsim44.asc
NCOLS 150
NROWS 100
XLLCORNER 7394249
YLLCORNER 4841999
CELLSIZE 30
NODATA_VALUE -9999
[rows 80 to 99 of 100, columns 46 to 91 of 150]
1014.2392578125 1022.43688964844 1015.45153808594 1015.62133789062 1019.68548583984 1004.11352539062 1010.06066894531 1008.41381835938 991.607238769531 987.922119140625 986.653930664062 994.183776855469 993.83056640625 987.29736328125 994.767028808594 980.806823730469 973.753356933594 973.430908203125 975.266662597656 988.790222167969 974.362548828125 976.072021484375 976.939086914062 980.732360839844 985.845947265625 994.224792480469 993.938537597656 991.273254394531 996.898071289062 994.472473144531 997.725341796875 989.633361816406 996.024230957031 1005.83770751953 1012.55444335938 1006.48596191406 1008.56622314453 1005.51776123047 1014.86627197266 1004.43499755859 1004.09967041016 997.845764160156 990.799499511719 989.35400390625 1002.58654785156 997.598449707031
1013.04583740234 1009.47827148438 1011.26556396484 1012.11920166016 1012.89300537109 1010.08874511719 1002.93243408203 1006.14044189453 1001.44354248047 984.703552246094 987.266174316406 992.586059570312 987.68310546875 989.348388671875 989.693298339844 988.471923828125 980.783508300781 971.600891113281 975.301025390625 981.033569335938 978.293579101562 983.18115234375 982.846740722656 988.361511230469 986.774475097656 990.687255859375 991.489135742188 990.693115234375 987.480163574219 987.925964355469 994.505615234375 993.291076660156 998.065002441406 997.803344726562 1010.71740722656 1020.10266113281 1008.78729248047 1009.11126708984 1007.06640625 1003.017578125 999.248657226562 999.480102539062 996.085876464844 993.174560546875 996.149841308594 1010.93200683594
1003.19567871094 1000.04449462891 1008.97747802734 1012.95550537109 1009.80505371094 1010.33044433594 1003.09930419922 1000.0869140625 998.064331054688 982.948913574219 988.676513671875 978.437927246094 982.282348632812 983.939514160156 990.467895507812 983.359741210938 978.124938964844 979.462524414062 976.927001953125 977.600524902344 979.567810058594 979.025207519531 977.956420898438 988.667663574219 984.428039550781 982.0224609375 985.995727539062 988.909484863281 986.154663085938 987.066528320312 985.537231445312 989.440979003906 991.209899902344 996.822631835938 1003.40222167969 1008.24035644531 1008.70782470703 1006.36059570312 1003.49133300781 1004.99108886719 995.760314941406 997.435546875 995.871643066406 998.136901855469 1000.20367431641 1003.01544189453
1010.07977294922 1004.57482910156 997.364929199219 1007.5400390625 1003.05285644531 1001.57098388672 992.331848144531 989.912170410156 994.970947265625 992.857055664062 987.172241210938 992.802673339844 984.549377441406 982.823608398438 981.205444335938 982.973510742188 979.933654785156 976.040466308594 982.64208984375 981.092834472656 977.580932617188 977.770690917969 976.967102050781 983.127868652344 983.413208007812 982.352111816406 981.116821289062 980.93408203125 982.430786132812 981.312683105469 983.943908691406 986.161804199219 990.753295898438 988.049743652344 995.942810058594 1012.8232421875 1006.90277099609 1000.18444824219 1004.73986816406 1003.05139160156 1009.60375976562 997.514099121094 1001.13934326172 999.217468261719 1004.89953613281 1006.20184326172
1008.08416748047 1013.27807617188 1012.24066162109 1013.70404052734 1008.04760742188 1006.99859619141 1002.85528564453 996.861206054688 996.683349609375 994.439819335938 991.190795898438 992.630493164062 983.764953613281 982.608032226562 979.181518554688 979.387023925781 986.578430175781 984.91552734375 983.41015625 983.197692871094 982.880065917969 977.215270996094 985.923461914062 987.812377929688 985.194519042969 980.507080078125 980.132751464844 981.209716796875 975.679321289062 974.987060546875 987.751403808594 985.698974609375 976.082641601562 983.131164550781 998.429565429688 998.140930175781 1004.38598632812 1006.61633300781 1005.16778564453 1003.05584716797 1000.60198974609 998.531311035156 1001.34173583984 1002.51904296875 1002.48333740234 1002.07904052734
997.009033203125 1009.43621826172 1011.00122070312 1014.63525390625 1008.45874023438 1002.57269287109 993.173461914062 997.014526367188 991.406005859375 989.656677246094 1001.0380859375 988.663269042969 996.115173339844 989.931457519531 989.547668457031 985.848999023438 991.207214355469 998.218933105469 992.095642089844 988.401733398438 982.418884277344 980.707885742188 981.914611816406 993.714294433594 987.598815917969 989.275390625 988.889404296875 978.0927734375 986.090454101562 987.501525878906 990.847900390625 980.504638671875 976.150085449219 984.139465332031 993.760498046875 1003.48699951172 1007.31982421875 1009.64813232422 1008.68426513672 1007.47924804688 1005.80560302734 1007.89599609375 1014.87603759766 1009.17053222656 1006.34783935547 1001.68579101562
1002.76739501953 1011.06176757812 1013.50720214844 1010.3037109375 1008.90997314453 1004.77923583984 1004.04089355469 998.996154785156 992.137634277344 991.388916015625 995.658996582031 996.611450195312 990.359741210938 994.113220214844 994.609069824219 996.709655761719 990.876159667969 1002.88684082031 989.662658691406 987.379699707031 988.262817382812 988.348266601562 993.531860351562 999.460754394531 987.50439453125 992.60205078125 984.418823242188 976.928344726562 984.727294921875 991.562866210938 1002.15863037109 992.279113769531 984.758178710938 988.47216796875 989.265075683594 993.619445800781 1015.07196044922 1010.85650634766 1007.6494140625 1003.7568359375 1011.14819335938 1010.42376708984 1012.21411132812 1011.40954589844 1002.31036376953 997.25634765625
994.912719726562 1009.06616210938 1006.31591796875 1013.07720947266 1009.61059570312 1005.58764648438 995.306457519531 998.165588378906 1004.23175048828 1004.67102050781 1006.92700195312 998.725524902344 998.203308105469 998.260192871094 995.4560546875 995.3662109375 991.152954101562 994.785827636719 986.868225097656 994.172729492188 1000.06066894531 994.649230957031 994.187622070312 995.809265136719 993.043823242188 995.531677246094 987.681335449219 986.050048828125 992.390319824219 994.40087890625 994.6279296875 1000.46740722656 991.176696777344 991.833068847656 997.601257324219 1000.6865234375 1007.32824707031 1007.36920166016 1010.84045410156 1006.14575195312 1013.28277587891 1004.92755126953 1007.14056396484 1001.35546875 1000.87322998047 1005.42742919922
990.918701171875 1000.70928955078 1006.07751464844 1008.99536132812 1004.37310791016 1003.89569091797 994.272521972656 998.054931640625 998.341613769531 1003.73291015625 1013.69213867188 1009.93615722656 995.831909179688 998.698486328125 985.624755859375 992.791625976562 990.063781738281 994.614501953125 998.489196777344 996.018188476562 999.322326660156 993.040283203125 999.449768066406 990.862976074219 996.559143066406 1003.81976318359 1001.04907226562 993.446105957031 994.29638671875 997.976135253906 999.158203125 999.425415039062 990.209167480469 995.371704101562 1001.19604492188 1003.16424560547 991.944213867188 994.84375 1002.48400878906 1010.47863769531 1011.00732421875 1012.15765380859 1001.91827392578 1006.98614501953 998.570861816406 1005.63616943359
979.482360839844 987.909606933594 994.140075683594 998.302307128906 996.74755859375 1000.18420410156 998.066955566406 998.126037597656 998.642211914062 1004.54595947266 1016.81945800781 1005.47149658203 1000.26971435547 999.119323730469 993.778381347656 989.64306640625 990.504821777344 987.574279785156 994.445434570312 996.706970214844 997.425659179688 1003.806640625 1000.11627197266 991.246337890625 993.481994628906 992.596130371094 995.724914550781 992.140686035156 988.631652832031 991.363586425781 988.209167480469 995.648864746094 993.430480957031 1000.80908203125 996.780029296875 994.623229980469 986.216979980469 1001.41925048828 1001.68408203125 1007.55267333984 1010.4580078125 1016.73468017578 1015.74194335938 1007.85650634766 1000.20324707031 1000.51525878906
980.332336425781 991.723083496094 988.599792480469 994.456848144531 1000.26379394531 1002.11016845703 1002.08258056641 1003.29071044922 1009.24365234375 1006.23229980469 1007.65887451172 1009.03375244141 1007.7919921875 1003.27764892578 991.870422363281 991.497802734375 999.295227050781 987.561279296875 989.760314941406 993.285888671875 999.147888183594 996.732238769531 990.813232421875 988.763366699219 998.911315917969 994.260986328125 1004.59228515625 1000.48004150391 994.816223144531 1000.00701904297 988.848022460938 998.382019042969 996.511352539062 991.687255859375 994.771179199219 992.865905761719 986.811950683594 989.076049804688 997.257629394531 1001.58660888672 1004.39099121094 1013.56079101562 1013.56201171875 1010.95092773438 1005.24206542969 1008.41717529297
977.307495117188 978.671936035156 983.479553222656 988.685302734375 999.396362304688 995.788757324219 1004.42309570312 1010.77703857422 1002.41705322266 1008.08038330078 1008.58850097656 1016.97424316406 1014.45861816406 1004.97515869141 994.711791992188 998.621276855469 996.706115722656 992.683471679688 993.125549316406 992.964721679688 999.567687988281 1000.47045898438 997.942749023438 998.556762695312 991.613098144531 1000.44598388672 1005.28314208984 994.464416503906 993.918212890625 989.664245605469 998.245178222656 1003.68347167969 999.826232910156 998.44775390625 995.236328125 998.390625 992.652893066406 999.681396484375 1003.54052734375 1008.93884277344 1007.36895751953 1017.08477783203 1005.49896240234 1007.10998535156 1013.09747314453 1019.07312011719
969.383361816406 978.116760253906 974.915771484375 987.245666503906 992.550903320312 996.377990722656 998.834411621094 1004.09924316406 1011.98205566406 1010.59893798828 1008.09649658203 1004.31585693359 1005.33459472656 1009.56005859375 1017.40869140625 1005.29650878906 1008.2314453125 993.657958984375 999.532653808594 1004.72076416016 1003.49505615234 990.445983886719 1006.54168701172 1001.29858398438 991.750305175781 993.873596191406 997.572448730469 1001.30432128906 1001.22235107422 1004.39709472656 991.69775390625 992.450073242188 1003.59790039062 996.840087890625 994.257751464844 997.713256835938 1002.57055664062 996.169128417969 998.244079589844 1002.70172119141 1002.91192626953 1006.22924804688 1003.57354736328 1008.09796142578 1009.24847412109 1012.22833251953
971.224548339844 973.577941894531 979.473815917969 983.796142578125 984.873657226562 984.684448242188 996.618286132812 1003.50799560547 998.916809082031 1008.51641845703 1005.43292236328 1012.91052246094 1001.99041748047 1004.89123535156 1019.23687744141 1021.48553466797 1018.68347167969 1012.06927490234 1005.80834960938 1010.85021972656 1004.33685302734 1009.03149414062 998.124450683594 1004.28973388672 1004.71081542969 998.205261230469 999.513854980469 1008.47668457031 1011.25207519531 1008.65209960938 1003.23986816406 993.0927734375 998.273986816406 999.999694824219 996.444885253906 997.3642578125 1005.59881591797 1003.27618408203 1000.14471435547 993.418518066406 1002.49200439453 1003.45721435547 1001.84759521484 1008.70855712891 1015.60870361328 1011.20880126953
978.110900878906 969.112609863281 983.801818847656 985.091918945312 981.715698242188 989.291320800781 998.740417480469 1002.44860839844 996.299926757812 1004.19317626953 1008.80456542969 1008.87561035156 1008.75982666016 1015.68127441406 1013.94860839844 1014.22637939453 1018.98321533203 1016.78491210938 1015.16058349609 1011.32745361328 1015.86376953125 1009.91766357422 1001.34710693359 1004.40087890625 1005.19055175781 1003.54956054688 1004.20147705078 1005.38604736328 1008.03277587891 1010.63165283203 1002.60369873047 990.262817382812 986.262573242188 996.3984375 998.281005859375 999.895629882812 1005.25762939453 1003.86444091797 1005.36779785156 1001.64727783203 1005.78204345703 1003.05859375 998.968566894531 1003.55090332031 1007.83984375 1013.91235351562
971.823669433594 963.8369140625 977.333190917969 982.6845703125 981.960998535156 991.10302734375 995.686767578125 1001.46343994141 1014.013671875 1010.24938964844 1008.06066894531 1000.88537597656 1006.94274902344 1013.53912353516 1015.53454589844 1012.78814697266 1024.14892578125 1025.7216796875 1016.52233886719 1015.38323974609 1020.78704833984 1013.52130126953 1015.46508789062 1013.94171142578 1011.92504882812 1007.06915283203 1004.47515869141 1005.77386474609 1006.16802978516 1001.13635253906 994.7021484375 997.993774414062 995.554138183594 1000.70227050781 1001.68206787109 1001.3408203125 1008.51446533203 1002.43914794922 1003.12677001953 1010.89343261719 1008.77532958984 998.350036621094 994.287109375 1003.42913818359 1011.19702148438 1015.30212402344
968.072814941406 963.768188476562 969.8369140625 977.596923828125 976.363525390625 983.453063964844 990.307006835938 1004.49676513672 1011.58905029297 1005.69152832031 1004.91833496094 1004.06268310547 1002.95660400391 1013.32470703125 1011.60955810547 1010.66131591797 1014.85168457031 1021.10186767578 1020.212890625 1028.81201171875 1016.47119140625 1018.34118652344 1019.94763183594 1016.68994140625 1021.16522216797 1019.66583251953 1015.95379638672 1015.20098876953 1009.72406005859 1003.06414794922 1008.79577636719 1005.28533935547 1001.24090576172 994.516784667969 1006.49310302734 1003.61853027344 1003.17150878906 1005.61676025391 1005.82336425781 1002.95306396484 999.781372070312 998.573059082031 1006.85717773438 1010.37213134766 1020.55560302734 1024.81079101562
966.812866210938 965.869384765625 976.566833496094 981.9033203125 975.829040527344 981.568420410156 983.685607910156 988.392456054688 998.847534179688 998.831420898438 993.05419921875 992.999755859375 1001.12384033203 1001.52362060547 999.413818359375 1003.40924072266 1022.16613769531 1022.30114746094 1026.73876953125 1034.02954101562 1029.49926757812 1028.63525390625 1016.29083251953 1020.13641357422 1026.04260253906 1023.63543701172 1019.61163330078 1016.36175537109 1015.35327148438 1011.62133789062 1008.41461181641 1006.78430175781 1003.76611328125 997.542297363281 1004.65087890625 1007.26959228516 995.096008300781 1004.94378662109 1003.13470458984 1008.99694824219 1001.86877441406 999.084777832031 1009.63848876953 1013.92486572266 1015.63385009766 1024.60229492188
972.877624511719 970.441772460938 979.250366210938 984.831787109375 980.377624511719 980.394592285156 987.316467285156 990.532775878906 1000.84515380859 996.666748046875 999.557312011719 1000.11639404297 994.697326660156 1000.43414306641 996.151550292969 1006.83142089844 1012.19897460938 1008.62530517578 1021.62872314453 1033.6650390625 1025.66418457031 1031.77087402344 1030.435546875 1022.61328125 1025.48364257812 1026.78649902344 1020.89971923828 1019.08062744141 1014.69024658203 1010.05895996094 1013.03991699219 1011.8603515625 1009.02520751953 999.263549804688 1004.81591796875 1003.609375 1006.43011474609 1007.13452148438 1002.22387695312 1003.59429931641 1001.22308349609 1003.1826171875 1002.12347412109 1005.35766601562 1006.33062744141 1015.72814941406
977.676818847656 973.402770996094 972.999694824219 986.182739257812 985.138000488281 978.913269042969 983.184509277344 981.809265136719 990.860107421875 1001.38171386719 1006.00305175781 999.50048828125 1000.10968017578 1005.38537597656 999.423278808594 998.401672363281 1000.564453125 1014.27331542969 1021.63922119141 1030.08190917969 1026.03405761719 1031.23034667969 1021.26361083984 1019.73388671875 1023.87384033203 1022.05560302734 1023.82348632812 1023.30541992188 1021.23675537109 1020.66278076172 1026.52722167969 1020.44995117188 1014.60083007812 1008.60626220703 1007.97186279297 1016.55120849609 1013.55517578125 1003.64440917969 1007.05517578125 1008.90661621094 1004.55999755859 1003.59814453125 1004.02648925781 1012.43572998047 1010.26751708984 1018.01019287109
