data/zlatibor_dem_simulations/DEMsim96.asc
NCOLS 150
NROWS 100
XLLCORNER 7394249
YLLCORNER 4841999
CELLSIZE 30
NODATA_VALUE -9999
[rows 60 to 79 of 100, columns 92 to 137 of 150]
972.109924316406 979.677185058594 981.026306152344 980.647338867188 970.22119140625 974.572387695312 977.133666992188 983.096252441406 982.124206542969 983.488403320312 987.698608398438 989.179382324219 989.055053710938 981.29736328125 978.51220703125 978.179870605469 985.344665527344 997.824401855469 998.8017578125 1002.86462402344 1009.14349365234 1003.67236328125 1008.28698730469 1012.72155761719 1004.96966552734 998.184875488281 988.872802734375 992.350036621094 996.314025878906 1003.91815185547 1010.28735351562 1013.42974853516 1017.90435791016 1018.80029296875 1019.18157958984 1029.5126953125 1029.21459960938 1030.57458496094 1038.69079589844 1036.21765136719 1044.61206054688 1045.51147460938 1061.43249511719 1057.70593261719 1058.05419921875 1052.47717285156
972.252502441406 972.127075195312 983.908813476562 976.76025390625 977.457214355469 976.19921875 975.587341308594 980.588684082031 968.258178710938 973.752014160156 975.1279296875 983.021423339844 981.488403320312 985.312316894531 985.814208984375 983.8310546875 990.43603515625 991.114440917969 1000.45129394531 1002.68719482422 1017.20520019531 1017.53759765625 1016.64404296875 1011.43676757812 1011.74719238281 999.853576660156 1001.52886962891 1011.19610595703 1009.81683349609 1007.42279052734 1011.66253662109 1012.09320068359 1013.46691894531 1020.8408203125 1021.35729980469 1024.88500976562 1033.49499511719 1030.37426757812 1038.3037109375 1046.28857421875 1051.88891601562 1046.20361328125 1050.18322753906 1051.15966796875 1053.24206542969 1057.07788085938
971.710327148438 970.634460449219 988.568115234375 990.640197753906 976.364379882812 975.409057617188 976.282409667969 979.664733886719 969.622741699219 973.770629882812 972.771118164062 972.946594238281 974.731201171875 986.981323242188 996.790893554688 987.72802734375 985.150085449219 999.769714355469 1015.86444091797 1021.98461914062 1029.51501464844 1032.18933105469 1024.25244140625 1014.00811767578 1018.1669921875 1011.02777099609 1003.23474121094 1009.96868896484 1012.12213134766 1012.7197265625 1010.04797363281 1009.76879882812 1017.48803710938 1026.02111816406 1033.13317871094 1037.20349121094 1040.37683105469 1040.33422851562 1045.53039550781 1046.17932128906 1048.0244140625 1045.95300292969 1043.58728027344 1044.09814453125 1044.16333007812 1043.25476074219
982.322387695312 976.84228515625 987.342102050781 982.115539550781 971.246704101562 974.217590332031 971.608764648438 976.730163574219 974.486145019531 971.807678222656 969.541381835938 983.649169921875 982.05224609375 984.536560058594 988.321533203125 989.868225097656 993.1875 1009.36889648438 1011.90417480469 1020.60699462891 1024.56689453125 1027.52209472656 1026.13525390625 1017.52752685547 1018.38128662109 1020.55255126953 1017.0556640625 1018.81988525391 1012.28399658203 1017.38122558594 1013.56909179688 1019.76831054688 1026.27819824219 1019.72198486328 1031.30297851562 1020.66906738281 1025.8896484375 1030.19677734375 1028.47509765625 1049.49914550781 1047.84643554688 1042.77331542969 1048.4453125 1046.03076171875 1038.4599609375 1035.82653808594
989.216247558594 979.81884765625 982.099914550781 979.655944824219 977.476196289062 970.704833984375 974.796325683594 975.691162109375 982.169860839844 972.833374023438 968.884582519531 976.6767578125 984.062805175781 989.85009765625 986.722290039062 992.111633300781 999.654479980469 1010.75665283203 1005.88305664062 1002.42700195312 1005.29388427734 1021.80297851562 1025.1015625 1015.14093017578 1016.12481689453 1025.26257324219 1025.37097167969 1012.72741699219 1021.02984619141 1022.89508056641 1022.35064697266 1008.17919921875 1019.09545898438 1023.05444335938 1014.57629394531 1014.2939453125 1016.05480957031 1019.22601318359 1024.517578125 1034.5927734375 1038.07373046875 1036.32507324219 1037.67529296875 1051.00891113281 1045.99682617188 1038.06188964844
981.383361816406 978.790954589844 984.073425292969 978.199401855469 976.423706054688 968.057739257812 973.448547363281 980.903564453125 976.575439453125 981.697021484375 974.36181640625 991.539001464844 984.552368164062 976.75634765625 988.371765136719 1005.40484619141 1011.08728027344 1010.10919189453 1007.931640625 1002.677734375 1008.94262695312 1017.96856689453 1015.08795166016 1014.66967773438 1024.51257324219 1031.291015625 1026.30786132812 1022.47875976562 1026.26513671875 1024.07214355469 1021.72381591797 1016.92810058594 1014.8837890625 1022.47552490234 1018.31011962891 1015.37835693359 1014.89312744141 1016.82794189453 1031.89599609375 1027.72485351562 1020.83520507812 1026.26013183594 1030.9658203125 1036.705078125 1045.01171875 1036.31640625
983.913391113281 980.421630859375 980.872131347656 977.713012695312 979.345520019531 966.205200195312 971.920104980469 981.765563964844 976.928161621094 978.057800292969 973.0087890625 982.497314453125 982.561218261719 983.702575683594 992.971618652344 1009.58435058594 1014.66143798828 1012.51422119141 1018.85546875 1013.02557373047 1022.91998291016 1020.74279785156 1019.36743164062 1024.06066894531 1031.8125 1035.45007324219 1030.65661621094 1033.93286132812 1032.232421875 1026.84265136719 1024.37219238281 1018.65380859375 1019.76623535156 1024.22680664062 1022.76586914062 1017.74224853516 1025.61547851562 1025.47375488281 1022.82202148438 1028.07629394531 1024.88806152344 1022.58941650391 1034.65344238281 1030.95422363281 1036.46337890625 1029.07849121094
973.309631347656 983.686462402344 984.786987304688 984.4921875 977.622802734375 973.701843261719 972.769592285156 983.264465332031 984.857360839844 983.162170410156 982.057250976562 981.680603027344 984.831787109375 989.094177246094 997.782287597656 1009.43920898438 1018.92645263672 1018.54211425781 1020.08416748047 1023.46789550781 1029.34509277344 1029.35803222656 1024.7607421875 1026.18786621094 1032.22607421875 1042.76232910156 1047.07434082031 1041.68151855469 1035.64416503906 1029.68249511719 1029.21032714844 1026.73657226562 1024.080078125 1028.44689941406 1022.10406494141 1031.74230957031 1027.83850097656 1030.36682128906 1023.6630859375 1023.89050292969 1028.00244140625 1027.53674316406 1035.89831542969 1031.40100097656 1037.27612304688 1023.89923095703
977.048400878906 989.609375 985.880310058594 984.546875 989.155517578125 978.372619628906 976.652526855469 983.349914550781 988.970031738281 991.282104492188 1001.45556640625 991.981567382812 987.909057617188 989.723754882812 1003.31774902344 1015.41387939453 1018.09637451172 1020.17877197266 1032.84814453125 1022.37933349609 1024.73620605469 1028.61450195312 1032.04431152344 1035.41552734375 1035.89709472656 1039.517578125 1035.31237792969 1038.68371582031 1041.27331542969 1030.00769042969 1023.16564941406 1026.79931640625 1032.14001464844 1025.30407714844 1017.67926025391 1024.22509765625 1032.10876464844 1035.81311035156 1028.03076171875 1026.30346679688 1033.8447265625 1036.45617675781 1034.05139160156 1033.4853515625 1026.91455078125 1024.57336425781
982.880310058594 988.040771484375 990.202209472656 982.133178710938 981.914123535156 980.971984863281 979.868347167969 988.022399902344 989.274230957031 995.759216308594 997.857238769531 999.491149902344 994.780151367188 993.573486328125 1002.57196044922 1009.28173828125 1012.25646972656 1023.78784179688 1029.34143066406 1031.98156738281 1041.47912597656 1037.61462402344 1041.72265625 1044.70288085938 1041.3779296875 1037.62414550781 1039.29516601562 1042.62719726562 1045.23791503906 1042.26379394531 1044.24938964844 1031.31469726562 1029.8037109375 1026.52819824219 1025.87707519531 1027.62609863281 1043.67565917969 1030.73876953125 1029.80285644531 1028.24633789062 1035.27880859375 1033.63110351562 1036.09753417969 1025.61267089844 1021.3271484375 1017.14758300781
989.494934082031 973.975280761719 987.042297363281 983.328491210938 995.898071289062 996.60693359375 994.364624023438 1001.02081298828 1003.62103271484 999.3681640625 999.599731445312 999.493286132812 1009.35418701172 1007.96099853516 1011.14080810547 1019.97320556641 1015.05859375 1020.20837402344 1026.33728027344 1039.02758789062 1038.64270019531 1042.87219238281 1042.52917480469 1037.61743164062 1044.08740234375 1043.14477539062 1050.61950683594 1052.28405761719 1046.39343261719 1041.02600097656 1039.52990722656 1042.25073242188 1036.22424316406 1025.10424804688 1021.51165771484 1018.62017822266 1038.00024414062 1038.37768554688 1035.50537109375 1042.23107910156 1039.07958984375 1040.99255371094 1039.36865234375 1036.25561523438 1025.29602050781 1029.35473632812
990.366516113281 983.423217773438 988.768188476562 986.317993164062 998.029846191406 995.345336914062 1005.58673095703 1009.52502441406 1005.97540283203 1005.03900146484 1002.90045166016 1004.68701171875 1011.25946044922 1006.34338378906 1025.97485351562 1023.62609863281 1017.52709960938 1019.45556640625 1029.43701171875 1029.69189453125 1034.20678710938 1031.70202636719 1036.349609375 1027.32653808594 1030.74768066406 1041.64807128906 1053.005859375 1047.70178222656 1046.16357421875 1037.09484863281 1038.33032226562 1044.82421875 1043.46337890625 1031.69677734375 1026.10070800781 1017.05548095703 1024.13793945312 1028.79296875 1031.19421386719 1042.36706542969 1040.33349609375 1046.70324707031 1045.35168457031 1039.83288574219 1034.34753417969 1031.06884765625
980.352661132812 990.931213378906 992.103454589844 992.423461914062 1001.40789794922 1011.62023925781 1010.99908447266 1006.58264160156 1000.46087646484 996.498840332031 1009.11663818359 1004.56506347656 1006.2998046875 1007.11999511719 1018.81201171875 1023.55163574219 1021.10473632812 1032.97570800781 1033.54748535156 1027.25085449219 1038.74682617188 1032.794921875 1031.97033691406 1028.34558105469 1034.23010253906 1039.31823730469 1039.97534179688 1044.66101074219 1039.93103027344 1031.58166503906 1035.34191894531 1039.89855957031 1033.45581054688 1031.50952148438 1026.75500488281 1016.41619873047 1017.12908935547 1012.86541748047 1024.62878417969 1031.56481933594 1047.10864257812 1037.32043457031 1039.66821289062 1040.84631347656 1029.55883789062 1027.4091796875
977.627136230469 983.885009765625 995.569396972656 1008.86761474609 1009.42022705078 1012.45367431641 1013.61291503906 1007.81286621094 1000.63092041016 1009.59069824219 1004.36120605469 1006.94567871094 1004.16625976562 1008.55340576172 1015.21960449219 1019.59716796875 1030.19738769531 1030.74731445312 1025.09582519531 1030.90173339844 1038.62707519531 1030.83532714844 1026.24755859375 1029.70544433594 1028.95263671875 1032.35290527344 1049.57141113281 1036.02087402344 1034.51281738281 1037.00317382812 1035.12646484375 1039.73474121094 1039.24963378906 1029.56665039062 1022.36407470703 1022.6396484375 1010.64025878906 1005.4248046875 1022.58947753906 1023.30523681641 1031.98303222656 1034.72143554688 1031.71447753906 1032.97973632812 1023.93115234375 1016.93048095703
984.981201171875 981.420288085938 981.008239746094 1000.62854003906 1006.21063232422 1015.3759765625 1013.14617919922 1000.60760498047 1005.14636230469 996.681213378906 999.384887695312 1004.36901855469 1006.15875244141 1009.859375 1023.87432861328 1021.27191162109 1026.98156738281 1023.73065185547 1023.71899414062 1026.95495605469 1030.82360839844 1040.96984863281 1028.42980957031 1022.54425048828 1018.09216308594 1017.68096923828 1038.33386230469 1031.57800292969 1034.76513671875 1033.41455078125 1031.11291503906 1027.33117675781 1027.76391601562 1025.61291503906 1010.91760253906 1014.25787353516 1004.93029785156 1006.55395507812 1015.02197265625 1014.765625 1024.83764648438 1024.78747558594 1030.27197265625 1014.30267333984 1023.81085205078 1019.47180175781
979.725219726562 979.3046875 972.7333984375 990.303588867188 999.384704589844 1009.44897460938 1015.71710205078 1007.99407958984 1005.04370117188 1002.68023681641 999.317565917969 1009.19287109375 1018.13006591797 1019.64337158203 1020.50677490234 1027.07055664062 1024.34948730469 1025.27270507812 1027.16674804688 1029.16479492188 1031.98840332031 1033.11108398438 1022.83331298828 1020.62701416016 1023.36492919922 1013.29949951172 1022.4345703125 1028.91723632812 1030.40380859375 1018.18756103516 1033.22229003906 1019.73162841797 1020.56744384766 1018.67028808594 1009.29272460938 1010.5380859375 1013.78491210938 1000.69451904297 1000.06555175781 1009.10656738281 1019.3564453125 1032.79968261719 1023.03875732422 1013.74298095703 1004.73443603516 1019.67474365234
990.514282226562 985.298278808594 984.938293457031 992.638916015625 994.126281738281 1002.00653076172 1007.23486328125 1007.69952392578 1002.99096679688 991.821044921875 1000.96697998047 1013.26794433594 1015.74426269531 1014.78106689453 1019.74505615234 1028.74267578125 1023.47515869141 1031.49157714844 1025.08020019531 1028.6845703125 1028.61340332031 1030.45446777344 1024.01843261719 1019.96405029297 1026.30944824219 1016.08068847656 1018.16174316406 1016.71606445312 1017.10723876953 1016.12847900391 1028.04919433594 1023.97058105469 1017.17108154297 1017.30426025391 1013.58190917969 1011.78442382812 1012.31549072266 999.94677734375 997.061401367188 998.479858398438 1003.52593994141 1010.36755371094 1021.50714111328 1012.24725341797 1000.85162353516 998.051025390625
988.589233398438 990.708618164062 989.065002441406 989.822509765625 995.884033203125 1009.37615966797 1012.15954589844 1003.79040527344 1005.99853515625 1008.32507324219 1010.24053955078 1008.21832275391 1011.56231689453 1015.28448486328 1014.76062011719 1021.77825927734 1020.52874755859 1028.76672363281 1024.26721191406 1021.76031494141 1022.98968505859 1022.61560058594 1031.89892578125 1024.51013183594 1015.21960449219 1017.28100585938 1022.53979492188 1012.45654296875 1012.41668701172 1019.115234375 1026.50158691406 1034.02600097656 1027.72814941406 1023.19067382812 1014.02044677734 1016.26513671875 1004.12976074219 1000.56176757812 995.623413085938 996.439025878906 1000.56048583984 1007.52978515625 1008.54205322266 1009.65179443359 1001.97985839844 996.024291992188
990.66845703125 988.368103027344 988.025939941406 997.573120117188 997.748962402344 1006.75183105469 998.744750976562 996.601806640625 1001.36053466797 1009.18408203125 1016.49505615234 1009.69708251953 1014.19671630859 1012.658203125 1018.61663818359 1027.02575683594 1018.57800292969 1033.39099121094 1032.02136230469 1026.14184570312 1031.06018066406 1028.69482421875 1030.90185546875 1032.93591308594 1020.27740478516 1025.88305664062 1030.76123046875 1013.83331298828 1019.11840820312 1022.54016113281 1029.33117675781 1026.76904296875 1034.27416992188 1016.72290039062 1008.84503173828 1012.18780517578 1011.77600097656 1002.27374267578 998.096008300781 990.230041503906 1002.23107910156 1010.39404296875 1004.10723876953 1003.89556884766 1002.22296142578 1004.49749755859
996.799499511719 991.313232421875 994.609130859375 996.955749511719 993.933532714844 1002.99829101562 1000.72271728516 995.853393554688 999.939147949219 1000.39764404297 1007.11224365234 1000.60961914062 1014.01397705078 1007.23291015625 1014.41430664062 1026.58679199219 1023.82720947266 1028.51684570312 1032.59167480469 1034.46203613281 1033.10083007812 1032.20886230469 1028.84411621094 1035.72448730469 1033.7841796875 1035.55908203125 1025.79809570312 1020.56372070312 1025.8203125 1024.50500488281 1023.70281982422 1025.52954101562 1019.61706542969 1016.162109375 1005.07385253906 1003.84326171875 1009.96105957031 1006.38677978516 1007.04797363281 1000.88452148438 999.111877441406 1005.55578613281 1005.11218261719 1002.91650390625 1004.06451416016 1001.50732421875
