data/zlatibor_dem_simulations/DEMsim30.asc
NCOLS 150
NROWS 100
XLLCORNER 7394249
YLLCORNER 4841999
CELLSIZE 30
NODATA_VALUE -9999
[rows 20 to 39 of 100, columns 92 to 137 of 150]
1004.86450195312 1010.85095214844 1023.58770751953 1018.23645019531 1006.46441650391 1015.05487060547 1016.81353759766 1021.53540039062 1018.97875976562 1019.45251464844 1006.44085693359 1004.76165771484 1007.42407226562 1001.05755615234 1005.01306152344 1000.34045410156 990.747741699219 975.746643066406 966.909301757812 962.119384765625 964.826171875 942.811584472656 939.640625 935.578063964844 933.693176269531 940.32275390625 945.48974609375 949.062805175781 957.461547851562 961.569396972656 976.919860839844 988.266418457031 994.14208984375 999.268432617188 1007.47027587891 1013.68255615234 1021.00396728516 1031.20837402344 1028.97692871094 1039.92065429688 1043.75646972656 1045.18823242188 1045.43225097656 1053.69799804688 1063.31677246094 1072.66748046875
1017.61431884766 1011.65509033203 1019.78430175781 1028.9638671875 1020.83746337891 1022.60180664062 1016.79296875 1027.33654785156 1022.52606201172 1012.65582275391 1010.91375732422 1008.43591308594 1004.03192138672 1002.39428710938 1000.0244140625 995.462829589844 989.043212890625 978.996765136719 968.639770507812 962.832885742188 954.033203125 948.518676757812 943.302673339844 941.747375488281 939.968017578125 946.014587402344 949.627624511719 957.146667480469 959.813537597656 972.0166015625 982.800170898438 989.160278320312 995.474365234375 1003.86248779297 1014.21020507812 1019.82397460938 1022.27783203125 1035.35290527344 1039.92883300781 1040.89196777344 1043.8759765625 1048.501953125 1038.18725585938 1051.96533203125 1060.07348632812 1076.29284667969
1021.89086914062 1023.16168212891 1030.57177734375 1030.73986816406 1027.32092285156 1024.88952636719 1024.29748535156 1027.41442871094 1021.99334716797 1009.02398681641 1012.49609375 1011.83038330078 1008.52032470703 1010.13317871094 1009.05322265625 1011.98394775391 992.260681152344 976.611083984375 963.71484375 961.834167480469 959.645751953125 948.385437011719 946.121337890625 943.768737792969 947.791076660156 951.699340820312 958.281494140625 954.821533203125 962.29833984375 969.585205078125 982.833312988281 996.368835449219 1003.45227050781 1011.87939453125 1021.04016113281 1023.34985351562 1028.36633300781 1023.39025878906 1032.69860839844 1047.23583984375 1050.56201171875 1045.42126464844 1043.75622558594 1048.5185546875 1055.4658203125 1063.78552246094
1025.97253417969 1031.66345214844 1032.45361328125 1029.84729003906 1030.51342773438 1031.85412597656 1030.63232421875 1016.85687255859 1007.40301513672 1002.62847900391 1006.67718505859 1010.83489990234 1004.09704589844 1020.92608642578 1015.79260253906 1010.46752929688 988.019958496094 972.706787109375 961.357299804688 955.5224609375 940.216125488281 936.138549804688 947.887145996094 954.789672851562 959.091918945312 952.117553710938 962.464538574219 974.63916015625 973.306274414062 981.102722167969 998.461120605469 1002.13751220703 1009.66729736328 1011.29077148438 1014.55157470703 1025.27099609375 1038.63256835938 1031.62451171875 1037.45874023438 1038.43225097656 1041.3154296875 1047.30395507812 1050.52404785156 1053.69982910156 1058.61755371094 1058.27185058594
1023.02716064453 1031.50854492188 1034.02124023438 1025.23327636719 1031.62951660156 1030.55224609375 1016.24676513672 1014.6943359375 1004.28717041016 1001.78125 1009.87841796875 1010.87310791016 1011.84417724609 1011.92779541016 1007.6591796875 1006.66027832031 992.339233398438 976.117614746094 963.683349609375 948.709045410156 938.162902832031 946.879333496094 955.801208496094 954.48388671875 955.563232421875 954.029541015625 970.038269042969 984.42822265625 989.685119628906 995.260131835938 1013.58837890625 1018.23364257812 1010.45629882812 1011.34533691406 1015.42565917969 1030.07531738281 1031.84912109375 1036.90075683594 1035.05004882812 1046.76843261719 1041.29113769531 1041.35119628906 1041.87170410156 1048.07373046875 1056.32751464844 1053.9814453125
1021.4931640625 1028.46508789062 1024.01440429688 1022.69647216797 1022.90484619141 1022.0986328125 1012.84973144531 1008.86700439453 1002.48272705078 994.314819335938 1012.40069580078 1006.66168212891 1010.48974609375 1014.79760742188 1013.17803955078 997.91845703125 982.91650390625 966.840515136719 958.230773925781 952.453796386719 942.549621582031 939.694458007812 950.203735351562 958.154846191406 964.897338867188 965.821533203125 974.13134765625 984.406372070312 997.121948242188 997.054931640625 1016.04150390625 1017.22680664062 1024.06201171875 1021.99176025391 1024.16137695312 1030.92236328125 1031.69458007812 1035.02380371094 1035.27270507812 1049.36999511719 1044.51867675781 1036.27233886719 1042.20288085938 1046.08325195312 1049.21350097656 1049.42175292969
1028.06005859375 1018.24432373047 1014.28887939453 1019.73260498047 1015.00061035156 1017.34503173828 1013.30615234375 1003.74987792969 998.53466796875 996.474060058594 999.535888671875 1003.60699462891 1008.74261474609 1005.07214355469 995.648132324219 980.22119140625 978.665161132812 970.516967773438 962.491760253906 951.738586425781 943.408020019531 943.689575195312 957.113830566406 955.416687011719 961.97021484375 965.024108886719 982.202392578125 1002.57019042969 1014.42639160156 1006.61682128906 1012.08721923828 1015.18591308594 1025.85412597656 1021.46807861328 1027.9990234375 1024.677734375 1028.7890625 1030.48974609375 1042.47326660156 1042.47827148438 1044.80749511719 1043.40649414062 1043.61254882812 1050.00964355469 1052.90954589844 1053.50891113281
1028.00915527344 1019.71173095703 1013.84155273438 1019.28948974609 1017.13543701172 1012.79858398438 1016.81085205078 1011.18310546875 997.489318847656 1001.63336181641 1005.95336914062 1006.0107421875 1005.89288330078 1002.69262695312 986.300842285156 990.233520507812 987.395935058594 971.751647949219 963.846313476562 955.698303222656 946.962524414062 947.319030761719 955.428588867188 953.318420410156 964.0869140625 975.138000488281 980.245056152344 995.833740234375 1003.38763427734 1011.63641357422 1014.07250976562 1023.80834960938 1022.92138671875 1016.11962890625 1030.27612304688 1026.14392089844 1020.09912109375 1031.00634765625 1031.59387207031 1034.66723632812 1040.87097167969 1041.0947265625 1035.4716796875 1045.11120605469 1044.83947753906 1050.03894042969
1029.1728515625 1023.14794921875 1015.24694824219 1010.85437011719 1010.25280761719 1018.62805175781 1017.41705322266 1003.5576171875 1007.46997070312 998.112121582031 1001.95886230469 1007.25982666016 1002.39154052734 1004.98712158203 987.331665039062 983.282531738281 981.721435546875 977.038513183594 962.403198242188 954.996887207031 947.367126464844 950.114501953125 955.078491210938 952.487854003906 956.021179199219 962.154052734375 974.610595703125 988.063354492188 998.381286621094 999.977111816406 1018.08129882812 1018.62530517578 1011.15350341797 1018.81652832031 1031.42736816406 1027.64184570312 1029.32055664062 1029.67687988281 1036.5966796875 1032.73388671875 1034.94689941406 1028.36865234375 1036.91491699219 1036.54284667969 1046.49182128906 1048.68432617188
1023.7978515625 1015.93731689453 1013.32012939453 1016.11572265625 1013.73046875 1013.15502929688 1009.91937255859 995.773681640625 1010.57952880859 1007.73193359375 995.409484863281 1002.56396484375 1002.36682128906 1004.83331298828 997.331481933594 994.131042480469 988.565856933594 975.914184570312 970.291137695312 962.104187011719 955.178833007812 948.143798828125 948.66259765625 952.745788574219 957.178344726562 964.691040039062 969.1484375 971.762634277344 986.597106933594 997.815490722656 1007.6376953125 1012.31414794922 1015.82598876953 1014.26312255859 1014.11334228516 1016.81939697266 1031.01831054688 1033.79333496094 1031.83557128906 1031.25927734375 1031.62744140625 1027.36071777344 1037.39196777344 1032.26220703125 1042.5166015625 1042.56372070312
1012.89868164062 1019.48809814453 1012.46563720703 1013.52380371094 1009.75701904297 1004.14440917969 1010.13653564453 1008.08044433594 1012.82904052734 1007.61163330078 994.886840820312 1006.21380615234 1005.90515136719 1000.60021972656 1002.55352783203 998.161437988281 984.827209472656 982.621643066406 971.802856445312 964.486572265625 954.292724609375 946.363159179688 952.941162109375 961.32470703125 955.955932617188 956.85986328125 960.986572265625 979.231506347656 986.010192871094 994.980224609375 1001.92462158203 1005.73937988281 1017.3505859375 1011.29962158203 1009.86199951172 1016.42248535156 1026.37756347656 1034.51574707031 1036.31018066406 1025.84460449219 1020.36938476562 1019.96142578125 1018.47149658203 1027.201171875 1039.05358886719 1037.90856933594
1022.14105224609 1022.31469726562 1016.00048828125 1015.24725341797 1011.43499755859 1005.13934326172 1004.57562255859 1009.66192626953 997.674499511719 1003.84588623047 1011.84716796875 1009.15759277344 1002.84765625 998.498107910156 994.801452636719 1000.09539794922 993.047973632812 989.680603027344 977.899230957031 961.089538574219 954.1865234375 947.533752441406 943.947570800781 954.047485351562 957.822326660156 966.364807128906 969.687805175781 973.671875 983.387817382812 1001.41796875 1004.63836669922 1006.41094970703 1018.64477539062 1022.583984375 1025.34448242188 1024.23388671875 1028.80029296875 1031.57250976562 1028.91662597656 1024.083984375 1017.35815429688 1016.48895263672 1014.00598144531 1020.46575927734 1029.36010742188 1035.23071289062
1024.67443847656 1019.83801269531 1012.8251953125 1010.58258056641 1006.80456542969 1011.86798095703 1002.05346679688 1000.36376953125 997.788818359375 1000.65570068359 1009.25238037109 1008.4013671875 1001.697265625 989.780883789062 992.273193359375 1005.64978027344 993.455200195312 981.132751464844 982.415954589844 971.697814941406 957.754638671875 947.252136230469 951.6591796875 957.129089355469 963.603454589844 964.850280761719 969.359375 979.954895019531 991.830871582031 994.438232421875 1002.17401123047 1009.87109375 1015.82250976562 1021.15795898438 1029.52270507812 1025.09680175781 1029.12890625 1027.93286132812 1029.36938476562 1019.97027587891 1014.07556152344 1012.21813964844 1018.38592529297 1019.50616455078 1025.55578613281 1028.46069335938
1018.75402832031 1020.52758789062 1017.09130859375 1009.44616699219 1006.69488525391 1015.42803955078 1008.14831542969 998.866271972656 999.280334472656 998.464782714844 999.259399414062 1006.53356933594 999.109008789062 984.991821289062 994.463745117188 997.408386230469 992.096618652344 985.316467285156 987.403015136719 987.054748535156 969.771057128906 965.63134765625 960.116882324219 966.367248535156 967.996887207031 965.146301269531 978.362121582031 982.636474609375 990.524475097656 1005.41107177734 1006.23199462891 1004.42901611328 1017.67810058594 1021.75305175781 1033.3916015625 1025.6142578125 1032.25866699219 1023.31115722656 1011.96002197266 1012.07385253906 1019.15985107422 1011.11669921875 1016.30145263672 1018.96203613281 1016.19598388672 1019.74578857422
1017.53875732422 1020.75140380859 1012.06427001953 1006.16766357422 1002.27215576172 1004.52593994141 997.925537109375 999.716735839844 998.298767089844 998.543823242188 997.935424804688 1002.80279541016 1001.72296142578 992.592041015625 996.908569335938 997.151306152344 991.825256347656 978.988098144531 992.405822753906 989.090759277344 985.048828125 983.798950195312 984.40966796875 969.649047851562 970.961303710938 967.910461425781 975.38134765625 982.389404296875 1005.41571044922 1010.27380371094 1010.76812744141 1015.86669921875 1020.8125 1022.78656005859 1032.44445800781 1024.84338378906 1027.09716796875 1022.38073730469 1011.33483886719 1014.39105224609 1008.25555419922 1018.46661376953 1018.14056396484 1014.01751708984 1022.33093261719 1017.24597167969
1010.14385986328 1012.67974853516 1017.51153564453 1010.01330566406 1003.04559326172 1003.60284423828 999.505920410156 994.472778320312 996.892272949219 992.378295898438 995.00927734375 998.730712890625 997.961853027344 994.03076171875 1005.40808105469 1002.79626464844 991.19921875 988.753967285156 991.734252929688 992.016662597656 998.894592285156 991.281372070312 985.221313476562 972.520263671875 979.491394042969 978.273254394531 973.658081054688 993.732727050781 1000.91540527344 1006.66394042969 1007.94122314453 1013.4423828125 1019.71801757812 1021.00305175781 1027.76684570312 1027.84069824219 1024.25476074219 1017.48022460938 1002.37048339844 1005.45495605469 1012.943359375 1014.12939453125 1017.06396484375 1014.70861816406 1018.37322998047 1026.03784179688
1003.95513916016 1007.41638183594 1007.38671875 1007.85021972656 1001.38861083984 997.25390625 993.812133789062 993.062072753906 988.863342285156 985.520690917969 989.470642089844 993.816467285156 994.590393066406 998.683532714844 998.241088867188 988.718811035156 990.58642578125 987.58984375 988.713073730469 993.579650878906 996.88720703125 996.457763671875 991.8955078125 987.043579101562 981.222412109375 984.974914550781 982.167846679688 992.563171386719 996.637634277344 1001.86181640625 998.875854492188 1007.84429931641 1004.41265869141 1009.62628173828 1014.19830322266 1017.12408447266 1011.57177734375 1014.04547119141 1016.04437255859 1014.60510253906 1015.07263183594 1014.86968994141 1017.00134277344 1017.38684082031 1017.32739257812 1022.69506835938
999.279113769531 1000.80224609375 1001.11688232422 1000.1015625 995.783630371094 994.936462402344 993.838439941406 982.295104980469 980.913391113281 981.776306152344 994.366577148438 998.231384277344 996.2294921875 1001.92071533203 1000.05676269531 993.137939453125 990.208312988281 988.738037109375 992.072143554688 1001.26080322266 1002.61309814453 996.877563476562 1002.095703125 989.465148925781 986.902221679688 995.415893554688 996.54541015625 997.582824707031 994.694396972656 992.2763671875 1001.46380615234 997.432312011719 1001.05157470703 999.246337890625 997.432373046875 1010.27307128906 1008.19616699219 1011.09558105469 1015.66912841797 1016.16625976562 1015.98748779297 1014.92120361328 1016.81658935547 1024.66711425781 1026.18859863281 1032.97985839844
1000.46508789062 990.740783691406 999.293029785156 1000.5166015625 1004.83361816406 996.853698730469 995.061279296875 988.783569335938 990.619445800781 987.4921875 994.718139648438 1002.60693359375 1002.40539550781 997.691467285156 1002.51885986328 1002.20404052734 990.7021484375 992.87060546875 995.173950195312 1000.92547607422 1002.04071044922 1002.19329833984 994.455688476562 1000.18780517578 989.965209960938 998.240844726562 1003.30651855469 992.542724609375 995.913818359375 992.822570800781 1003.97381591797 1000.47479248047 999.985778808594 1008.23797607422 1003.16821289062 1006.36724853516 1008.50573730469 1012.49255371094 1017.65783691406 1025.80029296875 1030.58544921875 1013.43377685547 1013.86120605469 1025.77416992188 1032.43994140625 1036.79455566406
994.498474121094 989.116760253906 994.997253417969 997.382751464844 995.9501953125 994.716430664062 991.171142578125 990.778198242188 990.639099121094 997.428527832031 998.149780273438 999.802124023438 998.520568847656 995.502014160156 994.812133789062 1001.48278808594 993.864624023438 992.055480957031 998.128540039062 1004.62817382812 995.885314941406 992.569763183594 997.144714355469 1001.36871337891 995.309997558594 994.927490234375 1003.79498291016 993.807495117188 998.742004394531 988.173278808594 992.649719238281 999.690856933594 1004.35375976562 1008.01025390625 998.651306152344 1010.61566162109 1013.15032958984 1018.08917236328 1021.771484375 1019.95367431641 1020.1005859375 1025.38989257812 1022.22314453125 1023.61059570312 1033.00939941406 1036.70690917969
