data/zlatibor_dem_simulations/DEMsim28.asc
NCOLS 150
NROWS 100
XLLCORNER 7394249
YLLCORNER 4841999
CELLSIZE 30
NODATA_VALUE -9999
[rows 40 to 59 of 100, columns 0 to 45 of 150]
947.304565429688 945.664184570312 952.2763671875 957.406188964844 960.816223144531 958.16943359375 953.524841308594 955.951904296875 957.017517089844 960.085205078125 963.023376464844 965.299133300781 971.151489257812 976.293334960938 985.820861816406 975.635559082031 971.728210449219 976.797424316406 993.065856933594 983.635192871094 973.381958007812 978.909545898438 968.527282714844 975.114074707031 980.002075195312 980.887756347656 979.569091796875 971.325866699219 966.092590332031 958.793579101562 976.426330566406 975.628295898438 971.628234863281 968.76220703125 974.10888671875 985.629150390625 987.452941894531 985.240173339844 986.099853515625 972.427062988281 974.302185058594 965.642028808594 968.752868652344 970.212097167969 972.552978515625 977.430297851562
945.648254394531 953.184997558594 955.77490234375 969.290710449219 965.228088378906 963.882080078125 954.499938964844 961.019958496094 960.354064941406 967.219604492188 960.872863769531 967.510131835938 960.054809570312 970.541809082031 983.068115234375 975.865417480469 973.541198730469 983.878356933594 993.885559082031 985.797485351562 980.557556152344 974.242980957031 969.33544921875 977.076843261719 974.949584960938 982.841552734375 981.768859863281 966.72021484375 965.558288574219 965.485900878906 975.140014648438 975.417053222656 976.52783203125 972.873168945312 979.080139160156 980.358581542969 983.647827148438 980.077392578125 977.837646484375 979.094055175781 976.976379394531 977.863647460938 967.839782714844 965.095336914062 975.102111816406 971.61181640625
950.545654296875 950.413940429688 960.5771484375 967.477233886719 966.583984375 964.62548828125 961.473205566406 962.406555175781 968.225952148438 972.503540039062 969.706665039062 974.007934570312 975.254577636719 974.330139160156 977.974609375 978.080383300781 968.199584960938 974.924987792969 982.791564941406 987.108093261719 987.235961914062 972.465148925781 969.336730957031 970.722351074219 970.976928710938 968.333618164062 971.081848144531 960.778686523438 965.556945800781 974.101745605469 977.399658203125 980.917541503906 975.384643554688 978.826904296875 975.887145996094 976.194519042969 974.184204101562 979.803527832031 973.619934082031 977.037414550781 968.507751464844 959.117980957031 967.955993652344 968.703063964844 967.788513183594 976.244506835938
943.278564453125 950.734375 954.162292480469 961.190185546875 958.17333984375 953.776977539062 958.878479003906 971.4462890625 968.42431640625 975.162170410156 973.403869628906 973.173950195312 970.827575683594 966.943298339844 971.810791015625 972.380737304688 973.548950195312 975.063232421875 976.952758789062 977.504333496094 979.694213867188 975.581909179688 973.281066894531 979.924499511719 980.506591796875 976.942810058594 975.153137207031 967.872985839844 974.359497070312 972.042297363281 977.083801269531 982.273742675781 978.763000488281 987.223815917969 987.165954589844 974.44189453125 979.89599609375 969.65380859375 970.79443359375 969.285888671875 969.26513671875 968.550354003906 966.042419433594 961.806579589844 967.526733398438 970.471496582031
946.007751464844 953.756530761719 943.894287109375 949.106079101562 951.755737304688 953.780639648438 953.87451171875 962.072326660156 963.017456054688 975.913513183594 977.603393554688 973.921081542969 967.548217773438 974.7841796875 969.077392578125 973.157592773438 982.088684082031 975.174133300781 975.557556152344 977.742614746094 972.860412597656 971.547546386719 973.755615234375 969.603942871094 964.5078125 963.042907714844 967.447448730469 971.190185546875 975.803405761719 978.571594238281 979.034423828125 982.336730957031 981.472839355469 981.197326660156 983.93994140625 980.102111816406 977.72705078125 970.834777832031 973.923278808594 961.236206054688 966.703063964844 966.645446777344 969.198974609375 971.127197265625 969.672607421875 967.131042480469
954.853576660156 953.207458496094 942.158874511719 951.154174804688 950.060363769531 949.297485351562 958.618469238281 961.481994628906 964.871765136719 971.908447265625 980.965759277344 974.766418457031 969.859375 966.498352050781 968.046691894531 980.887023925781 979.422180175781 971.225402832031 972.169860839844 980.044860839844 978.09765625 975.909301757812 972.201416015625 963.973693847656 963.921447753906 964.940002441406 975.381408691406 976.909301757812 971.207824707031 977.212707519531 978.858703613281 977.874206542969 974.933288574219 983.141235351562 977.178649902344 971.568054199219 967.426025390625 969.814697265625 966.753784179688 974.252624511719 975.494323730469 972.348571777344 970.130065917969 968.210266113281 966.542602539062 955.918518066406
955.6591796875 942.11767578125 945.103271484375 952.274841308594 955.865600585938 955.570129394531 954.435974121094 961.451721191406 970.084045410156 974.511779785156 978.263916015625 972.4453125 968.460815429688 972.729858398438 972.58251953125 980.728576660156 980.045288085938 983.173278808594 971.981567382812 972.869750976562 976.083312988281 972.63427734375 973.574157714844 968.262634277344 969.182373046875 979.231079101562 976.693237304688 976.867126464844 975.930908203125 976.5517578125 972.572631835938 978.217163085938 977.185241699219 972.552734375 973.702514648438 964.760070800781 963.810729980469 964.786865234375 962.672668457031 966.537658691406 971.92236328125 976.246948242188 968.142456054688 961.991638183594 962.703918457031 961.155090332031
957.681030273438 950.88330078125 946.992553710938 951.349853515625 956.897521972656 960.163818359375 966.606750488281 968.118896484375 972.192443847656 969.060607910156 975.354919433594 967.442321777344 976.495483398438 979.022155761719 978.306884765625 982.400268554688 983.219482421875 980.312561035156 970.719421386719 978.096313476562 965.389709472656 967.794128417969 966.388305664062 969.209228515625 974.82958984375 973.46923828125 974.322998046875 976.394653320312 974.748718261719 976.041931152344 983.010925292969 982.584777832031 986.31005859375 974.827758789062 965.007568359375 960.529968261719 957.751159667969 962.614379882812 968.318664550781 974.855285644531 966.301635742188 963.5048828125 969.109191894531 961.63427734375 967.556945800781 962.917907714844
951.044372558594 954.356384277344 959.099792480469 957.428283691406 960.60595703125 963.106811523438 972.575561523438 963.359130859375 971.572326660156 970.48291015625 974.419799804688 973.153442382812 984.011657714844 983.796813964844 976.329650878906 978.337463378906 982.539794921875 973.074096679688 977.607421875 975.573547363281 966.408935546875 971.995361328125 965.289306640625 966.925415039062 965.107666015625 963.126098632812 967.365356445312 963.458312988281 968.6767578125 971.165771484375 980.798706054688 980.338745117188 974.71044921875 976.445434570312 972.283874511719 959.59033203125 961.936462402344 969.727905273438 965.097900390625 975.428039550781 967.573486328125 962.38818359375 964.192626953125 956.969543457031 958.339599609375 957.277954101562
954.760681152344 954.427551269531 963.444396972656 959.817993164062 958.185485839844 965.212524414062 963.246398925781 971.097473144531 973.1884765625 970.426696777344 970.805908203125 972.638366699219 973.084838867188 976.6884765625 979.265502929688 977.9541015625 980.890197753906 976.608032226562 972.467529296875 979.48974609375 968.609436035156 971.509399414062 970.106750488281 961.790771484375 960.498779296875 955.437377929688 957.80078125 956.691650390625 963.016479492188 968.522338867188 975.000244140625 971.708679199219 968.211181640625 971.787231445312 972.432067871094 964.882141113281 960.406372070312 962.892272949219 956.160705566406 963.423400878906 969.793579101562 975.251831054688 969.870666503906 963.330322265625 963.312561035156 959.107666015625
953.602416992188 961.993713378906 959.169189453125 959.50634765625 962.99169921875 958.724609375 964.448974609375 970.873779296875 972.032775878906 974.8837890625 973.500793457031 978.182739257812 973.528564453125 976.676879882812 978.197265625 976.838134765625 986.888000488281 984.511291503906 986.981140136719 976.989624023438 981.663513183594 979.119079589844 972.837097167969 964.252746582031 958.044982910156 959.269775390625 959.231018066406 961.940612792969 973.364929199219 980.488525390625 971.409790039062 967.283081054688 964.070861816406 959.085205078125 960.794616699219 959.969360351562 958.2802734375 959.48828125 954.252380371094 964.441833496094 963.354675292969 969.032043457031 966.839416503906 963.402893066406 965.420837402344 956.238037109375
965.207580566406 961.081848144531 965.736877441406 971.441711425781 967.424133300781 965.211608886719 970.862548828125 974.379577636719 976.083312988281 971.274658203125 979.447692871094 972.1162109375 979.8935546875 979.585266113281 977.255126953125 982.805725097656 976.352478027344 978.263549804688 981.916320800781 977.683776855469 980.49853515625 978.85986328125 964.240173339844 958.117248535156 959.385498046875 960.145935058594 959.584350585938 964.936279296875 974.403686523438 969.751892089844 974.321899414062 967.95751953125 959.287414550781 954.453247070312 955.033020019531 955.277526855469 947.712890625 957.815185546875 963.963317871094 962.604675292969 955.232055664062 973.092895507812 974.721313476562 968.089416503906 967.666381835938 964.899047851562
960.882019042969 953.740173339844 964.657409667969 969.861694335938 967.454284667969 970.587097167969 978.3046875 982.133728027344 971.518432617188 976.327392578125 975.986755371094 976.823547363281 973.406311035156 981.025390625 981.861206054688 987.836059570312 971.910522460938 966.334289550781 976.669006347656 981.442321777344 979.163391113281 965.33447265625 959.418701171875 958.729858398438 960.127624511719 950.911804199219 958.980651855469 972.411926269531 970.687866210938 969.115661621094 973.10302734375 973.972961425781 966.384216308594 954.047058105469 959.614013671875 959.248168945312 957.446838378906 958.989440917969 957.760437011719 961.399780273438 951.392700195312 959.609802246094 971.178283691406 972.921203613281 970.164428710938 959.081787109375
965.391174316406 952.123840332031 961.107849121094 968.007629394531 969.465454101562 975.416320800781 975.611083984375 976.772888183594 977.185791015625 973.108337402344 973.797241210938 973.966552734375 977.512084960938 981.934204101562 987.994445800781 977.0068359375 973.801635742188 966.857849121094 971.508728027344 975.964904785156 975.94091796875 966.279235839844 964.423278808594 968.176696777344 967.310180664062 960.989379882812 959.969665527344 963.830932617188 962.925842285156 963.3701171875 972.340698242188 973.760681152344 967.244750976562 953.423095703125 963.177795410156 957.542602539062 955.067810058594 955.507202148438 959.501037597656 951.477233886719 961.705810546875 962.989196777344 965.749084472656 974.672180175781 966.289489746094 962.760070800781
961.104614257812 957.297546386719 956.95263671875 967.071228027344 970.050537109375 979.158264160156 975.440856933594 974.800537109375 972.52880859375 966.423461914062 971.249145507812 976.980834960938 983.450805664062 979.323486328125 974.203979492188 969.81689453125 979.165710449219 971.099182128906 970.471557617188 971.601135253906 963.949340820312 965.550415039062 956.809753417969 962.777709960938 966.481262207031 963.962829589844 961.017944335938 958.579650878906 964.031860351562 967.410827636719 965.412353515625 963.586547851562 963.818725585938 962.387817382812 966.879699707031 960.747802734375 962.917724609375 958.586669921875 960.418518066406 957.026977539062 959.467346191406 961.139953613281 974.618591308594 961.685852050781 955.557800292969 965.142578125
959.997375488281 962.276428222656 961.39111328125 966.243957519531 970.171264648438 976.068908691406 967.974853515625 965.56396484375 967.276062011719 962.133544921875 967.073120117188 973.760437011719 978.193176269531 986.049438476562 980.087707519531 980.013671875 973.106811523438 977.5498046875 967.84912109375 968.41455078125 966.657470703125 958.500122070312 959.196105957031 960.788208007812 960.81689453125 962.929382324219 960.363708496094 955.91650390625 959.376708984375 962.783508300781 964.603332519531 960.495300292969 957.708801269531 959.932922363281 958.338562011719 960.964599609375 955.624633789062 963.683837890625 961.475219726562 961.721008300781 965.264526367188 953.540100097656 964.858764648438 964.046020507812 961.080810546875 959.919494628906
960.461486816406 964.077575683594 971.284790039062 974.109252929688 975.883239746094 974.49365234375 971.148803710938 978.724731445312 975.302490234375 967.183349609375 963.983337402344 967.73876953125 963.732360839844 972.724914550781 975.227905273438 979.957214355469 970.610290527344 970.699523925781 971.885192871094 971.935119628906 966.371154785156 958.93017578125 968.147338867188 967.819641113281 959.218139648438 963.932250976562 952.465759277344 958.016723632812 963.585327148438 953.537963867188 963.287719726562 953.055786132812 950.462585449219 956.450500488281 965.635986328125 970.067138671875 966.760192871094 963.392517089844 962.435546875 967.292236328125 968.902526855469 958.153381347656 960.331481933594 955.4140625 955.993469238281 952.568420410156
957.12109375 954.740905761719 964.233337402344 970.847534179688 970.594177246094 962.830383300781 971.669372558594 964.377319335938 971.805419921875 962.252136230469 971.072631835938 959.419250488281 968.830627441406 979.745483398438 979.2353515625 969.95947265625 960.395385742188 964.263061523438 966.24072265625 961.203979492188 962.428344726562 962.433715820312 963.44482421875 958.497802734375 961.327819824219 959.851989746094 950.266052246094 952.075134277344 950.888244628906 956.487976074219 954.851623535156 951.294982910156 959.203491210938 955.861450195312 960.726135253906 956.10009765625 955.674987792969 960.638916015625 966.078918457031 960.368041992188 953.700622558594 958.580871582031 956.4404296875 955.047058105469 953.429504394531 953.017944335938
958.049194335938 960.363220214844 969.571166992188 967.241516113281 972.833740234375 967.645935058594 970.358703613281 971.182861328125 964.081420898438 961.568359375 959.052673339844 955.600036621094 966.978698730469 972.410888671875 972.62939453125 964.996948242188 962.084411621094 958.830810546875 974.368713378906 962.676452636719 957.887451171875 953.202331542969 953.24267578125 957.627685546875 955.176635742188 953.624816894531 956.116638183594 953.276123046875 950.383117675781 955.354431152344 951.938171386719 950.493713378906 962.417175292969 949.902709960938 953.244384765625 953.555053710938 953.286437988281 956.871398925781 953.713928222656 955.55224609375 951.102722167969 943.32763671875 950.2138671875 953.048645019531 954.7412109375 956.753540039062
957.3359375 957.086181640625 960.486999511719 963.06982421875 966.726928710938 971.004089355469 974.025573730469 964.336853027344 961.987731933594 962.538024902344 957.432922363281 957.693908691406 970.985961914062 969.171081542969 968.019287109375 967.765014648438 962.185424804688 953.928833007812 964.382690429688 961.188415527344 950.131408691406 953.376525878906 951.768127441406 957.048889160156 958.072692871094 958.522216796875 956.044738769531 949.103332519531 936.050109863281 948.441711425781 949.410583496094 947.630920410156 954.23583984375 954.299377441406 953.890747070312 946.00732421875 945.706848144531 944.907470703125 949.375549316406 946.664367675781 947.853149414062 949.36376953125 953.015869140625 948.601745605469 957.948181152344 969.454223632812
