data/zlatibor_dem_simulations/DEMsim45.asc
NCOLS 150
NROWS 100
XLLCORNER 7394249
YLLCORNER 4841999
CELLSIZE 30
NODATA_VALUE -9999
[rows 20 to 39 of 100, columns 0 to 45 of 150]
971.432006835938 970.343383789062 954.640686035156 956.956909179688 957.164306640625 963.896362304688 970.622619628906 979.672302246094 972.309692382812 967.401000976562 972.961669921875 965.61767578125 962.925964355469 963.666625976562 953.586547851562 965.382995605469 970.729736328125 968.774841308594 962.22607421875 971.788513183594 972.574645996094 977.737915039062 977.700073242188 979.969299316406 984.204833984375 997.291320800781 1009.51434326172 1011.08184814453 1013.70941162109 1018.75598144531 1020.11145019531 1020.24780273438 1019.55993652344 1011.30615234375 1012.37829589844 1014.61334228516 1013.08941650391 1013.96411132812 1006.65667724609 1016.36828613281 1018.95953369141 1020.95672607422 1029.2900390625 1033.43225097656 1031.31884765625 1022.43725585938
959.242919921875 962.471496582031 944.558715820312 949.398864746094 958.248779296875 966.001647949219 965.589782714844 959.777282714844 968.5302734375 969.811584472656 965.851623535156 966.025146484375 963.1201171875 962.115539550781 959.273986816406 959.013916015625 961.995239257812 966.480895996094 970.581420898438 971.825866699219 970.547119140625 980.031372070312 978.030578613281 973.662536621094 988.962036132812 996.858703613281 1006.11053466797 1011.55242919922 1011.07019042969 1013.13293457031 1024.78271484375 1012.80413818359 1009.74749755859 1011.65899658203 1013.16802978516 1017.07104492188 1010.05810546875 1022.02630615234 1019.08740234375 1006.55718994141 1004.94244384766 1007.85821533203 1026.16479492188 1027.39587402344 1021.87640380859 1005.89715576172
952.786193847656 950.691528320312 939.434875488281 945.364624023438 953.034545898438 962.251159667969 958.787658691406 950.16748046875 956.096923828125 960.380615234375 961.5791015625 954.620971679688 965.280334472656 962.9892578125 964.214172363281 961.686279296875 950.875 957.66357421875 968.313415527344 965.048767089844 964.234558105469 978.977844238281 985.115234375 986.6044921875 986.64794921875 1004.79333496094 1001.99090576172 1009.69836425781 1006.62939453125 1000.41754150391 1008.91546630859 1004.97198486328 1009.40930175781 1002.8994140625 1016.322265625 1019.89642333984 1023.71942138672 1017.87786865234 1012.06396484375 1009.97082519531 1014.01049804688 1015.46520996094 1019.05780029297 1015.51745605469 999.485717773438 999.136047363281
941.043701171875 942.495910644531 931.971862792969 944.804931640625 949.886108398438 945.154541015625 948.628845214844 951.9228515625 955.729919433594 953.412719726562 955.331970214844 949.957763671875 958.968933105469 961.833984375 961.735229492188 956.825988769531 952.588745117188 954.487854003906 965.982788085938 959.748291015625 970.095825195312 982.868530273438 984.139221191406 997.927856445312 1000.02941894531 999.443725585938 1001.59069824219 1001.56127929688 997.867004394531 999.205749511719 1003.2216796875 1005.45532226562 1002.28326416016 1010.80017089844 1017.72778320312 1016.61206054688 1021.87524414062 1019.91137695312 1015.05462646484 1009.91662597656 1013.49041748047 1004.74151611328 1015.68609619141 1014.94659423828 1008.10168457031 999.090393066406
953.476745605469 951.0205078125 941.30224609375 946.220520019531 943.579162597656 942.227966308594 942.849548339844 956.048889160156 956.941711425781 959.712341308594 963.92041015625 966.52880859375 976.748474121094 973.905883789062 971.623413085938 965.069763183594 963.405456542969 960.331420898438 970.653015136719 969.682373046875 978.113464355469 979.333557128906 991.263366699219 990.406494140625 999.033081054688 996.876037597656 996.902954101562 1000.13244628906 998.385314941406 994.137084960938 997.491027832031 998.885681152344 1003.71044921875 1004.18334960938 1014.10705566406 1019.05804443359 1023.99774169922 1018.919921875 1011.04119873047 1008.0654296875 1003.43444824219 997.97998046875 1006.49676513672 1005.91143798828 1002.79168701172 995.730773925781
951.237548828125 955.263977050781 947.241027832031 942.680847167969 941.402709960938 949.542236328125 948.19482421875 951.513793945312 959.348876953125 962.573974609375 970.907592773438 971.204406738281 973.8505859375 975.723937988281 990.036010742188 970.963195800781 965.292724609375 966.298522949219 961.115417480469 975.399536132812 986.367858886719 976.418273925781 993.927856445312 989.145385742188 995.032531738281 989.337829589844 995.244934082031 983.331115722656 992.832458496094 987.867980957031 988.647888183594 993.907592773438 1004.83526611328 1004.24572753906 1008.90563964844 1018.33843994141 1018.01812744141 1010.47430419922 1008.10235595703 1001.1591796875 1000.64428710938 1000.91290283203 994.844665527344 1006.71301269531 999.886901855469 999.637390136719
940.946411132812 948.55810546875 958.961181640625 957.340881347656 958.376953125 954.291076660156 953.199829101562 960.247802734375 960.973876953125 969.116149902344 966.734802246094 967.233093261719 972.142883300781 979.725280761719 981.526977539062 976.163330078125 963.748046875 963.844299316406 976.756958007812 978.797790527344 975.283630371094 978.672180175781 983.775451660156 988.596435546875 992.87109375 998.474182128906 991.529724121094 990.402282714844 997.301452636719 988.417907714844 999.379760742188 995.143737792969 1007.61853027344 1010.36737060547 1001.5380859375 1011.14630126953 1010.48724365234 1014.63659667969 1004.56140136719 1000.91644287109 993.993957519531 992.598205566406 988.171936035156 999.477478027344 1004.60015869141 994.970458984375
946.509216308594 956.203186035156 971.833129882812 963.4296875 962.622314453125 956.970397949219 957.814697265625 959.708557128906 963.627746582031 970.452087402344 969.930969238281 970.287902832031 973.200927734375 970.8603515625 976.303283691406 971.843627929688 972.194641113281 975.943298339844 970.145568847656 975.042724609375 972.167541503906 980.604675292969 987.23046875 987.781799316406 987.965637207031 989.203369140625 984.268005371094 985.969116210938 986.484497070312 987.257751464844 988.39404296875 997.210510253906 995.939453125 997.781677246094 989.932250976562 1002.36450195312 1003.94372558594 1000.95159912109 1008.80706787109 1003.56262207031 985.191040039062 989.072937011719 994.618103027344 992.450439453125 1001.23754882812 996.914916992188
957.463928222656 961.921936035156 966.666320800781 971.465454101562 970.609680175781 966.576293945312 961.22119140625 949.079406738281 970.779907226562 974.856201171875 976.327453613281 973.5341796875 977.947692871094 974.958862304688 973.51806640625 972.529602050781 974.728820800781 964.65869140625 969.413330078125 969.893188476562 982.186340332031 980.546569824219 983.137084960938 988.7978515625 989.067138671875 985.642395019531 988.664672851562 992.007080078125 987.221740722656 984.038452148438 988.011840820312 984.425903320312 997.135314941406 998.15673828125 995.751342773438 997.453125 995.096313476562 1003.05090332031 1000.15191650391 1002.55902099609 989.822814941406 992.121032714844 988.477905273438 985.700866699219 992.013977050781 994.803588867188
962.222778320312 968.03076171875 967.028442382812 968.972534179688 972.615295410156 963.842224121094 950.98486328125 954.451843261719 966.248474121094 977.075073242188 985.557067871094 977.833374023438 982.246643066406 985.775756835938 974.328979492188 970.053100585938 973.517639160156 973.85107421875 979.561645507812 985.493530273438 985.707092285156 985.444946289062 986.236206054688 988.901062011719 985.141967773438 993.576538085938 991.863952636719 995.630065917969 989.375 980.740417480469 979.878112792969 985.900390625 990.970703125 995.165161132812 995.145568847656 1002.55456542969 995.875732421875 986.615295410156 990.928771972656 987.368774414062 980.304443359375 999.840087890625 995.380981445312 997.322814941406 997.732055664062 998.809265136719
951.491638183594 956.397644042969 962.396789550781 965.795532226562 962.719848632812 957.25537109375 965.716430664062 962.814880371094 965.958435058594 974.579223632812 976.485900878906 971.82568359375 981.010192871094 983.186401367188 975.783813476562 980.591491699219 977.860961914062 978.223388671875 980.630065917969 980.481323242188 982.868225097656 984.317016601562 984.244384765625 984.95849609375 991.689208984375 985.979431152344 996.473266601562 992.131713867188 984.267395019531 976.0029296875 984.065612792969 990.831359863281 988.787231445312 990.264404296875 997.132080078125 998.832763671875 991.249755859375 987.104553222656 981.798156738281 975.792419433594 988.0908203125 990.958984375 987.712646484375 988.652404785156 989.053894042969 994.045654296875
957.519653320312 966.015441894531 967.344665527344 971.616394042969 970.87353515625 966.884216308594 961.330505371094 962.241455078125 971.306884765625 979.259582519531 978.482788085938 983.891540527344 985.484619140625 986.205871582031 974.195739746094 970.47705078125 976.545227050781 978.609985351562 984.234313964844 980.306457519531 985.479431152344 989.026672363281 982.658020019531 990.572387695312 994.691589355469 988.433532714844 989.131958007812 995.015197753906 988.419738769531 981.851379394531 987.706970214844 994.161315917969 989.397155761719 992.845458984375 990.249267578125 991.504516601562 991.030639648438 979.3212890625 972.596374511719 977.889038085938 980.849792480469 985.702514648438 991.436340332031 987.199584960938 981.585693359375 983.343078613281
960.874389648438 960.227966308594 963.20849609375 966.739074707031 982.14404296875 972.905822753906 966.338806152344 968.625793457031 975.435546875 985.1318359375 990.622253417969 987.622741699219 976.263916015625 976.322387695312 976.402465820312 970.620666503906 966.332214355469 978.662536621094 969.064514160156 977.524475097656 974.957824707031 987.3984375 980.3359375 990.782897949219 987.135986328125 985.207641601562 986.170654296875 1001.52508544922 988.015197753906 983.331909179688 978.7783203125 989.913330078125 997.88427734375 988.283935546875 987.448608398438 988.462097167969 987.997131347656 986.060546875 979.638122558594 983.725952148438 988.690856933594 997.364501953125 979.279602050781 983.864440917969 984.221862792969 982.431030273438
958.881408691406 965.308410644531 962.207580566406 965.277770996094 974.825317382812 976.041442871094 970.948425292969 969.56494140625 982.533569335938 981.848083496094 987.313171386719 990.916625976562 986.025451660156 974.973999023438 972.176635742188 974.589172363281 970.852294921875 975.59375 969.382019042969 968.164123535156 974.175537109375 979.833557128906 979.367736816406 984.291137695312 986.381469726562 986.969177246094 984.047058105469 992.162841796875 985.929809570312 980.2412109375 982.421142578125 993.721923828125 999.494750976562 986.356567382812 982.451599121094 990.892028808594 986.405090332031 971.220153808594 978.024780273438 982.272277832031 994.044372558594 996.82177734375 989.23974609375 987.540283203125 991.877685546875 981.518676757812
960.18408203125 963.408935546875 961.624877929688 963.320007324219 965.791748046875 971.115661621094 969.777465820312 966.255065917969 969.422058105469 976.074829101562 976.087341308594 986.322021484375 982.036010742188 983.120178222656 967.64453125 973.477416992188 975.510009765625 970.81640625 973.434387207031 975.027282714844 976.895629882812 983.612854003906 986.971984863281 999.05322265625 985.853942871094 984.468139648438 977.801208496094 982.448913574219 974.732666015625 977.272399902344 981.278747558594 987.308166503906 984.649108886719 982.601257324219 983.843627929688 986.059875488281 989.082824707031 970.350891113281 977.161315917969 978.876159667969 982.832092285156 988.637084960938 992.631042480469 991.756408691406 988.893188476562 975.885986328125
947.964782714844 960.28955078125 951.727600097656 958.453430175781 962.220703125 964.253295898438 962.559020996094 959.271301269531 966.867736816406 973.654357910156 972.413818359375 975.404479980469 977.677124023438 973.036071777344 966.94775390625 974.915832519531 974.986877441406 974.585876464844 978.553344726562 974.794494628906 976.665954589844 975.039306640625 977.457092285156 978.934936523438 984.372375488281 978.842590332031 972.460998535156 975.415954589844 972.842346191406 974.783752441406 977.844665527344 982.233581542969 976.299255371094 978.92333984375 974.372863769531 988.206115722656 983.776489257812 972.064514160156 978.754516601562 970.868408203125 983.589660644531 981.819396972656 985.980651855469 987.418640136719 987.76806640625 973.786376953125
955.64697265625 954.640380859375 960.8564453125 966.05322265625 967.356811523438 970.356628417969 967.889953613281 969.027221679688 966.992370605469 969.025939941406 984.677368164062 976.743713378906 976.220581054688 970.926330566406 966.965148925781 965.27734375 977.560852050781 976.595581054688 974.545715332031 978.661804199219 984.787048339844 989.148010253906 989.515869140625 981.647155761719 977.455505371094 975.923889160156 984.381958007812 975.225158691406 965.990600585938 971.291870117188 971.684753417969 978.057067871094 976.087341308594 978.952453613281 975.969421386719 985.170166015625 979.614013671875 974.862731933594 980.051513671875 978.751098632812 974.809936523438 972.219543457031 969.6630859375 980.127990722656 985.365112304688 983.197570800781
956.704162597656 954.308898925781 961.752807617188 967.158264160156 956.198181152344 963.314880371094 972.21875 979.732116699219 973.488098144531 976.867858886719 979.995971679688 979.80419921875 972.476379394531 967.374084472656 967.919921875 965.427673339844 978.113647460938 979.613525390625 974.262451171875 981.245910644531 992.672973632812 982.543334960938 982.370788574219 984.254089355469 973.575317382812 974.27587890625 978.052307128906 974.476928710938 976.987121582031 977.559814453125 974.147399902344 977.32080078125 979.662658691406 974.353515625 971.646057128906 973.828857421875 980.648803710938 981.027954101562 987.57470703125 979.330932617188 976.610656738281 967.8955078125 970.032287597656 975.798767089844 976.452697753906 985.569885253906
950.779418945312 956.723693847656 964.735168457031 961.905883789062 959.083984375 969.1064453125 974.127990722656 969.076904296875 966.339233398438 975.431884765625 980.75732421875 971.609008789062 977.621887207031 975.136169433594 963.725524902344 968.604797363281 969.538635253906 978.408386230469 980.529174804688 981.230773925781 982.771789550781 981.495483398438 979.603942871094 978.644165039062 972.220397949219 964.996154785156 975.313415527344 978.085327148438 977.271240234375 982.986389160156 974.232360839844 979.589965820312 980.433410644531 995.119323730469 984.796020507812 975.735412597656 974.877258300781 983.497192382812 990.245666503906 971.424011230469 974.65283203125 975.91845703125 969.12744140625 970.861877441406 972.49169921875 981.654174804688
946.556518554688 962.675659179688 957.366333007812 963.719055175781 960.999572753906 972.101440429688 972.654357910156 972.887573242188 962.3388671875 970.081176757812 976.289794921875 973.039001464844 971.856567382812 975.457336425781 966.382446289062 978.439575195312 977.966247558594 969.984130859375 977.385192871094 982.539978027344 983.209106445312 983.175842285156 979.419738769531 981.111999511719 968.848388671875 965.824462890625 974.177795410156 974.041198730469 973.589538574219 976.932006835938 970.618713378906 981.688232421875 986.081237792969 993.425903320312 988.530456542969 980.226135253906 983.495544433594 984.459289550781 992.427490234375 976.8779296875 970.021423339844 973.086608886719 971.583740234375 976.013122558594 977.489318847656 967.698547363281
