data/zlatibor_dem_simulations/DEMsim70 (1).asc
NCOLS 150
NROWS 100
XLLCORNER 7394249
YLLCORNER 4841999
CELLSIZE 30
NODATA_VALUE -9999
[rows 60 to 79 of 100, columns 0 to 45 of 150]
964.45849609375 957.134155273438 947.236511230469 952.866149902344 967.270812988281 974.277221679688 970.468017578125 968.891418457031 977.786682128906 966.906372070312 955.183288574219 955.329467773438 962.448547363281 965.163757324219 962.703369140625 958.231262207031 958.979309082031 971.168518066406 973.233154296875 962.241027832031 960.003112792969 963.976501464844 957.775451660156 958.059753417969 948.301025390625 948.427673339844 943.532958984375 947.364501953125 938.436340332031 945.170043945312 953.794494628906 957.846374511719 961.575500488281 952.097839355469 948.662536621094 946.074340820312 949.703857421875 954.930114746094 952.359497070312 952.544189453125 947.737976074219 956.787963867188 955.368347167969 953.5888671875 956.683288574219 947.373901367188
964.11865234375 949.631591796875 950.756408691406 957.394897460938 969.29541015625 972.393737792969 976.631652832031 974.777893066406 968.422546386719 958.20849609375 949.695739746094 947.766479492188 957.413024902344 965.211181640625 953.878967285156 960.361938476562 968.806396484375 964.403259277344 964.974609375 965.45068359375 959.285949707031 967.513854980469 961.135925292969 962.169494628906 957.994506835938 950.640380859375 948.082702636719 938.909362792969 948.446838378906 961.444763183594 958.732360839844 941.625183105469 952.869384765625 949.120483398438 947.258056640625 948.879699707031 953.863403320312 951.710754394531 957.039916992188 958.978759765625 943.747131347656 948.770080566406 954.672119140625 950.234619140625 953.302551269531 951.465759277344
947.51611328125 947.972534179688 954.019409179688 959.229553222656 971.660034179688 971.593566894531 968.091125488281 974.758544921875 966.809387207031 961.852294921875 957.794921875 943.446044921875 949.220031738281 949.906311035156 956.485717773438 959.749267578125 958.212768554688 953.672973632812 955.201293945312 967.28173828125 961.732788085938 962.490051269531 962.28564453125 962.263488769531 950.927062988281 949.463073730469 948.474609375 944.345336914062 959.525329589844 948.349243164062 952.912231445312 949.977478027344 950.001525878906 943.973022460938 942.222106933594 945.951110839844 949.988647460938 951.419006347656 948.011962890625 947.536254882812 945.523193359375 942.209350585938 949.840087890625 958.8701171875 968.92138671875 962.992614746094
952.114990234375 947.486389160156 955.426208496094 954.767517089844 961.608520507812 970.191650390625 963.472717285156 971.528930664062 968.911071777344 958.657653808594 954.861206054688 948.283020019531 939.467224121094 933.59765625 949.186706542969 947.423583984375 956.170593261719 948.38330078125 945.514709472656 960.612609863281 953.855834960938 961.839782714844 957.686462402344 957.482543945312 950.173950195312 944.483154296875 949.540161132812 955.110961914062 958.720092773438 943.886962890625 936.4833984375 943.511169433594 949.453247070312 935.7568359375 943.640563964844 948.899841308594 960.478637695312 951.220031738281 949.436340332031 945.668701171875 945.63134765625 950.111145019531 954.617736816406 961.053405761719 969.12451171875 967.004760742188
951.968200683594 952.760925292969 954.132141113281 956.496276855469 955.125549316406 958.09814453125 963.954467773438 966.505859375 961.070007324219 963.398254394531 952.7666015625 955.7021484375 941.774658203125 941.346069335938 947.804870605469 946.811584472656 941.620422363281 941.481079101562 942.234375 957.406921386719 954.781127929688 956.333679199219 947.776306152344 955.710144042969 946.036437988281 942.390869140625 944.215026855469 948.151977539062 944.943237304688 947.50439453125 937.536071777344 937.261352539062 937.303527832031 949.425720214844 946.0185546875 951.246215820312 961.327392578125 956.83251953125 951.126525878906 955.154357910156 951.464477539062 954.836486816406 956.286376953125 957.776489257812 974.725341796875 972.971008300781
951.086791992188 950.483825683594 955.900268554688 961.386596679688 962.30908203125 952.068786621094 958.894714355469 964.32275390625 953.94921875 961.218688964844 956.8330078125 960.013671875 949.016174316406 941.259216308594 946.878295898438 945.643249511719 941.772155761719 941.507568359375 938.322204589844 945.571472167969 949.271789550781 948.603515625 948.059387207031 940.8173828125 940.601928710938 942.954162597656 932.817138671875 943.79052734375 936.551696777344 940.514770507812 945.255615234375 944.788696289062 948.108581542969 954.170227050781 961.9326171875 948.966796875 949.356323242188 955.673156738281 958.63623046875 952.916870117188 952.110900878906 961.605590820312 958.434814453125 966.455322265625 976.505310058594 975.678100585938
948.362121582031 952.811401367188 965.461059570312 960.284851074219 964.737670898438 957.802551269531 960.415649414062 956.313659667969 950.00244140625 954.899108886719 961.099609375 958.338317871094 955.229309082031 941.867980957031 938.332092285156 936.754028320312 939.871887207031 944.565612792969 939.931335449219 941.781127929688 952.155822753906 955.683959960938 948.959350585938 945.441467285156 945.077026367188 946.716247558594 943.955383300781 949.145446777344 953.342468261719 951.672058105469 951.701904296875 947.415161132812 951.790710449219 954.277648925781 954.998352050781 959.839965820312 947.654724121094 946.112060546875 951.503540039062 950.969665527344 948.030639648438 959.9052734375 959.97607421875 971.794067382812 983.340881347656 984.06005859375
963.140380859375 960.54345703125 960.464416503906 960.98388671875 954.037841796875 956.855834960938 954.851623535156 955.463989257812 950.558837890625 942.045104980469 947.7529296875 951.855651855469 952.751220703125 943.226989746094 942.88134765625 937.044616699219 946.727966308594 950.321044921875 942.864196777344 947.340393066406 950.390686035156 953.634460449219 949.258972167969 953.946411132812 950.404602050781 953.681335449219 947.913024902344 952.983703613281 956.702087402344 956.817077636719 962.942993164062 962.280090332031 960.854370117188 940.445190429688 952.526916503906 956.013122558594 960.511108398438 961.972534179688 956.289367675781 945.543212890625 945.893432617188 958.181030273438 967.690002441406 971.292785644531 977.9130859375 978.635314941406
960.708374023438 958.942077636719 960.471862792969 950.695007324219 957.826599121094 946.746520996094 950.633972167969 945.745971679688 943.619201660156 943.589660644531 944.567443847656 945.943176269531 943.662963867188 948.202819824219 943.901000976562 952.521667480469 955.384704589844 955.206848144531 958.138732910156 955.068054199219 948.511901855469 963.069641113281 962.909057617188 967.390197753906 972.751892089844 962.3134765625 959.217712402344 954.845581054688 955.065979003906 963.599426269531 969.561645507812 972.205749511719 956.485412597656 949.727111816406 958.110290527344 955.054504394531 955.182678222656 953.254211425781 956.135375976562 949.858337402344 948.940612792969 955.379211425781 963.228515625 972.257080078125 977.94873046875 976.437927246094
952.924255371094 958.149963378906 949.812377929688 947.195678710938 952.469421386719 955.44873046875 944.325073242188 938.15234375 939.981994628906 947.899841308594 938.71630859375 939.225891113281 949.086608886719 948.13525390625 951.274353027344 957.560607910156 960.263488769531 958.402648925781 956.082641601562 957.595947265625 955.988342285156 963.372802734375 978.335021972656 972.909973144531 974.041625976562 965.740112304688 958.858642578125 958.374572753906 960.260864257812 973.841003417969 966.501220703125 963.923889160156 953.086791992188 954.195434570312 956.903198242188 959.920654296875 966.789428710938 962.353332519531 958.478698730469 961.129577636719 958.336853027344 963.030578613281 964.026916503906 982.5400390625 977.398010253906 978.200500488281
956.069641113281 939.300598144531 939.619018554688 940.982055664062 942.747375488281 946.204467773438 951.029174804688 936.834594726562 944.007019042969 940.046569824219 937.721252441406 940.546569824219 958.341369628906 963.192626953125 956.492614746094 957.7333984375 966.566284179688 958.505981445312 959.938903808594 963.987548828125 964.808532714844 964.700378417969 974.198547363281 981.416625976562 975.098449707031 974.736328125 964.153015136719 970.631713867188 968.66357421875 972.122497558594 968.947021484375 963.382934570312 963.809814453125 960.401733398438 964.228576660156 965.376403808594 963.558227539062 962.6845703125 970.821044921875 970.012268066406 962.230407714844 962.073608398438 972.203430175781 972.89404296875 979.9052734375 989.161437988281
952.916687011719 941.517883300781 932.509521484375 938.689270019531 938.577575683594 938.892150878906 935.639221191406 931.086120605469 929.76123046875 934.234436035156 942.661804199219 947.243347167969 961.732849121094 966.124816894531 969.902526855469 959.911987304688 965.793884277344 962.491638183594 960.226806640625 964.084838867188 965.5263671875 968.100830078125 975.873657226562 974.38623046875 978.98291015625 974.802856445312 973.996337890625 968.988464355469 961.033752441406 966.3623046875 977.13037109375 972.414428710938 967.038330078125 962.695678710938 966.87451171875 975.292846679688 968.890869140625 969.436950683594 978.747314453125 980.151184082031 969.709533691406 973.875 971.873962402344 977.470642089844 973.450439453125 986.861511230469
951.189636230469 946.135192871094 943.489196777344 932.258911132812 935.767761230469 939.315307617188 942.307983398438 932.507141113281 933.261840820312 934.311340332031 937.257995605469 946.326354980469 960.082397460938 964.746154785156 967.938293457031 966.60546875 969.8251953125 963.082763671875 965.454650878906 961.483642578125 967.388916015625 971.760559082031 975.461181640625 978.1962890625 980.369262695312 970.667846679688 971.974304199219 972.519409179688 964.293823242188 969.770629882812 975.02392578125 975.894653320312 963.924194335938 966.286865234375 972.099487304688 971.421081542969 974.218688964844 978.291625976562 974.314880371094 979.305847167969 976.671997070312 975.1015625 973.682495117188 975.588623046875 981.836181640625 989.403564453125
951.121459960938 948.755126953125 937.032592773438 931.782287597656 931.679870605469 933.702331542969 939.613342285156 945.883178710938 939.462280273438 938.820678710938 946.985412597656 949.403137207031 966.29248046875 969.273010253906 971.33837890625 959.984802246094 964.5 969.014221191406 965.57861328125 963.58056640625 970.096862792969 983.040161132812 985.134826660156 991.574035644531 990.402648925781 985.235290527344 981.054077148438 977.371948242188 966.557739257812 969.97412109375 967.084045410156 965.917358398438 966.415710449219 966.36767578125 977.064270019531 980.080261230469 980.313354492188 972.283264160156 968.32763671875 978.7275390625 978.518127441406 981.213989257812 982.695434570312 977.294372558594 983.411071777344 990.778259277344
958.232604980469 955.83349609375 943.566955566406 933.256408691406 934.837707519531 936.853088378906 935.087219238281 939.485534667969 941.995971679688 947.606140136719 947.294250488281 961.852172851562 962.034423828125 977.19775390625 979.981506347656 962.307983398438 959.101440429688 972.393615722656 975.522277832031 969.597595214844 978.545471191406 980.847473144531 992.851501464844 987.115417480469 989.745910644531 983.626403808594 988.140930175781 996.646484375 982.201232910156 967.033874511719 974.314453125 976.009216308594 970.119689941406 964.020202636719 971.895568847656 977.549377441406 975.325256347656 972.921508789062 982.734375 982.744018554688 986.772338867188 983.409790039062 980.15869140625 977.913757324219 985.759643554688 986.768371582031
960.426818847656 953.7431640625 944.678833007812 939.273864746094 941.4130859375 936.629516601562 935.851501464844 940.419677734375 938.848449707031 949.626098632812 955.931945800781 957.63037109375 973.152038574219 976.292236328125 982.816345214844 975.418273925781 970.041198730469 972.33056640625 976.252807617188 970.284729003906 982.534423828125 989.250610351562 990.554016113281 998.982177734375 985.156860351562 984.438354492188 986.774963378906 989.768737792969 983.188232421875 967.926147460938 974.636535644531 974.030822753906 972.982238769531 971.183349609375 976.533203125 987.831420898438 987.47607421875 985.414489746094 990.498657226562 996.487365722656 987.682495117188 986.562438964844 986.231018066406 987.190612792969 988.104675292969 992.914916992188
953.774353027344 951.793762207031 937.071105957031 937.60888671875 943.987487792969 944.126159667969 941.633422851562 936.500549316406 942.510070800781 947.719787597656 957.080749511719 969.675476074219 974.123352050781 974.413757324219 972.315246582031 979.548767089844 977.035766601562 983.854736328125 978.602416992188 978.416259765625 981.645690917969 993.641052246094 1000.29833984375 999.77490234375 986.418701171875 991.658325195312 986.01953125 977.497985839844 980.251953125 964.103820800781 968.234985351562 974.737854003906 971.402282714844 973.907348632812 980.371643066406 986.318237304688 993.266174316406 992.403747558594 996.632019042969 996.622863769531 995.696228027344 989.169555664062 998.318176269531 1001.60247802734 1000.65942382812 1003.24841308594
957.047973632812 948.308410644531 941.462585449219 932.344543457031 930.160217285156 930.758422851562 933.99853515625 939.619506835938 942.015808105469 957.825134277344 956.016845703125 968.290344238281 972.356750488281 969.612854003906 966.728393554688 976.289672851562 980.257507324219 986.241577148438 973.405700683594 979.669738769531 980.125427246094 994.015258789062 991.384094238281 993.259094238281 987.930786132812 986.431701660156 989.946533203125 982.684753417969 971.052612304688 977.304382324219 967.285034179688 970.121276855469 976.965698242188 979.156433105469 984.560424804688 993.172241210938 991.873779296875 987.908935546875 1001.59783935547 999.253967285156 997.864868164062 994.250244140625 998.247192382812 1004.40582275391 1008.94586181641 1005.34411621094
959.551147460938 953.710327148438 943.412292480469 933.824340820312 933.583190917969 935.335754394531 936.287536621094 939.511352539062 949.598937988281 958.120422363281 962.132263183594 968.034301757812 969.422424316406 965.37109375 970.951171875 981.251770019531 984.240966796875 977.371520996094 981.89501953125 980.246032714844 983.521911621094 988.080871582031 989.022399902344 1001.59692382812 994.424560546875 992.558349609375 993.403015136719 995.900024414062 983.590454101562 976.442443847656 982.364929199219 980.857482910156 980.445922851562 982.527587890625 987.166137695312 990.541687011719 999.127258300781 988.921142578125 995.11279296875 996.86279296875 996.690734863281 993.649230957031 992.265014648438 1005.97686767578 1006.55548095703 1008.92346191406
951.991577148438 948.777038574219 952.803833007812 945.256408691406 935.660827636719 936.572143554688 938.502563476562 944.337646484375 953.90478515625 955.013488769531 966.005615234375 970.44189453125 962.779418945312 966.290710449219 975.000610351562 988.337280273438 980.842224121094 981.009399414062 974.690734863281 967.037231445312 979.64111328125 992.1328125 983.701599121094 988.959350585938 999.133911132812 1002.17547607422 991.481872558594 997.634460449219 988.577331542969 981.114807128906 987.314086914062 981.251647949219 981.651550292969 981.895874023438 989.244018554688 983.511535644531 985.102844238281 987.861389160156 995.099304199219 997.02001953125 998.071899414062 1001.67144775391 990.545227050781 996.835876464844 996.406494140625 1006.08526611328
