data/zlatibor_dem_simulations/DEMsim68 (1).asc
NCOLS 150
NROWS 100
XLLCORNER 7394249
YLLCORNER 4841999
CELLSIZE 30
NODATA_VALUE -9999
[rows 0 to 19 of 100, columns 92 to 137 of 150]
938.250427246094 929.651062011719 918.752136230469 906.916931152344 901.519592285156 887.383911132812 887.919372558594 882.730529785156 888.088195800781 871.201965332031 864.428833007812 858.073974609375 862.455932617188 853.296752929688 853.898010253906 855.180358886719 863.512451171875 870.172058105469 878.756591796875 887.769836425781 886.455505371094 894.145141601562 906.752624511719 911.6181640625 914.957275390625 917.320190429688 927.634338378906 932.537536621094 934.182312011719 932.812805175781 935.951904296875 940.565368652344 947.811462402344 962.152038574219 966.962158203125 966.160522460938 970.977111816406 983.327026367188 990.119140625 1004.78778076172 1009.81091308594 1020.18237304688 1035.48095703125 1039.40893554688 1047.45422363281 1058.99194335938
934.270812988281 927.240478515625 909.412841796875 906.133361816406 896.182495117188 884.279541015625 882.870178222656 888.156372070312 895.911437988281 877.649291992188 862.889282226562 857.338745117188 856.701354980469 866.5283203125 859.36572265625 859.194519042969 854.735778808594 865.990051269531 876.378784179688 881.505126953125 880.5888671875 886.831848144531 893.471862792969 907.783630371094 914.846618652344 913.110473632812 919.546325683594 937.741760253906 934.399230957031 933.8232421875 933.859802246094 940.523010253906 943.745727539062 951.663696289062 952.927917480469 958.610229492188 970.611877441406 981.755432128906 1000.17291259766 1005.43951416016 1007.31811523438 1020.57073974609 1034.97192382812 1042.51916503906 1059.20959472656 1067.84838867188
932.927917480469 922.758239746094 906.306274414062 902.119018554688 886.314086914062 876.734008789062 885.147094726562 886.851867675781 892.2197265625 880.542053222656 861.738342285156 860.999633789062 866.478942871094 870.938537597656 864.323608398438 857.3134765625 861.661743164062 865.590759277344 875.148010253906 878.060791015625 877.711791992188 887.481079101562 892.12548828125 908.141540527344 916.084045410156 920.473388671875 922.501403808594 929.987121582031 945.029663085938 937.507446289062 938.153991699219 937.881042480469 944.160095214844 948.675659179688 952.795959472656 960.947448730469 974.331909179688 983.328002929688 997.839904785156 1007.970703125 1010.77624511719 1016.57019042969 1030.39880371094 1044.42407226562 1055.212890625 1064.50280761719
929.08203125 918.919067382812 910.118835449219 900.199890136719 890.293884277344 876.185119628906 885.071472167969 882.153076171875 887.055908203125 883.244079589844 875.416259765625 874.674377441406 875.751098632812 868.797668457031 868.909362792969 865.628295898438 862.733581542969 869.478271484375 869.748046875 871.907409667969 883.381469726562 888.678283691406 898.252014160156 911.327026367188 905.304260253906 913.085266113281 922.131408691406 924.021484375 939.860168457031 939.645751953125 937.155029296875 935.888671875 939.38134765625 952.271728515625 957.7236328125 969.273132324219 981.29638671875 988.539855957031 994.1474609375 1010.15106201172 1011.79827880859 1014.43157958984 1025.61889648438 1043.10900878906 1056.65832519531 1072.77380371094
925.439147949219 913.303283691406 911.976928710938 890.951293945312 890.113220214844 883.40234375 883.191101074219 888.323425292969 876.073059082031 881.583557128906 878.702697753906 877.8603515625 872.401062011719 864.673767089844 875.476928710938 878.903930664062 867.601989746094 874.703247070312 863.153198242188 876.109252929688 879.988464355469 889.643005371094 895.084289550781 904.806701660156 907.9375 910.398498535156 918.139770507812 940.432556152344 939.111511230469 946.334899902344 944.341064453125 941.636779785156 951.643737792969 952.564758300781 956.395874023438 969.4951171875 981.869689941406 988.778015136719 997.835266113281 1004.81060791016 1012.56402587891 1025.79064941406 1037.7822265625 1050.46057128906 1068.73657226562 1075.76184082031
925.1826171875 909.236694335938 900.049865722656 892.393859863281 890.72802734375 892.700439453125 885.734436035156 883.987243652344 889.264831542969 886.420104980469 880.731140136719 879.924499511719 877.215087890625 873.075744628906 883.122253417969 887.984008789062 876.023376464844 873.065856933594 874.210815429688 874.592529296875 877.26025390625 888.783447265625 890.262390136719 900.541870117188 904.087158203125 911.514831542969 922.320617675781 925.346069335938 934.859985351562 945.069091796875 945.315124511719 935.187194824219 946.176391601562 947.422546386719 952.847595214844 967.24462890625 978.139892578125 993.444274902344 1003.00677490234 1016.09954833984 1021.73797607422 1040.18811035156 1043.76171875 1057.20678710938 1072.56274414062 1076.83386230469
919.085083007812 903.415649414062 901.608154296875 900.254821777344 899.693481445312 898.903503417969 900.052124023438 895.284484863281 902.548034667969 898.217895507812 892.315246582031 881.851745605469 886.737487792969 885.2373046875 887.3212890625 890.878601074219 885.211120605469 888.362243652344 886.784301757812 880.83544921875 882.332336425781 887.414978027344 893.99609375 891.963439941406 904.182495117188 908.980529785156 929.44140625 925.319885253906 938.683898925781 935.554870605469 945.888122558594 941.609680175781 940.563537597656 942.246032714844 951.075866699219 967.240661621094 973.992980957031 995.474304199219 1017.68737792969 1024.28637695312 1032.55126953125 1046.2724609375 1059.06970214844 1063.07067871094 1073.76098632812 1087.70935058594
912.524108886719 909.857421875 907.211120605469 901.685913085938 895.947631835938 905.7236328125 907.42822265625 913.22216796875 909.058349609375 905.004821777344 893.312866210938 892.090515136719 882.576904296875 879.606811523438 888.666198730469 893.553955078125 893.863891601562 898.192993164062 897.152160644531 891.238891601562 892.853515625 888.529846191406 897.848083496094 904.43115234375 911.417053222656 917.464599609375 928.334045410156 928.000549316406 931.423034667969 941.469360351562 950.582763671875 952.150512695312 947.176452636719 946.030700683594 952.793823242188 968.703308105469 975.480346679688 981.10791015625 1010.81506347656 1012.45947265625 1027.11303710938 1033.16442871094 1053.09252929688 1062.298828125 1073.61083984375 1092.31530761719
921.769897460938 909.359741210938 918.776184082031 912.866455078125 901.244995117188 906.823425292969 913.780944824219 918.236206054688 915.904235839844 915.370422363281 904.273376464844 903.093566894531 894.503723144531 897.431579589844 892.443481445312 899.931335449219 899.275207519531 910.305603027344 907.623352050781 907.001647949219 905.403747558594 910.221801757812 904.454406738281 911.021362304688 922.349914550781 916.652404785156 928.012268066406 936.22021484375 935.551086425781 949.258911132812 947.636901855469 943.376708984375 951.563537597656 960.746459960938 969.873901367188 969.5341796875 972.431457519531 980.628234863281 1008.72076416016 1014.73236083984 1025.43908691406 1037.25 1047.53649902344 1067.97265625 1072.65185546875 1087.70385742188
930.07958984375 925.881408691406 912.371765136719 913.690490722656 922.1650390625 915.24755859375 921.155456542969 926.310363769531 935.376586914062 927.392761230469 912.396850585938 908.081176757812 897.535888671875 898.201232910156 903.4326171875 905.547546386719 912.681945800781 913.9462890625 915.718017578125 916.925109863281 914.175964355469 916.801818847656 917.916442871094 913.160461425781 920.52734375 921.724975585938 916.632446289062 931.661315917969 930.129028320312 928.571716308594 941.664489746094 938.764099121094 949.452026367188 970.069213867188 981.636779785156 975.185729980469 982.644226074219 987.539123535156 996.308288574219 1008.87603759766 1029.88916015625 1037.9609375 1055.12573242188 1069.0380859375 1082.13989257812 1086.70922851562
936.021301269531 932.394470214844 921.361267089844 919.189392089844 931.220520019531 928.976257324219 928.141174316406 933.997009277344 949.457824707031 935.988830566406 921.886840820312 909.762939453125 909.497192382812 916.702941894531 923.699462890625 923.307006835938 925.688781738281 932.408020019531 926.611450195312 912.034973144531 923.814575195312 924.989135742188 914.622009277344 902.120178222656 907.955749511719 918.289245605469 916.074523925781 929.761169433594 929.005859375 937.846801757812 940.155944824219 948.212036132812 955.415161132812 972.437194824219 981.769592285156 986.827270507812 992.587890625 994.052978515625 1008.54168701172 1022.37725830078 1026.63671875 1043.30786132812 1058.63928222656 1070.87890625 1074.8076171875 1080.04357910156
940.660766601562 935.64697265625 930.137634277344 931.843444824219 930.729675292969 927.4013671875 933.912292480469 935.8017578125 936.600036621094 939.924133300781 932.635803222656 924.342712402344 926.184875488281 926.671203613281 931.937927246094 936.203491210938 939.296630859375 944.219787597656 937.127136230469 923.07421875 930.432983398438 926.546447753906 914.121398925781 901.588684082031 904.113159179688 913.059997558594 921.390075683594 919.635009765625 937.888671875 949.124267578125 947.997741699219 947.957946777344 962.25390625 978.573608398438 984.487182617188 993.917297363281 991.299987792969 1002.15753173828 1002.15740966797 1017.70269775391 1033.56872558594 1052.31555175781 1053.97509765625 1068.74157714844 1074.04089355469 1085.7626953125
935.359802246094 930.003723144531 927.232604980469 928.472229003906 939.245361328125 934.263305664062 943.714904785156 943.85986328125 947.162353515625 944.310668945312 946.855773925781 944.21533203125 944.215148925781 937.36474609375 937.94384765625 940.080261230469 951.065185546875 954.881774902344 945.266845703125 937.137939453125 932.336120605469 926.9111328125 910.525512695312 900.563354492188 912.3681640625 912.78564453125 922.4921875 926.646789550781 938.728393554688 947.959045410156 960.969665527344 964.437561035156 970.158935546875 984.650207519531 988.370971679688 994.275207519531 993.322937011719 992.25244140625 1005.83801269531 1010.54504394531 1032.66259765625 1049.98413085938 1059.064453125 1060.142578125 1068.53344726562 1078.08569335938
938.407897949219 935.658569335938 936.579650878906 934.297424316406 936.165771484375 941.471496582031 944.991088867188 953.534240722656 953.371948242188 958.033020019531 954.977722167969 957.377197265625 951.515380859375 943.168823242188 951.651794433594 952.284423828125 954.509948730469 957.903930664062 951.176940917969 943.185485839844 936.104675292969 925.005249023438 915.826293945312 907.281555175781 914.392700195312 910.848815917969 919.961059570312 926.028503417969 940.05908203125 942.360107421875 956.874206542969 963.180419921875 972.2392578125 974.976806640625 984.771240234375 992.627563476562 993.366027832031 1000.76324462891 1006.43151855469 1021.95056152344 1029.54565429688 1047.22448730469 1063.81457519531 1058.64587402344 1061.67321777344 1067.27941894531
944.167297363281 946.804077148438 940.757141113281 938.368835449219 951.3271484375 949.595520019531 950.284362792969 964.069885253906 963.372253417969 962.727722167969 966.797485351562 961.668518066406 955.139099121094 947.961486816406 958.084716796875 957.802673339844 972.624267578125 961.66748046875 952.693664550781 938.844299316406 934.775207519531 921.83251953125 915.29638671875 910.10546875 906.896240234375 921.998046875 921.363464355469 935.238525390625 954.882934570312 956.296936035156 961.001098632812 967.39404296875 978.533386230469 982.80615234375 992.872192382812 992.891845703125 1005.55224609375 1012.95648193359 1018.45068359375 1027.32141113281 1035.32458496094 1054.01110839844 1061.3056640625 1055.42431640625 1066.36193847656 1063.01110839844
938.0791015625 946.160766601562 944.743896484375 955.352233886719 960.000427246094 960.12841796875 964.562438964844 965.274597167969 962.688171386719 960.310485839844 971.868713378906 964.708129882812 964.456970214844 961.181396484375 957.058166503906 973.719482421875 979.737609863281 973.439392089844 958.066589355469 951.25732421875 936.2294921875 930.180969238281 925.153198242188 923.820922851562 916.525024414062 916.72900390625 924.868469238281 930.982849121094 949.772338867188 969.3837890625 966.417663574219 973.987365722656 979.978271484375 989.36572265625 992.6572265625 992.445983886719 1001.49829101562 1015.06628417969 1027.15747070312 1037.64868164062 1043.06213378906 1061.10021972656 1068.44580078125 1059.28833007812 1061.23876953125 1059.67785644531
948.091918945312 950.300537109375 954.265991210938 953.321594238281 948.877258300781 967.75732421875 978.757507324219 975.711059570312 980.03173828125 976.40380859375 977.471496582031 972.037719726562 974.105895996094 971.707397460938 967.263549804688 983.807678222656 975.583251953125 976.786071777344 966.936340332031 955.735717773438 937.4208984375 930.6796875 926.299194335938 922.210266113281 921.113464355469 922.298034667969 931.309143066406 933.552551269531 945.872253417969 969.549377441406 971.647583007812 969.445434570312 979.270874023438 992.080261230469 996.909057617188 997.951477050781 1010.36743164062 1019.69372558594 1030.02258300781 1039.318359375 1038.96875 1055.61694335938 1057.45654296875 1056.69995117188 1062.15759277344 1060.28247070312
974.1416015625 967.693664550781 972.045715332031 973.019897460938 967.53369140625 965.492553710938 975.491394042969 979.471374511719 984.640563964844 985.40478515625 976.394836425781 982.4482421875 982.107238769531 976.807495117188 977.783996582031 974.160705566406 976.548400878906 972.892944335938 976.322021484375 964.547973632812 943.714416503906 930.580383300781 934.076049804688 927.089904785156 931.912292480469 925.936767578125 934.067687988281 934.578430175781 949.112243652344 956.560729980469 961.351928710938 968.024597167969 988.38037109375 989.478271484375 1001.77600097656 1014.18969726562 1012.71490478516 1028.26501464844 1038.61047363281 1044.00915527344 1041.18664550781 1046.55651855469 1055.87426757812 1065.33068847656 1064.74450683594 1062.08959960938
994.532836914062 988.544372558594 984.875732421875 986.238220214844 982.031372070312 980.79248046875 988.50439453125 994.1513671875 984.293518066406 990.777465820312 988.633483886719 993.490783691406 984.448547363281 982.316284179688 971.883911132812 978.467956542969 978.187316894531 974.167724609375 961.175903320312 962.492126464844 949.679931640625 942.224731445312 938.92919921875 929.002136230469 931.594787597656 936.495971679688 941.17919921875 947.903991699219 955.041015625 965.2841796875 974.738891601562 982.829162597656 982.989868164062 994.547302246094 1000.66864013672 1015.73699951172 1016.46734619141 1031.62036132812 1039.13452148438 1046.89208984375 1055.03076171875 1051.67736816406 1051.92883300781 1059.02978515625 1070.37780761719 1069.11254882812
1007.75616455078 998.941284179688 997.386108398438 991.554321289062 992.830444335938 998.892395019531 998.648986816406 1002.72967529297 1002.86614990234 995.684387207031 995.632568359375 989.640197753906 991.868225097656 983.248413085938 980.600402832031 978.522705078125 976.990783691406 974.235412597656 963.626281738281 964.990112304688 948.755493164062 940.290222167969 943.806091308594 934.68994140625 929.417175292969 938.127502441406 944.63232421875 949.1318359375 954.584777832031 973.404663085938 990.579223632812 998.233642578125 994.365417480469 999.085083007812 1013.23376464844 1023.07354736328 1030.27307128906 1041.40576171875 1050.64221191406 1054.27099609375 1056.85876464844 1054.30773925781 1058.22131347656 1054.97204589844 1061.35400390625 1062.82824707031
