data/zlatibor_dem_simulations/DEMsim36.asc
NCOLS 150
NROWS 100
XLLCORNER 7394249
YLLCORNER 4841999
CELLSIZE 30
NODATA_VALUE -9999
[rows 20 to 39 of 100, columns 46 to 91 of 150]
1023.30816650391 1019.3876953125 1013.34234619141 1003.77435302734 994.189025878906 995.223571777344 1006.19909667969 1010.63641357422 1000.96472167969 1005.29473876953 1012.88092041016 1007.07080078125 1012.43273925781 1016.03704833984 1013.47863769531 1015.49780273438 1020.19128417969 1016.20739746094 1029.13793945312 1027.65014648438 1021.37878417969 1026.64282226562 1035.66247558594 1025.24230957031 1017.46588134766 1012.67443847656 1017.71466064453 1012.56011962891 1012.296875 1021.20129394531 1018.00213623047 1030.85107421875 1027.47094726562 1029.35424804688 1029.625 1021.85919189453 1024.84777832031 1020.35583496094 1001.30578613281 998.088439941406 997.6953125 1004.57409667969 1005.07727050781 998.705993652344 1000.11383056641 990.201965332031
1016.65740966797 1009.51385498047 1016.78985595703 1006.697265625 1001.89459228516 996.399597167969 1005.19012451172 1011.12786865234 1005.99957275391 1002.43359375 1007.56060791016 1011.44073486328 1005.50225830078 1010.30871582031 1006.11297607422 1020.51440429688 1019.78912353516 1014.63439941406 1018.52520751953 1024.41528320312 1031.75854492188 1037.47937011719 1036.52600097656 1031.099609375 1023.05169677734 1006.54614257812 1013.78167724609 1015.07098388672 1013.13269042969 1011.42095947266 1016.14312744141 1017.921875 1016.43249511719 1020.23638916016 1022.54217529297 1022.12042236328 1021.58520507812 1019.49957275391 1002.05682373047 1006.64422607422 1011.84820556641 1013.35412597656 1010.78747558594 1009.01513671875 1009.76239013672 1003.91168212891
1006.88415527344 1005.43792724609 996.828369140625 998.007934570312 990.817749023438 994.687561035156 1000.19427490234 1005.59851074219 1003.61315917969 997.211486816406 1007.73022460938 1008.94030761719 1012.21270751953 1006.59936523438 1012.73284912109 1020.05212402344 1015.06951904297 1015.82531738281 1016.91711425781 1021.8505859375 1023.90258789062 1025.1845703125 1026.76477050781 1019.078125 1014.2490234375 1004.49877929688 1012.45880126953 1012.26953125 1009.92126464844 1012.06652832031 1018.83489990234 1010.57043457031 1012.54669189453 1002.47222900391 1011.52954101562 1019.83697509766 1021.17828369141 1006.67468261719 1011.95147705078 1007.04852294922 1010.51629638672 1009.29443359375 1010.66241455078 1008.57922363281 1006.76538085938 1007.48248291016
1004.84503173828 992.238952636719 998.285034179688 1003.11340332031 993.839660644531 998.144714355469 1001.02874755859 1001.31402587891 1004.6796875 1008.84643554688 1004.23211669922 1007.43420410156 1013.52996826172 1007.42358398438 1008.4833984375 1019.37042236328 1021.26251220703 1021.8525390625 1015.14251708984 1018.40014648438 1019.75524902344 1021.9609375 1021.16351318359 1021.34893798828 1018.07470703125 1017.45263671875 1009.06213378906 1002.11706542969 1004.75524902344 1012.46441650391 1011.63092041016 1006.49731445312 998.90283203125 995.132873535156 1014.90863037109 1012.88433837891 1016.86450195312 1014.19055175781 1009.96142578125 1010.59521484375 1009.40533447266 1009.50427246094 1010.80987548828 1013.92907714844 1011.03796386719 1005.73187255859
1001.50524902344 998.093811035156 987.648132324219 996.598266601562 992.287353515625 993.651550292969 995.5859375 991.584045410156 993.115051269531 996.218078613281 1007.6767578125 1012.7880859375 1018.12200927734 1005.75183105469 1006.96405029297 1014.99182128906 1020.08093261719 1019.07995605469 1013.20733642578 1011.95886230469 1020.83337402344 1009.87518310547 1014.07781982422 1021.38488769531 1015.79602050781 1014.04663085938 1011.85833740234 1010.23767089844 1009.48468017578 1003.16223144531 1002.564453125 1001.89123535156 994.656066894531 1007.84002685547 1002.15850830078 997.635986328125 1011.31677246094 1015.13067626953 1016.30377197266 1013.57733154297 1017.72406005859 1011.55401611328 1013.37292480469 1010.13311767578 1014.04791259766 1013.166015625
992.663879394531 988.741271972656 992.652099609375 987.835876464844 988.952880859375 986.271240234375 986.901000976562 977.938537597656 986.971740722656 993.838256835938 1001.17779541016 1003.75103759766 1006.33648681641 1008.54699707031 1004.68768310547 1018.25537109375 1016.18463134766 1017.14581298828 1017.47521972656 1013.80725097656 1015.22833251953 1014.46911621094 1009.24536132812 1012.65826416016 1011.92694091797 1014.58636474609 1003.63629150391 1008.05010986328 1007.22589111328 999.113952636719 998.263610839844 997.585754394531 994.095947265625 1002.29272460938 1005.88232421875 997.703979492188 1006.63415527344 1009.87487792969 1018.24700927734 1016.52270507812 1013.75738525391 1010.26477050781 1002.47778320312 1009.06652832031 1025.47448730469 1019.09802246094
994.173828125 988.207458496094 985.148864746094 982.906372070312 982.590270996094 974.938659667969 977.746215820312 978.0087890625 983.858459472656 986.540771484375 993.9755859375 1003.76922607422 1002.36450195312 1003.65661621094 1006.58319091797 1010.42645263672 1019.35589599609 1008.95489501953 1008.26226806641 1009.23529052734 1011.552734375 1011.4580078125 1011.52703857422 1009.91461181641 1001.87799072266 1004.35559082031 1008.25219726562 1006.57427978516 996.29296875 992.693725585938 995.216613769531 993.048461914062 991.357177734375 991.583068847656 1005.11193847656 1003.64764404297 997.321350097656 999.79736328125 1015.38903808594 1010.03161621094 1012.49890136719 1010.77734375 1015.51196289062 1013.2109375 1028.08569335938 1032.658203125
995.748901367188 987.841735839844 988.0234375 984.535583496094 985.635925292969 975.776672363281 981.390991210938 981.748046875 985.75146484375 986.829162597656 989.794128417969 1004.7412109375 1009.2919921875 1010.77600097656 1015.6826171875 1014.00372314453 1006.98852539062 1005.02111816406 1010.70062255859 1011.59246826172 1007.17816162109 1008.64147949219 1002.74395751953 991.379638671875 998.958068847656 1000.01110839844 1006.35717773438 1005.99005126953 1000.89642333984 996.718627929688 988.112548828125 989.037109375 993.340637207031 995.064392089844 998.760375976562 1004.7822265625 998.876831054688 1001.31365966797 998.847595214844 1006.25415039062 1008.52911376953 1015.40399169922 1014.31353759766 1015.80328369141 1017.58032226562 1034.44006347656
989.901977539062 990.56201171875 989.032165527344 985.909118652344 977.186645507812 973.918090820312 979.1044921875 979.255981445312 983.280456542969 985.540588378906 994.542358398438 996.550598144531 1006.83154296875 1006.86370849609 1002.65484619141 1009.00537109375 1016.30889892578 1013.25531005859 1003.54559326172 1000.17504882812 1001.81530761719 994.977844238281 987.683410644531 983.697448730469 992.359313964844 993.861450195312 1000.59600830078 998.532531738281 1002.82891845703 1000.35772705078 987.381164550781 989.505187988281 985.0048828125 992.460083007812 995.763427734375 991.82763671875 993.693298339844 999.386352539062 1002.38793945312 1005.77783203125 1007.50201416016 1009.48797607422 1020.41278076172 1026.203125 1030.30749511719 1035.16247558594
994.336181640625 991.372314453125 991.4775390625 982.067687988281 975.761352539062 975.897705078125 977.647338867188 977.674011230469 978.838806152344 985.566772460938 983.707702636719 989.154541015625 990.017333984375 996.590637207031 992.865783691406 998.985961914062 1005.54901123047 1001.54321289062 998.635437011719 1003.47796630859 994.49658203125 990.152038574219 988.308715820312 988.485046386719 994.003234863281 982.961059570312 988.493835449219 998.595458984375 997.356384277344 996.306030273438 986.822021484375 985.465942382812 984.514404296875 986.346923828125 991.554565429688 994.957397460938 997.548706054688 1005.25115966797 1014.78436279297 1012.05780029297 1008.81219482422 1010.38500976562 1019.05126953125 1019.72143554688 1022.7177734375 1031.37927246094
988.687866210938 991.720886230469 995.172302246094 988.947998046875 975.192504882812 972.583923339844 972.167541503906 974.563415527344 979.601257324219 980.39697265625 973.838317871094 979.483032226562 978.988647460938 988.123779296875 994.302368164062 992.0634765625 992.49658203125 989.352172851562 995.783569335938 1002.50689697266 996.729919433594 994.343078613281 996.858520507812 991.915832519531 997.145385742188 1000.71789550781 990.713623046875 990.569396972656 1003.490234375 995.384094238281 994.8681640625 990.285827636719 992.187866210938 992.020629882812 1003.91967773438 1000.89910888672 996.919311523438 1004.55816650391 1018.01782226562 1020.20697021484 1018.21466064453 1012.43542480469 1021.42059326172 1023.88482666016 1025.34301757812 1022.11810302734
977.803833007812 984.755981445312 983.839721679688 980.599487304688 970.380859375 977.084533691406 974.892944335938 975.30078125 973.270141601562 969.600830078125 968.37060546875 980.421020507812 982.403930664062 989.008178710938 989.369506835938 987.976684570312 987.413269042969 986.947875976562 991.924438476562 988.366149902344 999.448791503906 1003.25891113281 997.381530761719 985.198364257812 994.966674804688 996.024047851562 994.58544921875 993.920288085938 1002.42230224609 989.73486328125 993.684631347656 993.004272460938 996.70751953125 1003.81231689453 999.36279296875 1011.82434082031 1007.94818115234 1011.42926025391 1013.38928222656 1013.26873779297 1011.22265625 1016.70208740234 1020.15686035156 1016.93395996094 1017.13629150391 1022.94940185547
982.115478515625 986.950561523438 983.508911132812 982.223693847656 976.069213867188 979.210021972656 973.789184570312 983.893310546875 981.247375488281 970.199340820312 962.990417480469 970.917602539062 974.765991210938 977.238342285156 979.89697265625 974.189147949219 983.155090332031 993.805786132812 988.366577148438 987.658142089844 988.300170898438 998.363037109375 999.12890625 993.144653320312 986.307800292969 996.44775390625 1005.17407226562 988.836791992188 991.274597167969 988.056030273438 986.269226074219 988.893310546875 994.53759765625 1001.41204833984 1002.00531005859 1004.53350830078 1007.51165771484 1001.50659179688 1003.64990234375 1010.08953857422 1014.31195068359 1010.84875488281 1016.6376953125 1012.96594238281 1009.07476806641 1008.24749755859
983.701293945312 984.150451660156 980.302185058594 984.285339355469 983.272766113281 987.077026367188 975.348388671875 979.283264160156 975.378173828125 975.279968261719 969.866760253906 971.454284667969 980.083923339844 980.011901855469 978.579528808594 986.358093261719 994.517700195312 994.492797851562 994.527221679688 982.998168945312 981.900085449219 984.740783691406 988.289733886719 986.401306152344 981.13623046875 992.21337890625 1001.87420654297 991.417541503906 983.296325683594 992.208435058594 991.88818359375 986.168395996094 991.219787597656 997.653930664062 999.416381835938 1003.16900634766 1002.8720703125 1007.34838867188 1008.009765625 1005.10711669922 1004.9970703125 1018.00482177734 1019.67315673828 1010.70922851562 1009.50897216797 1009.83374023438
991.612670898438 985.859741210938 976.70703125 976.3017578125 985.310668945312 988.176818847656 976.922485351562 978.052673339844 975.505187988281 975.264099121094 969.254760742188 976.35986328125 980.9111328125 993.210571289062 989.319519042969 985.760009765625 989.473022460938 985.114013671875 985.75537109375 979.517578125 985.008178710938 982.456359863281 982.111450195312 988.165405273438 987.168762207031 1000.18078613281 996.225402832031 988.427673339844 983.842529296875 998.55859375 995.164855957031 995.810546875 994.896484375 999.78662109375 994.127563476562 1003.32635498047 998.3125 1008.29217529297 1004.03338623047 1005.52740478516 1004.86267089844 1011.2421875 1012.546875 1008.34698486328 1016.19097900391 1009.64514160156
972.393615722656 971.598449707031 976.83203125 978.028137207031 984.6728515625 974.970031738281 975.261962890625 977.967529296875 978.579528808594 976.423522949219 973.593994140625 979.304809570312 981.235778808594 982.749450683594 986.950927734375 985.407897949219 985.851684570312 982.771789550781 976.809997558594 978.719116210938 988.414123535156 988.108703613281 980.891906738281 981.284362792969 991.123962402344 995.273193359375 989.515075683594 991.1953125 988.085388183594 985.2666015625 995.179504394531 996.049865722656 1002.90002441406 987.764465332031 997.765686035156 994.708679199219 1002.89825439453 1000.51440429688 1006.45031738281 1010.23022460938 1002.240234375 1004.27679443359 1012.29675292969 1005.46038818359 1009.94427490234 1005.24597167969
973.86181640625 978.7705078125 980.060424804688 976.258361816406 971.844360351562 969.991394042969 966.062927246094 979.529663085938 981.548522949219 973.786987304688 970.132690429688 974.383972167969 983.776611328125 981.957214355469 986.075073242188 980.672607421875 985.165405273438 985.927673339844 986.332275390625 981.401916503906 982.897583007812 995.182861328125 987.242065429688 988.416870117188 990.630310058594 994.416137695312 992.849548339844 989.055786132812 985.973815917969 993.753845214844 989.824340820312 996.888732910156 1001.46380615234 986.950744628906 994.775512695312 997.983154296875 995.73046875 998.421020507812 1008.95251464844 1006.30767822266 1008.99768066406 1012.6748046875 1012.19989013672 997.459655761719 1007.39916992188 1011.18823242188
972.025146484375 980.563598632812 979.866394042969 978.803100585938 973.249389648438 975.060607910156 973.927612304688 975.42041015625 987.484619140625 976.993713378906 973.794311523438 976.206604003906 977.058288574219 982.466369628906 973.945922851562 975.755798339844 974.043395996094 972.996704101562 981.6513671875 986.022155761719 990.115234375 989.793823242188 982.094909667969 983.46435546875 979.449645996094 984.30224609375 992.441711425781 995.732727050781 988.924438476562 983.0830078125 984.658813476562 998.336303710938 1000.31115722656 991.847351074219 994.343994140625 1000.60076904297 1002.81811523438 1007.37609863281 1006.03704833984 1009.48474121094 1011.14166259766 1018.26385498047 1010.07098388672 998.077392578125 1010.6181640625 1001.35070800781
967.570190429688 969.310180664062 973.216003417969 970.370727539062 978.815307617188 979.520935058594 969.202209472656 974.73486328125 979.04052734375 966.267456054688 983.480346679688 979.062927246094 977.016723632812 978.498901367188 972.1669921875 972.74365234375 973.276611328125 973.91943359375 980.852966308594 982.289978027344 983.655639648438 980.323181152344 982.834106445312 979.714782714844 978.072875976562 970.280578613281 981.371948242188 991.416259765625 974.489013671875 966.754699707031 974.415771484375 988.339416503906 997.908813476562 989.035888671875 992.768859863281 1004.43542480469 1004.56036376953 1003.97650146484 998.115173339844 1009.361328125 1008.796875 1010.86700439453 1008.64660644531 1003.21203613281 1002.50787353516 998.929138183594
967.110290527344 969.85888671875 968.274841308594 967.138671875 972.909423828125 965.998962402344 978.333129882812 972.025451660156 973.552856445312 977.083801269531 976.900024414062 978.371154785156 980.429016113281 972.730651855469 977.374755859375 981.387329101562 980.883483886719 978.051635742188 977.728637695312 983.603271484375 979.201721191406 990.046569824219 981.1591796875 977.890991210938 979.641723632812 976.641357421875 983.239013671875 988.437744140625 977.942199707031 976.816467285156 974.269714355469 984.553466796875 991.800354003906 992.665832519531 996.061584472656 992.411376953125 1002.82672119141 1000.89215087891 1001.55749511719 1005.51306152344 1005.923828125 1003.13702392578 1005.95068359375 1009.07568359375 996.281860351562 996.086303710938
