data/zlatibor_dem_simulations/DEMsim43.asc
NCOLS 150
NROWS 100
XLLCORNER 7394249
YLLCORNER 4841999
CELLSIZE 30
NODATA_VALUE -9999
[rows 20 to 39 of 100, columns 46 to 91 of 150]
1016.39587402344 1005.93206787109 1003.80181884766 996.147033691406 997.323608398438 998.438415527344 1001.12530517578 1010.22790527344 1012.70983886719 1007.59643554688 998.733459472656 1000.91754150391 998.947509765625 1005.13977050781 1001.65063476562 1011.24365234375 1007.83093261719 1012.07977294922 1013.98211669922 1024.58618164062 1029.23132324219 1023.23193359375 1030.18041992188 1024.56591796875 1033.873046875 1020.35327148438 1017.47204589844 1024.71618652344 1026.64636230469 1016.44329833984 1023.76110839844 1021.22485351562 1030.41088867188 1020.11810302734 1016.55676269531 1018.06787109375 1015.30480957031 1013.12774658203 1011.45440673828 1003.42767333984 995.192565917969 994.423522949219 994.016540527344 993.069091796875 997.75537109375 991.685241699219
1003.85180664062 1008.69659423828 1006.51971435547 1000.64666748047 1000.59722900391 996.987182617188 999.908386230469 1004.58160400391 1010.49420166016 1010.10559082031 1007.14807128906 1000.29180908203 999.351989746094 1000.78277587891 1005.44311523438 1012.28601074219 1017.64239501953 1010.49426269531 1021.10321044922 1029.82116699219 1031.32153320312 1018.1025390625 1023.77301025391 1023.39025878906 1026.31982421875 1016.94805908203 1021.05584716797 1015.65893554688 1015.67443847656 1015.43878173828 1025.91015625 1026.8984375 1025.46716308594 1025.63122558594 1016.93896484375 1021.52380371094 1012.00744628906 1013.13122558594 1011.93029785156 996.199768066406 989.674499511719 1002.99859619141 998.301452636719 998.190856933594 996.71240234375 1002.04998779297
996.403564453125 998.431823730469 998.237182617188 1000.58947753906 997.203857421875 998.946228027344 1004.44415283203 1010.94055175781 1007.35589599609 1003.2265625 1007.95123291016 1004.70721435547 1005.38238525391 1011.85998535156 1016.65130615234 1017.15356445312 1010.31982421875 1017.61077880859 1023.11340332031 1017.65411376953 1023.52435302734 1026.42175292969 1024.63806152344 1021.06805419922 1015.36810302734 1015.81335449219 1008.04400634766 1009.84661865234 1009.67700195312 1007.1474609375 1014.55432128906 1020.0556640625 1015.8203125 1012.69659423828 1010.52783203125 1011.30999755859 1010.42834472656 1012.89392089844 1007.94866943359 1008.45684814453 993.365844726562 1003.26684570312 1012.99359130859 1010.52648925781 1008.74975585938 1008.67651367188
994.416442871094 990.527282714844 989.461547851562 993.900512695312 1001.31799316406 1000.56677246094 999.271789550781 1007.30609130859 1001.98345947266 993.445129394531 997.206237792969 1012.69702148438 1004.08746337891 1008.97607421875 1010.77368164062 1009.64849853516 1017.72528076172 1022.44152832031 1022.76544189453 1024.16088867188 1017.41650390625 1015.8232421875 1022.76190185547 1021.20971679688 1015.54022216797 1012.32055664062 1001.10241699219 996.744995117188 1007.00531005859 1008.94482421875 1010.46313476562 1005.42218017578 1003.70385742188 1005.01281738281 1003.25708007812 1007.01251220703 1000.66906738281 1002.97375488281 1008.7255859375 1014.50885009766 1004.55322265625 1010.41339111328 1012.33026123047 1005.64251708984 1014.81481933594 1017.52740478516
992.798522949219 994.257995605469 994.359924316406 995.035888671875 993.840698242188 988.443542480469 989.273254394531 1000.62115478516 1006.63342285156 999.510437011719 1001.32672119141 999.167419433594 1003.45007324219 1000.17065429688 1000.76513671875 1009.65667724609 1017.0654296875 1022.91625976562 1022.98205566406 1016.60583496094 1018.59387207031 1013.04504394531 1019.64831542969 1021.31201171875 1012.37817382812 1006.31384277344 1000.54675292969 999.927062988281 1004.51135253906 997.227905273438 996.335388183594 1004.90155029297 1002.76434326172 1000.39685058594 1006.89691162109 1002.03619384766 1005.07934570312 1004.421875 1004.57977294922 1007.71801757812 1014.04602050781 1017.50897216797 1010.21820068359 1010.71148681641 1019.97552490234 1021.81457519531
1001.51995849609 997.005981445312 995.770385742188 994.368347167969 986.419860839844 987.309509277344 991.171142578125 1002.24987792969 1009.02374267578 997.030883789062 999.413330078125 999.131958007812 992.408447265625 998.957885742188 1005.36126708984 1010.48315429688 1016.08990478516 1022.55859375 1016.37451171875 1011.69226074219 1014.94915771484 1012.85150146484 1013.52917480469 1015.92449951172 1012.79205322266 1011.36187744141 994.066589355469 994.198303222656 999.977172851562 997.314636230469 989.129821777344 997.681884765625 994.726257324219 992.968078613281 999.352722167969 993.459106445312 997.658447265625 1004.67517089844 1013.49584960938 1011.51751708984 1008.67626953125 1014.48785400391 1015.73663330078 1019.75054931641 1013.27764892578 1011.31671142578
990.142578125 989.783630371094 987.305847167969 987.487487792969 982.509216308594 975.819641113281 978.616943359375 991.440124511719 999.816833496094 997.637756347656 999.713806152344 993.435119628906 993.618286132812 999.174072265625 1005.98175048828 1003.052734375 1013.86352539062 1018.03106689453 1009.69702148438 1015.72790527344 1013.95678710938 1008.59686279297 1013.88885498047 1018.19488525391 1007.55798339844 1005.88031005859 995.367919921875 984.003356933594 990.765747070312 999.274353027344 991.2900390625 988.016296386719 984.025329589844 996.558898925781 999.324768066406 992.057373046875 1007.19183349609 1009.94506835938 1014.18756103516 1011.75830078125 1004.21380615234 1011.13610839844 1016.69610595703 1016.20971679688 1015.69799804688 1020.80126953125
996.0419921875 988.951843261719 996.637878417969 989.680053710938 986.333312988281 978.778747558594 975.994018554688 992.063049316406 993.146301269531 989.565307617188 994.116638183594 985.179321289062 986.487121582031 1002.04010009766 1001.65661621094 1000.31463623047 1008.51617431641 1009.44287109375 1005.53643798828 1008.97241210938 1010.9521484375 1016.24499511719 1010.91418457031 1014.93499755859 1008.52130126953 1004.21343994141 997.06787109375 981.945861816406 997.055297851562 998.639831542969 996.139404296875 990.000305175781 998.579772949219 1001.47229003906 1002.89453125 999.411682128906 1008.298828125 997.230346679688 1009.55523681641 1013.58160400391 1011.64392089844 1019.03204345703 1012.50500488281 1006.97692871094 1012.05035400391 1009.42706298828
986.097717285156 992.918579101562 984.701232910156 980.700439453125 988.398010253906 984.770874023438 985.950073242188 992.186767578125 991.73779296875 988.65478515625 992.563293457031 996.563903808594 994.276916503906 996.288879394531 1003.64935302734 994.794982910156 991.550842285156 998.671569824219 1001.54296875 1008.3095703125 1014.94805908203 1017.52734375 1010.07867431641 1007.02575683594 1007.44012451172 1003.14495849609 1001.76885986328 993.019836425781 1001.66278076172 1000.42431640625 1001.53271484375 1001.66003417969 1003.6005859375 997.590087890625 992.388854980469 993.952941894531 995.212524414062 1006.54071044922 1010.03216552734 1012.263671875 1010.34558105469 1022.458984375 1017.23480224609 1022.29553222656 1018.75604248047 1017.77935791016
987.615600585938 992.025085449219 980.372924804688 974.621215820312 978.948913574219 993.357421875 985.900512695312 989.485900878906 996.266967773438 989.429138183594 994.154479980469 984.10302734375 990.599670410156 1000.24060058594 1000.04486083984 991.333312988281 988.169494628906 987.355407714844 996.442077636719 1008.06378173828 1012.04998779297 1005.53765869141 1010.43463134766 1006.28015136719 1010.47235107422 1003.37951660156 1000.29083251953 1002.04620361328 1006.15484619141 995.773010253906 994.190856933594 1004.23022460938 992.935791015625 998.200500488281 1003.28723144531 998.261840820312 1003.41638183594 1006.91314697266 1016.56353759766 1017.66571044922 1017.30377197266 1023.67309570312 1025.42822265625 1026.9169921875 1022.24896240234 1026.67749023438
988.215881347656 984.884521484375 976.232238769531 969.7490234375 979.334899902344 994.811584472656 982.735168457031 990.834899902344 992.763061523438 980.461181640625 983.985534667969 981.470825195312 989.227661132812 998.735046386719 1001.19226074219 997.157531738281 989.347229003906 993.36865234375 997.637512207031 1001.17913818359 1007.97882080078 1002.26031494141 999.526611328125 1005.83062744141 1003.79443359375 1003.22576904297 1008.56958007812 999.850524902344 1011.74755859375 998.63671875 993.117065429688 1002.75482177734 1000.07989501953 1009.90386962891 1011.62823486328 1010.1513671875 1008.29907226562 1012.19512939453 1018.73175048828 1018.83917236328 1023.42425537109 1019.46697998047 1020.93090820312 1025.47839355469 1031.35705566406 1023.7109375
985.133178710938 991.670715332031 978.544860839844 976.939819335938 983.009521484375 986.339050292969 978.3955078125 985.301391601562 983.915893554688 990.889953613281 984.70166015625 993.981994628906 997.836364746094 999.424926757812 998.423645019531 990.917297363281 985.830932617188 984.367492675781 989.402954101562 993.845092773438 990.087890625 992.472839355469 998.921264648438 998.805847167969 996.946350097656 996.549987792969 993.755737304688 992.088562011719 1000.52667236328 1005.21423339844 1007.42669677734 1002.59130859375 1008.62933349609 1006.91082763672 1009.33831787109 1009.09716796875 1009.84130859375 1007.23229980469 1014.44873046875 1007.98419189453 1009.84716796875 1012.0029296875 1017.39288330078 1022.00439453125 1024.19030761719 1018.71826171875
985.553344726562 988.508544921875 983.747192382812 972.503967285156 984.912658691406 977.387756347656 976.106811523438 978.939453125 988.273986816406 991.31103515625 988.296569824219 984.187683105469 989.322937011719 992.565307617188 991.837158203125 992.119567871094 979.8466796875 983.217163085938 989.085083007812 989.463989257812 987.106018066406 993.395812988281 994.441711425781 997.786987304688 987.335693359375 983.081237792969 991.74072265625 987.409545898438 1001.77923583984 992.206787109375 997.596069335938 1007.95141601562 1002.74285888672 1001.82904052734 1007.68237304688 997.385925292969 1002.82000732422 1009.77258300781 1013.2490234375 1016.50103759766 1002.54876708984 1014.28051757812 1024.72875976562 1016.66534423828 1016.89349365234 1013.23791503906
984.351379394531 984.523864746094 978.592346191406 978.815368652344 979.877868652344 978.113647460938 975.500915527344 974.891296386719 978.80126953125 979.885620117188 978.5908203125 982.115600585938 987.229064941406 986.204040527344 990.470153808594 987.323181152344 984.655822753906 978.379211425781 991.850646972656 992.587036132812 985.488525390625 977.161376953125 988.364685058594 985.973022460938 992.020812988281 988.860717773438 989.374694824219 987.073669433594 989.290405273438 988.971801757812 997.2783203125 996.846496582031 995.023376464844 1008.19927978516 1003.84497070312 1005.384765625 1000.53338623047 1004.11645507812 1010.52191162109 1010.18774414062 1013.66186523438 1008.77197265625 1019.2568359375 1020.16442871094 1017.50677490234 1010.13909912109
981.588134765625 990.351196289062 976.514770507812 981.421752929688 979.758422851562 980.246520996094 976.629272460938 972.534301757812 976.748352050781 976.461364746094 975.014282226562 980.446594238281 977.274047851562 977.832702636719 980.39404296875 983.072265625 978.979858398438 973.830078125 975.059692382812 977.543151855469 963.352844238281 974.082214355469 974.494506835938 978.731567382812 983.477661132812 983.50927734375 979.429626464844 975.012390136719 989.785400390625 980.356811523438 992.512145996094 995.601989746094 999.620300292969 1002.73114013672 995.755859375 999.477783203125 997.773864746094 999.870849609375 998.03955078125 1016.029296875 1016.78588867188 1018.19500732422 1021.8212890625 1026.25463867188 1010.66271972656 1017.92687988281
980.215576171875 981.082824707031 980.16015625 975.532592773438 974.420471191406 974.395935058594 981.554016113281 977.957397460938 974.539367675781 968.511901855469 973.695373535156 977.182312011719 977.336364746094 974.865173339844 981.350769042969 979.475280761719 976.701904296875 972.189086914062 972.411865234375 965.831176757812 958.736877441406 959.986572265625 972.337280273438 981.324035644531 986.119689941406 984.868774414062 978.429016113281 980.996520996094 984.852844238281 990.102416992188 987.815551757812 998.194396972656 993.256958007812 994.062133789062 993.791137695312 986.545288085938 1002.09338378906 998.914123535156 1000.51281738281 1007.33990478516 1019.88671875 1014.67193603516 1011.57025146484 1014.84619140625 1016.77874755859 1017.19818115234
985.341247558594 980.778015136719 984.605285644531 981.236694335938 976.543579101562 972.286193847656 975.603820800781 972.632385253906 970.952819824219 968.772277832031 969.888488769531 970.82373046875 986.215454101562 982.94189453125 993.441772460938 984.26904296875 980.743957519531 980.928955078125 975.289428710938 978.933715820312 963.954895019531 957.537109375 971.636352539062 980.379821777344 976.51806640625 984.271667480469 988.150756835938 991.714660644531 990.420043945312 991.969970703125 983.99365234375 991.76416015625 994.513122558594 993.6474609375 988.103454589844 990.550720214844 1007.32653808594 1004.61309814453 998.041442871094 1004.70495605469 1007.67742919922 1012.07189941406 1014.93231201172 1008.65625 1016.73944091797 1015.37469482422
975.440612792969 976.620483398438 969.58154296875 974.091186523438 975.442077636719 969.518249511719 974.770812988281 978.971862792969 970.684936523438 971.082214355469 976.498596191406 976.123352050781 978.775939941406 985.561706542969 994.758850097656 980.128051757812 983.916809082031 969.024963378906 976.209716796875 969.079284667969 970.947021484375 963.858459472656 967.682556152344 977.867797851562 981.178344726562 983.528503417969 985.312744140625 988.194946289062 990.304809570312 987.971374511719 984.203918457031 989.605041503906 986.189392089844 982.876892089844 993.272644042969 996.440246582031 1005.32690429688 1010.32958984375 1000.70776367188 1005.70007324219 1002.81372070312 1005.44451904297 1005.22869873047 1004.09802246094 1002.2919921875 1003.80181884766
971.590698242188 965.154907226562 975.986572265625 981.887634277344 976.201477050781 968.103393554688 976.332946777344 978.856384277344 971.398376464844 969.738586425781 974.560791015625 978.170471191406 978.359802246094 974.223449707031 987.188110351562 978.4599609375 977.682800292969 975.364807128906 967.34765625 954.775207519531 951.11865234375 970.476501464844 969.051696777344 969.001708984375 966.194641113281 972.345153808594 979.338073730469 991.581420898438 992.886779785156 986.782287597656 982.534851074219 985.476684570312 984.472229003906 985.556030273438 990.547973632812 996.134155273438 1005.09197998047 1003.04779052734 1002.84844970703 1005.82659912109 995.59619140625 993.958618164062 1002.29302978516 1001.04663085938 1002.78277587891 1002.44195556641
975.927856445312 970.119445800781 979.327392578125 982.665344238281 979.3974609375 976.864868164062 976.755676269531 976.819763183594 975.022094726562 962.981079101562 963.367248535156 975.151306152344 975.859130859375 976.506225585938 972.946533203125 972.904296875 972.262390136719 970.729187011719 970.362609863281 960.197021484375 961.2568359375 963.125793457031 960.063537597656 965.561828613281 965.220825195312 963.510192871094 966.714599609375 980.881896972656 990.304931640625 987.504028320312 985.152465820312 985.385131835938 991.002258300781 990.44580078125 992.639404296875 997.241333007812 998.827392578125 996.057067871094 998.193603515625 995.716430664062 999.75390625 996.959533691406 991.919799804688 993.310180664062 999.599731445312 990.848266601562
