data/zlatibor_dem_simulations/DEMsim26.asc
NCOLS 150
NROWS 100
XLLCORNER 7394249
YLLCORNER 4841999
CELLSIZE 30
NODATA_VALUE -9999
[rows 0 to 19 of 100, columns 0 to 45 of 150]
1023.52362060547 1013.57037353516 1015.62493896484 1017.39831542969 1006.92199707031 996.256774902344 997.979309082031 1002.91497802734 1016.65179443359 1013.44970703125 1012.98046875 1012.96783447266 1011.21875 1006.60900878906 1011.11004638672 1004.51196289062 1004.38726806641 1007.16003417969 1012.94525146484 1016.23968505859 1024.56762695312 1023.54064941406 1029.79736328125 1035.91687011719 1033.14135742188 1021.68627929688 1029.86010742188 1028.57116699219 1032.82727050781 1029.27270507812 1034.98388671875 1036.55444335938 1026.28369140625 1023.92425537109 1022.75201416016 1014.85552978516 1019.77716064453 1018.20587158203 1005.15344238281 1007.58111572266 1009.02819824219 1004.80822753906 994.889282226562 987.811279296875 995.314270019531 993.702880859375
1016.17193603516 1004.76501464844 1003.99664306641 1006.43902587891 997.256103515625 991.5830078125 995.625183105469 1009.66290283203 1017.75256347656 1022.63983154297 1010.25628662109 1012.97747802734 1016.41064453125 1011.55993652344 1009.08099365234 1010.75115966797 1008.92016601562 1007.59155273438 1020.60302734375 1028.79711914062 1021.60632324219 1033.318359375 1033.17199707031 1045.31799316406 1045.28979492188 1028.5419921875 1022.66986083984 1021.41564941406 1031.87365722656 1039.91967773438 1035.77893066406 1030.85827636719 1026.90344238281 1027.94384765625 1023.68524169922 1023.58465576172 1025.47375488281 1023.23675537109 1016.78009033203 1009.80737304688 1009.67895507812 1007.15979003906 1003.20648193359 1000.5546875 1003.58471679688 1003.38421630859
1008.05828857422 1001.08984375 992.820434570312 1003.33178710938 1000.52801513672 1002.55627441406 1002.32757568359 1016.27728271484 1022.59197998047 1016.38171386719 1006.01245117188 1006.73291015625 1007.11071777344 1008.49542236328 1010.31945800781 1009.92346191406 1014.24792480469 1020.21722412109 1011.41204833984 1028.9560546875 1034.21142578125 1040.53942871094 1047.25317382812 1048.021484375 1030.4345703125 1023.91339111328 1027.94616699219 1024.65417480469 1030.99853515625 1034.96240234375 1038.5634765625 1030.72900390625 1028.35229492188 1031.83996582031 1036.91577148438 1034.81298828125 1025.35900878906 1029.279296875 1019.22119140625 1014.68615722656 1008.10968017578 1002.32885742188 999.718383789062 998.080078125 999.471374511719 998.001892089844
1008.06170654297 998.84619140625 982.310485839844 1000.96502685547 1001.81372070312 1001.99322509766 1006.04425048828 1013.27691650391 1013.81134033203 1006.57476806641 999.398315429688 1000.21636962891 1001.27349853516 1003.13275146484 1000.33776855469 1006.67779541016 1026.46911621094 1025.0830078125 1023.30389404297 1032.54858398438 1042.39978027344 1045.68115234375 1045.64123535156 1036.84167480469 1020.38470458984 1012.49060058594 1015.95568847656 1023.72442626953 1025.25952148438 1031.83642578125 1031.45678710938 1027.5771484375 1029.76672363281 1045.91857910156 1042.54357910156 1036.58581542969 1037.12670898438 1033.97668457031 1026.31286621094 1007.64318847656 997.288208007812 997.584228515625 994.820068359375 998.712341308594 988.575439453125 991.556396484375
1003.23699951172 1002.25256347656 987.20458984375 989.011596679688 998.072143554688 1003.8603515625 1007.21368408203 1005.873046875 1005.12622070312 1010.39862060547 1002.80767822266 1000.08123779297 1003.22839355469 1003.44500732422 1001.87274169922 1010.90930175781 1025.50842285156 1031.15234375 1027.97631835938 1025.5146484375 1038.39855957031 1045.13427734375 1038.75939941406 1028.84326171875 1025.49353027344 1019.74499511719 1016.69482421875 1016.87713623047 1025.62377929688 1027.47485351562 1026.95678710938 1034.99255371094 1031.06164550781 1028.63623046875 1028.38623046875 1036.92102050781 1041.44482421875 1034.71789550781 1031.59350585938 1009.19445800781 1000.97009277344 1006.27746582031 992.22509765625 1000.33544921875 997.534362792969 998.053527832031
999.647094726562 995.414489746094 991.458862304688 994.182983398438 995.8671875 1002.63409423828 1007.58044433594 1013.83752441406 1011.29608154297 1013.53436279297 1010.86120605469 1009.88525390625 1000.48651123047 999.772521972656 1000.62542724609 1005.82427978516 1012.75402832031 1025.42822265625 1032.33862304688 1026.11291503906 1027.125 1027.64587402344 1030.19140625 1019.55572509766 1028.06896972656 1024.61450195312 1012.92309570312 1019.40606689453 1024.28991699219 1022.45196533203 1026.55712890625 1028.62280273438 1028.56530761719 1024.88537597656 1022.04724121094 1024.109375 1026.73742675781 1023.7333984375 1021.3369140625 1002.78454589844 1005.7802734375 1007.18963623047 1005.61975097656 999.897216796875 990.003112792969 998.942443847656
991.328491210938 992.215698242188 988.557678222656 996.2041015625 1000.98107910156 1001.23913574219 1001.97491455078 1014.19567871094 1007.38562011719 1002.74780273438 1011.17108154297 997.422607421875 996.04052734375 996.482788085938 999.324340820312 995.593383789062 1010.57531738281 1018.47900390625 1019.57482910156 1033.67492675781 1026.15258789062 1023.16021728516 1026.39892578125 1020.58117675781 1021.6015625 1017.18566894531 1020.61346435547 1019.74322509766 1019.14013671875 1024.21020507812 1027.44177246094 1025.27111816406 1019.98858642578 1011.9755859375 1016.966796875 1019.56640625 1015.60803222656 1014.94580078125 1014.45025634766 1008.54016113281 1018.05725097656 1016.19110107422 1002.08312988281 996.464111328125 1002.85546875 992.765319824219
986.542602539062 979.928588867188 990.185607910156 999.776672363281 994.303894042969 1003.08184814453 1007.64477539062 1013.20379638672 1005.01672363281 1007.56549072266 1002.11376953125 993.752563476562 989.856018066406 990.266174316406 996.769348144531 1002.11889648438 1008.04266357422 1023.94287109375 1027.51696777344 1032.74523925781 1024.98828125 1028.03857421875 1022.15991210938 1015.55590820312 1020.02893066406 1011.09033203125 1005.10388183594 1018.3193359375 1012.22985839844 1015.07165527344 1016.26477050781 1013.17517089844 1005.70953369141 1012.560546875 1017.87554931641 1014.91998291016 1015.96435546875 1006.19348144531 1012.12628173828 1014.01696777344 1015.19500732422 1004.86724853516 1004.28460693359 1001.83422851562 1007.32647705078 1006.47906494141
987.780029296875 978.769348144531 989.70654296875 997.506652832031 1001.28845214844 1006.74847412109 1013.43170166016 1005.22082519531 1002.33489990234 996.63427734375 997.357971191406 994.023620605469 992.716735839844 985.983215332031 996.091613769531 1008.07043457031 1016.48315429688 1019.68206787109 1019.16656494141 1025.1318359375 1021.50646972656 1018.42895507812 1016.14050292969 1008.49420166016 1002.99072265625 1002.01733398438 1008.20416259766 1005.59149169922 1002.99395751953 1007.29156494141 1009.30224609375 1014.26391601562 1016.03308105469 1014.49108886719 1016.02239990234 1020.05572509766 1014.6025390625 1000.06591796875 1003.79791259766 998.632080078125 1002.20056152344 1010.65728759766 1010.92645263672 1004.72082519531 1010.40020751953 1013.98779296875
982.865417480469 993.792724609375 994.073791503906 1001.13208007812 1005.45330810547 1001.75476074219 999.686706542969 998.141967773438 1001.38006591797 999.709411621094 998.255004882812 996.058959960938 1000.48175048828 998.914367675781 988.177612304688 998.428466796875 1006.76104736328 1012.57049560547 1015.2978515625 1008.24182128906 1013.54705810547 1019.11822509766 1010.39245605469 1011.70172119141 1004.48712158203 1007.33636474609 1006.37670898438 1001.81420898438 1003.38128662109 1004.26824951172 1007.84020996094 1012.73333740234 1009.79486083984 1015.52844238281 1014.55603027344 1008.79095458984 1009.98370361328 1004.31512451172 1001.79840087891 999.365905761719 997.682861328125 1001.58874511719 999.449645996094 1013.60540771484 1013.81573486328 1017.41265869141
995.939331054688 988.465393066406 994.981262207031 996.284484863281 1002.84631347656 1005.33123779297 997.087524414062 993.799194335938 990.915588378906 1000.48205566406 994.653015136719 991.624145507812 1000.55865478516 997.62744140625 995.511108398438 1000.46466064453 1008.85089111328 1000.53582763672 1004.68835449219 1006.89001464844 1010.15930175781 1003.69085693359 1010.22503662109 1009.11352539062 1010.16296386719 1009.71765136719 1007.03472900391 1001.17730712891 1012.8720703125 1012.04284667969 1012.80139160156 1013.68432617188 1005.34893798828 1009.04522705078 1016.54449462891 1013.21807861328 1006.80352783203 1003.67553710938 1008.28045654297 1004.529296875 1004.53900146484 1005.41906738281 1000.583984375 1007.39959716797 1012.35198974609 1010.13690185547
996.304931640625 992.202514648438 994.286071777344 994.655700683594 998.654052734375 995.725952148438 999.038269042969 996.507507324219 986.662170410156 986.591918945312 993.558654785156 995.707580566406 998.418640136719 1000.21514892578 996.715148925781 997.416687011719 1001.37713623047 1003.61712646484 998.404052734375 1002.05206298828 1001.50354003906 998.598083496094 994.016174316406 996.090637207031 1003.7880859375 1005.28179931641 999.228759765625 1008.541015625 1002.55364990234 1008.91802978516 1008.63153076172 1014.65588378906 1011.27502441406 1017.6015625 1014.17071533203 1008.73559570312 1012.79541015625 1014.89251708984 1013.10076904297 1015.53729248047 1010.55554199219 1010.34790039062 1000.69683837891 1011.88024902344 1020.86767578125 1007.17974853516
991.208251953125 992.592956542969 997.184143066406 988.548828125 982.056213378906 988.231079101562 991.392211914062 990.432800292969 988.174743652344 977.521057128906 990.940063476562 999.891906738281 996.557983398438 995.009826660156 1002.10205078125 1014.97265625 999.902648925781 1001.91192626953 1004.43920898438 1006.44311523438 1000.02087402344 992.479797363281 1000.27325439453 992.196655273438 991.579406738281 990.36767578125 992.940185546875 997.301147460938 998.506896972656 1001.50482177734 1016.14361572266 1016.19787597656 1007.64019775391 1015.72790527344 1019.20031738281 1015.677734375 1019.44110107422 1021.08679199219 1024.93444824219 1028.01989746094 1028.33557128906 1019.32427978516 1013.39221191406 1007.50836181641 1009.72937011719 1001.20495605469
986.618469238281 993.058471679688 1004.89141845703 981.289489746094 979.627014160156 994.096313476562 994.685729980469 994.377990722656 986.018615722656 985.962036132812 983.136413574219 994.399108886719 981.482116699219 989.2587890625 993.204162597656 999.427795410156 996.495300292969 995.725830078125 1000.63360595703 997.34326171875 994.73583984375 1003.32476806641 995.41357421875 991.567077636719 988.707824707031 989.674621582031 989.861572265625 995.479431152344 995.058471679688 1001.56707763672 1009.75231933594 1020.88433837891 1017.955078125 1014.53479003906 1019.3125 1020.02893066406 1023.12139892578 1022.61724853516 1035.10144042969 1027.46264648438 1031.43530273438 1030.01818847656 1023.7412109375 1020.60119628906 1020.54089355469 1015.26159667969
987.852722167969 995.262817382812 992.311462402344 985.677734375 984.250549316406 987.484191894531 991.727661132812 990.649536132812 990.759643554688 990.088623046875 978.339111328125 975.797912597656 980.6435546875 979.699951171875 976.347900390625 987.042846679688 991.362182617188 995.490234375 997.163635253906 981.23046875 992.289001464844 995.738220214844 995.048278808594 997.357116699219 985.343322753906 981.372680664062 981.107604980469 987.13671875 997.783325195312 999.708557128906 1007.57470703125 1010.96618652344 1009.1865234375 1017.15612792969 1015.96740722656 1021.34899902344 1032.18200683594 1028.10888671875 1043.2998046875 1046.18688964844 1035.71655273438 1036.19372558594 1041.56396484375 1029.6328125 1023.14245605469 1011.04150390625
976.603393554688 981.068359375 987.714599609375 990.574401855469 983.904113769531 990.170043945312 996.158935546875 986.8701171875 980.683166503906 980.96484375 972.048461914062 972.035278320312 969.129455566406 975.841430664062 979.049987792969 981.494812011719 995.889038085938 990.936401367188 988.587951660156 979.238403320312 984.006713867188 989.762634277344 990.47314453125 992.070617675781 982.224304199219 984.14453125 986.266235351562 985.150390625 993.435302734375 990.875854492188 1007.44903564453 1019.45355224609 1016.07098388672 1013.49743652344 1015.86059570312 1032.43518066406 1040.75341796875 1048.76196289062 1043.79797363281 1041.08984375 1034.78356933594 1050.1533203125 1043.87133789062 1033.04370117188 1020.57873535156 1015.39031982422
980.251831054688 979.824462890625 986.906616210938 994.242248535156 983.929443359375 989.658142089844 985.041198730469 989.172790527344 983.179382324219 973.316528320312 979.441284179688 970.76416015625 968.928588867188 970.329040527344 979.750061035156 979.226928710938 988.438598632812 984.163635253906 979.600646972656 977.539428710938 984.344909667969 978.647521972656 984.297607421875 984.71240234375 985.195495605469 986.556213378906 988.999267578125 991.19189453125 991.279663085938 1002.01403808594 1013.55010986328 1022.13397216797 1012.74066162109 1023.77056884766 1026.65942382812 1039.30737304688 1047.80310058594 1051.42590332031 1043.15881347656 1045.32543945312 1046.36169433594 1042.82678222656 1043.56396484375 1034.56884765625 1031.81787109375 1020.08514404297
975.813415527344 977.15625 985.872131347656 977.242004394531 982.773254394531 983.593933105469 989.242919921875 986.049987792969 985.477966308594 981.152221679688 981.321655273438 974.968322753906 976.761047363281 976.80908203125 964.37255859375 969.370300292969 979.633117675781 977.973449707031 970.387512207031 966.177734375 973.076416015625 971.541015625 972.876892089844 978.891418457031 984.166931152344 995.142822265625 1000.01782226562 998.117858886719 1010.57897949219 1019.41784667969 1021.02337646484 1019.21612548828 1026.20202636719 1023.02160644531 1034.58349609375 1044.37390136719 1040.45544433594 1040.7060546875 1046.92504882812 1048.13330078125 1038.962890625 1043.19445800781 1040.49060058594 1037.70581054688 1040.18322753906 1037.90283203125
972.544982910156 976.62109375 973.791015625 973.762145996094 970.987243652344 978.929321289062 973.023864746094 984.854553222656 977.062683105469 985.399597167969 970.337280273438 968.869689941406 960.339172363281 961.172790527344 960.167114257812 968.515686035156 971.709228515625 967.3935546875 971.443115234375 967.650207519531 973.932983398438 970.937194824219 978.236633300781 975.568969726562 983.407409667969 991.296081542969 1002.31854248047 1006.765625 1022.46331787109 1012.73022460938 1024.45764160156 1025.91857910156 1020.69665527344 1025.56091308594 1028.03479003906 1028.03247070312 1034.62377929688 1044.79577636719 1050.33862304688 1058.40173339844 1050.42272949219 1037.25805664062 1037.38171386719 1027.90893554688 1025.36315917969 1016.12213134766
965.182312011719 965.800170898438 959.662170410156 960.321655273438 961.191101074219 963.633605957031 979.0498046875 976.287414550781 973.879333496094 974.926879882812 970.91064453125 959.578796386719 955.181945800781 963.517333984375 967.464111328125 973.177307128906 971.192077636719 960.445190429688 976.205993652344 965.893371582031 960.365112304688 966.830871582031 974.698791503906 987.366394042969 991.822448730469 1001.00665283203 1001.77716064453 1011.32891845703 1015.70318603516 1017.70892333984 1020.69586181641 1020.16589355469 1018.42242431641 1015.52642822266 1018.40985107422 1025.22436523438 1026.15014648438 1037.13220214844 1048.48889160156 1053.23596191406 1054.35827636719 1044.93786621094 1045.75415039062 1033.16149902344 1025.0732421875 1015.19549560547
