data/zlatibor_dem_simulations/DEMsim49.asc
NCOLS 150
NROWS 100
XLLCORNER 7394249
YLLCORNER 4841999
CELLSIZE 30
NODATA_VALUE -9999
[rows 40 to 59 of 100, columns 92 to 137 of 150]
991.435668945312 994.530151367188 1005.55865478516 1005.67565917969 1007.76489257812 988.823059082031 980.750244140625 988.469604492188 988.684326171875 989.60302734375 986.564392089844 994.710998535156 981.970947265625 982.158325195312 990.053039550781 991.203918457031 986.112976074219 985.721618652344 984.696228027344 995.319396972656 999.579772949219 1005.259765625 993.732543945312 984.89697265625 992.148254394531 1006.10577392578 1009.44329833984 1000.73229980469 999.654113769531 996.081848144531 1002.67492675781 995.366821289062 1000.61212158203 1011.40686035156 1007.6025390625 1010.92633056641 1013.58245849609 1015.39874267578 1026.56591796875 1025.01184082031 1035.54760742188 1034.9765625 1035.27197265625 1033.50158691406 1043.96704101562 1049.810546875
992.225830078125 994.356384277344 990.038818359375 995.725891113281 985.555053710938 976.754333496094 971.921875 981.434509277344 979.304809570312 990.253173828125 996.416748046875 992.1103515625 990.012878417969 990.209838867188 978.696533203125 984.60400390625 972.632751464844 982.212341308594 985.6044921875 982.612609863281 990.638366699219 997.246337890625 989.232849121094 989.889282226562 996.599182128906 995.531433105469 999.898132324219 1002.31109619141 1000.31317138672 995.596374511719 1006.14300537109 1000.66375732422 1007.62939453125 1007.11657714844 1009.78692626953 1019.44525146484 1020.36065673828 1029.11743164062 1028.66101074219 1030.09460449219 1038.73486328125 1039.22229003906 1035.00842285156 1043.77795410156 1060.62744140625 1065.22741699219
988.695739746094 990.744934082031 992.2197265625 982.215637207031 983.626159667969 974.423889160156 972.170471191406 980.377868652344 980.169860839844 988.610656738281 993.591735839844 987.736022949219 985.701354980469 986.420166015625 976.772644042969 986.373168945312 978.348571777344 980.120971679688 985.713195800781 987.254028320312 988.060424804688 980.465026855469 980.556335449219 990.37109375 991.690368652344 991.611328125 999.833435058594 992.228454589844 995.9365234375 995.893371582031 994.975830078125 1000.52728271484 1000.58947753906 1007.28082275391 1017.86340332031 1013.88452148438 1025.54797363281 1028.12707519531 1031.12902832031 1045.14538574219 1036.09655761719 1043.40185546875 1039.84301757812 1046.89892578125 1056.99829101562 1068.27966308594
985.347900390625 980.537353515625 984.386474609375 980.823608398438 971.900756835938 981.589294433594 971.764038085938 987.394592285156 981.134948730469 987.803649902344 994.067626953125 988.590698242188 988.873657226562 987.549011230469 989.946105957031 984.0673828125 978.296997070312 977.349548339844 986.733276367188 985.086608886719 990.325744628906 992.660278320312 987.411376953125 993.835571289062 999.282836914062 995.726501464844 998.428833007812 1001.10638427734 1000.68737792969 1006.02734375 1007.73272705078 1005.08319091797 1005.49768066406 1013.64691162109 1015.30316162109 1016.94744873047 1026.35131835938 1026.90808105469 1036.11840820312 1033.10632324219 1039.35803222656 1046.36462402344 1049.6455078125 1053.30786132812 1068.07531738281 1073.08923339844
983.566589355469 989.013977050781 989.592102050781 975.560913085938 973.836669921875 974.192993164062 980.541809082031 981.434387207031 988.093139648438 987.893188476562 988.195007324219 972.883239746094 984.822387695312 981.132019042969 982.903625488281 982.473693847656 986.170104980469 995.138061523438 993.068908691406 987.3193359375 992.893310546875 994.695678710938 997.7421875 1003.01495361328 994.838500976562 997.788879394531 1007.0791015625 1004.57855224609 1009.81365966797 1004.94720458984 1005.15643310547 1008.0185546875 1011.95355224609 1013.8662109375 1018.06243896484 1020.98547363281 1026.2021484375 1029.69921875 1037.45764160156 1039.9765625 1037.37536621094 1043.39807128906 1059.53149414062 1064.38537597656 1066.78735351562 1077.18518066406
975.672241210938 987.780151367188 987.025451660156 979.193359375 976.210754394531 973.212707519531 973.900268554688 979.476928710938 984.035705566406 990.872497558594 983.502563476562 973.334350585938 976.750244140625 982.594848632812 985.134521484375 986.912963867188 1000.73181152344 1001.53247070312 996.820495605469 992.333862304688 997.4833984375 1006.15478515625 1004.89215087891 1001.66552734375 1002.81964111328 1006.49224853516 1005.61260986328 999.040649414062 998.042419433594 1001.79638671875 1007.75933837891 1009.77514648438 1016.0732421875 1017.14318847656 1020.21923828125 1034.75231933594 1032.07702636719 1039.84912109375 1042.0947265625 1043.97644042969 1038.35986328125 1052.27075195312 1065.40100097656 1070.75146484375 1070.11303710938 1081.29260253906
980.359924316406 979.515319824219 978.876403808594 979.802673339844 983.971252441406 980.936767578125 977.820739746094 988.55615234375 988.434020996094 988.830627441406 986.457092285156 984.992065429688 983.198425292969 985.020202636719 990.089538574219 992.036743164062 1001.1748046875 1006.86065673828 1000.64953613281 995.309814453125 1001.90087890625 1004.47521972656 1004.23083496094 1006.61437988281 1013.51477050781 1007.17358398438 1022.48229980469 1006.3974609375 1010.07476806641 1014.84051513672 1017.857421875 1014.04461669922 1026.0849609375 1030.25720214844 1036.03369140625 1032.43041992188 1038.74401855469 1043.73962402344 1047.13684082031 1047.9267578125 1046.82092285156 1061.67858886719 1074.88537597656 1082.7080078125 1083.67163085938 1087.2626953125
973.10986328125 973.967651367188 982.581909179688 982.585998535156 990.418090820312 981.092956542969 971.289367675781 989.784851074219 983.078857421875 991.0498046875 989.209655761719 984.052490234375 988.468383789062 990.622131347656 998.460083007812 989.133728027344 999.918090820312 998.556274414062 997.616333007812 1001.54791259766 1005.92321777344 1003.00885009766 1009.01153564453 1009.46844482422 1015.97515869141 1010.0234375 1014.44250488281 1012.16882324219 1023.67987060547 1016.80444335938 1020.2783203125 1026.29699707031 1039.11828613281 1042.19165039062 1041.35473632812 1038.82861328125 1042.27624511719 1050.07727050781 1052.21203613281 1045.53771972656 1053.50317382812 1065.67517089844 1072.26196289062 1078.69018554688 1089.30139160156 1091.72875976562
968.079895019531 976.956176757812 978.0341796875 981.465393066406 988.469604492188 981.081420898438 976.540344238281 979.528991699219 981.890197753906 980.796325683594 989.744506835938 989.792602539062 984.736511230469 998.957336425781 991.320251464844 988.213745117188 993.884704589844 1000.30236816406 998.288635253906 998.64599609375 1009.43353271484 1009.68859863281 1004.91015625 1005.51617431641 1007.73205566406 1011.93969726562 1008.89392089844 1007.80688476562 1006.17138671875 1020.52191162109 1025.19494628906 1038.66577148438 1045.56164550781 1044.99353027344 1048.58996582031 1050.89880371094 1050.79479980469 1054.85571289062 1050.86364746094 1044.72875976562 1058.24499511719 1065.15405273438 1076.30456542969 1085.97692871094 1092.728515625 1093.63720703125
964.960510253906 970.988403320312 975.443908691406 978.341918945312 986.055358886719 968.475341796875 960.924621582031 974.985168457031 972.6904296875 978.650939941406 985.752685546875 987.447326660156 986.879455566406 988.12744140625 989.05224609375 997.899353027344 996.600646972656 998.714782714844 998.41259765625 1003.02191162109 999.770202636719 996.256469726562 1006.42401123047 1007.328125 1001.61334228516 1009.43487548828 1013.75628662109 1013.20703125 1005.40936279297 1019.40765380859 1023.58526611328 1032.90539550781 1039.01330566406 1043.306640625 1039.34240722656 1042.86328125 1050.25634765625 1047.87182617188 1046.90637207031 1051.25720214844 1056.78820800781 1059.88793945312 1075.31396484375 1076.26257324219 1092.97680664062 1089.49877929688
960.202331542969 970.885559082031 975.99169921875 982.466125488281 978.561584472656 974.992370605469 970.850952148438 967.752624511719 976.251586914062 987.519897460938 990.441955566406 984.582580566406 981.488342285156 981.526733398438 990.118041992188 995.307800292969 989.500610351562 994.315002441406 1000.20330810547 999.190307617188 996.336242675781 1000.24780273438 1006.46978759766 1004.45190429688 1000.69232177734 1013.07318115234 1018.03149414062 1013.06427001953 1009.16906738281 1011.53521728516 1026.06823730469 1020.36614990234 1033.23693847656 1039.28283691406 1033.93884277344 1032.37463378906 1049.38391113281 1050.40197753906 1049.44287109375 1049.49743652344 1055.09375 1060.75671386719 1071.83581542969 1080.31469726562 1088.76379394531 1089.03466796875
968.306457519531 968.845397949219 971.662536621094 982.567443847656 985.0693359375 978.320983886719 968.51513671875 976.788208007812 972.087341308594 981.401550292969 975.746704101562 972.48974609375 973.0634765625 980.45263671875 973.646057128906 979.846801757812 978.742309570312 985.291320800781 989.351867675781 986.407409667969 996.97314453125 1001.12957763672 1005.79382324219 999.53271484375 1005.02160644531 1003.98748779297 1017.93084716797 1013.76666259766 1022.05358886719 1026.32495117188 1026.84265136719 1025.46179199219 1035.84704589844 1032.95080566406 1037.32873535156 1032.80456542969 1047.14868164062 1052.66723632812 1049.8173828125 1044.935546875 1043.8876953125 1058.89123535156 1067.60607910156 1077.6708984375 1086.62219238281 1092.33862304688
970.133239746094 966.531616210938 971.033813476562 979.142517089844 979.752380371094 972.073303222656 977.049438476562 974.563842773438 972.439208984375 970.874816894531 964.880798339844 971.365539550781 970.760559082031 975.448974609375 973.636108398438 983.419860839844 976.931945800781 981.247131347656 983.54296875 975.634826660156 985.068237304688 1005.47662353516 1005.08209228516 1000.86206054688 1001.64709472656 1008.87170410156 1021.54663085938 1013.29669189453 1026.96789550781 1024.04077148438 1023.86749267578 1032.7490234375 1034.08117675781 1033.1025390625 1036.09741210938 1035.97192382812 1042.59741210938 1045.54919433594 1042.42431640625 1045.67431640625 1043.81237792969 1049.47326660156 1069.99340820312 1079.78967285156 1089.74182128906 1084.84631347656
970.721008300781 974.667663574219 978.54443359375 974.705688476562 973.706604003906 982.003051757812 980.507446289062 987.087097167969 970.739013671875 968.700561523438 970.82080078125 964.915466308594 966.703430175781 971.428588867188 979.782348632812 982.540222167969 978.783874511719 980.144897460938 988.611083984375 981.164001464844 988.098693847656 998.0087890625 1007.83319091797 1003.90319824219 1006.6005859375 1007.50372314453 1008.58312988281 1014.93359375 1024.01806640625 1027.513671875 1027.00012207031 1016.73657226562 1033.69860839844 1035.29699707031 1027.736328125 1039.04162597656 1035.69409179688 1041.86730957031 1049.8310546875 1049.35400390625 1045.27526855469 1046.60998535156 1069.69165039062 1080.39477539062 1091.07934570312 1094.85925292969
974.972351074219 968.96875 967.495910644531 965.40087890625 970.16552734375 980.336364746094 987.204650878906 979.693298339844 977.910705566406 977.454406738281 972.292541503906 968.216369628906 974.234924316406 972.817077636719 972.350402832031 976.088134765625 981.61474609375 983.458801269531 979.244323730469 983.617126464844 991.452331542969 989.908020019531 998.382202148438 1002.96417236328 1007.52600097656 1012.83502197266 1016.15753173828 1015.16546630859 1020.83422851562 1028.24157714844 1019.31671142578 1017.07354736328 1031.74389648438 1030.77404785156 1031.62561035156 1031.33410644531 1029.99658203125 1036.3955078125 1049.9345703125 1048.41125488281 1048.28173828125 1058.15698242188 1066.89086914062 1077.26342773438 1086.6767578125 1092.61901855469
978.860595703125 969.336669921875 966.692321777344 975.621704101562 981.859313964844 982.963806152344 980.985046386719 984.472839355469 974.405517578125 971.619750976562 963.006958007812 965.550415039062 970.782287597656 979.281494140625 982.005676269531 983.388061523438 979.859252929688 977.589233398438 975.604553222656 977.156433105469 983.335632324219 997.069763183594 992.949584960938 1001.58654785156 1003.37646484375 1006.96746826172 1015.15490722656 1013.79071044922 1022.52185058594 1026.46862792969 1019.81353759766 1010.78784179688 1022.95770263672 1026.21166992188 1022.33752441406 1024.06750488281 1032.09899902344 1041.94580078125 1046.49487304688 1052.42321777344 1061.32336425781 1071.81140136719 1074.6513671875 1078.42590332031 1080.919921875 1086.28186035156
975.649658203125 969.231140136719 968.559143066406 977.026062011719 978.988647460938 975.86962890625 973.16259765625 974.210205078125 970.37451171875 973.338623046875 962.7353515625 966.487365722656 969.351623535156 978.650085449219 984.7392578125 982.101257324219 978.941772460938 979.328125 985.963928222656 981.63623046875 986.154296875 992.7802734375 997.945007324219 997.400451660156 997.543395996094 1004.75714111328 1009.37451171875 1015.42822265625 1021.34265136719 1018.95819091797 1016.44110107422 1006.34033203125 1015.37573242188 1026.95751953125 1017.75787353516 1023.19897460938 1032.1552734375 1042.93041992188 1062.974609375 1055.75598144531 1068.47094726562 1079.65698242188 1076.98327636719 1091.16040039062 1086.412109375 1082.23388671875
971.908264160156 961.888793945312 977.760375976562 977.449584960938 983.363342285156 969.826782226562 973.707824707031 974.638854980469 970.646606445312 978.630004882812 972.85302734375 969.884399414062 967.744384765625 984.175903320312 991.328857421875 992.972045898438 993.549377441406 983.538452148438 990.539489746094 994.580383300781 997.724609375 996.924133300781 1001.45947265625 993.36279296875 995.463806152344 1008.36175537109 1010.29333496094 1015.61358642578 1011.55847167969 1009.72784423828 1015.10485839844 1007.53552246094 1007.38787841797 1012.45233154297 1009.53973388672 1017.68444824219 1032.10131835938 1045.23510742188 1060.48669433594 1061.37316894531 1068.89233398438 1079.435546875 1076.12512207031 1080.2294921875 1083.94348144531 1087.33630371094
971.409057617188 967.128967285156 971.136596679688 976.391540527344 990.428466796875 986.49609375 986.430419921875 989.309753417969 984.507751464844 987.392761230469 985.908508300781 976.45703125 971.828918457031 972.608093261719 985.684875488281 995.32373046875 1001.01043701172 992.235473632812 996.972229003906 1000.56127929688 1003.33709716797 1002.23205566406 1007.24108886719 994.697387695312 1000.26318359375 1009.9326171875 1000.82849121094 1004.82446289062 1016.51806640625 1015.27258300781 1005.39001464844 1005.42218017578 1002.94879150391 1008.61157226562 1010.18225097656 1016.18292236328 1034.18139648438 1057.14611816406 1056.32409667969 1063.06408691406 1070.837890625 1078.05676269531 1079.73498535156 1074.47741699219 1073.67468261719 1076.50354003906
964.820617675781 967.848388671875 976.906127929688 982.319641113281 981.978515625 977.297180175781 982.521423339844 984.978088378906 988.755920410156 979.995971679688 979.837646484375 973.230102539062 978.064025878906 981.300720214844 981.521240234375 995.379516601562 989.160339355469 984.379699707031 993.652526855469 999.315673828125 1005.69982910156 1013.81134033203 1012.16931152344 1004.89434814453 1004.21960449219 1001.41473388672 1004.55786132812 1000.51123046875 1003.74755859375 1000.10900878906 998.072448730469 993.612121582031 998.45703125 1007.60131835938 1023.50653076172 1016.41589355469 1028.26843261719 1053.35290527344 1057.66723632812 1061.45520019531 1071.82275390625 1070.81201171875 1073.82482910156 1076.72229003906 1083.06237792969 1075.33056640625
