data/zlatibor_dem_simulations/DEMsim17.asc
NCOLS 150
NROWS 100
XLLCORNER 7394249
YLLCORNER 4841999
CELLSIZE 30
NODATA_VALUE -9999
[rows 80 to 99 of 100, columns 46 to 91 of 150]
997.722961425781 1010.46978759766 1005.96948242188 991.361938476562 996.000183105469 993.431213378906 995.325378417969 991.162780761719 992.180908203125 991.69580078125 988.911987304688 985.090698242188 983.657104492188 980.256530761719 965.055603027344 974.995178222656 972.262817382812 975.476806640625 969.765014648438 972.237609863281 983.1181640625 978.901611328125 979.765197753906 986.200134277344 983.758544921875 988.425354003906 994.542053222656 989.920166015625 983.6953125 988.284362792969 1005.3994140625 1001.67584228516 999.411010742188 1006.05767822266 1004.283203125 1015.43487548828 1009.76263427734 993.429321289062 993.195434570312 1007.14416503906 993.9814453125 1000.49932861328 1002.00512695312 993.058471679688 986.139892578125 990.102355957031
1003.95593261719 1015.41357421875 1011.32739257812 1004.56372070312 1004.11047363281 996.207458496094 996.820373535156 992.188720703125 992.619567871094 992.810668945312 982.144714355469 978.6533203125 983.396301269531 985.610473632812 980.447937011719 970.735717773438 974.857604980469 981.233154296875 976.861938476562 979.569396972656 973.411071777344 985.705322265625 975.205139160156 967.225402832031 978.244873046875 989.635314941406 987.880249023438 979.650329589844 983.282104492188 988.623168945312 993.767517089844 997.074951171875 998.368713378906 1000.26336669922 1009.33709716797 1004.38165283203 1006.53326416016 1003.13464355469 1006.23455810547 1000.34576416016 1004.12957763672 1002.63262939453 1004.37060546875 1002.10070800781 994.464721679688 986.385681152344
1008.73999023438 1012.16766357422 1009.44158935547 1010.38360595703 1005.27465820312 1004.42443847656 1002.01922607422 997.926696777344 990.4658203125 1002.69964599609 981.7138671875 987.865417480469 985.668029785156 980.8359375 980.419494628906 977.970031738281 974.387634277344 979.270385742188 988.521057128906 983.818176269531 985.860656738281 978.120239257812 974.168212890625 983.343078613281 976.326965332031 987.616333007812 981.956787109375 982.789733886719 987.39453125 987.92578125 994.709289550781 998.268432617188 1000.65167236328 997.559143066406 1001.59216308594 1006.41241455078 1006.92370605469 1002.94970703125 1002.91711425781 1003.86358642578 1000.57495117188 999.285949707031 997.4921875 997.610900878906 1002.97668457031 997.566284179688
1004.75317382812 1006.6611328125 1005.87854003906 1008.56555175781 1003.12963867188 1002.85729980469 1006.85858154297 1000.67230224609 997.812683105469 998.581604003906 990.915283203125 991.641052246094 985.825561523438 985.382507324219 988.497741699219 981.287658691406 983.963012695312 979.563354492188 977.168151855469 985.444519042969 993.5400390625 976.8115234375 980.749145507812 978.835327148438 979.589477539062 986.109069824219 982.765319824219 982.181945800781 981.50146484375 982.96826171875 991.398376464844 997.865417480469 994.3828125 989.105651855469 996.541687011719 1004.9169921875 999.016967773438 997.851989746094 1002.58575439453 995.919860839844 993.994750976562 995.373229980469 998.602233886719 992.775085449219 1003.42883300781 999.140686035156
999.848999023438 1004.2607421875 1007.21453857422 1007.24340820312 1008.40051269531 1000.46594238281 1000.73223876953 1002.49798583984 1008.14288330078 1012.29858398438 1001.98364257812 995.79931640625 995.798522949219 991.996215820312 989.60888671875 982.309936523438 989.174377441406 989.48779296875 984.156982421875 990.734680175781 981.643188476562 978.400512695312 980.964050292969 987.550354003906 987.286865234375 990.942932128906 989.96435546875 983.849548339844 981.199890136719 982.376220703125 988.047607421875 996.769470214844 986.562133789062 980.575134277344 985.873413085938 989.870422363281 995.801147460938 994.768432617188 1001.03820800781 996.361755371094 997.811584472656 997.128356933594 993.177429199219 991.686645507812 999.450500488281 995.956176757812
994.949279785156 1009.68328857422 1010.77893066406 1014.06127929688 1011.16326904297 998.31689453125 996.302001953125 996.954772949219 996.090698242188 1002.31103515625 1005.31378173828 994.619445800781 996.008361816406 997.630615234375 981.620300292969 988.951904296875 988.592590332031 986.279846191406 983.326843261719 982.415222167969 987.212280273438 987.007263183594 985.042358398438 994.23291015625 984.77783203125 986.312316894531 988.359497070312 984.609924316406 979.812255859375 989.821838378906 989.710571289062 984.670654296875 982.927062988281 981.386108398438 985.019897460938 987.484313964844 989.734619140625 1000.93310546875 1003.04907226562 1006.07421875 1002.09069824219 995.487915039062 994.149963378906 995.919372558594 1001.17895507812 1000.49731445312
998.83447265625 1001.88470458984 1000.92150878906 1010.75238037109 1013.40411376953 998.4716796875 1001.60223388672 990.429931640625 991.157775878906 990.237487792969 1002.6298828125 993.426147460938 992.994506835938 991.294860839844 985.589477539062 989.280395507812 989.77783203125 994.87158203125 991.550415039062 992.670593261719 986.508605957031 989.931823730469 989.478515625 991.926147460938 991.155944824219 984.706726074219 987.435791015625 986.221740722656 986.412048339844 987.877563476562 988.389465332031 984.879577636719 987.827575683594 990.69482421875 993.635070800781 991.845825195312 987.206848144531 992.500244140625 1002.15405273438 1005.22412109375 1009.35589599609 1003.05303955078 1008.14807128906 1009.68005371094 1004.21405029297 1003.56604003906
992.90087890625 999.556579589844 994.758544921875 998.190307617188 1002.46179199219 997.1171875 995.669982910156 995.437377929688 987.0537109375 990.003479003906 993.044067382812 998.8046875 994.203125 1002.3125 1004.02691650391 989.475769042969 992.570556640625 1006.66412353516 998.231628417969 988.097106933594 981.222229003906 984.381286621094 991.56103515625 989.682312011719 981.145385742188 989.211608886719 986.367065429688 988.778259277344 989.066528320312 986.001708984375 999.512145996094 995.684204101562 997.781494140625 995.287109375 994.85400390625 989.5888671875 995.639831542969 994.920593261719 999.008483886719 1009.4140625 1014.94708251953 1008.92498779297 1006.45989990234 1010.57006835938 1020.15264892578 1008.57818603516
990.843383789062 997.886352539062 995.668823242188 995.656311035156 1000.89562988281 993.424499511719 993.553405761719 989.020812988281 989.1103515625 992.629272460938 997.199584960938 1000.17834472656 1006.39129638672 1002.60345458984 997.526123046875 997.755310058594 994.948181152344 1004.53857421875 995.405029296875 990.470275878906 989.449645996094 993.644165039062 989.101989746094 990.171447753906 988.988220214844 991.367431640625 991.889221191406 987.406188964844 996.872619628906 991.352600097656 1002.40167236328 998.557678222656 994.436401367188 1002.05114746094 994.779663085938 997.008911132812 1001.11767578125 1000.76293945312 1001.64831542969 1010.56219482422 1011.96002197266 1014.61895751953 1007.48126220703 1011.23266601562 1023.09808349609 1008.93664550781
989.40673828125 991.608581542969 989.572570800781 997.54248046875 1002.31597900391 995.982666015625 989.419250488281 982.291931152344 993.544372558594 1001.17987060547 1004.8779296875 1003.34283447266 993.82470703125 1007.31896972656 1000.35998535156 997.865051269531 1001.89837646484 997.573547363281 993.647521972656 990.03564453125 989.806823730469 999.268188476562 994.230163574219 987.693603515625 998.490234375 990.316833496094 990.696655273438 992.671875 1003.47760009766 999.390869140625 996.357543945312 992.053771972656 994.396240234375 998.379943847656 996.042602539062 995.43603515625 1000.49743652344 998.278930664062 1000.91809082031 999.774230957031 1010.61853027344 1014.53405761719 1016.73199462891 1015.76623535156 1014.73107910156 1021.63104248047
982.43017578125 987.173400878906 989.515380859375 997.988525390625 1001.59149169922 997.877380371094 996.010864257812 991.874877929688 998.302856445312 1009.47491455078 1008.42102050781 994.029724121094 1001.81335449219 1009.10852050781 1005.96838378906 996.564697265625 997.873168945312 1001.28173828125 1001.90167236328 998.649169921875 1001.13317871094 1000.79241943359 993.97900390625 995.611389160156 993.971313476562 988.170654296875 998.232421875 998.231323242188 994.39404296875 997.470703125 1000.16326904297 996.120544433594 992.649536132812 990.469543457031 989.087707519531 988.774230957031 998.733093261719 1005.01129150391 1005.49591064453 1001.40319824219 1011.07061767578 1015.30810546875 1015.95294189453 1014.19812011719 1016.80712890625 1016.8173828125
981.408508300781 979.765441894531 979.265747070312 985.361511230469 989.074401855469 998.263854980469 999.944580078125 989.175659179688 997.263305664062 1012.18438720703 1009.00671386719 1008.00726318359 1008.65252685547 1008.23754882812 1013.16345214844 1012.62646484375 1008.2529296875 1002.85229492188 1006.08978271484 1002.70739746094 998.427062988281 991.972961425781 994.966064453125 997.847412109375 997.296936035156 996.375061035156 995.718444824219 987.099975585938 998.268615722656 998.096618652344 1002.08666992188 1002.31976318359 995.062561035156 988.976806640625 997.392822265625 986.635131835938 993.850952148438 997.979370117188 997.422241210938 1003.78393554688 1000.78857421875 1006.29278564453 1018.78552246094 1022.18499755859 1017.62872314453 1008.6259765625
973.766296386719 978.237915039062 984.493103027344 988.396057128906 990.418029785156 996.385192871094 993.183959960938 996.093200683594 1000.93145751953 1014.11505126953 1009.72631835938 1012.41412353516 1010.14996337891 1017.78570556641 1007.96392822266 1010.99279785156 1013.35430908203 1017.52630615234 1013.24859619141 1007.40698242188 1002.89422607422 1002.46057128906 1002.30194091797 1002.64709472656 998.425109863281 994.344604492188 998.973022460938 996.330505371094 995.969360351562 996.992919921875 999.755676269531 1003.82690429688 993.845947265625 992.682373046875 991.203552246094 987.049011230469 1003.63763427734 1001.21856689453 990.383728027344 998.790466308594 1001.61859130859 1003.84698486328 1018.89996337891 1015.59991455078 1008.46264648438 1005.24291992188
984.626770019531 982.861511230469 985.338073730469 985.486022949219 986.454895019531 989.126892089844 994.243957519531 995.677429199219 999.795471191406 1007.57977294922 1009.08666992188 1017.88635253906 1016.54077148438 1009.86059570312 1015.51666259766 1015.28546142578 1008.7705078125 1018.32092285156 1012.38128662109 1005.91345214844 1002.57403564453 1005.79132080078 1001.6884765625 1011.98956298828 999.783203125 991.499389648438 990.121948242188 1002.15112304688 1001.00018310547 1000.95501708984 1002.04595947266 998.506652832031 997.450622558594 996.761413574219 988.6103515625 999.410400390625 999.150451660156 995.472595214844 987.06201171875 997.614013671875 999.121643066406 1012.68188476562 1019.99963378906 1014.11767578125 1015.17681884766 1006.98699951172
979.087890625 977.385131835938 984.035888671875 987.640563964844 989.264343261719 991.377136230469 986.624816894531 996.427490234375 998.013549804688 1010.86682128906 1014.40728759766 1018.00061035156 1013.30877685547 1016.99096679688 1019.93267822266 1023.15002441406 1014.21936035156 1014.86059570312 1015.42010498047 1017.00036621094 1016.56024169922 1011.16967773438 1002.59375 1010.67150878906 1003.84991455078 1000.98309326172 994.19091796875 999.398742675781 994.416259765625 987.174133300781 994.953857421875 992.289794921875 995.337463378906 996.110229492188 1001.662109375 1001.16864013672 1003.47528076172 995.02978515625 996.528259277344 1003.95422363281 999.319519042969 1011.08728027344 1008.63177490234 1005.41833496094 1004.83953857422 1008.39660644531
974.453430175781 972.918518066406 980.210876464844 980.896667480469 985.166015625 992.948181152344 988.539001464844 994.780700683594 1006.03045654297 1008.63354492188 1014.53826904297 1007.66534423828 1018.82012939453 1027.81896972656 1029.41284179688 1015.12335205078 1017.9736328125 1018.90966796875 1025.466796875 1018.94946289062 1014.53985595703 1012.5380859375 1011.88031005859 1011.94152832031 1004.01806640625 1000.43090820312 995.072875976562 996.968566894531 995.08056640625 996.958984375 997.501525878906 995.063232421875 993.420349121094 998.343444824219 999.725341796875 998.841796875 995.798400878906 1002.03533935547 996.315124511719 996.244567871094 997.679382324219 1004.75128173828 998.089477539062 1003.94830322266 1010.70184326172 1014.89611816406
979.9404296875 986.256774902344 980.001586914062 980.719604492188 980.181579589844 989.026733398438 994.28466796875 1003.00579833984 1000.36218261719 1005.06408691406 999.747924804688 1012.76177978516 1015.4306640625 1026.45861816406 1023.10278320312 1016.48828125 1021.92681884766 1014.57189941406 1025.66320800781 1021.72625732422 1027.27270507812 1017.98156738281 1006.830078125 1010.78857421875 1001.95440673828 1001.52648925781 1005.97021484375 1006.50689697266 1008.74493408203 1005.13757324219 1002.8916015625 1006.33850097656 997.771301269531 1000.71270751953 1000.04022216797 985.386169433594 999.784851074219 1004.84661865234 1005.03784179688 991.5263671875 987.9560546875 995.904235839844 1009.13391113281 1011.03881835938 1005.34637451172 1020.66229248047
985.185424804688 991.575378417969 978.574645996094 982.362121582031 983.646301269531 983.504150390625 994.218566894531 1000.95092773438 1006.01049804688 1007.05261230469 1007.05712890625 1014.85968017578 1018.56500244141 1023.62237548828 1020.40515136719 1021.06103515625 1021.53997802734 1018.94110107422 1028.18237304688 1022.78002929688 1017.92364501953 1015.79071044922 1012.89208984375 1008.90173339844 999.898254394531 1005.26062011719 1000.72033691406 1014.12084960938 1013.67810058594 1013.91015625 1005.61737060547 1008.58636474609 997.219787597656 1005.09197998047 1002.20129394531 996.3369140625 995.353820800781 1002.52014160156 1000.6953125 1000.52917480469 996.771728515625 1007.53833007812 1009.38360595703 1000.34063720703 1004.20465087891 1015.99353027344
988.05419921875 993.15380859375 989.549865722656 979.941284179688 975.044860839844 981.766296386719 989.623657226562 991.659790039062 1000.86804199219 999.802856445312 1012.49243164062 1020.99835205078 1027.25659179688 1027.34301757812 1028.18383789062 1029.85192871094 1022.64727783203 1014.53460693359 1016.33929443359 1016.10998535156 1022.49591064453 1016.63928222656 1014.32189941406 1021.90728759766 1006.44085693359 1011.57293701172 1008.0234375 1006.83575439453 1013.44342041016 1012.93676757812 1005.31878662109 1002.64141845703 997.5537109375 1000.76745605469 998.562866210938 990.954467773438 990.880554199219 996.512634277344 1005.326171875 1001.38653564453 998.883361816406 1013.24420166016 1007.80554199219 996.354309082031 1002.73150634766 1016.82604980469
984.494567871094 985.895385742188 982.622314453125 982.637634277344 983.779602050781 986.239624023438 985.086853027344 989.346496582031 995.115295410156 1004.97583007812 1011.39556884766 1012.16345214844 1026.98474121094 1026.53662109375 1026.69458007812 1030.62243652344 1023.61614990234 1008.67077636719 1012.47149658203 1017.08892822266 1018.71673583984 1021.54943847656 1017.55346679688 1017.13616943359 1021.39587402344 1020.22045898438 1001.27557373047 1000.74621582031 1016.7041015625 1009.79919433594 1007.00708007812 1001.99780273438 1004.05718994141 996.174377441406 982.150512695312 980.259582519531 984.527770996094 996.238098144531 1004.93560791016 1000.42431640625 998.983764648438 1008.97357177734 1009.4541015625 994.659729003906 1006.36761474609 1011.98681640625
