data/zlatibor_dem_simulations/DEMsim4.asc
NCOLS 150
NROWS 100
XLLCORNER 7394249
YLLCORNER 4841999
CELLSIZE 30
NODATA_VALUE -9999
[rows 0 to 19 of 100, columns 0 to 45 of 150]
1009.06024169922 1013.79345703125 1013.38922119141 1016.52117919922 1021.18487548828 1021.14147949219 1025.71472167969 1018.41644287109 1021.49243164062 1022.18133544922 1013.8623046875 1015.41510009766 1016.76647949219 1015.68872070312 1003.28167724609 1007.86120605469 1003.80291748047 1007.87561035156 1011.52746582031 1017.57611083984 1023.84448242188 1021.50524902344 1024.28759765625 1027.65270996094 1029.1708984375 1024.3251953125 1028.9609375 1027.24340820312 1027.57666015625 1031.35986328125 1035.99816894531 1043.09130859375 1037.130859375 1041.12670898438 1023.52545166016 1026.52233886719 1025.02807617188 1021.72424316406 1013.84185791016 1019.36791992188 1020.02020263672 1017.73608398438 1009.42443847656 1001.15173339844 987.611633300781 986.369262695312
999.224182128906 1007.06512451172 1004.76354980469 1009.95581054688 1010.94177246094 1009.47125244141 1018.77471923828 1010.12744140625 1018.06146240234 1027.64831542969 1017.42443847656 1007.50695800781 1003.49584960938 999.483215332031 1003.51458740234 1008.30181884766 1015.38873291016 1008.78802490234 1012.1611328125 1018.94482421875 1026.38818359375 1035.64318847656 1038.63903808594 1030.79846191406 1028.65014648438 1035.57495117188 1028.82885742188 1024.76196289062 1024.19311523438 1039.85522460938 1044.42883300781 1042.84118652344 1033.55212402344 1026.81042480469 1027.060546875 1034.31286621094 1030.95300292969 1015.822265625 1015.78668212891 1018.50225830078 1019.69177246094 1013.06036376953 1005.22137451172 996.684204101562 1003.90710449219 993.065246582031
1009.84765625 1001.40686035156 1002.24645996094 1005.89721679688 999.09375 995.713012695312 998.353942871094 1005.37445068359 1012.05902099609 1016.22680664062 1009.57696533203 1010.08776855469 1007.36389160156 1001.12316894531 1002.41876220703 1008.48669433594 1016.68707275391 1019.62261962891 1023.75939941406 1025.88208007812 1029.39916992188 1033.54455566406 1040.75 1030.56799316406 1032.34790039062 1031.41564941406 1024.99475097656 1022.12707519531 1022.08111572266 1031.06958007812 1035.28649902344 1033.75012207031 1028.46752929688 1020.61920166016 1029.76245117188 1033.55541992188 1029.91235351562 1024.92590332031 1022.35034179688 1021.25689697266 1018.24194335938 1007.78228759766 1006.03692626953 1012.24371337891 1000.75427246094 998.351318359375
1016.12274169922 1000.60949707031 1001.57116699219 1002.42742919922 994.673950195312 997.251892089844 1010.02465820312 1004.67706298828 1014.28967285156 1014.30187988281 1006.61859130859 996.884582519531 999.586364746094 1009.73895263672 1005.26879882812 1015.28826904297 1014.23382568359 1018.88592529297 1023.94403076172 1033.49755859375 1036.56884765625 1041.16711425781 1036.18115234375 1036.31958007812 1026.43188476562 1028.556640625 1021.20391845703 1014.71948242188 1017.71929931641 1033.01770019531 1030.24645996094 1027.32824707031 1025.9873046875 1027.18225097656 1021.78875732422 1032.97290039062 1028.75537109375 1017.26086425781 1019.99609375 1012.1748046875 1008.36328125 1007.26684570312 1001.77362060547 1001.21801757812 993.132568359375 994.136108398438
1002.70471191406 999.233642578125 1001.05261230469 996.383422851562 995.13720703125 1001.77740478516 1003.49743652344 1007.4814453125 1011.61309814453 1008.10736083984 1004.43664550781 1001.12396240234 1003.10699462891 1006.33374023438 1011.35510253906 1014.95812988281 1018.68774414062 1019.09161376953 1021.60363769531 1029.576171875 1035.27429199219 1034.236328125 1046.29772949219 1031.80310058594 1035.26513671875 1025.0703125 1012.537109375 1013.01330566406 1020.09393310547 1024.32861328125 1020.38299560547 1025.98742675781 1027.62182617188 1024.93200683594 1034.91296386719 1023.55578613281 1024.12829589844 1023.54772949219 1022.63818359375 1018.51916503906 1011.29211425781 1006.81597900391 1002.17791748047 999.53857421875 995.110656738281 985.20849609375
1001.86541748047 994.631896972656 1002.73297119141 1002.40985107422 996.947326660156 992.273010253906 1005.25500488281 1009.00286865234 1015.48492431641 1010.78594970703 1014.21423339844 1002.48608398438 1000.05023193359 1007.25183105469 1013.69561767578 1012.75457763672 1013.08148193359 1005.91003417969 1017.57220458984 1026.39233398438 1022.13854980469 1023.36694335938 1031.37097167969 1029.94970703125 1034.32482910156 1032.05554199219 1013.94293212891 1015.66870117188 1012.96923828125 1021.97265625 1024.34436035156 1017.49670410156 1022.94720458984 1022.55938720703 1026.19641113281 1016.54144287109 1023.55572509766 1021.89123535156 1015.95550537109 1009.83514404297 1007.9775390625 1018.56549072266 1017.51068115234 1004.81323242188 995.384887695312 984.516845703125
999.127624511719 1001.47387695312 990.599365234375 997.370483398438 993.365051269531 991.165283203125 999.256286621094 1005.87426757812 1013.11016845703 1011.09893798828 1000.55645751953 1001.87298583984 1005.73712158203 1008.09802246094 1015.90411376953 1020.15277099609 1013.20336914062 1014.65936279297 1021.14971923828 1024.53149414062 1033.11975097656 1020.3349609375 1010.03497314453 1011.91387939453 1015.57855224609 1018.83099365234 1016.85321044922 1012.61010742188 1013.94921875 1017.41735839844 1016.18927001953 1018.98901367188 1021.59075927734 1016.0283203125 1020.2021484375 1015.22930908203 1022.15020751953 1021.83679199219 1013.47924804688 1008.67791748047 1011.31237792969 1017.13116455078 1019.93493652344 1003.19232177734 988.789245605469 992.418334960938
1002.43017578125 998.588195800781 990.879272460938 990.252258300781 986.954711914062 995.468139648438 1000.11315917969 1007.48699951172 1007.93872070312 1009.12554931641 996.227416992188 993.251037597656 990.849548339844 995.511657714844 996.252014160156 1016.92907714844 1007.67407226562 1017.44494628906 1024.70812988281 1027.9697265625 1025.60510253906 1025.02380371094 1013.34899902344 1005.68969726562 1006.64013671875 1015.13549804688 1007.04028320312 1002.19799804688 1006.01635742188 1005.71942138672 1016.19024658203 1017.81652832031 1019.21081542969 1010.84362792969 1011.76049804688 1007.32427978516 1019.17657470703 1019.32513427734 1016.08068847656 1012.75207519531 1020.0234375 1022.40509033203 1012.43402099609 994.857482910156 988.58935546875 993.554565429688
996.694946289062 995.637023925781 989.036743164062 987.431823730469 991.831481933594 996.540954589844 999.972717285156 1000.39447021484 1002.58032226562 1009.35589599609 988.820251464844 990.406005859375 998.756530761719 991.748474121094 998.875183105469 1017.05627441406 1010.80487060547 1015.10229492188 1015.63818359375 1021.99700927734 1019.96875 1018.14166259766 1017.87329101562 1006.25659179688 1006.51904296875 1005.30261230469 1008.12353515625 1004.24273681641 1004.06866455078 999.863586425781 1010.37915039062 1008.87176513672 1019.39172363281 1015.42883300781 1009.47253417969 1003.16784667969 1014.12048339844 1025.86755371094 1015.93206787109 1018.32110595703 1014.06060791016 1011.30889892578 1006.16009521484 998.788635253906 983.938598632812 990.476989746094
992.247680664062 987.269836425781 987.624206542969 997.634399414062 995.9443359375 999.438598632812 995.917236328125 1002.53070068359 996.813598632812 992.994689941406 991.790405273438 999.322326660156 995.781433105469 994.657958984375 1003.75274658203 1008.13702392578 1012.16418457031 1014.58966064453 1016.09112548828 1017.04016113281 1021.01159667969 1016.42059326172 1016.40997314453 1003.13348388672 1004.40386962891 1008.50561523438 1007.92242431641 1006.82421875 1004.00561523438 999.074035644531 1006.52954101562 1020.59313964844 1027.22241210938 1014.33489990234 1009.0146484375 1016.05590820312 1011.88012695312 1018.77783203125 1012.75079345703 1011.44964599609 1009.77874755859 1004.50909423828 999.5732421875 989.632934570312 986.220825195312 1000.00872802734
988.640502929688 993.733032226562 993.890502929688 1003.88171386719 996.657470703125 997.660095214844 997.007507324219 993.525329589844 991.138732910156 986.278381347656 995.747436523438 992.361083984375 998.448364257812 1007.30419921875 1010.15588378906 1007.42547607422 1008.87756347656 1010.65765380859 1015.94451904297 1018.68792724609 1020.29498291016 1018.30749511719 1016.13641357422 1004.56237792969 999.594421386719 1005.33569335938 1005.34191894531 993.575561523438 1004.99572753906 1011.58746337891 1004.82421875 1013.19500732422 1021.77526855469 1013.14715576172 1016.63415527344 1015.71362304688 1014.73748779297 1009.98760986328 1010.87371826172 1011.73693847656 1008.97863769531 1008.13708496094 1006.23693847656 1001.54870605469 1006.12176513672 1003.40173339844
999.356750488281 999.580688476562 995.740966796875 1003.71417236328 994.803405761719 997.054443359375 997.754821777344 988.440124511719 986.44873046875 981.851318359375 986.760986328125 994.209289550781 989.2431640625 999.759521484375 1008.115234375 1007.08337402344 1006.15069580078 998.724670410156 1005.27514648438 1006.81585693359 1003.84039306641 1012.33148193359 1010.11187744141 1006.73913574219 1001.02056884766 1009.81011962891 1009.08905029297 1007.81689453125 1009.74884033203 1006.64862060547 1009.72045898438 1002.66552734375 1012.13427734375 1018.93609619141 1017.78259277344 1018.97338867188 1017.59100341797 1014.36560058594 1005.51141357422 1008.81274414062 1009.65240478516 1017.69372558594 1017.58428955078 1011.72741699219 1018.53552246094 1024.85229492188
1010.61987304688 1009.40124511719 1008.86383056641 993.015075683594 985.755737304688 994.56689453125 989.004272460938 982.694885253906 980.98193359375 979.193969726562 980.613891601562 983.205078125 991.921142578125 992.561279296875 1000.97174072266 1006.00537109375 1005.72479248047 1000.47351074219 995.942260742188 1004.29705810547 1000.69879150391 997.520690917969 998.056884765625 993.538513183594 992.088012695312 994.428283691406 1000.77416992188 1017.64202880859 1012.57769775391 1009.73834228516 1013.66766357422 1012.75915527344 1017.16796875 1018.41375732422 1019.58862304688 1019.77850341797 1021.10998535156 1022.53863525391 1025.95739746094 1026.27819824219 1025.25317382812 1023.25610351562 1018.57232666016 1018.90240478516 1020.49554443359 1020.14074707031
995.287414550781 1001.31671142578 1003.23559570312 985.347900390625 988.510620117188 988.260375976562 981.237426757812 977.295654296875 982.302062988281 982.741333007812 968.356506347656 977.383544921875 982.245422363281 985.266723632812 996.097961425781 1007.89776611328 1006.52893066406 1000.85797119141 1004.75146484375 996.479919433594 992.723999023438 985.413208007812 983.908447265625 980.846069335938 981.3154296875 983.6708984375 990.689636230469 1008.20782470703 1008.69708251953 1001.05676269531 1017.42663574219 1014.89910888672 1019.14733886719 1022.46484375 1025.93884277344 1021.19281005859 1029.24890136719 1037.85278320312 1037.814453125 1032.75952148438 1025.39465332031 1027.83227539062 1033.98254394531 1025.42846679688 1012.7333984375 1008.88159179688
998.585571289062 1000.80462646484 996.242065429688 993.401062011719 981.796630859375 978.457946777344 980.621826171875 977.956420898438 975.932861328125 969.928161621094 975.161071777344 977.523498535156 984.379699707031 990.921691894531 991.759460449219 994.456115722656 999.901428222656 997.035522460938 1000.41363525391 997.518310546875 995.473327636719 988.873474121094 977.333740234375 976.981262207031 982.3994140625 983.102233886719 994.467468261719 1004.30462646484 1009.1123046875 1004.46691894531 1019.47534179688 1021.56207275391 1022.22375488281 1024.02880859375 1023.68798828125 1032.87622070312 1037.06884765625 1035.60302734375 1038.31103515625 1048.51342773438 1037.09729003906 1027.84692382812 1030.19213867188 1023.52917480469 1019.06799316406 1010.84985351562
997.0234375 994.391723632812 988.772338867188 988.926635742188 979.281066894531 980.942504882812 979.821166992188 981.764526367188 983.807678222656 980.518432617188 980.533203125 975.096496582031 979.260009765625 979.545959472656 995.059997558594 994.127258300781 989.807495117188 989.516418457031 988.212951660156 996.3056640625 995.280700683594 986.040222167969 975.329956054688 976.623352050781 986.79052734375 989.674499511719 988.778564453125 989.772277832031 1010.98052978516 1014.09326171875 1016.83752441406 1024.572265625 1026.36889648438 1028.52331542969 1031.63439941406 1037.49157714844 1036.69763183594 1040.90942382812 1041.7802734375 1045.05554199219 1046.55859375 1038.90173339844 1035.40270996094 1022.43756103516 1026.25146484375 1014.10589599609
982.648193359375 996.572021484375 985.97119140625 979.378662109375 971.533142089844 969.926330566406 977.156921386719 982.264099121094 983.910339355469 986.06298828125 977.447082519531 967.580200195312 974.527648925781 983.059387207031 985.33642578125 995.7568359375 989.755310058594 992.758544921875 978.187866210938 981.586303710938 987.674438476562 984.810546875 980.684753417969 983.668823242188 980.881469726562 983.760803222656 990.268676757812 993.681396484375 1012.67529296875 1017.24011230469 1023.80145263672 1023.44091796875 1028.18823242188 1034.49670410156 1035.29345703125 1031.85131835938 1036.6533203125 1036.05859375 1035.91796875 1035.19116210938 1044.0146484375 1041.56384277344 1033.57214355469 1023.53625488281 1019.23333740234 1016.28063964844
975.351684570312 973.970703125 975.572631835938 971.834777832031 966.986206054688 971.485656738281 981.942810058594 985.928527832031 986.287658691406 976.648254394531 966.28564453125 976.604553222656 974.953796386719 980.889953613281 981.73095703125 983.580810546875 982.046508789062 978.989196777344 968.077026367188 960.775085449219 978.197021484375 985.813842773438 986.489929199219 984.626037597656 988.507385253906 983.783203125 983.047912597656 999.325439453125 1010.01086425781 1021.39825439453 1022.1337890625 1021.49926757812 1027.814453125 1031.2568359375 1030.24560546875 1030.70654296875 1033.19689941406 1041.9716796875 1036.84497070312 1036.54296875 1039.12817382812 1044.20703125 1029.75036621094 1025.87756347656 1020.33068847656 1012.33648681641
968.683471679688 975.447509765625 965.2919921875 961.325866699219 969.1748046875 964.342102050781 977.050354003906 977.564575195312 977.926208496094 973.119445800781 965.726440429688 975.921997070312 979.913452148438 977.798706054688 979.199340820312 972.908203125 973.312255859375 971.341430664062 961.206970214844 964.741943359375 968.15625 981.017822265625 987.560668945312 985.587646484375 984.138916015625 986.321350097656 987.038146972656 1001.25256347656 1005.97039794922 1018.42333984375 1024.30065917969 1018.80963134766 1032.30908203125 1036.60620117188 1037.19519042969 1035.63403320312 1031.01354980469 1036.8955078125 1044.07922363281 1031.33276367188 1041.83972167969 1041.64489746094 1040.67517089844 1033.35046386719 1022.65631103516 1019.41363525391
967.716796875 966.86865234375 963.345520019531 960.397094726562 964.658935546875 958.407348632812 970.438293457031 964.522583007812 971.281494140625 963.631469726562 958.951599121094 959.314819335938 959.945617675781 965.14208984375 967.191650390625 960.395263671875 961.940246582031 971.566589355469 971.782836914062 975.846252441406 969.544494628906 975.585083007812 983.260009765625 984.753112792969 985.798522949219 993.240905761719 999.80078125 1004.18664550781 1014.18597412109 1020.38732910156 1020.50445556641 1023.85491943359 1022.21667480469 1027.84411621094 1034.6611328125 1039.744140625 1043.40002441406 1039.20581054688 1034.25854492188 1034.7197265625 1039.32751464844 1039.0810546875 1040.54272460938 1030.28552246094 1025.52087402344 1020.46746826172
