data/zlatibor_dem_simulations/DEMsim65 (1).asc
NCOLS 150
NROWS 100
XLLCORNER 7394249
YLLCORNER 4841999
CELLSIZE 30
NODATA_VALUE -9999
[rows 20 to 39 of 100, columns 46 to 91 of 150]
1006.087890625 1006.55981445312 1004.02789306641 1003.46844482422 1004.99035644531 999.904357910156 1012.67834472656 1013.83605957031 1004.2255859375 1000.67840576172 998.643981933594 1011.56756591797 1010.47833251953 1026.14184570312 1029.1181640625 1036.85681152344 1034.05700683594 1026.64770507812 1024.71081542969 1018.98278808594 1025.74938964844 1028.22570800781 1033.76770019531 1031.31201171875 1031.75231933594 1021.71325683594 1016.7197265625 1022.29711914062 1027.09790039062 1028.25866699219 1018.31781005859 1019.02679443359 1024.41101074219 1017.40399169922 1018.31982421875 1023.59411621094 1036.35095214844 1023.86145019531 1020.99560546875 1013.55139160156 1003.71881103516 1000.82452392578 998.167114257812 996.979309082031 1010.8212890625 1004.08563232422
1006.09747314453 1008.7861328125 992.224548339844 1007.75885009766 1000.76806640625 1001.08044433594 1005.53082275391 1001.32250976562 1003.95452880859 1007.17327880859 1002.71081542969 1009.07836914062 1017.58734130859 1029.27038574219 1029.33972167969 1015.53894042969 1027.57385253906 1020.18511962891 1020.96771240234 1026.67956542969 1022.46551513672 1028.38146972656 1018.90380859375 1019.90954589844 1029.20166015625 1021.39337158203 1018.08520507812 1011.146484375 1018.19842529297 1015.40454101562 1017.22534179688 1017.41082763672 1015.11975097656 1014.05505371094 1021.45184326172 1014.53692626953 1015.08654785156 1017.65460205078 1024.83923339844 1011.36468505859 1007.84057617188 1002.95666503906 1002.60803222656 1010.87280273438 1013.515625 1020.07708740234
1004.09069824219 1010.16302490234 996.475891113281 989.554931640625 993.514953613281 997.856628417969 1006.32281494141 1003.15112304688 1003.84246826172 1007.65631103516 1008.46441650391 1010.43316650391 1021.71313476562 1022.59423828125 1019.42816162109 1014.65563964844 1016.88842773438 1022.27288818359 1017.88830566406 1014.59197998047 1023.67828369141 1018.21075439453 1023.63360595703 1022.39190673828 1019.42974853516 1020.77709960938 1013.93524169922 1015.78179931641 1012.14709472656 1009.94946289062 1011.92266845703 1007.123046875 1010.51977539062 1013.82836914062 1020.98992919922 1009.78369140625 1008.24731445312 1015.26586914062 1012.76788330078 1020.583984375 1011.85192871094 1015.38153076172 1015.20452880859 1020.33911132812 1021.92681884766 1036.01416015625
998.072937011719 990.070190429688 990.769348144531 992.504455566406 987.21533203125 986.418029785156 995.562744140625 998.940185546875 1000.20837402344 996.275756835938 1006.01586914062 1006.00805664062 1021.24938964844 1021.45446777344 1016.80017089844 1022.19470214844 1021.58831787109 1025.17724609375 1021.17767333984 1014.21075439453 1019.52142333984 1021.31793212891 1022.71374511719 1026.75036621094 1019.48089599609 1019.52490234375 1009.53381347656 1011.09106445312 1008.998046875 998.956176757812 996.655212402344 1007.08514404297 1009.29595947266 1007.39685058594 1011.06567382812 1008.51812744141 1000.51037597656 1013.78582763672 1014.17321777344 1003.70513916016 1006.91748046875 1010.27899169922 1020.07537841797 1018.64288330078 1023.92376708984 1028.98461914062
1002.06011962891 1005.22241210938 996.066772460938 992.361999511719 987.102111816406 987.551086425781 985.663757324219 985.117309570312 999.285888671875 1002.77893066406 1003.15991210938 994.019897460938 1010.25970458984 1013.14392089844 1014.52374267578 1014.16174316406 1020.63177490234 1018.30609130859 1013.29931640625 1014.96783447266 1021.96899414062 1019.03485107422 1011.68060302734 1010.47106933594 1011.78198242188 1020.3037109375 1019.69287109375 1002.26818847656 996.899108886719 997.345336914062 1005.98608398438 1004.95562744141 996.2109375 1001.51000976562 1003.1640625 998.099243164062 1001.27081298828 1001.67163085938 1007.71722412109 1010.30902099609 1013.92486572266 1018.78771972656 1011.04010009766 1009.00305175781 1017.82281494141 1028.94458007812
1001.25390625 1004.30603027344 1001.50109863281 990.759521484375 983.207580566406 987.923156738281 982.775329589844 986.49658203125 993.738037109375 998.722961425781 1002.4453125 996.52685546875 1002.47473144531 1002.32739257812 1004.03948974609 1000.23590087891 1005.11682128906 1013.23779296875 1018.06048583984 1010.74877929688 1017.11083984375 1014.70697021484 1013.71508789062 1005.67492675781 1008.08776855469 1007.11462402344 1007.20599365234 1010.11212158203 1004.91009521484 1004.12811279297 1001.76171875 996.309814453125 992.809692382812 993.461791992188 997.065734863281 998.80322265625 1000.84039306641 993.586730957031 1005.90734863281 1007.73565673828 1006.85803222656 1011.15228271484 1003.78570556641 1009.48358154297 1011.08239746094 1025.76916503906
1007.35424804688 1003.64605712891 998.457458496094 984.474304199219 978.887390136719 978.534729003906 979.744262695312 983.976135253906 986.623413085938 991.885131835938 998.093017578125 1001.43927001953 1003.32312011719 1014.93859863281 1001.62097167969 1005.40350341797 1001.07275390625 1008.03326416016 1017.84167480469 1020.94342041016 1012.38903808594 1013.55236816406 1012.40991210938 1008.73681640625 1011.75354003906 1010.26458740234 1003.42291259766 1005.24859619141 1002.15362548828 1000.02990722656 996.103820800781 990.380554199219 993.884094238281 985.549255371094 984.65966796875 984.321472167969 988.465698242188 993.826721191406 1009.005859375 1006.65057373047 1007.32159423828 1004.37237548828 1014.07177734375 1017.91540527344 1018.5703125 1021.12841796875
995.22119140625 999.026916503906 989.788696289062 991.794860839844 986.0927734375 980.48681640625 988.540161132812 979.309448242188 988.337646484375 994.912719726562 1001.83306884766 995.1484375 999.490356445312 1006.89263916016 1011.71032714844 1009.10638427734 1013.87860107422 1016.28460693359 1015.39233398438 1010.13195800781 1008.1201171875 1005.79583740234 1006.08197021484 1011.58581542969 1004.98944091797 1014.75170898438 1008.48577880859 996.463134765625 996.781921386719 999.888671875 999.105590820312 993.951232910156 991.513977050781 983.166931152344 983.053771972656 991.040344238281 990.812744140625 1001.63555908203 1011.04132080078 1011.20520019531 1004.05279541016 1012.33477783203 1014.50665283203 1016.74249267578 1016.01116943359 1015.13464355469
999.397033691406 995.21240234375 992.869567871094 976.767639160156 980.212768554688 984.1064453125 994.237915039062 983.138122558594 983.586669921875 993.563110351562 998.142272949219 1004.93792724609 1015.16998291016 1012.16119384766 1009.13714599609 1009.51531982422 1018.29260253906 1015.52844238281 1009.95703125 1006.46411132812 1003.8232421875 1007.39324951172 1010.60247802734 1007.30059814453 1008.16369628906 1012.53833007812 1004.27520751953 999.974487304688 994.763000488281 991.698547363281 993.807495117188 994.741882324219 993.532287597656 989.951049804688 986.292602539062 992.416137695312 997.064758300781 1001.92321777344 1002.58850097656 1005.57745361328 1000.79913330078 1004.4306640625 1011.71978759766 1020.45684814453 1021.46411132812 1012.08557128906
990.334045410156 982.226867675781 983.020629882812 982.350158691406 982.711791992188 984.655151367188 992.342102050781 987.996826171875 987.02392578125 992.403869628906 999.007507324219 996.879455566406 1011.37115478516 1009.95947265625 1008.55792236328 1008.74920654297 1010.94281005859 1003.28106689453 1004.81164550781 999.730102539062 997.936340332031 1002.85308837891 1007.63049316406 1011.07012939453 1001.45550537109 995.865295410156 997.309020996094 994.600402832031 994.442077636719 992.612915039062 987.719787597656 990.126770019531 994.051208496094 992.623718261719 996.861267089844 984.819763183594 994.777404785156 992.629333496094 1007.93341064453 1007.41583251953 1009.74981689453 1000.70306396484 1015.47839355469 1011.40356445312 1020.23608398438 1019.38165283203
979.005249023438 979.505981445312 982.2138671875 977.877258300781 981.009033203125 983.782104492188 985.121459960938 986.272888183594 986.27099609375 988.874450683594 994.078491210938 996.174682617188 1002.90942382812 1009.26318359375 1002.27471923828 1001.32806396484 1004.20739746094 1000.53857421875 1002.89685058594 1004.32403564453 999.838684082031 1000.55914306641 997.760498046875 1001.77758789062 1003.12872314453 992.192016601562 993.992370605469 994.068542480469 995.229797363281 1000.68951416016 992.773254394531 989.120300292969 1000.34649658203 998.952697753906 989.762329101562 981.161499023438 980.761047363281 992.8955078125 1004.55834960938 1002.19329833984 1003.79486083984 1001.35125732422 1010.40502929688 1012.19250488281 1013.34631347656 1014.61633300781
982.836669921875 984.245361328125 981.4814453125 975.640319824219 976.97412109375 966.762268066406 980.144897460938 978.080688476562 987.657653808594 991.280029296875 998.489624023438 995.155639648438 1006.83154296875 1006.23132324219 997.739929199219 989.967834472656 989.947326660156 987.186645507812 991.494445800781 1002.64215087891 1004.03247070312 1002.14276123047 994.6591796875 990.464782714844 995.738098144531 993.664123535156 991.316589355469 993.041931152344 993.556884765625 1000.32122802734 996.156494140625 998.423034667969 1005.10241699219 999.290222167969 989.348876953125 991.745483398438 984.064880371094 992.190002441406 1003.822265625 1004.18151855469 1008.57098388672 1005.74499511719 1007.00042724609 1009.37628173828 1008.71716308594 1015.72900390625
986.18701171875 983.228088378906 985.09423828125 974.979248046875 984.98583984375 981.886474609375 981.227722167969 986.646545410156 988.143493652344 996.744689941406 993.257080078125 1005.43493652344 1010.78802490234 996.502014160156 993.556701660156 983.765441894531 989.644287109375 992.142883300781 990.366027832031 998.283386230469 993.741882324219 993.0302734375 990.875915527344 989.793029785156 990.427429199219 991.759643554688 994.615295410156 989.572082519531 995.215270996094 999.0087890625 997.236022949219 1004.40832519531 999.918090820312 993.280578613281 992.050170898438 994.353332519531 995.369934082031 1004.08380126953 1009.57562255859 1005.42230224609 1015.51910400391 1015.38958740234 1010.21472167969 1021.52777099609 1008.55902099609 1014.29852294922
984.381103515625 983.570190429688 980.978881835938 976.863586425781 980.521362304688 979.311218261719 978.44091796875 981.700744628906 987.609130859375 994.9853515625 993.259887695312 999.005554199219 1003.07446289062 998.245544433594 984.7412109375 985.304382324219 984.908142089844 988.856323242188 992.900817871094 987.913024902344 990.47265625 990.651306152344 998.11962890625 990.259521484375 991.708251953125 991.697631835938 989.866027832031 989.863464355469 989.462036132812 990.563110351562 992.177856445312 991.995300292969 993.049682617188 990.772705078125 991.657409667969 995.689147949219 1000.84283447266 1002.21502685547 1002.41204833984 1007.68780517578 1016.45074462891 1012.96667480469 1021.41235351562 1011.01037597656 1007.31488037109 1005.97003173828
981.68701171875 983.876159667969 975.735900878906 981.132019042969 975.041748046875 971.875671386719 971.348388671875 977.371459960938 980.045959472656 988.042907714844 990.705932617188 989.274536132812 999.251525878906 987.554931640625 983.741271972656 989.672729492188 984.249877929688 985.996520996094 980.150573730469 985.58642578125 989.922973632812 997.131530761719 991.321838378906 980.863098144531 989.044921875 991.382080078125 979.5068359375 982.503601074219 993.418823242188 993.082214355469 990.400024414062 989.473571777344 997.237121582031 993.156433105469 996.318420410156 997.880859375 997.193664550781 999.577941894531 1008.07238769531 1002.09918212891 1009.48455810547 1020.80639648438 1027.19189453125 1015.16217041016 1015.18957519531 1011.58984375
976.268310546875 974.823913574219 982.992980957031 977.667236328125 974.218627929688 976.2314453125 975.317810058594 971.636047363281 982.133544921875 986.929809570312 988.531860351562 994.981079101562 990.780578613281 980.148498535156 979.572204589844 985.107238769531 987.51220703125 988.503479003906 986.559509277344 985.279418945312 983.111022949219 983.285949707031 971.636901855469 972.024841308594 973.317504882812 985.691467285156 988.167846679688 994.131103515625 991.60498046875 987.946044921875 988.64697265625 996.64306640625 992.290588378906 995.938659667969 1005.15435791016 997.14013671875 988.110900878906 996.324890136719 1006.29962158203 1012.16271972656 1013.48107910156 1015.62957763672 1018.90148925781 1014.18475341797 1007.69769287109 1008.25903320312
981.536987304688 972.939270019531 972.231628417969 972.894470214844 974.452575683594 970.075744628906 976.694458007812 972.442260742188 973.22705078125 977.730163574219 971.852294921875 985.045166015625 986.768737792969 978.537231445312 980.401611328125 979.460754394531 987.319458007812 990.037963867188 985.059997558594 990.2998046875 981.165893554688 977.670715332031 966.761901855469 969.208740234375 983.411682128906 990.223266601562 985.217041015625 995.23876953125 990.079406738281 997.926513671875 992.380432128906 996.021545410156 988.277465820312 990.860534667969 1009.27655029297 1006.54510498047 997.510131835938 998.092529296875 1010.01971435547 1025.0849609375 1020.71124267578 1010.28686523438 1017.4140625 1014.21673583984 1015.10034179688 1009.93041992188
980.935729980469 971.865783691406 964.873962402344 964.0791015625 973.77978515625 978.896484375 976.120666503906 983.34814453125 975.567749023438 968.916259765625 967.825622558594 973.534851074219 982.542846679688 980.399291992188 984.976623535156 985.747253417969 981.681396484375 985.383239746094 983.841979980469 986.146057128906 989.464782714844 977.969787597656 969.689025878906 968.429870605469 973.579833984375 981.365600585938 980.73193359375 987.533569335938 983.085510253906 995.781616210938 993.641540527344 988.296752929688 988.56591796875 985.973449707031 1000.55944824219 1004.63079833984 998.405883789062 996.3740234375 1004.56408691406 1017.92083740234 1017.86987304688 1015.78869628906 1008.95709228516 1005.23388671875 1010.73907470703 1007.42230224609
976.809020996094 967.776000976562 961.465515136719 969.63720703125 977.817749023438 983.796142578125 977.6015625 976.803283691406 973.29931640625 964.82275390625 968.018310546875 969.56494140625 968.821044921875 974.325012207031 984.020812988281 986.432434082031 988.22607421875 979.048034667969 977.64697265625 981.572692871094 981.952026367188 977.98193359375 978.031433105469 968.124877929688 963.895263671875 976.144104003906 973.566223144531 977.783142089844 985.328491210938 994.315795898438 990.686279296875 986.16796875 989.921630859375 987.131958007812 998.687438964844 1001.13415527344 995.416076660156 994.386901855469 999.579650878906 1008.47979736328 1019.45837402344 1012.35601806641 1008.05908203125 1008.67706298828 1015.32537841797 1009.46691894531
971.127746582031 961.563354492188 966.576965332031 968.999450683594 974.250061035156 977.386901855469 980.906433105469 980.786499023438 977.871826171875 969.59765625 963.00634765625 976.628784179688 973.393310546875 973.633911132812 983.751831054688 984.830627441406 983.159118652344 977.523010253906 977.389282226562 978.225402832031 973.492065429688 968.687561035156 971.429016113281 970.914916992188 970.59228515625 964.963073730469 976.432800292969 980.792846679688 983.184509277344 987.186218261719 986.241943359375 988.220275878906 992.928405761719 992.210327148438 993.909545898438 995.254333496094 992.641784667969 988.991027832031 997.348388671875 996.530029296875 1000.14587402344 1002.24554443359 1014.62280273438 1014.33331298828 1008.76110839844 1011.29840087891
