data/zlatibor_dem_simulations/DEMsim14.asc
NCOLS 150
NROWS 100
XLLCORNER 7394249
YLLCORNER 4841999
CELLSIZE 30
NODATA_VALUE -9999
[rows 80 to 99 of 100, columns 46 to 91 of 150]
984.559509277344 989.101928710938 1004.966796875 1007.47204589844 998.625671386719 994.922973632812 989.49169921875 990.847900390625 988.506164550781 984.804504394531 980.212524414062 983.310668945312 979.059143066406 971.987731933594 964.143981933594 965.798522949219 966.360656738281 972.643859863281 969.380493164062 972.699401855469 974.970947265625 976.2626953125 981.597595214844 976.823547363281 974.101623535156 983.694885253906 984.710021972656 999.532653808594 996.751892089844 998.140441894531 1014.05810546875 1016.09759521484 1021.84387207031 1013.16540527344 1013.59796142578 1009.60717773438 1004.66046142578 1005.68334960938 1000.10534667969 1002.81237792969 1006.00573730469 995.952941894531 995.159973144531 992.269409179688 987.42822265625 981.15234375
983.801086425781 989.433349609375 1000.90844726562 995.492919921875 1000.111328125 997.932250976562 991.580749511719 993.888366699219 994.239379882812 986.460144042969 982.209045410156 975.933898925781 983.196960449219 975.364685058594 970.461486816406 970.956970214844 970.341735839844 981.921936035156 977.733154296875 977.728698730469 976.785400390625 983.032592773438 979.611206054688 978.644897460938 981.394287109375 981.152587890625 988.441345214844 996.347229003906 987.678161621094 998.772521972656 1007.62445068359 1008.81469726562 1007.62823486328 1020.7001953125 1014.71276855469 1009.60394287109 1013.19970703125 1011.58166503906 1010.56420898438 1006.84576416016 999.765319824219 995.203735351562 996.454040527344 999.208862304688 999.245239257812 988.8310546875
978.685791015625 992.216430664062 998.688781738281 998.161071777344 994.455383300781 985.500366210938 995.060180664062 999.820190429688 998.795288085938 989.609069824219 984.841247558594 978.672973632812 982.225158691406 982.884216308594 984.548583984375 967.192138671875 968.021789550781 973.699157714844 976.194580078125 984.665771484375 979.802612304688 978.746154785156 978.550415039062 981.156188964844 985.678466796875 985.374572753906 981.219177246094 989.247192382812 992.181823730469 985.478576660156 996.675598144531 1007.35418701172 1009.06262207031 1007.81182861328 1012.40826416016 1016.91021728516 1018.26129150391 1010.04913330078 1004.13287353516 1009.56097412109 1006.45672607422 994.005981445312 996.600280761719 999.145324707031 1000.69714355469 995.587707519531
986.068420410156 1000.32263183594 997.95654296875 998.23046875 989.744262695312 988.364990234375 986.560424804688 993.097534179688 1001.32415771484 993.570617675781 987.638671875 988.978149414062 987.03125 987.81005859375 989.196228027344 979.87646484375 975.331237792969 975.337463378906 973.209838867188 986.623840332031 990.749877929688 987.033935546875 983.806030273438 980.290466308594 986.444213867188 989.808532714844 983.140502929688 982.625305175781 984.040466308594 979.301391601562 978.252868652344 989.685241699219 996.639282226562 995.07666015625 1006.23852539062 1015.00201416016 1012.27404785156 1012.14166259766 1003.29034423828 1003.92883300781 1005.13665771484 1000.08917236328 1000.96136474609 996.372741699219 995.530639648438 995.824951171875
983.323791503906 988.887329101562 999.64306640625 992.487182617188 998.625793457031 999.320251464844 1003.67242431641 1001.19696044922 997.941528320312 996.936706542969 991.38525390625 991.130065917969 992.758056640625 988.427124023438 988.282165527344 988.138427734375 986.419921875 985.165100097656 984.429077148438 993.471801757812 983.5146484375 978.4794921875 982.149108886719 987.271545410156 985.802734375 979.644958496094 984.718627929688 987.4638671875 992.160827636719 985.428344726562 984.515319824219 984.422729492188 993.9287109375 998.846130371094 997.147888183594 1005.31689453125 1009.29248046875 994.416076660156 1001.03729248047 1005.20501708984 992.616333007812 993.585266113281 999.188903808594 998.959350585938 998.207946777344 1003.25695800781
983.611572265625 989.480590820312 998.300659179688 992.162109375 995.37646484375 1006.232421875 1001.17633056641 999.173645019531 996.521728515625 993.232360839844 988.033935546875 987.951538085938 993.412536621094 983.384826660156 981.184143066406 993.133605957031 997.818725585938 987.824035644531 987.195922851562 988.018188476562 987.511596679688 994.089660644531 982.578857421875 977.78759765625 987.151550292969 989.062072753906 996.567993164062 989.294982910156 992.505493164062 991.158935546875 993.0439453125 994.427429199219 988.549682617188 998.35009765625 1004.20977783203 1004.70385742188 1006.26983642578 1003.09283447266 999.720092773438 1002.27368164062 995.737670898438 990.930053710938 1002.73315429688 1011.40057373047 1010.34838867188 997.549072265625
981.5029296875 992.972595214844 997.236938476562 993.992065429688 994.169616699219 1004.19250488281 991.604431152344 998.686462402344 998.61962890625 991.095825195312 992.826354980469 996.867065429688 992.350219726562 987.641235351562 983.668762207031 991.684204101562 991.999389648438 989.907592773438 989.884582519531 988.966491699219 991.7783203125 991.350280761719 981.819702148438 982.146057128906 988.099548339844 987.800231933594 985.614501953125 977.250061035156 988.274719238281 997.667907714844 994.897521972656 989.936157226562 988.353271484375 991.941101074219 1003.06518554688 1005.25689697266 1001.62390136719 1000.44281005859 1004.66119384766 1002.96710205078 1000.97357177734 995.558349609375 1007.10180664062 1009.13702392578 1005.67352294922 1004.43084716797
998.677429199219 991.978881835938 994.111450195312 993.605895996094 991.449035644531 993.326354980469 998.480834960938 998.128723144531 991.545715332031 999.380615234375 1001.76251220703 1002.9990234375 1003.80084228516 991.439636230469 986.109985351562 996.06201171875 987.125 988.556579589844 988.534362792969 991.508178710938 989.6103515625 992.558532714844 987.093933105469 987.831787109375 996.303955078125 990.426452636719 988.937438964844 983.937194824219 992.138793945312 995.144714355469 991.1650390625 983.841735839844 986.239929199219 1004.20153808594 1009.40295410156 1005.87365722656 995.287170410156 1003.47442626953 1004.78344726562 1011.87939453125 1009.76678466797 1003.02111816406 1005.1103515625 1014.15087890625 1005.33746337891 1008.19140625
988.632080078125 992.610534667969 991.544067382812 989.981262207031 981.674499511719 988.332763671875 1003.51104736328 999.476013183594 995.739074707031 1005.03796386719 1011.14831542969 1009.78338623047 1008.38311767578 999.299499511719 992.540771484375 994.771850585938 993.353881835938 991.129211425781 992.385986328125 996.712646484375 995.829772949219 988.282775878906 990.673095703125 989.853881835938 987.991638183594 997.142517089844 994.4423828125 996.521118164062 990.623474121094 988.281555175781 993.405029296875 987.941650390625 996.296447753906 999.39111328125 1005.26104736328 1009.15979003906 1003.41796875 997.26416015625 1004.06927490234 1008.97357177734 1001.44067382812 1008.53869628906 1013.16876220703 1009.74731445312 1012.26092529297 1009.41387939453
988.503540039062 986.880432128906 992.397583007812 981.28271484375 989.859741210938 991.968322753906 989.436462402344 997.69189453125 994.736877441406 1005.21545410156 1010.35565185547 1005.91705322266 1005.57855224609 1004.41882324219 998.975219726562 997.71142578125 997.267028808594 993.067504882812 990.639831542969 989.895935058594 987.709045410156 988.362060546875 989.288879394531 979.40625 985.761169433594 994.776184082031 994.8916015625 997.790649414062 985.509338378906 987.920959472656 999.167602539062 998.888610839844 987.759460449219 989.817932128906 1001.25079345703 1008.24365234375 1007.7080078125 1010.9482421875 1007.61737060547 1010.18615722656 1003.078125 1007.91546630859 1014.74163818359 1022.23516845703 1013.31018066406 1007.39105224609
981.370849609375 980.907531738281 981.856323242188 987.655700683594 990.606201171875 988.013732910156 990.245910644531 999.442016601562 993.998291015625 1005.52850341797 1003.80413818359 1006.99285888672 1008.22088623047 1002.93841552734 1009.12860107422 1004.34869384766 1004.74774169922 1001.10540771484 1007.53802490234 993.621215820312 990.866760253906 989.740417480469 988.185791015625 990.698303222656 999.426879882812 1002.16632080078 998.829467773438 986.401062011719 986.95556640625 991.439758300781 1004.76586914062 995.851135253906 1004.95794677734 991.026916503906 996.677307128906 999.608093261719 996.727661132812 993.689575195312 994.246032714844 997.945007324219 1000.27655029297 1010.50921630859 1015.04113769531 1019.33270263672 1012.96948242188 1006.72576904297
982.567565917969 971.692993164062 971.269470214844 988.228271484375 994.072937011719 992.265747070312 1000.72247314453 998.262390136719 1002.39123535156 999.706970214844 999.878784179688 1004.32189941406 1009.87170410156 998.921691894531 1007.57867431641 1005.05725097656 1016.29132080078 1016.93334960938 1015.79956054688 1000.62316894531 1000.82897949219 987.151550292969 994.823425292969 994.26220703125 1001.17321777344 1001.1201171875 993.79150390625 993.169921875 988.7275390625 990.039306640625 997.209899902344 992.365539550781 1000.99810791016 990.091674804688 996.227966308594 995.161743164062 996.749206542969 992.565551757812 994.280334472656 1002.87634277344 1007.28125 1008.02026367188 1005.56939697266 1012.25689697266 1006.95294189453 1008.73767089844
969.617431640625 982.222290039062 976.896728515625 985.268371582031 999.727783203125 995.295654296875 996.555847167969 1002.67327880859 999.200073242188 996.299987792969 999.399658203125 1006.76257324219 1010.32348632812 1011.61126708984 1008.19763183594 1013.57501220703 1014.09216308594 1019.82861328125 1026.31323242188 1012.45050048828 1005.23400878906 1005.66430664062 998.407287597656 997.957397460938 1001.16638183594 997.248901367188 998.996398925781 1004.35540771484 997.749206542969 1001.02850341797 998.123779296875 998.316528320312 998.670959472656 993.665161132812 989.577453613281 993.532653808594 990.476013183594 993.122802734375 995.767211914062 1002.87377929688 1004.89770507812 1011.04388427734 1012.50427246094 1013.89807128906 1008.75531005859 1011.74688720703
967.999816894531 979.666076660156 983.162475585938 985.245361328125 992.666198730469 1004.36639404297 1002.45306396484 1003.73706054688 1000.44946289062 993.699523925781 1002.46099853516 1012.93310546875 1017.04193115234 1021.22381591797 1015.10650634766 1011.62316894531 1020.92736816406 1024.61975097656 1025.50268554688 1014.71557617188 1004.51776123047 1003.28735351562 1005.42980957031 992.923828125 999.344665527344 999.026245117188 1004.009765625 1009.48748779297 999.609313964844 1003.33892822266 1000.87298583984 1005.55670166016 1000.86016845703 998.894104003906 993.686767578125 996.6044921875 997.132263183594 999.054321289062 995.633911132812 995.184020996094 1005.14416503906 1017.90026855469 1007.84747314453 1000.47735595703 1009.67279052734 1012.67651367188
962.064392089844 976.083984375 976.744567871094 980.264343261719 982.993103027344 992.904113769531 997.515319824219 994.427978515625 1000.41357421875 1007.18145751953 1010.03991699219 1023.34588623047 1030.24475097656 1016.51617431641 1011.12841796875 1013.86065673828 1024.9853515625 1020.92864990234 1015.34460449219 1016.75115966797 1005.94604492188 1006.25122070312 1002.39904785156 1003.18017578125 998.74658203125 1004.35717773438 1002.66583251953 1006.34417724609 1005.52728271484 1011.74633789062 1004.97119140625 993.292541503906 996.3515625 994.164672851562 997.195678710938 999.869445800781 1004.55261230469 999.924499511719 1003.3515625 1010.00134277344 1006.22729492188 1009.81097412109 1010.32116699219 1005.17248535156 1005.767578125 1019.40338134766
977.406921386719 973.359069824219 979.171508789062 971.928405761719 979.496398925781 987.814514160156 997.028381347656 995.340209960938 1005.87432861328 1015.12841796875 1009.46899414062 1025.28747558594 1029.36694335938 1015.77264404297 1015.16204833984 1013.04852294922 1017.41784667969 1020.14923095703 1020.25457763672 1009.26965332031 1014.11541748047 1018.69219970703 1017.23376464844 1011.27526855469 1008.50634765625 1010.13604736328 1013.95245361328 1007.97058105469 1005.68878173828 1000.08020019531 1009.56573486328 1006.15594482422 996.746643066406 999.718994140625 999.763366699219 997.675048828125 1008.54339599609 1008.77581787109 1011.19512939453 1004.86395263672 1008.18780517578 1008.80828857422 1013.50122070312 1015.228515625 1013.30139160156 1019.40673828125
973.914489746094 977.091064453125 971.682434082031 976.706604003906 988.974853515625 993.468688964844 993.666870117188 1003.26086425781 1000.56555175781 1006.48907470703 1017.86376953125 1027.11572265625 1024.83581542969 1022.60235595703 1020.28851318359 1024.939453125 1011.22204589844 1013.97131347656 1021.84588623047 1016.67791748047 1016.62384033203 1029.7080078125 1026.1650390625 1020.8056640625 1016.22210693359 1020.06341552734 1027.15234375 1011.03289794922 1004.85247802734 999.368774414062 999.320251464844 1012.90252685547 999.5234375 1003.43505859375 1004.17077636719 1009.92071533203 1013.18872070312 1009.24841308594 1013.86401367188 1004.92584228516 1000.25262451172 1007.23541259766 1006.81744384766 1016.46380615234 1021.23114013672 1026.02758789062
980.232360839844 979.518432617188 980.026977539062 981.544860839844 987.97216796875 991.556030273438 990.941040039062 1001.19256591797 1007.72369384766 1003.80090332031 1009.58197021484 1018.03198242188 1019.25744628906 1017.798828125 1024.36865234375 1016.55023193359 1017.60699462891 1021.12622070312 1017.15509033203 1021.35498046875 1022.40002441406 1028.60217285156 1028.359375 1028.02819824219 1023.86614990234 1018.42962646484 1026.04602050781 1014.30157470703 1013.14739990234 1001.82598876953 1003.35717773438 1001.33441162109 1005.37432861328 1003.46423339844 1008.39520263672 1010.41326904297 1011.70544433594 996.642211914062 1005.18109130859 1005.88031005859 1001.91314697266 1002.75286865234 1009.39068603516 1013.96893310547 1020.11663818359 1030.60766601562
976.216125488281 978.706726074219 980.009094238281 977.129638671875 985.956726074219 986.406799316406 994.5009765625 994.622375488281 1006.36126708984 1002.92388916016 1008.48382568359 1005.03363037109 1016.80285644531 1021.94476318359 1022.74658203125 1017.46563720703 1023.23291015625 1024.88012695312 1027.32495117188 1022.341796875 1020.78204345703 1035.05603027344 1040.12463378906 1027.5703125 1018.41320800781 1018.06909179688 1015.99066162109 1016.654296875 1014.82574462891 1011.86285400391 1013.25830078125 1011.24493408203 1013.21478271484 1009.57611083984 1000.16003417969 1004.83880615234 1018.17425537109 1008.69354248047 1010.23583984375 1005.21411132812 1005.67523193359 1007.81921386719 1001.77874755859 1006.7509765625 1015.50091552734 1022.80450439453
975.070861816406 975.005310058594 979.939331054688 980.078125 980.054565429688 989.459106445312 994.313537597656 991.409973144531 1005.13958740234 1009.74536132812 1010.77459716797 1013.47918701172 1015.84582519531 1018.50396728516 1026.52355957031 1029.3017578125 1033.23059082031 1035.35192871094 1031.89794921875 1027.04296875 1021.94885253906 1035.41430664062 1028.72351074219 1027.04382324219 1018.22692871094 1017.17199707031 1015.84008789062 1016.88525390625 1016.42041015625 1017.53717041016 1010.63372802734 1015.38165283203 1007.52105712891 1003.86041259766 1005.35101318359 1004.53228759766 1015.59002685547 1009.94427490234 1007.09539794922 1010.54925537109 1016.23077392578 1007.05743408203 1005.60577392578 1013.95141601562 1014.49047851562 1017.62951660156
