data/zlatibor_dem_simulations/DEMsim93.asc
NCOLS 150
NROWS 100
XLLCORNER 7394249
YLLCORNER 4841999
CELLSIZE 30
NODATA_VALUE -9999
[rows 40 to 59 of 100, columns 46 to 91 of 150]
975.884521484375 974.012817382812 973.701110839844 972.399047851562 973.751098632812 978.257873535156 973.612365722656 972.602966308594 976.708984375 969.389343261719 963.949157714844 961.372985839844 966.312194824219 970.047546386719 980.5751953125 980.204772949219 980.422302246094 981.923095703125 977.568115234375 970.289978027344 969.317749023438 963.297058105469 966.500793457031 971.108764648438 974.47119140625 969.858337402344 972.938415527344 977.081970214844 976.936218261719 981.928466796875 976.116271972656 977.302429199219 968.13134765625 985.09130859375 988.282409667969 997.519409179688 992.577941894531 1005.93194580078 1002.59851074219 992.175842285156 1003.34704589844 999.137634277344 997.284057617188 992.212036132812 992.3037109375 992.148620605469
969.892272949219 975.114562988281 970.842102050781 974.848876953125 973.219848632812 966.967834472656 964.873840332031 967.227783203125 964.344177246094 968.755981445312 968.906311035156 967.117431640625 959.014221191406 964.297607421875 975.586486816406 974.12109375 977.565795898438 984.464782714844 980.375793457031 977.724487304688 975.564147949219 964.00244140625 967.315368652344 964.749694824219 970.313293457031 968.579711914062 972.299438476562 971.544006347656 977.864990234375 970.9423828125 972.4638671875 972.446105957031 967.487121582031 984.888793945312 987.465270996094 993.914489746094 992.565612792969 990.83935546875 995.852294921875 989.660766601562 1000.19146728516 991.252563476562 988.046997070312 981.384033203125 994.763427734375 994.760498046875
972.422790527344 978.161560058594 970.973693847656 985.977355957031 975.579772949219 964.481506347656 976.387939453125 969.04443359375 965.48486328125 963.1904296875 959.685302734375 968.567810058594 970.064819335938 969.81982421875 976.190490722656 984.244689941406 984.802734375 990.845581054688 987.816284179688 986.470397949219 971.153259277344 965.044677734375 969.210998535156 971.377624511719 967.300598144531 963.201965332031 967.839660644531 973.028564453125 973.231018066406 974.958435058594 978.606140136719 976.257934570312 979.158081054688 978.834350585938 988.087585449219 994.267150878906 990.776245117188 984.552490234375 977.522216796875 987.087158203125 991.21142578125 986.971801757812 980.226623535156 990.433166503906 985.043151855469 987.778503417969
968.828857421875 973.45654296875 976.7490234375 976.251831054688 978.436950683594 963.471557617188 969.354797363281 971.813110351562 969.338256835938 968.156799316406 971.828735351562 976.488037109375 971.631469726562 973.215209960938 980.942687988281 986.889892578125 990.150146484375 989.772888183594 981.529052734375 978.657897949219 973.958129882812 975.40673828125 973.279541015625 971.427307128906 957.802978515625 954.003784179688 958.652770996094 964.624633789062 975.8759765625 975.158996582031 971.577697753906 975.322631835938 978.259887695312 978.631530761719 980.420837402344 984.742004394531 982.875793457031 979.116577148438 979.088134765625 986.151306152344 981.598205566406 983.465393066406 985.707641601562 992.611022949219 988.960205078125 986.936828613281
971.479187011719 971.75 968.437438964844 971.753479003906 981.354736328125 970.855834960938 970.581420898438 973.287353515625 970.108703613281 967.923278808594 972.508361816406 972.37451171875 971.47900390625 975.841735839844 978.236145019531 986.354064941406 985.6064453125 985.080444335938 978.210510253906 979.940002441406 977.181213378906 969.952392578125 959.488525390625 956.365051269531 953.633056640625 953.178588867188 963.509216308594 976.596252441406 979.006164550781 971.532592773438 966.768127441406 968.165466308594 978.262634277344 968.402404785156 976.638732910156 980.668334960938 978.536193847656 964.8984375 978.561828613281 979.093688964844 986.251953125 983.081970214844 977.27685546875 985.187316894531 991.594909667969 993.863952636719
973.706420898438 970.325988769531 971.999816894531 978.165588378906 973.644287109375 968.171203613281 963.232238769531 972.709594726562 969.080261230469 967.389526367188 968.963562011719 975.133239746094 972.511779785156 972.978210449219 978.650817871094 985.576293945312 979.432678222656 971.286376953125 973.060791015625 973.830017089844 964.03759765625 967.390686035156 956.004760742188 944.665405273438 954.267578125 955.294128417969 962.631591796875 969.880981445312 974.946716308594 971.939208984375 966.178894042969 968.775451660156 962.362060546875 959.516357421875 965.639038085938 972.32275390625 972.552368164062 964.188903808594 967.456420898438 968.766052246094 978.147521972656 980.058410644531 986.238830566406 982.022644042969 981.375610351562 984.215393066406
963.875610351562 973.451904296875 975.411071777344 976.135986328125 967.736206054688 965.170776367188 973.619262695312 969.660888671875 974.835144042969 971.259338378906 968.359802246094 973.915161132812 971.607482910156 981.086608886719 970.141662597656 972.603454589844 968.564025878906 974.111450195312 970.219116210938 976.334533691406 971.205139160156 958.397827148438 949.226623535156 947.411560058594 952.983032226562 957.747375488281 955.431274414062 967.510986328125 974.431640625 969.9384765625 970.897094726562 965.503295898438 959.71484375 965.722900390625 969.444885253906 965.292663574219 961.334289550781 971.697448730469 964.815490722656 970.709594726562 970.259033203125 984.557800292969 982.79541015625 976.618225097656 978.800964355469 977.268188476562
961.737731933594 968.484375 969.843444824219 978.428039550781 970.004333496094 966.573852539062 965.2763671875 967.872375488281 970.624877929688 970.358947753906 968.4169921875 965.531494140625 972.005981445312 974.950500488281 969.326477050781 971.981994628906 970.854553222656 970.932800292969 970.76953125 967.685852050781 955.808532714844 958.2607421875 950.406433105469 953.535095214844 953.224182128906 958.76025390625 965.883056640625 969.764221191406 973.495910644531 973.002807617188 978.78955078125 970.893310546875 960.917785644531 967.777587890625 966.746887207031 973.035827636719 963.090209960938 964.381286621094 972.811645507812 972.561218261719 974.223754882812 982.711303710938 984.052001953125 980.991455078125 980.192077636719 981.769348144531
947.236938476562 958.966552734375 961.59521484375 976.439880371094 963.707092285156 965.236938476562 959.560424804688 956.44189453125 964.794311523438 971.518798828125 966.579711914062 966.981079101562 966.170471191406 976.333801269531 972.817077636719 968.780639648438 965.469055175781 971.318054199219 961.435485839844 952.632690429688 968.126220703125 965.012634277344 953.075927734375 952.837646484375 959.768859863281 969.032287597656 976.565551757812 973.669372558594 973.026733398438 971.352783203125 967.123596191406 962.664733886719 962.830627441406 968.729614257812 968.129943847656 980.111572265625 966.295593261719 969.057739257812 967.76904296875 961.459350585938 971.530212402344 972.112487792969 979.318176269531 982.890258789062 982.317810058594 975.351989746094
950.795349121094 961.393249511719 966.741516113281 972.108459472656 961.296447753906 961.104309082031 956.449951171875 953.303344726562 960.823974609375 968.837890625 964.204772949219 965.989990234375 978.691589355469 977.357116699219 969.598449707031 973.380493164062 965.552917480469 967.205383300781 957.173706054688 961.750305175781 963.479919433594 966.623962402344 959.627258300781 955.717956542969 960.068420410156 966.71875 968.717834472656 965.826477050781 965.876647949219 957.283935546875 968.170166015625 968.251586914062 966.513549804688 960.352722167969 966.307373046875 968.945861816406 959.192504882812 965.409057617188 968.478210449219 969.596740722656 971.778747558594 970.474975585938 971.841918945312 977.953735351562 979.05859375 981.944641113281
964.929321289062 966.29296875 967.853637695312 967.446838378906 973.766418457031 961.324279785156 948.594055175781 958.161071777344 956.569396972656 967.645385742188 973.457214355469 979.065246582031 981.089599609375 974.74658203125 969.987487792969 969.093200683594 961.077026367188 959.274108886719 960.403076171875 962.194152832031 969.95849609375 968.075866699219 961.471618652344 957.727233886719 966.846862792969 962.849426269531 970.0830078125 962.624084472656 955.777587890625 960.589294433594 965.264282226562 959.426208496094 972.158264160156 974.666015625 970.6708984375 963.75537109375 965.166076660156 963.486572265625 967.9765625 962.646301269531 966.548583984375 963.586120605469 972.487121582031 968.501892089844 972.585327148438 980.824279785156
962.42724609375 962.926696777344 965.378723144531 970.324401855469 968.472045898438 964.024963378906 952.855346679688 952.564514160156 960.15869140625 964.125122070312 966.900756835938 973.243774414062 970.091552734375 974.11376953125 969.904724121094 967.880615234375 967.309020996094 962.06103515625 965.363586425781 962.903137207031 965.938781738281 963.36669921875 957.19287109375 948.887084960938 957.281372070312 963.715026855469 963.432189941406 964.638122558594 965.103820800781 957.089904785156 959.211486816406 959.608459472656 971.292541503906 973.030639648438 967.429870605469 972.222290039062 967.331665039062 969.02734375 972.083435058594 971.40771484375 970.814331054688 959.902526855469 969.412231445312 977.174560546875 980.115295410156 969.566284179688
969.194213867188 964.933349609375 959.723388671875 966.268981933594 961.05908203125 962.326538085938 947.961486816406 949.414978027344 951.260314941406 955.562805175781 961.04638671875 964.286254882812 972.27587890625 966.164001464844 964.320495605469 960.241577148438 962.415832519531 963.28564453125 961.749633789062 958.505126953125 962.1904296875 965.224731445312 962.153869628906 955.894104003906 966.051391601562 970.80810546875 958.442565917969 959.76318359375 961.109069824219 959.091674804688 958.978393554688 965.744384765625 966.0380859375 969.299499511719 964.972778320312 971.464050292969 967.505859375 967.8017578125 965.429016113281 959.168884277344 958.919189453125 961.356384277344 970.83837890625 970.621643066406 971.820373535156 967.595642089844
966.329833984375 968.57275390625 964.824401855469 968.70458984375 956.825256347656 957.276672363281 950.723205566406 956.759582519531 954.086242675781 951.259155273438 954.526733398438 957.693237304688 963.287658691406 965.017395019531 956.998474121094 961.355712890625 957.260864257812 965.151245117188 961.876953125 958.763916015625 957.832885742188 960.357604980469 970.595336914062 957.939331054688 968.726318359375 959.669555664062 957.005615234375 959.138000488281 960.405883789062 964.694519042969 963.805969238281 963.341552734375 962.166442871094 963.829711914062 964.226196289062 961.340942382812 975.722045898438 975.53173828125 964.785400390625 965.03125 960.441162109375 959.000549316406 969.748229980469 971.188415527344 967.880615234375 974.249633789062
966.392944335938 968.875244140625 963.67138671875 960.935729980469 953.672973632812 951.999328613281 951.671020507812 949.601196289062 947.056518554688 956.5361328125 954.72509765625 958.770568847656 960.7763671875 954.534484863281 960.64404296875 973.159240722656 964.586486816406 949.125366210938 963.811767578125 950.290283203125 950.447998046875 949.657897949219 952.988708496094 951.518310546875 959.899291992188 965.052978515625 961.500244140625 957.611145019531 966.486694335938 966.186645507812 959.503845214844 963.179443359375 955.026916503906 968.444091796875 960.325134277344 960.683532714844 969.5107421875 972.958312988281 969.847717285156 970.981994628906 970.798583984375 967.312133789062 970.568664550781 969.153381347656 964.653686523438 966.811218261719
956.782409667969 959.376159667969 962.23291015625 962.215148925781 955.5771484375 948.18701171875 953.97265625 944.706909179688 949.789794921875 952.43115234375 958.674926757812 958.756103515625 959.375244140625 956.063110351562 963.115905761719 961.56396484375 956.462158203125 950.3984375 961.769409179688 954.505676269531 952.773864746094 949.680480957031 949.411376953125 951.843017578125 954.589965820312 958.306335449219 954.629150390625 964.5732421875 966.325256347656 965.947143554688 967.255004882812 971.90771484375 964.57568359375 961.417114257812 961.728576660156 962.157287597656 975.008239746094 975.943786621094 966.8232421875 961.381591796875 966.510925292969 966.6982421875 967.337219238281 965.143676757812 969.804748535156 966.098693847656
952.563903808594 963.678955078125 961.077270507812 960.813171386719 959.866088867188 958.556030273438 960.198486328125 954.223937988281 949.749816894531 957.914489746094 955.728271484375 953.129577636719 958.440856933594 958.721984863281 957.532592773438 951.884094238281 947.027526855469 958.750244140625 954.096008300781 961.037109375 957.749450683594 955.273498535156 952.197326660156 948.343566894531 952.694763183594 948.65966796875 956.655029296875 959.795959472656 968.668273925781 962.115295410156 964.57958984375 969.138427734375 960.764221191406 961.215515136719 959.107055664062 960.46923828125 965.718200683594 964.489685058594 964.791381835938 973.118774414062 976.854248046875 973.589782714844 971.622619628906 966.500366210938 971.799377441406 968.263610839844
955.544128417969 960.141540527344 957.991943359375 945.946166992188 955.536804199219 955.957336425781 954.229187011719 953.232849121094 952.369934082031 959.588195800781 953.069885253906 949.942443847656 951.8134765625 952.33837890625 945.306762695312 949.134765625 949.505004882812 956.6044921875 959.745239257812 961.784118652344 957.551574707031 953.127685546875 948.922973632812 957.232482910156 948.952270507812 949.643676757812 955.417053222656 962.214599609375 972.233154296875 961.962890625 961.448791503906 963.509033203125 964.236999511719 962.764526367188 961.627990722656 964.604431152344 965.293518066406 955.904113769531 963.040283203125 973.377197265625 961.094177246094 981.730285644531 973.979858398438 969.728576660156 975.672119140625 973.172790527344
952.802307128906 961.0400390625 951.404418945312 946.998168945312 951.584655761719 955.857604980469 951.977844238281 950.51220703125 949.690795898438 952.372863769531 950.789611816406 951.59228515625 953.748901367188 950.326965332031 940.950317382812 947.4228515625 955.74853515625 958.193969726562 959.836975097656 959.174438476562 959.130065917969 961.587036132812 956.062438964844 951.345703125 950.001953125 949.625732421875 954.865478515625 971.22021484375 979.490234375 969.550109863281 967.637573242188 966.167785644531 966.36669921875 964.234802246094 970.185668945312 975.136047363281 962.450622558594 969.188598632812 969.909118652344 976.271057128906 967.261962890625 976.935729980469 979.94091796875 972.569763183594 964.863159179688 967.550903320312
949.490905761719 955.088439941406 962.610961914062 948.555053710938 951.673400878906 948.400817871094 946.692749023438 961.934020996094 956.233581542969 958.707275390625 949.644287109375 958.136169433594 960.567321777344 951.991760253906 946.117919921875 956.283325195312 949.485473632812 955.496826171875 952.482116699219 955.240051269531 951.192687988281 966.784484863281 958.56298828125 958.958557128906 951.596069335938 953.872253417969 962.671630859375 975.002685546875 964.903442382812 967.473571777344 961.802856445312 956.731079101562 956.184143066406 966.70166015625 966.889709472656 977.409423828125 968.125305175781 965.97705078125 964.874755859375 972.040161132812 972.120483398438 963.382873535156 975.642333984375 974.975463867188 967.281799316406 966.555236816406
