data/zlatibor_dem_simulations/DEMsim81.asc
NCOLS 150
NROWS 100
XLLCORNER 7394249
YLLCORNER 4841999
CELLSIZE 30
NODATA_VALUE -9999
[rows 60 to 79 of 100, columns 46 to 91 of 150]
954.881164550781 953.5009765625 951.603820800781 952.646850585938 957.203308105469 948.636962890625 949.016296386719 953.286193847656 955.701538085938 959.620788574219 960.578857421875 955.1337890625 962.035705566406 966.319519042969 975.019348144531 968.890991210938 973.394287109375 977.566162109375 976.690612792969 971.756103515625 966.655700683594 960.389221191406 966.99609375 967.745666503906 963.484802246094 962.090393066406 968.21142578125 961.828796386719 958.960021972656 974.177734375 968.790100097656 973.912170410156 974.160400390625 978.278198242188 970.533630371094 968.599914550781 973.994140625 976.348754882812 966.941711425781 978.353271484375 964.748291015625 971.922729492188 976.969482421875 966.336120605469 969.724487304688 968.412780761719
951.249206542969 957.853271484375 961.025695800781 949.047180175781 950.701599121094 952.837524414062 955.346923828125 956.019165039062 951.355407714844 956.253784179688 954.871520996094 959.142944335938 962.789001464844 971.947204589844 972.590026855469 976.724975585938 974.764709472656 975.235229492188 968.982727050781 964.381896972656 962.031372070312 970.835571289062 973.608825683594 970.546203613281 969.280700683594 969.391723632812 960.944519042969 954.414428710938 958.920288085938 966.272521972656 967.362243652344 969.91455078125 980.269165039062 978.019775390625 978.8076171875 981.338317871094 978.455688476562 972.76123046875 972.039978027344 969.849304199219 976.106506347656 967.506713867188 982.797668457031 969.524841308594 962.960083007812 960.687744140625
954.259765625 951.295776367188 957.18310546875 953.197387695312 958.661865234375 965.977416992188 969.013793945312 966.865905761719 966.075561523438 967.688110351562 963.403076171875 949.868225097656 961.665222167969 960.278198242188 952.610534667969 960.148132324219 960.741271972656 965.388732910156 965.233154296875 960.37548828125 959.112915039062 965.90673828125 963.9453125 966.289245605469 970.085876464844 977.336730957031 966.2490234375 965.019287109375 959.260925292969 962.575012207031 961.659057617188 972.111999511719 971.734924316406 972.381164550781 973.274291992188 975.693786621094 977.883422851562 976.610229492188 973.624389648438 969.795349121094 975.330688476562 972.431640625 972.996154785156 967.303588867188 963.684143066406 964.147216796875
949.832214355469 968.760192871094 958.919555664062 967.864868164062 961.928771972656 960.343139648438 971.908081054688 962.898742675781 962.794311523438 968.320007324219 956.467834472656 952.209350585938 959.802001953125 966.746459960938 956.210693359375 953.338623046875 957.830139160156 965.644836425781 963.532531738281 960.347045898438 962.800170898438 957.844787597656 959.704956054688 963.48291015625 975.940307617188 967.617919921875 963.734985351562 969.8046875 969.48486328125 966.001525878906 961.739929199219 967.174987792969 972.727722167969 973.105895996094 976.138427734375 980.632995605469 981.150390625 972.374450683594 976.489562988281 978.892456054688 982.388244628906 970.813781738281 975.267944335938 974.951904296875 972.131225585938 969.208068847656
952.7041015625 970.389831542969 975.3447265625 967.289428710938 964.036437988281 968.860290527344 965.249572753906 967.694519042969 965.589538574219 965.145874023438 967.809875488281 963.352905273438 962.62646484375 962.400512695312 954.226867675781 956.601684570312 956.479309082031 958.931030273438 967.363647460938 962.2333984375 955.420715332031 954.522338867188 957.564819335938 967.15283203125 977.803100585938 967.393615722656 965.895874023438 973.86376953125 977.871948242188 970.423461914062 958.152221679688 966.540466308594 968.950378417969 975.312683105469 974.014099121094 980.192138671875 977.230285644531 971.866516113281 980.372619628906 981.337463378906 971.615661621094 974.217895507812 979.306335449219 979.570617675781 982.959716796875 976.771789550781
958.985778808594 976.812072753906 974.735961914062 969.213500976562 962.198974609375 968.004089355469 961.662475585938 964.842956542969 964.224792480469 970.638916015625 975.198669433594 966.27685546875 968.6201171875 964.759765625 957.806823730469 959.448364257812 956.949829101562 966.008056640625 962.033081054688 957.606567382812 958.014099121094 952.697265625 965.213562011719 971.463562011719 977.919189453125 968.461364746094 978.146911621094 976.441955566406 979.045837402344 981.776428222656 965.952819824219 962.11474609375 965.908874511719 968.620849609375 968.196655273438 975.0537109375 976.896179199219 981.587341308594 980.591552734375 974.608520507812 970.584106445312 972.890258789062 983.870239257812 983.42578125 980.557189941406 972.693481445312
961.84033203125 971.242614746094 969.347900390625 967.20703125 959.879272460938 968.5068359375 962.322570800781 966.533996582031 964.492919921875 968.142944335938 972.876708984375 977.22705078125 975.038146972656 971.303283691406 963.640258789062 959.961975097656 957.016845703125 958.148071289062 953.169616699219 960.530700683594 963.297302246094 961.2216796875 970.434814453125 972.81787109375 976.088500976562 973.569641113281 976.274658203125 983.707946777344 984.801940917969 982.348083496094 974.645141601562 973.972778320312 973.692077636719 972.781372070312 966.814208984375 970.0537109375 978.872314453125 983.294860839844 990.807739257812 975.733520507812 967.838928222656 980.029479980469 978.468505859375 979.711791992188 978.586242675781 977.154663085938
968.981201171875 963.725036621094 974.380737304688 968.883361816406 965.038513183594 966.945678710938 967.645446777344 968.601318359375 970.836608886719 974.309326171875 978.805236816406 981.398742675781 976.14306640625 975.551147460938 971.830139160156 962.158325195312 957.340515136719 967.218200683594 957.068115234375 959.199768066406 956.348266601562 968.3916015625 963.571716308594 978.182250976562 980.360412597656 981.507751464844 975.105834960938 982.637268066406 988.216674804688 979.930053710938 988.148193359375 977.260925292969 980.830688476562 983.614135742188 980.267395019531 979.81787109375 977.2880859375 978.265747070312 988.115600585938 984.435913085938 979.250915527344 974.86181640625 980.599243164062 979.617492675781 984.659973144531 980.266296386719
974.073303222656 974.922241210938 979.528564453125 979.659851074219 978.4677734375 977.416076660156 978.416809082031 976.846008300781 982.909606933594 988.705444335938 992.232238769531 980.307312011719 982.093994140625 976.501770019531 974.671752929688 958.646728515625 958.764465332031 970.818115234375 971.238952636719 971.153747558594 967.221862792969 967.377502441406 968.271606445312 984.955383300781 980.089050292969 979.981201171875 972.39599609375 981.198852539062 982.224060058594 982.214965820312 991.9326171875 987.387878417969 982.667175292969 987.171813964844 985.132141113281 987.549133300781 981.687072753906 979.168640136719 987.24853515625 987.191040039062 979.346618652344 981.22802734375 975.561462402344 973.964050292969 980.373168945312 972.564697265625
985.441345214844 992.045715332031 988.397094726562 983.404052734375 990.007934570312 985.961181640625 990.330993652344 982.057006835938 981.427429199219 977.45166015625 991.070556640625 985.190490722656 975.062194824219 977.282958984375 981.349853515625 964.976440429688 959.831298828125 967.415588378906 967.757507324219 971.355834960938 971.117065429688 970.960266113281 974.060302734375 977.9755859375 973.0166015625 981.978515625 978.609252929688 983.558044433594 982.316040039062 981.407043457031 988.167175292969 985.629333496094 975.506042480469 987.188659667969 983.406616210938 984.795227050781 985.857238769531 988.337524414062 986.196594238281 984.2392578125 987.937683105469 978.691955566406 975.106384277344 981.704345703125 969.827270507812 968.162292480469
996.427734375 988.918090820312 992.987426757812 996.262451171875 987.810974121094 981.608154296875 979.679016113281 977.284912109375 975.85546875 983.170471191406 988.222473144531 984.619262695312 975.132751464844 972.235168457031 969.589233398438 973.190124511719 961.911315917969 961.802612304688 964.804931640625 972.795043945312 977.856811523438 973.234985351562 979.226440429688 968.892578125 978.525512695312 979.139099121094 978.364013671875 984.056274414062 979.338623046875 987.01025390625 983.449645996094 986.006530761719 982.077209472656 976.615905761719 994.793579101562 987.067321777344 990.633422851562 997.850402832031 986.733947753906 988.05224609375 992.671081542969 980.612182617188 974.044311523438 972.817810058594 971.68798828125 976.415283203125
1004.01397705078 997.752197265625 990.315124511719 990.829895019531 989.061401367188 986.252990722656 975.507263183594 978.614074707031 979.932861328125 983.376708984375 986.346496582031 976.614501953125 972.554931640625 970.013732910156 980.890380859375 976.226745605469 969.864135742188 970.125427246094 965.554809570312 969.224060058594 979.328430175781 976.953735351562 975.260681152344 975.111267089844 973.782287597656 974.405639648438 983.582092285156 984.520141601562 992.269470214844 989.488159179688 990.830932617188 990.47216796875 984.785522460938 983.385375976562 985.276916503906 987.016784667969 984.564819335938 991.468444824219 1002.11700439453 993.493347167969 990.011962890625 979.038818359375 980.442504882812 988.162475585938 979.305114746094 980.0712890625
997.842102050781 994.708129882812 993.469665527344 986.085144042969 985.769409179688 981.875244140625 975.354309082031 977.647644042969 987.27734375 982.111389160156 985.117919921875 981.247802734375 968.740905761719 976.567321777344 974.679260253906 980.003601074219 979.6455078125 969.132202148438 964.714904785156 969.273742675781 971.043151855469 977.237915039062 979.499755859375 977.793884277344 982.180419921875 982.496276855469 982.01806640625 989.5966796875 987.845458984375 989.959533691406 992.78759765625 989.015625 986.868225097656 987.983337402344 991.819396972656 994.305480957031 992.463623046875 992.302001953125 997.325256347656 994.932556152344 985.3818359375 982.151062011719 990.264404296875 991.142700195312 989.031555175781 982.240173339844
993.605163574219 994.568969726562 995.0947265625 991.019470214844 982.938171386719 978.272033691406 982.118774414062 983.197326660156 989.099243164062 989.021667480469 983.434875488281 979.473876953125 974.485290527344 980.15869140625 969.560668945312 977.09326171875 969.482666015625 969.287414550781 973.147644042969 978.12451171875 974.139770507812 980.559143066406 978.721313476562 976.314025878906 987.944030761719 979.519836425781 991.979125976562 979.671447753906 982.953369140625 982.324096679688 985.658508300781 980.450805664062 987.38525390625 990.370849609375 993.560119628906 998.88525390625 996.326843261719 995.087158203125 990.29931640625 990.086059570312 986.327026367188 981.137878417969 986.513793945312 989.696411132812 988.852844238281 986.162536621094
993.0087890625 999.435363769531 1013.50726318359 998.949035644531 995.260314941406 993.616149902344 978.775512695312 984.833862304688 987.671203613281 990.757141113281 988.239318847656 985.212768554688 980.622314453125 973.330505371094 968.576477050781 973.69921875 967.737609863281 973.947204589844 983.13916015625 980.498474121094 989.721008300781 977.872314453125 988.543762207031 982.354431152344 982.521179199219 988.918151855469 987.358337402344 987.163879394531 991.973083496094 988.849060058594 981.537841796875 983.109680175781 991.152160644531 989.378356933594 988.856384277344 995.465393066406 992.990600585938 996.045227050781 989.284729003906 990.118835449219 990.720703125 984.528259277344 980.771423339844 987.108825683594 988.396301269531 984.444458007812
1002.66729736328 1002.86877441406 1003.35980224609 1000.41467285156 1002.37756347656 990.542419433594 984.111267089844 981.820068359375 983.994262695312 982.892700195312 983.429626464844 987.602478027344 970.386291503906 967.824890136719 969.440185546875 973.770874023438 973.449401855469 971.176696777344 985.775939941406 987.988830566406 995.228088378906 988.865783691406 990.897644042969 987.263061523438 981.495056152344 987.429565429688 991.243408203125 996.668884277344 992.479553222656 999.047485351562 990.095581054688 984.889831542969 993.972106933594 988.712524414062 984.823181152344 989.692260742188 985.555236816406 991.068969726562 992.602111816406 980.213806152344 978.283874511719 982.27978515625 981.043884277344 983.578247070312 982.080261230469 977.116027832031
999.725524902344 1000.69763183594 1016.13543701172 1012.76171875 1008.46459960938 1001.51770019531 994.129089355469 980.193237304688 970.598083496094 977.314331054688 979.337829589844 974.716003417969 979.641235351562 972.624084472656 979.667785644531 966.459838867188 971.034545898438 975.592956542969 978.688720703125 983.242248535156 993.27392578125 1002.03277587891 995.555053710938 991.169860839844 992.549072265625 988.777587890625 991.8564453125 995.7275390625 994.658630371094 995.729797363281 998.365844726562 993.267639160156 999.844177246094 999.610290527344 994.905334472656 993.882568359375 985.351501464844 993.62060546875 987.092651367188 989.386474609375 987.310485839844 986.350219726562 980.034484863281 980.102111816406 979.9091796875 975.662902832031
1014.50482177734 1015.83770751953 1019.64898681641 1021.70483398438 1012.16394042969 1003.45739746094 994.225219726562 983.857299804688 975.87646484375 980.790283203125 983.436340332031 977.416381835938 974.632446289062 973.254272460938 980.894104003906 982.073669433594 972.75244140625 977.493286132812 969.567016601562 982.057922363281 986.522644042969 989.106384277344 985.887756347656 987.683532714844 992.8720703125 994.507202148438 994.185974121094 992.895874023438 991.988952636719 997.757446289062 1001.61346435547 996.475646972656 1001.14459228516 1004.88049316406 999.865661621094 994.05517578125 990.262390136719 987.062133789062 990.642883300781 984.184326171875 990.564575195312 985.029846191406 979.280822753906 990.551208496094 984.607971191406 982.206115722656
1021.68011474609 1027.79370117188 1027.63977050781 1017.61663818359 1017.80548095703 1005.09722900391 988.98876953125 985.694030761719 989.73779296875 990.253479003906 982.810729980469 978.320495605469 981.618835449219 978.509155273438 981.557800292969 984.459533691406 974.959777832031 969.196655273438 972.760437011719 967.148681640625 985.590087890625 987.027221679688 997.405212402344 995.514953613281 991.866638183594 994.231811523438 990.29541015625 992.502075195312 991.48291015625 997.707153320312 1004.90576171875 1000.70135498047 1006.74487304688 1008.18096923828 1004.2412109375 1001.30902099609 998.973510742188 998.622192382812 996.79296875 996.021179199219 989.792358398438 990.727478027344 978.890380859375 988.427490234375 994.510437011719 999.477355957031
1021.03149414062 1022.16802978516 1016.59771728516 1017.54302978516 1012.76281738281 1011.9189453125 999.942016601562 994.432495117188 988.647521972656 990.73046875 972.815856933594 973.190795898438 980.182922363281 983.569152832031 983.589172363281 980.811645507812 980.183288574219 975.798095703125 972.460754394531 976.2578125 985.638244628906 988.082153320312 986.051452636719 989.87060546875 989.418273925781 998.801635742188 993.569274902344 995.317138671875 989.187805175781 994.001098632812 997.847595214844 1006.78009033203 1008.04846191406 1008.66497802734 1009.97900390625 1009.32348632812 1004.701171875 1007.66766357422 1008.05395507812 1003.89666748047 990.778198242188 987.071166992188 989.379699707031 988.371337890625 993.391174316406 995.265747070312
