data/zlatibor_dem_simulations/DEMsim65 (1).asc
NCOLS 150
NROWS 100
XLLCORNER 7394249
YLLCORNER 4841999
CELLSIZE 30
NODATA_VALUE -9999
[rows 20 to 39 of 100, columns 92 to 137 of 150]
1004.59503173828 1010.02301025391 1010.18463134766 1008.78588867188 1000.59436035156 995.920654296875 991.536804199219 989.568725585938 1002.97900390625 995.995300292969 989.557434082031 996.806762695312 988.389404296875 989.528259277344 984.062255859375 982.360412597656 981.169494628906 975.745788574219 972.823181152344 958.615783691406 943.251037597656 933.649475097656 939.801513671875 935.491943359375 939.253540039062 931.773010253906 940.417419433594 955.13330078125 959.210693359375 981.9814453125 993.888305664062 1013.17437744141 1007.83630371094 1007.83813476562 1026.01391601562 1036.39709472656 1043.35852050781 1042.19836425781 1052.75634765625 1058.28344726562 1061.94311523438 1054.97180175781 1059.935546875 1060.59033203125 1067.68371582031 1065.1162109375
1019.93927001953 1019.06243896484 1025.05017089844 1019.82153320312 1003.81427001953 1005.85522460938 1005.28082275391 1001.32867431641 1001.63256835938 1003.08441162109 999.940734863281 1002.7744140625 1006.6875 1003.46435546875 987.289794921875 983.602172851562 989.102172851562 979.6513671875 972.628540039062 960.435791015625 951.981872558594 941.384643554688 937.547912597656 935.4287109375 934.772583007812 943.652770996094 946.434265136719 958.32080078125 964.651794433594 977.385070800781 997.553161621094 1018.74981689453 1013.55810546875 1023.62237548828 1032.03649902344 1028.82788085938 1035.10998535156 1042.57727050781 1052.63098144531 1049.72741699219 1054.54748535156 1050.72338867188 1052.82458496094 1055.46313476562 1060.29431152344 1059.37536621094
1034.03771972656 1023.56085205078 1026.041015625 1024.53466796875 1021.57763671875 1016.80499267578 1011.47088623047 1013.80462646484 1005.46728515625 994.572143554688 1001.22064208984 1004.01751708984 1014.29559326172 1010.57183837891 997.6025390625 990.659790039062 983.48046875 979.211547851562 968.532348632812 955.8037109375 943.366333007812 942.985168457031 941.379760742188 940.917175292969 942.67333984375 951.784423828125 962.374328613281 973.249450683594 974.91064453125 988.121337890625 993.921203613281 1005.4091796875 1009.33465576172 1024.88696289062 1026.51672363281 1035.5302734375 1033.9560546875 1041.02880859375 1052.67260742188 1051.70849609375 1053.10034179688 1054.78393554688 1058.66149902344 1052.015625 1058.12158203125 1055.02331542969
1027.1982421875 1026.65539550781 1023.73254394531 1019.10083007812 1016.73913574219 1018.7109375 1011.83435058594 1011.39788818359 1011.77001953125 1004.73065185547 1005.85186767578 1011.08099365234 1013.12921142578 1011.57427978516 1010.94036865234 1000.26715087891 980.205627441406 972.831481933594 969.613037109375 952.713134765625 944.620788574219 944.585876464844 936.605651855469 940.232299804688 943.893737792969 964.245178222656 974.007385253906 976.177001953125 986.739685058594 990.3701171875 1001.60711669922 1004.05938720703 1010.85534667969 1014.99108886719 1029.54211425781 1036.30114746094 1035.11010742188 1050.0771484375 1049.77880859375 1048.36376953125 1051.24169921875 1055.07348632812 1050.80627441406 1055.80944824219 1053.01794433594 1055.22216796875
1028.62561035156 1023.58532714844 1020.68853759766 1016.82470703125 1015.73791503906 1011.09002685547 1006.68145751953 1009.689453125 1007.73065185547 1006.22204589844 1004.71765136719 1011.51672363281 1008.76422119141 1012.83740234375 1009.76574707031 996.997619628906 977.354614257812 964.469665527344 954.099853515625 948.390075683594 949.690979003906 948.287963867188 941.252075195312 941.901550292969 946.042541503906 958.02734375 976.648193359375 995.261108398438 997.64892578125 1004.81854248047 1003.95513916016 1006.46545410156 1017.24237060547 1018.06677246094 1029.6865234375 1031.03881835938 1042.47973632812 1044.14282226562 1038.31005859375 1042.31896972656 1051.41528320312 1058.76391601562 1067.73779296875 1063.16088867188 1067.70202636719 1065.93676757812
1027.2587890625 1024.53930664062 1023.06335449219 1015.20007324219 1010.07165527344 1012.67749023438 1002.73980712891 1007.35559082031 1002.63690185547 1000.75415039062 998.596557617188 1009.15832519531 1002.93957519531 1010.17437744141 1008.59185791016 995.596801757812 988.200622558594 969.276428222656 956.48779296875 949.600463867188 945.425415039062 951.348815917969 941.336059570312 946.083251953125 950.418579101562 967.758056640625 983.304931640625 984.980041503906 994.990295410156 996.111145019531 1006.88397216797 1012.69165039062 1016.70288085938 1025.93725585938 1038.7587890625 1039.505859375 1045.80053710938 1046.06555175781 1044.0400390625 1042.3564453125 1053.05871582031 1050.80334472656 1056.658203125 1069.15014648438 1072.97253417969 1070.20092773438
1017.40173339844 1020.35180664062 1013.24664306641 1016.64251708984 1011.89782714844 1008.29223632812 1008.771484375 999.980285644531 1001.62689208984 996.985412597656 1002.89434814453 1012.08233642578 1009.35760498047 1005.84417724609 1001.85162353516 994.292419433594 983.132934570312 967.612670898438 959.729736328125 943.716979980469 945.726806640625 942.198181152344 944.653503417969 952.427978515625 954.994812011719 959.399047851562 980.960327148438 991.260375976562 1001.69476318359 1005.13940429688 1016.60894775391 1020.96630859375 1016.58435058594 1025.02770996094 1034.26611328125 1041.08251953125 1038.53051757812 1037.34240722656 1037.8896484375 1031.66027832031 1046.57922363281 1052.86755371094 1051.18225097656 1054.86633300781 1056.95654296875 1064.54077148438
1018.89398193359 1020.11956787109 1011.95770263672 1017.83441162109 1021.92626953125 1009.22857666016 1008.63806152344 1011.24523925781 1008.94281005859 1004.69537353516 1007.22821044922 1008.07836914062 1004.57214355469 1005.23168945312 998.381958007812 989.418884277344 968.241516113281 966.969604492188 956.391418457031 952.200134277344 951.92138671875 952.258178710938 947.141906738281 960.233459472656 963.361511230469 968.565734863281 978.363891601562 984.876892089844 991.591857910156 1004.17010498047 1019.11322021484 1017.83978271484 1020.21160888672 1022.21704101562 1030.12060546875 1028.89465332031 1031.26525878906 1021.87567138672 1028.20153808594 1038.70324707031 1045.45495605469 1050.23889160156 1053.81127929688 1056.94750976562 1048.22497558594 1057.69860839844
1017.62921142578 1030.14416503906 1023.38061523438 1021.97131347656 1025.9423828125 1024.60485839844 1019.89880371094 1022.33514404297 1007.62884521484 1002.84906005859 1012.71618652344 1007.46069335938 1022.2890625 1010.46221923828 1000.17730712891 987.931701660156 977.162109375 968.645874023438 953.577575683594 949.825866699219 955.0078125 954.802795410156 960.885986328125 965.962768554688 974.469970703125 979.175842285156 985.886596679688 994.356384277344 990.196411132812 1009.24798583984 1015.7529296875 1013.03747558594 1022.14721679688 1024.68859863281 1026.54956054688 1028.50939941406 1022.66638183594 1020.01287841797 1025.43811035156 1041.32592773438 1037.88635253906 1040.22204589844 1042.4873046875 1052.79138183594 1050.56018066406 1055.2060546875
1019.39758300781 1027.10400390625 1028.75170898438 1026.02490234375 1023.74584960938 1015.50897216797 1017.29870605469 1014.59228515625 1009.74224853516 999.812561035156 1001.8056640625 1015.12786865234 1011.89141845703 1011.44885253906 1005.76989746094 994.592102050781 977.514404296875 970.031677246094 966.225280761719 954.662658691406 956.705993652344 957.834716796875 963.079895019531 967.643737792969 972.528747558594 972.597900390625 990.281494140625 999.70751953125 1002.37097167969 1003.49951171875 1012.76190185547 1016.69976806641 1026.88024902344 1024.94458007812 1029.13098144531 1022.67419433594 1020.95782470703 1024.73547363281 1036.19299316406 1036.23962402344 1041.95715332031 1038.71923828125 1035.85729980469 1043.93933105469 1045.65747070312 1045.77197265625
1021.44604492188 1021.07904052734 1030.72863769531 1029.91760253906 1031.18444824219 1027.18029785156 1017.59509277344 1020.94342041016 1006.95074462891 1008.71069335938 995.15869140625 1008.28985595703 1010.66082763672 1008.50317382812 1003.81036376953 984.721435546875 983.375305175781 979.051696777344 976.959045410156 966.212524414062 956.307739257812 945.416442871094 962.454345703125 970.552490234375 974.297546386719 980.339111328125 973.419372558594 987.948791503906 998.615356445312 1006.59497070312 1019.76849365234 1020.91809082031 1022.09564208984 1020.72137451172 1022.49285888672 1022.79913330078 1027.12414550781 1029.88818359375 1033.67126464844 1036.7841796875 1028.67724609375 1036.34521484375 1035.47546386719 1038.59997558594 1044.05126953125 1039.46960449219
1019.84350585938 1029.5419921875 1014.26947021484 1024.05847167969 1012.10046386719 1020.25909423828 1022.81024169922 1020.69134521484 1008.93347167969 1001.36138916016 993.460632324219 1004.20098876953 1000.55078125 1003.72235107422 993.807006835938 989.254028320312 986.199401855469 985.7666015625 984.194458007812 969.273071289062 961.084777832031 955.36328125 960.025329589844 963.081970214844 973.60009765625 973.293518066406 970.823974609375 984.839416503906 992.953002929688 1002.75720214844 1024.15588378906 1018.96270751953 1021.34973144531 1023.27117919922 1020.52392578125 1037.93811035156 1031.43298339844 1028.15539550781 1027.146484375 1034.22241210938 1023.07604980469 1033.97485351562 1033.78674316406 1034.81506347656 1033.51416015625 1039.73889160156
1016.50616455078 1011.81286621094 1018.57287597656 1013.61810302734 1014.50549316406 1007.05108642578 1005.98785400391 1010.44702148438 1004.96337890625 996.021606445312 992.37548828125 996.1904296875 998.545227050781 991.400024414062 993.433044433594 994.272827148438 998.524597167969 993.3671875 984.688415527344 979.204162597656 968.650146484375 971.609741210938 967.830505371094 964.037231445312 967.901184082031 970.397827148438 979.602966308594 983.921508789062 990.822937011719 993.80615234375 1010.63366699219 1006.91070556641 1017.25579833984 1013.72662353516 1020.82464599609 1033.87280273438 1032.48083496094 1029.74365234375 1023.73120117188 1024.4619140625 1019.06011962891 1015.19317626953 1025.6328125 1028.70043945312 1026.44921875 1030.48510742188
1009.71948242188 1011.04119873047 1010.21447753906 1014.11383056641 1009.56451416016 1006.89758300781 996.155578613281 1001.01287841797 1004.32928466797 991.449829101562 990.043395996094 995.983825683594 996.470153808594 993.578002929688 1001.31634521484 1004.65490722656 1010.04895019531 999.533813476562 987.844421386719 983.216247558594 987.156372070312 983.354858398438 977.27783203125 955.836730957031 959.816589355469 966.147338867188 972.867736816406 985.173400878906 983.675659179688 994.499694824219 1008.47003173828 1008.29608154297 1016.21063232422 1017.19201660156 1019.83959960938 1030.8896484375 1032.44958496094 1022.96179199219 1021.53723144531 1015.36334228516 1017.90826416016 1009.54925537109 1021.60211181641 1022.31781005859 1021.10174560547 1029.88171386719
1012.7236328125 1009.78833007812 1005.90783691406 1013.75830078125 1008.56018066406 998.034973144531 992.410278320312 1003.46148681641 990.197021484375 994.80908203125 992.632629394531 995.858825683594 992.609252929688 994.366882324219 1001.99426269531 996.036499023438 994.992614746094 990.448791503906 989.24462890625 996.012817382812 995.188049316406 998.288757324219 984.285705566406 979.025817871094 969.245483398438 977.182922363281 976.044494628906 987.529113769531 992.020690917969 993.694091796875 999.552307128906 1014.33062744141 1016.31585693359 1021.53424072266 1015.22967529297 1021.40850830078 1020.02453613281 1019.20172119141 1019.83319091797 1016.18395996094 1012.98590087891 1015.14178466797 1017.09027099609 1016.68432617188 1021.34173583984 1039.35437011719
1002.30834960938 1010.50146484375 1009.39562988281 1009.60919189453 1006.169921875 997.750732421875 996.3603515625 996.835632324219 1002.81036376953 995.636596679688 989.991271972656 990.061828613281 991.744567871094 987.242004394531 996.199401855469 998.308349609375 992.100463867188 995.42333984375 993.530822753906 999.114135742188 997.533996582031 988.191711425781 993.318420410156 985.511108398438 986.520202636719 986.325622558594 983.686340332031 989.896911621094 992.58251953125 993.482971191406 1009.20422363281 1008.61926269531 1015.48815917969 1013.85266113281 1012.53173828125 1020.59399414062 1017.10217285156 1017.96520996094 1011.08233642578 1010.55981445312 1010.84600830078 1013.09136962891 1019.99627685547 1031.54406738281 1031.05822753906 1042.46447753906
1008.03674316406 1003.95947265625 1014.03393554688 1006.1484375 1001.05310058594 1003.30261230469 998.976440429688 1000.26416015625 989.819519042969 990.294128417969 993.290161132812 985.610473632812 989.968017578125 983.539184570312 985.893127441406 989.52734375 986.876708984375 991.737854003906 991.519897460938 990.52490234375 989.557006835938 998.49658203125 1006.24169921875 1005.12707519531 996.622253417969 991.935180664062 980.834655761719 987.621459960938 979.506713867188 993.145690917969 1008.42321777344 1012.91577148438 1016.58630371094 1016.03112792969 1012.39465332031 1011.35119628906 1018.15600585938 1012.10925292969 1007.94488525391 1008.72760009766 1009.76007080078 1009.14038085938 1009.57135009766 1031.94995117188 1035.48815917969 1038.94714355469
1012.59515380859 1011.70819091797 1011.74261474609 1005.41546630859 999.075561523438 994.998291015625 993.126281738281 990.619506835938 987.322021484375 984.0693359375 989.036193847656 985.442810058594 982.161437988281 991.688415527344 991.384582519531 986.474670410156 987.139038085938 984.4892578125 989.26953125 989.354736328125 990.703491210938 1002.31207275391 1000.72357177734 1011.32531738281 1006.41027832031 998.20556640625 991.5224609375 989.912841796875 988.905029296875 985.787231445312 1001.80889892578 998.111267089844 1005.88397216797 1006.57281494141 1008.81597900391 1012.49426269531 1015.25219726562 1010.67913818359 1018.22406005859 1016.11511230469 1011.57385253906 1019.42724609375 1021.77325439453 1033.84252929688 1038.00146484375 1039.97241210938
1013.18688964844 1007.80444335938 1006.26489257812 1002.87158203125 995.671691894531 997.768981933594 993.80615234375 988.265319824219 990.876037597656 990.844909667969 987.570373535156 986.763793945312 984.981018066406 987.407104492188 985.279968261719 985.6083984375 994.054443359375 991.896667480469 996.608032226562 993.699340820312 998.801696777344 1002.72875976562 995.396057128906 1004.51550292969 1006.27874755859 1004.64678955078 1000.58697509766 992.251647949219 998.075805664062 986.598571777344 992.869140625 992.415466308594 1004.97290039062 1005.08166503906 1004.92877197266 1009.12976074219 1017.47686767578 1012.03143310547 1020.67028808594 1012.26635742188 1020.0888671875 1030.30224609375 1033.53845214844 1037.92822265625 1047.43359375 1052.38562011719
995.858764648438 995.349182128906 991.871643066406 1002.18182373047 999.095642089844 993.85546875 991.055725097656 984.703430175781 985.841430664062 989.680480957031 994.010498046875 989.058410644531 980.603210449219 990.413208007812 995.584106445312 989.179382324219 990.294311523438 992.446716308594 991.242980957031 993.091979980469 998.785522460938 991.968872070312 985.224792480469 999.126220703125 995.316711425781 990.901428222656 996.9482421875 998.704040527344 993.422119140625 994.76611328125 995.211486816406 998.722351074219 1002.75213623047 1007.078125 999.467041015625 1018.41345214844 1023.01739501953 1015.93560791016 1019.76245117188 1035.77136230469 1025.54321289062 1030.96948242188 1035.19836425781 1042.83825683594 1054.72827148438 1052.1474609375
