data/zlatibor_dem_simulations/DEMsim3.asc
NCOLS 150
NROWS 100
XLLCORNER 7394249
YLLCORNER 4841999
CELLSIZE 30
NODATA_VALUE -9999
[rows 60 to 79 of 100, columns 92 to 137 of 150]
964.2255859375 971.933715820312 975.341003417969 972.484924316406 976.92138671875 973.358276367188 981.247924804688 981.904357910156 982.778259277344 984.830139160156 978.695861816406 985.3818359375 987.843811035156 980.485107421875 983.357421875 986.889221191406 992.301940917969 998.335083007812 993.525939941406 994.993713378906 1000.21752929688 987.095642089844 996.016296386719 996.991638183594 983.44189453125 991.044189453125 988.939331054688 986.597778320312 991.453735351562 1005.39776611328 1002.11486816406 1003.64404296875 1008.42791748047 1013.19482421875 1012.90539550781 1031.8359375 1036.35571289062 1044.40795898438 1043.27868652344 1040.12878417969 1043.27600097656 1044.79772949219 1050.52136230469 1061.55993652344 1067.515625 1052.46667480469
964.386901855469 963.126892089844 969.057861328125 972.724731445312 977.58056640625 979.330444335938 981.802307128906 985.085510253906 985.127014160156 981.086364746094 985.721069335938 987.292785644531 986.008850097656 987.955261230469 980.628295898438 990.494750976562 990.835266113281 991.782104492188 998.060852050781 997.285400390625 1000.94439697266 1003.57385253906 997.426391601562 1004.75921630859 995.659057617188 996.464538574219 994.849243164062 984.635864257812 992.7861328125 1000.87451171875 1004.13861083984 1006.11254882812 1013.72644042969 1018.50030517578 1016.16027832031 1020.38763427734 1025.50939941406 1029.29809570312 1032.82897949219 1036.35168457031 1030.9697265625 1037.11926269531 1043.74328613281 1045.10546875 1051.9970703125 1042.91931152344
958.107971191406 971.107666015625 968.524047851562 971.67041015625 982.004455566406 991.189575195312 991.092590332031 982.222351074219 985.650085449219 987.2509765625 991.84130859375 994.281860351562 977.312072753906 983.631958007812 987.818603515625 1000.43518066406 997.094421386719 994.237060546875 1001.85943603516 1007.35821533203 1015.66259765625 1020.78790283203 1010.63043212891 1012.98266601562 1015.94122314453 1004.33203125 1004.59637451172 994.235046386719 991.737731933594 997.393371582031 1004.27124023438 1009.89660644531 1008.58135986328 1013.09045410156 1017.57989501953 1024.04211425781 1022.91479492188 1026.68542480469 1031.38989257812 1031.56079101562 1028.73791503906 1027.7080078125 1034.42529296875 1044.72033691406 1044.28967285156 1034.2783203125
957.638000488281 969.187927246094 973.160522460938 976.802307128906 976.85107421875 992.845397949219 990.036193847656 988.155822753906 986.375 990.546020507812 989.384155273438 988.449279785156 985.482421875 985.286499023438 988.517395019531 1003.99780273438 996.832214355469 1002.94915771484 1006.35540771484 1011.73919677734 1019.74127197266 1024.40991210938 1016.69683837891 1016.08715820312 1020.92163085938 1015.53045654297 1003.25836181641 999.51611328125 1001.80883789062 1003.32623291016 1007.05224609375 1018.05902099609 1020.44958496094 1012.19989013672 1020.10205078125 1022.67889404297 1016.57983398438 1020.31610107422 1020.92443847656 1028.18981933594 1031.47326660156 1036.6630859375 1025.89672851562 1033.09240722656 1033.89111328125 1030.96447753906
968.789611816406 971.306457519531 973.805114746094 977.970886230469 982.437622070312 992.001037597656 1003.34002685547 999.361328125 998.998840332031 994.266418457031 989.157775878906 984.193786621094 981.438415527344 977.644897460938 984.889587402344 990.454345703125 1000.15454101562 1008.42022705078 1021.30511474609 1024.75146484375 1026.78186035156 1021.55847167969 1020.27648925781 1022.72155761719 1020.09893798828 1017.50201416016 1009.13635253906 1001.61663818359 1008.05291748047 1009.69677734375 1018.26019287109 1013.51849365234 1036.67822265625 1017.21588134766 1021.96978759766 1013.60577392578 1019.56811523438 1021.91436767578 1019.23321533203 1016.23004150391 1026.17834472656 1024.19104003906 1027.67358398438 1021.66369628906 1025.12109375 1027.21740722656
969.690551757812 972.739501953125 978.431457519531 976.328857421875 982.713562011719 989.649169921875 999.786804199219 989.161804199219 997.631408691406 998.824157714844 989.430236816406 984.646362304688 984.074584960938 982.522888183594 980.107666015625 990.743347167969 1005.37170410156 1009.57354736328 1010.19696044922 1018.54949951172 1019.35900878906 1020.20544433594 1030.35192871094 1030.36145019531 1020.93927001953 1011.48046875 1013.75952148438 1007.68975830078 1012.56854248047 1021.85821533203 1023.75390625 1031.99829101562 1035.70690917969 1026.01965332031 1024.91186523438 1017.23016357422 1016.14532470703 1022.15313720703 1010.87634277344 1018.22149658203 1023.5595703125 1018.75622558594 1012.89050292969 1011.93298339844 1012.7998046875 1026.28625488281
971.652160644531 983.224792480469 978.898986816406 986.49462890625 985.066223144531 988.779418945312 991.249389648438 994.76171875 998.3408203125 998.056457519531 990.964904785156 979.614135742188 975.66259765625 979.69189453125 985.044982910156 998.067749023438 1010.66015625 1008.94989013672 1011.59814453125 1018.28723144531 1024.41137695312 1027.064453125 1025.97473144531 1030.25964355469 1030.35803222656 1023.42248535156 1011.64825439453 1019.17437744141 1029.71655273438 1034.38220214844 1035.76879882812 1040.91284179688 1038.83032226562 1036.30285644531 1023.8681640625 1019.38995361328 1013.18914794922 1011.87280273438 1002.40081787109 1005.89178466797 1018.72711181641 1016.01495361328 1002.80218505859 1007.85021972656 1016.62915039062 1029.48498535156
978.779479980469 983.492004394531 988.684326171875 986.443420410156 991.2822265625 995.919006347656 992.59423828125 997.665405273438 993.577087402344 996.818603515625 990.635620117188 986.150512695312 986.960632324219 988.710266113281 990.545471191406 999.120666503906 1013.99298095703 1013.34234619141 1016.85095214844 1015.01647949219 1017.36840820312 1026.30334472656 1028.9033203125 1036.94519042969 1034.55627441406 1033.79284667969 1027.48376464844 1030.84948730469 1039.91735839844 1043.00598144531 1039.84619140625 1039.58532714844 1043.17602539062 1038.38696289062 1029.67749023438 1024.52209472656 1013.2607421875 1013.10614013672 1006.40765380859 1003.91339111328 1013.76416015625 1014.79290771484 1015.36279296875 1016.85845947266 1013.44976806641 1020.35046386719
970.505310058594 985.660705566406 992.111083984375 991.089904785156 987.640014648438 990.291198730469 989.797180175781 986.933471679688 985.455444335938 997.59521484375 996.246520996094 998.805541992188 991.141479492188 998.765625 1002.03668212891 1006.20806884766 1013.83154296875 1013.47448730469 1014.88922119141 1020.10443115234 1022.81823730469 1026.7744140625 1035.87878417969 1038.16162109375 1041.36804199219 1038.00231933594 1046.00134277344 1052.31921386719 1050.16906738281 1040.45532226562 1044.20556640625 1040.5341796875 1043.3056640625 1039.20703125 1030.5048828125 1021.92260742188 1013.28338623047 1008.62286376953 1007.19897460938 1009.24768066406 1007.07159423828 1007.96875 1008.06909179688 1009.27117919922 1017.90948486328 1021.33148193359
973.51513671875 991.643737792969 987.023376464844 987.920288085938 995.942260742188 982.725036621094 984.049621582031 986.6201171875 985.166198730469 987.964172363281 988.912292480469 992.657348632812 1011.51013183594 1000.16131591797 1004.30493164062 1007.80688476562 1015.97076416016 1026.73913574219 1031.24267578125 1026.81359863281 1027.79272460938 1028.37902832031 1036.00219726562 1038.39672851562 1036.23559570312 1046.65539550781 1047.83862304688 1050.958984375 1051.91809082031 1045.05310058594 1039.2060546875 1038.21301269531 1033.49621582031 1034.25830078125 1028.05139160156 1014.64093017578 1011.58331298828 1006.80023193359 1001.48480224609 1005.89782714844 1003.88647460938 1000.27984619141 1007.19580078125 1017.69354248047 1023.30541992188 1025.65478515625
978.569213867188 984.393981933594 992.02490234375 992.656982421875 990.988220214844 986.39404296875 992.665405273438 983.10595703125 980.417297363281 988.251281738281 991.363586425781 1000.986328125 1001.53460693359 1003.02874755859 1003.52227783203 1006.81097412109 1013.89361572266 1020.98791503906 1024.7890625 1026.99145507812 1025.8896484375 1031.07104492188 1030.71728515625 1039.4697265625 1038.61071777344 1042.66052246094 1050.88635253906 1053.88781738281 1044.10607910156 1042.41528320312 1037.38391113281 1042.0693359375 1031.37072753906 1028.57421875 1019.22509765625 1011.08435058594 1009.07836914062 1010.40838623047 1007.50573730469 1000.37438964844 999.578491210938 1007.93969726562 1013.39666748047 1025.19299316406 1030.08911132812 1034.73327636719
981.264038085938 979.253662109375 987.233154296875 987.688415527344 989.392333984375 993.735046386719 993.059020996094 988.743347167969 989.516357421875 986.334838867188 992.246154785156 990.74169921875 999.994506835938 997.3984375 994.359375 1000.59710693359 1018.62445068359 1026.32861328125 1025.97570800781 1024.23010253906 1018.52252197266 1024.14331054688 1029.28686523438 1029.55529785156 1035.42846679688 1044.59313964844 1040.3173828125 1054.38232421875 1047.0771484375 1045.54577636719 1044.71032714844 1039.33825683594 1028.9775390625 1029.51147460938 1024.40563964844 1018.14923095703 1015.45678710938 1016.63079833984 1005.54748535156 1009.73474121094 1006.10705566406 1012.77893066406 1022.87420654297 1025.74731445312 1027.07861328125 1030.01879882812
975.66064453125 979.702514648438 987.584838867188 983.97607421875 993.227111816406 991.627197265625 994.69873046875 999.113830566406 999.00830078125 997.966247558594 991.215393066406 1000.38073730469 1003.5400390625 1011.81011962891 1016.28045654297 1015.33673095703 1013.83813476562 1025.21618652344 1023.71240234375 1012.20776367188 1015.55303955078 1020.63122558594 1027.47619628906 1027.24279785156 1034.05700683594 1038.00793457031 1032.10717773438 1036.64025878906 1045.49633789062 1045.71923828125 1042.26574707031 1043.67504882812 1037.21069335938 1034.51342773438 1028.25122070312 1024.43640136719 1014.42510986328 1010.22113037109 1007.61706542969 1018.30902099609 1016.75219726562 1015.89849853516 1025.73120117188 1029.20568847656 1022.22082519531 1031.33032226562
980.040222167969 985.721374511719 982.414367675781 985.25732421875 996.403564453125 995.582946777344 1003.77630615234 1003.24768066406 996.714965820312 1001.04193115234 1003.36553955078 1004.22570800781 1007.60675048828 1020.56829833984 1013.65734863281 1016.49761962891 1026.89343261719 1029.09924316406 1030.31811523438 1018.89147949219 1028.26220703125 1020.29180908203 1024.65185546875 1023.32818603516 1022.59881591797 1022.24468994141 1020.04650878906 1030.86999511719 1029.38928222656 1033.89453125 1035.28881835938 1045.09509277344 1045.08276367188 1036.3017578125 1025.21630859375 1024.27905273438 1017.97503662109 1015.26904296875 1015.43414306641 1017.36102294922 1013.36456298828 1020.13928222656 1021.81970214844 1034.15673828125 1026.33068847656 1024.35559082031
978.815307617188 986.249755859375 988.657348632812 989.093811035156 993.220031738281 995.445068359375 992.012023925781 995.763793945312 1000.90832519531 1001.17230224609 1003.15673828125 1005.39007568359 1016.72998046875 1017.28265380859 1023.54235839844 1028.64013671875 1023.51470947266 1028.28955078125 1021.98223876953 1031.28979492188 1023.94763183594 1021.40679931641 1022.517578125 1016.20477294922 1025.85656738281 1020.87261962891 1017.83764648438 1019.34283447266 1031.61791992188 1035.56140136719 1046.99536132812 1042.92004394531 1040.14440917969 1033.06225585938 1026.22998046875 1031.85009765625 1013.109375 1011.58605957031 1012.70391845703 1017.81024169922 1019.03717041016 1015.69665527344 1027.87097167969 1023.80487060547 1023.61468505859 1013.97705078125
984.987365722656 991.004943847656 992.73388671875 990.372802734375 1005.18255615234 996.045837402344 998.872436523438 1004.80895996094 998.802856445312 1000.65325927734 1012.80651855469 1013.00866699219 1025.09924316406 1027.88916015625 1030.49304199219 1038.48706054688 1037.29211425781 1033.67333984375 1032.6943359375 1027.71520996094 1021.71185302734 1029.90063476562 1026.6630859375 1018.80792236328 1016.80377197266 1016.91857910156 1014.68920898438 1021.87615966797 1021.41424560547 1033.5166015625 1039.953125 1040.6328125 1034.28259277344 1023.65667724609 1026.22192382812 1013.85870361328 1013.51995849609 1005.00573730469 1008.78759765625 1011.17236328125 1016.04266357422 1017.15795898438 1023.48138427734 1014.92156982422 1016.89709472656 1010.67419433594
987.592590332031 988.879638671875 1000.78826904297 1005.55413818359 1006.87908935547 1006.01721191406 1004.24896240234 999.886413574219 1000.75500488281 994.904479980469 1005.16223144531 1006.15270996094 1017.48083496094 1020.14428710938 1037.33435058594 1042.23046875 1035.41821289062 1027.0478515625 1028.03283691406 1033.03674316406 1029.51354980469 1027.13928222656 1032.20202636719 1027.88549804688 1025.73400878906 1018.31781005859 1024.64038085938 1015.92852783203 1027.79736328125 1028.384765625 1038.99169921875 1037.01171875 1029.60327148438 1021.20391845703 1021.21313476562 1007.21691894531 999.909606933594 1009.83349609375 1001.54132080078 1015.28900146484 1014.02874755859 1014.28814697266 1014.52954101562 1019.94189453125 1022.75518798828 1017.13952636719
982.078369140625 989.636352539062 996 1004.92639160156 1007.20587158203 1010.34497070312 1007.41741943359 1004.39880371094 998.231689453125 1005.10607910156 1007.95178222656 1004.46459960938 1010.45599365234 1022.15240478516 1034.51416015625 1037.45446777344 1035.57153320312 1024.38000488281 1017.29907226562 1027.97961425781 1024.07153320312 1031.57470703125 1035.01611328125 1025.79016113281 1024.81164550781 1028.74475097656 1019.08758544922 1026.22143554688 1027.21520996094 1023.52160644531 1029.62622070312 1028.06750488281 1025.80651855469 1023.04223632812 1021.76342773438 1011.74798583984 1006.89044189453 1013.01690673828 1003.17858886719 1006.85302734375 1008.345703125 1015.47601318359 1016.70971679688 1019.11206054688 1020.51196289062 1008.453125
991.141845703125 990.693115234375 997.141784667969 989.303833007812 998.411865234375 1003.92053222656 1004.78381347656 1007.693359375 1006.76373291016 1010.05731201172 1001.44128417969 1006.14019775391 1002.81762695312 1021.55529785156 1029.26684570312 1031.85583496094 1038.11462402344 1028.03540039062 1025.36181640625 1023.00042724609 1027.86791992188 1034.74926757812 1034.76342773438 1032.42333984375 1031.16955566406 1028.85522460938 1025.30834960938 1028.03125 1026.12341308594 1026.25610351562 1029.04150390625 1022.05572509766 1019.55883789062 1011.50830078125 1006.01623535156 1005.45373535156 999.947265625 1009.02099609375 1007.89294433594 996.571105957031 997.418212890625 1007.47399902344 1007.12701416016 1009.31945800781 1013.70263671875 1000.10272216797
985.675842285156 985.527282714844 994.654479980469 990.167907714844 996.511596679688 988.097473144531 996.654846191406 1004.19494628906 1002.22717285156 1004.23126220703 1005.21997070312 1022.30944824219 1028.57043457031 1028.02954101562 1028.4140625 1025.91931152344 1032.12487792969 1034.55603027344 1029.42333984375 1025.2109375 1037.16235351562 1039.56982421875 1042.3505859375 1042.05419921875 1033.30749511719 1024.36767578125 1033.63354492188 1029.92126464844 1029.98986816406 1030.62683105469 1022.27984619141 1019.79565429688 1011.05773925781 1008.90350341797 1001.99584960938 1005.41204833984 997.608947753906 998.975708007812 997.822204589844 1001.2958984375 996.079284667969 999.389404296875 993.617919921875 988.041259765625 998.405029296875 1002.43499755859
