data/zlatibor_dem_simulations/DEMsim5.asc
NCOLS 150
NROWS 100
XLLCORNER 7394249
YLLCORNER 4841999
CELLSIZE 30
NODATA_VALUE -9999
[rows 0 to 19 of 100, columns 0 to 45 of 150]
1007.20294189453 1010.65161132812 1014.61492919922 1012.99285888672 1010.88446044922 1001.62554931641 1008.35955810547 1010.70666503906 1009.15747070312 1006.50408935547 1016.99224853516 1014.72406005859 1021.49713134766 1019.59307861328 1013.13018798828 1009.91870117188 1008.0087890625 1003.45373535156 1016.99444580078 1018.78161621094 1035.98754882812 1032.13623046875 1041.830078125 1031.71813964844 1031.13977050781 1036.98217773438 1031.81750488281 1030.93859863281 1030.11059570312 1031.0732421875 1033.1826171875 1033.0126953125 1022.95373535156 1025.42028808594 1019.50219726562 1025.18115234375 1018.72796630859 1017.51086425781 1015.08966064453 1022.06634521484 1023.93872070312 1012.52569580078 1010.060546875 1002.29663085938 1003.38110351562 992.83984375
1008.3134765625 1003.89141845703 993.317077636719 999.345520019531 1002.20562744141 1005.57177734375 997.221557617188 998.776733398438 1008.99493408203 1012.53021240234 1020.55627441406 1015.00909423828 1011.29602050781 1008.88165283203 1012.53167724609 1007.27886962891 1006.83489990234 1016.12915039062 1001.51037597656 1022.03845214844 1034.02954101562 1035.37133789062 1029.14465332031 1031.91906738281 1036.16540527344 1029.99523925781 1026.1591796875 1025.44873046875 1023.97625732422 1036.02746582031 1033.41345214844 1041.83630371094 1034.08630371094 1025.21081542969 1018.29547119141 1022.73352050781 1030.95031738281 1025.16540527344 1022.67401123047 1023.58435058594 1023.94964599609 1010.8564453125 1006.75524902344 999.788146972656 998.64892578125 989.983459472656
1005.00036621094 997.817749023438 989.890625 991.405639648438 996.574035644531 1006.58819580078 997.426696777344 1007.94805908203 1014.70886230469 1015.23876953125 1011.63311767578 1009.62927246094 998.702880859375 1005.00384521484 1013.56463623047 1008.79577636719 1012.01678466797 1008.65093994141 1015.11932373047 1025.87329101562 1039.86450195312 1040.455078125 1036.13427734375 1031.35546875 1033.32543945312 1025.59057617188 1031.36120605469 1030.90893554688 1029.35180664062 1032.33776855469 1040.66149902344 1039.33374023438 1037.45104980469 1028.46862792969 1015.89703369141 1027.59533691406 1029.79626464844 1026.54870605469 1016.70886230469 1016.92944335938 1015.93804931641 1012.14178466797 1004.73651123047 1007.77648925781 1000.587890625 991.413818359375
1000.34729003906 1002.83758544922 993.75 995.16796875 997.747131347656 1004.80975341797 999.853820800781 1005.61456298828 1019.24768066406 1013.94000244141 1011.80224609375 1012.01922607422 1001.95593261719 1002.49768066406 1006.69091796875 1008.17199707031 1011.77722167969 1012.07470703125 1021.92901611328 1017.42687988281 1020.09344482422 1030.00769042969 1028.50012207031 1021.17218017578 1026.07983398438 1032.04382324219 1024.37890625 1019.41986083984 1024.56677246094 1032.58703613281 1036.96716308594 1034.33862304688 1036.3466796875 1022.15124511719 1028.97631835938 1021.45184326172 1012.30554199219 1021.15893554688 1018.001953125 1017.708984375 1015.55084228516 1019.48913574219 1013.35992431641 1007.30377197266 1000.72717285156 989.022827148438
998.392333984375 995.914245605469 994.679321289062 996.678833007812 996.605041503906 1000.05444335938 999.260314941406 998.20947265625 998.637268066406 1010.03210449219 1006.72741699219 1005.70550537109 995.444030761719 1003.67205810547 1012.85845947266 1011.53814697266 1009.63427734375 1013.47723388672 1007.09100341797 1014.84240722656 1008.38372802734 1021.85455322266 1022.10961914062 1024.97741699219 1025.8330078125 1029.87976074219 1020.25512695312 1031.68176269531 1028.52270507812 1026.8662109375 1036.05700683594 1033.93115234375 1024.52600097656 1025.96252441406 1020.77954101562 1018.19177246094 1011.82501220703 1018.55859375 1016.19171142578 1016.91040039062 1013.83062744141 1013.65270996094 1009.26837158203 1006.69842529297 1004.31036376953 991.810119628906
998.493896484375 1003.65881347656 998.219177246094 997.267578125 1008.97027587891 1006.58331298828 1006.95935058594 1003.36169433594 1010.94671630859 1012.99975585938 1007.27044677734 1007.5048828125 1003.60583496094 1003.60089111328 1010.93804931641 1017.74291992188 1004.73107910156 1006.00439453125 1010.41784667969 1014.6416015625 1017.39892578125 1019.78125 1023.97009277344 1016.87353515625 1017.13000488281 1017.76086425781 1022.13391113281 1023.64007568359 1017.41558837891 1025.40270996094 1028.62585449219 1027.12573242188 1022.67224121094 1022.54260253906 1024.32556152344 1015.30712890625 1017.77264404297 1016.2119140625 1021.71301269531 1014.66912841797 1008.37579345703 1008.31970214844 1000.70959472656 1003.05389404297 998.625244140625 994.921325683594
1001.04425048828 1000.57293701172 1000.21618652344 996.488830566406 1001.61254882812 1001.40704345703 1006.33483886719 1010.33575439453 1012.04949951172 1012.33966064453 1016.21380615234 1001.70294189453 1008.70758056641 1005.00128173828 1008.74731445312 1014.15966796875 1013.18817138672 1008.08520507812 1010.50469970703 1011.15533447266 1020.79846191406 1026.55114746094 1029.58142089844 1016.81958007812 1012.97735595703 1013.38238525391 1019.27362060547 1018.64068603516 1016.50085449219 1021.06188964844 1029.29077148438 1024.77905273438 1026.82104492188 1025.91149902344 1022.9228515625 1017.13415527344 1009.01348876953 1012.29077148438 1014.94622802734 1013.42291259766 1005.0888671875 1000.19305419922 1013.90911865234 1010.55773925781 997.897399902344 996.486938476562
985.668029785156 991.409423828125 986.170654296875 989.115600585938 1006.216796875 1011.60760498047 1006.89208984375 1009.41650390625 1006.33984375 1008.66796875 999.914794921875 1000.96032714844 1003.21099853516 1003.50079345703 997.1884765625 1008.66845703125 1013.31420898438 1020.37127685547 1020.32330322266 1021.74029541016 1027.10717773438 1023.86138916016 1025.26062011719 1017.73541259766 1010.28564453125 1001.35864257812 1004.86871337891 1005.84545898438 1006.70617675781 1016.90191650391 1019.49304199219 1025.17126464844 1021.41680908203 1020.44122314453 1019.15588378906 1030.10827636719 1019.21807861328 1013.79272460938 1016.39971923828 1003.06457519531 1002.58294677734 1001.46557617188 1005.18878173828 1006.51965332031 999.139587402344 992.438415527344
985.161865234375 984.375732421875 982.917358398438 996.70068359375 1004.37493896484 1007.00701904297 1011.69268798828 1010.50628662109 993.902038574219 998.554504394531 999.401123046875 998.642517089844 990.671020507812 999.149230957031 1002.75183105469 1005.60217285156 1008.08154296875 1015.99981689453 1015.96423339844 1019.82849121094 1024.08093261719 1010.77758789062 1011.50256347656 1016.33410644531 1002.04327392578 1000.62109375 994.267822265625 997.235595703125 1001.53887939453 1012.86627197266 1015.41522216797 1023.21527099609 1018.85510253906 1019.83508300781 1013.59497070312 1020.84454345703 1017.46667480469 1014.20452880859 1008.97766113281 1002.31793212891 1000.64953613281 1004.12719726562 1000.33569335938 1000.17700195312 995.355834960938 996.722839355469
992.768859863281 986.415954589844 988.021911621094 999.742492675781 998.952331542969 1005.76672363281 1010.85229492188 1007.57006835938 1000.62023925781 994.166687011719 999.174377441406 1001.46899414062 995.679382324219 997.169799804688 997.904479980469 998.797302246094 1005.55877685547 1011.32965087891 1015.43536376953 1016.98779296875 1020.42565917969 1012.49066162109 1005.81066894531 1001.36657714844 995.497863769531 995.4443359375 1001.32916259766 1001.08264160156 1011.06396484375 1007.3486328125 1006.52716064453 1008.15423583984 1015.44689941406 1015.70837402344 1015.58764648438 1016.84515380859 1014.29412841797 1011.12634277344 1003.56762695312 1002.57275390625 1004.71789550781 997.975280761719 999.9873046875 998.676208496094 1003.96435546875 1001.17150878906
982.392639160156 990.991027832031 991.755737304688 995.827819824219 994.457092285156 1000.4716796875 1008.71441650391 1000.98284912109 1003.21533203125 998.234924316406 999.945495605469 995.769897460938 995.281188964844 996.599060058594 997.7666015625 997.106994628906 1008.90692138672 1008.15692138672 1009.28790283203 1015.61126708984 1008.62231445312 1006.28729248047 998.159606933594 990.270446777344 987.721984863281 985.668518066406 992.205749511719 998.480712890625 1006.09820556641 1003.76080322266 1006.15173339844 1009.52581787109 1018.681640625 1015.28790283203 1013.68273925781 1017.88000488281 1007.55456542969 1006.52685546875 1002.61920166016 1003.47082519531 1001.47692871094 1004.97900390625 1007.92114257812 1004.94995117188 1005.34790039062 1009.82293701172
984.157531738281 984.949401855469 983.841369628906 981.97998046875 987.643798828125 987.420837402344 991.858642578125 993.955688476562 997.174377441406 988.190063476562 989.608520507812 993.948974609375 989.630676269531 992.855346679688 997.243041992188 1004.93737792969 1000.53912353516 1011.20855712891 1010.75262451172 999.91064453125 994.844909667969 998.004211425781 995.055480957031 984.416442871094 976.658203125 983.561279296875 991.02734375 997.927734375 999.262756347656 1009.15002441406 1012.39721679688 1016.80242919922 1013.89624023438 1015.24157714844 1023.07751464844 1018.39154052734 1007.14605712891 1007.55554199219 1012.19384765625 1011.62451171875 1009.99658203125 1012.79425048828 1014.60174560547 1006.07690429688 1010.53118896484 1011.10656738281
982.184814453125 983.360900878906 984.104064941406 983.029296875 981.904541015625 983.561340332031 983.436706542969 983.369445800781 976.688537597656 978.0908203125 989.531921386719 990.71435546875 988.717834472656 996.321655273438 1003.33215332031 1001.80700683594 996.137329101562 1000.25769042969 1000.43377685547 989.039489746094 992.558959960938 994.255310058594 990.48486328125 980.204711914062 984.060546875 992.255187988281 985.002807617188 991.645141601562 1003.10748291016 1001.87811279297 1003.84490966797 1007.68579101562 1015.61309814453 1015.92797851562 1017.46356201172 1014.96081542969 1012.76995849609 1016.53070068359 1024.99340820312 1026.72961425781 1012.38836669922 1014.12854003906 1017.38159179688 1011.96527099609 1015.14880371094 1010.69445800781
985.677062988281 989.48681640625 988.496826171875 986.223388671875 994.50244140625 986.939331054688 987.41845703125 984.054016113281 981.606201171875 983.394653320312 979.7236328125 979.3857421875 979.209045410156 990.330871582031 990.7470703125 998.570129394531 995.355895996094 992.052978515625 986.542053222656 985.9462890625 991.906188964844 994.497680664062 994.184631347656 981.600341796875 985.027648925781 986.45556640625 981.729736328125 999.096069335938 1001.46496582031 1010.35363769531 1009.77282714844 1002.06469726562 1012.03302001953 1014.96484375 1016.06451416016 1014.70751953125 1013.92944335938 1024.10229492188 1038.12097167969 1034.05993652344 1028.76770019531 1025.98815917969 1019.70703125 1021.6396484375 1023.43969726562 1009.69799804688
978.640686035156 991.008361816406 992.115356445312 989.420532226562 982.550231933594 978.8828125 979.213562011719 977.643615722656 979.272705078125 981.554382324219 986.781799316406 976.23388671875 978.884216308594 983.758178710938 984.339538574219 989.555419921875 997.957092285156 995.405883789062 996.169372558594 988.239624023438 983.863159179688 994.375244140625 993.809997558594 988.768737792969 991.144348144531 992.65576171875 986.294250488281 992.399597167969 998.048583984375 1018.66851806641 1016.82177734375 1007.65753173828 1021.40759277344 1009.74438476562 1020.65563964844 1016.39489746094 1018.18139648438 1030.67053222656 1033.11120605469 1037.27734375 1033.74548339844 1022.71063232422 1026.35021972656 1027.7509765625 1020.48803710938 1018.72900390625
990.150268554688 990.32470703125 988.007385253906 977.262451171875 981.678527832031 979.666931152344 980.066162109375 990.917358398438 988.0205078125 990.224670410156 986.592224121094 973.233520507812 973.569702148438 976.41748046875 982.53857421875 982.810913085938 992.011413574219 990.564636230469 988.21142578125 992.306091308594 986.360046386719 998.283935546875 996.83154296875 992.277954101562 998.838256835938 990.071594238281 997.060424804688 998.520202636719 999.482543945312 1015.16558837891 1018.25720214844 1021.63018798828 1020.26947021484 1021.06256103516 1017.79333496094 1014.37957763672 1029.4208984375 1035.7607421875 1041.24353027344 1035.06164550781 1040.38195800781 1031.21752929688 1029.97143554688 1024.97583007812 1029.53137207031 1025.03942871094
988.503967285156 983.648803710938 981.904724121094 972.720336914062 961.320129394531 980.23974609375 982.220581054688 989.27978515625 983.990539550781 993.638000488281 980.716430664062 972.737609863281 971.092102050781 962.42919921875 976.727844238281 978.476806640625 982.390441894531 980.830444335938 988.339416503906 992.348815917969 994.459289550781 992.116149902344 992.139770507812 990.552368164062 986.555236816406 994.436218261719 997.3203125 997.381591796875 1006.39520263672 1011.32312011719 1024.703125 1026.83093261719 1026.60302734375 1023.50964355469 1018.23223876953 1024.16271972656 1022.16033935547 1029.5224609375 1048.90551757812 1043.443359375 1041.96069335938 1039.60168457031 1027.83483886719 1029.20935058594 1036.22241210938 1035.96118164062
980.082092285156 977.587341308594 966.844970703125 966.932800292969 968.5009765625 973.971374511719 983.102600097656 983.316101074219 988.028259277344 984.19384765625 984.191467285156 978.588623046875 963.947204589844 957.226318359375 969.973510742188 970.77587890625 972.197082519531 984.717407226562 983.283752441406 979.863342285156 987.366638183594 990.428771972656 988.334289550781 984.4921875 993.572082519531 994.360900878906 995.871459960938 999.978820800781 1007.54382324219 1018.87933349609 1033.04382324219 1018.03210449219 1017.83959960938 1029.91918945312 1030.69104003906 1030.08288574219 1021.68701171875 1026.49694824219 1038.55334472656 1036.86608886719 1040.40234375 1038.607421875 1034.4541015625 1033.19152832031 1038.94641113281 1028.63061523438
970.473876953125 972.735412597656 964.320251464844 962.13623046875 965.656066894531 970.099365234375 978.358459472656 977.807556152344 984.331848144531 977.487976074219 978.39501953125 966.707153320312 960.479736328125 963.499694824219 965.547485351562 968.565063476562 977.817260742188 983.48291015625 977.699890136719 970.689331054688 984.370910644531 989.767761230469 989.3388671875 984.586853027344 995.088256835938 1004.53045654297 1003.76403808594 1006.15313720703 1006.71252441406 1009.83905029297 1019.51885986328 1018.82464599609 1016.78723144531 1022.06243896484 1022.91076660156 1027.24938964844 1020.86486816406 1026.04772949219 1035.68835449219 1040.4091796875 1037.92419433594 1036.04455566406 1036.46813964844 1039.93566894531 1043.62658691406 1037.81762695312
971.395690917969 976.070556640625 972.478393554688 969.471862792969 952.174621582031 952.099670410156 958.706726074219 978.477233886719 974.071228027344 969.610290527344 969.316284179688 960.477844238281 957.260192871094 959.03076171875 959.262756347656 960.274291992188 974.074035644531 974.70849609375 974.718994140625 977.301879882812 972.149230957031 983.851257324219 981.22119140625 984.952697753906 1000.16296386719 1000.41156005859 1005.84387207031 1005.59869384766 1001.77691650391 1004.84185791016 1019.59942626953 1016.33612060547 1014.51397705078 1020.76165771484 1024.77770996094 1027.11340332031 1028.95373535156 1018.24743652344 1034.01696777344 1032.888671875 1031.88879394531 1036.58996582031 1038.205078125 1035.16674804688 1030.24645996094 1029.65710449219
