data/zlatibor_dem_simulations/DEMsim80 (1).asc
NCOLS 150
NROWS 100
XLLCORNER 7394249
YLLCORNER 4841999
CELLSIZE 30
NODATA_VALUE -9999
[rows 80 to 99 of 100, columns 0 to 45 of 150]
937.638916015625 937.98046875 933.889831542969 934.471862792969 935.385681152344 940.528991699219 931.138549804688 940.462951660156 948.077453613281 949.825988769531 954.074951171875 962.394897460938 963.436950683594 975.088195800781 978.503601074219 974.053100585938 972.619506835938 979.899230957031 983.200988769531 983.348999023438 981.7119140625 976.736145019531 988.146728515625 983.513305664062 993.462646484375 992.692626953125 988.884460449219 986.623962402344 981.09716796875 982.137634277344 973.992492675781 974.50048828125 972.670715332031 975.558044433594 981.666015625 989.10205078125 993.347717285156 993.882080078125 993.494934082031 992.364501953125 1004.16424560547 1006.61840820312 1001.83172607422 1007.97027587891 1003.67706298828 1000.13311767578
951.28369140625 951.832641601562 945.407897949219 948.453979492188 941.62255859375 931.430908203125 933.295776367188 944.804077148438 951.900451660156 957.357666015625 955.0390625 961.383422851562 959.605712890625 967.043701171875 965.740844726562 959.617736816406 968.174926757812 971.549133300781 982.249084472656 984.385681152344 979.268859863281 972.264770507812 973.289123535156 972.133911132812 981.51416015625 988.055419921875 985.003112792969 985.652465820312 980.21923828125 981.5556640625 980.241333007812 966.016235351562 970.193359375 965.165954589844 969.096374511719 981.229858398438 991.015197753906 991.436096191406 1001.68743896484 999.489685058594 1005.19677734375 1000.43902587891 1002.08056640625 987.680480957031 989.521362304688 987.437622070312
950.344970703125 957.87451171875 948.378234863281 940.714050292969 932.222534179688 934.856567382812 937.930603027344 946.994201660156 949.282348632812 961.006591796875 965.101745605469 965.32568359375 968.602661132812 958.402465820312 950.085510253906 951.520690917969 958.871643066406 961.35302734375 976.137634277344 981.736145019531 975.306091308594 974.702514648438 968.837036132812 965.482055664062 977.089477539062 985.340026855469 981.644226074219 985.561218261719 976.947204589844 983.950927734375 978.790405273438 967.961547851562 965.294799804688 974.433532714844 970.00927734375 976.57861328125 982.360412597656 990.092468261719 987.354248046875 990.166320800781 1002.5263671875 1007.41687011719 1000.46026611328 986.653137207031 979.626647949219 985.065734863281
944.992126464844 946.498413085938 943.206665039062 938.857482910156 932.678283691406 935.190002441406 939.887268066406 948.196899414062 955.677612304688 966.31640625 961.835876464844 961.799377441406 960.969543457031 960.015869140625 948.411865234375 955.366821289062 959.544677734375 955.843078613281 959.145629882812 971.630737304688 968.474487304688 965.665283203125 964.939270019531 965.704711914062 976.222534179688 977.758056640625 981.201782226562 974.038879394531 981.149169921875 979.533020019531 973.206665039062 969.847961425781 963.000183105469 968.412414550781 976.828430175781 976.853942871094 980.823425292969 981.468444824219 987.539855957031 994.778930664062 1000.48498535156 997.918090820312 989.590209960938 990.078430175781 991.910949707031 991.901489257812
954.500732421875 950.988830566406 946.863952636719 941.000793457031 937.738647460938 943.606262207031 939.659301757812 952.018432617188 962.817504882812 962.730041503906 954.870849609375 961.801513671875 956.576477050781 955.646423339844 950.865844726562 955.086303710938 961.1474609375 962.861267089844 964.460083007812 964.229858398438 959.377258300781 959.157287597656 960.608581542969 956.900695800781 966.681518554688 972.316467285156 969.063110351562 965.97412109375 973.634521484375 973.433898925781 971.841003417969 968.576599121094 963.329040527344 970.967590332031 971.054626464844 984.369812011719 975.366271972656 978.539306640625 979.045715332031 991.543640136719 998.52734375 1000.38909912109 996.510131835938 990.966979980469 988.501220703125 993.391662597656
948.458801269531 948.579528808594 948.353393554688 947.429382324219 945.435302734375 943.415893554688 935.310913085938 944.407165527344 958.15771484375 947.254821777344 947.974609375 957.441650390625 955.325500488281 953.763610839844 948.822875976562 957.145935058594 962.474609375 968.329528808594 959.547546386719 956.239501953125 945.507019042969 954.41015625 953.065490722656 963.185119628906 963.056762695312 966.022094726562 964.308532714844 963.227905273438 968.910461425781 962.951599121094 969.010437011719 964.544372558594 963.529418945312 970.059631347656 968.2216796875 972.166625976562 970.357238769531 971.667785644531 982.232971191406 988.582702636719 983.07763671875 991.156005859375 982.808227539062 986.125122070312 987.54345703125 997.375305175781
951.857543945312 951.002380371094 944.230773925781 944.248596191406 944.577941894531 935.445983886719 948.990295410156 947.575561523438 948.921936035156 942.660217285156 941.742065429688 949.753845214844 955.882080078125 951.75634765625 950.522705078125 957.177368164062 957.376525878906 957.492492675781 949.138061523438 954.656372070312 953.951599121094 952.264282226562 947.640808105469 954.822021484375 966.073303222656 961.048278808594 956.344177246094 960.906860351562 959.741271972656 963.683471679688 963.449340820312 971.297485351562 965.086730957031 954.215576171875 967.952331542969 974.477844238281 978.461669921875 980.918701171875 985.991638183594 979.010925292969 984.77001953125 985.239929199219 988.114868164062 983.922119140625 987.697265625 988.681030273438
956.389099121094 951.512573242188 950.930236816406 948.032531738281 951.776428222656 949.491333007812 949.805725097656 941.168762207031 933.643737792969 937.145690917969 944.021911621094 943.521301269531 948.634521484375 954.315002441406 946.345520019531 947.911987304688 950.656494140625 956.6025390625 953.769592285156 954.888549804688 952.452880859375 955.421752929688 954.057189941406 955.9912109375 956.787170410156 960.395690917969 959.774230957031 964.280944824219 954.841186523438 961.784301757812 958.507873535156 958.831726074219 956.008911132812 956.493408203125 966.089050292969 979.485595703125 971.755249023438 970.427001953125 971.951904296875 961.479248046875 970.402526855469 977.712463378906 983.204650878906 989.074645996094 982.950927734375 994.538635253906
953.975036621094 954.329040527344 948.228942871094 938.056457519531 948.574340820312 951.863586425781 948.860961914062 943.281066894531 944.715393066406 936.392272949219 942.903137207031 947.221435546875 953.305236816406 958.061584472656 950.740295410156 947.647766113281 952.634033203125 950.003356933594 959.06689453125 964.314575195312 955.253784179688 957.40576171875 961.167541503906 963.915710449219 957.797058105469 962.766174316406 962.697448730469 967.766906738281 961.472351074219 963.844055175781 963.346130371094 964.492797851562 963.6259765625 962.370361328125 978.406860351562 967.883911132812 966.390319824219 962.168212890625 963.706115722656 964.341125488281 961.501220703125 972.815490722656 985.482666015625 980.181335449219 975.770812988281 986.450988769531
971.143432617188 966.785888671875 949.28076171875 948.801696777344 952.294921875 942.335876464844 947.771179199219 940.33349609375 946.635131835938 940.828674316406 945.950622558594 946.694091796875 957.231994628906 958.819763183594 953.896728515625 954.073669433594 957.009399414062 958.692687988281 962.664978027344 962.553039550781 958.807373046875 959.170349121094 967.732421875 968.285034179688 955.046508789062 961.078125 969.257019042969 969.957946777344 962.108581542969 965.005249023438 958.429321289062 969.571411132812 974.443359375 968.734619140625 974.732971191406 968.515869140625 969.387756347656 961.315124511719 968.540161132812 959.903869628906 961.08837890625 971.249755859375 973.986572265625 967.598388671875 976.156494140625 980.425476074219
975.8037109375 967.045043945312 962.988342285156 958.435668945312 947.705505371094 948.9990234375 942.771911621094 940.585266113281 953.111877441406 949.425659179688 952.507629394531 957.478698730469 963.753784179688 965.494506835938 957.894714355469 966.293640136719 958.976196289062 956.314086914062 964.864807128906 961.721557617188 958.650939941406 957.898742675781 965.809326171875 962.832092285156 956.944152832031 970.339538574219 971.101318359375 970.687377929688 968.186096191406 965.641418457031 966.848449707031 974.223083496094 978.410705566406 972.602844238281 972.895568847656 975.180847167969 973.776611328125 967.687133789062 964.197021484375 969.169860839844 968.940612792969 972.29736328125 970.540710449219 972.169250488281 972.75341796875 977.036804199219
966.442321777344 969.599487304688 968.654663085938 954.634033203125 945.743103027344 947.053833007812 938.017578125 939.764282226562 947.071411132812 953.250549316406 953.048400878906 948.026184082031 957.483825683594 967.972839355469 969.434997558594 967.557250976562 961.336791992188 968.47265625 960.45263671875 951.991882324219 958.467041015625 965.104248046875 957.845825195312 967.427124023438 962.414916992188 973.288269042969 967.368347167969 965.894226074219 970.739440917969 959.956970214844 966.339477539062 969.012145996094 978.14990234375 975.41357421875 965.059936523438 964.42626953125 967.101806640625 966.295288085938 963.738647460938 966.939636230469 970.583068847656 971.578247070312 978.132934570312 972.754211425781 975.082885742188 977.479919433594
957.470092773438 961.46044921875 953.560852050781 963.025329589844 952.649475097656 948.76953125 938.333068847656 939.405578613281 945.344360351562 944.737426757812 949.898498535156 953.111755371094 953.395263671875 965.68505859375 971.292358398438 967.174682617188 965.911071777344 961.155456542969 960.961242675781 962.285217285156 964.574096679688 960.680603027344 955.803405761719 960.196533203125 958.849182128906 967.165100097656 967.954833984375 962.134704589844 967.125915527344 963.66015625 956.539855957031 970.272277832031 975.747436523438 965.575378417969 967.254455566406 978.136535644531 981.170593261719 977.156372070312 972.124694824219 971.369323730469 980.958923339844 981.789672851562 979.821655273438 978.855346679688 974.192321777344 972.189575195312
956.975830078125 954.006164550781 961.292053222656 964.3349609375 959.35302734375 942.892456054688 939.764404296875 943.098266601562 941.4814453125 951.1533203125 946.438903808594 952.373046875 953.526428222656 966.571472167969 971.206420898438 977.468688964844 974.097290039062 972.464965820312 967.347351074219 961.665222167969 960.898620605469 953.858215332031 955.327575683594 963.518188476562 964.934631347656 974.949462890625 971.122680664062 963.964721679688 966.436828613281 960.844848632812 971.435302734375 974.722534179688 970.425659179688 969.030639648438 973.71142578125 979.287475585938 978.164367675781 979.923583984375 982.449645996094 986.897338867188 984.534484863281 978.295776367188 978.262268066406 969.243896484375 976.727966308594 974.937316894531
962.435913085938 950.668273925781 957.400085449219 968.8583984375 953.952270507812 950.970458984375 944.612548828125 944.599609375 946.415710449219 936.466491699219 935.840576171875 944.973571777344 960.535095214844 973.105407714844 978.719665527344 981.830383300781 980.925109863281 974.547180175781 972.365051269531 966.781311035156 963.188049316406 965.5517578125 962.157043457031 961.981628417969 970.260681152344 971.475341796875 969.871215820312 969.186096191406 961.947204589844 960.859558105469 968.660949707031 972.096496582031 965.998046875 970.95751953125 970.961486816406 979.844909667969 981.210205078125 983.950256347656 973.978881835938 983.083679199219 984.021179199219 974.985046386719 978.375305175781 972.522155761719 977.216674804688 976.512512207031
967.587951660156 955.26123046875 959.392883300781 966.906921386719 972.596130371094 959.142395019531 949.192321777344 944.19287109375 943.0546875 934.114685058594 943.660400390625 951.15673828125 964.444580078125 970.408447265625 975.013244628906 984.692993164062 975.581481933594 981.127197265625 969.904296875 967.823547363281 973.465393066406 981.642456054688 979.542114257812 970.587951660156 973.577331542969 973.947021484375 975.029052734375 973.531066894531 962.940307617188 967.119873046875 970.909790039062 968.664184570312 970.850708007812 970.04150390625 976.898315429688 980.1279296875 981.130554199219 987.118896484375 994.076049804688 988.736633300781 982.995483398438 985.134887695312 974.8955078125 981.286560058594 975.817077636719 989.260864257812
964.833312988281 970.51318359375 964.103271484375 961.98095703125 970.492553710938 963.605651855469 959.267639160156 954.417114257812 941.125732421875 944.563293457031 952.872497558594 962.639709472656 966.3623046875 971.716369628906 975.995910644531 979.590087890625 980.258178710938 981.559997558594 970.75634765625 973.164855957031 974.847717285156 977.494506835938 975.249816894531 976.925842285156 974.858093261719 980.175354003906 964.676574707031 967.835876464844 967.3173828125 969.187255859375 961.936340332031 965.738586425781 972.357238769531 971.269287109375 966.532409667969 973.216857910156 973.529113769531 977.496887207031 983.404663085938 980.167358398438 979.756042480469 979.558776855469 975.968872070312 973.456481933594 980.778137207031 982.099304199219
961.8720703125 967.623901367188 963.936950683594 968.824157714844 968.785339355469 965.9677734375 969.794067382812 963.084655761719 957.268310546875 957.828063964844 958.130065917969 963.538818359375 964.830932617188 983.463562011719 977.473205566406 978.4599609375 983.342163085938 978.896606445312 982.195373535156 973.580871582031 977.843017578125 979.30126953125 984.003173828125 988.020751953125 979.96337890625 973.842712402344 965.499633789062 961.5068359375 961.394104003906 964.780578613281 969.963928222656 965.899108886719 973.300476074219 964.39404296875 969.016906738281 971.297485351562 971.577392578125 973.494812011719 972.486572265625 971.652526855469 979.023010253906 969.351684570312 983.557495117188 980.941223144531 974.161682128906 972.341491699219
956.380065917969 966.346069335938 962.375366210938 967.447387695312 972.222351074219 973.030700683594 964.881286621094 952.662963867188 957.930969238281 962.087280273438 965.552062988281 970.267211914062 973.340270996094 978.255004882812 975.773986816406 976.989562988281 976.438049316406 979.044372558594 979.916198730469 978.179748535156 980.388549804688 976.422607421875 975.998840332031 981.769104003906 974.844665527344 972.801086425781 959.47607421875 957.8046875 956.855651855469 961.78271484375 962.74267578125 962.462158203125 962.110107421875 962.674987792969 963.173767089844 972.213073730469 968.991516113281 975.3251953125 980.742370605469 978.072204589844 976.350036621094 979.702087402344 982.835510253906 980.355895996094 978.889953613281 966.9091796875
962.276062011719 968.031311035156 966.201110839844 972.008728027344 972.153686523438 965.932434082031 953.18017578125 948.928283691406 954.283813476562 963.300903320312 965.874633789062 975.210815429688 979.542846679688 976.583679199219 971.928405761719 964.697265625 970.641174316406 969.51416015625 963.576354980469 970.311401367188 976.010803222656 982.193298339844 979.702209472656 977.501953125 976.52685546875 968.73828125 964.387329101562 954.225891113281 955.312255859375 953.511535644531 956.809326171875 959.425903320312 969.5087890625 965.46923828125 964.543395996094 970.814819335938 968.3896484375 975.267639160156 979.842895507812 978.54248046875 979.876342773438 978.958435058594 975.203308105469 979.957336425781 979.822692871094 966.891479492188
