data/zlatibor_dem_simulations/DEMsim17.asc
NCOLS 150
NROWS 100
XLLCORNER 7394249
YLLCORNER 4841999
CELLSIZE 30
NODATA_VALUE -9999
[rows 40 to 59 of 100, columns 92 to 137 of 150]
991.849426269531 995.291564941406 993.176696777344 995.839660644531 993.052978515625 992.011291503906 981.929382324219 977.318603515625 985.085144042969 987.295471191406 987.859008789062 988.932983398438 979.196716308594 982.078918457031 981.909973144531 985.264709472656 988.393127441406 988.591064453125 982.371154785156 997.904052734375 998.82373046875 993.700988769531 992.433410644531 993.622497558594 995.4013671875 994.360412597656 988.21728515625 993.967163085938 997.669189453125 1003.46160888672 1010.48016357422 1008.5673828125 991.1123046875 987.25439453125 993.593139648438 999.993347167969 1009.9658203125 1014.52728271484 1025.24499511719 1032.56311035156 1033.71423339844 1034.00720214844 1039.90771484375 1048.10034179688 1056.98400878906 1055.68090820312
985.454711914062 995.580993652344 992.35693359375 989.911071777344 990.489196777344 992.331726074219 981.332885742188 987.491271972656 995.449279785156 986.78662109375 987.44873046875 981.072448730469 983.787170410156 984.837280273438 983.662170410156 975.032897949219 978.171020507812 992.092468261719 985.921752929688 990.560607910156 991.324157714844 990.539428710938 995.770812988281 1000.25659179688 994.06640625 982.720825195312 989.559692382812 994.929321289062 995.600769042969 1001.36206054688 997.452514648438 994.576110839844 987.24755859375 992.349243164062 989.046875 1005.55584716797 1019.28094482422 1030.11547851562 1028.69958496094 1032.81494140625 1037.03308105469 1043.75256347656 1043.64465332031 1051.42517089844 1064.17529296875 1062.900390625
985.375793457031 991.174072265625 995.772644042969 993.5029296875 986.267150878906 992.537841796875 985.564880371094 988.350036621094 991.858215332031 989.927490234375 995.795043945312 984.109802246094 987.926452636719 991.544372558594 982.056762695312 969.683227539062 974.800537109375 981.755187988281 982.607666015625 988.580932617188 986.497009277344 987.026245117188 986.654724121094 996.459716796875 992.019226074219 988.5068359375 987.377197265625 995.676452636719 994.369873046875 995.246826171875 997.094177246094 998.124328613281 992.39208984375 987.431518554688 1004.66345214844 1013.3251953125 1026.5166015625 1038.97570800781 1036.47839355469 1037.05603027344 1033.78735351562 1039.46069335938 1042.09716796875 1045.54858398438 1062.32299804688 1063.84997558594
989.738464355469 991.321533203125 991.862670898438 985.359375 985.078002929688 990.592041015625 978.4228515625 989.631530761719 994.44921875 989.072021484375 993.545288085938 988.755432128906 981.036437988281 982.035522460938 981.660278320312 976.805114746094 981.312744140625 984.567260742188 984.9658203125 985.524169921875 982.177673339844 997.012023925781 999.974548339844 993.546936035156 992.874206542969 998.400695800781 998.138000488281 996.806884765625 996.015869140625 1004.05316162109 1002.5595703125 1002.08563232422 997.15869140625 1003.47912597656 1012.67230224609 1025.98156738281 1034.09338378906 1036.07250976562 1043.29187011719 1043.05603027344 1038.36853027344 1042.11828613281 1053.80383300781 1060.40832519531 1061.53088378906 1070.45178222656
980.87158203125 983.378845214844 978.602478027344 976.389404296875 977.017211914062 984.447692871094 978.244201660156 983.147583007812 986.564331054688 987.0263671875 992.369384765625 982.847412109375 982.294494628906 978.304382324219 982.278991699219 977.459533691406 989.492248535156 982.394287109375 988.052368164062 987.319702148438 996.667541503906 1003.31823730469 1007.55950927734 1002.59466552734 1007.05541992188 1003.72857666016 1007.17083740234 1013.38555908203 1012.44268798828 1005.73406982422 999.307373046875 1005.11602783203 1007.21893310547 1008.6611328125 1009.20471191406 1020.81048583984 1032.14672851562 1029.61474609375 1044.94689941406 1039.40588378906 1054.35754394531 1051.03466796875 1058.64538574219 1063.72290039062 1070.54321289062 1076.24255371094
968.327941894531 971.297302246094 976.292297363281 973.814819335938 981.812561035156 990.163391113281 986.586364746094 987.746765136719 981.922546386719 987.463562011719 990.330993652344 988.315063476562 974.296752929688 977.613830566406 982.081726074219 987.347595214844 988.048583984375 991.678283691406 993.707580566406 998.554504394531 991.271789550781 1004.58966064453 1008.26922607422 1014.97314453125 1005.05401611328 1006.42120361328 1008.67504882812 1011.89129638672 1006.98455810547 1010.95031738281 1007.79290771484 1017.48187255859 1017.09423828125 1013.30407714844 1008.5107421875 1015.48095703125 1021.78057861328 1030.16748046875 1040.87768554688 1049.02502441406 1054.00134277344 1060.46899414062 1059.16137695312 1065.38732910156 1069.02453613281 1084.15234375
970.318542480469 969.597351074219 971.654296875 971.970642089844 976.515380859375 981.559692382812 977.661682128906 972.399169921875 980.56689453125 980.37890625 991.886962890625 986.933715820312 984.076049804688 982.472229003906 991.296508789062 987.871154785156 987.871459960938 992.164855957031 1004.35455322266 999.814331054688 1002.36767578125 1005.236328125 1015.36328125 1018.28521728516 1015.11779785156 1007.43286132812 1008.86486816406 1007.31298828125 1013.33044433594 1015.86291503906 1018.32397460938 1024.57092285156 1023.54968261719 1022.94873046875 1015.8671875 1015.00073242188 1017.16564941406 1032.55261230469 1033.07214355469 1051.43530273438 1050.09106445312 1056.13415527344 1067.54016113281 1062.68920898438 1071.498046875 1078.81530761719
970.682800292969 979.65966796875 973.538940429688 978.023193359375 980.730590820312 977.361450195312 976.558166503906 973.629211425781 970.904052734375 980.335693359375 988.687927246094 989.276794433594 991.459106445312 992.535278320312 999.055847167969 999.462585449219 1000.78521728516 1000.91497802734 1009.03582763672 999.421142578125 997.985595703125 1008.47058105469 1014.4619140625 1014.53442382812 1013.56750488281 1008.52581787109 1014.42620849609 1007.13482666016 1015.30114746094 1024.82177734375 1027.25805664062 1024.236328125 1026.23010253906 1029.33715820312 1019.42083740234 1015.79901123047 1005.16961669922 1027.95178222656 1031.14587402344 1040.69506835938 1045.03173828125 1052.08923339844 1060.46118164062 1061.17651367188 1060.41809082031 1073.30224609375
970.11865234375 970.510803222656 976.013793945312 969.872985839844 978.077514648438 981.906433105469 981.829223632812 973.950561523438 975.568969726562 979.804077148438 986.210876464844 987.131530761719 989.762512207031 988.323974609375 996.166931152344 997.413818359375 997.798034667969 1005.73181152344 1002.44049072266 1000.99230957031 998.497253417969 1003.69830322266 1005.68682861328 1013.27978515625 1018.7197265625 1025.98974609375 1028.84802246094 1015.51782226562 1016.08697509766 1029.60852050781 1022.69226074219 1029.14929199219 1031.41967773438 1028.59460449219 1027.65124511719 1023.78863525391 1013.80163574219 1017.63586425781 1029.8798828125 1031.81298828125 1040.376953125 1045.72729492188 1054.76257324219 1056.08801269531 1057.66967773438 1074.46228027344
966.913146972656 965.236511230469 973.529418945312 977.837524414062 978.299072265625 978.390869140625 970.513427734375 982.887634277344 983.332336425781 980.503967285156 981.266479492188 979.174072265625 983.31884765625 993.879821777344 998.184265136719 999.01806640625 1000.54937744141 1001.82312011719 999.545166015625 996.29833984375 989.221435546875 994.387145996094 1002.27014160156 1010.32604980469 1014.82806396484 1035.25720214844 1025.65905761719 1016.51080322266 1017.86407470703 1023.36462402344 1032.49963378906 1024.93359375 1029.82263183594 1031.58544921875 1031.00927734375 1026.94458007812 1029.62487792969 1020.82196044922 1028.97143554688 1033.86962890625 1031.19580078125 1039.65344238281 1051.99304199219 1065.96240234375 1063.72521972656 1077.52722167969
976.600463867188 971.747619628906 963.142883300781 966.426940917969 982.793823242188 978.955505371094 969.624755859375 977.768676757812 979.029357910156 978.712158203125 985.725708007812 981.169189453125 977.351989746094 986.929870605469 988.237548828125 992.506958007812 997.89501953125 1003.06805419922 997.05029296875 990.498474121094 993.391723632812 990.960571289062 1001.64184570312 1008.60229492188 1014.55767822266 1017.48913574219 1008.32952880859 1022.33087158203 1020.33081054688 1033.13793945312 1025.08032226562 1021.30230712891 1022.86376953125 1034.27990722656 1031.45922851562 1036.32397460938 1029.82434082031 1030.4599609375 1024.40991210938 1019.1923828125 1034.35375976562 1041.77575683594 1058.26086425781 1062.89440917969 1075.05236816406 1084.85424804688
973.142211914062 965.586242675781 966.908935546875 975.153137207031 974.12890625 969.539123535156 971.073791503906 965.152465820312 967.748046875 977.210327148438 974.712829589844 984.322265625 980.946166992188 979.222473144531 981.586242675781 993.876770019531 994.701721191406 997.539794921875 999.978576660156 991.227722167969 992.778381347656 994.775390625 998.770446777344 1007.17236328125 1004.71740722656 1016.10729980469 1008.49456787109 1015.89636230469 1020.84320068359 1025.92248535156 1029.17919921875 1039.96044921875 1026.86547851562 1035.33361816406 1039.59851074219 1037.53430175781 1040.80297851562 1043.84594726562 1035.89184570312 1032.77807617188 1039.79760742188 1056.92749023438 1057.53955078125 1057.75207519531 1077.87658691406 1081.94470214844
980.6455078125 974.676818847656 973.383483886719 973.279663085938 975.6630859375 976.024597167969 973.298950195312 976.520141601562 971.191284179688 970.980041503906 981.297241210938 981.0087890625 982.960083007812 976.88037109375 979.731506347656 990.144287109375 998.094360351562 992.839782714844 1002.21929931641 991.351501464844 998.752563476562 1002.50665283203 994.061096191406 1000.54907226562 1005.41217041016 1006.51055908203 1011.82208251953 1017.12854003906 1012.93438720703 1026.19958496094 1020.40576171875 1021.96466064453 1031.74987792969 1034.68933105469 1041.65466308594 1038.900390625 1041.37182617188 1046.13232421875 1051.28247070312 1043.78601074219 1047.69836425781 1057.22265625 1056.7646484375 1069.16516113281 1078.64147949219 1089.56750488281
978.971313476562 975.908508300781 970.257080078125 974.998168945312 973.035095214844 974.710327148438 977.212158203125 984.996765136719 971.278442382812 965.431457519531 972.901306152344 972.866271972656 980.381469726562 979.239929199219 985.986694335938 985.0380859375 991.744140625 990.829223632812 1001.29736328125 1004.25128173828 995.623107910156 1001.9140625 999.173583984375 995.787231445312 991.487609863281 995.27490234375 1008.41357421875 1008.16436767578 1015.52471923828 1018.23590087891 1022.56182861328 1024.00927734375 1032.72985839844 1034.97570800781 1034.93859863281 1038.7294921875 1036.51733398438 1038.70593261719 1047.52478027344 1043.71240234375 1064.93676757812 1060.52880859375 1064.72094726562 1067.42224121094 1091.01037597656 1091.96984863281
975.830078125 974.60498046875 970.307678222656 972.670471191406 969.999084472656 969.182678222656 980.738098144531 978.428161621094 975.277404785156 974.758605957031 970.052551269531 984.061645507812 981.868347167969 984.149658203125 983.134460449219 989.623046875 992.249938964844 991.999816894531 991.435852050781 994.235290527344 993.856628417969 987.954650878906 990.191650390625 991.536682128906 987.663757324219 994.737121582031 990.78857421875 1002.91253662109 1008.05554199219 1015.10467529297 1018.89044189453 1020.25622558594 1026.05212402344 1021.12524414062 1028.84765625 1032.12841796875 1034.94519042969 1040.27465820312 1047.0888671875 1053.82568359375 1057.78588867188 1061.14025878906 1065.98999023438 1076.0087890625 1084.30908203125 1095.4833984375
968.459777832031 976.509155273438 973.307556152344 981.059387207031 977.730224609375 981.457214355469 983.19677734375 974.989074707031 973.115234375 973.958374023438 978.738098144531 982.837524414062 981.873474121094 976.81982421875 981.028564453125 991.997497558594 986.37451171875 983.771057128906 987.163024902344 986.821533203125 987.721984863281 990.34521484375 988.682189941406 996.772827148438 993.65966796875 994.703369140625 995.95068359375 1005.68920898438 1008.61602783203 1003.11212158203 1013.10052490234 1010.98919677734 1018.49041748047 1020.32574462891 1017.43798828125 1022.90826416016 1020.23968505859 1024.83764648438 1048.80725097656 1061.66967773438 1060.4296875 1059.63940429688 1067.11547851562 1080.33459472656 1085.10571289062 1088.11474609375
968.416198730469 964.986938476562 970.198181152344 971.154724121094 979.782287597656 978.773315429688 982.811645507812 983.972229003906 982.863891601562 983.841613769531 981.53564453125 978.20361328125 973.234069824219 978.540222167969 992.489501953125 997.491821289062 992.411376953125 993.638000488281 988.531677246094 983.719116210938 987.735717773438 989.689514160156 989.326049804688 984.276733398438 990.0732421875 991.792663574219 994.041076660156 999.061950683594 1000.13061523438 992.000427246094 1007.83374023438 1006.66931152344 1015.82067871094 1019.59069824219 1017.38409423828 1016.64556884766 1023.37512207031 1023.41900634766 1055.95031738281 1058.78686523438 1063.99865722656 1063.38623046875 1068.88208007812 1089.150390625 1082.61584472656 1089.58459472656
968.418273925781 964.120544433594 963.527282714844 972.76708984375 977.617858886719 973.753784179688 977.370056152344 980.309265136719 988.028991699219 983.414306640625 992.002502441406 982.112182617188 981.209106445312 983.435119628906 985.930114746094 996.725219726562 999.806762695312 1006.59027099609 991.337829589844 990.866149902344 985.26171875 988.887817382812 994.370666503906 986.6484375 988.984497070312 993.508422851562 1001.13787841797 1004.36932373047 998.12939453125 999.148315429688 1007.73046875 1015.83880615234 1008.99157714844 1005.61169433594 1015.71856689453 1020.63824462891 1031.44140625 1039.65637207031 1047.46520996094 1058.62878417969 1057.64001464844 1056.44555664062 1074.24536132812 1081.38891601562 1091.92211914062 1090.62182617188
968.44970703125 971.442199707031 973.964233398438 979.522521972656 990.46533203125 985.003662109375 984.470947265625 979.970458984375 982.870178222656 984.603210449219 987.000732421875 989.024353027344 987.623229980469 990.726318359375 991.310424804688 1005.23779296875 1000.76477050781 997.637390136719 995.458435058594 995.180480957031 998.709716796875 995.681701660156 994.916931152344 993.482299804688 989.018432617188 994.906311035156 1002.66479492188 995.64599609375 995.082641601562 994.31787109375 1014.04168701172 1009.98864746094 1013.6220703125 1017.83416748047 1025.64697265625 1031.21252441406 1036.8974609375 1045.25891113281 1047.53344726562 1056.58068847656 1054.67309570312 1060.28820800781 1073.68994140625 1075.46215820312 1082.62890625 1082.18859863281
975.093688964844 977.414428710938 974.212097167969 979.364440917969 982.842041015625 981.851135253906 985.056762695312 978.302429199219 981.841796875 983.311950683594 986.4267578125 985.36865234375 992.850952148438 993.857666015625 993.389770507812 999.15380859375 1000.99908447266 995.9931640625 1001.09234619141 1001.98681640625 1006.72271728516 999.023498535156 996.61767578125 998.20361328125 998.512756347656 1009.19635009766 1006.80670166016 997.166931152344 1008.26080322266 1009.90069580078 1008.84509277344 1014.11212158203 1013.30389404297 1023.66986083984 1036.8447265625 1035.53955078125 1041.08532714844 1052.10095214844 1051.22924804688 1043.06945800781 1047.36682128906 1058.39770507812 1069.89501953125 1076.19311523438 1075.99157714844 1073.65087890625
