data/zlatibor_dem_simulations/DEMsim38.asc
NCOLS 150
NROWS 100
XLLCORNER 7394249
YLLCORNER 4841999
CELLSIZE 30
NODATA_VALUE -9999
[rows 60 to 79 of 100, columns 0 to 45 of 150]
971.666625976562 976.496765136719 980.191650390625 980.738647460938 982.8271484375 975.567443847656 970.920471191406 973.025268554688 964.575256347656 966.359619140625 960.278137207031 959.812866210938 956.416076660156 961.030456542969 956.281860351562 951.546630859375 950.59130859375 946.648864746094 955.470825195312 946.919921875 947.833129882812 952.489440917969 958.172180175781 946.480163574219 946.508361816406 942.901916503906 946.885620117188 945.408813476562 949.558166503906 955.364135742188 948.882629394531 947.798278808594 952.576538085938 952.429626464844 952.296936035156 944.274291992188 948.11328125 951.698669433594 951.6875 951.512878417969 951.06103515625 956.902404785156 958.387817382812 959.187622070312 952.578430175781 961.227966308594
974.332885742188 983.880310058594 985.434020996094 984.615234375 976.9755859375 964.105163574219 974.895935058594 976.585754394531 968.473815917969 966.41845703125 965.723449707031 957.552490234375 953.781677246094 945.128173828125 945.4140625 941.512573242188 947.219543457031 942.264465332031 952.682922363281 950.877990722656 950.822448730469 944.816650390625 948.664184570312 949.791137695312 939.038696289062 941.283752441406 941.379150390625 944.977355957031 945.081176757812 945.920593261719 949.938293457031 951.577026367188 953.878662109375 950.852966308594 953.043518066406 946.950927734375 948.578979492188 951.706787109375 950.848754882812 949.976684570312 949.604431152344 951.344970703125 953.233276367188 952.973815917969 952.365234375 956.742919921875
977.949157714844 978.595397949219 978.0205078125 977.934326171875 973.399597167969 964.080017089844 973.789001464844 967.347900390625 957.660034179688 960.432189941406 960.606750488281 957.670043945312 956.459167480469 947.22900390625 939.666381835938 936.015686035156 940.982971191406 940.343688964844 943.223754882812 944.856323242188 947.828063964844 948.871276855469 949.288696289062 945.732971191406 943.112182617188 938.925903320312 936.872619628906 934.570434570312 933.086975097656 934.077697753906 935.85400390625 951.728820800781 958.114624023438 955.940063476562 953.215698242188 936.223999023438 942.882873535156 948.865844726562 949.829162597656 948.366271972656 959.007141113281 947.158935546875 950.314025878906 954.033264160156 951.62060546875 948.625854492188
973.690856933594 969.321960449219 966.907958984375 966.54443359375 973.722229003906 971.580810546875 969.189636230469 966.434753417969 957.811706542969 957.069702148438 963.686218261719 957.2890625 952.301391601562 951.978820800781 940.001708984375 934.780517578125 940.532287597656 951.940551757812 942.070129394531 940.689819335938 943.002136230469 946.276916503906 948.232360839844 942.315795898438 939.328491210938 943.308471679688 943.041015625 939.065307617188 934.001586914062 935.520080566406 932.738952636719 948.737854003906 955.149536132812 948.353454589844 938.586730957031 937.436584472656 943.024353027344 944.709533691406 948.11279296875 950.218017578125 953.86376953125 947.525634765625 948.096862792969 946.405944824219 947.948791503906 957.54541015625
960.426879882812 960.722351074219 954.540832519531 962.93310546875 960.294982910156 968.117492675781 964.862487792969 960.412109375 958.605346679688 950.925048828125 960.176208496094 954.138061523438 947.708679199219 949.099975585938 944.696228027344 939.817260742188 942.019165039062 951.437438964844 945.303283691406 943.905151367188 946.171875 941.001525878906 950.777893066406 940.873474121094 942.403137207031 942.674499511719 935.065856933594 950.36328125 938.136901855469 927.778259277344 931.646606445312 945.903076171875 945.846923828125 948.103637695312 945.475830078125 940.619750976562 942.234069824219 948.703125 952.704895019531 950.232666015625 959.902648925781 954.600646972656 945.432495117188 944.47705078125 954.894958496094 954.573425292969
953.774475097656 955.990905761719 951.623046875 959.556091308594 954.336547851562 954.52587890625 948.6982421875 963.190307617188 961.730651855469 958.037353515625 954.030822753906 949.455078125 939.255310058594 943.627990722656 941.076293945312 944.581359863281 946.025695800781 945.536254882812 951.661682128906 950.973266601562 945.769592285156 942.923522949219 944.926391601562 938.881896972656 942.965026855469 941.736206054688 944.722229003906 947.920043945312 944.910949707031 943.316223144531 943.541259765625 942.800964355469 942.868835449219 943.490600585938 944.8037109375 948.003967285156 955.716918945312 962.808288574219 957.063110351562 958.792114257812 954.336730957031 957.730346679688 951.581298828125 951.856872558594 954.837280273438 959.879150390625
957.524108886719 947.392761230469 947.005554199219 947.463745117188 943.037048339844 945.767761230469 953.426452636719 948.096130371094 948.740173339844 948.612976074219 948.64306640625 947.125183105469 942.867980957031 946.750061035156 954.050964355469 949.647155761719 948.004821777344 945.877319335938 948.368347167969 948.896179199219 951.469787597656 935.413146972656 946.246398925781 946.616394042969 947.171020507812 941.207397460938 942.4326171875 950.882385253906 947.683837890625 956.856384277344 944.654235839844 947.072814941406 945.365173339844 942.91943359375 951.524047851562 946.793395996094 944.451599121094 951.911071777344 960.039672851562 965.006103515625 959.606262207031 960.624389648438 955.61474609375 952.014221191406 957.686218261719 967.393371582031
947.187683105469 951.520324707031 950.839294433594 951.282592773438 932.666076660156 929.789672851562 926.689270019531 934.850463867188 942.613952636719 949.4296875 954.074096679688 952.519470214844 946.186706542969 956.0205078125 949.743896484375 949.479797363281 944.397277832031 950.007202148438 946.746215820312 951.163757324219 952.272399902344 941.33642578125 945.181762695312 943.142822265625 941.063720703125 940.951232910156 943.831237792969 954.330200195312 963.091491699219 954.738037109375 942.812561035156 958.098510742188 955.548095703125 955.430725097656 946.235473632812 939.719970703125 943.6708984375 951.631042480469 967.39013671875 973.267395019531 963.736083984375 961.460632324219 957.408752441406 950.809997558594 967.310791015625 964.301330566406
955.841369628906 952.040161132812 950.917236328125 940.001159667969 937.257568359375 932.161010742188 928.861877441406 940.603393554688 930.065856933594 946.7197265625 952.412536621094 958.357360839844 958.571594238281 954.572265625 951.199157714844 945.158264160156 947.734313964844 950.024780273438 947.86669921875 954.856811523438 958.698852539062 961.728881835938 947.473754882812 942.223449707031 940.651245117188 954.229675292969 956.003295898438 959.364196777344 960.619079589844 956.217529296875 955.391723632812 952.857543945312 953.16943359375 953.523315429688 950.417419433594 940.070251464844 950.081848144531 961.438537597656 976.371398925781 986.393310546875 971.641357421875 965.463134765625 963.250854492188 956.582885742188 960.202880859375 968.839050292969
958.689880371094 947.921447753906 952.934875488281 948.151428222656 934.482299804688 929.286987304688 927.517272949219 940.939819335938 936.049133300781 931.943359375 942.651550292969 946.754943847656 955.061401367188 956.699462890625 947.747741699219 953.641784667969 953.556213378906 949.390808105469 944.257080078125 956.180786132812 955.502990722656 959.216918945312 947.906799316406 942.682006835938 945.939575195312 951.01416015625 958.721496582031 961.766540527344 958.269409179688 963.346862792969 967.5615234375 959.029907226562 957.510437011719 951.796691894531 957.855651855469 950.551940917969 955.455505371094 965.675415039062 974.692138671875 975.122741699219 978.039367675781 974.536560058594 965.966369628906 969.945434570312 963.746765136719 967.516479492188
952.377807617188 954.331787109375 952.677917480469 950.248352050781 942.209411621094 936.239562988281 939.674072265625 931.642639160156 933.220458984375 933.274047851562 943.84912109375 947.493957519531 948.580993652344 951.932739257812 955.197875976562 959.330932617188 953.394775390625 948.9892578125 956.149597167969 965.484802246094 963.944946289062 965.814880371094 961.18408203125 950.457946777344 951.274353027344 950.8720703125 962.85693359375 969.901428222656 966.533935546875 963.005432128906 966.934326171875 959.257751464844 956.462829589844 949.110900878906 956.956298828125 960.7626953125 976.662109375 964.705871582031 978.185913085938 973.474609375 981.442993164062 986.05615234375 985.408630371094 983.045471191406 978.132019042969 972.128356933594
956.986145019531 948.514709472656 950.444458007812 948.454223632812 942.369262695312 942.212890625 944.348083496094 933.72119140625 937.592590332031 940.902099609375 946.502990722656 949.584594726562 952.336791992188 951.423767089844 962.643676757812 964.422241210938 966.740234375 953.993774414062 956.314819335938 957.60791015625 958.381896972656 967.580200195312 971.198608398438 963.319458007812 962.195556640625 955.937133789062 954.454895019531 965.419372558594 962.246154785156 958.548217773438 975.660095214844 969.085815429688 956.387573242188 950.992614746094 956.33984375 963.511047363281 963.717712402344 971.279235839844 973.09765625 972.129455566406 980.487182617188 989.07470703125 989.694641113281 992.541870117188 989.370178222656 984.432983398438
953.002624511719 949.317810058594 950.478515625 949.962829589844 944.862731933594 934.989501953125 935.883544921875 935.134765625 941.200317382812 940.350036621094 937.611938476562 954.063659667969 949.393859863281 960.475769042969 971.151733398438 977.210510253906 976.268249511719 962.56689453125 965.335266113281 966.874206542969 963.8046875 977.689575195312 981.441528320312 965.12255859375 959.895202636719 960.515747070312 958.964538574219 967.629333496094 966.327941894531 963.743225097656 965.772888183594 972.101318359375 956.051940917969 959.289367675781 973.569885253906 971.902404785156 967.384094238281 977.116760253906 970.122924804688 979.146545410156 983.677978515625 986.133605957031 987.48388671875 991.537719726562 995.893859863281 989.69140625
957.28857421875 942.461364746094 941.521728515625 940.965393066406 938.449890136719 938.260803222656 930.274658203125 936.00244140625 936.228698730469 930.460510253906 944.601501464844 951.871337890625 949.799438476562 967.407287597656 971.33203125 984.743835449219 982.844116210938 981.462036132812 973.763610839844 969.765869140625 975.86669921875 977.778076171875 993.639770507812 971.097717285156 962.14453125 967.350219726562 950.207397460938 962.676391601562 963.747619628906 962.648498535156 954.381958007812 964.807739257812 964.248718261719 962.719299316406 967.022766113281 974.651489257812 980.257263183594 975.078979492188 974.409912109375 977.970520019531 987.105285644531 998.06787109375 994.588500976562 999.335632324219 994.598266601562 995.460815429688
956.534240722656 951.652648925781 937.853637695312 935.119506835938 931.198486328125 936.549682617188 935.014038085938 930.997741699219 925.075622558594 932.061279296875 945.053955078125 950.476867675781 953.712646484375 967.793884277344 974.673767089844 980.934692382812 986.190551757812 981.560302734375 985.497375488281 982.760009765625 984.402587890625 988.475341796875 982.19482421875 974.519775390625 968.203796386719 963.581848144531 949.345703125 965.737976074219 964.095581054688 959.583984375 958.753295898438 958.068664550781 965.202209472656 957.622497558594 964.080078125 969.641845703125 958.584716796875 975.563720703125 976.793823242188 985.973815917969 995.711853027344 1003.61285400391 1002.23913574219 1000.15203857422 1004.31903076172 1005.46179199219
950.439575195312 949.893371582031 937.222106933594 933.303588867188 931.42626953125 928.406494140625 928.055480957031 938.407836914062 934.7939453125 938.725769042969 949.6064453125 950.058715820312 967.391357421875 974.12109375 976.65185546875 989.729614257812 993.922058105469 987.426940917969 989.784423828125 985.766479492188 985.80029296875 986.459777832031 978.998657226562 974.228332519531 974.554260253906 966.194458007812 961.59716796875 967.705383300781 971.188781738281 969.947509765625 968.260986328125 955.171325683594 957.451049804688 957.946228027344 962.984008789062 971.795593261719 970.35546875 977.57080078125 984.308349609375 992.047180175781 1005.46820068359 999.441345214844 994.182739257812 1002.74078369141 1005.20880126953 1008.935546875
949.362854003906 943.568115234375 935.683959960938 931.310119628906 930.962951660156 941.461120605469 937.823913574219 944.159484863281 944.597473144531 954.487121582031 959.715515136719 954.483764648438 970.867004394531 977.987182617188 977.15380859375 989.614624023438 995.591369628906 994.215270996094 994.265075683594 991.218566894531 990.076599121094 990.637084960938 992.000671386719 983.319702148438 976.542724609375 973.671875 972.882080078125 979.713439941406 977.197265625 977.369018554688 966.656555175781 957.533508300781 967.907531738281 971.064880371094 971.846069335938 977.138244628906 975.972351074219 974.629699707031 982.608825683594 989.409240722656 987.396118164062 992.187561035156 998.232116699219 1004.62426757812 1008.47387695312 1008.6669921875
943.098083496094 938.403137207031 937.93603515625 936.0888671875 934.162170410156 937.074401855469 939.9013671875 943.140197753906 948.291870117188 956.746826171875 961.457885742188 961.555786132812 964.810607910156 979.234069824219 989.471923828125 990.457580566406 989.982360839844 990.037963867188 996.933654785156 990.224914550781 983.932189941406 992.665710449219 995.137451171875 985.899475097656 984.524047851562 982.384765625 991.853515625 989.888793945312 990.205810546875 982.547546386719 979.345520019531 961.072387695312 967.325134277344 980.556091308594 981.507751464844 976.328735351562 973.081115722656 972.539123535156 978.531311035156 980.956909179688 978.70361328125 991.772155761719 1001.95208740234 1005.93878173828 1015.79241943359 1016.16448974609
945.181274414062 935.56689453125 935.507568359375 934.9736328125 933.307067871094 941.507263183594 944.790283203125 937.130676269531 940.817016601562 951.131591796875 957.759765625 962.061706542969 961.713317871094 973.14404296875 982.201599121094 978.518920898438 982.921752929688 982.98681640625 990.789489746094 990.259521484375 993.22900390625 979.816528320312 990.81884765625 992.522644042969 993.776550292969 983.390502929688 983.147644042969 985.460021972656 987.57080078125 984.094421386719 976.503784179688 976.591735839844 979.840698242188 981.377502441406 987.58447265625 976.9130859375 976.569702148438 980.562927246094 971.495544433594 978.528442382812 974.489074707031 994.348815917969 999.450378417969 1009.32482910156 1008.23712158203 1007.41595458984
936.507690429688 933.902770996094 930.987670898438 936.522155761719 938.527526855469 940.420593261719 939.236083984375 942.724792480469 943.755920410156 949.530212402344 958.657836914062 957.589294433594 956.293151855469 969.232604980469 979.538024902344 985.057739257812 986.313049316406 980.4462890625 986.841491699219 993.681213378906 992.061218261719 989.24951171875 990.861206054688 997.452331542969 995.956298828125 986.076782226562 985.727172851562 977.680786132812 987.802490234375 985.752502441406 985.391906738281 983.142761230469 980.235473632812 980.621948242188 983.260437011719 980.865417480469 979.084289550781 980.154357910156 980.242370605469 976.907531738281 980.497924804688 984.837951660156 993.244201660156 1010.47833251953 1011.84216308594 1009.60577392578
