data/zlatibor_dem_simulations/DEMsim27.asc
NCOLS 150
NROWS 100
XLLCORNER 7394249
YLLCORNER 4841999
CELLSIZE 30
NODATA_VALUE -9999
[rows 80 to 99 of 100, columns 92 to 137 of 150]
991.838562011719 995.733093261719 997.880249023438 991.5185546875 989.712890625 999.910888671875 1000.83203125 1009.78387451172 1008.5419921875 1010.396484375 999.621765136719 1009.48492431641 1008.32836914062 1014.12762451172 1010.57916259766 1012.30230712891 1025.46887207031 1024.35974121094 1024.98950195312 1023.44799804688 1024.56127929688 1029.46728515625 1039.47192382812 1041.30932617188 1040.71435546875 1048.5322265625 1046.73010253906 1038.88989257812 1024.57556152344 1017.42321777344 1023.060546875 1008.97296142578 1007.33306884766 1011.40911865234 1011.4150390625 1008.91296386719 1005.68420410156 1003.71563720703 1006.44757080078 1009.29211425781 1010.46148681641 1007.65362548828 1000.43536376953 998.992736816406 990.607116699219 989.748718261719
994.381103515625 996.666076660156 992.067810058594 998.079345703125 995.697326660156 997.188598632812 1000.13690185547 1008.583984375 1008.89202880859 1001.93792724609 1003.77886962891 1002.54418945312 999.650634765625 998.275939941406 1002.62872314453 1013.02917480469 1019.54998779297 1025.74987792969 1027.69213867188 1035.10009765625 1028.05407714844 1041.55786132812 1028.1162109375 1038.45422363281 1043.47998046875 1055.61181640625 1046.86096191406 1034.28125 1030.40698242188 1022.41357421875 1013.35974121094 1011.08801269531 1001.46331787109 996.956665039062 994.648010253906 987.586181640625 999.262817382812 1001.09069824219 995.383544921875 1005.69232177734 1009.46075439453 1000.71136474609 1003.37817382812 1000.68841552734 992.435668945312 983.478576660156
994.330688476562 989.155395507812 996.460998535156 997.369750976562 999.008972167969 997.781188964844 998.84765625 1003.01849365234 1004.20294189453 1000.77038574219 1006.16741943359 1002.62390136719 997.462768554688 1000.50354003906 1001.39813232422 1001.29913330078 1016.15124511719 1029.09899902344 1025.98657226562 1035.34436035156 1036.67907714844 1033.89318847656 1036.31726074219 1043.9296875 1051.31555175781 1051.19018554688 1044.31359863281 1032.57678222656 1032.81481933594 1023.05883789062 1014.02276611328 1005.96478271484 998.315673828125 996.561157226562 981.898132324219 983.170227050781 995.352478027344 998.638732910156 988.42578125 996.362182617188 997.977722167969 1003.84875488281 1003.58251953125 993.240539550781 983.650268554688 985.290222167969
1000.78454589844 998.161560058594 1004.23870849609 1005.19488525391 1003.05944824219 1001.56707763672 1000.84051513672 1003.29577636719 1006.4033203125 1009.77337646484 1004.8017578125 1004.41180419922 1011.48736572266 1003.65985107422 1003.21832275391 1003.82849121094 1016.04760742188 1024.06787109375 1033.7646484375 1035.94226074219 1038.18957519531 1042.83386230469 1043.75024414062 1047.259765625 1049.87976074219 1052.36755371094 1048.30651855469 1042.98486328125 1028.39135742188 1011.50872802734 1007.73876953125 996.875305175781 998.45703125 993.041137695312 990.212585449219 985.261291503906 986.962036132812 991.924499511719 985.341430664062 991.506774902344 1001.00213623047 1000.83270263672 996.439086914062 992.463317871094 992.591186523438 982.678527832031
1002.849609375 1006.65533447266 1003.32495117188 1007.79156494141 1015.47534179688 1006.69689941406 999.488098144531 1000.83721923828 1005.77947998047 1008.7099609375 1009.34613037109 1007.05078125 1008.15863037109 1011.2041015625 1012.02960205078 1011.20434570312 1019.81134033203 1022.66351318359 1033.201171875 1039.89501953125 1050.66870117188 1057.67614746094 1057.80932617188 1049.91967773438 1061.90637207031 1056.11962890625 1042.82348632812 1038.64270019531 1026.94128417969 1021.81164550781 1015.19189453125 1008.06317138672 993.983825683594 985.643249511719 987.593017578125 980.106323242188 976.425109863281 981.94384765625 984.222473144531 995.266662597656 990.098937988281 995.953796386719 991.075805664062 993.908813476562 993.86474609375 988.830688476562
999.511535644531 1015.50170898438 1004.89349365234 1013.45123291016 1012.07269287109 1005.2353515625 998.364013671875 1002.04858398438 1007.61560058594 1009.25030517578 1010.93121337891 1010.2802734375 1012.22137451172 1017.97583007812 1017.16931152344 1018.955078125 1027.94030761719 1033.20141601562 1039.31762695312 1048.18725585938 1057.43139648438 1052.15686035156 1064.17858886719 1066.57861328125 1060.0576171875 1056.59204101562 1042.35559082031 1032.77294921875 1033.26342773438 1031.94775390625 1013.18194580078 1009.76867675781 1006.14007568359 994.812377929688 991.574401855469 984.324523925781 979.271240234375 980.883483886719 976.074890136719 988.973205566406 981.092895507812 980.192687988281 986.711059570312 993.6171875 993.207702636719 988.788269042969
996.720520019531 1011.65710449219 1009.43041992188 1012.53662109375 1004.25616455078 1007.580078125 1007.13146972656 998.602722167969 1009.53442382812 1008.88616943359 1015.78533935547 1016.29254150391 1016.74554443359 1018.61810302734 1015.00390625 1022.97808837891 1032.51098632812 1046.09509277344 1053.00659179688 1050.3232421875 1051.033203125 1052.07116699219 1070.9833984375 1067.58459472656 1063.72680664062 1058.30151367188 1046.46557617188 1042.6513671875 1030.44982910156 1030.23034667969 1010.12579345703 1008.03137207031 1012.50610351562 1006.39764404297 994.210998535156 984.530883789062 985.184387207031 986.137756347656 987.176879882812 978.528747558594 977.702392578125 984.697509765625 982.093627929688 978.06591796875 987.679077148438 983.063842773438
999.689453125 1005.23876953125 1007.72454833984 1003.7119140625 1007.61602783203 1003.24035644531 1015.41076660156 1013.10571289062 1018.61242675781 1025.59448242188 1019.53686523438 1017.57257080078 1023.33868408203 1015.10577392578 1018.33557128906 1035.77612304688 1047.09252929688 1052.52624511719 1054.54187011719 1048.11071777344 1052.15100097656 1064.35681152344 1061.61437988281 1062.96728515625 1059.85754394531 1065.44616699219 1054.89929199219 1055.52563476562 1044.07348632812 1041.18383789062 1021.00964355469 1009.60968017578 1012.33813476562 998.377075195312 998.652038574219 992.884094238281 989.555053710938 984.872436523438 985.552062988281 989.006896972656 979.745666503906 978.826965332031 973.542419433594 973.523742675781 974.361083984375 980.779663085938
1009.50451660156 1013.09564208984 1006.51800537109 1005.078125 1012.24365234375 1014.09515380859 1013.75018310547 1017.40521240234 1019.81085205078 1023.43786621094 1028.40856933594 1023.90270996094 1020.57946777344 1020.54949951172 1018.45227050781 1038.08764648438 1038.931640625 1047.15014648438 1042.92541503906 1054.35290527344 1048.45837402344 1061.24816894531 1058.02966308594 1059.34790039062 1056.65893554688 1055.35815429688 1046.78479003906 1055.63781738281 1045.53747558594 1036.96411132812 1027.75634765625 1026.33447265625 1015.94873046875 1006.70080566406 987.125915527344 997.0224609375 994.222839355469 986.167541503906 989.682739257812 985.482727050781 976.351806640625 978.316528320312 972.610168457031 971.483093261719 963.988647460938 967.974060058594
1008.67309570312 1007.85278320312 1001.45629882812 1000.24237060547 1006.39312744141 1014.533203125 1001.16510009766 1007.296875 1020.58416748047 1027.10729980469 1025.09814453125 1021.48706054688 1023.24261474609 1020.45916748047 1024.42248535156 1031.75256347656 1042.11767578125 1047.63830566406 1050.14428710938 1054.57006835938 1050.6748046875 1059.56628417969 1061.26013183594 1061.78698730469 1062.28271484375 1053.99584960938 1050.88793945312 1050.52600097656 1041.4013671875 1035.333984375 1024.20275878906 1023.75347900391 1026.99645996094 1020.49786376953 1004.43225097656 994.289916992188 1001.17431640625 998.104675292969 1001.27111816406 993.752624511719 982.372314453125 980.02099609375 979.232116699219 972.693420410156 964.388000488281 965.750793457031
1008.20776367188 1010.69921875 1001.25787353516 1005.73944091797 1004.82574462891 1004.95086669922 1005.61273193359 1002.91577148438 1016.15539550781 1023.06048583984 1037.79052734375 1030.85021972656 1023.44189453125 1027.48974609375 1024.12268066406 1029.85925292969 1043.48193359375 1052.27893066406 1051.05126953125 1055.8505859375 1059.25256347656 1066.88403320312 1054.64709472656 1057.28186035156 1061.43395996094 1055.54211425781 1054.95202636719 1040.35815429688 1035.8525390625 1030.544921875 1039.98681640625 1032.2490234375 1025.98547363281 1025.564453125 1016.60516357422 1008.0380859375 993.653198242188 999.572265625 1001.11944580078 995.733337402344 992.139770507812 982.673217773438 978.955749511719 968.896301269531 965.317932128906 972.07421875
1009.62280273438 1015.17712402344 1011.37652587891 1014.77789306641 1008.25225830078 1006.85028076172 1005.71496582031 1006.80505371094 1013.41278076172 1016.62213134766 1027.201171875 1034.69714355469 1027.14855957031 1026.26147460938 1030.24621582031 1031.53784179688 1044.45068359375 1042.89660644531 1043.09350585938 1055.38940429688 1056.08386230469 1057.22802734375 1055.90625 1057.80480957031 1059.38940429688 1057.17932128906 1055.75024414062 1046.1259765625 1037.37072753906 1032.53857421875 1030.24755859375 1026.61486816406 1027.72570800781 1019.67706298828 1006.65515136719 1010.32861328125 994.830871582031 1002.42059326172 1001.568359375 999.82470703125 990.251708984375 980.709167480469 970.0478515625 968.396728515625 973.553833007812 971.450805664062
1014.24047851562 1019.96813964844 1026.41284179688 1014.48583984375 1016.82232666016 1006.18170166016 1013.12658691406 1017.18267822266 1021.40765380859 1016.69396972656 1024.02587890625 1029.43200683594 1029.82824707031 1030.02172851562 1032.77075195312 1037.33520507812 1040.17150878906 1044.43542480469 1046.93273925781 1051.23889160156 1058.6484375 1054.50085449219 1052.54296875 1060.99182128906 1051.62768554688 1051.28942871094 1048.31457519531 1048.26318359375 1044.27514648438 1030.80981445312 1020.76049804688 1031.06481933594 1020.06768798828 1014.43927001953 1009.46606445312 1012.13580322266 1002.5732421875 996.418579101562 991.9404296875 977.407653808594 978.761901855469 980.811157226562 984.616027832031 975.999267578125 976.229248046875 971.616577148438
1010.609375 1019.83947753906 1022.17279052734 1011.62738037109 1015.27490234375 1020.31286621094 1024.42163085938 1027.34631347656 1025.52160644531 1022.37774658203 1023.21337890625 1033.42980957031 1028.65148925781 1028.91723632812 1036.57299804688 1030.04113769531 1033.13562011719 1040.29443359375 1040.56958007812 1050.48974609375 1051.85095214844 1049.25122070312 1049.38757324219 1044.08898925781 1051.39624023438 1048.94555664062 1048.91809082031 1037.70129394531 1038.65051269531 1025.60571289062 1032.99194335938 1035.26086425781 1020.48785400391 1020.42901611328 1016.74951171875 1010.54296875 999.608032226562 999.538818359375 980.403564453125 986.719848632812 978.800537109375 977.767700195312 981.398803710938 978.5107421875 972.515258789062 973.432678222656
1022.04534912109 1018.11773681641 1018.92834472656 1023.93536376953 1023.6591796875 1031.42724609375 1033.22827148438 1026.99975585938 1020.99163818359 1023.13122558594 1029.48486328125 1028.20703125 1027.57666015625 1029.78076171875 1029.38342285156 1034.69677734375 1031.78369140625 1040.1689453125 1043.14196777344 1038.60925292969 1044.73071289062 1043.87976074219 1037.58447265625 1041.2060546875 1039.88879394531 1041.93481445312 1038.89916992188 1041.69323730469 1030.83325195312 1023.60681152344 1022.45666503906 1023.36822509766 1019.11572265625 1018.07073974609 1022.00048828125 1005.46466064453 1003.45074462891 990.925415039062 982.455383300781 980.063598632812 970.761901855469 970.958923339844 975.822570800781 976.2138671875 974.312194824219 978.152893066406
1013.94146728516 1023.67297363281 1022.40576171875 1026.45727539062 1033.71667480469 1033.72290039062 1043.21752929688 1035.91638183594 1032.54248046875 1025.45910644531 1031.53076171875 1031.73718261719 1024.99938964844 1025.46325683594 1023.53356933594 1027.96032714844 1043.2333984375 1034.12524414062 1036.56384277344 1037.16015625 1038.96118164062 1043.50659179688 1043.4501953125 1042.25402832031 1039.99487304688 1039.24487304688 1033.42419433594 1027.20129394531 1032.09399414062 1035.0009765625 1033.58984375 1024.87121582031 1009.37573242188 1011.72497558594 1010.76666259766 1003.54644775391 991.591979980469 989.116760253906 983.929016113281 975.798400878906 977.254089355469 980.135314941406 976.634704589844 974.901123046875 970.910827636719 968.979370117188
1016.06597900391 1028.5615234375 1034.51171875 1040.87316894531 1045.05053710938 1044.32092285156 1043.30712890625 1042.83984375 1030.38110351562 1032.19897460938 1031.70654296875 1032.11987304688 1019.43518066406 1026.84204101562 1030.60388183594 1030.03308105469 1029.77209472656 1034.03601074219 1026.30700683594 1031.10266113281 1037.1201171875 1037.97485351562 1048.86901855469 1042.93981933594 1042.80493164062 1041.04443359375 1035.97399902344 1028.74670410156 1032.36010742188 1035.28161621094 1028.9091796875 1021.59118652344 1008.87951660156 1009.75946044922 1015.26452636719 1010.95196533203 994.179138183594 986.120056152344 979.082458496094 976.622802734375 971.837829589844 976.367309570312 975.6396484375 967.065063476562 968.692993164062 968.940124511719
1022.27777099609 1032.51635742188 1032.70642089844 1034.27526855469 1043.75952148438 1045.66271972656 1051.30419921875 1049.34436035156 1033.86535644531 1029.79418945312 1028.69738769531 1023.89349365234 1018.67803955078 1023.86492919922 1027.99523925781 1026.05200195312 1033.8505859375 1025.99670410156 1028.05200195312 1023.97143554688 1028.92297363281 1034.693359375 1044.8056640625 1040.74389648438 1040.62890625 1031.78356933594 1035.40185546875 1028.29821777344 1028.08483886719 1016.01599121094 1013.98297119141 1005.68841552734 1001.90344238281 1010.68792724609 1009.21746826172 1001.16961669922 994.286376953125 990.719482421875 983.3701171875 969.049438476562 965.951416015625 960.633056640625 959.990661621094 961.108276367188 961.798034667969 963.898315429688
1021.259765625 1023.64624023438 1032.51110839844 1028.47424316406 1036.16955566406 1041.05859375 1041.32385253906 1035.62243652344 1032.69360351562 1022.98596191406 1031.26086425781 1035.47009277344 1024.24206542969 1023.80267333984 1024.60986328125 1017.26556396484 1015.22204589844 1021.16394042969 1030.12634277344 1024.16638183594 1027.01062011719 1028.99230957031 1032.59289550781 1030.21130371094 1036.9755859375 1030.79235839844 1028.66394042969 1020.10888671875 1022.05047607422 1019.19348144531 1012.17315673828 1002.21856689453 1001.36767578125 996.328308105469 998.126220703125 994.624816894531 987.103820800781 988.161804199219 982.792724609375 978.377563476562 970.194213867188 956.500915527344 963.140686035156 964.886291503906 964.496948242188 962.337646484375
1015.72601318359 1022.86663818359 1027.55590820312 1040.54406738281 1039.61962890625 1043.15673828125 1033.51818847656 1028.76928710938 1029.23999023438 1032.30334472656 1028.38354492188 1026.396484375 1025.04235839844 1020.81860351562 1023.08288574219 1019.52075195312 1006.82464599609 1018.63012695312 1017.28240966797 1023.26849365234 1018.15765380859 1025.80505371094 1027.38830566406 1031.07568359375 1022.884765625 1021.53759765625 1025.42309570312 1025.58618164062 1018.19689941406 1018.75341796875 1012.39624023438 1005.33020019531 995.349060058594 989.205383300781 997.626220703125 991.238464355469 985.58837890625 983.732360839844 989.116943359375 982.25341796875 966.510009765625 966.400634765625 966.568115234375 962.898010253906 964.36328125 966.975952148438
