data/zlatibor_dem_simulations/DEMsim88.asc
NCOLS 150
NROWS 100
XLLCORNER 7394249
YLLCORNER 4841999
CELLSIZE 30
NODATA_VALUE -9999
[rows 40 to 59 of 100, columns 46 to 91 of 150]
980.59326171875 970.054809570312 974.263000488281 976.677551269531 970.454895019531 958.877685546875 965.23876953125 974.294738769531 962.681945800781 968.85302734375 970.060607910156 971.089599609375 969.904052734375 974.221008300781 970.241577148438 983.945678710938 984.823852539062 984.862243652344 975.978088378906 978.418273925781 966.526184082031 963.380249023438 963.9892578125 968.228698730469 969.438903808594 975.971313476562 975.386657714844 973.826904296875 974.628479003906 987.010864257812 987.462890625 984.477416992188 986.141418457031 994.416442871094 989.168640136719 983.227783203125 985.680236816406 996.426086425781 996.426208496094 1000.97052001953 1003.42034912109 995.663146972656 995.417358398438 988.016540527344 992.102172851562 994.150756835938
983.702392578125 981.559326171875 983.048767089844 976.696838378906 971.738708496094 971.121520996094 968.957275390625 968.325805664062 968.970092773438 963.2939453125 979.012634277344 974.531311035156 965.48291015625 976.207824707031 969.558044433594 979.555358886719 981.236877441406 986.196899414062 987.173950195312 979.280639648438 972.543273925781 972.071594238281 963.23095703125 962.707885742188 973.888854980469 973.220458984375 966.176513671875 966.053955078125 972.492980957031 978.843505859375 987.186645507812 991.668090820312 997.048522949219 982.021423339844 982.363525390625 986.097961425781 989.588562011719 1002.57092285156 998.033508300781 993.803344726562 990.89599609375 995.070556640625 983.543762207031 986.638549804688 988.958190917969 987.521606445312
972.611450195312 981.783874511719 983.490051269531 975.726135253906 971.095947265625 965.780090332031 970.346801757812 969.409362792969 965.836730957031 966.881896972656 965.094848632812 964.147705078125 968.176208496094 973.733276367188 975.318481445312 973.38916015625 979.201477050781 986.748291015625 990.267761230469 983.144409179688 978.419372558594 974.591491699219 970.557006835938 972.907409667969 969.387512207031 969.444213867188 965.900268554688 971.252319335938 967.950073242188 971.673461914062 974.734313964844 983.679931640625 984.435852050781 986.76708984375 979.60595703125 986.702270507812 986.550964355469 995.559753417969 994.675231933594 994.587341308594 991.038391113281 984.954162597656 984.445922851562 988.350524902344 992.924255371094 988.710021972656
973.220947265625 971.949584960938 967.317138671875 966.709777832031 971.057067871094 972.263610839844 974.037475585938 969.146057128906 970.059448242188 966.269226074219 971.029418945312 966.110961914062 974.272888183594 970.766784667969 975.502136230469 972.030090332031 971.243896484375 974.579467773438 986.636047363281 979.884765625 972.35498046875 970.128601074219 972.503051757812 972.933471679688 975.399841308594 966.095642089844 966.849975585938 968.624877929688 973.293762207031 970.808898925781 970.199035644531 974.793823242188 978.364562988281 982.017517089844 976.404235839844 981.236450195312 983.790832519531 991.933837890625 989.766174316406 995.438781738281 983.083068847656 981.43359375 991.916931152344 992.117370605469 990.297058105469 994.611572265625
973.084716796875 969.643859863281 970.428833007812 968.714538574219 972.03515625 965.050537109375 959.315368652344 962.89453125 967.672485351562 971.200256347656 971.419616699219 975.90185546875 972.733642578125 975.925415039062 964.701293945312 973.626525878906 975.958190917969 967.015197753906 970.509216308594 975.301025390625 967.334655761719 973.060302734375 970.254638671875 971.224670410156 971.332946777344 964.132690429688 960.888732910156 972.346496582031 973.667602539062 977.432800292969 967.201354980469 973.029357910156 966.589660644531 971.464111328125 970.039306640625 974.478149414062 972.694580078125 981.546264648438 987.730163574219 996.767822265625 983.710205078125 986.38330078125 982.897094726562 992.149597167969 986.238159179688 984.766174316406
978.865356445312 977.167175292969 982.341003417969 971.956481933594 967.224609375 965.045532226562 963.7529296875 958.866394042969 960.480346679688 967.922729492188 965.283325195312 970.606323242188 976.809204101562 978.111022949219 969.754577636719 975.774719238281 975.965637207031 974.089660644531 974.717834472656 968.9482421875 968.969543457031 976.4228515625 968.867492675781 968.464599609375 962.037963867188 966.206420898438 962.163391113281 961.956359863281 965.910583496094 969.28662109375 974.977233886719 970.126098632812 977.168395996094 966.676696777344 965.389221191406 974.91650390625 966.934814453125 975.12548828125 980.973327636719 992.38134765625 986.859069824219 983.012756347656 974.801330566406 976.575866699219 979.688232421875 983.044006347656
973.0439453125 972.797485351562 971.248107910156 970.460632324219 967.784606933594 964.090698242188 958.713317871094 965.564514160156 970.142761230469 976.703063964844 969.856018066406 982.834899902344 981.547729492188 969.982116699219 967.441162109375 962.214660644531 970.000732421875 974.883117675781 968.260437011719 968.434143066406 965.546752929688 960.023071289062 963.66064453125 969.794616699219 967.057678222656 962.767456054688 960.078674316406 963.42822265625 975.831848144531 973.905151367188 968.396057128906 966.975646972656 967.605590820312 970.535766601562 969.550170898438 961.609802246094 964.622314453125 974.987121582031 980.126953125 976.58740234375 974.637939453125 981.28759765625 976.412292480469 977.110107421875 980.1484375 976.5703125
968.65380859375 974.469482421875 972.345336914062 957.92431640625 956.754516601562 964.682922363281 963.001892089844 962.67529296875 974.6044921875 968.583984375 975.764465332031 978.788696289062 972.908874511719 965.799865722656 961.174438476562 965.532165527344 970.313781738281 977.147827148438 969.907531738281 966.649597167969 957.194030761719 951.811950683594 957.854919433594 965.953674316406 964.166748046875 964.314331054688 957.418212890625 962.824890136719 968.296813964844 968.4736328125 974.862915039062 974.963989257812 964.578491210938 969.57373046875 973.065979003906 967.387023925781 971.600219726562 974.181579589844 977.9404296875 971.381958007812 979.254455566406 978.758483886719 978.274658203125 971.535583496094 974.173461914062 975.580688476562
967.730102539062 974.392822265625 978.086669921875 971.994018554688 962.281188964844 966.706481933594 965.964660644531 968.161315917969 973.207214355469 981.606018066406 973.72802734375 973.833679199219 968.578247070312 964.152648925781 964.573120117188 961.878051757812 964.681701660156 975.767456054688 977.656799316406 962.630065917969 965.997253417969 952.582702636719 959.677551269531 960.589782714844 961.380981445312 960.778381347656 953.250793457031 953.354248046875 963.982971191406 971.1474609375 970.999084472656 968.42529296875 970.413391113281 972.612243652344 965.60400390625 972.330993652344 968.556701660156 970.455139160156 979.124450683594 972.171997070312 973.680908203125 983.415954589844 974.769226074219 973.490539550781 974.177673339844 978.843017578125
975.54248046875 977.450256347656 974.648681640625 970.483642578125 973.125305175781 973.492431640625 970.373779296875 959.593505859375 959.077697753906 965.732116699219 970.230041503906 976.068420410156 964.77099609375 960.943542480469 959.16357421875 960.613586425781 969.936157226562 975.277404785156 975.472778320312 972.517028808594 960.310424804688 955.395446777344 957.931579589844 956.002685546875 960.229370117188 958.385192871094 956.798645019531 952.768005371094 953.032775878906 960.556762695312 950.238952636719 958.438354492188 961.861694335938 965.855346679688 964.663818359375 967.383666992188 966.971008300781 968.702819824219 972.945861816406 973.306823730469 975.00927734375 982.41162109375 967.9462890625 971.043579101562 978.809020996094 978.180847167969
975.835388183594 973.624633789062 966.536987304688 974.909057617188 970.165100097656 972.561218261719 970.538696289062 970.547180175781 960.852416992188 966.548645019531 963.156311035156 963.724670410156 954.388977050781 947.005187988281 960.924560546875 965.723205566406 974.559204101562 982.642028808594 979.838317871094 973.670166015625 964.705810546875 955.115356445312 955.371765136719 951.64697265625 966.3349609375 958.560607910156 960.20751953125 960.734558105469 963.313537597656 954.588562011719 952.200256347656 956.101135253906 961.953796386719 969.118896484375 970.995971679688 961.471618652344 961.835754394531 971.284729003906 967.8427734375 971.99560546875 969.183959960938 969.808837890625 957.217224121094 968.290893554688 967.067199707031 978.8740234375
963.71044921875 976.909606933594 970.888916015625 964.959716796875 974.272277832031 980.719116210938 970.779174804688 962.294616699219 955.176086425781 956.333801269531 957.879455566406 951.350036621094 954.355407714844 952.313293457031 957.618774414062 972.831298828125 965.889038085938 975.05419921875 979.618103027344 976.035034179688 967.767822265625 959.520812988281 953.089050292969 954.870971679688 960.904418945312 954.784423828125 963.297973632812 972.673034667969 959.0390625 958.791564941406 955.687316894531 957.466979980469 959.236145019531 969.719299316406 977.748718261719 966.783447265625 961.319274902344 968.772277832031 968.243103027344 969.077575683594 974.355895996094 973.583312988281 962.70166015625 973.903381347656 976.420837402344 982.422485351562
976.044372558594 978.930053710938 979.435974121094 972.038635253906 973.433532714844 976.142700195312 960.192443847656 961.847839355469 958.53271484375 955.429565429688 953.197998046875 952.87255859375 954.444396972656 956.415771484375 957.276306152344 966.959533691406 971.018249511719 967.338256835938 973.577026367188 969.826599121094 972.180358886719 963.190795898438 958.456665039062 953.001403808594 954.853881835938 954.759399414062 975.009948730469 967.480285644531 965.909790039062 964.077575683594 957.885620117188 960.028381347656 961.443420410156 963.984191894531 966.579650878906 961.699645996094 960.724609375 972.126403808594 969.492553710938 965.136779785156 969.788452148438 969.680297851562 966.348693847656 978.54150390625 979.063537597656 984.144348144531
971.299926757812 974.687072753906 974.962524414062 974.635437011719 963.907470703125 965.728515625 964.220336914062 963.3388671875 962.615356445312 954.418090820312 958.446411132812 957.230041503906 955.76123046875 953.474182128906 952.758850097656 959.340270996094 965.836242675781 970.190063476562 965.409423828125 969.9599609375 969.449462890625 965.665954589844 964.920593261719 958.73046875 957.216430664062 963.147033691406 961.211120605469 961.92236328125 961.333129882812 961.07763671875 961.516662597656 966.367492675781 962.530151367188 958.021545410156 963.429504394531 967.474731445312 964.661193847656 970.422546386719 972.412536621094 972.835876464844 977.732116699219 973.174926757812 966.8544921875 970.531799316406 978.52978515625 981.705139160156
977.76025390625 975.922302246094 973.83544921875 967.0732421875 962.605041503906 959.763671875 952.011108398438 957.145690917969 958.962036132812 952.705932617188 956.881896972656 954.9736328125 956.539184570312 960.986083984375 953.386962890625 954.192016601562 951.989562988281 954.252868652344 952.83447265625 958.940551757812 968.415222167969 971.515075683594 965.752502441406 964.106201171875 954.210510253906 963.655334472656 967.19775390625 963.121032714844 958.003051757812 958.400817871094 960.376708984375 957.372497558594 959.170471191406 957.7158203125 959.808837890625 959.982177734375 959.854675292969 966.829406738281 971.184814453125 966.246032714844 973.181091308594 965.059936523438 969.388061523438 960.04052734375 962.352478027344 983.880615234375
966.858581542969 967.946228027344 957.471435546875 953.311889648438 962.29345703125 959.19482421875 957.57275390625 953.518920898438 959.441284179688 949.123901367188 954.650207519531 962.033569335938 959.109802246094 952.867492675781 955.742492675781 955.127563476562 946.59130859375 953.50537109375 956.286437988281 956.805969238281 960.705322265625 966.008911132812 962.807739257812 959.042602539062 958.524719238281 961.021667480469 961.686279296875 958.601806640625 961.775634765625 948.72265625 951.436401367188 960.949340820312 958.702087402344 953.354736328125 955.371765136719 957.736450195312 962.46630859375 958.65234375 965.38916015625 974.028747558594 966.013916015625 964.832824707031 967.02783203125 960.654968261719 960.556945800781 971.910522460938
956.669860839844 957.584655761719 954.468139648438 952.13525390625 956.426086425781 959.134643554688 951.418762207031 949.511657714844 954.735717773438 949.960754394531 962.379272460938 958.795104980469 954.429382324219 955.740478515625 956.081970214844 961.240844726562 956.534484863281 953.2998046875 955.257690429688 956.586181640625 952.003601074219 958.752807617188 956.292419433594 954.647033691406 955.653564453125 959.637573242188 952.708557128906 960.755615234375 968.100036621094 954.8818359375 956.117858886719 955.106323242188 945.17822265625 957.543762207031 963.61376953125 959.848693847656 959.82177734375 959.387634277344 959.009216308594 957.558654785156 964.669006347656 968.803100585938 969.720825195312 958.659729003906 968.971801757812 968.090087890625
955.594848632812 952.293701171875 952.786743164062 958.546875 961.614501953125 961.625732421875 962.041320800781 964.614501953125 950.740234375 947.917114257812 951.292053222656 952.142700195312 952.979187011719 953.403198242188 966.282775878906 961.843505859375 960.028686523438 958.908630371094 957.554077148438 957.2578125 960.559020996094 962.540710449219 960.670043945312 952.162353515625 960.615539550781 948.261413574219 959.253601074219 963.869750976562 976.496337890625 969.071716308594 955.507690429688 955.540344238281 957.6669921875 960.224060058594 965.905517578125 967.619750976562 969.50927734375 949.85302734375 953.075561523438 956.145874023438 962.681884765625 969.972595214844 965.168640136719 966.352905273438 966.945495605469 971.563415527344
946.181335449219 940.595520019531 956.770874023438 952.79345703125 955.108825683594 958.572021484375 958.867553710938 953.356872558594 949.950073242188 956.847900390625 953.074645996094 949.587280273438 948.534790039062 958.0732421875 959.937744140625 957.509704589844 952.302917480469 965.516540527344 962.837036132812 965.00927734375 962.520141601562 966.050598144531 961.338623046875 959.497619628906 957.974365234375 961.472595214844 959.100219726562 962.204956054688 970.925048828125 967.856018066406 968.609191894531 963.518493652344 961.215026855469 961.043395996094 969.909973144531 975.414672851562 970.81591796875 957.666015625 960.32421875 954.816955566406 961.003784179688 962.914733886719 967.761047363281 956.603210449219 967.470764160156 971.539916992188
944.380065917969 944.318908691406 947.818176269531 949.124267578125 946.732482910156 955.914978027344 957.634399414062 950.226501464844 947.897399902344 950.641662597656 951.503173828125 958.026550292969 954.938842773438 969.6611328125 964.953552246094 961.721069335938 957.893249511719 957.36376953125 949.015625 952.363952636719 961.022399902344 955.351013183594 958.560974121094 958.82275390625 967.826904296875 967.361572265625 961.652709960938 967.245971679688 972.545166015625 970.933227539062 964.790771484375 966.136962890625 960.756774902344 964.783813476562 962.91064453125 969.602233886719 972.443359375 962.541564941406 952.804321289062 952.022033691406 960.172912597656 970.851135253906 967.539611816406 956.41845703125 956.538146972656 960.069763183594
