data/zlatibor_dem_simulations/DEMsim24.asc
NCOLS 150
NROWS 100
XLLCORNER 7394249
YLLCORNER 4841999
CELLSIZE 30
NODATA_VALUE -9999
[rows 20 to 39 of 100, columns 46 to 91 of 150]
1012.78814697266 1000.97338867188 1004.92242431641 1003.12371826172 1005.93731689453 999.754272460938 1003.83807373047 1001.36944580078 1000.10162353516 1004.26184082031 1011.21423339844 1004.98956298828 1007.61944580078 1008.38519287109 1011.82275390625 1018.59143066406 1032.36608886719 1037.99621582031 1028.76916503906 1023.80560302734 1023.49713134766 1023.44830322266 1020.22967529297 1020.70025634766 1010.08880615234 1010.06457519531 1016.12640380859 1023.36627197266 1021.93267822266 1023.97802734375 1016.81982421875 1012.36169433594 1021.43658447266 1029.76745605469 1031.7265625 1034.29162597656 1031.08972167969 1022.90386962891 1019.66662597656 1021.59350585938 1011.70031738281 1010.10260009766 1004.56097412109 1005.20404052734 1007.25238037109 1000.61743164062
1013.10412597656 1008.08917236328 1007.94018554688 1006.78692626953 1001.77185058594 990.141052246094 994.893432617188 993.434692382812 989.68310546875 994.350219726562 993.30908203125 996.09130859375 1000.83618164062 1018.01422119141 1016.48852539062 1024.36804199219 1029.85461425781 1033.24743652344 1030.94152832031 1027.99975585938 1019.23321533203 1015.18438720703 1021.52807617188 1030.13916015625 1023.55426025391 1011.26232910156 1012.18560791016 1015.34399414062 1018.65100097656 1015.87945556641 1017.42309570312 1014.06134033203 1011.89422607422 1034.14477539062 1030.88818359375 1026.82824707031 1031.56469726562 1017.69305419922 1013.82135009766 1012.80975341797 1014.58331298828 1010.76342773438 1008.20745849609 1013.10168457031 1009.97277832031 1009.69995117188
1012.65277099609 1005.56677246094 1004.04083251953 1004.24652099609 994.363403320312 991.15576171875 990.150939941406 991.942565917969 988.92724609375 978.839111328125 977.165588378906 988.993774414062 1002.44006347656 1008.37371826172 1016.52752685547 1024.06372070312 1026.83728027344 1037.27099609375 1028.29431152344 1019.71380615234 1014.84075927734 1020.39965820312 1028.58740234375 1020.20483398438 1021.66180419922 1023.18731689453 1012.29547119141 1013.54943847656 1006.27874755859 1010.48620605469 1013.65686035156 1015.63275146484 1007.82604980469 1023.20703125 1020.87957763672 1023.34393310547 1019.47003173828 1014.12170410156 1013.55023193359 1008.21624755859 1009.98126220703 1006.50762939453 1008.94030761719 1007.95373535156 1008.99621582031 1016.01953125
1012.66735839844 1013.4541015625 1003.16613769531 993.539611816406 991.776062011719 992.844909667969 991.646667480469 987.546203613281 981.237060546875 981.445129394531 992.526794433594 990.223327636719 990.859313964844 1011.60845947266 1014.08581542969 1019.38751220703 1028.43603515625 1029.2666015625 1018.69946289062 1017.73272705078 1020.55255126953 1028.54907226562 1025.54895019531 1015.14971923828 1014.46124267578 1004.15167236328 1008.36853027344 1007.79736328125 1002.69622802734 1009.98077392578 1010.71441650391 1002.80834960938 1007.17004394531 1009.86907958984 1010.26226806641 1009.08111572266 1012.31634521484 1016.60290527344 1011.49670410156 1005.44946289062 1006.7685546875 1010.35961914062 1017.75653076172 1016.66540527344 1011.18646240234 1014.99816894531
1005.52581787109 1001.22637939453 1000.07543945312 988.435119628906 990.831665039062 994.779296875 996.182922363281 989.424682617188 984.769348144531 993.595153808594 996.752807617188 997.490661621094 994.441650390625 999.856079101562 995.632934570312 1003.94207763672 1012.310546875 1014.02642822266 1010.14678955078 1009.50439453125 1011.96923828125 1013.3447265625 1014.5078125 1006.76904296875 1002.02398681641 998.427490234375 997.801879882812 1005.50500488281 999.784118652344 1002.12048339844 1001.98461914062 1008.58581542969 1006.08892822266 1000.98449707031 999.998718261719 1007.56665039062 997.784729003906 1010.05645751953 1009.03656005859 1008.75006103516 1018.318359375 1017.44567871094 1021.31353759766 1019.77978515625 1016.11785888672 1014.14343261719
996.635131835938 1004.95495605469 998.554748535156 988.038696289062 990.825378417969 988.192565917969 988.479431152344 984.257019042969 984.824157714844 990.019165039062 989.494934082031 991.411987304688 988.008422851562 997.208801269531 998.364379882812 1007.16986083984 1012.98510742188 1014.96148681641 1011.17950439453 1014.26702880859 1011.52984619141 1006.72125244141 1011.61273193359 1010.76477050781 997.998718261719 997.863525390625 994.874450683594 994.837524414062 997.291809082031 994.894592285156 993.094055175781 1001.93438720703 992.571472167969 993.333251953125 991.189514160156 995.966247558594 996.712890625 1012.11206054688 1007.61450195312 1009.91967773438 1015.92370605469 1019.68072509766 1021.33129882812 1026.16540527344 1033.27575683594 1028.24365234375
1001.65954589844 1008.50360107422 997.248107910156 991.265258789062 995.164306640625 993.4404296875 980.492309570312 988.475708007812 988.292602539062 992.160339355469 997.204284667969 999.158203125 989.420471191406 995.424194335938 1004.55096435547 1004.21527099609 1011.29443359375 1006.64898681641 1010.83184814453 1012.52447509766 1006.48382568359 1009.82934570312 1007.42419433594 1008.31866455078 1004.87414550781 1005.52124023438 1001.30023193359 998.871643066406 991.117919921875 1000.76000976562 987.750732421875 989.718505859375 1004.91229248047 993.337036132812 987.978881835938 996.776489257812 996.759033203125 1001.22076416016 997.852416992188 1009.5693359375 1012.88690185547 1021.30822753906 1022.69714355469 1031.87561035156 1035.50231933594 1043.15014648438
998.822692871094 998.44873046875 994.07421875 1006.017578125 999.355102539062 992.257080078125 991.482543945312 985.422424316406 984.382507324219 988.597473144531 987.962341308594 996.57958984375 994.362915039062 993.610717773438 999.885986328125 1000.36993408203 1008.46008300781 1011.39465332031 1006.68682861328 1003.24609375 1002.81091308594 1008.81048583984 1009.26995849609 1008.35015869141 1006.55883789062 997.576965332031 1005.5712890625 1001.86291503906 1009.74249267578 1007.17517089844 991.562133789062 995.207885742188 1000.27355957031 988.816650390625 993.283996582031 993.670532226562 998.314819335938 994.520385742188 1002.47442626953 1010.28350830078 1004.6318359375 1019.93872070312 1026.65625 1033.86376953125 1040.77282714844 1041.26037597656
988.539794921875 989.378845214844 989.980224609375 995.979370117188 981.33203125 990.428955078125 989.666015625 989.785461425781 982.368041992188 985.117553710938 990.561340332031 983.711730957031 993.326354980469 995.942932128906 999.566650390625 999.195983886719 1001.18572998047 999.6318359375 1005.75146484375 1007.90234375 1003.93560791016 1007.71362304688 1011.07861328125 1009.15216064453 1004.25372314453 993.680053710938 998.171813964844 1006.53338623047 1006.51123046875 1004.61614990234 1001.81341552734 993.859252929688 994.948059082031 988.414611816406 984.230712890625 987.642272949219 985.535339355469 988.613464355469 998.922119140625 1005.18701171875 1011.92303466797 1020.11053466797 1020.54937744141 1027.58447265625 1041.33056640625 1036.29797363281
985.939025878906 986.448059082031 980.030090332031 978.4111328125 974.7705078125 977.207275390625 979.394470214844 984.538024902344 982.537109375 990.43994140625 992.019104003906 991.021911621094 995.394958496094 992.978088378906 1000.17919921875 1001.33288574219 995.1513671875 994.485229492188 993.397583007812 998.595092773438 1007.08319091797 1002.72357177734 1003.54986572266 1005.99261474609 1009.75524902344 1003.798828125 1001.47155761719 1000.88696289062 1002.85485839844 1006.07727050781 994.647094726562 990.734130859375 995.106750488281 979.663330078125 979.186950683594 995.615478515625 992.261474609375 982.819030761719 994.815979003906 1002.09997558594 1010.45098876953 1012.39630126953 1019.59259033203 1021.17266845703 1028.07580566406 1027.93212890625
977.940551757812 981.249694824219 980.567199707031 973.111938476562 975.880065917969 984.742919921875 973.096740722656 985.809753417969 982.648315429688 984.392761230469 986.595520019531 993.319396972656 986.083251953125 996.870727539062 995.981140136719 1000.46398925781 1003.83227539062 993.647094726562 987.515319824219 996.527099609375 1007.03576660156 1004.99774169922 998.3095703125 1005.89660644531 1001.74658203125 1005.73236083984 998.042175292969 998.421813964844 996.745727539062 994.668090820312 993.920959472656 983.689331054688 987.362731933594 985.745727539062 998.391845703125 996.370971679688 999.264465332031 985.240844726562 994.656311035156 1007.84869384766 1009.3369140625 1014.99011230469 1022.39538574219 1025.30993652344 1021.00274658203 1019.30932617188
985.014587402344 978.755249023438 977.442199707031 974.550170898438 967.627319335938 977.975219726562 980.012939453125 973.200866699219 981.751525878906 976.120910644531 975.649047851562 979.619689941406 984.04296875 983.761291503906 982.422058105469 990.901733398438 994.851806640625 988.051391601562 993.831665039062 991.437255859375 990.0302734375 996.033874511719 997.049621582031 998.759399414062 996.941589355469 995.30029296875 985.256958007812 995.288940429688 992.999572753906 995.082763671875 988.830505371094 988.276550292969 989.01513671875 993.599853515625 1002.26141357422 996.889404296875 997.403991699219 997.048156738281 996.677124023438 1004.86938476562 1008.47351074219 1018.03942871094 1020.96832275391 1022.31805419922 1020.57684326172 1020.72320556641
984.907104492188 984.070739746094 982.716186523438 974.0927734375 969.523071289062 980.1669921875 975.181640625 979.401123046875 972.524780273438 980.972106933594 975.4462890625 976.528991699219 982.325012207031 972.144287109375 976.580627441406 978.224365234375 990.515991210938 989.847534179688 993.794799804688 983.008972167969 982.335693359375 985.606994628906 994.514099121094 991.335327148438 985.286010742188 1003.81280517578 988.304382324219 989.481201171875 988.862976074219 998.437744140625 988.180297851562 983.365783691406 986.287353515625 993.58984375 994.710876464844 997.846435546875 994.661499023438 1003.71807861328 1004.64166259766 1012.98944091797 1016.92834472656 1013.00933837891 1011.14508056641 1009.35955810547 1009.07769775391 1015.83264160156
986.703002929688 992.679138183594 991.095275878906 981.292785644531 974.877014160156 972.302612304688 980.076965332031 972.3349609375 972.335144042969 974.839965820312 967.66552734375 977.210693359375 977.910949707031 968.228576660156 967.212768554688 973.327331542969 990.605346679688 988.771057128906 988.376953125 985.175231933594 986.590881347656 984.868408203125 990.923828125 987.995483398438 988.963684082031 993.703491210938 999.945556640625 985.537841796875 991.58349609375 992.609680175781 995.118347167969 986.777404785156 992.267883300781 992.717224121094 987.391174316406 983.144348144531 987.181762695312 1005.17535400391 1011.56359863281 1001.21862792969 1005.34289550781 1002.63031005859 1006.68823242188 1001.04620361328 1001.28802490234 1010.46398925781
989.375366210938 990.761840820312 1000.46142578125 980.371826171875 976.075988769531 977.3095703125 974.584716796875 974.476867675781 966.837890625 966.045654296875 963.249206542969 965.915344238281 963.749328613281 968.849243164062 973.131774902344 970.627502441406 979.342590332031 980.216125488281 978.426940917969 986.03076171875 974.999877929688 981.016479492188 984.631469726562 980.098693847656 982.3076171875 979.641967773438 981.700744628906 974.945251464844 980.358032226562 974.755493164062 982.577819824219 991.934692382812 995.534545898438 989.916137695312 987.722290039062 985.391967773438 999.318969726562 1001.11395263672 1002.65460205078 1005.45935058594 1001.50964355469 1002.40502929688 1006.92193603516 1003.78546142578 1006.09411621094 1005.28393554688
989.880615234375 980.031982421875 987.153076171875 977.222900390625 986.087219238281 974.267272949219 966.469421386719 965.184387207031 971.214660644531 960.095275878906 963.589721679688 960.999694824219 966.599304199219 973.408935546875 977.231262207031 974.388366699219 978.107666015625 981.881042480469 977.247802734375 975.085205078125 975.817932128906 988.040649414062 987.076538085938 974.520080566406 978.454895019531 979.567749023438 974.825805664062 982.108215332031 968.202758789062 975.634826660156 978.359924316406 987.766662597656 995.760009765625 991.118896484375 994.461730957031 998.237426757812 1001.76678466797 1003.21948242188 1005.89239501953 999.140380859375 1000.55816650391 999.428344726562 1005.19848632812 992.739074707031 1001.23394775391 1008.44799804688
986.98974609375 979.494812011719 974.242614746094 978.427856445312 977.383361816406 972.445251464844 968.433837890625 974.484130859375 981.05615234375 978.548278808594 967.47802734375 968.042236328125 966.210876464844 973.507080078125 971.652954101562 975.550659179688 973.26611328125 970.7978515625 968.617553710938 969.792724609375 978.497314453125 981.495361328125 983.022399902344 976.908935546875 979.0888671875 973.173828125 974.348327636719 979.730102539062 977.045349121094 979.531188964844 977.814819335938 986.93408203125 988.321960449219 987.201782226562 999.385620117188 993.628723144531 996.372497558594 1000.34094238281 1003.03723144531 995.379028320312 997.891418457031 994.526123046875 991.812927246094 992.326721191406 995.062927246094 1001.92047119141
971.524658203125 978.936645507812 977.692016601562 977.884338378906 973.757385253906 972.443725585938 968.219848632812 977.274597167969 974.61083984375 976.6171875 974.023498535156 975.601440429688 973.928466796875 974.409118652344 965.885009765625 982.306030273438 970.511596679688 976.672241210938 967.092224121094 962.044189453125 967.408020019531 968.517639160156 978.973327636719 975.513916015625 976.526733398438 980.746276855469 975.753051757812 979.41845703125 978.587829589844 978.659301757812 975.324768066406 976.03564453125 986.56298828125 989.507995605469 1001.28289794922 997.471496582031 995.747985839844 1001.78112792969 996.45849609375 997.573669433594 995.254577636719 991.735168457031 988.831787109375 989.4755859375 989.28515625 1000.64349365234
968.593200683594 970.861572265625 981.309448242188 981.053283691406 971.497375488281 969.23388671875 971.848937988281 981.705627441406 978.402526855469 975.27685546875 967.736694335938 973.913452148438 973.028076171875 965.954833984375 967.93994140625 978.742309570312 977.462158203125 970.226806640625 970.212768554688 960.606628417969 955.464172363281 963.607849121094 971.43212890625 971.649230957031 972.154113769531 975.665344238281 980.680603027344 986.302307128906 979.071472167969 975.908630371094 975.3056640625 975.437744140625 984.9130859375 993.803771972656 1004.89489746094 997.566833496094 996.200134277344 991.1572265625 993.677368164062 994.902099609375 987.862731933594 981.810363769531 984.667663574219 985.04931640625 989.415222167969 993.781127929688
970.827514648438 971.811767578125 979.619018554688 977.663513183594 971.123840332031 973.58203125 973.591796875 970.962768554688 978.320007324219 971.282775878906 974.40869140625 972.024658203125 973.695495605469 971.638671875 966.058532714844 969.974792480469 977.359802246094 970.869079589844 963.623107910156 958.425537109375 958.720397949219 963.629272460938 971.371643066406 971.94287109375 978.379516601562 975.089965820312 975.112426757812 973.618835449219 980.007141113281 980.086669921875 978.536193847656 978.491088867188 981.963195800781 985.81884765625 990.918212890625 996.036865234375 990.787048339844 990.325256347656 979.977600097656 987.875915527344 983.257263183594 981.586853027344 987.893615722656 990.98828125 988.429260253906 985.351013183594
