data/zlatibor_dem_simulations/DEMsim64.asc
NCOLS 150
NROWS 100
XLLCORNER 7394249
YLLCORNER 4841999
CELLSIZE 30
NODATA_VALUE -9999
[rows 60 to 79 of 100, columns 0 to 45 of 150]
979.403564453125 976.091796875 972.114562988281 974.268920898438 976.731140136719 971.954650878906 977.58447265625 975.848388671875 969.166442871094 965.502014160156 949.555053710938 954.636474609375 966.801452636719 966.690612792969 969.820251464844 972.335754394531 966.112121582031 970.605102539062 968.717224121094 964.258483886719 954.96630859375 950.255126953125 958.188354492188 938.744995117188 942.854614257812 942.945068359375 944.280700683594 946.139770507812 944.630798339844 949.861206054688 946.401977539062 952.212158203125 950.698852539062 947.087097167969 944.362426757812 946.142211914062 953.492248535156 952.430358886719 952.193420410156 949.698364257812 939.246520996094 939.570617675781 948.001342773438 962.859680175781 963.427551269531 957.733825683594
973.515197753906 971.124450683594 971.75634765625 974.79541015625 975.447692871094 975.95068359375 971.561279296875 971.957397460938 960.735290527344 956.193725585938 966.851745605469 960.672729492188 961.354309082031 969.963562011719 977.250854492188 969.273681640625 962.828186035156 964.892944335938 961.049011230469 953.873596191406 949.951171875 948.646728515625 952.929748535156 952.900939941406 941.8349609375 945.400024414062 942.143432617188 940.285583496094 946.954833984375 945.976684570312 942.068115234375 948.509216308594 949.379760742188 948.499450683594 950.245178222656 957.251647949219 944.978515625 944.312255859375 945.487976074219 945.156188964844 943.422668457031 937.690063476562 944.795227050781 954.354614257812 963.757995605469 954.1708984375
953.309265136719 964.244750976562 968.0986328125 976.177917480469 975.921630859375 974.382080078125 967.929748535156 964.758911132812 955.228210449219 961.449462890625 957.248474121094 956.583312988281 957.550476074219 960.299499511719 963.731384277344 962.776611328125 964.208923339844 964.045776367188 950.61328125 946.313598632812 948.420227050781 944.413146972656 949.785461425781 950.095520019531 950.883422851562 948.149230957031 946.163208007812 952.761962890625 950.347473144531 946.171508789062 937.96923828125 944.783447265625 945.977294921875 948.821350097656 957.874389648438 956.034973144531 948.511962890625 946.29052734375 945.541931152344 947.586730957031 935.327697753906 947.395874023438 945.681213378906 963.099182128906 961.714538574219 955.62109375
947.581176757812 950.253173828125 954.9482421875 958.457641601562 976.171752929688 972.668212890625 960.61572265625 963.591430664062 963.234375 951.698425292969 945.745727539062 951.546325683594 958.413452148438 955.207458496094 954.868225097656 956.734619140625 954.316467285156 952.397277832031 949.045471191406 943.442199707031 930.38525390625 945.172729492188 946.156860351562 946.528015136719 947.029602050781 946.615295410156 947.279235839844 952.3203125 942.579162597656 947.999389648438 943.433471679688 947.291381835938 947.770263671875 942.149719238281 947.647155761719 957.023681640625 946.416442871094 949.032104492188 949.510681152344 951.33349609375 945.688293457031 952.767700195312 952.156677246094 951.913818359375 963.523376464844 965.805480957031
959.382446289062 954.023193359375 955.552917480469 957.983154296875 964.463439941406 966.859619140625 956.595092773438 955.042236328125 950.248229980469 945.063842773438 946.749267578125 947.196044921875 955.307373046875 945.99365234375 949.70556640625 942.785888671875 939.824951171875 938.612609863281 942.235168457031 945.827819824219 947.706481933594 947.767761230469 946.761535644531 946.150024414062 943.432983398438 942.697021484375 943.3056640625 945.5029296875 945.527160644531 948.8466796875 954.095825195312 953.088745117188 949.830505371094 944.706726074219 949.07763671875 949.508117675781 946.488403320312 950.181457519531 949.643920898438 956.130798339844 952.436584472656 952.615783691406 945.106323242188 951.351379394531 963.167114257812 966.089904785156
953.828857421875 956.560668945312 960.974548339844 960.404846191406 961.350341796875 961.971069335938 960.054809570312 951.384094238281 939.069641113281 942.739807128906 945.806396484375 949.947875976562 950.195251464844 944.189636230469 940.529113769531 939.059997558594 940.173889160156 941.118347167969 938.64697265625 947.203063964844 944.794616699219 950.534362792969 956.442504882812 953.482849121094 947.132080078125 936.351928710938 935.270690917969 932.11376953125 950.474365234375 948.765075683594 953.809387207031 947.014770507812 947.761962890625 949.511657714844 949.996276855469 943.935852050781 941.003784179688 949.943115234375 957.628112792969 962.389038085938 961.813720703125 956.438598632812 952.200012207031 961.243713378906 968.703918457031 964.702819824219
948.410034179688 953.980773925781 957.446899414062 961.454406738281 959.567016601562 958.84228515625 953.946960449219 951.097900390625 939.741943359375 941.622924804688 951.463684082031 950.845275878906 954.954650878906 941.235778808594 935.902160644531 937.42138671875 947.852661132812 940.509155273438 946.205810546875 954.51708984375 952.939758300781 953.011352539062 953.550720214844 952.4140625 946.845092773438 951.699035644531 942.229675292969 941.206115722656 945.951232910156 952.209106445312 942.738220214844 943.642944335938 944.601745605469 953.945922851562 950.763000488281 942.475891113281 939.932922363281 938.609436035156 950.866088867188 958.661437988281 961.754272460938 964.354797363281 965.496337890625 966.931213378906 965.918151855469 957.450561523438
959.576232910156 952.245666503906 955.978515625 964.09814453125 956.0087890625 951.28271484375 944.898559570312 938.62060546875 933.391235351562 935.014343261719 942.364196777344 947.496398925781 946.665161132812 944.798767089844 940.030639648438 940.508178710938 951.557922363281 955.178588867188 952.203979492188 950.835754394531 954.310119628906 950.8583984375 958.542724609375 951.818542480469 947.96826171875 946.658020019531 953.049072265625 949.266540527344 951.950866699219 957.209106445312 946.687744140625 941.00048828125 947.616577148438 959.603454589844 946.160827636719 947.156616210938 941.026794433594 938.4345703125 951.481262207031 951.870422363281 962.449645996094 958.760925292969 966.995178222656 970.289672851562 975.757751464844 974.133666992188
958.585510253906 961.571044921875 954.451538085938 956.637634277344 952.114379882812 941.28955078125 935.510314941406 934.415222167969 926.916687011719 940.724548339844 936.224914550781 942.714111328125 947.129577636719 947.738525390625 936.510864257812 939.339782714844 951.672302246094 956.911254882812 949.870910644531 946.695373535156 949.842041015625 956.126708984375 961.535278320312 953.025329589844 950.535095214844 947.799255371094 955.62353515625 955.935974121094 955.691772460938 952.537475585938 944.106994628906 944.707885742188 956.09033203125 961.710632324219 954.773254394531 959.563537597656 953.247436523438 946.938232421875 956.506652832031 962.652465820312 963.559814453125 966.528747558594 965.501159667969 978.505004882812 985.8583984375 983.978759765625
963.138366699219 958.815612792969 954.869140625 950.681030273438 944.215209960938 947.994201660156 943.267211914062 938.810546875 934.081970214844 950.477478027344 942.881408691406 949.399780273438 943.281433105469 942.352478027344 956.279296875 953.938049316406 945.880249023438 948.713195800781 949.319152832031 946.109680175781 952.687805175781 962.260314941406 962.256896972656 956.927124023438 956.308532714844 950.194152832031 967.700622558594 964.1279296875 966.3701171875 969.955200195312 961.777160644531 956.826599121094 951.379455566406 951.076110839844 959.406677246094 964.355834960938 969.15576171875 961.626953125 959.001647949219 967.974670410156 980.850891113281 975.103149414062 960.2421875 975.213684082031 984.268859863281 982.401672363281
952.394470214844 959.62353515625 945.88525390625 952.147521972656 941.188171386719 938.159118652344 940.502136230469 935.711853027344 944.191955566406 952.591186523438 949.845275878906 945.976684570312 946.819458007812 947.182067871094 957.228210449219 958.746765136719 957.369689941406 958.51708984375 959.608459472656 970.9609375 966.788391113281 965.077880859375 964.401062011719 957.601135253906 956.125244140625 959.209045410156 959.844299316406 968.03564453125 962.836791992188 977.045532226562 965.785217285156 961.076354980469 956.4580078125 954.722839355469 966.223999023438 963.882507324219 968.76171875 967.610229492188 967.662963867188 970.197875976562 977.620910644531 980.443115234375 971.483764648438 974.846557617188 989.575500488281 990.369323730469
953.409606933594 943.993103027344 950.170715332031 946.3212890625 948.448974609375 932.631408691406 936.990966796875 933.973205566406 937.978149414062 942.955627441406 943.130554199219 951.689208984375 951.680847167969 950.868041992188 963.835571289062 967.100280761719 967.299926757812 970.242370605469 970.333190917969 968.727416992188 965.867248535156 966.260192871094 960.117248535156 960.631713867188 955.363586425781 958.183166503906 960.140380859375 960.092956542969 965.824829101562 971.445434570312 981.223876953125 969.765441894531 960.085083007812 955.655029296875 962.328735351562 973.41015625 975.040710449219 970.096740722656 964.752075195312 970.957214355469 982.1572265625 985.552612304688 982.387268066406 989.78466796875 991.210876464844 995.994140625
945.268127441406 939.85107421875 933.880737304688 945.287658691406 946.05908203125 943.308044433594 937.058837890625 931.995178222656 938.612915039062 943.138000488281 949.608032226562 949.971374511719 955.558410644531 964.338012695312 971.595703125 972.292602539062 978.769714355469 973.134765625 970.407775878906 973.732360839844 973.293518066406 968.470520019531 981.291076660156 971.838806152344 966.087097167969 963.291748046875 961.278991699219 965.043884277344 968.918334960938 973.791931152344 974.424682617188 981.361328125 967.318969726562 960.71044921875 974.846618652344 974.588134765625 970.217834472656 976.032897949219 973.875671386719 978.423095703125 985.042358398438 992.398010253906 998.07275390625 999.762573242188 996.606628417969 995.662658691406
951.13525390625 949.605285644531 949.358520507812 940.196472167969 939.263000488281 939.365234375 936.059387207031 936.97265625 938.716369628906 949.353332519531 950.734985351562 955.494567871094 962.151977539062 968.25146484375 977.592712402344 973.092590332031 979.295593261719 978.499145507812 972.217163085938 977.636596679688 979.158020019531 985.210510253906 982.174987792969 982.147644042969 979.835205078125 969.521362304688 971.339172363281 973.768737792969 970.4345703125 972.292846679688 975.059448242188 963.10791015625 974.606262207031 977.840148925781 973.467102050781 971.402282714844 976.376708984375 977.913757324219 988.22412109375 989.506958007812 990.563110351562 1004.62780761719 1000.37481689453 1001.25573730469 1005.91235351562 1002.26013183594
953.206665039062 953.893371582031 947.380798339844 939.128784179688 936.230773925781 934.235656738281 942.66015625 940.682373046875 941.462646484375 946.757019042969 956.087097167969 970.690002441406 970.350402832031 974.234069824219 979.48046875 971.015441894531 972.450622558594 973.559020996094 980.845336914062 978.314147949219 991.2568359375 996.889465332031 985.645446777344 983.012756347656 978.161987304688 972.3544921875 979.681274414062 978.602844238281 979.849365234375 967.753845214844 978.733276367188 974.867553710938 976.615295410156 986.553039550781 972.756591796875 973.951416015625 969.953918457031 981.842956542969 992.381164550781 987.499450683594 995.2763671875 1006.62249755859 1006.85382080078 1005.40850830078 1002.50317382812 1008.05236816406
945.04541015625 944.646240234375 940.393859863281 935.360290527344 936.997619628906 937.65673828125 941.79052734375 939.983764648438 945.988159179688 946.368041992188 964.302917480469 972.547424316406 969.604797363281 973.355346679688 976.869750976562 978.921813964844 982.400451660156 989.131408691406 999.180908203125 992.115417480469 990.583068847656 993.437316894531 992.193786621094 987.026733398438 979.605651855469 975.761291503906 988.757507324219 994.124877929688 981.150695800781 973.886657714844 978.609924316406 979.943115234375 981.201293945312 986.501647949219 974.123291015625 971.103698730469 974.436950683594 980.65087890625 988.5849609375 994.882934570312 994.905944824219 1001.77520751953 1009.20526123047 1008.10717773438 1013.57263183594 1008.90716552734
942.304016113281 939.5478515625 932.17578125 926.081115722656 930.774047851562 933.949462890625 940.59716796875 947.455322265625 941.513916015625 940.931823730469 959.051574707031 968.17919921875 968.172668457031 974.588745117188 972.570861816406 974.936340332031 981.359619140625 992.204956054688 990.165649414062 990.28759765625 993.357971191406 992.299377441406 989.46044921875 987.06689453125 988.502136230469 994.179809570312 997.373046875 996.863525390625 984.949584960938 986.372985839844 977.382446289062 983.32275390625 970.403137207031 977.052978515625 977.844299316406 979.493774414062 970.599243164062 986.000305175781 998.935485839844 1001.83148193359 998.735717773438 986.637023925781 1003.99090576172 1005.4169921875 1008.93585205078 1008.91607666016
945.915588378906 948.394653320312 935.591918945312 932.34619140625 931.059631347656 936.760620117188 941.075317382812 952.702270507812 949.82177734375 954.326721191406 944.862365722656 969.006652832031 975.158325195312 973.609436035156 969.459228515625 978.762634277344 990.142272949219 997.367370605469 986.443908691406 982.802490234375 983.425659179688 981.918029785156 987.84375 995.834106445312 989.142150878906 990.078796386719 998.341979980469 996.159790039062 987.892578125 986.716796875 975.163513183594 980.510620117188 980.980529785156 986.990966796875 982.963623046875 979.096313476562 986.569091796875 993.633483886719 992.891723632812 991.741577148438 991.371704101562 981.548156738281 997.010864257812 1000.83569335938 1011.66497802734 1016.17272949219
952.459594726562 953.056091308594 943.1494140625 936.091003417969 931.165344238281 940.069152832031 938.670104980469 952.568298339844 959.587890625 960.603942871094 962.178588867188 969.668579101562 982.599548339844 978.072998046875 967.590087890625 969.325988769531 983.2119140625 985.710815429688 980.967224121094 988.744079589844 983.137817382812 978.615966796875 987.413696289062 990.636352539062 1000.11566162109 995.893859863281 995.777770996094 987.983642578125 987.166076660156 983.579040527344 985.055297851562 986.712219238281 984.74609375 984.923461914062 976.741577148438 985.559875488281 998.2451171875 992.081298828125 984.203796386719 1000.2529296875 987.091064453125 981.5068359375 1002.22222900391 1005.18890380859 1015.86444091797 1019.53002929688
955.317443847656 957.983337402344 940.857299804688 946.184387207031 937.620544433594 931.350463867188 938.205444335938 945.160522460938 957.156616210938 957.204406738281 971.080444335938 976.68994140625 982.112243652344 971.837524414062 963.803771972656 978.654174804688 976.153259277344 971.394165039062 974.657409667969 982.42138671875 976.650024414062 981.28076171875 981.615539550781 984.201965332031 988.199157714844 993.055541992188 1004.55102539062 1002.27972412109 990.611633300781 990.92431640625 984.691589355469 981.172546386719 980.501281738281 979.161499023438 983.25048828125 984.055969238281 986.236755371094 991.009765625 987.533935546875 990.860961914062 984.938781738281 994.016784667969 1003.09484863281 1021.09588623047 1019.03894042969 1023.13092041016
