data/zlatibor_dem_simulations/DEMsim55.asc
NCOLS 150
NROWS 100
XLLCORNER 7394249
YLLCORNER 4841999
CELLSIZE 30
NODATA_VALUE -9999
[rows 60 to 79 of 100, columns 46 to 91 of 150]
957.311462402344 963.09716796875 957.27978515625 944.800598144531 946.286254882812 950.956420898438 955.836364746094 958.670104980469 951.887634277344 952.82470703125 955.720825195312 959.065368652344 965.636901855469 961.860961914062 958.893798828125 959.771850585938 956.522399902344 960.72607421875 960.832092285156 960.709594726562 960.282470703125 969.319213867188 963.725830078125 959.165405273438 963.876403808594 966.439270019531 968.540588378906 966.516418457031 971.813720703125 970.54638671875 966.633728027344 972.620544433594 968.498657226562 971.619201660156 962.018920898438 967.336547851562 965.674987792969 972.365295410156 974.066345214844 965.8837890625 963.025939941406 969.583251953125 960.51708984375 959.91943359375 956.33740234375 972.386901855469
961.462768554688 963.648620605469 960.635009765625 954.73681640625 955.883056640625 961.164123535156 956.631652832031 962.143310546875 951.567199707031 957.212951660156 959.256103515625 962.067626953125 970.593933105469 961.765441894531 961.263000488281 958.282775878906 964.267883300781 964.870910644531 969.433349609375 962.205871582031 959.368041992188 959.575378417969 966.219665527344 959.943237304688 958.977600097656 966.682556152344 970.229309082031 970.303466796875 966.534729003906 967.373046875 964.882934570312 973.109497070312 964.387634277344 968.631225585938 967.86669921875 963.920776367188 966.631286621094 980.485473632812 972.961059570312 971.261413574219 976.817504882812 967.459167480469 969.129455566406 969.22119140625 967.431518554688 970.008605957031
962.38134765625 968.006958007812 957.519470214844 951.359497070312 954.630004882812 955.792053222656 960.537414550781 970.372497558594 964.686157226562 954.341186523438 969.520080566406 970.860900878906 969.548889160156 970.006469726562 964.216552734375 957.767944335938 958.628662109375 963.345275878906 974.334838867188 959.630859375 956.23095703125 961.078918457031 960.881958007812 968.62109375 966.704772949219 960.44140625 968.698913574219 965.536254882812 966.759216308594 961.906311035156 959.57763671875 966.997802734375 964.419799804688 959.377380371094 960.062866210938 968.214294433594 973.651123046875 978.788208007812 963.930908203125 972.168090820312 981.220031738281 979.834777832031 972.418273925781 968.811889648438 974.097778320312 972.341552734375
964.994812011719 964.467041015625 963.466247558594 954.858032226562 967.056701660156 961.448974609375 969.689453125 967.251770019531 971.429992675781 966.216674804688 973.895874023438 972.145812988281 974.459350585938 966.147827148438 966.64013671875 957.912170410156 963.530456542969 962.313781738281 964.509216308594 953.797790527344 958.0166015625 955.036071777344 960.950378417969 968.022399902344 966.488830566406 964.017822265625 969.43994140625 972.324768066406 968.385070800781 974.7392578125 971.60009765625 970.747192382812 968.350524902344 959.644287109375 965.036865234375 968.552978515625 979.584777832031 974.281860351562 969.116027832031 972.451599121094 981.341125488281 977.704162597656 976.342407226562 979.111328125 976.024658203125 979.979919433594
960.116943359375 964.955078125 964.187805175781 960.58056640625 961.335571289062 961.141418457031 975.103820800781 968.384948730469 969.542785644531 972.234069824219 977.413208007812 976.845581054688 970.576293945312 966.708129882812 968.978576660156 964.80908203125 961.170104980469 956.616271972656 965.230529785156 960.070983886719 954.857727050781 956.398681640625 963.054870605469 969.244140625 973.914855957031 969.016174316406 975.642150878906 965.40380859375 969.048828125 969.24169921875 977.298950195312 974.580444335938 968.920288085938 970.901489257812 964.558227539062 971.750366210938 980.366760253906 980.125244140625 974.905639648438 968.469604492188 974.333374023438 978.121948242188 977.151977539062 976.302124023438 978.134521484375 982.546203613281
956.750854492188 968.975646972656 961.259216308594 961.914672851562 970.349243164062 966.300842285156 974.1318359375 970.167358398438 969.68212890625 983.800720214844 976.463623046875 975.877258300781 969.674011230469 972.035339355469 965.439514160156 969.783203125 957.562927246094 962.822143554688 963.943542480469 959.146057128906 955.552795410156 960.356384277344 972.788208007812 968.051818847656 978.637939453125 975.268737792969 970.712829589844 961.410949707031 964.457885742188 972.8740234375 972.813293457031 975.697082519531 979.448486328125 970.154968261719 967.1279296875 974.639709472656 977.340759277344 977.218811035156 971.557006835938 976.818237304688 982.278137207031 977.904479980469 983.159362792969 980.400634765625 977.724243164062 976.312744140625
966.323486328125 969.066162109375 969.173706054688 968.345703125 961.444885253906 965.647583007812 973.799499511719 973.379699707031 978.868774414062 985.919677734375 984.41015625 982.909851074219 968.857238769531 973.966918945312 966.019653320312 969.217102050781 958.429809570312 963.139038085938 956.644836425781 970.251098632812 964.120727539062 974.314514160156 975.089294433594 974.919921875 974.470031738281 974.035522460938 972.529296875 973.332946777344 974.23681640625 973.021667480469 977.278930664062 977.138610839844 982.574096679688 968.966491699219 971.326904296875 979.066467285156 981.129089355469 975.149108886719 974.188415527344 979.181518554688 979.271118164062 985.90869140625 975.006591796875 973.799743652344 974.326782226562 974.308776855469
967.281799316406 966.331176757812 969.868713378906 969.970397949219 970.816528320312 977.574401855469 978.840576171875 974.833923339844 979.611877441406 980.755432128906 987.557800292969 976.084777832031 968.828063964844 972.501037597656 973.133361816406 967.727661132812 957.175415039062 957.088806152344 963.691467285156 967.548706054688 959.55517578125 967.5595703125 979.72119140625 976.376708984375 975.370239257812 967.909301757812 971.936706542969 981.599609375 978.447265625 977.872741699219 982.730773925781 984.088562011719 983.301208496094 971.650512695312 981.595275878906 978.153747558594 981.958557128906 982.556762695312 984.463806152344 988.772399902344 979.02880859375 982.371826171875 981.065795898438 982.0771484375 978.550537109375 976.901611328125
976.480041503906 975.33935546875 970.878723144531 974.626770019531 982.372192382812 979.646667480469 988.199340820312 979.885925292969 979.480529785156 978.242309570312 982.390930175781 977.487121582031 974.666076660156 965.453247070312 968.9833984375 972.697021484375 962.129150390625 962.787475585938 967.553466796875 972.43359375 966.479125976562 972.824768066406 963.794555664062 964.246826171875 971.677429199219 971.396423339844 971.732421875 981.345825195312 982.953247070312 977.417602539062 983.050476074219 972.109924316406 974.934936523438 979.116760253906 978.612487792969 984.504821777344 987.953491210938 994.901489257812 984.482971191406 981.691772460938 981.351928710938 973.24951171875 978.894165039062 981.269409179688 985.574584960938 982.581237792969
980.687255859375 978.566345214844 972.639465332031 973.259887695312 982.886962890625 982.198547363281 984.530883789062 987.385009765625 984.698669433594 973.131164550781 972.3193359375 977.739990234375 977.081665039062 968.915344238281 971.503723144531 968.356201171875 980.830383300781 972.617492675781 967.267028808594 971.441955566406 973.359313964844 969.950927734375 963.348022460938 969.090148925781 974.955871582031 977.373291015625 984.438720703125 980.434753417969 980.439575195312 980.899230957031 978.184936523438 978.899169921875 981.562377929688 975.984558105469 979.424682617188 989.892028808594 992.818969726562 996.3994140625 987.823059082031 983.305908203125 982.42529296875 980.825988769531 980.614624023438 978.607971191406 977.848449707031 975.823486328125
989.904052734375 989.33203125 982.723693847656 976.908996582031 991.877197265625 983.066955566406 984.334106445312 983.690490722656 987.585205078125 976.371154785156 977.996520996094 976.483093261719 983.273559570312 982.521606445312 974.055908203125 975.713684082031 981.291198730469 982.02197265625 972.763000488281 977.181579589844 971.006164550781 965.059936523438 971.583679199219 966.033996582031 972.005126953125 979.911315917969 986.673645019531 983.601684570312 981.609985351562 984.638244628906 983.321655273438 987.148681640625 984.735412597656 983.512145996094 967.539672851562 977.664733886719 987.775939941406 991.762817382812 984.663879394531 982.294616699219 983.629699707031 980.031982421875 978.940307617188 977.967529296875 976.851623535156 975.466735839844
995.802185058594 991.187255859375 984.607666015625 982.039733886719 984.56787109375 981.916381835938 987.763671875 990.007202148438 990.313903808594 985.405517578125 978.516906738281 977.403198242188 979.903198242188 973.294738769531 973.362243652344 978.109375 980.034057617188 974.235229492188 972.366577148438 980.249267578125 979.954895019531 979.219482421875 974.688598632812 970.270385742188 977.718078613281 980.100341796875 978.968811035156 990.027221679688 983.864501953125 984.290954589844 981.368286132812 986.230346679688 988.633361816406 981.352966308594 983.820007324219 979.352844238281 982.546203613281 980.608520507812 987.26953125 973.40771484375 980.446044921875 981.402282714844 984.174865722656 979.772216796875 983.855407714844 983.214721679688
996.854248046875 998.112731933594 986.964111328125 980.306030273438 986.043212890625 989.861328125 994.073364257812 998.391479492188 1002.58380126953 1000.17327880859 988.516784667969 980.318237304688 980.06396484375 966.02197265625 973.708374023438 984.725524902344 980.034240722656 967.548461914062 972.739501953125 982.532958984375 982.116516113281 978.987121582031 975.032348632812 972.356079101562 978.804382324219 984.784301757812 980.839294433594 990.005249023438 993.486877441406 989.532470703125 979.48388671875 975.819030761719 979.212036132812 991.561279296875 995.339050292969 994.231567382812 992.931762695312 992.59765625 986.576416015625 978.806091308594 980.689270019531 985.222839355469 984.128295898438 981.519287109375 983.345092773438 978.830688476562
996.990112304688 1001.2724609375 998.210998535156 998.680786132812 997.069641113281 1001.76812744141 1004.01879882812 1005.68572998047 998.673034667969 988.741638183594 987.404846191406 982.324340820312 984.868835449219 973.201293945312 972.312255859375 975.769165039062 975.940490722656 985.045654296875 985.409484863281 978.578918457031 984.729064941406 982.042358398438 975.064819335938 977.603271484375 985.526489257812 985.029357910156 990.989013671875 990.821411132812 991.811584472656 984.255432128906 973.69091796875 976.910461425781 986.370422363281 991.446472167969 986.755859375 997.697082519531 993.39404296875 993.654113769531 987.142578125 979.452880859375 976.66552734375 979.745666503906 984.412902832031 989.497192382812 980.403198242188 978.812255859375
1008.23760986328 1004.74829101562 1007.88024902344 1013.51599121094 1005.97961425781 1008.84509277344 1009.77691650391 999.224182128906 992.734252929688 991.05029296875 987.933532714844 984.893920898438 977.400634765625 971.945129394531 971.776733398438 973.055480957031 976.274658203125 986.067687988281 980.414794921875 979.081665039062 980.070556640625 982.424438476562 988.685668945312 988.109802246094 989.610107421875 990.525939941406 992.227233886719 994.991882324219 996.663757324219 985.53466796875 971.155944824219 977.058776855469 981.816101074219 988.440124511719 997.152893066406 994.71142578125 992.663452148438 995.662841796875 986.914184570312 992.142578125 982.691955566406 981.717224121094 988.495971679688 994.763366699219 987.136779785156 985.099609375
1006.30364990234 1011.02630615234 997.834716796875 1002.24859619141 998.850708007812 1002.44885253906 993.281494140625 993.886169433594 993.17822265625 995.374572753906 981.607604980469 982.850646972656 977.582336425781 974.482604980469 980.298217773438 975.309814453125 975.285766601562 980.625854492188 978.570068359375 978.930725097656 987.973205566406 987.809997558594 991.755493164062 984.120849609375 994.470825195312 991.959045410156 996.583251953125 991.427978515625 979.955261230469 981.427368164062 973.157348632812 984.553466796875 981.96826171875 994.304016113281 1000.92706298828 1004.26995849609 998.399841308594 999.065856933594 999.966857910156 992.909240722656 992.027709960938 984.590087890625 991.188781738281 987.202819824219 987.065612792969 989.760986328125
1011.38977050781 1012.5537109375 1011.67431640625 1004.65478515625 999.944946289062 994.577087402344 991.131652832031 993.4150390625 997.619384765625 988.048400878906 982.323486328125 981.703247070312 980.304809570312 976.912780761719 982.192443847656 977.908081054688 982.563232421875 976.205871582031 980.221496582031 981.067932128906 984.487426757812 982.450744628906 989.127197265625 984.69580078125 987.128173828125 985.278442382812 983.251953125 984.863342285156 988.155456542969 982.561218261719 980.371887207031 980.638977050781 990.743957519531 996.331909179688 999.645385742188 1008.8515625 1002.12359619141 999.214172363281 996.866394042969 997.513977050781 1003.42272949219 996.334411621094 996.331909179688 987.904846191406 993.414184570312 993.353881835938
1014.64245605469 1014.55480957031 1005.37225341797 1005.05413818359 993.268249511719 997.956237792969 999.058227539062 998.110412597656 991.99169921875 985.506164550781 986.032409667969 983.379638671875 983.084533691406 980.019836425781 975.65576171875 972.635009765625 975.811584472656 975.783325195312 980.254516601562 980.322692871094 984.315368652344 983.210815429688 986.8046875 984.773193359375 989.686889648438 993.134338378906 994.820983886719 986.150939941406 983.588256835938 979.520263671875 980.850402832031 988.467590332031 991.95068359375 997.633972167969 1008.36907958984 1007.30682373047 1000.36267089844 994.008850097656 989.794921875 995.48974609375 1002.14739990234 1003.361328125 992.870666503906 994.873596191406 993.013488769531 990.633544921875
1009.78295898438 1006.38909912109 1005.96984863281 1001.87548828125 993.743225097656 996.910522460938 995.710083007812 993.067565917969 986.885681152344 990.718872070312 990.112731933594 993.287658691406 990.831359863281 974.782592773438 974.172973632812 961.766845703125 968.380981445312 972.146240234375 978.042419433594 978.027954101562 969.9296875 974.791931152344 975.971130371094 990.047485351562 987.895080566406 991.505920410156 999.11181640625 986.650756835938 989.322631835938 994.111877441406 987.6865234375 983.428161621094 992.107421875 1008.36541748047 1002.01873779297 1006.50805664062 1001.79302978516 1000.65032958984 992.2138671875 998.589477539062 1000.4130859375 997.991943359375 990.613708496094 992.035766601562 989.438415527344 990.158020019531
1000.55474853516 1001.74108886719 992.8017578125 1001.33068847656 1004.48309326172 1001.53887939453 992.730224609375 994.4384765625 984.233215332031 987.726806640625 992.122680664062 997.384704589844 990.105163574219 977.711120605469 972.868347167969 969.292663574219 967.106872558594 967.347351074219 977.57177734375 981.412109375 974.314147949219 970.243835449219 975.350402832031 982.200012207031 986.692138671875 982.126037597656 986.874389648438 981.981689453125 992.17724609375 999.682556152344 996.989807128906 993.955749511719 989.497619628906 1007.6337890625 1004.89208984375 1006.45562744141 1011.19781494141 997.635498046875 990.389709472656 993.028503417969 1001.81915283203 995.355834960938 991.985107421875 991.290710449219 989.549438476562 983.682556152344
