data/zlatibor_dem_simulations/DEMsim38.asc
NCOLS 150
NROWS 100
XLLCORNER 7394249
YLLCORNER 4841999
CELLSIZE 30
NODATA_VALUE -9999
[rows 60 to 79 of 100, columns 92 to 137 of 150]
951.176635742188 959.584533691406 962.837341308594 983.167907714844 971.496704101562 973.8193359375 973.33935546875 977.761901855469 975.562927246094 984.872375488281 982.373718261719 995.922485351562 1003.23559570312 998.482482910156 999.076782226562 1002.56988525391 1004.56689453125 1006.39215087891 1006.21984863281 1009.23931884766 1004.90509033203 1001.10363769531 1007.69921875 1017.20629882812 1013.36096191406 1010.69317626953 1010.50091552734 1016.77685546875 997.135681152344 1014.09771728516 1025.95837402344 1026.56506347656 1014.4501953125 1013.83508300781 1026.98901367188 1031.96813964844 1025.35168457031 1033.90515136719 1035.75366210938 1052.04638671875 1053.41174316406 1058.45483398438 1053.640625 1055.34289550781 1046.86596679688 1051.04895019531
962.3955078125 963.210876464844 968.4736328125 972.344299316406 969.366027832031 981.9580078125 971.731384277344 973.711547851562 971.106201171875 977.063781738281 983.962890625 991.224853515625 1000.76623535156 1004.25177001953 1000.86700439453 1001.33392333984 1003.66363525391 1006.52862548828 1014.28540039062 1019.13098144531 1013.54943847656 1014.23773193359 1011.05804443359 1014.97064208984 1010.78015136719 1006.45355224609 1010.86688232422 1017.99395751953 1012.69451904297 1011.05786132812 1014.36407470703 1018.88446044922 1020.52410888672 1012.86242675781 1022.5537109375 1014.43811035156 1022.93780517578 1035.08435058594 1040.78259277344 1048.43994140625 1048.08312988281 1047.37109375 1046.24609375 1051.54406738281 1034.73254394531 1044.76245117188
962.826721191406 972.040771484375 980.572692871094 978.6171875 985.221801757812 978.570251464844 976.098876953125 973.299499511719 973.710632324219 983.004516601562 977.739562988281 982.930969238281 997.996520996094 996.855773925781 1005.47399902344 997.898742675781 997.429260253906 996.139892578125 1009.02203369141 1016.07171630859 1022.39440917969 1018.35668945312 1022.5166015625 1023.68176269531 1017.6611328125 1005.21673583984 1003.27667236328 1022.60998535156 1022.72613525391 1013.55926513672 1024.69226074219 1025.88403320312 1018.93188476562 1017.09899902344 1022.26940917969 1020.9072265625 1025.84338378906 1038.66870117188 1044.94311523438 1051.0078125 1045.0244140625 1047.53796386719 1043.66027832031 1043.43908691406 1032.37060546875 1041.86303710938
971.588806152344 975.604309082031 980.923400878906 980.873413085938 976.469116210938 978.308715820312 976.027954101562 978.05419921875 979.005065917969 981.118469238281 978.080993652344 988.740234375 1000.72503662109 994.432067871094 998.954711914062 999.943542480469 1007.45025634766 1011.76086425781 1016.06768798828 1015.79010009766 1021.82373046875 1024.14770507812 1028.6845703125 1023.11218261719 1018.81225585938 1012.35021972656 1004.23803710938 1011.22863769531 1015.11114501953 1018.58856201172 1018.38586425781 1026.28674316406 1023.80718994141 1014.44702148438 1018.68090820312 1017.45483398438 1021.78247070312 1038.111328125 1040.94580078125 1039.38684082031 1036.88745117188 1035.404296875 1040.0859375 1033.62817382812 1039.59997558594 1035.70031738281
971.517578125 968.06396484375 974.110534667969 973.361450195312 978.668273925781 983.503173828125 972.065551757812 977.667175292969 974.831237792969 980.507263183594 980.501525878906 994.612854003906 1000.94708251953 997.539916992188 1003.48480224609 1009.21508789062 1008.45104980469 1009.85607910156 1020.81591796875 1023.36071777344 1025.20886230469 1020.55529785156 1022.09112548828 1034.52160644531 1020.30645751953 1013.15826416016 1013.58923339844 1017.63110351562 1023.92974853516 1016.50238037109 1022.02893066406 1026.57043457031 1017.77746582031 1017.27325439453 1017.77728271484 1017.45977783203 1029.53894042969 1043.18322753906 1043.49060058594 1043.98095703125 1045.37109375 1043.80236816406 1036.63195800781 1044.55639648438 1035.64709472656 1037.21484375
971.791076660156 974.483581542969 974.634033203125 969.380249023438 980.289916992188 982.100769042969 973.826843261719 977.517028808594 980.241027832031 989.853393554688 984.613891601562 993.931518554688 1000.34423828125 998.394775390625 1005.82189941406 1009.87109375 1012.84222412109 1009.73712158203 1014.19097900391 1016.77795410156 1029.02014160156 1019.03497314453 1026.51135253906 1033.24682617188 1033.56408691406 1024.82434082031 1029.03479003906 1024.80639648438 1023.40075683594 1030.04760742188 1037.91857910156 1031.94384765625 1021.0361328125 1019.33728027344 1018.68505859375 1023.39770507812 1031.9462890625 1041.33605957031 1039.03625488281 1043.52404785156 1034.20141601562 1040.06787109375 1033.962890625 1033.65466308594 1032.37194824219 1035.15393066406
985.292175292969 991.176696777344 987.766723632812 980.227905273438 980.136413574219 979.208435058594 982.700256347656 983.500793457031 978.338684082031 991.671081542969 988.78564453125 997.340148925781 1002.53179931641 1000.52197265625 1002.93371582031 1001.08624267578 1006.70147705078 1018.11157226562 1009.55310058594 1007.31567382812 1023.00396728516 1025.61352539062 1019.24450683594 1036.15454101562 1032.49792480469 1035.29138183594 1034.91577148438 1034.10095214844 1028.00720214844 1041.38830566406 1045.91101074219 1033.58911132812 1018.67565917969 1024.22814941406 1024.06164550781 1030.78894042969 1042.3916015625 1045.78564453125 1033.70910644531 1039.63598632812 1042.09558105469 1047.33288574219 1046.42004394531 1043.52758789062 1031.884765625 1030.93713378906
977.568420410156 983.737731933594 990.098571777344 990.739318847656 992.065307617188 988.734008789062 991.994323730469 981.876220703125 988.798706054688 988.493530273438 998.800048828125 1001.69445800781 993.863220214844 989.750610351562 999.101013183594 998.791625976562 1005.68206787109 1006.66711425781 1018.19836425781 1017.67553710938 1025.07202148438 1028.47937011719 1023.47418212891 1029.24523925781 1034.85876464844 1041.32116699219 1042.26293945312 1040.15051269531 1043.93395996094 1045.27917480469 1045.40869140625 1040.1953125 1029.38073730469 1029.455078125 1030.11730957031 1024.42553710938 1038.7109375 1038.35815429688 1035.27404785156 1041.31958007812 1038.58752441406 1040.11059570312 1044.42895507812 1037.54736328125 1028.59387207031 1035.00268554688
976.115478515625 987.467224121094 992.744995117188 989.896728515625 989.393859863281 991.4560546875 992.625427246094 991.216186523438 991.315246582031 986.660278320312 994.362487792969 993.64599609375 1000.46008300781 1003.60852050781 996.637451171875 1001.07281494141 1008.62213134766 1008.53240966797 1016.35083007812 1022.55700683594 1017.43450927734 1018.23706054688 1026.05688476562 1029.06213378906 1028.69995117188 1027.21447753906 1034.45690917969 1038.99426269531 1051.94152832031 1052.27575683594 1048.015625 1036.83251953125 1034.47265625 1034.06811523438 1034.18469238281 1018.01605224609 1035.95166015625 1038.11169433594 1035.89404296875 1034.53942871094 1031.66284179688 1033.50415039062 1036.09411621094 1040.07104492188 1025.84533691406 1024.84716796875
978.483276367188 984.777709960938 992.217407226562 990.11328125 999.182983398438 994.771301269531 995.609985351562 995.082336425781 994.638916015625 992.2646484375 988.674926757812 991.164428710938 996.67822265625 1003.30609130859 1005.03625488281 1006.42901611328 1004.01867675781 1009.70861816406 1018.97796630859 1026.59375 1017.42449951172 1012.72204589844 1026.50390625 1023.31036376953 1027.40063476562 1035.70129394531 1039.45483398438 1038.82629394531 1051.23461914062 1057.9580078125 1053.51196289062 1042.69213867188 1043.412109375 1036.00561523438 1034.44323730469 1028.24133300781 1026.50158691406 1034.32397460938 1033.52807617188 1030.140625 1035.89025878906 1029.30017089844 1033.65649414062 1027.75354003906 1025.54125976562 1023.44653320312
981.147705078125 981.320434570312 992.004150390625 999.437683105469 998.172424316406 989.38525390625 988.024353027344 986.718994140625 987.150329589844 984.648132324219 1000.26580810547 1007.11639404297 1001.44702148438 1008.18389892578 1017.79461669922 1018.70965576172 1014.91717529297 1013.5859375 1017.89318847656 1012.86840820312 1014.76544189453 1018.72735595703 1020.59796142578 1024.69653320312 1026.02575683594 1032.57189941406 1039.18469238281 1037.71923828125 1044.40795898438 1041.77404785156 1051.96179199219 1040.59289550781 1035.84301757812 1032.06481933594 1021.81970214844 1019.09899902344 1023.72692871094 1032.0576171875 1037.03759765625 1033.03186035156 1036.68432617188 1031.86682128906 1023.72705078125 1022.92401123047 1019.3447265625 1024.2412109375
974.226928710938 977.541809082031 987.036437988281 994.058227539062 987.570922851562 985.322631835938 999.904174804688 996.129577636719 993.700561523438 994.092895507812 991.740844726562 1002.81286621094 1004.27593994141 1012.41033935547 1016.10119628906 1016.99633789062 1021.20294189453 1015.05645751953 1021.17120361328 1012.79577636719 1016.67193603516 1016.76110839844 1015.12603759766 1031.38073730469 1032.23840332031 1032.46374511719 1033.94116210938 1034.3994140625 1033.17077636719 1032.45532226562 1027.89489746094 1038.16015625 1033.03674316406 1025.33276367188 1016.96185302734 1016.09643554688 1022.37945556641 1034.97705078125 1027.8623046875 1024.16638183594 1024.66845703125 1025.69848632812 1021.45251464844 1022.20977783203 1017.59051513672 1018.85986328125
971.558654785156 977.011413574219 984.300476074219 1000.75738525391 994.343566894531 994.753662109375 1002.47454833984 1000.28082275391 998.288146972656 998.09130859375 996.05712890625 997.181701660156 1005.00146484375 1014.07525634766 1017.73614501953 1019.82458496094 1024.07995605469 1017.00549316406 1012.55291748047 1015.51800537109 1012.50512695312 1021.84631347656 1022.89270019531 1028.58728027344 1038.34008789062 1039.41723632812 1026.99169921875 1017.08081054688 1026.56921386719 1030.10974121094 1027.06872558594 1028.74060058594 1027.13146972656 1026.50390625 1017.74365234375 1012.12371826172 1022.37634277344 1026.50769042969 1019.3369140625 1019.49102783203 1015.21038818359 1018.4990234375 1017.03454589844 1014.47320556641 1017.47760009766 1012.60626220703
972.392883300781 967.636108398438 976.56689453125 985.537414550781 997.686279296875 1000.66528320312 1000.89099121094 997.888549804688 1005.31134033203 1010.51446533203 1009.37957763672 1007.27130126953 1006.37377929688 1009.21734619141 1011.62707519531 1016.47235107422 1020.85162353516 1017.39251708984 1013.99566650391 1019.60833740234 1020.42797851562 1018.78741455078 1019.66589355469 1026.41418457031 1029.75073242188 1023.53466796875 1026.16711425781 1015.82250976562 1023.06872558594 1029.66320800781 1026.05432128906 1026.40441894531 1015.62359619141 1021.14532470703 1012.48999023438 1001.72735595703 1007.67993164062 1014.08020019531 1007.11608886719 1009.40576171875 1008.02606201172 1007.74536132812 999.679138183594 1004.97454833984 1011.74133300781 1016.15228271484
980.195739746094 982.226379394531 981.149841308594 985.472351074219 993.028686523438 1003.73327636719 999.057434082031 997.985595703125 1008.58581542969 1012.96154785156 1019.69989013672 1011.45935058594 1008.74688720703 1006.35888671875 1002.83380126953 1007.48895263672 1013.54724121094 1019.99438476562 1026.12902832031 1027.3564453125 1014.13049316406 1021.13104248047 1019.33203125 1025.77478027344 1020.73663330078 1014.78521728516 1015.90313720703 1021.25885009766 1020.24102783203 1019.92724609375 1025.9140625 1017.94110107422 1017.75885009766 1023.37188720703 1015.94635009766 1005.37896728516 1002.09008789062 1000.81164550781 1015.17230224609 1014.26953125 1011.15344238281 999.956176757812 987.487182617188 1004.44287109375 1017.287109375 1015.87554931641
986.872680664062 982.401672363281 978.803527832031 978.640563964844 998.468872070312 1003.22912597656 999.571899414062 1003.85858154297 1005.53430175781 1011.06005859375 1017.14288330078 1011.41467285156 1014.66906738281 1008.71807861328 1010.43853759766 1012.16967773438 1012.43316650391 1021.05621337891 1029.89428710938 1029.47521972656 1024.18811035156 1021.86267089844 1027.58068847656 1013.98822021484 1018.03863525391 1011.33990478516 1015.61248779297 1017.60443115234 1030.40856933594 1024.31567382812 1021.72814941406 1028.654296875 1026.80297851562 1017.09997558594 1016.32232666016 1003.54553222656 1004.23004150391 1004.97747802734 1004.51501464844 1013.36083984375 1008.08996582031 1002.82696533203 1000.71099853516 1012.41357421875 1008.81677246094 1012.32629394531
991.489440917969 988.230224609375 984.424499511719 973.70947265625 985.378479003906 1001.30316162109 1005.06451416016 1007.64404296875 1003.7744140625 1003.26489257812 1004.23236083984 1014.03533935547 1011.63568115234 1013.32733154297 1019.48236083984 1011.11273193359 1021.31134033203 1024.7138671875 1026.35546875 1034.45483398438 1018.89776611328 1018.91528320312 1028.6953125 1016.04284667969 1019.12908935547 1019.22326660156 1017.41778564453 1027.24267578125 1023.15258789062 1024.0126953125 1019.40692138672 1020.36779785156 1019.42828369141 1019.04504394531 1010.20068359375 1006.86773681641 1005.54681396484 1004.03936767578 1005.95007324219 1001.73858642578 1000.88043212891 994.571166992188 997.6044921875 1005.6806640625 998.803405761719 994.973266601562
986.598388671875 993.770690917969 987.561889648438 983.254699707031 994.237243652344 995.433715820312 1001.49353027344 999.321655273438 1001.46374511719 1003.54315185547 1001.27490234375 1012.50628662109 1019.63018798828 1030.51599121094 1023.27880859375 1021.28723144531 1018.08624267578 1026.92810058594 1026.97485351562 1033.85949707031 1025.458984375 1022.19848632812 1025.3203125 1025.23046875 1020.65069580078 1026.25158691406 1027.86206054688 1031.91369628906 1041.78796386719 1038.0791015625 1027.92834472656 1021.48919677734 1012.27203369141 1022.94555664062 1011.36956787109 1007.73010253906 1008.37145996094 1009.02508544922 1001.80694580078 998.358581542969 993.082397460938 1003.83245849609 996.867980957031 998.834777832031 997.905578613281 994.248962402344
995.599304199219 990.458374023438 983.279724121094 989.1875 991.03173828125 1006.77801513672 1006.43548583984 1004.66876220703 1005.55505371094 1008.82702636719 1013.08282470703 1013.46984863281 1027.18664550781 1024.13879394531 1025.0830078125 1026.9765625 1022.63037109375 1035.23693847656 1033.77258300781 1035.89379882812 1027.7861328125 1027.30310058594 1032.37719726562 1032.68664550781 1029.66430664062 1035.66491699219 1035.43249511719 1036.15368652344 1038.88842773438 1030.19006347656 1022.71624755859 1023.67590332031 1020.06805419922 1016.70776367188 1018.41687011719 1011.11462402344 1009.35827636719 1006.6923828125 1002.81976318359 988.798278808594 995.858581542969 994.3828125 1001.04949951172 993.828247070312 994.198120117188 991.189819335938
992.989501953125 989.978637695312 997.037536621094 990.994201660156 995.47412109375 993.821960449219 1002.85339355469 1007.98724365234 1003.80065917969 1002.63305664062 1007.51165771484 1018.99328613281 1030.38146972656 1013.27581787109 1018.38543701172 1023.57379150391 1023.46038818359 1037.38708496094 1044.4912109375 1047.9052734375 1047.59948730469 1045.44445800781 1049.35620117188 1034.37817382812 1033.35485839844 1032.21826171875 1033.77514648438 1035.69055175781 1035.2978515625 1034.11584472656 1027.03100585938 1017.49066162109 1016.08099365234 1016.29339599609 1003.29357910156 1005.59185791016 1012.12487792969 1003.43939208984 1001.63610839844 992.909057617188 993.3642578125 997.146789550781 995.123596191406 992.504333496094 997.994873046875 996.013000488281
