data/zlatibor_dem_simulations/DEMsim62.asc
NCOLS 150
NROWS 100
XLLCORNER 7394249
YLLCORNER 4841999
CELLSIZE 30
NODATA_VALUE -9999
[rows 80 to 99 of 100, columns 92 to 137 of 150]
986.970275878906 990.6259765625 1000.17425537109 1005.16668701172 1002.36688232422 1004.33386230469 1008.41784667969 1015.79193115234 1012.20690917969 1002.59350585938 1006.35076904297 1016.27746582031 1011.87548828125 1021.93914794922 1027.03491210938 1025.78759765625 1025.96411132812 1028.94091796875 1035.04541015625 1039.26147460938 1036.63989257812 1031.86169433594 1025.80895996094 1031.64733886719 1037.75903320312 1033.97985839844 1015.08996582031 1025.72814941406 1021.10821533203 1016.26568603516 1001.92138671875 1005.19775390625 1001.2880859375 1006.18200683594 1000.96997070312 994.996826171875 1001.01055908203 1001.37170410156 995.805603027344 1010.05200195312 1011.00860595703 1003.58752441406 1001.16625976562 1011.41870117188 997.568420410156 987.345153808594
991.406311035156 988.073913574219 997.052307128906 999.785400390625 1004.25665283203 1007.29962158203 1007.45361328125 1007.94171142578 1004.20159912109 1004.9423828125 1015.86840820312 1009.94750976562 1005.19403076172 1019.63000488281 1018.61169433594 1026.68286132812 1038.4951171875 1041.22644042969 1043.86193847656 1038.85302734375 1036.10583496094 1030.462890625 1034.09436035156 1031.89538574219 1036.77868652344 1029.07385253906 1027.17260742188 1021.46942138672 1019.61749267578 1014.46948242188 1015.48168945312 1013.02844238281 1004.73852539062 1002.95904541016 1000.85784912109 994.050476074219 996.801879882812 994.992126464844 992.801574707031 991.038269042969 1001.505859375 997.85009765625 995.636352539062 1001.62872314453 997.172485351562 993.610900878906
998.489379882812 987.800720214844 993.77685546875 998.605346679688 1002.68365478516 1001.24591064453 1000.35632324219 999.082092285156 1002.18353271484 1009.19061279297 1011.19097900391 1009.77569580078 1003.68316650391 1010.47613525391 1017.49768066406 1019.12377929688 1038.02209472656 1036.89428710938 1040.13757324219 1038.89929199219 1041.62451171875 1032.13598632812 1033.00109863281 1039.78100585938 1037.90405273438 1033.72082519531 1032.43664550781 1025.47607421875 1022.34075927734 1023.29473876953 1015.22607421875 1013.84368896484 1002.14727783203 995.133117675781 996.471557617188 991.468505859375 987.871520996094 990.887084960938 992.366394042969 996.430419921875 995.055053710938 984.944274902344 989.740417480469 991.232055664062 993.131164550781 988.246337890625
998.001220703125 990.725402832031 996.726928710938 999.752319335938 996.26318359375 990.224365234375 993.743041992188 995.433288574219 1008.96514892578 1007.86065673828 1012.29376220703 1004.18804931641 1003.43414306641 1013.53570556641 1020.65191650391 1024.62353515625 1027.62219238281 1033.65942382812 1038.19274902344 1031.69689941406 1037.98083496094 1046.88793945312 1042.791015625 1051.62866210938 1044.74768066406 1039.99841308594 1035.00476074219 1024.947265625 1027.34741210938 1030.62438964844 1013.97729492188 1006.53717041016 1000.32006835938 992.429992675781 988.723999023438 990.865661621094 983.582214355469 985.747436523438 995.384155273438 992.581298828125 990.091186523438 980.515258789062 973.476623535156 977.559875488281 981.575256347656 979.366027832031
991.709594726562 992.178527832031 1001.13739013672 1000.75933837891 996.530395507812 993.839782714844 992.958251953125 992.997009277344 1000.72387695312 996.608825683594 1000.3369140625 1006.35589599609 1009.48419189453 1019.00390625 1029.37194824219 1035.61779785156 1033.736328125 1034.97509765625 1039.98937988281 1040.13879394531 1037.20727539062 1045.47082519531 1059.552734375 1061.20263671875 1045.83190917969 1039.56225585938 1034.95300292969 1027.33166503906 1029.92419433594 1020.61083984375 1009.00842285156 1002.83801269531 1006.06030273438 996.285461425781 986.174194335938 987.759094238281 975.210876464844 978.798950195312 993.872314453125 984.742553710938 987.991333007812 981.226745605469 981.078002929688 975.826904296875 976.89306640625 979.519409179688
992.785461425781 1000.6611328125 1004.09930419922 1003.70196533203 1004.37438964844 997.180969238281 997.628295898438 994.764587402344 1004.30798339844 1006.07562255859 1006.07800292969 1006.98187255859 1015.95233154297 1025.42248535156 1029.50512695312 1027.27990722656 1038.50036621094 1032.93664550781 1026.58337402344 1043.96459960938 1048.38354492188 1053.90087890625 1056.14331054688 1046.97192382812 1045.931640625 1039.9892578125 1032.54284667969 1028.34790039062 1023.05249023438 1023.55621337891 1009.22198486328 1010.77111816406 1007.62646484375 1001.53308105469 996.99267578125 986.780944824219 975.759704589844 987.510131835938 985.596923828125 983.445739746094 987.633544921875 977.512268066406 985.467895507812 976.274353027344 976.832763671875 973.440368652344
998.712097167969 997.971069335938 1006.72790527344 1008.31488037109 1006.84692382812 1004.99468994141 1012.18609619141 1010.13195800781 1006.95068359375 1010.34124755859 1019.29309082031 1014.80242919922 1020.12902832031 1022.55395507812 1025.64477539062 1035.53137207031 1040.67529296875 1040.13854980469 1046.23559570312 1052.57385253906 1052.50476074219 1059.15563964844 1056.1201171875 1051.19946289062 1038.30725097656 1042.40270996094 1041.30310058594 1041.81384277344 1028.03869628906 1021.20666503906 1010.45324707031 1001.13415527344 1009.81262207031 1000.36682128906 997.59375 990.212524414062 994.390563964844 992.100952148438 988.893920898438 980.887817382812 980.350341796875 974.450317382812 982.388366699219 984.838073730469 983.276977539062 973.347900390625
1001.40576171875 1001.62158203125 1007.94512939453 996.701477050781 1011.96044921875 1013.01495361328 1009.39147949219 1012.51446533203 1015.26037597656 1016.38635253906 1021.55963134766 1018.75463867188 1023.09191894531 1027.25146484375 1026.92272949219 1031.92651367188 1036.41369628906 1047.80224609375 1040.6220703125 1054.85986328125 1050.64221191406 1063.14514160156 1065.76940917969 1046.78503417969 1053.39270019531 1050.31689453125 1053.38134765625 1049.77062988281 1039.28686523438 1029.53857421875 1019.89556884766 1010.03356933594 1009.35797119141 998.317504882812 996.505187988281 987.538452148438 986.92626953125 988.171020507812 991.727600097656 979.304931640625 980.912292480469 978.747680664062 978.505004882812 968.468200683594 969.340881347656 977.059326171875
1003.3369140625 1005.57525634766 1013.26745605469 1004.81524658203 1007.45324707031 1016.30255126953 1017.02935791016 1020.37377929688 1018.96160888672 1023.83758544922 1017.13861083984 1028.97009277344 1032.43359375 1036.42321777344 1024.82739257812 1033.21081542969 1040.36499023438 1051.98425292969 1042.7060546875 1040.81018066406 1041.95056152344 1056.16296386719 1055.20642089844 1048.34814453125 1058.58227539062 1056.99365234375 1048.73181152344 1050.10107421875 1037.70104980469 1029.47180175781 1020.18725585938 1010.46234130859 1003.87915039062 1004.26824951172 1003.41595458984 993.497985839844 991.529968261719 992.061157226562 979.392395019531 974.263916015625 983.881103515625 986.440612792969 986.126159667969 978.261657714844 978.056396484375 971.545532226562
1011.57885742188 1020.81671142578 1016.73864746094 1015.24487304688 1009.3037109375 1011.41925048828 1021.84533691406 1009.58642578125 1017.0986328125 1017.75872802734 1017.5986328125 1030.76843261719 1036.88513183594 1039.45666503906 1036.77770996094 1029.58813476562 1049.28466796875 1048.76013183594 1045.81823730469 1033.58215332031 1044.533203125 1057.69201660156 1053.62463378906 1057.90551757812 1063.00671386719 1056.849609375 1054.83044433594 1049.83129882812 1048.4833984375 1035.013671875 1023.98468017578 1014.79077148438 1009.07507324219 1010.17913818359 997.101379394531 994.129028320312 992.192260742188 989.071716308594 985.92333984375 975.660095214844 976.531372070312 988.109252929688 988.213195800781 986.331359863281 981.374267578125 975.206970214844
1017.73864746094 1023.00262451172 1018.65924072266 1012.06945800781 1010.02032470703 1020.82794189453 1012.61987304688 1012.00042724609 1020.30364990234 1017.75054931641 1019.25988769531 1023.15264892578 1026.77563476562 1026.37805175781 1025.77978515625 1040.19494628906 1044.931640625 1052.21643066406 1042.11364746094 1042.2431640625 1044.34094238281 1052.95617675781 1057.73779296875 1048.01892089844 1052.60888671875 1055.05944824219 1061.75610351562 1050.49841308594 1046.24658203125 1040.69006347656 1030.9658203125 1021.76428222656 1016.12683105469 1004.98504638672 999.762817382812 994.164367675781 991.006652832031 998.207214355469 982.643310546875 983.857238769531 987.424987792969 986.332458496094 987.15234375 977.437377929688 980.574523925781 975.431701660156
1014.29235839844 1021.32550048828 1020.47979736328 1015.59362792969 1019.66345214844 1018.01696777344 1009.27581787109 1013.41156005859 1010.02606201172 1019.5849609375 1016.53509521484 1018.36352539062 1020.76141357422 1028.77661132812 1036.8974609375 1043.60522460938 1057.41052246094 1049.05456542969 1043.630859375 1046.529296875 1047.46057128906 1051.20153808594 1057 1051.08020019531 1052.56506347656 1049.46423339844 1064.11828613281 1048.23474121094 1046.40649414062 1041.52709960938 1036.68273925781 1032.61706542969 1025.65966796875 1018.31640625 1009.45831298828 1011.22943115234 996.4130859375 985.275207519531 999.25439453125 997.030090332031 989.947082519531 994.330078125 982.617858886719 984.958679199219 976.414733886719 975.901672363281
1014.50109863281 1023.53991699219 1026.9892578125 1025.009765625 1019.42822265625 1026.93420410156 1021.98004150391 1017.90783691406 1007.60083007812 1020.31225585938 1019.04803466797 1014.90252685547 1016.48455810547 1021.41235351562 1031.11608886719 1050.14331054688 1053.86706542969 1041.55798339844 1041.62426757812 1039.85876464844 1049.32482910156 1046.53063964844 1045.892578125 1048.67858886719 1052.01867675781 1054.18786621094 1054.34582519531 1055.24279785156 1050.9951171875 1046.41186523438 1024.09545898438 1025.22180175781 1024.88732910156 1022.96020507812 1017.76324462891 1003.05853271484 998.748291015625 989.446350097656 996.1318359375 999.334289550781 986.806335449219 987.032592773438 979.343933105469 965.42333984375 967.452453613281 973.919921875
1029.17590332031 1028.66772460938 1021.59576416016 1028.62243652344 1025.85339355469 1028.14831542969 1025.79187011719 1013.17303466797 1018.19030761719 1020.89904785156 1021.28137207031 1027.88989257812 1026.46997070312 1027.35363769531 1029.65295410156 1044.10400390625 1044.52624511719 1039.2314453125 1039.49792480469 1046.78894042969 1041.69653320312 1053.74328613281 1048.11901855469 1051.27136230469 1051.55383300781 1040.65161132812 1046.55065917969 1047.59240722656 1037.81811523438 1030.7998046875 1023.31304931641 1019.20452880859 1024.06262207031 1016.17785644531 1015.33404541016 1000.36389160156 989.306335449219 991.580505371094 993.335083007812 993.732543945312 989.038757324219 982.531066894531 965.797058105469 964.507507324219 962.218200683594 965.747375488281
1024.44421386719 1027.69274902344 1030.7421875 1024.11535644531 1032.10595703125 1025.57934570312 1021.24499511719 1018.39819335938 1021.78948974609 1020.64831542969 1020.00689697266 1023.79992675781 1026.72106933594 1028.28967285156 1029.28894042969 1034.46960449219 1037.30773925781 1030.92687988281 1037.62072753906 1038.20275878906 1041.35656738281 1041.51049804688 1035.4443359375 1045.83911132812 1049.9697265625 1039.86303710938 1044.63269042969 1033.63610839844 1025.95446777344 1028.34887695312 1010.41046142578 1015.32635498047 1019.13269042969 1002.96441650391 1007.05419921875 995.212158203125 992.167541503906 992.632202148438 988.898071289062 979.515625 975.143798828125 972.538940429688 969.743347167969 961.981628417969 965.826843261719 961.427185058594
1019.58325195312 1029.01538085938 1032.19848632812 1039.36511230469 1036.58715820312 1025.28149414062 1035.71704101562 1029.5908203125 1031.58862304688 1037.85595703125 1032.57397460938 1028.35607910156 1032.087890625 1026.61633300781 1036.82873535156 1035.25256347656 1037.15673828125 1035.45849609375 1027.83142089844 1035.70166015625 1035.78430175781 1040.74255371094 1038.8876953125 1039.92297363281 1035.25549316406 1030.90515136719 1034.76904296875 1021.60394287109 1024.54125976562 1021.5517578125 1013.74835205078 1013.12908935547 1014.24267578125 1005.78326416016 1012.16119384766 1009.09875488281 996.332336425781 984.861145019531 988.340026855469 973.884948730469 961.123779296875 961.175720214844 964.861755371094 961.083068847656 968.622497558594 966.59619140625
1022.01898193359 1026.61633300781 1032.17004394531 1038.275390625 1043.75537109375 1040.31555175781 1045.03393554688 1037.14672851562 1040.52038574219 1040.06726074219 1043.62365722656 1034.14562988281 1036.5302734375 1032.00158691406 1033.87524414062 1033.45300292969 1030.38854980469 1036.61169433594 1031.92053222656 1032.94921875 1035.79638671875 1042.38842773438 1038.99267578125 1040.48937988281 1033.11120605469 1033.162109375 1033.24816894531 1025.58703613281 1023.20660400391 1008.52606201172 1010.32763671875 1012.44354248047 1007.39422607422 1003.37731933594 1001.95318603516 998.794677734375 991.114990234375 980.07568359375 982.028198242188 973.8935546875 965.540832519531 969.299743652344 962.657653808594 966.915588378906 964.486206054688 961.428527832031
1021.853515625 1029.96899414062 1025.04431152344 1024.49401855469 1046.48559570312 1045.94274902344 1032.11108398438 1031.2060546875 1043.90783691406 1040.49145507812 1039.95739746094 1035.88159179688 1030.26965332031 1026.5224609375 1027.13903808594 1025.36877441406 1029.3271484375 1034.59399414062 1028.39404296875 1031.79016113281 1036.24035644531 1032.10925292969 1036.83068847656 1042.2744140625 1029.52624511719 1034.03076171875 1034.98107910156 1021.54602050781 1029.34631347656 1018.68237304688 1016.52606201172 1011.93743896484 1005.43768310547 994.492065429688 995.534118652344 988.732116699219 989.449035644531 979.856323242188 977.589660644531 972.297729492188 964.168518066406 971.868286132812 964.852844238281 960.566162109375 964.351501464844 960.161743164062
1021.35113525391 1023.2646484375 1029.6259765625 1026.58410644531 1038.35852050781 1040.11865234375 1042.67260742188 1029.38171386719 1032.89526367188 1040.98901367188 1036.89794921875 1027.35241699219 1022.77770996094 1026.85974121094 1022.92395019531 1021.2509765625 1034.1044921875 1028.9794921875 1018.13208007812 1034.45544433594 1028.52380371094 1032.39489746094 1030.49377441406 1033.66674804688 1033.44763183594 1040.07849121094 1041.51623535156 1036.23950195312 1022.21459960938 1005.87054443359 1010.43719482422 1006.27044677734 1008.04852294922 1004.82153320312 990.548034667969 980.035278320312 976.533264160156 984.95703125 976.320556640625 977.373779296875 972.132568359375 973.147644042969 977.030395507812 973.583374023438 965.247192382812 964.746520996094
1024.43688964844 1019.71459960938 1021.5224609375 1020.2509765625 1038.4482421875 1039.6064453125 1036.59448242188 1036.14135742188 1034.61987304688 1036.70764160156 1027.92822265625 1022.61511230469 1019.427734375 1025.57604980469 1025.50134277344 1016.25360107422 1022.97637939453 1020.208984375 1022.23773193359 1021.98913574219 1028.95629882812 1018.59429931641 1027.27722167969 1023.76458740234 1024.43212890625 1039.26953125 1034.98742675781 1032.82238769531 1022.58081054688 1009.82971191406 1003.87823486328 1007.39007568359 1004.57275390625 1007.98156738281 993.209899902344 983.876342773438 977.834045410156 978.848510742188 974.613098144531 974.377380371094 969.552001953125 970.473876953125 973.150146484375 972.904296875 970.665710449219 966.059509277344
