data/zlatibor_dem_simulations/DEMsim40.asc
NCOLS 150
NROWS 100
XLLCORNER 7394249
YLLCORNER 4841999
CELLSIZE 30
NODATA_VALUE -9999
[rows 20 to 39 of 100, columns 0 to 45 of 150]
957.396179199219 959.609985351562 952.487060546875 955.683654785156 957.297180175781 960.204895019531 963.178466796875 961.556762695312 973.892944335938 976.70068359375 969.768432617188 971.45654296875 964.118591308594 957.266967773438 953.107543945312 953.659362792969 966.223449707031 968.993469238281 986.837707519531 990.567565917969 981.183837890625 979.231323242188 973.129150390625 981.409301757812 994.155944824219 1004.55993652344 1004.41253662109 1007.21417236328 1007.40954589844 1013.04339599609 1009.28686523438 1009.93041992188 1018.87536621094 1016.04809570312 1028.25109863281 1018.02789306641 1026.46801757812 1026.30773925781 1033.03942871094 1039.04113769531 1045.86242675781 1038.08459472656 1036.51831054688 1042.83093261719 1032.16381835938 1026.93530273438
956.63232421875 952.845031738281 943.286743164062 957.160095214844 947.990356445312 957.490417480469 957.28271484375 961.279235839844 968.581237792969 968.509521484375 969.590393066406 965.171630859375 963.277954101562 960.958190917969 954.345703125 958.478515625 960.961791992188 967.861633300781 982.286193847656 989.438903808594 982.512329101562 969.440734863281 975.864562988281 974.377075195312 992.905822753906 998.474670410156 999.46728515625 1004.32263183594 1011.470703125 1004.35601806641 1009.82312011719 1015.24456787109 1009.17022705078 1015.38946533203 1018.89440917969 1021.69354248047 1023.91162109375 1037.19775390625 1036.0224609375 1037.01501464844 1037.14367675781 1037.93481445312 1042.52307128906 1040.15417480469 1031.61376953125 1027.41333007812
945.341979980469 943.797729492188 947.348022460938 950.415344238281 955.490844726562 957.019653320312 948.368041992188 957.111633300781 965.778869628906 961.798034667969 964.743103027344 960.9384765625 952.085144042969 957.106750488281 945.063720703125 955.271118164062 953.677490234375 959.550109863281 978.058166503906 990.064147949219 983.264526367188 980.489807128906 977.997924804688 988.518798828125 990.588439941406 994.533020019531 995.877563476562 1004.17395019531 1001.18841552734 1011.65869140625 1008.09814453125 1007.95715332031 1004.42724609375 1013.95794677734 1021.63165283203 1023.72387695312 1027.57653808594 1026.8798828125 1032.56713867188 1034.59875488281 1033.68225097656 1041.44897460938 1040.34423828125 1024.69396972656 1022.6552734375 1022.6953125
943.29296875 937.593688964844 949.81298828125 954.80419921875 953.578857421875 948.826416015625 945.111572265625 949.991271972656 954.733581542969 956.344055175781 957.878112792969 960.320983886719 951.201965332031 950.59326171875 949.624145507812 954.846008300781 952.882202148438 971.358215332031 986.156677246094 985.274108886719 988.193908691406 981.705688476562 983.74365234375 984.512817382812 986.290283203125 999.34375 996.123413085938 1002.84448242188 1003.20025634766 1003.63104248047 1004.29168701172 1004.08062744141 996.6845703125 1007.01867675781 1005.54174804688 1015.48229980469 1019.52349853516 1018.42126464844 1026.26953125 1031.86975097656 1037.39660644531 1036.94653320312 1037.56921386719 1025.24841308594 1025.92517089844 1010.46051025391
950.89208984375 943.924499511719 942.848388671875 951.089660644531 953.103637695312 951.363464355469 946.368041992188 953.762817382812 952.400817871094 955.098693847656 959.520690917969 959.8662109375 956.90234375 958.591064453125 955.007995605469 952.495178222656 967.927429199219 971.283996582031 978.643249511719 982.381408691406 985.286193847656 987.020446777344 992.891357421875 980.887145996094 987.334350585938 1000.81176757812 999.927612304688 995.333129882812 993.758178710938 1003.66314697266 996.635864257812 998.916625976562 993.096374511719 1002.47540283203 1010.20538330078 1015.05767822266 1013.94354248047 1016.3701171875 1020.09405517578 1033.12243652344 1031.02429199219 1036.04943847656 1036.7236328125 1020.71948242188 1022.27508544922 1012.89501953125
954.601318359375 954.825927734375 947.853942871094 950.057373046875 958.290161132812 953.470092773438 955.046264648438 950.969482421875 959.513732910156 960.505004882812 958.700012207031 962.329528808594 962.805358886719 971.761169433594 968.902099609375 959.347778320312 966.519958496094 966.838439941406 967.072204589844 981.962097167969 974.279602050781 977.864868164062 980.881408691406 980.73828125 983.356384277344 991.671447753906 995.757202148438 991.728576660156 998.285034179688 996.432922363281 998.924377441406 991.866394042969 997.148498535156 996.086364746094 1001.57080078125 1004.51989746094 1011.99346923828 1015.53430175781 1022.97601318359 1026.42016601562 1023.79522705078 1033.62707519531 1021.11535644531 1019.11566162109 1010.13494873047 1006.96997070312
957.977966308594 954.671936035156 951.249755859375 952.699462890625 953.035217285156 948.353942871094 951.531188964844 957.528503417969 963.399353027344 970.461059570312 970.24365234375 965.469543457031 965.4912109375 968.091552734375 970.163879394531 963.0078125 965.303588867188 965.434387207031 974.184326171875 977.672546386719 979.262390136719 982.373352050781 975.835754394531 977.941101074219 982.819763183594 987.707092285156 987.01806640625 992.812133789062 993.438781738281 994.21142578125 993.115478515625 994.1708984375 990.714599609375 989.031616210938 998.92138671875 1012.72283935547 1013.18469238281 1013.13586425781 1018.38671875 1013.47186279297 1015.07470703125 1013.20617675781 1013.95483398438 1009.10186767578 1003.998046875 1008.68194580078
952.8017578125 942.459655761719 946.528930664062 954.430358886719 944.818359375 959.375305175781 955.246704101562 957.511291503906 968.629577636719 966.20556640625 966.385070800781 962.130920410156 964.995544433594 967.978820800781 976.240295410156 971.461059570312 969.684509277344 971.958129882812 970.274841308594 973.455688476562 980.219177246094 983.42822265625 977.132873535156 976.489196777344 989.601135253906 985.984619140625 989.7724609375 989.766540527344 991.832458496094 992.620788574219 991.042419433594 976.854858398438 992.777160644531 995.292724609375 997.804748535156 1004.50598144531 1007.2294921875 1006.22705078125 1008.23815917969 1005.82244873047 1010.62579345703 1007.50885009766 1008.21697998047 1010.98400878906 1007.67401123047 1008.96398925781
954.750183105469 944.500915527344 947.818481445312 953.797607421875 952.820190429688 955.199035644531 964.026550292969 961.047485351562 963.283752441406 970.927734375 971.808471679688 963.507568359375 962.739013671875 975.194152832031 976.783142089844 976.996459960938 978.693237304688 971.412109375 972.618103027344 973.682800292969 976.270751953125 987.744995117188 989.331848144531 983.623962402344 979.803466796875 988.863647460938 989.122802734375 997.682495117188 993.650329589844 986.027221679688 976.390319824219 983.939453125 992.1416015625 992.2294921875 1003.98687744141 1001.24291992188 1008.15155029297 1004.26629638672 992.013000488281 997.609558105469 998.926513671875 1005.55828857422 999.035766601562 1007.55108642578 1012.42669677734 994.530700683594
946.845336914062 945.964965820312 952.049926757812 957.573486328125 959.259887695312 957.281311035156 961.848205566406 961.510009765625 966.914428710938 961.616638183594 970.723510742188 968.934631347656 974.058227539062 976.838562011719 971.580444335938 980.212219238281 971.739868164062 968.259094238281 976.204956054688 977.297668457031 979.905090332031 991.725891113281 991.719848632812 985.271545410156 985.058349609375 989.345581054688 988.937133789062 991.776794433594 984.238952636719 984.919250488281 976.064208984375 993.489807128906 990.171752929688 998.234802246094 1001.40924072266 998.995849609375 1004.3359375 997.719909667969 992.617370605469 988.703063964844 986.306396484375 992.765625 998.239379882812 1007.43048095703 1003.14880371094 997.546569824219
950.200927734375 948.697204589844 961.2421875 962.252685546875 965.974792480469 960.105224609375 960.74462890625 964.548889160156 964.633056640625 978.189636230469 972.46435546875 972.001525878906 974.271484375 973.515197753906 979.432373046875 975.701110839844 976.223693847656 979.435546875 981.772277832031 987.450500488281 984.177368164062 986.054260253906 991.40283203125 988.406066894531 985.656494140625 988.568603515625 994.655578613281 998.230224609375 985.121643066406 982.240051269531 983.832336425781 994.938842773438 992.133117675781 992.428161621094 1001.25439453125 993.628051757812 992.042419433594 989.006713867188 987.923706054688 993.252868652344 987.258544921875 989.921630859375 984.5498046875 998.309387207031 999.242492675781 1003.54235839844
939.278259277344 951.968078613281 965.369995117188 969.654479980469 968.660888671875 973.366088867188 961.279113769531 956.925537109375 966.155029296875 971.594360351562 973.02001953125 973.567260742188 974.987670898438 970.342956542969 978.318481445312 972.4814453125 970.751770019531 979.83642578125 972.631164550781 982.505859375 981.619140625 981.242370605469 990.759155273438 981.438659667969 982.401306152344 983.995849609375 989.076721191406 997.664428710938 988.745361328125 979.520874023438 983.499084472656 983.30029296875 993.709533691406 982.883728027344 988.601684570312 986.636413574219 991.382751464844 992.20947265625 987.603515625 986.700256347656 987.550231933594 990.159423828125 989.730895996094 989.900390625 989.737854003906 984.018981933594
943.667175292969 944.909423828125 955.256713867188 957.890502929688 969.146606445312 971.296508789062 971.587951660156 970.852172851562 975.892150878906 973.28173828125 981.534240722656 979.044128417969 982.592956542969 978.217712402344 973.050598144531 969.380310058594 971.264587402344 968.373779296875 968.8173828125 973.771118164062 979.088623046875 976.280334472656 978.330749511719 974.115234375 978.483215332031 983.983642578125 988.493041992188 999.027954101562 981.032165527344 978.075927734375 981.947998046875 989.931640625 991.465087890625 985.278259277344 983.75537109375 989.987915039062 991.742736816406 986.554931640625 979.175903320312 975.803039550781 985.250793457031 986.214477539062 996.723510742188 982.066772460938 979.294250488281 978.571411132812
945.363708496094 951.986206054688 953.638305664062 952.992553710938 966.243103027344 971.452697753906 973.344848632812 970.754821777344 980.048156738281 974.397705078125 976.4130859375 970.017883300781 971.031311035156 978.099914550781 980.204284667969 968.938903808594 971.674133300781 975.997741699219 975.871704101562 978.519104003906 979.165222167969 977.802978515625 975.083312988281 971.91650390625 977.948547363281 980.049499511719 984.693786621094 984.343627929688 987.672912597656 983.617004394531 993.888916015625 988.897155761719 994.602416992188 983.426574707031 985.220336914062 989.675170898438 986.756042480469 974.12890625 970.923950195312 976.045349121094 990.819091796875 990.326416015625 995.948425292969 984.475952148438 983.082641601562 983.634399414062
942.176818847656 949.891357421875 961.851379394531 967.810913085938 970.508972167969 964.51708984375 973.129333496094 967.286560058594 968.692138671875 973.277709960938 973.802062988281 977.108764648438 975.390869140625 977.646850585938 975.349304199219 978.690368652344 977.772583007812 980.392272949219 978.983215332031 980.876159667969 979.559020996094 984.324279785156 974.456298828125 969.574951171875 982.986389160156 980.502807617188 988.511047363281 984.273071289062 976.568664550781 983.963623046875 983.095153808594 990.563842773438 986.591979980469 986.59326171875 985.129821777344 990.823059082031 988.504699707031 975.522766113281 965.523071289062 975.096130371094 977.453735351562 995.058898925781 993.211730957031 989.667541503906 988.836730957031 985.364318847656
945.038513183594 944.7470703125 956.922668457031 960.745239257812 972.771850585938 965.085998535156 969.414123535156 974.720642089844 977.65771484375 973.956604003906 966.762084960938 970.160217285156 980.046875 978.738891601562 972.309692382812 967.1123046875 974.014038085938 977.773742675781 982.061889648438 977.626892089844 983.698791503906 980.195678710938 975.319519042969 967.366088867188 977.133239746094 980.998901367188 979.309326171875 989.310302734375 980.171752929688 977.271179199219 975.43212890625 984.4482421875 981.928466796875 976.707214355469 982.717834472656 989.854614257812 997.442321777344 986.632507324219 972.383605957031 980.888732910156 984.168701171875 985.019714355469 986.523986816406 988.030578613281 985.893371582031 981.838928222656
950.268798828125 953.372680664062 958.817749023438 959.065795898438 967.667175292969 962.07666015625 970.332336425781 975.067993164062 971.600952148438 969.290100097656 977.67822265625 974.053344726562 978.824340820312 979.72509765625 972.390258789062 969.814575195312 978.347351074219 971.415771484375 978.896240234375 978.507568359375 975.795776367188 970.522827148438 978.189514160156 968.895812988281 973.183471679688 976.198425292969 978.337036132812 978.232177734375 978.720764160156 974.060668945312 975.035461425781 988.2431640625 990.523071289062 981.775024414062 980.001037597656 988.179382324219 987.749328613281 981.403076171875 983.188537597656 976.609924316406 981.766418457031 982.647521972656 985.220764160156 974.451110839844 976.013732910156 979.40234375
939.499389648438 948.636657714844 958.18798828125 962.232604980469 964.90576171875 962.014099121094 970.571411132812 977.104064941406 972.137390136719 971.246826171875 970.940185546875 973.205627441406 976.160217285156 979.714904785156 971.970642089844 965.397888183594 973.355590820312 979.482299804688 982.484680175781 975.450927734375 979.988464355469 976.427856445312 981.249755859375 979.032043457031 975.912292480469 971.761352539062 977.521179199219 980.21240234375 986.485534667969 977.492065429688 976.035766601562 989.197448730469 996.446838378906 990.203369140625 985.293762207031 983.866943359375 988.534790039062 983.46044921875 985.498474121094 974.052185058594 979.865844726562 987.739929199219 980.887084960938 974.206115722656 968.696960449219 972.23046875
937.317565917969 945.091064453125 956.611694335938 962.694396972656 968.892883300781 964.449096679688 965.394348144531 971.301452636719 973.345703125 977.08447265625 975.7666015625 977.934875488281 973.085998535156 968.883544921875 967.679504394531 972.50927734375 967.736389160156 971.709045410156 977.327453613281 981.261901855469 984.299682617188 978.802429199219 975.293701171875 983.445190429688 973.40478515625 970.870910644531 973.660705566406 986.489013671875 986.662414550781 975.049621582031 980.205444335938 988.344909667969 993.01416015625 989.552673339844 990.597717285156 983.271545410156 978.224182128906 988.09716796875 982.145568847656 983.582153320312 978.993225097656 980.611389160156 982.3662109375 979.547790527344 976.856201171875 971.160339355469
946.584899902344 944.388854980469 958.680053710938 967.86279296875 971.645568847656 966.7001953125 960.204833984375 962.304260253906 964.080627441406 966.892578125 969.882080078125 980.42041015625 982.859802246094 971.738586425781 965.590515136719 977.628173828125 971.454772949219 967.043518066406 976.305725097656 977.641540527344 975.224304199219 973.462463378906 971.814575195312 975.763305664062 968.3701171875 962.377197265625 963.500305175781 970.4658203125 975.391662597656 965.237670898438 979.301513671875 977.623901367188 977.839111328125 983.142883300781 983.610717773438 978.788024902344 975.312866210938 981.65478515625 975.695434570312 972.287170410156 973.741577148438 979.699096679688 982.549194335938 975.18603515625 974.972412109375 978.881958007812
