data/zlatibor_dem_simulations/DEMsim3.asc
NCOLS 150
NROWS 100
XLLCORNER 7394249
YLLCORNER 4841999
CELLSIZE 30
NODATA_VALUE -9999
[rows 60 to 79 of 100, columns 46 to 91 of 150]
955.926147460938 955.366455078125 958.295104980469 960.482238769531 953.670166015625 946.080627441406 951.987609863281 952.37109375 954.1748046875 954.57080078125 945.652587890625 944.4111328125 955.295043945312 966.6806640625 970.162719726562 965.746337890625 958.303588867188 965.397827148438 966.3583984375 960.429870605469 964.336853027344 968.181274414062 971.576293945312 970.031799316406 963.709533691406 961.363586425781 963.161071777344 961.94970703125 962.331970214844 964.240234375 964.67578125 959.916809082031 969.151916503906 967.655639648438 965.343139648438 973.811401367188 969.843139648438 970.861633300781 979.8876953125 971.267578125 971.327087402344 964.388305664062 962.795959472656 955.67919921875 961.655212402344 960.661682128906
959.141723632812 968.530456542969 957.217956542969 954.419006347656 952.186950683594 952.138305664062 957.071899414062 955.132202148438 955.749267578125 956.830383300781 953.539123535156 951.875732421875 956.732116699219 969.007080078125 967.541625976562 967.5029296875 965.816589355469 963.391784667969 965.852783203125 969.311950683594 974.015930175781 969.454650878906 978.31005859375 964.338928222656 956.415588378906 962.271789550781 961.140991210938 967.032348632812 977.628723144531 968.7822265625 962.495361328125 963.844299316406 963.157348632812 972.401550292969 965.234130859375 971.352233886719 966.478576660156 968.597534179688 971.631103515625 969.750366210938 968.7958984375 976.552307128906 975.319885253906 964.736938476562 967.004638671875 955.611694335938
961.366882324219 958.929870605469 955.840881347656 953.657043457031 947.359924316406 951.317077636719 965.4365234375 952.873352050781 958.13916015625 960.559204101562 958.484619140625 961.744262695312 958.888305664062 967.541625976562 959.749145507812 961.573608398438 961.874572753906 965.125915527344 970.151489257812 965.051574707031 963.025756835938 969.0126953125 968.8759765625 965.971008300781 970.865905761719 970.040344238281 970.533386230469 975.939208984375 968.228088378906 962.349975585938 959.968322753906 966.242004394531 968.468200683594 962.57958984375 964.572082519531 969.722106933594 963.393005371094 968.064270019531 971.62451171875 961.466491699219 968.905822753906 982.398681640625 988.043823242188 974.379333496094 974.366943359375 960.053344726562
952.510375976562 948.869750976562 950.2109375 945.653198242188 943.720581054688 952.436584472656 953.631896972656 958.759887695312 960.761108398438 961.978088378906 949.219177246094 963.351928710938 959.904479980469 969.297607421875 958.425964355469 962.040283203125 961.896606445312 957.763061523438 966.35009765625 971.956298828125 962.648864746094 964.313171386719 974.462219238281 962.004821777344 975.672912597656 970.401489257812 979.095397949219 968.05078125 972.458190917969 970.637145996094 974.5009765625 965.549560546875 974.077453613281 966.357543945312 971.258422851562 973.190551757812 975.832092285156 977.976989746094 984.209411621094 975.3984375 977.231750488281 987.410888671875 980.314758300781 978.175231933594 967.543151855469 963.812072753906
952.413513183594 950.067260742188 955.648620605469 948.596130371094 947.17333984375 952.083374023438 958.808715820312 959.432067871094 964.243774414062 959.313537597656 958.55419921875 958.960144042969 965.857971191406 972.005737304688 961.559020996094 962.242919921875 958.551452636719 962.365661621094 961.375305175781 961.9951171875 959.042602539062 963.136596679688 969.48583984375 969.735412597656 963.830444335938 973.713073730469 973.576904296875 980.715759277344 982.985717773438 982.6201171875 980.711669921875 971.387268066406 967.032043457031 972.996398925781 973.576171875 982.368225097656 984.801574707031 981.052185058594 991.517395019531 989.798217773438 993.913269042969 986.739501953125 978.712524414062 978.701049804688 974.469116210938 969.395324707031
954.795288085938 953.032592773438 966.351867675781 958.090393066406 960.399597167969 966.495056152344 975.536193847656 971.190246582031 972.8740234375 963.136169433594 966.5546875 967.864562988281 961.868103027344 972.000610351562 969.507202148438 965.637817382812 960.575439453125 964.336120605469 960.709655761719 950.774475097656 957.047180175781 958.666870117188 968.956359863281 967.579833984375 964.734130859375 974.867797851562 974.772155761719 988.796691894531 987.004455566406 986.114685058594 983.59033203125 968.180847167969 970.976867675781 962.702026367188 969.511047363281 972.059204101562 981.071105957031 988.676086425781 992.395446777344 986.387634277344 986.765441894531 995.562377929688 980.807373046875 982.215637207031 973.026000976562 974.985778808594
962.984680175781 959.430114746094 966.750732421875 965.743591308594 968.230102539062 975.453491210938 978.310180664062 980.621337890625 971.245727539062 968.562866210938 970.82763671875 968.722900390625 970.140197753906 963.858947753906 968.502197265625 962.689270019531 959.906372070312 957.683532714844 958.399536132812 959.971435546875 963.898193359375 954.765808105469 976.490356445312 973.72802734375 975.408264160156 981.434997558594 984.355163574219 983.697143554688 989.146057128906 983.913696289062 979.413391113281 975.304626464844 975.902404785156 974.560241699219 971.278381347656 971.169494628906 984.402221679688 994.359008789062 987.051147460938 982.349914550781 989.178466796875 989.104309082031 979.740600585938 976.034240722656 971.001159667969 971.982299804688
958.284362792969 967.142517089844 969.869506835938 970.695922851562 973.433837890625 979.568054199219 982.736328125 966.632202148438 972.838073730469 966.240966796875 972.344482421875 969.704467773438 973.563720703125 966.927978515625 973.826293945312 962.887939453125 964.047058105469 960.362121582031 958.741394042969 958.879516601562 966.6591796875 970.040405273438 967.520324707031 973.655639648438 970.539611816406 976.106811523438 985.291320800781 991.505554199219 990.841918945312 986.598388671875 978.700988769531 977.973449707031 983.585083007812 978.049621582031 969.386596679688 969.31494140625 985.177490234375 985.221374511719 981.893432617188 980.798461914062 984.538635253906 988.403625488281 982.961669921875 977.722900390625 974.443603515625 972.39501953125
973.224731445312 975.447570800781 978.5439453125 988.285888671875 972.773376464844 975.364318847656 973.06982421875 969.998901367188 963.442138671875 967.093078613281 974.070678710938 969.947631835938 973.943969726562 973.623718261719 968.672485351562 972.188537597656 963.515625 968.986267089844 967.091552734375 967.204895019531 971.172790527344 968.9931640625 969.432373046875 981.166320800781 974.920532226562 971.676391601562 983.409301757812 988.133544921875 987.569396972656 981.346069335938 979.046325683594 984.305236816406 978.169006347656 977.952087402344 966.213684082031 972.942077636719 978.808654785156 975.82958984375 979.018493652344 980.412780761719 978.38818359375 976.086242675781 979.577758789062 978.291137695312 970.65185546875 974.679809570312
982.619323730469 987.578735351562 988.691467285156 985.055114746094 977.831604003906 975.831726074219 972.096618652344 968.772094726562 969.939575195312 965.669921875 974.130615234375 977.786743164062 976.931762695312 972.267639160156 970.523864746094 971.113342285156 969.974731445312 970.269287109375 970.375610351562 975.860595703125 974.307373046875 974.56298828125 974.817932128906 970.948852539062 969.153076171875 971.585754394531 984.601379394531 983.261413574219 985.563293457031 980.073791503906 983.62890625 979.571350097656 975.695495605469 973.850524902344 976.507690429688 976.425659179688 977.041381835938 980.073791503906 988.017639160156 989.827270507812 981.635803222656 982.621887207031 971.139404296875 967.239379882812 965.6201171875 968.044250488281
989.69140625 988.695678710938 994.019897460938 987.6201171875 988.245178222656 978.716857910156 981.11083984375 976.58740234375 973.389587402344 968.525451660156 982.937622070312 975.064697265625 983.790893554688 980.75048828125 976.03173828125 968.830444335938 974.32470703125 973.192504882812 964.828796386719 967.018310546875 964.710083007812 973.039184570312 979.164855957031 979.752685546875 978.983337402344 974.096740722656 979.779479980469 976.746704101562 981.218994140625 983.036682128906 981.642822265625 978.288208007812 981.801818847656 981.30615234375 978.238708496094 974.888977050781 977.908996582031 984.697204589844 984.717651367188 981.991271972656 980.879455566406 982.786682128906 983.33154296875 977.933715820312 972.872009277344 976.707336425781
985.680480957031 985.219787597656 999.172241210938 987.287170410156 989.369934082031 993.351440429688 985.630249023438 988.915161132812 977.859802246094 974.700561523438 979.263732910156 981.656066894531 982.440063476562 976.149230957031 967.815124511719 968.926513671875 979.260681152344 973.33984375 964.39208984375 958.720336914062 974.112060546875 971.162109375 974.749328613281 984.783569335938 976.713806152344 980.051879882812 982.144409179688 986.156616210938 985.1455078125 982.795166015625 977.402770996094 980.846496582031 996.676635742188 985.65283203125 984.486022949219 990.985900878906 995.029724121094 989.376525878906 985.020385742188 981.617065429688 984.310913085938 987.037902832031 985.658630371094 976.279357910156 967.824768066406 972.547241210938
988.895874023438 988.300537109375 997.161071777344 997.033325195312 1001.29864501953 1004.55010986328 996.509704589844 988.105102539062 995.312377929688 990.479431152344 983.592468261719 975.870849609375 977.524780273438 973.39453125 979.978332519531 974.267578125 974.2470703125 962.981323242188 958.556823730469 969.453430175781 978.3623046875 979.437805175781 983.449462890625 981.794555664062 989.005187988281 983.735107421875 983.914428710938 986.088012695312 990.337097167969 980.646667480469 978.65966796875 988.188842773438 992.279357910156 991.6015625 991.458679199219 982.79345703125 987.60107421875 984.908386230469 990.10205078125 993.389892578125 985.564697265625 979.757690429688 983.9853515625 972.87890625 977.619506835938 977.553771972656
981.952758789062 985.636596679688 985.86962890625 993.489624023438 995.859558105469 1003.63629150391 996.294494628906 990.782653808594 990.216857910156 984.719177246094 977.858947753906 972.78564453125 982.034118652344 980.980529785156 982.965454101562 966.166381835938 962.487487792969 964.603637695312 965.466003417969 975.671447753906 972.786315917969 981.640808105469 978.766174316406 991.495361328125 986.923706054688 984.4267578125 987.663696289062 983.794738769531 994.769165039062 985.685729980469 983.958312988281 991.388366699219 990.778564453125 989.697875976562 985.455139160156 990.544616699219 977.797241210938 984.885314941406 988.318603515625 991.214721679688 984.592468261719 978.525390625 983.292114257812 981.074645996094 979.692077636719 979.722961425781
983.160095214844 984.987915039062 994.570068359375 999.25244140625 997.5322265625 994.0087890625 993.95361328125 993.8359375 981.776000976562 978.709777832031 973.96240234375 977.8037109375 977.491760253906 978.417907714844 971.896484375 971.998657226562 978.015869140625 970.827758789062 967.282653808594 973.956726074219 983.4970703125 982.386657714844 990.44287109375 993.653259277344 988.356140136719 990.406005859375 993.090026855469 995.695373535156 992.093872070312 990.687805175781 983.1962890625 991.449523925781 993.182373046875 989.947326660156 987.965942382812 984.946166992188 983.479858398438 983.591369628906 976.872009277344 979.733581542969 985.898498535156 973.303039550781 979.115356445312 984.008850097656 979.393432617188 984.732055664062
994.719970703125 994.174682617188 986.072448730469 995.391235351562 1001.77362060547 997.314270019531 994.339477539062 994.340576171875 984.799743652344 981.752136230469 979.756713867188 983.655212402344 982.503662109375 981.305847167969 979.860107421875 971.331420898438 971.679016113281 968.436218261719 966.446105957031 974.705749511719 973.785034179688 982.335510253906 988.108947753906 985.251770019531 993.871276855469 994.575805664062 993.257507324219 986.185546875 991.927307128906 996.796997070312 995.841613769531 999.848266601562 996.414733886719 996.462646484375 987.214172363281 990.713195800781 987.6923828125 983.948669433594 985.009094238281 976.704956054688 980.086486816406 976.550903320312 976.312255859375 985.750366210938 984.326843261719 982.1162109375
1004.318359375 1006.91705322266 994.378601074219 994.249938964844 998.564331054688 1002.58630371094 997.173828125 992.8115234375 984.162902832031 981.965515136719 983.918579101562 987.614074707031 981.662048339844 979.419494628906 974.020812988281 966.534362792969 968.648986816406 971.559020996094 968.878051757812 977.182373046875 979.604248046875 984.355102539062 985.424255371094 989.917602539062 989.263916015625 999.797668457031 999.815734863281 986.317565917969 986.542114257812 988.446533203125 999.529846191406 1004.26477050781 1005.43737792969 989.300415039062 985.1328125 987.003845214844 989.725036621094 984.419738769531 982.644226074219 981.495666503906 977.523315429688 976.860961914062 981.324279785156 988.273742675781 980.022399902344 987.765808105469
1008.23120117188 1017.83843994141 1014.59722900391 1002.65179443359 993.1474609375 995.067932128906 994.571044921875 993.173461914062 994.638793945312 989.733703613281 982.359802246094 976.274841308594 977.972595214844 980.520385742188 973.357604980469 976.679504394531 967.082946777344 974.924560546875 971.09814453125 978.524291992188 980.340148925781 984.237487792969 984.0478515625 990.824462890625 994.039611816406 998.614990234375 992.335021972656 989.365539550781 989.026306152344 996.108093261719 996.107299804688 1003.06597900391 1004.22662353516 1002.02734375 1000.15454101562 991.448974609375 996.137512207031 986.128234863281 984.111389160156 986.777465820312 986.620849609375 987.748474121094 982.930908203125 987.443054199219 981.3681640625 989.982849121094
1011.93023681641 1011.53283691406 1009.16961669922 1014.36529541016 1003.54406738281 992.131530761719 986.365844726562 992.283264160156 995.553161621094 993.786254882812 989.95751953125 979.422912597656 975.318359375 974.037536621094 971.105590820312 966.21630859375 964.816528320312 973.480712890625 976.261901855469 975.977661132812 976.92236328125 982.908508300781 984.183288574219 984.670776367188 996.494262695312 999.507629394531 989.670593261719 989.395141601562 984.859252929688 991.288269042969 997.516296386719 995.603210449219 1006.46844482422 1008.041015625 1003.59973144531 1002.4521484375 995.81201171875 998.408569335938 997.340026855469 995.197265625 1000.18890380859 987.751586914062 988.512512207031 992.158264160156 985.642517089844 990.302001953125
1012.45794677734 1005.90374755859 1005.30975341797 1006.66223144531 997.361328125 980.718505859375 989.387939453125 992.140686035156 986.583312988281 989.072448730469 987.400939941406 980.259582519531 978.117736816406 977.735168457031 973.947143554688 970.815734863281 968.576416015625 975.471984863281 976.917602539062 981.898742675781 975.933166503906 980.763916015625 989.437561035156 995.063171386719 1003.81512451172 1002.33386230469 995.32177734375 986.8125 990.93212890625 997.762756347656 999.551635742188 1008.58172607422 1006.03936767578 1005.21337890625 1008.25604248047 1006.59985351562 998.885925292969 993.755859375 995.473999023438 1001.12036132812 998.129333496094 992.307434082031 989.183776855469 982.230224609375 986.195129394531 994.40966796875
