data/zlatibor_dem_simulations/DEMsim53.asc
NCOLS 150
NROWS 100
XLLCORNER 7394249
YLLCORNER 4841999
CELLSIZE 30
NODATA_VALUE -9999
[rows 60 to 79 of 100, columns 92 to 137 of 150]
974.459289550781 968.234130859375 972.891967773438 971.944152832031 977.414306640625 980.068359375 982.056091308594 974.123107910156 975.147583007812 976.834228515625 979.512084960938 978.807983398438 979.650695800781 990.600708007812 988.185424804688 982.621948242188 988.732299804688 983.486572265625 990.181701660156 989.374328613281 989.733215332031 989.021118164062 992.250610351562 992.549011230469 991.201599121094 986.409240722656 987.177368164062 984.584350585938 997.640319824219 1008.46716308594 1017.74127197266 1029.71301269531 1034.3173828125 1029.419921875 1028.51696777344 1043.10083007812 1040.47839355469 1045.47180175781 1037.04345703125 1037.8154296875 1047.55114746094 1053.13659667969 1049.46997070312 1057.91625976562 1072.84362792969 1064.17822265625
961.001342773438 961.204956054688 969.343811035156 965.948852539062 972.638122558594 980.788391113281 986.025390625 973.26123046875 971.807434082031 975.71630859375 984.294982910156 981.939331054688 984.719055175781 987.771789550781 990.782958984375 985.579956054688 981.963256835938 994.8408203125 990.755798339844 992.775512695312 996.287170410156 992.813171386719 1001.18389892578 998.950134277344 996.083618164062 992.14404296875 991.197082519531 996.365417480469 999.635437011719 1010.30725097656 1014.34234619141 1017.59295654297 1025.32067871094 1024.53381347656 1022.67608642578 1040.67114257812 1038.98937988281 1038.44152832031 1034.79504394531 1029.05285644531 1041.87377929688 1042.9091796875 1050.30847167969 1051.60815429688 1056.47412109375 1053.23840332031
968.228820800781 972.548278808594 972.316772460938 970.933044433594 977.353942871094 979.985473632812 993.53857421875 977.610595703125 981.642211914062 987.466369628906 984.853942871094 985.34375 993.272583007812 994.477416992188 990.942810058594 983.241943359375 989.614868164062 990.804565429688 991.184204101562 994.9267578125 990.131225585938 991.703796386719 1001.52239990234 1002.53210449219 988.56005859375 994.580871582031 1000.35321044922 995.984680175781 995.984619140625 1003.12371826172 1006.62213134766 1006.45709228516 1012.8232421875 1015.04663085938 1027.42211914062 1034.66918945312 1035.25134277344 1034.98950195312 1035.08190917969 1024.7939453125 1040.37768554688 1050.84680175781 1049.01574707031 1053.63647460938 1048.80639648438 1050.50146484375
959.918212890625 967.101684570312 975.729187011719 978.272094726562 977.767456054688 985.740051269531 984.381469726562 993.316772460938 982.711181640625 975.501953125 987.237243652344 987.741821289062 988.984069824219 991.056945800781 987.672241210938 991.691284179688 991.44482421875 988.257934570312 996.2353515625 996.412109375 1004.28033447266 998.871765136719 1000.59490966797 996.418701171875 994.002197265625 998.652770996094 1001.56213378906 996.634948730469 999.339538574219 1004.8857421875 1009.69116210938 1009.61627197266 1011.51647949219 1014.39996337891 1033.93420410156 1031.5673828125 1034.04602050781 1042.99304199219 1032.92041015625 1035.91369628906 1032.16015625 1038.85327148438 1046.27307128906 1045.84594726562 1039.4833984375 1045.14245605469
967.901306152344 965.838684082031 975.092041015625 981.641418457031 978.973937988281 979.843444824219 977.498840332031 986.224792480469 987.629699707031 983.209167480469 987.661254882812 987.721252441406 985.237731933594 988.347839355469 989.349914550781 997.992370605469 993.65283203125 992.657775878906 1000.8740234375 1006.25714111328 1006.36181640625 1004.02355957031 1008.8408203125 995.292297363281 999.841796875 1005.2236328125 1006.98229980469 1009.46447753906 1007.38104248047 1017.54919433594 1020.87408447266 1019.064453125 1020.15008544922 1022.35949707031 1024.88952636719 1036.18884277344 1032.69604492188 1034.18933105469 1028.25561523438 1025.39636230469 1032.1513671875 1036.6435546875 1030.86071777344 1032.64978027344 1036.01733398438 1042.02111816406
970.072998046875 971.07470703125 977.055908203125 984.709411621094 978.540283203125 983.444580078125 980.270263671875 983.421569824219 987.814636230469 994.749328613281 987.500427246094 979.240051269531 978.423034667969 984.518188476562 991.953308105469 997.089477539062 992.628601074219 998.299621582031 1003.34106445312 1009.86395263672 1015.62353515625 1015.88629150391 1013.15911865234 1002.09594726562 1010.56774902344 1017.53430175781 1026.3359375 1024.27014160156 1021.27465820312 1020.53704833984 1022.83959960938 1026.13220214844 1022.75408935547 1022.97680664062 1036.00939941406 1031.61474609375 1029.1142578125 1023.36700439453 1028.75317382812 1029.23754882812 1025.88391113281 1022.80560302734 1020.24456787109 1025.296875 1030.32861328125 1040.5732421875
970.347106933594 979.533752441406 979.594360351562 984.445495605469 987.001953125 987.890014648438 984.241638183594 984.671203613281 991.830017089844 996.218139648438 998.737670898438 986.545837402344 980.859375 986.198852539062 998.172729492188 1004.19677734375 1004.70709228516 999.787780761719 1006.69635009766 1007.65618896484 1018.03479003906 1012.16955566406 1012.62335205078 1023.91009521484 1023.91644287109 1019.37744140625 1039.05859375 1046.61279296875 1035.3974609375 1023.36492919922 1020.38195800781 1028.13122558594 1031.59216308594 1030.69482421875 1028.42114257812 1024.08630371094 1029.32592773438 1035.85034179688 1026.84143066406 1029.82446289062 1021.52862548828 1021.77770996094 1022.72296142578 1021.4521484375 1027.26123046875 1027.63122558594
979.61083984375 978.225769042969 979.91259765625 981.580017089844 988.617736816406 992.15966796875 992.892333984375 994.399780273438 993.226989746094 995.629699707031 996.096618652344 994.170227050781 988.198669433594 991.382141113281 997.623291015625 1003.73205566406 1012.63269042969 1012.09234619141 1013.96325683594 1011.60510253906 1012.67547607422 1013.03784179688 1022.14562988281 1023.17907714844 1018.18237304688 1021.4033203125 1035.89306640625 1043.46545410156 1041.19909667969 1031.6640625 1029.87915039062 1032.3037109375 1037.3564453125 1032.79187011719 1018.17944335938 1022.66772460938 1020.90826416016 1026.87780761719 1022.75848388672 1023.17205810547 1015.40954589844 1011.81604003906 1010.72576904297 1017.35803222656 1024.91027832031 1024.67895507812
984.136779785156 986.315246582031 991.31884765625 990.78662109375 991.09716796875 994.351379394531 995.465087890625 992.817138671875 1004.89105224609 1008.89495849609 1005.46118164062 1000.11010742188 996.533508300781 1002.67626953125 1002.615234375 1005.85729980469 1005.44708251953 1013.56274414062 1013.26934814453 1018.66156005859 1013.91271972656 1021.30474853516 1024.03186035156 1032.52551269531 1024.43127441406 1023.04083251953 1036.26599121094 1043.47570800781 1038.26330566406 1031.38793945312 1039.10583496094 1036.64074707031 1040.68469238281 1042.05627441406 1026.92749023438 1024.56567382812 1015.42346191406 1013.85144042969 1022.79815673828 1018.24383544922 1012.61853027344 1013.44049072266 1010.74700927734 1018.03289794922 1028.62329101562 1021.84228515625
983.005310058594 985.090087890625 989.822570800781 992.769165039062 990.439208984375 993.032043457031 998.968688964844 998.186401367188 1013.65228271484 1021.00341796875 1018.61907958984 1013.16833496094 1003.578125 1004.51745605469 1008.40161132812 1004.68579101562 1005.98565673828 1016.27661132812 1020.16888427734 1014.59997558594 1015.06390380859 1016.80877685547 1021.82263183594 1028.55053710938 1024.28051757812 1032.48608398438 1041.80578613281 1046.14794921875 1052.09350585938 1036.6279296875 1040.49096679688 1040.63952636719 1042.67297363281 1039.07397460938 1032.79162597656 1025.16564941406 1017.3388671875 1019.03729248047 1013.85986328125 1009.43347167969 1023.47912597656 1014.28240966797 1020.66033935547 1021.72564697266 1021.28594970703 1017.00494384766
983.908020019531 988.486389160156 986.636474609375 992.914489746094 995.542175292969 988.967346191406 994.81201171875 1001.45367431641 1012.88562011719 1015.34252929688 1021.08087158203 1013.16015625 1005.23425292969 1007.11590576172 1007.15930175781 1016.97155761719 1013.40319824219 1005.86090087891 1020.03466796875 1022.74084472656 1021.53985595703 1033.05383300781 1031.29333496094 1036.46374511719 1031.25854492188 1032.84313964844 1039.02978515625 1043.91271972656 1052.53662109375 1046.36328125 1038.44714355469 1044.69567871094 1034.19006347656 1034.47521972656 1029.48034667969 1018.26934814453 1013.4365234375 1011.21997070312 1009.08856201172 1008.00219726562 1020.85858154297 1014.88732910156 1021.92114257812 1023.77606201172 1018.03411865234 1015.52258300781
976.108337402344 984.082702636719 991.051818847656 1000.31579589844 994.824462890625 999.763061523438 996.560729980469 1009.55749511719 1023.26928710938 1019.546875 1014.51403808594 1020.791015625 1013.24505615234 1018.01940917969 1015.57098388672 1018.27233886719 1016.44256591797 1010.21057128906 1011.94732666016 1012.40795898438 1021.73699951172 1025.0087890625 1033.46276855469 1028.82397460938 1031.11645507812 1044.35375976562 1038.34399414062 1036.1064453125 1042.443359375 1041.11645507812 1037.83581542969 1046.50231933594 1031.93469238281 1030.62463378906 1025.98193359375 1014.34790039062 1012.89971923828 1006.18585205078 1005.662109375 1015.87280273438 1016.56091308594 1014.79162597656 1025.11657714844 1030.21667480469 1019.79760742188 1014.09783935547
978.474792480469 980.057983398438 990.969299316406 998.3427734375 1002.36895751953 999.873718261719 1004.74841308594 1005.6240234375 1020.01599121094 1023.64105224609 1013.30700683594 1017.13006591797 1032.22546386719 1021.51995849609 1016.45544433594 1017.07794189453 1018.64306640625 1016.97985839844 1015.99194335938 1019.72058105469 1017.79187011719 1021.18426513672 1033.26647949219 1032.07104492188 1042.76647949219 1039.41284179688 1037.23413085938 1027.7412109375 1026.90270996094 1030.33850097656 1036.62438964844 1035.59814453125 1027.78503417969 1030.07531738281 1014.87280273438 1013.89184570312 1009.41815185547 1012.44793701172 1012.83489990234 1018.26281738281 1015.80584716797 1015.61987304688 1019.91015625 1029.91381835938 1025.08837890625 1025.68884277344
981.322814941406 980.846618652344 987.5986328125 994.59912109375 1000.1767578125 1003.87683105469 1005.13848876953 1015.48358154297 1017.45941162109 1028.8115234375 1014.84875488281 1019.60498046875 1016.57275390625 1019.16357421875 1022.18121337891 1017.43731689453 1018.17620849609 1028.07666015625 1023.01257324219 1017.173828125 1025.47119140625 1034.78430175781 1031.3583984375 1030.44738769531 1038.9375 1030.00610351562 1029.24291992188 1027.85668945312 1018.62506103516 1020.47320556641 1031.95251464844 1036.22924804688 1027.40258789062 1018.24194335938 1012.99700927734 1006.12493896484 1008.92059326172 1009.72302246094 1013.08795166016 1018.02410888672 1007.5556640625 1018.58654785156 1016.06475830078 1018.265625 1032.203125 1024.60778808594
985.078125 980.824035644531 985.063049316406 989.957580566406 1001.88940429688 998.578247070312 1009.31872558594 1010.52905273438 1014.05804443359 1019.30975341797 1007.59423828125 1014.23333740234 1016.01617431641 1008.18499755859 1014.11804199219 1019.79742431641 1016.92864990234 1023.931640625 1027.56164550781 1022.73571777344 1031.09851074219 1027.81848144531 1028.33911132812 1029.74731445312 1029.23413085938 1029.68188476562 1026.95629882812 1018.36358642578 1019.30743408203 1024.19909667969 1029.77526855469 1030.22448730469 1020.88464355469 1020.50750732422 1011.02270507812 1010.70458984375 1007.06628417969 1002.93878173828 1007.52868652344 1016.21734619141 1011.31811523438 1015.20288085938 1013.21569824219 1016.171875 1012.99133300781 1007.79724121094
990.689086914062 983.927124023438 986.206237792969 993.677978515625 998.360717773438 1003.56225585938 1000.97064208984 1008.35614013672 1007.69848632812 1007.00628662109 1015.32397460938 1016.90643310547 1018.16259765625 1014.28094482422 1014.0029296875 1022.67498779297 1020.11145019531 1030.19287109375 1031.84387207031 1024.8525390625 1030.63366699219 1028.90930175781 1026.39831542969 1030.22265625 1027.77185058594 1026.45166015625 1021.46551513672 1018.38360595703 1018.46136474609 1019.00689697266 1011.93896484375 1018.15765380859 1017.71856689453 1022.15142822266 1016.0830078125 1017.21398925781 1009.23718261719 1003.0205078125 1005.23364257812 1005.95141601562 1003.82745361328 1005.43542480469 1009.63061523438 1017.70703125 1017.50012207031 1006.58618164062
983.319580078125 982.77587890625 988.162963867188 998.437377929688 998.380126953125 1000.62060546875 1000.35980224609 994.938171386719 1006.04138183594 1004.15173339844 1004.29486083984 1007.76348876953 1007.61956787109 1007.60217285156 1014.77331542969 1020.66839599609 1023.97546386719 1019.4609375 1026.64538574219 1039.1005859375 1035.57238769531 1037.8544921875 1037.01904296875 1034.2958984375 1035.26000976562 1020.77984619141 1020.94445800781 1024.79907226562 1027.06103515625 1019.6123046875 1014.60125732422 1011.29412841797 1019.97100830078 1016.01232910156 1016.64654541016 1006.52349853516 1001.59155273438 1005.36584472656 1003.87805175781 1009.06109619141 999.591491699219 1003.32733154297 1004.06823730469 1012.19720458984 1009.49456787109 1003.13330078125
983.29052734375 980.674438476562 993.886047363281 994.43505859375 993.022277832031 995.402160644531 997.936706542969 1002.46520996094 1003.67950439453 1008.76440429688 1005.18218994141 1017.11145019531 1009.24780273438 1008.70245361328 1010.82263183594 1018.47222900391 1027.77746582031 1020.21929931641 1027.32958984375 1034.26635742188 1035.59643554688 1048.60705566406 1040.78234863281 1039.75866699219 1035.70288085938 1030.798828125 1034.14697265625 1035.30883789062 1032.59948730469 1022.42724609375 1018.00128173828 1018.96838378906 1018.10089111328 1010.23541259766 1015.49481201172 1001.58966064453 1006.56860351562 1006.29766845703 1006.4345703125 1009.32208251953 998.455322265625 998.88232421875 1009.23315429688 1015.78796386719 1008.26092529297 1006.75787353516
995.970031738281 986.052795410156 989.468505859375 999.475280761719 998.089599609375 995.127807617188 1004.63793945312 1011.69232177734 1011.123046875 1011.90515136719 1013.35333251953 1014.99438476562 1006.58123779297 1007.80279541016 1006.61962890625 1012.63824462891 1015.66815185547 1023.93536376953 1029.81359863281 1033.47827148438 1039.04565429688 1036.32556152344 1037.96740722656 1029.4150390625 1034.67004394531 1029.4794921875 1036.35974121094 1036.80993652344 1027.6767578125 1026.55053710938 1014.96887207031 1021.42102050781 1017.00445556641 1010.47882080078 1008.42321777344 1004.52575683594 1003.48083496094 1005.40679931641 999.122619628906 999.001403808594 1003.82208251953 1009.22894287109 1008.46551513672 1008.63372802734 1007.70532226562 999.834106445312
987.499938964844 984.337951660156 985.9580078125 989.293823242188 998.3271484375 994.806396484375 1008.79705810547 1012.50604248047 1005.93701171875 1007.14270019531 1007.87182617188 1006.23132324219 1000.54669189453 1010.85607910156 1009.83123779297 1007.48834228516 1017.47967529297 1030.12939453125 1036.4072265625 1029.85729980469 1037.23620605469 1039.20092773438 1038.00915527344 1039.39819335938 1031.08020019531 1035.49182128906 1041.09362792969 1029.23303222656 1031.94580078125 1025.78784179688 1027.53259277344 1015.32354736328 1007.65673828125 1003.14398193359 1007.1494140625 1005.27777099609 1001.52471923828 997.707885742188 1001.23333740234 1008.37255859375 1009.66174316406 1001.02734375 1004.90490722656 996.239196777344 1001.56146240234 995.955200195312
