data/zlatibor_dem_simulations/DEMsim5.asc
NCOLS 150
NROWS 100
XLLCORNER 7394249
YLLCORNER 4841999
CELLSIZE 30
NODATA_VALUE -9999
[rows 60 to 79 of 100, columns 46 to 91 of 150]
947.59228515625 948.80078125 955.894470214844 967.076538085938 958.28662109375 953.679565429688 956.064086914062 954.630493164062 960.417419433594 958.404968261719 966.064514160156 971.456298828125 964.686706542969 966.154724121094 960.563415527344 957.5849609375 962.977294921875 970.454833984375 971.5029296875 965.817993164062 963.038635253906 968.213439941406 964.72314453125 959.450317382812 970.4169921875 962.191345214844 966.098449707031 961.707763671875 956.469482421875 957.400268554688 961.525634765625 961.662414550781 966.26953125 966.460998535156 956.492736816406 957.240539550781 958.713500976562 958.478210449219 965.25732421875 971.149353027344 964.787841796875 976.586547851562 980.373291015625 974.142333984375 973.061157226562 972.792724609375
952.733276367188 954.252014160156 963.359619140625 962.592407226562 950.942749023438 952.262512207031 953.160522460938 960.881713867188 959.956970214844 960.214111328125 968.393188476562 972.89599609375 971.641235351562 963.049438476562 961.6455078125 958.749694824219 968.055541992188 970.798461914062 968.672790527344 968.510986328125 956.711975097656 964.85595703125 968.209777832031 959.74560546875 965.332336425781 970.623229980469 969.099914550781 965.128540039062 968.989562988281 966.021911621094 966.574340820312 955.507934570312 962.448059082031 966.068359375 957.4638671875 951.909973144531 958.729248046875 960.179748535156 971.74609375 971.392272949219 975.205017089844 974.445617675781 975.490783691406 972.663146972656 969.627685546875 969.477722167969
954.333923339844 953.88232421875 958.612060546875 960.010681152344 951.276245117188 941.168762207031 944.868286132812 949.768249511719 963.059204101562 965.707946777344 961.526062011719 966.9375 967.113159179688 967.583374023438 967.103271484375 971.915832519531 964.872924804688 964.769592285156 964.216552734375 968.565551757812 970.187927246094 971.527465820312 968.937377929688 968.073974609375 972.399536132812 971.55029296875 974.044982910156 965.218078613281 971.65185546875 966.510681152344 973.37158203125 966.146789550781 965.909301757812 970.01318359375 964.869384765625 964.337951660156 970.58056640625 968.057800292969 970.447814941406 979.269409179688 981.728149414062 977.382873535156 971.427551269531 969.810180664062 966.954711914062 965.758178710938
953.859130859375 957.560607910156 960.6181640625 960.433349609375 949.401733398438 940.822021484375 936.135375976562 947.023559570312 954.669616699219 959.013916015625 963.45751953125 977.406860351562 975.526428222656 968.599060058594 972.035034179688 971.242553710938 962.116394042969 963.397766113281 960.152893066406 960.642822265625 968.509216308594 973.030090332031 974.832275390625 969.848999023438 969.400634765625 980.288513183594 971.174255371094 967.07421875 969.051147460938 973.540710449219 972.321838378906 974.958190917969 971.364624023438 970.370239257812 961.883850097656 966.833984375 968.326599121094 971.634399414062 970.704650878906 971.912719726562 976.89501953125 982.537048339844 980.356262207031 975.3212890625 976.630615234375 966.517272949219
963.636047363281 958.869750976562 975.0146484375 962.705078125 951.396423339844 940.238464355469 946.263000488281 960.091979980469 958.29150390625 964.108703613281 969.168334960938 976.53271484375 970.649597167969 973.999755859375 980.326171875 972.764465332031 969.273803710938 966.203674316406 959.402587890625 964.040771484375 965.852294921875 971.526611328125 977.271789550781 976.425537109375 970.443786621094 971.177062988281 973.106506347656 963.817260742188 976.567626953125 983.648376464844 979.227600097656 976.395568847656 968.583557128906 968.975158691406 966.291015625 968.869201660156 977.14794921875 974.907348632812 981.159790039062 977.411071777344 988.431884765625 985.818664550781 974.679626464844 964.126647949219 960.872802734375 967.789611816406
966.239929199219 971.095703125 967.034118652344 955.411254882812 951.647827148438 954.488037109375 960.564331054688 962.776428222656 972.004760742188 977.173950195312 970.301208496094 976.009826660156 975.795104980469 975.137634277344 968.680114746094 973.577758789062 980.46826171875 968.189697265625 964.183898925781 965.9599609375 969.129638671875 975.190856933594 980.015625 973.548156738281 979.993835449219 971.508483886719 967.924682617188 975.915771484375 971.139587402344 970.696838378906 978.118103027344 978.743347167969 980.615539550781 977.810119628906 973.293212890625 971.886413574219 978.527038574219 975.86181640625 974.156982421875 975.782958984375 983.521606445312 985.476806640625 975.5771484375 963.73779296875 963.719848632812 969.419372558594
962.247619628906 972.331604003906 971.752380371094 967.158386230469 967.523986816406 964.485778808594 966.579895019531 965.602661132812 976.89404296875 970.147094726562 968.869934082031 975.436462402344 970.67919921875 975.923095703125 967.089782714844 973.681457519531 978.032897949219 976.291870117188 964.430297851562 967.225952148438 970.939025878906 981.58837890625 977.548278808594 977.082763671875 983.363708496094 971.625732421875 964.625732421875 969.406555175781 958.904663085938 972.490783691406 971.433044433594 973.759460449219 979.565063476562 987.160827636719 971.979125976562 973.553894042969 977.346801757812 977.3515625 980.277526855469 983.559814453125 987.847351074219 972.93896484375 971.128784179688 967.635498046875 976.018859863281 971.976257324219
968.082214355469 972.507995605469 973.398559570312 979.835754394531 967.521118164062 966.123352050781 968.276000976562 973.308776855469 974.675598144531 973.6240234375 978.096130371094 974.860168457031 969.110656738281 960.5419921875 968.248168945312 967.801452636719 963.793334960938 969.704711914062 969.718627929688 972.125366210938 967.65576171875 971.887573242188 972.320434570312 973.107727050781 978.444946289062 971.310241699219 977.670837402344 976.637817382812 971.129455566406 977.754516601562 979.128295898438 984.108825683594 986.076721191406 979.939514160156 973.202941894531 977.307250976562 976.1787109375 974.707458496094 982.4208984375 990.586242675781 989.959838867188 983.513732910156 976.379943847656 972.222106933594 977.596130371094 973.346557617188
980.489074707031 977.747985839844 978.34912109375 983.380432128906 986.036193847656 970.550354003906 975.549499511719 978.163330078125 975.989135742188 978.948608398438 981.262634277344 971.584106445312 958.78759765625 960.76123046875 972.162536621094 960.865661621094 967.74365234375 978.81982421875 981.500244140625 974.434448242188 966.923950195312 968.724609375 980.169128417969 975.462158203125 975.388854980469 978.74462890625 976.828308105469 983.76123046875 976.559509277344 978.585144042969 977.899658203125 980.417724609375 983.877136230469 977.401672363281 977.589538574219 983.087585449219 972.670104980469 973.867614746094 975.922119140625 986.330017089844 982.278991699219 988.622009277344 977.168151855469 982.932495117188 979.343322753906 973.608703613281
975.938903808594 977.242431640625 984.674743652344 982.318176269531 982.923950195312 979.644653320312 976.737731933594 977.061889648438 973.917785644531 980.701904296875 977.364807128906 966.617370605469 958.822021484375 971.814208984375 974.423034667969 980.152221679688 971.398132324219 975.314086914062 975.079162597656 973.568725585938 974.384704589844 979.944885253906 978.455688476562 962.365661621094 978.166625976562 980.635131835938 983.834228515625 981.397521972656 980.927978515625 976.572570800781 980.614807128906 985.255432128906 984.490844726562 979.773498535156 984.485107421875 980.669189453125 975.842102050781 977.711547851562 980.2998046875 984.622131347656 979.258911132812 981.460205078125 982.654113769531 989.209716796875 984.79541015625 975.126708984375
984.976684570312 988.891174316406 983.769226074219 981.466369628906 982.489807128906 989.243408203125 990.869750976562 985.230895996094 978.071899414062 984.1103515625 982.815795898438 980.279724121094 971.782287597656 964.815734863281 975.889831542969 973.884216308594 973.51904296875 971.482482910156 971.134033203125 985.363952636719 987.873779296875 987.32666015625 979.606018066406 967.38525390625 973.934265136719 980.234802246094 985.272155761719 980.652770996094 986.201965332031 988.239929199219 985.973327636719 985.282592773438 975.292602539062 983.501708984375 986.554443359375 981.715637207031 984.33154296875 988.29638671875 984.612487792969 984.919067382812 990.948608398438 977.86572265625 979.792175292969 978.226806640625 981.666381835938 978.069458007812
991.452941894531 989.364868164062 995.02880859375 998.927734375 990.86083984375 990.172729492188 986.5693359375 988.035095214844 982.820861816406 986.291198730469 984.89013671875 977.538024902344 981.416687011719 964.3779296875 969.918273925781 980.673095703125 981.404479980469 975.496459960938 972.46240234375 983.380310058594 989.623413085938 983.724792480469 983.009765625 974.404296875 974.596008300781 970.328063964844 978.424743652344 982.589294433594 985.584716796875 987.546752929688 996.427368164062 988.323486328125 977.234558105469 977.268005371094 975.990600585938 984.136291503906 982.579650878906 988.326477050781 985.829284667969 987.8701171875 981.272644042969 992.093078613281 977.814514160156 979.012451171875 982.7080078125 982.176574707031
992.309020996094 993.662841796875 986.725402832031 996.988647460938 996.328369140625 991.493896484375 993.140686035156 982.760314941406 982.663757324219 982.429016113281 974.455078125 976.201049804688 974.535766601562 978.706298828125 976.423950195312 981.146484375 971.770690917969 972.9638671875 971.299560546875 977.664855957031 986.008361816406 982.786193847656 984.210815429688 984.554992675781 984.710083007812 975.379272460938 990.48583984375 992.927612304688 988.585632324219 991.606506347656 994.702270507812 988.198364257812 983.304748535156 977.290649414062 980.619384765625 987.540222167969 985.288513183594 994.280151367188 991.867858886719 997.224670410156 989.072082519531 988.904357910156 974.052917480469 976.221008300781 979.302917480469 981.477783203125
1001.17340087891 997.078308105469 994.516418457031 996.710266113281 1001.52575683594 1001.41290283203 1005.40472412109 994.764343261719 985.067260742188 984.748962402344 973.204956054688 982.020202636719 974.778381347656 973.187072753906 976.938903808594 971.89990234375 976.007934570312 978.213989257812 971.24609375 980.122619628906 979.774963378906 984.104614257812 983.311096191406 991.917724609375 987.965942382812 988.659545898438 993.517517089844 991.9697265625 990.1220703125 1000.18975830078 994.628295898438 1000.65936279297 989.512329101562 984.877624511719 981.807678222656 985.783020019531 989.181823730469 996.871520996094 1004.05126953125 999.855773925781 985.064086914062 979.2255859375 974.002868652344 982.5859375 982.643920898438 993.000427246094
1004.09497070312 1006.95416259766 1000.96154785156 999.904724121094 1004.62249755859 1005.27301025391 1004.78558349609 991.402770996094 986.502746582031 978.850769042969 976.671142578125 985.223815917969 979.784606933594 974.434753417969 979.893981933594 969.350158691406 973.367431640625 971.634521484375 973.469787597656 976.94091796875 977.518127441406 974.706604003906 985.687133789062 990.632019042969 988.198303222656 986.322143554688 991.941955566406 993.959899902344 996.886596679688 1001.76159667969 999.888305664062 999.810607910156 988.995239257812 985.914611816406 993.44921875 993.355102539062 992.820007324219 996.460083007812 1001.09564208984 1002.78491210938 991.607727050781 982.381958007812 977.80908203125 981.405090332031 993.16943359375 990.746887207031
1008.52294921875 1015.1162109375 1006.75415039062 1001.65850830078 1000.98785400391 1001.75018310547 995.617126464844 986.066772460938 979.374938964844 980.300598144531 967.166748046875 986.765441894531 986.681701660156 971.660827636719 970.723815917969 971.930725097656 976.662475585938 978.587646484375 972.747375488281 976.422729492188 974.268615722656 976.4833984375 972.994750976562 989.656982421875 994.743347167969 998.399291992188 992.850158691406 996.5244140625 995.819702148438 997.336486816406 997.821044921875 1001.10736083984 995.898620605469 988.507141113281 997.018798828125 1001.81945800781 999.341918945312 996.919006347656 1011.30316162109 1003.44970703125 996.84912109375 990.968078613281 988.713256835938 991.845581054688 995.994995117188 994.840087890625
1015.59637451172 1020.12969970703 1016.1494140625 1006.74926757812 999.03662109375 990.426818847656 992.455322265625 993.880187988281 982.31982421875 970.215698242188 977.894104003906 979.499755859375 978.045776367188 969.107849121094 975.984558105469 978.909790039062 986.700622558594 978.7421875 970.198974609375 969.404052734375 972.893859863281 972.720092773438 980.290344238281 993.479370117188 1003.6767578125 998.185668945312 990.557739257812 990.086242675781 990.592224121094 992.420959472656 1001.05993652344 999.432556152344 995.28955078125 989.799499511719 994.601501464844 997.444396972656 1003.9228515625 1003.94110107422 1007.66705322266 997.857421875 995.153076171875 993.200439453125 989.984924316406 992.989501953125 999.670776367188 988.308959960938
1014.8740234375 1018.91339111328 1012.55120849609 1009.97149658203 995.915466308594 997.571411132812 994.026733398438 993.702392578125 981.223754882812 980.955078125 978.432861328125 977.898010253906 977.154846191406 980.830871582031 979.63427734375 984.391723632812 975.190734863281 971.821533203125 968.539916992188 972.194091796875 975.729797363281 986.513549804688 982.197204589844 992.911560058594 1004.73205566406 1001.048828125 990.772583007812 987.800720214844 987.874694824219 991.130065917969 989.32080078125 995.669494628906 991.595397949219 999.380981445312 993.947021484375 1002.55297851562 1008.61920166016 1013.89483642578 1016.66198730469 1009.76177978516 1007.64947509766 996.899169921875 993.406555175781 995.541931152344 994.39794921875 992.396667480469
1016.99383544922 1012.25610351562 1012.10247802734 1007.65490722656 1003.96643066406 1001.27160644531 1007.09350585938 991.853149414062 987.035705566406 990.010437011719 984.706787109375 982.532592773438 977.807373046875 978.602478027344 982.956787109375 982.218078613281 978.486389160156 972.484558105469 960.099731445312 976.757019042969 977.194274902344 985.951293945312 981.388549804688 980.982849121094 998.414916992188 994.4814453125 985.258911132812 985.801879882812 988.123291015625 992.351196289062 999.262023925781 1003.22326660156 1004.0478515625 1002.05187988281 1004.39935302734 999.889343261719 1008.50537109375 1016.41821289062 1009.52783203125 1015.32977294922 1011.36944580078 1005.59527587891 994.012084960938 988.412658691406 982.016235351562 988.6201171875
1013.96820068359 996.176208496094 1002.21746826172 1003.55346679688 997.746704101562 1000.32470703125 1001.15490722656 995.741333007812 994.900634765625 990.952575683594 983.221923828125 977.979614257812 979.970153808594 980.6103515625 981.217712402344 983.531860351562 978.167907714844 972.506469726562 972.807800292969 974.667846679688 979.81103515625 985.659973144531 977.857604980469 984.609130859375 995.411987304688 994.272094726562 988.197021484375 985.615112304688 988.430419921875 989.1142578125 989.072326660156 1004.01800537109 1008.03662109375 1008.64782714844 1000.47619628906 1008.09313964844 1008.09973144531 1006.69842529297 1007.08416748047 1012.83148193359 998.215759277344 998.48046875 993.134399414062 994.153198242188 990.930114746094 986.272399902344
