data/zlatibor_dem_simulations/DEMsim25.asc
NCOLS 150
NROWS 100
XLLCORNER 7394249
YLLCORNER 4841999
CELLSIZE 30
NODATA_VALUE -9999
[rows 60 to 79 of 100, columns 0 to 45 of 150]
954.924072265625 961.614196777344 963.856994628906 961.489013671875 965.148498535156 968.967590332031 972.705322265625 965.761657714844 962.174743652344 955.262634277344 954.814086914062 959.478698730469 957.7451171875 961.136962890625 957.10107421875 959.203369140625 956.026123046875 950.392700195312 957.968078613281 966.529296875 961.798522949219 956.342956542969 953.901672363281 956.5693359375 958.441589355469 950.126892089844 950.018188476562 950.573547363281 949.548889160156 943.241088867188 946.927795410156 950.307556152344 953.203430175781 950.570251464844 946.690612792969 951.375305175781 953.064697265625 954.921875 954.213623046875 951.407958984375 953.350524902344 959.478332519531 960.276184082031 953.707336425781 944.482238769531 952.327575683594
961.919311523438 961.211059570312 968.9599609375 971.858642578125 968.572570800781 974.417053222656 971.237731933594 969.083740234375 965.484680175781 958.33349609375 965.5830078125 957.000854492188 953.670715332031 959.186462402344 957.825378417969 962.256042480469 949.385314941406 943.613952636719 949.316772460938 958.352111816406 953.393127441406 950.041259765625 951.298461914062 950.887023925781 946.539245605469 949.135437011719 943.915405273438 943.081237792969 947.916931152344 945.934875488281 952.983581542969 951.797546386719 954.286926269531 952.82666015625 949.765075683594 954.292175292969 949.527770996094 952.760498046875 954.307983398438 952.950439453125 952.311584472656 953.796813964844 954.384704589844 954.927124023438 952.317749023438 951.4775390625
962.379699707031 962.28564453125 969.420593261719 969.63916015625 964.204711914062 970.899047851562 959.679931640625 956.953063964844 963.693664550781 965.975036621094 972.627807617188 961.678405761719 962.431579589844 964.364440917969 948.669067382812 954.112426757812 941.684936523438 944.2548828125 950.209289550781 957.52734375 951.134826660156 953.431823730469 948.130493164062 947.211364746094 947.377319335938 948.556823730469 949.084045410156 955.045043945312 938.28662109375 940.596862792969 936.45751953125 950.356262207031 951.719482421875 951.818542480469 946.917236328125 957.944641113281 950.164672851562 958.257751464844 956.245361328125 957.844116210938 956.995544433594 945.772155761719 951.87890625 942.118713378906 952.176452636719 952.374694824219
957.095031738281 954.99072265625 958.615966796875 962.22998046875 961.773132324219 963.323852539062 956.178527832031 954.020446777344 961.179626464844 965.523986816406 964.801086425781 961.898254394531 956.049560546875 956.747985839844 955.25244140625 953.06103515625 950.643798828125 943.790161132812 941.941345214844 939.873901367188 939.399841308594 939.035400390625 937.378234863281 943.986022949219 947.1552734375 955.95361328125 950.057861328125 957.393005371094 941.443176269531 938.495666503906 935.188232421875 937.849975585938 945.351135253906 951.343139648438 946.306762695312 951.352172851562 954.715515136719 968.166198730469 969.320007324219 960.506896972656 951.367492675781 953.498474121094 949.420166015625 947.3115234375 955.243286132812 947.520629882812
957.085998535156 955.066040039062 959.363952636719 956.054565429688 964.397521972656 956.747924804688 958.5771484375 952.367797851562 961.189147949219 960.716125488281 967.27294921875 965.189208984375 957.203308105469 949.397399902344 946.095581054688 945.415588378906 948.026245117188 946.261108398438 940.741882324219 941.072937011719 946.049255371094 941.0732421875 933.841918945312 936.558410644531 940.282592773438 944.904235839844 952.846496582031 947.339050292969 943.770751953125 935.745544433594 930.827514648438 943.711059570312 942.812194824219 949.872863769531 953.903015136719 953.2919921875 951.554382324219 950.349060058594 957.759216308594 959.201293945312 955.652282714844 965.905456542969 961.959594726562 952.598022460938 954.040344238281 947.133239746094
951.705261230469 950.078735351562 957.630554199219 951.489624023438 957.057556152344 951.801513671875 956.494689941406 960.094543457031 955.760620117188 948.022888183594 959.275390625 956.496704101562 950.128356933594 944.086303710938 945.195129394531 942.98828125 944.662231445312 943.627563476562 941.778198242188 945.262756347656 945.46875 948.899963378906 940.175537109375 943.040771484375 938.268859863281 943.967041015625 944.852294921875 945.526977539062 938.394775390625 937.533569335938 941.788879394531 944.011291503906 951.125671386719 955.093811035156 944.170349121094 949.219177246094 948.604614257812 946.632507324219 948.716003417969 948.806335449219 954.787170410156 964.993286132812 962.999816894531 968.285400390625 962.569946289062 958.984436035156
954.209228515625 952.726196289062 956.665161132812 952.885864257812 959.283264160156 956.60205078125 950.152648925781 947.251403808594 953.81494140625 949.149963378906 949.249389648438 947.320434570312 949.008117675781 941.244262695312 937.450317382812 945.014526367188 948.904052734375 935.920043945312 933.716552734375 936.867370605469 941.311706542969 947.679931640625 937.9228515625 942.864929199219 945.741760253906 945.782531738281 953.239624023438 952.361877441406 940.492858886719 938.704040527344 943.417297363281 939.966430664062 945.238525390625 956.250549316406 947.800598144531 948.972961425781 953.159423828125 946.329956054688 954.921081542969 958.904174804688 957.850524902344 954.375061035156 956.195373535156 956.518432617188 963.789001464844 965.892272949219
953.567443847656 959.242004394531 957.91943359375 953.889770507812 949.978210449219 952.991271972656 945.685180664062 948.171691894531 941.19677734375 946.402160644531 944.352966308594 942.093505859375 944.843322753906 937.387878417969 926.276672363281 937.184692382812 947.071105957031 942.97314453125 943.508117675781 947.640930175781 948.078125 948.324157714844 947.248291015625 946.650451660156 947.338317871094 948.179565429688 965.319580078125 951.471740722656 955.72314453125 948.083862304688 947.080749511719 946.279479980469 953.969604492188 957.442932128906 955.186889648438 959.611267089844 951.74072265625 944.741516113281 954.323852539062 953.642761230469 954.341125488281 962.924438476562 959.708557128906 960.483642578125 962.476013183594 956.328186035156
963.143005371094 964.60400390625 951.01416015625 949.64013671875 945.752075195312 946.636901855469 945.421691894531 942.34375 939.553771972656 946.270935058594 949.062866210938 952.05615234375 938.138916015625 933.684326171875 935.340454101562 936.624084472656 952.398681640625 960.860412597656 952.8564453125 952.080383300781 954.313049316406 956.054443359375 952.807434082031 944.609497070312 951.587524414062 952.780395507812 962.107421875 969.865051269531 959.573669433594 958.662780761719 956.903686523438 955.352600097656 954.86572265625 960.512634277344 959.743896484375 958.250122070312 951.230102539062 956.035705566406 955.261840820312 955.240783691406 955.604248046875 953.5478515625 963.9638671875 963.236145019531 973.474853515625 971.977172851562
957.976501464844 960.398864746094 947.794006347656 946.405090332031 936.060668945312 938.454284667969 943.777709960938 946.831359863281 948.10986328125 947.984497070312 950.577270507812 943.119689941406 943.166198730469 942.697387695312 945.218872070312 942.701965332031 950.55810546875 964.007690429688 962.785888671875 964.283996582031 963.685546875 950.897583007812 955.359191894531 954.636901855469 959.306396484375 962.013793945312 956.980224609375 964.97216796875 963.516784667969 964.341064453125 962.112121582031 958.222839355469 960.422241210938 949.626708984375 956.195373535156 954.648986816406 955.1337890625 954.134948730469 958.742004394531 964.481323242188 966.219055175781 968.99560546875 971.306945800781 971.562683105469 986.080810546875 983.001647949219
951.411926269531 953.923645019531 957.75 954.862487792969 945.192504882812 930.262756347656 938.011779785156 943.064208984375 940.679382324219 954.47412109375 948.251281738281 952.934997558594 952.234802246094 955.145812988281 958.167358398438 961.628723144531 956.864929199219 961.111083984375 963.589172363281 965.367736816406 962.25830078125 963.452087402344 956.155700683594 957.219360351562 953.434326171875 964.324829101562 966.181030273438 960.769470214844 967.268432617188 971.31005859375 961.953247070312 972.816833496094 973.702026367188 955.541076660156 957.847717285156 959.508239746094 960.300598144531 956.299194335938 962.599304199219 970.503112792969 971.121154785156 970.785400390625 978.410034179688 994.151428222656 998.154907226562 998.080749511719
951.7724609375 947.9833984375 950.390075683594 950.284240722656 939.555419921875 931.706481933594 932.076904296875 940.422607421875 950.452880859375 953.538208007812 956.940063476562 952.150756835938 955.849975585938 963.518127441406 960.4169921875 964.799621582031 960.276489257812 971.0166015625 966.485229492188 965.262573242188 969.432006835938 970.416870117188 966.434265136719 969.614318847656 969.058166503906 977.147644042969 971.160888671875 967.210266113281 968.531494140625 966.942932128906 968.703674316406 961.456359863281 958.975280761719 957.696472167969 955.120910644531 956.63623046875 964.919616699219 972.623229980469 972.949462890625 972.875854492188 980.525939941406 980.834594726562 992.582336425781 1002.75177001953 1000.45935058594 997.296813964844
946.153869628906 940.859130859375 938.426025390625 935.293151855469 932.569091796875 933.063232421875 928.213684082031 944.65966796875 946.909912109375 962.341064453125 960.827697753906 963.776489257812 969.63330078125 970.064636230469 969.334716796875 958.803771972656 963.130615234375 958.867736816406 967.078552246094 973.092529296875 975.015625 973.292419433594 977.358642578125 971.859619140625 980.471557617188 974.910461425781 973.597473144531 971.859313964844 970.309265136719 978.582092285156 974.35986328125 971.052124023438 965.872436523438 958.750793457031 957.896423339844 961.780578613281 970.890380859375 978.321411132812 976.42724609375 976.521545410156 981.798522949219 991.329284667969 1001.20050048828 1005.65472412109 1002.26635742188 990.521667480469
941.442260742188 938.294555664062 941.455627441406 931.486511230469 929.159057617188 931.184143066406 934.326171875 941.890930175781 948.006591796875 952.394287109375 956.087524414062 968.464111328125 967.439880371094 970.0927734375 970.719482421875 963.42333984375 965.357360839844 968.877380371094 978.917541503906 975.106323242188 982.045959472656 980.392028808594 979.877502441406 982.25830078125 982.613830566406 989.506408691406 982.300170898438 983.495239257812 973.877624511719 974.060729980469 972.443359375 967.343017578125 969.644836425781 963.591674804688 976.630310058594 979.9794921875 986.406372070312 988.427551269531 983.483276367188 979.866516113281 988.112548828125 1002.05615234375 1004.19281005859 1003.59674072266 1003.94799804688 998.194763183594
942.259826660156 932.03857421875 933.334167480469 937.180725097656 939.369812011719 937.782653808594 933.878112792969 936.756103515625 941.228881835938 947.918518066406 951.007202148438 968.500427246094 978.429870605469 983.39501953125 977.952087402344 970.098388671875 974.482421875 976.932861328125 976.737121582031 974.785583496094 978.376953125 987.249633789062 980.409240722656 977.7919921875 988.961486816406 982.818054199219 992.329223632812 985.976013183594 976.781616210938 970.466796875 971.619018554688 964.6708984375 970.3720703125 979.5869140625 980.380432128906 992.667175292969 1012.04290771484 1001.60729980469 996.216491699219 1001.84185791016 1001.0390625 1004.423828125 1004.24890136719 1008.62927246094 1013.64575195312 996.786071777344
942.505798339844 938.361999511719 934.097473144531 940.748657226562 935.418395996094 931.621826171875 930.700805664062 930.74755859375 947.515014648438 951.723999023438 958.015075683594 969.181579589844 970.671508789062 969.340515136719 979.082702636719 977.356140136719 976.657165527344 972.244934082031 981.61962890625 976.75244140625 984.145446777344 980.369323730469 984.256408691406 987.819519042969 982.465454101562 981.271057128906 988.008850097656 982.699340820312 973.559448242188 961.937255859375 966.980529785156 966.795593261719 974.7314453125 978.740173339844 987.704650878906 997.235595703125 1006.20043945312 998.6533203125 1003.22747802734 1004.25384521484 1004.89642333984 1011.92889404297 1008.97485351562 1007.91955566406 1010.62872314453 1009.68884277344
951.256164550781 941.431640625 928.802307128906 932.464050292969 942.012573242188 937.457214355469 938.627563476562 943.711975097656 943.614074707031 944.650451660156 953.637329101562 961.193725585938 973.932739257812 972.185241699219 981.789001464844 982.891662597656 971.836853027344 971.425537109375 969.161437988281 975.698974609375 983.623474121094 990.373901367188 992.033630371094 987.687133789062 986.70751953125 983.868713378906 992.681945800781 981.192321777344 975.978210449219 967.684020996094 971.041809082031 978.740173339844 977.249694824219 979.781433105469 983.295593261719 998.332336425781 997.998657226562 994.435913085938 995.783264160156 1003.30828857422 1008.42791748047 1006.68920898438 1007.85522460938 1006.34252929688 1006.44744873047 1014.08221435547
943.1220703125 942.997741699219 940.407470703125 933.988464355469 931.8046875 940.996887207031 939.884948730469 934.419128417969 936.492919921875 942.382995605469 946.467102050781 959.088928222656 976.138610839844 982.0400390625 988.781005859375 983.063110351562 978.072937011719 972.681091308594 974.138610839844 975.16943359375 983.046997070312 989.560852050781 994.123962402344 984.916564941406 987.518920898438 983.63427734375 995.613525390625 999.387512207031 991.591857910156 989.305480957031 973.339599609375 975.206237792969 980.3408203125 986.914428710938 991.305236816406 999.670471191406 993.490478515625 998.006408691406 1000.08154296875 1002.10632324219 1012.53393554688 1007.20465087891 1006.52557373047 1006.30554199219 1010.66363525391 1011.85418701172
941.710876464844 936.949645996094 937.636291503906 948.227905273438 947.693664550781 948.057373046875 943.258361816406 943.165832519531 943.619445800781 944.648071289062 956.302001953125 962.573059082031 971.408935546875 975.137329101562 985.790405273438 983.243835449219 982.837829589844 978.084899902344 974.415649414062 983.039916992188 986.621398925781 991.67529296875 1000.58483886719 995.380187988281 984.373229980469 992.046752929688 993.97265625 992.593627929688 994.595703125 984.956176757812 978.232543945312 984.91552734375 980.220947265625 985.099975585938 987.749450683594 993.440002441406 993.37939453125 996.952026367188 992.863159179688 1008.04272460938 1013.203125 1016.4892578125 1012.36242675781 1009.51458740234 1012.26403808594 1010.01208496094
951.633422851562 937.886901855469 945.103332519531 945.137878417969 946.561401367188 940.877624511719 934.428771972656 944.179931640625 954.870910644531 958.946105957031 970.350891113281 970.928649902344 970.562805175781 979.112487792969 987.480651855469 975.718383789062 971.343688964844 979.825256347656 981.161682128906 973.943664550781 973.558715820312 985.276184082031 987.13671875 996.027465820312 985.526977539062 995.020446777344 991.954284667969 993.321594238281 986.187622070312 985.201232910156 980.914001464844 981.74169921875 984.13916015625 995.693908691406 984.552124023438 984.777038574219 998.891052246094 997.890686035156 1001.79144287109 1006.67950439453 1010.77935791016 1004.591796875 1013.66632080078 1009.21844482422 1006.57202148438 1005.75494384766
