data/zlatibor_dem_simulations/DEMsim96.asc
NCOLS 150
NROWS 100
XLLCORNER 7394249
YLLCORNER 4841999
CELLSIZE 30
NODATA_VALUE -9999
[rows 60 to 79 of 100, columns 46 to 91 of 150]
949.294616699219 955.799682617188 959.314697265625 959.313720703125 958.504699707031 952.375854492188 954.426330566406 960.750671386719 960.259521484375 960.948791503906 959.231140136719 956.96923828125 953.710266113281 961.084411621094 963.278869628906 960.6708984375 954.790405273438 953.663513183594 949.844421386719 949.796325683594 958.350830078125 959.100463867188 963.562133789062 960.599487304688 962.775085449219 962.718139648438 975.508728027344 966.128356933594 968.716369628906 969.201904296875 963.607788085938 968.812927246094 969.048583984375 974.450561523438 971.587158203125 967.784118652344 969.629699707031 968.194580078125 965.233215332031 964.497131347656 961.177368164062 969.403991699219 972.500183105469 978.966979980469 977.329895019531 971.678771972656
959.549865722656 964.22021484375 964.490356445312 955.623840332031 944.540283203125 954.543518066406 954.467651367188 953.973693847656 956.688049316406 952.231628417969 953.765441894531 954.668273925781 958.312255859375 964.08349609375 965.651611328125 963.012268066406 963.123901367188 954.279113769531 947.669128417969 947.212707519531 950.021728515625 953.615844726562 957.890441894531 959.2666015625 964.251525878906 969.548706054688 968.531127929688 968.755126953125 967.309753417969 961.931701660156 967.202880859375 967.745666503906 965.881713867188 982.988647460938 981.838684082031 971.510925292969 973.165161132812 972.084350585938 976.504699707031 969.520935058594 967.969543457031 969.902587890625 973.188598632812 969.763244628906 976.110290527344 976.78564453125
958.282775878906 965.235778808594 962.066040039062 961.689636230469 954.497192382812 962.332458496094 945.39501953125 953.556335449219 957.845764160156 958.198303222656 955.991882324219 955.673095703125 959.864135742188 963.833740234375 967.20703125 967.567321777344 968.981872558594 961.095825195312 955.864501953125 951.875305175781 948.86962890625 954.580200195312 956.768249511719 962.178161621094 965.926879882812 966.444396972656 968.460388183594 975.078186035156 964.156555175781 963.277770996094 962.806274414062 975.426025390625 969.718505859375 982.472595214844 976.678649902344 977.004028320312 979.752746582031 966.17041015625 974.907836914062 971.189697265625 976.427368164062 979.846923828125 973.123718261719 968.083251953125 979.3935546875 991.3017578125
962.671447753906 967.954711914062 968.913879394531 965.728393554688 961.083984375 956.449035644531 952.116027832031 951.859191894531 961.736938476562 954.895141601562 952.9443359375 960.741088867188 966.889831542969 965.437805175781 972.551574707031 968.42529296875 958.388977050781 962.027160644531 959.757873535156 948.002075195312 952.548950195312 957.466430664062 964.685729980469 963.579467773438 970.149169921875 973.838806152344 973.592468261719 969.302978515625 961.475402832031 969.186645507812 966.143981933594 972.209899902344 966.138549804688 974.901123046875 977.499328613281 980.400756835938 978.359436035156 975.225952148438 974.48681640625 973.282775878906 978.631164550781 981.393859863281 979.643798828125 969.789978027344 979.2666015625 981.139709472656
971.423706054688 974.261779785156 968.649963378906 967.736267089844 973.150695800781 962.345642089844 957.12353515625 956.860961914062 952.118896484375 957.571960449219 960.167785644531 960.694396972656 963.018676757812 961.849182128906 967.961730957031 966.802185058594 976.424377441406 975.132202148438 963.3173828125 961.789367675781 962.325866699219 962.956848144531 963.203857421875 968.456237792969 969.59912109375 978.714904785156 972.339660644531 968.654052734375 974.71728515625 969.520690917969 978.675354003906 976.420715332031 971.322326660156 977.366882324219 987.958129882812 980.201416015625 979.650695800781 986.200744628906 984.011047363281 983.660766601562 978.799865722656 980.336181640625 978.141235351562 975.748413085938 976.846008300781 976.819274902344
976.075012207031 985.162475585938 985.267272949219 980.034057617188 973.252380371094 967.057006835938 965.2626953125 971.705444335938 968.809936523438 964.441467285156 961.567138671875 962.856811523438 973.3486328125 971.488037109375 960.139099121094 970.701477050781 966.934387207031 974.716796875 962.089538574219 965.554565429688 963.334533691406 962.009155273438 962.578857421875 971.915222167969 969.91162109375 980.669189453125 975.377075195312 973.706604003906 980.739990234375 978.371765136719 982.94091796875 973.914306640625 974.967468261719 974.250732421875 985.206420898438 984.74462890625 986.161254882812 986.039367675781 989.045959472656 983.487243652344 986.152465820312 986.444580078125 972.439331054688 972.757385253906 971.5146484375 977.859252929688
969.561767578125 982.067565917969 980.5009765625 979.415344238281 970.740234375 968.198913574219 974.716125488281 966.091003417969 970.188659667969 963.645080566406 958.550964355469 971.392517089844 977.520690917969 977.617858886719 975.305358886719 968.273498535156 971.117980957031 964.422912597656 963.434997558594 962.050109863281 961.14599609375 965.904418945312 970.145874023438 971.442565917969 974.690734863281 979.258483886719 974.963134765625 980.499450683594 978.585876464844 973.158752441406 980.759338378906 979.78759765625 971.164611816406 968.454345703125 977.420471191406 981.470397949219 984.405578613281 985.869262695312 980.184020996094 980.404052734375 978.373352050781 981.4375 975.698425292969 975.571716308594 970.42236328125 974.605224609375
981.228881835938 979.680053710938 982.822814941406 973.355651855469 974.951843261719 971.141296386719 970.674865722656 976.412414550781 971.153198242188 965.146179199219 964.898498535156 974.820617675781 973.771240234375 974.991821289062 976.169860839844 976.276000976562 977.060974121094 974.488708496094 968.876525878906 963.199401855469 964.184265136719 969.170837402344 971.014404296875 974.260009765625 974.3076171875 973.124328613281 972.835510253906 979.457214355469 980.645690917969 986.743041992188 979.504638671875 979.527221679688 972.705688476562 968.841674804688 973.245788574219 969.122253417969 978.317749023438 983.663696289062 983.833679199219 975.148803710938 971.053527832031 980.156677246094 982.893432617188 975.444885253906 969.419799804688 971.122619628906
982.380737304688 982.991271972656 982.391967773438 983.080139160156 982.033386230469 979.27099609375 972.408874511719 968.471252441406 971.713500976562 971.674560546875 981.207885742188 976.462219238281 970.781127929688 974.669067382812 968.913879394531 977.652709960938 977.821716308594 973.538269042969 981.204406738281 968.853881835938 968.606689453125 973.996398925781 974.643493652344 969.130554199219 975.167785644531 976.609680175781 979.635437011719 978.136596679688 981.690612792969 972.677368164062 975.298950195312 970.672180175781 971.005615234375 976.841979980469 962.047241210938 968.966918945312 974.405456542969 982.159851074219 991.295166015625 984.915466308594 977.7939453125 980.575439453125 976.718566894531 980.838623046875 974.802124023438 972.1611328125
985.946716308594 981.356323242188 987.368591308594 986.611389160156 986.70751953125 980.997009277344 979.518920898438 967.353454589844 975.07763671875 980.364379882812 972.190124511719 976.03076171875 966.228942871094 967.888793945312 968.537292480469 970.233215332031 967.631896972656 972.018859863281 979.921203613281 979.015441894531 971.607849121094 975.531066894531 978.324279785156 971.83154296875 973.618530273438 976.926696777344 984.788635253906 983.133483886719 980.880493164062 976.274353027344 983.098205566406 979.469116210938 977.440368652344 973.372741699219 970.690979003906 975.762756347656 976.512817382812 979.873779296875 985.445068359375 990.370910644531 984.40478515625 980.823791503906 974.008056640625 988.634216308594 978.711059570312 977.00537109375
991.885559082031 991.016906738281 1001.69488525391 991.65087890625 988.6484375 988.018676757812 978.369384765625 974.164001464844 977.474182128906 974.583129882812 983.274841308594 976.917724609375 967.3056640625 968.234130859375 978.2158203125 967.216064453125 954.031433105469 962.323669433594 975.915771484375 978.158447265625 977.98779296875 972.107666015625 978.649108886719 967.509582519531 977.574890136719 980.829162597656 981.137756347656 982.439025878906 979.505737304688 984.091552734375 981.413146972656 989.226379394531 986.011352539062 979.748779296875 971.931945800781 977.422912597656 977.06787109375 979.063720703125 981.662536621094 981.405883789062 980.834167480469 984.179809570312 976.549377441406 980.3798828125 985.103515625 985.151794433594
998.233093261719 1002.64971923828 1002.82446289062 1005.09307861328 998.951232910156 994.052551269531 985.744445800781 981.332214355469 982.10009765625 986.312316894531 977.725891113281 976.225769042969 969.761596679688 972.834838867188 980.20849609375 967.720397949219 961.329040527344 961.915771484375 974.778747558594 979.512878417969 975.890747070312 974.563781738281 973.281005859375 976.3642578125 975.198425292969 982.218688964844 983.751708984375 983.338989257812 981.769714355469 982.909545898438 984.206848144531 981.926696777344 983.076904296875 974.886352539062 982.278442382812 975.411193847656 989.063293457031 987.753723144531 982.825744628906 986.948608398438 980.279724121094 984.511474609375 980.416137695312 980.535766601562 978.47705078125 987.035095214844
998.741882324219 1008.41040039062 1009.98571777344 1014.66278076172 1002.51037597656 990.169189453125 984.814208984375 982.634704589844 979.36376953125 982.202819824219 979.607177734375 983.024291992188 976.043518066406 973.162231445312 984.879089355469 971.832946777344 962.074401855469 967.53466796875 970.306091308594 976.604370117188 975.5205078125 975.021911621094 972.929626464844 981.713806152344 976.23681640625 975.391723632812 983.145629882812 987.522827148438 983.261962890625 989.595153808594 984.481750488281 986.535339355469 988.206298828125 984.630126953125 983.089599609375 987.858520507812 982.909729003906 990.439025878906 994.716125488281 989.47265625 987.644287109375 983.992797851562 992.526062011719 988.674682617188 993.523132324219 985.723693847656
1001.49975585938 1014.96234130859 1024.35400390625 1018.69329833984 1013.12170410156 1003.54650878906 986.0107421875 980.257446289062 982.751220703125 987.439025878906 980.021667480469 976.271606445312 980.508605957031 979.623229980469 981.676086425781 975.611938476562 962.479614257812 965.609252929688 973.175964355469 979.29248046875 974.184509277344 981.49072265625 983.073608398438 983.311950683594 974.204650878906 981.354797363281 990.235107421875 994.434020996094 987.333923339844 992.750427246094 989.055114746094 985.47705078125 994.428894042969 988.812316894531 992.016540527344 976.080200195312 978.363098144531 991.140380859375 993.100952148438 990.630187988281 984.232788085938 983.351257324219 984.203979492188 981.943176269531 984.409057617188 987.756225585938
1000.80041503906 1013.91546630859 1018.17395019531 1017.48754882812 1019.10192871094 1005.64807128906 997.026733398438 981.147399902344 985.323791503906 983.680419921875 977.583129882812 980.068908691406 981.192504882812 978.868957519531 974.540161132812 967.98828125 960.919189453125 961.426940917969 970.04931640625 983.843627929688 984.5791015625 985.36669921875 981.572143554688 984.439819335938 982.660339355469 977.942504882812 992.45361328125 993.828674316406 991.705261230469 997.105285644531 1004.84338378906 999.632873535156 988.958435058594 985.171691894531 990.678527832031 982.283996582031 983.848876953125 994.66162109375 992.404907226562 984.091491699219 984.35009765625 982.584777832031 973.922790527344 990.353393554688 987.788513183594 980.855712890625
1003.13372802734 1018.16918945312 1016.42883300781 1011.23071289062 1007.09375 1005.83465576172 995.557922363281 976.882080078125 973.886779785156 972.051879882812 978.74072265625 981.452331542969 984.811096191406 988.688354492188 971.829040527344 969.382751464844 969.669311523438 961.447387695312 972.172729492188 983.767578125 972.444396972656 977.914245605469 981.971557617188 987.882141113281 981.976867675781 990.441040039062 990.583618164062 994.733520507812 991.559020996094 997.489379882812 1005.22515869141 1003.19012451172 996.019653320312 989.438781738281 990.009887695312 993.804382324219 991.265869140625 990.8046875 997.131408691406 986.693054199219 986.341064453125 991.125854492188 988.56591796875 986.3330078125 988.332824707031 988.538452148438
1011.34442138672 1019.21875 1014.26275634766 1012.43225097656 1006.70922851562 1010.35131835938 993.380554199219 982.793823242188 976.051940917969 972.861694335938 976.546752929688 976.919982910156 980.011840820312 986.5400390625 975.181640625 970.925476074219 965.207092285156 967.786437988281 975.803833007812 979.991943359375 975.93310546875 975.939147949219 984.019104003906 982.965576171875 984.201354980469 993.092956542969 997.376647949219 991.350769042969 995.599487304688 1001.68353271484 1014.62017822266 1011.60882568359 1009.15661621094 1003.65802001953 997.173217773438 1007.64886474609 995.771545410156 998.435913085938 1000.84588623047 996.569458007812 982.46533203125 985.129638671875 990.016845703125 982.768127441406 983.130187988281 991.932373046875
1024.439453125 1020.99200439453 1012.87225341797 1009.23510742188 1012.53948974609 1009.21496582031 1006.71820068359 988.015991210938 980.56005859375 969.312316894531 976.975646972656 981.751647949219 985.930297851562 982.254333496094 977.252807617188 977.408081054688 974.368103027344 976.257568359375 981.407897949219 985.365173339844 983.763916015625 978.24755859375 978.912231445312 980.681945800781 982.039916992188 994.971008300781 987.888610839844 992.736145019531 1004.72540283203 1002.92443847656 1013.08477783203 1021.52264404297 1013.724609375 1005.86108398438 1004.86352539062 1012.06512451172 1008.49108886719 1004.35009765625 994.03076171875 986.97314453125 987.315307617188 987.682250976562 988.669860839844 981.648376464844 985.628662109375 994.115661621094
1027.1552734375 1028.09313964844 1019.37268066406 1016.44006347656 1003.43579101562 1001.62030029297 999.337768554688 989.763427734375 971.374755859375 961.587280273438 970.829223632812 981.309204101562 980.263488769531 980.743103027344 980.892456054688 988.387634277344 982.06591796875 973.596130371094 977.207092285156 978.834533691406 980.696044921875 976.373657226562 972.043701171875 968.927001953125 983.572021484375 990.028137207031 988.114074707031 990.343444824219 1005.60986328125 1006.37023925781 1019.76452636719 1013.69592285156 1013.15093994141 1008.44549560547 1002.51416015625 1015.05731201172 1010.71435546875 1008.79602050781 987.155090332031 995.013854980469 992.403503417969 986.043151855469 990.082946777344 988.325866699219 985.147888183594 994.169555664062
1018.35559082031 1022.9619140625 1022.82244873047 1011.33068847656 1000.02178955078 989.724426269531 992.123901367188 991.203552246094 972.62109375 962.709838867188 973.901184082031 982.393249511719 975.702697753906 977.662536621094 982.917663574219 983.643127441406 977.456420898438 978.09375 978.606750488281 973.268920898438 973.498046875 964.395935058594 966.461853027344 968.713439941406 983.042724609375 985.811157226562 989.36279296875 990.425476074219 1000.25958251953 1010.99060058594 1011.72076416016 1009.36853027344 1001.95074462891 1007.076171875 1010.31213378906 1008.67517089844 1019.31951904297 1007.42724609375 1000.40197753906 997.194519042969 1004.24877929688 996.672058105469 993.678344726562 991.175720214844 998.076110839844 1003.26995849609
