data/zlatibor_dem_simulations/DEMsim28.asc
NCOLS 150
NROWS 100
XLLCORNER 7394249
YLLCORNER 4841999
CELLSIZE 30
NODATA_VALUE -9999
[rows 40 to 59 of 100, columns 92 to 137 of 150]
995.498840332031 993.602722167969 988.88623046875 990.35498046875 990.383422851562 992.501281738281 1000.0263671875 988.06640625 974.305908203125 975.367431640625 975.278564453125 979.431030273438 974.284301757812 986.969421386719 992.538696289062 986.029541015625 984.465148925781 989.269165039062 989.666259765625 993.161315917969 995.007385253906 988.702941894531 999.30322265625 996.442687988281 995.094360351562 990.404296875 1000.34973144531 992.086364746094 993.487915039062 994.003173828125 995.987976074219 1001.49920654297 1010.28479003906 1007.78833007812 999.101135253906 1001.77496337891 1011.6962890625 1015.67889404297 1012.1083984375 1023.93865966797 1021.56604003906 1023.61334228516 1036.93591308594 1036.06506347656 1049.91284179688 1058.10974121094
990.608032226562 995.482299804688 989.564819335938 981.093383789062 988.42724609375 991.68896484375 989.8408203125 992.384216308594 985.786865234375 976.924926757812 982.074890136719 976.808410644531 983.509155273438 985.608520507812 987.555114746094 979.499694824219 982.98291015625 989.380432128906 988.257568359375 992.53271484375 992.477844238281 988.339172363281 989.7958984375 999.150634765625 995.024597167969 995.981201171875 996.88525390625 995.17822265625 992.020751953125 992.920349121094 994.937561035156 1001.06884765625 1003.52624511719 1006.89721679688 1002.90124511719 1012.01477050781 1012.93023681641 1015.02893066406 1013.04528808594 1017.12475585938 1030.45837402344 1030.71691894531 1032.77429199219 1038.96655273438 1051.41540527344 1062.05334472656
986.983154296875 994.519165039062 991.888793945312 985.119750976562 992.364929199219 988.452575683594 986.562866210938 984.198913574219 987.6943359375 979.949462890625 981.478210449219 981.249389648438 988.315856933594 981.720275878906 984.583374023438 981.838684082031 984.878295898438 989.524475097656 992.174621582031 996.9794921875 992.158447265625 984.229614257812 983.130493164062 992.008056640625 993.010620117188 993.071533203125 994.121215820312 996.286254882812 997.2880859375 991.9482421875 996.132141113281 1000.9599609375 1016.72802734375 1018.40209960938 1013.42126464844 1011.88873291016 1015.91070556641 1022.24627685547 1027.18408203125 1027.19763183594 1039.92163085938 1036.427734375 1042.50708007812 1038.23779296875 1058.48034667969 1065.20678710938
990.395324707031 992.775817871094 988.0029296875 985.279418945312 998.055419921875 987.933654785156 993.326171875 992.612426757812 978.250366210938 981.085876464844 983.238830566406 983.941284179688 980.383728027344 980.727783203125 986.086120605469 982.507141113281 987.295776367188 986.272766113281 988.275207519531 991.049133300781 988.619689941406 989.62646484375 989.198120117188 988.950500488281 996.554138183594 987.604309082031 994.956298828125 993.971557617188 1000.31384277344 1004.92584228516 1006.03442382812 1010.04644775391 1007.82275390625 1022.14624023438 1020.55767822266 1024.67541503906 1022.73211669922 1026.68615722656 1036.40222167969 1032.78283691406 1033.01916503906 1035.75708007812 1044.88232421875 1053.4921875 1057.09497070312 1068.76452636719
986.395629882812 999.828918457031 988.842468261719 987.237731933594 994.77734375 989.787353515625 986.832702636719 988.2734375 984.265380859375 979.319763183594 987.036743164062 980.123229980469 985.205932617188 983.370056152344 989.555603027344 985.126708984375 988.074401855469 992.457092285156 994.583618164062 1001.82769775391 1000.39410400391 1002.51177978516 1006.78430175781 1004.82244873047 996.107055664062 994.5224609375 999.049499511719 995.758850097656 995.772216796875 1006.19714355469 1010.14953613281 1016.26544189453 1009.58850097656 1019.51257324219 1024.908203125 1025.404296875 1021.06921386719 1036.04162597656 1034.27648925781 1032.13586425781 1042.06591796875 1048.61157226562 1058.52502441406 1057.63623046875 1059.85473632812 1064.24304199219
976.561462402344 981.07568359375 987.14599609375 989.242431640625 979.370178222656 980.521911621094 985.250671386719 987.615844726562 986.755981445312 986.443603515625 983.585693359375 980.508483886719 986.975158691406 983.079406738281 984.867858886719 987.646423339844 992.198425292969 1003.99670410156 995.426208496094 998.807800292969 1001.31683349609 1009.44958496094 1004.75665283203 1008.10803222656 1000.93853759766 996.637573242188 998.608032226562 1004.04431152344 1000.03546142578 1009.75030517578 1017.46057128906 1027.43493652344 1016.11651611328 1021.46496582031 1019.40032958984 1025.03234863281 1033.38562011719 1037.34924316406 1040.4609375 1038.04797363281 1052.01550292969 1063.63989257812 1062.21423339844 1068.02331542969 1067.92602539062 1066.23583984375
981.360229492188 978.224548339844 980.024841308594 981.019470214844 987.795593261719 985.02587890625 983.5302734375 981.33349609375 983.308654785156 990.084228515625 980.249694824219 989.242858886719 994.207702636719 988.444091796875 982.470031738281 982.811584472656 994.810729980469 1002.29803466797 1002.34149169922 996.199523925781 1002.0205078125 1012.08020019531 1008.61639404297 1016.10418701172 1014.17108154297 1010.91455078125 995.619750976562 994.199584960938 1006.22595214844 1014.58746337891 1005.671875 1011.62127685547 1005.56689453125 1015.21472167969 1018.50891113281 1033.68957519531 1036.37023925781 1041.69909667969 1041.19873046875 1045.26208496094 1049.89025878906 1064.7744140625 1068.37329101562 1070.59729003906 1073.30590820312 1074.49438476562
973.5263671875 977.672180175781 980.140197753906 982.691101074219 980.12744140625 985.284362792969 984.702758789062 977.059692382812 975.768859863281 979.515258789062 986.326904296875 996.341796875 996.000122070312 994.344970703125 991.936218261719 992.989074707031 991.381652832031 994.592163085938 1000.19055175781 1000.48876953125 1004.81225585938 1005.56848144531 1009.66589355469 1014.93817138672 1010.28686523438 1012.63146972656 997.321594238281 997.123840332031 998.790710449219 1014.76892089844 1016.60870361328 1009.31292724609 1014.39398193359 1008.63464355469 1023.841796875 1031.75524902344 1031.83776855469 1029.72302246094 1037.59411621094 1041.72485351562 1053.76770019531 1073.04626464844 1074.20178222656 1079.00390625 1084.93249511719 1089.58862304688
970.433898925781 973.35400390625 984.064880371094 986.663696289062 981.083251953125 976.044494628906 984.968444824219 982.108459472656 976.5849609375 978.275451660156 980.940551757812 985.69580078125 983.901977539062 987.124328613281 992.396606445312 989.908752441406 983.888793945312 993.598999023438 1001.17895507812 1006.64605712891 997.224914550781 1005.50549316406 1000.72369384766 1004.3115234375 1001.83581542969 1006.19189453125 1004.58514404297 1002.4267578125 1008.49279785156 1020.07232666016 1020.21051025391 1017.75299072266 1015.52404785156 1011.45098876953 1015.30212402344 1029.92163085938 1031.22387695312 1029.71118164062 1044.08703613281 1045.05395507812 1065.96447753906 1072.75 1076.01330566406 1081.78466796875 1077.71081542969 1076.21704101562
975.035461425781 974.708984375 977.18359375 975.571594238281 978.25634765625 972.814758300781 972.314575195312 971.872436523438 965.423828125 972.097290039062 968.441711425781 973.659423828125 977.229309082031 989.743225097656 983.853515625 986.244018554688 983.460571289062 990.828735351562 998.196533203125 1001.50396728516 999.579895019531 1001.1396484375 1005.87225341797 1006.93853759766 999.92041015625 996.486450195312 996.529357910156 1011.53833007812 1014.90576171875 1025.466796875 1026.73291015625 1032.37573242188 1028.154296875 1021.05029296875 1022.45025634766 1033.37756347656 1031.41186523438 1040.880859375 1036.02563476562 1052.22546386719 1062.22888183594 1067.38586425781 1085.80017089844 1092.32971191406 1086.583984375 1082.30114746094
970.797180175781 974.297668457031 977.507446289062 975.133239746094 979.854614257812 977.989929199219 967.023559570312 973.121826171875 967.185913085938 965.167907714844 968.78173828125 975.663024902344 978.569213867188 981.953918457031 979.694519042969 985.363952636719 982.288879394531 986.04150390625 989.425720214844 992.674987792969 1001.70001220703 992.009582519531 997.028259277344 1002.02117919922 1007.01715087891 998.04931640625 1002.14392089844 1013.81707763672 1012.61297607422 1022.05480957031 1036.24499511719 1033.29309082031 1031.36315917969 1024.92761230469 1025.37609863281 1026.33068847656 1026.33325195312 1040.68566894531 1040.43334960938 1052.32043457031 1064.20629882812 1071.31982421875 1081.94421386719 1088.84509277344 1084.83984375 1100.59228515625
977.3203125 973.595581054688 977.558776855469 978.557678222656 978.695922851562 973.688903808594 972.75048828125 966.979248046875 963.528137207031 961.13037109375 962.66015625 974.110107421875 973.840942382812 984.209411621094 981.369995117188 980.903198242188 988.064819335938 993.607299804688 991.317016601562 997.404602050781 997.11279296875 999.105895996094 1003.07073974609 1002.32507324219 1007.94989013672 1007.06695556641 1006.38360595703 1010.57366943359 1014.89031982422 1017.54571533203 1025.73559570312 1031.05078125 1032.70446777344 1028.22399902344 1032.1513671875 1034.44030761719 1031.529296875 1038.70690917969 1044.12866210938 1061.61706542969 1071.521484375 1073.28442382812 1081.08422851562 1089.08666992188 1094.34838867188 1091.04284667969
976.614807128906 984.060180664062 978.479187011719 977.34423828125 983.509704589844 977.087646484375 974.275085449219 973.999267578125 964.917114257812 957.42822265625 957.163818359375 969.501342773438 974.000122070312 979.125 984.792602539062 976.654479980469 987.932983398438 997.048583984375 997.210510253906 994.945129394531 996.677124023438 999.836120605469 1006.96862792969 1006.40417480469 1003.39569091797 1002.41760253906 1003.77239990234 1008.02593994141 1010.49914550781 1015.73297119141 1023.94879150391 1028.32299804688 1027.28063964844 1034.65795898438 1032.83923339844 1034.30651855469 1042.67858886719 1049.94677734375 1052.5146484375 1060.45275878906 1068.42126464844 1070.2451171875 1083.64892578125 1088.72814941406 1092.33288574219 1098.98303222656
979.336853027344 980.121948242188 972.939575195312 975.526550292969 971.639892578125 967.983093261719 971.793518066406 969.594360351562 975.791442871094 962.931274414062 967.959167480469 971.306701660156 973.341491699219 973.899536132812 977.366455078125 980.32470703125 983.140686035156 992.575012207031 987.879699707031 980.042907714844 986.280883789062 995.827819824219 996.624206542969 1001.85583496094 1001.78521728516 1003.95928955078 998.72412109375 1013.24035644531 1008.86267089844 1019.77239990234 1024.53479003906 1024.0185546875 1029.17749023438 1028.20153808594 1022.01776123047 1031.21069335938 1037.84350585938 1045.42553710938 1054.91906738281 1057.396484375 1066.71948242188 1075.77600097656 1082.0537109375 1088.25769042969 1093.42590332031 1099.66064453125
974.396423339844 974.404602050781 964.717346191406 971.427307128906 954.260314941406 969.107421875 970.482360839844 973.803527832031 977.254516601562 965.890441894531 969.614868164062 962.790466308594 974.288269042969 976.595458984375 979.20947265625 976.074645996094 973.15087890625 982.791870117188 978.678588867188 979.140563964844 982.285949707031 989.445678710938 990.2060546875 992.890258789062 995.473327636719 989.329284667969 1000.06579589844 1009.44134521484 1006.92828369141 1012.42321777344 1015.37414550781 1023.64477539062 1023.00299072266 1021.53436279297 1022.07470703125 1027.18725585938 1026.65563964844 1036.22680664062 1049.78894042969 1053.81994628906 1058.16540527344 1075.43420410156 1089.31408691406 1096.47119140625 1098.77453613281 1092.59619140625
973.595825195312 963.177124023438 971.574951171875 956.990295410156 963.170227050781 972.271545410156 970.257202148438 981.609008789062 979.403747558594 977.797241210938 971.417602539062 968.809936523438 976.321166992188 975.075805664062 970.017211914062 974.02685546875 978.236938476562 986.116394042969 983.604797363281 979.7861328125 983.336853027344 989.448425292969 992.522094726562 996.175048828125 993.325378417969 996.745422363281 998.469421386719 999.322937011719 1005.85168457031 1005.02807617188 1015.75622558594 1013.96136474609 1017.9111328125 1019.96948242188 1020.49041748047 1026.17919921875 1028.31225585938 1040.75317382812 1049.62609863281 1059.75915527344 1063.8720703125 1068.72351074219 1083.9052734375 1093.76416015625 1095.32592773438 1089.9541015625
963.201049804688 964.37744140625 971.060546875 966.150634765625 969.972961425781 970.359924316406 977.485778808594 982.371765136719 991.96728515625 982.499877929688 987.815490722656 990.287780761719 981.97705078125 973.927124023438 980.674926757812 977.384582519531 975.7109375 983.239990234375 989.192749023438 985.174682617188 987.849426269531 988.860229492188 989.75390625 990.639526367188 1002.41253662109 1003.64459228516 1002.71697998047 998.27392578125 1003.44409179688 1002.32556152344 1011.10900878906 1007.22003173828 1010.23150634766 1008.81646728516 1020.40399169922 1022.31567382812 1027.27600097656 1030.27307128906 1055.26867675781 1061.89025878906 1063.12976074219 1072.39233398438 1082.42370605469 1090.38427734375 1090.30053710938 1089.04614257812
954.30859375 960.826110839844 977.870910644531 972.013000488281 969.688110351562 974.234497070312 979.841003417969 981.106262207031 985.388427734375 988.615539550781 986.1396484375 988.129516601562 980.0126953125 973.730163574219 983.308410644531 985.526977539062 979.123107910156 992.681030273438 993.669067382812 993.381042480469 995.985046386719 989.480041503906 991.461791992188 990.968811035156 1003.34844970703 999.490173339844 995.456176757812 994.768432617188 997.230651855469 1004.34173583984 1003.78179931641 1008.27038574219 1002.46154785156 1001.88732910156 1015.34466552734 1018.61181640625 1026.23620605469 1033.84692382812 1038.19885253906 1048.7978515625 1064.03186035156 1062.16979980469 1064.93859863281 1078.50817871094 1079.31079101562 1080.13696289062
951.264404296875 956.903869628906 968.882507324219 978.842468261719 966.935119628906 968.782287597656 975.666198730469 980.871459960938 974.149169921875 976.283142089844 988.570495605469 987.139770507812 985.452453613281 981.181274414062 987.185913085938 993.53271484375 994.541259765625 1000.40899658203 999.0419921875 995.231689453125 998.295532226562 991.125366210938 990.629150390625 999.716735839844 1005.32745361328 1002.69378662109 1000.78387451172 990.39794921875 995.940979003906 996.301208496094 999.049133300781 999.019470214844 997.186950683594 991.95263671875 1001.58343505859 1018.24688720703 1020.33465576172 1033.73315429688 1041.58239746094 1047.67993164062 1055.20581054688 1065.85485839844 1075.638671875 1076.73034667969 1076.58911132812 1069.193359375
951.007263183594 950.7890625 962.750549316406 965.397583007812 972.562866210938 969.306701660156 979.027587890625 974.030029296875 973.934143066406 978.313781738281 985.887451171875 990.839050292969 985.796264648438 996.916625976562 998.746459960938 998.421691894531 1006.82861328125 1002.78314208984 1001.85302734375 990.263061523438 990.926330566406 989.458374023438 988.288696289062 1001.10314941406 1002.57904052734 1000.71002197266 999.851501464844 1009.37945556641 1008.86871337891 1001.66015625 992.237060546875 997.530334472656 1000.90814208984 991.640502929688 1001.72882080078 1020.54949951172 1024.59802246094 1030.90734863281 1037.68774414062 1049.01086425781 1058.263671875 1061.67126464844 1068.21228027344 1067.61828613281 1067.13073730469 1057.24145507812
