data/zlatibor_dem_simulations/DEMsim99.asc
NCOLS 150
NROWS 100
XLLCORNER 7394249
YLLCORNER 4841999
CELLSIZE 30
NODATA_VALUE -9999
[rows 80 to 99 of 100, columns 46 to 91 of 150]
1007.03643798828 1021.16583251953 1026.01831054688 1018.27160644531 1021.78765869141 1010.91229248047 1006.54541015625 1001.18316650391 991.489440917969 986.400817871094 989.059875488281 981.425842285156 981.319885253906 981.17724609375 983.753051757812 988.392150878906 987.133728027344 977.803039550781 971.664367675781 977.119873046875 975.849426269531 976.646850585938 975.6943359375 984.491577148438 990.700744628906 983.640502929688 993.348815917969 989.213806152344 980.67626953125 993.745422363281 998.812377929688 1003.9482421875 1011.42205810547 1016.82818603516 1014.36779785156 1010.59564208984 1010.14282226562 1002.30395507812 992.396667480469 999.875122070312 1006.17712402344 993.054260253906 998.564758300781 997.196105957031 1007.84143066406 998.5458984375
998.856079101562 1002.23077392578 1014.52325439453 1019.08758544922 1010.48229980469 1008.50817871094 1008.224609375 1005.20635986328 994.723876953125 992.358276367188 991.755187988281 986.547546386719 977.601135253906 973.53759765625 976.362487792969 978.916687011719 981.840209960938 974.597351074219 983.598999023438 971.704711914062 974.57373046875 974.948791503906 974.428955078125 979.532958984375 983.626708984375 989.054931640625 999.780151367188 992.367614746094 986.266235351562 987.916870117188 991.903198242188 1004.84759521484 1003.11553955078 1017.92041015625 1010.58142089844 1002.68218994141 1005.61077880859 1003.92993164062 1001.75799560547 1003.03741455078 999.735046386719 989.411193847656 995.053649902344 996.507995605469 1000.37054443359 992.621398925781
994.283386230469 991.344604492188 996.819091796875 1001.73101806641 1005.23004150391 1011.71667480469 1011.48577880859 1013.73199462891 998.572143554688 990.741760253906 990.635375976562 985.623657226562 978.586364746094 985.894409179688 980.570861816406 975.272888183594 974.140014648438 973.02880859375 977.673217773438 981.802001953125 984.344360351562 978.617553710938 974.155944824219 983.124389648438 984.565002441406 991.096496582031 988.141967773438 983.870300292969 981.465942382812 993.199645996094 985.984558105469 987.770812988281 999.421081542969 1008.5478515625 1005.27465820312 1002.83782958984 996.028686523438 1003.78955078125 1002.01788330078 1000.57952880859 999.1005859375 994.102966308594 1004.06915283203 998.035705566406 996.108093261719 1000.20812988281
980.857604980469 983.925903320312 987.521667480469 996.129455566406 1005.02160644531 1008.47961425781 1006.85119628906 1015.59729003906 1006.99438476562 995.049560546875 990.835144042969 986.19091796875 991.182800292969 987.673034667969 990.059326171875 981.585388183594 972.995666503906 978.137084960938 978.330078125 980.824279785156 986.103759765625 977.684814453125 983.943603515625 985.325134277344 984.646423339844 983.709594726562 980.819885253906 975.44384765625 976.9501953125 984.418762207031 984.013000488281 989.80615234375 998.536865234375 1003.85699462891 1009.74047851562 1002.60559082031 1004.45043945312 1005.69915771484 1003.87371826172 1006.19573974609 1004.33984375 1002.52874755859 1005.81506347656 1001.59307861328 997.469360351562 995.380493164062
984.945007324219 985.704711914062 984.99658203125 991.746704101562 1003.91918945312 1012.6767578125 1017.75592041016 1014.24450683594 999.48876953125 997.735168457031 987.002014160156 995.629333496094 992.967407226562 989.135070800781 980.573486328125 983.830627441406 992.966918945312 983.859313964844 990.809936523438 984.257263183594 973.503479003906 977.891418457031 979.826477050781 985.346984863281 988.274841308594 987.267822265625 981.799194335938 979.926025390625 984.5673828125 985.785217285156 985.796752929688 995.684875488281 1002.67559814453 1003.24676513672 1007.70526123047 1008.93200683594 1012.71966552734 1009.14501953125 1004.49224853516 1004.24194335938 1003.96417236328 1009.18695068359 1002.65936279297 1000.06311035156 993.707641601562 996.742126464844
988.756530761719 986.513122558594 993.695617675781 993.785095214844 1000.21850585938 1004.82897949219 1011.80670166016 1005.37408447266 1008.67633056641 998.170837402344 998.360412597656 995.791870117188 993.891723632812 990.302673339844 994.493957519531 982.049743652344 993.619689941406 992.832641601562 984.284484863281 980.436157226562 983.066955566406 987.3583984375 986.885070800781 991.994323730469 996.234497070312 980.110473632812 983.030456542969 982.901550292969 985.942993164062 991.288146972656 985.265197753906 991.459167480469 999.096557617188 1006.60192871094 1002.01751708984 1000.67785644531 1003.43786621094 1000.63226318359 1000.06787109375 1001.64709472656 1007.69909667969 1010.30603027344 1010.95861816406 1005.47637939453 1000.48498535156 997.349487304688
987.358825683594 989.493774414062 987.050231933594 989.520080566406 998.402160644531 996.734008789062 1003.86004638672 996.923217773438 1001.50537109375 997.779663085938 998.127807617188 997.238525390625 1001.62457275391 992.224487304688 992.934997558594 987.5654296875 989.530578613281 990.478698730469 991.989379882812 990.860656738281 983.994750976562 992.738708496094 991.205749511719 986.421203613281 996.832214355469 990.64892578125 981.60302734375 977.166198730469 978.764831542969 987.656860351562 988.126953125 984.039733886719 991.547668457031 1003.11645507812 996.779846191406 995.741943359375 1001.4609375 1006.44451904297 1002.71734619141 1000.22644042969 1014.60333251953 1018.18206787109 1009.25311279297 1009.36206054688 1000.20587158203 989.329956054688
989.577514648438 989.830810546875 979.547302246094 998.492919921875 999.120239257812 990.834045410156 991.663146972656 1003.91632080078 1007.25366210938 1004.50354003906 1007.21124267578 1003.62152099609 998.779174804688 998.891906738281 1000.87524414062 991.435546875 989.834411621094 994.6572265625 997.415771484375 994.600830078125 991.059265136719 987.488464355469 979.446166992188 986.105346679688 984.834899902344 1000.36694335938 995.691467285156 996.570617675781 994.381225585938 989.548217773438 987.791931152344 991.26123046875 995.690063476562 991.773681640625 997.353332519531 1000.05017089844 998.244934082031 998.477233886719 998.523376464844 1000.04071044922 1007.12744140625 1011.14929199219 1008.86810302734 1005.85583496094 996.44921875 990.435485839844
984.916809082031 989.473876953125 978.451904296875 989.479858398438 993.0458984375 1001.34246826172 996.309509277344 1000.09143066406 1009.42810058594 1011.85168457031 1010.791015625 1004.26574707031 1005.87341308594 1008.91333007812 996.610778808594 996.164245605469 996.626220703125 1002.68682861328 997.655578613281 1007.59155273438 995.231567382812 989.53369140625 989.214660644531 986.558288574219 995.074096679688 999.692016601562 997.899475097656 991.331665039062 996.533447265625 998.992797851562 999.735656738281 991.370178222656 994.614501953125 996.824768066406 996.519348144531 1007.28106689453 1006.36474609375 1003.88110351562 994.097229003906 1002.13562011719 1011.06390380859 1020.13439941406 1005.70660400391 1003.8564453125 994.558044433594 1004.69744873047
983.510375976562 984.334350585938 986.31494140625 991.101867675781 993.9580078125 1002.42303466797 1001.90460205078 993.475891113281 1002.82427978516 1016.20513916016 1013.96099853516 1012.01397705078 1010.58709716797 1007.13836669922 1005.81524658203 1003.89392089844 1001.06610107422 1001.33026123047 998.777160644531 1001.87872314453 997.339721679688 998.893005371094 997.576477050781 990.030456542969 996.546813964844 995.586547851562 991.738098144531 996.403015136719 992.281616210938 999.353088378906 998.662048339844 990.585327148438 1000.47320556641 998.341735839844 1003.505859375 999.737854003906 1000.07727050781 995.727905273438 1004.75659179688 1006.83752441406 1010.02850341797 1015.47637939453 1011.55535888672 1014.37609863281 1005.73107910156 1003.51086425781
980.88330078125 983.298645019531 987.709777832031 982.312561035156 994.909790039062 993.307922363281 995.328247070312 1000.19677734375 997.200805664062 998.778747558594 1010.28149414062 1002.33508300781 1001.21868896484 1013.62414550781 1008.91265869141 1011.47491455078 1011.78521728516 1012.60589599609 1004.41821289062 1004.97198486328 993.07763671875 995.782592773438 994.586975097656 990.570373535156 1004.10815429688 1001.83172607422 995.948181152344 993.710571289062 990.499938964844 995.079772949219 999.331665039062 993.673095703125 995.584289550781 995.522521972656 988.771301269531 992.76806640625 993.235595703125 999.806213378906 1011.47094726562 1010.53961181641 1002.78894042969 1011.80303955078 1015.06372070312 1001.18408203125 1002.04998779297 1008.03112792969
971.834411621094 976.586791992188 985.347412109375 985.18505859375 987.621704101562 986.769226074219 988.5830078125 990.549743652344 980.829345703125 989.406433105469 1001.1513671875 1003.59442138672 1004.64312744141 1008.15313720703 1003.84552001953 1014.81042480469 1023.51287841797 1015.04339599609 1011.21429443359 1003.49859619141 996.216064453125 997.890686035156 997.912536621094 1002.73120117188 1003.93890380859 998.022399902344 999.213989257812 1002.67462158203 998.647766113281 993.301452636719 989.890380859375 995.027893066406 999.413452148438 990.792907714844 996.399353027344 995.928771972656 1000.62377929688 999.620971679688 996.610656738281 1003.64294433594 1000.67926025391 1011.31176757812 1013.25213623047 1004.66070556641 1008.25036621094 1013.13049316406
972.58740234375 975.190002441406 976.463073730469 972.934631347656 975.967712402344 972.494323730469 981.868774414062 985.491394042969 980.359313964844 992.322570800781 1008.65185546875 1008.0693359375 1010.89636230469 1012.84454345703 1009.76208496094 1014.8271484375 1010.87738037109 1015.62194824219 1015.55535888672 1016.78308105469 1004.04840087891 996.143005371094 995.998474121094 1004.48608398438 1005.58483886719 1000.39477539062 1007.80047607422 994.825744628906 1005.64440917969 998.700622558594 993.044921875 993.221740722656 996.801208496094 996.808044433594 994.248413085938 1001.61865234375 1005.24523925781 995.26220703125 996.735656738281 994.709716796875 1002.47106933594 1010.97991943359 1005.87469482422 1013.14849853516 1009.31994628906 1007.98132324219
972.338928222656 974.748291015625 977.136047363281 972.887512207031 969.182739257812 972.562438964844 979.085327148438 982.617004394531 993.164611816406 996.583129882812 1011.29315185547 1010.6826171875 1017.00372314453 1009.17907714844 1013.87115478516 1017.54797363281 1018.23345947266 1024.20642089844 1018.52099609375 1014.92419433594 1011.67944335938 1006.71740722656 1000.03704833984 1005.57397460938 997.928588867188 1005.69836425781 1011.69104003906 1008.21051025391 1000.54150390625 1002.20599365234 993.664916992188 1008.54132080078 1004.00830078125 993.449645996094 990.923461914062 1000.46569824219 1000.05859375 996.246398925781 992.203308105469 992.497253417969 1003.64215087891 1010.41461181641 1009.80981445312 1004.63244628906 1007.43725585938 1001.517578125
973.148498535156 983.740051269531 984.779418945312 972.736450195312 971.085021972656 979.483520507812 995.850402832031 997.9404296875 997.110656738281 997.995300292969 1002.41595458984 1010.87133789062 1015.517578125 1013.70892333984 1017.18499755859 1025.57434082031 1023.17864990234 1029.25476074219 1016.39709472656 1015.61340332031 1012.15679931641 1008.89068603516 1000.82592773438 1001.01354980469 1006.00311279297 1009.83172607422 1013.33190917969 1010.30310058594 1004.88397216797 1003.11053466797 1003.61218261719 997.183776855469 998.905456542969 1000.771484375 995.984680175781 1005.21337890625 1004.73278808594 1005.39361572266 1001.51123046875 998.369384765625 1010.31512451172 1009.82348632812 1012.12591552734 1009.90081787109 1007.16998291016 1010.36596679688
982.693908691406 987.630676269531 981.893493652344 981.910095214844 979.5185546875 986.658569335938 997.728698730469 995.605529785156 990.315734863281 1002.36901855469 1000.837890625 1014.33264160156 1007.06695556641 1009.74340820312 1009.13354492188 1022.23907470703 1022.11077880859 1020.47973632812 1012.23968505859 1014.65051269531 1009.60174560547 1008.27581787109 1006.06121826172 1009.67401123047 1010.92462158203 1015.65869140625 1009.12640380859 1010.41296386719 1018.36181640625 1020.22509765625 1011.13714599609 997.527465820312 1002.69299316406 1001.93774414062 998.91748046875 1003.85491943359 995.863342285156 998.576843261719 1000.796875 1005.66851806641 1000.83551025391 1001.23669433594 1013.75506591797 1005.71453857422 1011.34332275391 1018.25958251953
977.438537597656 978.812805175781 982.196166992188 985.626342773438 994.429809570312 991.404724121094 992.085388183594 997.254638671875 992.981994628906 1001.60198974609 1013.51605224609 1015.72222900391 1013.22467041016 1008.19592285156 1005.97564697266 1018.23272705078 1018.09985351562 1024.90991210938 1021.24145507812 1022.56274414062 1018.44561767578 1017.97454833984 1019.75378417969 1014.56115722656 1013.26110839844 1012.234375 1005.43475341797 1011.74780273438 1017.79364013672 1011.85540771484 1006.05303955078 998.97021484375 1007.76831054688 1000.96282958984 999.085205078125 999.765991210938 995.283874511719 996.064880371094 994.465026855469 1000.38696289062 997.752319335938 1005.10412597656 1007.701171875 1006.71905517578 1008.15063476562 1014.38256835938
974.726379394531 978.737915039062 981.590942382812 984.978088378906 984.181396484375 985.95947265625 987.850830078125 988.804565429688 991.390991210938 1006.33441162109 1010.44146728516 1017.17034912109 1009.49633789062 1006.87133789062 1026.09753417969 1021.89727783203 1019.55108642578 1020.85595703125 1021.15246582031 1015.9384765625 1013.07806396484 1009.43408203125 1013.16638183594 1016.95776367188 1015.44140625 1009.23846435547 1008.34466552734 1005.41107177734 1014.97277832031 1010.13958740234 1007.70263671875 1004.08856201172 1012.14404296875 1003.27960205078 1003.97760009766 992.97412109375 990.617797851562 1001.55352783203 1000.73040771484 994.129150390625 997.777160644531 1005.96246337891 1008.04089355469 1010.18408203125 1019.18585205078 1017.32641601562
974.779724121094 978.736145019531 984.667785644531 982.019348144531 989.475402832031 986.491943359375 991.266052246094 988.543151855469 992.476928710938 994.97509765625 990.339111328125 1008.55285644531 1007.47424316406 1008.09155273438 1026.56958007812 1026.81188964844 1026.28881835938 1023.3369140625 1018.54223632812 1013.6630859375 1001.91552734375 1010.18835449219 1010.48944091797 1012.84631347656 1003.64331054688 1003.81732177734 1017.45794677734 1010.64971923828 1010.01684570312 1007.44250488281 1006.20330810547 1009.92767333984 1011.54028320312 1010.06951904297 1011.72998046875 995.825073242188 987.976806640625 996.323608398438 1001.57263183594 1008.13531494141 1001.79644775391 1006.57879638672 1011.79486083984 1009.10107421875 1019.98114013672 1017.64654541016
973.5341796875 980.418273925781 980.130187988281 977.092712402344 988.073120117188 989.929077148438 991.417785644531 986.297241210938 989.870361328125 985.681640625 988.028686523438 994.814270019531 999.537963867188 1007.08221435547 1012.24188232422 1009.73468017578 1012.11291503906 1014.66174316406 1005.46502685547 998.086975097656 997.569519042969 996.924743652344 995.339416503906 999.48388671875 994.551513671875 1005.59259033203 1015.74261474609 1007.38751220703 1009.908203125 1012.65374755859 1011.09118652344 1012.17687988281 1008.02575683594 1011.51104736328 1006.14208984375 1001.03784179688 1004.125 1000.19158935547 1000.91668701172 985.074279785156 995.500854492188 1006.73669433594 1008.322265625 1014.34149169922 1010.54736328125 1015.38031005859
