data/zlatibor_dem_simulations/DEMsim55.asc
NCOLS 150
NROWS 100
XLLCORNER 7394249
YLLCORNER 4841999
CELLSIZE 30
NODATA_VALUE -9999
[rows 0 to 19 of 100, columns 46 to 91 of 150]
991.082641601562 981.315002441406 973.123901367188 960.968383789062 961.591674804688 952.491149902344 949.661254882812 949.047424316406 948.00390625 940.335998535156 943.804382324219 937.394287109375 934.194152832031 926.019165039062 921.019104003906 914.262512207031 917.005493164062 916.892517089844 913.40380859375 916.099304199219 909.513488769531 912.430786132812 920.010559082031 921.991577148438 929.956909179688 933.110168457031 932.310119628906 934.777221679688 955.820129394531 957.830322265625 968.744750976562 959.91162109375 965.428649902344 963.70654296875 979.392395019531 986.833618164062 986.269348144531 984.231506347656 985.187255859375 974.183166503906 967.227172851562 972.038269042969 963.845703125 952.769592285156 945.175720214844 932.669799804688
989.933715820312 976.152099609375 974.514282226562 967.846008300781 954.860473632812 954.920593261719 961.170349121094 954.443786621094 949.708190917969 946.396179199219 946.434814453125 936.236328125 934.109497070312 931.734008789062 936.014953613281 930.753295898438 916.44775390625 910.763122558594 918.949401855469 911.466674804688 905.443542480469 904.200500488281 910.471069335938 917.337585449219 922.954040527344 927.194946289062 936.943359375 944.747253417969 959.445373535156 968.232788085938 970.625671386719 968.849426269531 983.830017089844 981.08349609375 989.892272949219 987.850891113281 987.153991699219 987.242797851562 986.929809570312 972.228515625 976.700988769531 971.758483886719 958.113159179688 947.578857421875 945.534973144531 942.034423828125
979.053466796875 978.457092285156 970.262145996094 967.7294921875 960.379455566406 960.538146972656 958.646850585938 958.184143066406 959.117919921875 952.832641601562 944.458557128906 946.427429199219 947.381408691406 947.321533203125 940.414123535156 936.42822265625 924.455139160156 921.593139648438 921.996704101562 926.439086914062 917.885437011719 901.699829101562 911.54833984375 923.145446777344 932.730773925781 938.765014648438 939.046203613281 959.369506835938 966.060119628906 968.952087402344 980.560424804688 980.434753417969 990.099060058594 1000.83764648438 989.533386230469 992.382934570312 997.034606933594 995.856140136719 993.772705078125 978.2109375 974.792602539062 957.140991210938 952.981323242188 948.8896484375 936.831237792969 942.3837890625
986.445129394531 971.586975097656 976.281921386719 969.400268554688 970.647094726562 969.543273925781 968.082397460938 970.698120117188 971.058959960938 962.994750976562 959.500732421875 953.305053710938 954.7724609375 955.358825683594 960.337951660156 943.334167480469 938.454467773438 932.438781738281 936.867248535156 933.685974121094 921.829650878906 919.553649902344 912.674011230469 923.995971679688 939.346252441406 944.861877441406 957.290954589844 956.260864257812 970.155334472656 975.267517089844 981.420776367188 993.475341796875 993.144958496094 1004.91656494141 997.500549316406 999.211791992188 1009.07183837891 1006.84234619141 1003.28619384766 977.609191894531 957.641723632812 943.933715820312 945.187377929688 948.344116210938 944.968933105469 932.200500488281
984.944763183594 975.10791015625 980.485229492188 981.799865722656 984.030822753906 985.237060546875 982.806457519531 977.06298828125 978.4423828125 972.485412597656 969.274230957031 964.228759765625 965.137145996094 964.768798828125 964.353759765625 946.435852050781 943.882202148438 937.109130859375 944.275329589844 943.736145019531 935.317626953125 938.926513671875 928.386962890625 926.427673339844 939.375305175781 946.422790527344 954.530822753906 960.733215332031 969.513061523438 980.66259765625 991.852111816406 992.366394042969 1000.66101074219 1008.77874755859 1006.33264160156 1007.61737060547 1002.28338623047 1011.26251220703 992.162353515625 978.362121582031 965.723999023438 946.927307128906 950.178100585938 945.22021484375 937.063354492188 928.620239257812
987.739074707031 980.265197753906 979.881530761719 991.453247070312 994.860717773438 990.469909667969 984.552124023438 987.639892578125 983.710876464844 979.010375976562 966.92138671875 967.067626953125 965.704650878906 969.201110839844 968.4306640625 951.136840820312 946.477233886719 944.949890136719 948.867431640625 954.499267578125 951.30419921875 934.107177734375 932.903930664062 929.748779296875 935.568725585938 949.20556640625 952.333312988281 958.9541015625 972.236877441406 982.546203613281 987.469909667969 996.045715332031 1008.53363037109 1008.02478027344 1013.93890380859 1015.23468017578 1016.87817382812 1012.48132324219 995.0966796875 975.422912597656 963.043701171875 955.095581054688 942.4072265625 944.802551269531 937.578002929688 931.503234863281
991.971862792969 992.360473632812 987.256652832031 998.341918945312 1002.65014648438 999.430358886719 992.423156738281 1001.68792724609 997.820068359375 991.588989257812 981.065490722656 973.449340820312 978.651550292969 971.087097167969 967.496704101562 967.827514648438 966.898681640625 959.113342285156 961.5791015625 962.791076660156 952.390747070312 942.658142089844 941.188232421875 939.130249023438 937.039794921875 950.947937011719 958.470275878906 956.705627441406 968.513366699219 984.917175292969 991.434997558594 1006.79119873047 1011.3408203125 1014.95635986328 1017.57849121094 1022.06024169922 1017.35290527344 1005.19024658203 985.774597167969 973.760681152344 960.744140625 947.721618652344 947.988647460938 947.134338378906 940.554138183594 920.942138671875
995.56591796875 993.152221679688 1001.31048583984 1006.45874023438 996.764099121094 1001.26440429688 997.153259277344 996.918823242188 998.6767578125 995.927917480469 994.323669433594 988.351501464844 988.248474121094 976.021179199219 975.966491699219 985.746398925781 983.346557617188 969.92041015625 975.620788574219 980.417602539062 966.654663085938 961.654724121094 959.099853515625 945.408569335938 944.943420410156 947.390686035156 955.052185058594 959.002258300781 974.641296386719 987.775146484375 1001.12567138672 1008.97583007812 1011.35577392578 1018.70562744141 1025.99230957031 1029.625 1012.25476074219 1003.28070068359 983.006103515625 971.572998046875 965.271789550781 956.918701171875 947.296691894531 946.955932617188 938.43115234375 927.515197753906
998.959228515625 994.214904785156 994.139526367188 995.683837890625 1000.41436767578 1003.42614746094 1003.31616210938 1001.48297119141 1000.07635498047 998.104919433594 1001.23150634766 1007.98907470703 1006.52374267578 989.218994140625 992.417785644531 999.446472167969 994.526428222656 989.397827148438 983.189758300781 981.308898925781 977.730529785156 974.564758300781 972.817199707031 970.730590820312 961.015625 961.261657714844 955.398193359375 958.701416015625 976.552124023438 995.706420898438 1010.3134765625 1018.52740478516 1018.42047119141 1021.73803710938 1028.67102050781 1017.05426025391 1013.59002685547 999.202087402344 987.149536132812 972.939697265625 974.265869140625 964.564880371094 953.143005371094 941.669006347656 937.555053710938 938.531860351562
1004.87286376953 1001.78466796875 1004.10205078125 1002.60498046875 1008.03985595703 996.394287109375 1001.63464355469 1004.70465087891 999.937866210938 1007.68041992188 1014.53436279297 1014.74493408203 1008.92755126953 1006.66558837891 999.812561035156 1000.09442138672 1007.18115234375 996.249267578125 987.363159179688 986.03955078125 981.523742675781 987.023010253906 978.717529296875 974.880187988281 974.388000488281 971.438110351562 968.360534667969 981.031677246094 994.552062988281 1003.32141113281 1017.18670654297 1025.08459472656 1030.80310058594 1025.71105957031 1031.0615234375 1021.65240478516 1009.67150878906 1001.94482421875 983.72314453125 980.487731933594 982.515075683594 974.764953613281 956.859924316406 943.492431640625 936.226867675781 932.317993164062
1006.90600585938 1010.29510498047 1007.14013671875 1009.44201660156 1001.0087890625 1000.62237548828 1004.29089355469 1004.81903076172 1009.09136962891 1020.47869873047 1026.11791992188 1023.64990234375 1013.01995849609 1016.71026611328 1007.96447753906 1000.30877685547 1006.65899658203 1003.82916259766 997.631774902344 998.967163085938 998.486328125 996.666442871094 995.607421875 986.62353515625 970.403747558594 975.316589355469 977.073303222656 987.153869628906 998.927429199219 1011.99835205078 1011.17993164062 1019.658203125 1031.39172363281 1032.32543945312 1026.509765625 1022.50811767578 1019.17797851562 1012.28259277344 991.978332519531 989.817626953125 979.336669921875 969.8271484375 955.912536621094 950.346923828125 945.912902832031 939.404602050781
1014.24462890625 1012.05316162109 1008.34564208984 1010.84442138672 1010.89721679688 1004.80072021484 999.810791015625 1002.41229248047 1011.28295898438 1021.8271484375 1030.55456542969 1022.77178955078 1014.74505615234 1019.51373291016 1017.94897460938 999.004516601562 1003.25018310547 1005.16522216797 1006.56848144531 1005.41687011719 1004.84197998047 1005.99194335938 1000.82958984375 991.163391113281 984.779724121094 968.948913574219 974.830810546875 996.319580078125 1003.58129882812 1005.27514648438 1010.96435546875 1025.61047363281 1033.27954101562 1030.13537597656 1031.34399414062 1015.00512695312 1016.48834228516 1012.19152832031 1002.75 998.283569335938 982.618469238281 976.234375 964.4013671875 944.90966796875 943.706665039062 936.014892578125
1024.2314453125 1019.19476318359 1009.85632324219 1012.14300537109 1011.59771728516 1010.47235107422 1015.37243652344 1011.56408691406 1010.00805664062 1030.80334472656 1024.54821777344 1023.11773681641 1019.66046142578 1018.45910644531 1012.80181884766 1001.13293457031 1006.46990966797 1003.31097412109 999.314392089844 1003.10327148438 1007.32794189453 1004.43359375 997.917419433594 993.863891601562 997.082214355469 987.0244140625 988.359191894531 1005.06030273438 1013.05621337891 1013.72247314453 1019.65161132812 1033.63232421875 1035.5361328125 1028.05200195312 1024.46118164062 1024.93896484375 1014.81451416016 1016.20440673828 1003.52966308594 995.703735351562 993.523132324219 977.192993164062 965.186889648438 951.403930664062 942.642700195312 940.299682617188
1030.07836914062 1030.14758300781 1012.90063476562 1012.41125488281 1017.11798095703 1023.25579833984 1013.15991210938 1009.83337402344 1004.91375732422 1020.96374511719 1022.26373291016 1021.61755371094 1010.24822998047 1018.96752929688 1014.27728271484 1003.35620117188 1010.48779296875 1001.39007568359 1003.89428710938 1015.54071044922 1005.6494140625 1003.29498291016 991.780578613281 988.476257324219 993.602416992188 997.181518554688 991.874084472656 1007.75744628906 1021.46655273438 1028.72473144531 1023.17535400391 1033.25732421875 1033.21936035156 1030.96044921875 1030.93371582031 1020.27459716797 1017.90081787109 1012.57299804688 1008.84790039062 998.631225585938 979.944763183594 973.006225585938 963.20751953125 957.035949707031 950.404174804688 947.155944824219
1024.31762695312 1027.30773925781 1014.41052246094 1006.25640869141 1017.9658203125 1025.650390625 1015.83752441406 1003.37725830078 1006.63836669922 1005.42266845703 1010.87854003906 1010.07946777344 1018.05108642578 1015.29357910156 1013.55773925781 1007.69732666016 1010.38806152344 1008.49359130859 1010.66363525391 1017.25036621094 1021.58001708984 1008.23571777344 1001.89709472656 994.117248535156 992.711608886719 997.024230957031 1013.95471191406 1013.77087402344 1018.80004882812 1026.49450683594 1026.24914550781 1039.45190429688 1040.06921386719 1037.24658203125 1031.7763671875 1027.47351074219 1030.8857421875 1025.55688476562 1026.07946777344 1005.5986328125 991.532348632812 976.012939453125 971.000671386719 955.743041992188 950.097473144531 950.50830078125
1017.64709472656 1016.50653076172 1007.92413330078 1008.50952148438 1022.66735839844 1025.107421875 1013.57830810547 1008.51922607422 1002.88128662109 1003.90643310547 1005.87567138672 1010.87976074219 1011.27496337891 1012.37286376953 1006.86248779297 1018.70648193359 1011.49047851562 1019.22564697266 1021.51354980469 1017.50738525391 1019.67651367188 1013.33074951172 1006.19146728516 1005.51928710938 1001.86657714844 1004.60729980469 1021.14770507812 1017.70355224609 1019.56378173828 1036.95153808594 1034.94775390625 1036.56066894531 1035.04321289062 1034.81201171875 1042.33410644531 1035.3876953125 1025.82922363281 1017.51971435547 1016.36297607422 1011.01409912109 982.738220214844 979.72412109375 972.373901367188 962.387268066406 955.959838867188 945.229309082031
1022.59088134766 1011.47491455078 1008.25982666016 999.990600585938 1011.13775634766 1014.60467529297 1004.41027832031 1006.72680664062 1004.646484375 1001.30279541016 1004.70208740234 1007.4423828125 1005.34338378906 1011.43304443359 1018.59075927734 1028.2978515625 1027.46276855469 1024.72387695312 1018.03985595703 1025.00866699219 1013.74200439453 1017.14697265625 1017.71600341797 1015.47760009766 1015.42889404297 1015.78308105469 1015.68536376953 1017.25274658203 1028.46276855469 1024.654296875 1035.94714355469 1037.58654785156 1035.32897949219 1033.83679199219 1025.53479003906 1030.93798828125 1024.90124511719 1025.74865722656 1017.55932617188 1010.42193603516 996.166870117188 991.463500976562 980.163757324219 975.571228027344 959.210266113281 953.538635253906
1016.53918457031 1005.31793212891 1014.88037109375 1009.01477050781 1008.50109863281 1013.27471923828 1011.43634033203 1008.61663818359 995.878051757812 994.497192382812 1004.34887695312 1014.92272949219 1013.79626464844 1016.55218505859 1018.73071289062 1020.26574707031 1024.99865722656 1027.57763671875 1029.09008789062 1026.70532226562 1022.88677978516 1018.857421875 1024.02575683594 1015.79772949219 1023.23944091797 1020.44750976562 1020.14898681641 1033.1728515625 1024.98400878906 1023.69293212891 1024.91528320312 1025.59228515625 1031.02429199219 1022.23876953125 1018.04022216797 1021.03540039062 1017.89611816406 1016.11218261719 1011.85858154297 1010.35919189453 1002.12518310547 990.389526367188 988.709655761719 983.412475585938 968.675903320312 972.038879394531
1012.36285400391 1011.64343261719 1013.17645263672 1004.44512939453 1007.03179931641 1009.640625 1009.79498291016 1005.52233886719 993.995666503906 992.630676269531 1006.74407958984 1012.10961914062 1017.74407958984 1019.28216552734 1016.57257080078 1021.2861328125 1029.12646484375 1024.03662109375 1027.26611328125 1027.88818359375 1024.30261230469 1023.12066650391 1021.05706787109 1027.63635253906 1020.80767822266 1028.09313964844 1020.73760986328 1029.26916503906 1031.60070800781 1033.73547363281 1032.79309082031 1027.76293945312 1026.77490234375 1019.12634277344 1012.87951660156 1012.80053710938 1011.98931884766 1008.55853271484 1007.79504394531 1005.57684326172 1006.9208984375 999.628723144531 994.8056640625 985.57958984375 981.537841796875 983.349487304688
1011.65490722656 1002.08361816406 1002.82568359375 1005.92291259766 1006.81658935547 998.862426757812 999.9921875 996.969604492188 992.625061035156 984.994018554688 1000.6806640625 1006.71240234375 1010.33850097656 1018.84448242188 1022.54901123047 1023.97583007812 1028.38916015625 1026.58312988281 1025.80285644531 1024.97436523438 1033.82092285156 1027.78674316406 1020.41400146484 1027.16918945312 1026.513671875 1023.88623046875 1025.17126464844 1029.88635253906 1020.21844482422 1028.21691894531 1027.43127441406 1019.70910644531 1024.24743652344 1014.35534667969 1014.79223632812 1016.25421142578 1002.42492675781 998.936706542969 1005.01556396484 1006.65832519531 1005.66961669922 1003.01599121094 1002.89105224609 991.359436035156 988.477783203125 982.475524902344
