data/zlatibor_dem_simulations/DEMsim62.asc
NCOLS 150
NROWS 100
XLLCORNER 7394249
YLLCORNER 4841999
CELLSIZE 30
NODATA_VALUE -9999
[rows 60 to 79 of 100, columns 0 to 45 of 150]
954.040832519531 948.544921875 945.102600097656 954.16796875 957.345642089844 971.878540039062 963.038696289062 960.902587890625 964.052429199219 962.1123046875 962.928771972656 958.438171386719 958.529235839844 956.165832519531 952.200256347656 953.9140625 965.749816894531 965.561157226562 963.7060546875 964.933715820312 964.850219726562 956.628784179688 959.658508300781 953.926940917969 955.211486816406 960.335815429688 956.30615234375 960.442687988281 948.417907714844 950.682983398438 954.803283691406 947.069580078125 946.358581542969 951.717895507812 946.529663085938 949.388793945312 946.861999511719 952.737182617188 947.861999511719 937.486999511719 942.793762207031 951.603881835938 957.252624511719 946.974060058594 948.86669921875 954.222351074219
953.1396484375 949.78759765625 959.926452636719 954.965393066406 958.336364746094 958.475769042969 967.535766601562 967.775634765625 959.674194335938 961.648803710938 954.114868164062 956.326171875 957.639099121094 956.70947265625 953.620056152344 956.16943359375 950.368103027344 960.148986816406 965.071533203125 967.285888671875 960.10400390625 957.755798339844 957.329772949219 954.218322753906 966.138732910156 959.253112792969 952.429321289062 951.9033203125 948.347290039062 950.431823730469 955.310791015625 945.331909179688 952.217346191406 958.929138183594 951.592407226562 954.25341796875 952.99365234375 947.507141113281 943.118286132812 939.483215332031 936.899108886719 945.801025390625 959.99072265625 952.801391601562 951.631713867188 957.88525390625
961.1640625 952.08203125 958.734619140625 959.267272949219 964.950378417969 963.81640625 964.300537109375 964.42431640625 962.528747558594 961.718627929688 963.454895019531 959.336364746094 950.53076171875 952.514221191406 953.523315429688 961.6025390625 957.741760253906 955.005004882812 962.825805664062 963.253234863281 957.063171386719 954.894592285156 952.859436035156 954.566162109375 956.137512207031 952.849548339844 951.228576660156 945.088134765625 946.219360351562 950.341247558594 947.210571289062 952.287719726562 952.24267578125 952.656860351562 955.308532714844 948.615417480469 944.901977539062 945.810485839844 946.002563476562 943.843811035156 947.523315429688 949.950988769531 950.642272949219 952.708251953125 957.805541992188 952.048095703125
963.802429199219 957.911926269531 963.805297851562 959.562255859375 955.106689453125 959.099365234375 956.1328125 964.670837402344 961.073852539062 965.986450195312 950.721801757812 957.271606445312 952.311096191406 950.348388671875 961.398864746094 966.345397949219 955.859008789062 956.178039550781 958.892517089844 954.583801269531 947.095642089844 947.417297363281 945.90185546875 949.240478515625 945.969543457031 947.366943359375 945.436096191406 943.008239746094 942.264404296875 943.594909667969 945.876647949219 944.173278808594 943.206237792969 948.38232421875 947.080444335938 940.652709960938 942.884399414062 943.819274902344 948.376708984375 942.345153808594 950.129150390625 952.555236816406 955.613708496094 952.344909667969 954.632141113281 955.49462890625
964.966491699219 959.869201660156 954.888549804688 959.020629882812 959.217529296875 953.442749023438 953.546325683594 958.474609375 957.406921386719 956.963989257812 958.568298339844 950.557800292969 946.459838867188 952.714233398438 955.284790039062 953.388854980469 945.646606445312 944.964477539062 949.791564941406 943.9169921875 940.469482421875 942.847595214844 939.424987792969 936.96484375 940.849365234375 952.48388671875 944.495910644531 941.689819335938 941.092712402344 941.217346191406 944.759460449219 947.040710449219 950.618469238281 948.816101074219 942.066650390625 943.642700195312 944.647155761719 947.26953125 950.246398925781 949.0498046875 957.101013183594 957.5361328125 956.337829589844 958.343933105469 957.343566894531 957.965087890625
954.603271484375 950.367248535156 952.833862304688 951.547485351562 959.243713378906 962.913330078125 962.173828125 959.146850585938 946.632873535156 944.467651367188 947.667114257812 948.499267578125 943.7431640625 944.372985839844 944.211608886719 944.714538574219 941.107360839844 940.044189453125 938.972473144531 946.773986816406 943.614379882812 941.328491210938 956.347961425781 951.532287597656 942.122253417969 941.958435058594 940.176635742188 946.101867675781 941.441345214844 946.635925292969 944.63623046875 956.428405761719 949.180969238281 950.929260253906 946.354797363281 938.796020507812 940.933715820312 944.840209960938 952.022338867188 958.363647460938 958.021362304688 958.784729003906 963.208984375 962.693115234375 962.3134765625 964.684326171875
957.93017578125 950.979125976562 947.78173828125 951.379577636719 956.6640625 948.270324707031 955.33740234375 955.968444824219 946.375610351562 942.796691894531 943.052978515625 948.981140136719 946.7568359375 948.474487304688 943.915710449219 941.658935546875 946.726745605469 938.803833007812 940.482055664062 938.206604003906 944.620544433594 949.092651367188 951.793701171875 946.0078125 941.609375 954.202087402344 954.051208496094 946.384704589844 948.76513671875 952.418090820312 957.553588867188 958.657653808594 954.062438964844 941.358581542969 945.204162597656 938.483520507812 937.555969238281 953.598937988281 952.304016113281 962.459228515625 955.983215332031 956.683654785156 956.40625 950.537536621094 970.009399414062 967.952941894531
962.921936035156 961.303771972656 950.684326171875 942.908325195312 941.459899902344 943.956481933594 939.319885253906 946.657165527344 952.526123046875 939.761291503906 941.707336425781 942.393859863281 949.852600097656 949.847900390625 952.5244140625 952.1181640625 950.788696289062 952.641296386719 942.6279296875 949.770874023438 950.558471679688 956.321105957031 948.419616699219 954.244812011719 956.819702148438 959.668762207031 946.520874023438 955.37109375 955.737548828125 959.376708984375 953.107299804688 952.510681152344 948.392395019531 944.103637695312 950.059448242188 951.902770996094 947.611999511719 952.370544433594 952.610961914062 953.889038085938 958.699584960938 963.31591796875 961.742736816406 961.226196289062 963.398193359375 973.709411621094
949.720397949219 956.432495117188 953.191467285156 946.855285644531 938.975524902344 941.068359375 934.069702148438 940.951354980469 939.657897949219 933.214904785156 940.596923828125 946.233032226562 953.483703613281 959.216735839844 963.559143066406 961.130187988281 960.110900878906 957.735534667969 951.299865722656 961.819702148438 958.048278808594 966.505554199219 963.161804199219 954.71826171875 961.030578613281 959.806274414062 953.245178222656 961.968078613281 971.679138183594 959.067810058594 963.650268554688 967.406921386719 959.058166503906 954.2822265625 956.984375 953.242614746094 951.430541992188 951.775268554688 957.929321289062 960.592651367188 965.256286621094 959.289978027344 961.654541015625 964.270080566406 962.530517578125 968.942687988281
954.269653320312 956.356628417969 950.62939453125 946.975036621094 939.193786621094 939.035949707031 944.126525878906 931.503051757812 933.275939941406 933.775207519531 933.066467285156 944.279113769531 951.797485351562 964.709045410156 968.342041015625 962.327209472656 965.184997558594 960.905700683594 961.865478515625 960.866760253906 961.631774902344 972.904846191406 961.253479003906 977.137329101562 973.564636230469 965.628784179688 951.012329101562 960.747985839844 963.142395019531 966.785278320312 971.731567382812 972.851440429688 963.598571777344 958.743713378906 951.704895019531 960.894470214844 962.145263671875 960.199279785156 969.222290039062 969.326965332031 965.596618652344 969.622436523438 977.348815917969 966.942932128906 976.214660644531 972.168212890625
953.09326171875 948.437316894531 947.034790039062 942.257934570312 936.394409179688 938.533081054688 935.99609375 929.379577636719 931.085083007812 937.018981933594 936.549987792969 947.613098144531 955.195251464844 969.005493164062 976.047180175781 968.645080566406 966.048645019531 967.437377929688 964.50244140625 968.826904296875 968.784912109375 972.494995117188 976.341003417969 972.809631347656 973.783264160156 967.945739746094 954.915466308594 967.767761230469 970.556701660156 966.813781738281 973.639953613281 979.514038085938 965.493347167969 953.611694335938 966.169860839844 966.506713867188 967.743041992188 973.228942871094 969.912658691406 976.222595214844 975.991882324219 976.712768554688 976.987548828125 971.402648925781 990.60888671875 989.6611328125
952.633483886719 947.933776855469 942.804077148438 936.785522460938 940.980285644531 937.636047363281 943.10888671875 938.450622558594 935.998352050781 935.791076660156 938.767700195312 946.850708007812 958.14697265625 981.181640625 977.277526855469 970.291748046875 974.621398925781 972.585632324219 968.39208984375 974.660522460938 981.303039550781 973.657104492188 980.605773925781 978.5419921875 980.167236328125 973.041137695312 970.196166992188 969.664733886719 969.270263671875 961.090026855469 974.015930175781 966.924438476562 968.229797363281 966.20849609375 963.504089355469 966.675964355469 971.371215820312 969.480163574219 970.985473632812 975.569763183594 971.958251953125 973.950134277344 979.782775878906 981.090759277344 984.310546875 997.795227050781
957.124145507812 945.5322265625 944.0537109375 937.957336425781 934.764709472656 934.501586914062 931.689025878906 932.525634765625 940.362426757812 939.299133300781 939.895202636719 953.389465332031 957.344543457031 978.101257324219 989.696655273438 983.102661132812 980.166687011719 972.6083984375 970.930053710938 984.624694824219 983.448913574219 974.11865234375 978.649719238281 987.81640625 977.469604492188 978.467102050781 978.988342285156 970.757202148438 974.897583007812 965.436401367188 963.40625 969.111083984375 975.650207519531 974.754638671875 969.962951660156 969.274169921875 964.932983398438 970.496887207031 969.349914550781 973.057067871094 976.477661132812 987.515930175781 986.637145996094 983.706970214844 985.096740722656 987.839721679688
952.930053710938 946.384704589844 936.42333984375 929.5302734375 932.917602539062 927.182189941406 935.420043945312 941.258666992188 950.375854492188 935.494506835938 942.958251953125 960.944763183594 965.432739257812 978.406982421875 990.057495117188 978.55859375 982.048095703125 979.359069824219 977.922912597656 981.139770507812 980.442932128906 977.230224609375 976.829772949219 974.589660644531 976.07763671875 977.961853027344 973.054077148438 963.200073242188 963.11376953125 961.649169921875 970.498474121094 976.768676757812 979.43994140625 982.160278320312 969.09814453125 964.353271484375 960.559936523438 968.476257324219 980.854736328125 977.248046875 987.20849609375 975.793212890625 986.804138183594 980.832946777344 991.595642089844 993.57763671875
945.8017578125 942.502319335938 940.134155273438 933.699340820312 936.358703613281 931.377990722656 938.873107910156 943.844055175781 947.815368652344 945.401245117188 950.857116699219 955.047058105469 968.935180664062 976.799743652344 977.478576660156 984.518676757812 982.911865234375 988.383056640625 986.707702636719 985.888854980469 990.364196777344 979.116455078125 971.909484863281 971.38671875 972.929565429688 966.763549804688 972.055541992188 959.287231445312 967.903503417969 964.2353515625 969.319091796875 975.331665039062 977.552307128906 975.597534179688 974.636291503906 965.777160644531 966.829467773438 966.363830566406 976.99169921875 980.113525390625 980.898559570312 975.253479003906 982.865844726562 987.18994140625 989.111755371094 987.237487792969
937.752807617188 938.851013183594 931.876159667969 938.064025878906 932.980346679688 932.3759765625 935.902099609375 928.254638671875 937.230407714844 947.484619140625 954.218322753906 963.536376953125 969.371765136719 978.918090820312 975.584167480469 977.373840332031 985.20947265625 980.91357421875 990.433776855469 987.326354980469 994.304321289062 985.732788085938 977.699340820312 980.260864257812 974.673950195312 964.3193359375 970.973266601562 965.770874023438 961.733520507812 965.122131347656 964.565307617188 971.400085449219 969.524291992188 958.387451171875 968.948181152344 964.99072265625 970.9619140625 971.226013183594 982.693481445312 992.811584472656 980.662170410156 977.986450195312 989.12890625 993.004516601562 993.414672851562 995.151550292969
941.248352050781 935.462158203125 931.43359375 936.289245605469 939.519714355469 937.156311035156 930.254028320312 931.454467773438 937.116943359375 945.725036621094 954.243957519531 957.135070800781 962.857177734375 973.614929199219 980.2685546875 979.678955078125 980.628173828125 984.880249023438 989.757141113281 992.737915039062 992.035583496094 991.2509765625 983.8828125 986.59423828125 977.782531738281 974.677673339844 970.557556152344 968.38818359375 961.996887207031 970.553161621094 974.212646484375 974.995666503906 964.070190429688 960.649719238281 965.458068847656 973.068176269531 976.273986816406 975.823608398438 984.164123535156 999.967163085938 987.821472167969 988.614868164062 995.422302246094 1000.72601318359 1001.49066162109 1007.82299804688
942.525451660156 937.979431152344 942.490051269531 930.07275390625 935.024841308594 937.434204101562 938.659545898438 945.251953125 949.362854003906 948.4052734375 959.208312988281 962.318237304688 967.030700683594 973.17724609375 981.466674804688 988.009887695312 985.9921875 989.372619628906 992.570129394531 990.89404296875 994.926696777344 991.398498535156 990.44140625 984.461975097656 989.131042480469 976.520629882812 974.233642578125 975.276794433594 969.097900390625 977.590087890625 977.528991699219 977.924987792969 980.009399414062 976.5234375 973.365112304688 975.5625 987.540405273438 975.481506347656 994.32958984375 1002.52880859375 991.108215332031 992.145751953125 998.850769042969 1001.61907958984 1003.99871826172 1007.85101318359
951.528869628906 947.563842773438 939.4677734375 945.94921875 943.807373046875 939.183349609375 940.362426757812 942.426147460938 950.511108398438 954.500732421875 961.621215820312 960.301391601562 961.432800292969 970.109985351562 979.013732910156 978.391479492188 981.131286621094 981.3173828125 986.096374511719 995.683654785156 992.874633789062 991.113098144531 994.328369140625 984.664123535156 992.694458007812 990.872497558594 1000.90020751953 982.040405273438 979.833374023438 986.3095703125 980.595825195312 983.711059570312 983.035339355469 982.740661621094 974.428649902344 979.064575195312 985.00732421875 985.389709472656 990.399780273438 994.034301757812 993.665710449219 990.360290527344 997.096435546875 1000.17687988281 1019.31494140625 1007.35394287109
953.016479492188 948.132141113281 950.135131835938 948.710998535156 947.070617675781 938.274841308594 937.727905273438 942.278991699219 954.705322265625 953.984741210938 954.126892089844 959.54541015625 960.7041015625 973.841430664062 971.899597167969 964.439392089844 980.502624511719 978.693542480469 985.550415039062 1000.03051757812 1003.49444580078 1000.02459716797 991.98583984375 1000.44073486328 992.199890136719 990.47509765625 1000.09716796875 988.925354003906 989.752136230469 987.872375488281 981.642272949219 984.0078125 989.220458984375 988.46728515625 980.562744140625 988.488037109375 988.493225097656 988.817199707031 991.244445800781 990.014587402344 995.6943359375 994.190063476562 1004.02587890625 1010.67309570312 1015.77770996094 1010.51202392578
