data/zlatibor_dem_simulations/DEMsim35.asc
NCOLS 150
NROWS 100
XLLCORNER 7394249
YLLCORNER 4841999
CELLSIZE 30
NODATA_VALUE -9999
[rows 20 to 39 of 100, columns 92 to 137 of 150]
1007.25921630859 1005.80041503906 1005.67272949219 1002.41375732422 1012.12341308594 1015.68249511719 1007.76715087891 1009.84564208984 1016.8203125 1015.84155273438 1021.65209960938 1008.59637451172 1013.89221191406 997.992553710938 993.919799804688 997.032287597656 985.470825195312 984.714599609375 974.177673339844 958.171752929688 952.810729980469 942.859985351562 937.076477050781 931.975219726562 938.508056640625 933.442687988281 945.209106445312 951.846008300781 968.123718261719 982.987976074219 991.9052734375 994.677368164062 1010.23706054688 1009.04132080078 1014.69055175781 1025.46557617188 1034.82397460938 1044.91455078125 1052.05358886719 1052.54309082031 1049.03735351562 1056.75122070312 1051.64721679688 1055.10827636719 1048.03918457031 1056.2744140625
1014.85321044922 1014.87475585938 1020.72143554688 1016.04180908203 1024.36071777344 1015.41888427734 1013.72912597656 1011.43341064453 1006.66668701172 1011.09497070312 1008.79174804688 1014.70959472656 1012.25494384766 999.661987304688 1000.25891113281 997.179809570312 981.923950195312 974.87109375 967.6181640625 965.715393066406 949.572143554688 947.195495605469 941.189086914062 937.578186035156 934.796936035156 936.674560546875 948.864562988281 964.415893554688 980.287658691406 987.403076171875 998.270568847656 1010.16278076172 1016.31750488281 1027.69567871094 1023.73254394531 1040.23645019531 1044.23913574219 1044.92126464844 1057.34362792969 1053.63708496094 1038.79528808594 1051.05004882812 1053.30895996094 1055.65185546875 1050.79174804688 1053.57507324219
1018.99450683594 1024.98071289062 1033.4658203125 1026.56958007812 1015.88073730469 1010.16845703125 1018.72064208984 1012.48822021484 1006.75622558594 1011.23822021484 1011.56329345703 1010.50451660156 1004.78039550781 1002.15142822266 1003.48638916016 1005.29351806641 982.619567871094 975.428771972656 972.39013671875 960.593933105469 950.0693359375 949.152954101562 940.855407714844 938.44384765625 943.908203125 954.46435546875 961.105407714844 977.869201660156 989.06103515625 993.864318847656 1006.27429199219 1008.89282226562 1017.39666748047 1025.15856933594 1040.15588378906 1037.24694824219 1047.00024414062 1052.63269042969 1053.28112792969 1041.49792480469 1040.59985351562 1036.93762207031 1045.59582519531 1050.72900390625 1057.78149414062 1063.39074707031
1028.62780761719 1023.28973388672 1030.60681152344 1018.77777099609 1021.12670898438 1021.03253173828 1018.41833496094 1010.94085693359 999.719299316406 1004.69842529297 1006.39965820312 1006.11212158203 1004.81207275391 1011.94256591797 1012.11016845703 1005.52838134766 988.545654296875 972.5068359375 972.59716796875 959.345642089844 951.566772460938 949.314208984375 939.878662109375 946.400329589844 948.374938964844 959.755676269531 976.644409179688 992.525390625 998.190673828125 1000.43353271484 1007.96868896484 1016.25067138672 1021.95861816406 1033.06750488281 1038.96594238281 1041.32946777344 1037.18212890625 1047.56726074219 1044.16320800781 1046.66040039062 1040.53820800781 1047.98010253906 1051.08520507812 1059.61584472656 1061.60729980469 1051.00524902344
1033.09497070312 1031.27331542969 1034.80871582031 1030.82067871094 1017.91369628906 1021.40008544922 1010.83386230469 1002.19122314453 993.935302734375 1002.91540527344 1005.22937011719 1015.27087402344 1013.39440917969 1012.42553710938 1008.12438964844 998.38623046875 984.79443359375 969.259216308594 970.088500976562 963.240234375 958.714660644531 949.185546875 945.359313964844 959.514831542969 953.403198242188 960.580444335938 971.427185058594 988.098999023438 1002.03894042969 1009.58935546875 1014.51672363281 1017.39459228516 1020.42163085938 1035.13659667969 1039.36596679688 1034.73815917969 1034.69482421875 1039.71520996094 1048.5146484375 1047.24597167969 1045.32153320312 1041.83312988281 1063.27783203125 1062.27587890625 1056.30090332031 1044.35375976562
1029.81640625 1032.84204101562 1027.03466796875 1024.85559082031 1017.314453125 1013.24774169922 1009.06115722656 1000.46044921875 994.586853027344 1001.75714111328 1001.82489013672 1007.40026855469 1006.48907470703 1014.14440917969 1004.66491699219 998.369445800781 987.1181640625 974.06201171875 956.154663085938 955.846984863281 951.140808105469 940.740417480469 948.1484375 951.514831542969 948.939086914062 954.943481445312 962.465393066406 988.013244628906 1005.72015380859 1018.07415771484 1028.84252929688 1021.84606933594 1023.53289794922 1032.328125 1045.6025390625 1037.74523925781 1035.72253417969 1035.02429199219 1042.56433105469 1048.46130371094 1040.55139160156 1037.47473144531 1048.21337890625 1048.74609375 1052.76293945312 1050.5537109375
1025.49548339844 1018.70269775391 1018.2666015625 1018.486328125 1012.31817626953 1013.56536865234 1008.52575683594 997.024841308594 1001.54107666016 1007.06665039062 1004.11706542969 999.349182128906 1007.14886474609 998.548828125 995.810241699219 997.743957519531 990.38330078125 979.210205078125 952.991760253906 955.107482910156 945.40380859375 948.536987304688 947.498657226562 951.986267089844 948.186157226562 953.797485351562 965.032775878906 992.079772949219 1008.96411132812 1009.51538085938 1022.82098388672 1021.33569335938 1029.39709472656 1036.84765625 1032.37854003906 1042.15075683594 1038.47106933594 1035.931640625 1045.517578125 1045.07849121094 1036.09753417969 1041.44812011719 1038.55358886719 1035.1796875 1034.85900878906 1047.43957519531
1022.0791015625 1015.99200439453 1019.50872802734 1018.69464111328 1022.82025146484 1018.66864013672 1008.17443847656 1001.77429199219 1008.84484863281 1012.79736328125 1006.38873291016 1003.98303222656 1004.25170898438 993.369018554688 1002.80633544922 999.534240722656 984.976257324219 981.221618652344 965.065185546875 960.770812988281 953.227783203125 942.62939453125 951.84912109375 951.545959472656 961.646484375 954.0009765625 963.536376953125 983.178039550781 993.450012207031 1003.57757568359 1014.44458007812 1020.36505126953 1027.66296386719 1035.93786621094 1033.85388183594 1035.58032226562 1030.69787597656 1037.01110839844 1052.70629882812 1044.31005859375 1033.57263183594 1032.15405273438 1033.154296875 1035.70141601562 1039.54772949219 1036.4501953125
1021.69689941406 1017.41851806641 1021.21716308594 1024.00427246094 1025.14514160156 1013.59930419922 1000.27325439453 1003.34332275391 1007.30340576172 1008.50946044922 1014.28033447266 1009.67413330078 1002.49652099609 1006.17510986328 995.399536132812 1000.5830078125 998.602355957031 983.407043457031 973.107177734375 957.432006835938 948.245300292969 948.017822265625 955.526428222656 958.205993652344 964.297912597656 952.712951660156 963.218200683594 968.458801269531 987.659973144531 1001.58929443359 1011.42663574219 1022.60870361328 1020.55603027344 1025.95751953125 1029.90185546875 1033.10144042969 1037.02429199219 1035.72509765625 1038.89501953125 1036.69018554688 1031.20678710938 1035.61413574219 1039.25561523438 1037.44470214844 1031.21557617188 1028.58166503906
1019.70202636719 1019.24102783203 1030.21667480469 1032.79064941406 1029.5 1021.822265625 1008.40759277344 1001.87170410156 1002.19329833984 1006.15252685547 1006.98590087891 1001.96557617188 1004.70599365234 1011.01031494141 996.080871582031 993.243957519531 986.224975585938 981.321350097656 963.039123535156 951.8115234375 950.213562011719 944.768005371094 946.064636230469 952.45166015625 959.018798828125 954.647521972656 957.6142578125 967.496520996094 990.334167480469 1003.37854003906 1009.67895507812 1012.44555664062 1015.19403076172 1017.46539306641 1021.419921875 1036.84155273438 1037.50476074219 1045.1220703125 1042.39575195312 1037.20178222656 1032.14990234375 1035.0849609375 1029.22436523438 1027.50952148438 1031.13415527344 1029.19909667969
1027.24841308594 1019.83569335938 1025.23193359375 1027.80676269531 1028.330078125 1022.55218505859 1018.11340332031 1008.55059814453 1007.62176513672 1011.33074951172 1006.36871337891 1007.8671875 1012.93133544922 1011.04895019531 1004.24371337891 1000.67822265625 992.057739257812 974.906066894531 963.201965332031 951.826599121094 944.702026367188 939.069580078125 938.025512695312 946.652587890625 957.603698730469 965.052001953125 961.12451171875 976.579772949219 979.46484375 998.757568359375 1009.08612060547 1020.03594970703 1019.68975830078 1015.80773925781 1026.08190917969 1031.10534667969 1041.85656738281 1050.24060058594 1042.89892578125 1028.78747558594 1027.49731445312 1021.22619628906 1018.80926513672 1025.63110351562 1027.33483886719 1028.373046875
1021.96160888672 1021.22552490234 1020.81677246094 1019.69165039062 1028.42919921875 1027.13171386719 1027.44836425781 1019.23614501953 1016.31286621094 1005.64526367188 1010.81219482422 1015.87554931641 1015.15637207031 1005.49114990234 1009.19665527344 994.603881835938 987.684387207031 972.48486328125 961.237548828125 954.539672851562 950.970581054688 951.053771972656 957.116882324219 951.697204589844 959.065612792969 968.087829589844 971.766784667969 975.148193359375 974.628845214844 991.567260742188 1006.82080078125 1018.51806640625 1019.35461425781 1020.62353515625 1022.44366455078 1027.966796875 1034.78491210938 1038.03002929688 1032.06225585938 1031.55590820312 1029.986328125 1018.18688964844 1010.64215087891 1010.13232421875 1021.60699462891 1024.58581542969
1019.28155517578 1013.40325927734 1017.05267333984 1021.77099609375 1027.11450195312 1025.39501953125 1023.24963378906 1018.57287597656 1000.77502441406 1005.56134033203 1004.87585449219 1018.21331787109 1016.56140136719 1002.44903564453 1008.41394042969 996.526000976562 989.278442382812 976.49072265625 967.532592773438 956.671569824219 960.816284179688 962.868408203125 968.720947265625 957.413208007812 964.368225097656 971.619384765625 963.05712890625 974.894104003906 973.742126464844 989.96630859375 992.529296875 1011.41650390625 1022.20843505859 1015.80212402344 1023.83770751953 1025.04028320312 1023.27130126953 1030.16369628906 1022.13659667969 1025.44445800781 1023.28210449219 1020.70172119141 1018.89068603516 1016.85693359375 1018.59204101562 1031.04064941406
1001.32653808594 1015.05700683594 1024.63305664062 1025.03405761719 1028.47814941406 1025.06127929688 1004.76104736328 1002.36370849609 989.564392089844 1001.67199707031 1006.27972412109 1010.51989746094 1001.01580810547 995.862915039062 1003.53240966797 996.8701171875 997.2119140625 984.991882324219 978.845825195312 974.307434082031 974.412292480469 979.311218261719 972.418029785156 957.1748046875 961.255187988281 968.308959960938 976.631591796875 980.545349121094 988.150390625 993.581359863281 996.623474121094 1011.078125 1014.14013671875 1019.40655517578 1022.98266601562 1020.45452880859 1026.78686523438 1020.17266845703 1024.44921875 1015.55187988281 1017.37957763672 1014.00567626953 1020.92626953125 1016.08978271484 1020.66735839844 1035.05871582031
1010.73309326172 1016.39990234375 1016.98217773438 1018.17022705078 1015.10412597656 1014.28332519531 1003.03515625 995.905395507812 989.38427734375 992.467529296875 995.283203125 992.727233886719 998.903747558594 995.789428710938 991.5869140625 992.355102539062 989.205932617188 986.322448730469 988.703857421875 985.318603515625 984.821838378906 981.95556640625 974.4970703125 966.754943847656 969.949035644531 972.4716796875 980.61083984375 979.018798828125 992.983947753906 993.529235839844 998.312622070312 1008.4287109375 1016.28088378906 1026.71276855469 1017.61395263672 1022.99810791016 1018.14093017578 1025.11584472656 1020.63238525391 1020.576171875 1012.17108154297 1014.24041748047 1026.25610351562 1019.72082519531 1033.26916503906 1041.14123535156
1018.48107910156 1014.16436767578 1008.11047363281 1007.06469726562 1004.54669189453 1001.72039794922 1007.3134765625 1001.45385742188 994.642211914062 994.077758789062 986.996948242188 990.487426757812 993.352783203125 1002.11920166016 997.155883789062 989.277465820312 987.372436523438 989.775207519531 990.811828613281 980.290832519531 987.297668457031 989.813232421875 986.530151367188 987.592346191406 980.355224609375 981.92578125 976.544921875 983.468505859375 989.399597167969 991.916015625 999.760437011719 1002.79614257812 1021.81146240234 1030.52880859375 1022.68572998047 1013.76623535156 1015.60717773438 1019.53662109375 1017.20220947266 1024.50329589844 1021.15881347656 1016.93835449219 1021.72729492188 1032.35693359375 1041.08459472656 1044.84423828125
1014.58129882812 1010.03765869141 989.487670898438 993.648254394531 999.8876953125 995.135192871094 999.915710449219 999.979370117188 1001.15600585938 993.619750976562 992.713989257812 989.216003417969 991.118957519531 1000.34716796875 1004.05310058594 992.861999511719 985.942016601562 987.807250976562 995.938781738281 988.962158203125 995.638305664062 994.917297363281 1000.38897705078 991.288818359375 990.741027832031 982.229736328125 991.339721679688 978.979370117188 991.800720214844 998.580932617188 1002.32043457031 1008.01385498047 1011.89471435547 1019.96429443359 1017.31030273438 1011.63366699219 1011.11950683594 1006.68756103516 1009.79248046875 1014.85101318359 1019.65985107422 1018.70654296875 1027.51672363281 1042.56396484375 1057.47912597656 1053.271484375
1009.57208251953 999.119995117188 992.851440429688 993.02099609375 997.526794433594 992.095031738281 990.787109375 991.8642578125 995.098815917969 991.266662597656 986.017150878906 986.853454589844 994.977844238281 993.497131347656 997.832946777344 993.480651855469 989.423278808594 991.445861816406 990.522277832031 998.147338867188 997.442626953125 995.269592285156 1003.56420898438 995.136474609375 989.591430664062 992.183471679688 997.776123046875 994.935791015625 996.247131347656 1001.00891113281 998.865844726562 1007.48181152344 996.835205078125 1014.11401367188 1009.38360595703 1014.97100830078 1010.29693603516 1005.15264892578 1006.52227783203 1016.40692138672 1026.02734375 1034.45983886719 1047.25817871094 1046.53039550781 1051.97534179688 1053.67431640625
1003.18719482422 996.335266113281 994.971557617188 988.62548828125 998.606994628906 988.472900390625 984.718688964844 987.10205078125 983.969299316406 993.27978515625 991.510070800781 993.500610351562 991.137573242188 995.630676269531 998.872802734375 988.392578125 985.103698730469 992.763122558594 1000.84783935547 1001.27453613281 997.634521484375 999.505493164062 998.091186523438 998.670959472656 997.427124023438 991.270141601562 998.670104980469 997.410034179688 995.24609375 1001.36254882812 998.504089355469 996.565795898438 999.067993164062 1001.94073486328 1000.69006347656 1001.55725097656 1002.52966308594 1002.04437255859 1012.67077636719 1014.92468261719 1020.8505859375 1034.5927734375 1040.78259277344 1050.64416503906 1043.12780761719 1055.28100585938
996.527893066406 998.411376953125 988.199462890625 986.779602050781 991.431640625 992.346130371094 986.829284667969 988.321350097656 983.577087402344 991.805908203125 987.594543457031 981.193603515625 987.66796875 990.627624511719 985.718688964844 975.517517089844 978.447631835938 993.066162109375 1000.32415771484 997.935668945312 1000.26940917969 1004.81848144531 997.051696777344 994.310974121094 993.111694335938 997.38037109375 993.337646484375 998.825500488281 1003.80438232422 999.911499023438 1001.94946289062 990.756896972656 985.105163574219 1000.60705566406 1002.39178466797 996.299011230469 995.995300292969 1000.26318359375 1012.93951416016 1025.455078125 1026.41198730469 1037.30090332031 1053.08728027344 1044.06140136719 1050.04895019531 1052.28051757812
