data/zlatibor_dem_simulations/DEMsim84 (1).asc
NCOLS 150
NROWS 100
XLLCORNER 7394249
YLLCORNER 4841999
CELLSIZE 30
NODATA_VALUE -9999
[rows 0 to 19 of 100, columns 92 to 137 of 150]
917.078247070312 916.565124511719 912.827514648438 906.103576660156 894.38427734375 882.121398925781 868.178100585938 850.977661132812 847.35986328125 854.0888671875 850.719299316406 853.028015136719 852.919860839844 851.485900878906 852.632873535156 855.839416503906 848.858154296875 855.177551269531 870.086059570312 874.0185546875 876.717468261719 892.34912109375 896.471374511719 904.486694335938 909.218078613281 922.172180175781 928.271423339844 932.141174316406 932.556579589844 934.32275390625 937.533325195312 935.525451660156 930.967651367188 953.106994628906 960.317199707031 971.264526367188 976.189514160156 985.371887207031 990.196472167969 1003.17425537109 1007.33801269531 1015.76696777344 1019.85772705078 1027.00305175781 1025.68896484375 1038.45581054688
916.325805664062 906.801574707031 909.71044921875 901.321350097656 892.977172851562 892.774475097656 879.769287109375 865.409484863281 854.397216796875 860.440734863281 867.164489746094 865.926574707031 859.138122558594 863.002502441406 853.715393066406 853.405639648438 858.658081054688 868.7255859375 868.78173828125 870.088134765625 868.503845214844 879.777770996094 891.995666503906 903.045104980469 906.342590332031 914.235473632812 925.466735839844 938.2578125 935.417602539062 930.646545410156 926.391662597656 930.172119140625 930.532470703125 937.005554199219 954.179565429688 971.463134765625 979.98828125 985.818969726562 992.496276855469 1003.11193847656 1007.72064208984 1012.27087402344 1017.92401123047 1024.130859375 1032.87536621094 1042.71203613281
916.015991210938 915.672241210938 911.9404296875 897.590637207031 908.53271484375 895.959777832031 881.747680664062 869.445251464844 870.875854492188 870.323425292969 875.010925292969 871.749450683594 856.304260253906 858.594909667969 864.76416015625 864.974426269531 859.919860839844 863.8544921875 870.833618164062 875.996826171875 875.478759765625 888.921508789062 887.983276367188 898.344482421875 903.521118164062 903.682861328125 926.786682128906 938.055358886719 940.844116210938 939.701049804688 935.431823730469 934.38818359375 932.218627929688 937.213439941406 953.731323242188 968.118225097656 972.748474121094 978.615783691406 985.819946289062 1002.70928955078 1010.51837158203 1011.58984375 1019.85552978516 1033.29382324219 1032.59069824219 1040.93322753906
917.680725097656 910.860778808594 902.944213867188 903.903259277344 896.040954589844 892.106689453125 889.893493652344 881.410705566406 879.030395507812 884.134948730469 883.542175292969 871.167114257812 864.768310546875 866.323669433594 869.879577636719 871.170715332031 876.584350585938 875.526733398438 865.320129394531 868.298706054688 872.902282714844 874.740966796875 887.610595703125 891.005432128906 905.227722167969 910.087158203125 930.916015625 937.265625 944.173217773438 950.993408203125 945.80322265625 937.701171875 944.214904785156 944.954711914062 959.323486328125 972.013916015625 980.997985839844 982.686889648438 991.05224609375 997.48486328125 1010.73883056641 1022.66284179688 1023.40759277344 1036.06860351562 1044.30883789062 1055.32495117188
923.091918945312 904.361938476562 909.357482910156 904.312316894531 902.565246582031 900.421020507812 902.473022460938 893.20458984375 887.71728515625 884.553161621094 884.611206054688 881.500671386719 870.468383789062 871.044189453125 880.274169921875 886.746948242188 880.8212890625 866.234680175781 866.918640136719 869.99365234375 882.28515625 881.876403808594 888.588317871094 888.958984375 903.612731933594 919.64501953125 929.671752929688 927.586853027344 938.696960449219 939.090209960938 943.223937988281 945.846008300781 951.359924316406 953.284973144531 954.9169921875 966.191711425781 980.0625 992.848022460938 1006.13519287109 1009.50799560547 1011.08636474609 1029.958984375 1032.20080566406 1038.34033203125 1052.13928222656 1065.69384765625
920.287719726562 911.455993652344 910.474670410156 900.553833007812 906.012084960938 908.525695800781 902.936157226562 896.329162597656 892.094665527344 890.992858886719 889.540832519531 880.852905273438 877.619812011719 882.88818359375 877.637756347656 890.544006347656 893.346862792969 877.236450195312 865.814147949219 874.615661621094 879.037170410156 888.661010742188 891.037780761719 896.227233886719 910.670715332031 916.974243164062 932.581115722656 936.574584960938 932.437316894531 935.51611328125 936.0498046875 939.349487304688 950.151306152344 954.526000976562 959.826599121094 966.512756347656 981.107238769531 1000.30010986328 1005.04699707031 1009.68908691406 1016.03442382812 1035.02954101562 1041.17956542969 1055.65490722656 1063.91540527344 1072.44189453125
925.593078613281 919.664611816406 914.454406738281 905.479431152344 905.207275390625 916.836181640625 908.486450195312 900.701843261719 894.535339355469 898.606567382812 895.438659667969 884.508239746094 885.776794433594 883.392700195312 888.086608886719 890.175170898438 891.167175292969 885.276550292969 873.913208007812 878.149780273438 887.609619140625 893.123107910156 889.402465820312 902.744750976562 903.567565917969 917.638427734375 926.022216796875 930.132141113281 929.243896484375 932.008056640625 928.733459472656 944.1630859375 952.050720214844 953.740966796875 961.526428222656 972.014831542969 975.162963867188 998.6884765625 1009.96887207031 1019.19940185547 1020.12054443359 1020.71966552734 1040.12915039062 1051.46154785156 1069.70874023438 1076.47790527344
930.08935546875 930.070068359375 924.970520019531 918.378540039062 915.588989257812 909.251037597656 906.160949707031 910.150451660156 906.577758789062 915.50537109375 898.669799804688 884.261901855469 886.611083984375 885.553771972656 894.771728515625 892.2900390625 894.900939941406 891.044372558594 887.843078613281 887.688293457031 889.630310058594 892.972106933594 895.96533203125 904.740905761719 904.744140625 912.825927734375 921.508544921875 932.846923828125 926.622436523438 929.259521484375 924.724182128906 939.16455078125 944.075866699219 955.276428222656 963.75244140625 967.247924804688 978.414855957031 985.951416015625 1014.56469726562 1013.66680908203 1020.18383789062 1036.36755371094 1041.36181640625 1059.97058105469 1069.33447265625 1082.20520019531
925.823974609375 929.84326171875 927.870056152344 927.4814453125 922.98583984375 908.120666503906 909.114318847656 908.277954101562 916.752807617188 924.143310546875 901.131286621094 888.149230957031 892.75439453125 893.734680175781 903.299621582031 905.979614257812 910.2041015625 901.273742675781 895.111389160156 893.2119140625 898.150634765625 896.789428710938 904.307250976562 908.841003417969 907.396484375 912.475830078125 922.704650878906 930.749938964844 926.902038574219 934.802124023438 939.716125488281 939.672241210938 950.892822265625 957.837280273438 955.807250976562 967.646179199219 979.385192871094 982.28271484375 1001.80822753906 1019.27825927734 1029.10424804688 1047.22937011719 1056.525390625 1067.49829101562 1064.92749023438 1077.09118652344
928.766662597656 930.689270019531 936.072814941406 927.797180175781 920.891784667969 922.155822753906 919.122497558594 904.247802734375 909.155517578125 914.699340820312 911.538208007812 904.09130859375 901.558776855469 904.322814941406 904.212707519531 916.394836425781 909.34814453125 903.027893066406 907.265563964844 900.869323730469 912.763488769531 909.910034179688 916.101989746094 918.239807128906 910.995910644531 919.189331054688 927.752563476562 926.504150390625 929.702270507812 936.007873535156 936.990356445312 953.600830078125 959.402160644531 973.677795410156 976.261352539062 973.765625 985.598022460938 988.130432128906 1003.49224853516 1018.82989501953 1028.51806640625 1043.11828613281 1060.66003417969 1068.24987792969 1068.650390625 1068.35522460938
925.603454589844 933.755554199219 930.929565429688 938.739929199219 932.621520996094 932.99267578125 928.326354980469 912.619445800781 909.546020507812 919.370788574219 918.906066894531 918.473022460938 909.50927734375 912.081298828125 916.228393554688 919.467468261719 921.166931152344 914.739624023438 907.0908203125 900.965454101562 912.815063476562 908.428039550781 912.900207519531 911.043762207031 913.446594238281 914.910217285156 922.51806640625 926.416198730469 925.231689453125 929.123046875 949.715148925781 953.662536621094 965.2998046875 968.175903320312 980.436401367188 993.647216796875 1006.58966064453 1003.08703613281 1018.34600830078 1023.97155761719 1037.20141601562 1046.0517578125 1053.35424804688 1062.029296875 1062.67761230469 1068.2119140625
929.9853515625 933.872680664062 936.07958984375 933.425903320312 925.39306640625 936.865234375 936.189575195312 928.473083496094 926.881469726562 923.408996582031 923.301391601562 927.450073242188 934.361755371094 934.64111328125 929.970520019531 935.718505859375 942.183044433594 929.2451171875 933.12060546875 919.719299316406 922.115600585938 923.253295898438 908.228881835938 910.253356933594 915.571533203125 918.782104492188 928.495666503906 927.948852539062 930.673583984375 945.748168945312 953.01318359375 961.255676269531 972.820251464844 985.935791015625 989.799926757812 997.601318359375 1008.68450927734 1011.25250244141 1025.63220214844 1028.69946289062 1033.68615722656 1043.35229492188 1050.53063964844 1065.85119628906 1071.26037597656 1066.65759277344
930.529663085938 931.689697265625 936.130126953125 934.245239257812 931.191955566406 938.609558105469 930.889770507812 942.641418457031 934.267456054688 931.257507324219 937.526489257812 937.819519042969 938.182067871094 943.110656738281 945.055297851562 949.694030761719 942.165405273438 939.650451660156 937.409545898438 939.893127441406 929.861083984375 924.154418945312 914.046020507812 913.498474121094 909.520690917969 921.997802734375 938.229187011719 938.4443359375 951.976257324219 953.480651855469 960.025939941406 973.293701171875 984.63427734375 992.557739257812 997.419250488281 1001.53253173828 1012.34545898438 1015.79571533203 1027.2021484375 1028.94274902344 1028.20739746094 1037.35522460938 1045.70874023438 1057.61547851562 1064.64575195312 1066.9775390625
941.662414550781 941.220336914062 942.722717285156 941.912414550781 933.448852539062 936.542541503906 946.083862304688 946.954772949219 941.056579589844 942.775817871094 944.813781738281 951.241882324219 952.565673828125 948.6083984375 951.564819335938 951.70947265625 951.703857421875 956.927551269531 946.716735839844 942.673461914062 933.950378417969 929.63525390625 925.350036621094 923.585205078125 920.388000488281 923.381774902344 937.637268066406 947.175903320312 950.073913574219 952.669006347656 962.602783203125 971.021667480469 974.237243652344 986.084655761719 998.441101074219 1002.80743408203 1011.66949462891 1024.35485839844 1015.82885742188 1032.35437011719 1031.81420898438 1043.01025390625 1049.16296386719 1057.84301757812 1067.74365234375 1073.11254882812
941.230590820312 942.547180175781 940.66357421875 947.161254882812 929.970825195312 945.404968261719 955.09814453125 958.526977539062 955.570129394531 952.028198242188 950.463012695312 957.244934082031 959.886657714844 949.906311035156 954.803833007812 948.903625488281 960.854309082031 971.959411621094 955.799560546875 944.263427734375 945.894714355469 941.00830078125 929.902465820312 924.651306152344 917.581481933594 927.170288085938 935.530212402344 951.432006835938 955.174133300781 960.968078613281 968.816162109375 973.037231445312 981.056823730469 986.582275390625 994.953735351562 999.965148925781 1008.82293701172 1021.662109375 1029.84094238281 1033.25219726562 1029.21032714844 1044.73107910156 1048.79443359375 1059.51281738281 1073.06103515625 1084.42028808594
943.96826171875 950.181823730469 949.707458496094 946.728637695312 943.019470214844 949.864562988281 962.635498046875 971.243469238281 965.572814941406 957.513244628906 959.563842773438 971.730529785156 970.776306152344 964.297973632812 956.707885742188 953.344177246094 956.128051757812 971.649536132812 960.1220703125 953.034118652344 946.510192871094 930.595458984375 937.620544433594 925.198974609375 927.278991699219 933.685302734375 944.44970703125 946.836181640625 959.605102539062 965.147216796875 969.903259277344 980.943725585938 986.165588378906 985.872436523438 994.248962402344 1006.49774169922 1013.37915039062 1018.77703857422 1027.49670410156 1034.77551269531 1033.13781738281 1036.56311035156 1050.45861816406 1054.03674316406 1067.17785644531 1077.49560546875
957.436767578125 957.629211425781 954.18359375 955.324340820312 968.251281738281 964.48046875 976.221618652344 979.446350097656 984.76708984375 968.549926757812 973.664306640625 974.140380859375 976.99462890625 974.278198242188 963.692749023438 960.17919921875 966.537475585938 976.20166015625 971.145629882812 960.15478515625 948.637512207031 941.979797363281 933.893737792969 937.5859375 937.803527832031 937.383483886719 935.1416015625 944.254333496094 958.395324707031 967.669128417969 981.494812011719 980.563354492188 987.274841308594 988.882995605469 1005.14727783203 1006.55004882812 1021.34027099609 1018.77429199219 1022.76214599609 1042.79089355469 1043.83654785156 1035.68701171875 1050.88488769531 1053.83715820312 1057.19128417969 1068.25708007812
973.370483398438 969.79150390625 965.819396972656 974.431518554688 976.039672851562 977.814025878906 977.283569335938 986.168579101562 984.217346191406 978.273010253906 980.4482421875 987.535034179688 980.342407226562 979.431640625 969.359313964844 965.10791015625 970.882446289062 977.256652832031 973.225341796875 962.023559570312 958.140686035156 954.023681640625 946.79248046875 943.056701660156 946.385314941406 936.550231933594 938.35009765625 952.797302246094 959.084716796875 972.498657226562 986.060729980469 992.2080078125 990.16748046875 997.714111328125 1010.39520263672 1023.6259765625 1017.15911865234 1021.49621582031 1029.50659179688 1033.42883300781 1039.10656738281 1037.04272460938 1046.09680175781 1048.80993652344 1056.98315429688 1061.61108398438
997.139587402344 982.139343261719 982.630187988281 980.066955566406 983.170227050781 993.618591308594 988.714233398438 991.6494140625 991.601867675781 988.191528320312 985.727172851562 990.867736816406 992.038635253906 982.808044433594 982.158325195312 981.541748046875 979.979919433594 978.861083984375 975.650756835938 957.669860839844 957.838317871094 950.806457519531 952 944.224914550781 935.753723144531 937.246887207031 953.180236816406 944.896606445312 956.837829589844 965.484985351562 984.773864746094 989.188415527344 998.989624023438 1012.91662597656 1006.22021484375 1022.34191894531 1013.56292724609 1021.35467529297 1025.86767578125 1033.78149414062 1035.87731933594 1035.92626953125 1043.72973632812 1042.36376953125 1052.3662109375 1055.20385742188
1006.58880615234 997.03076171875 994.345336914062 993.0908203125 990.539611816406 996.525939941406 989.319885253906 995.512451171875 991.553833007812 993.666015625 996.974792480469 1004.80401611328 1003.83984375 992.21435546875 995.419128417969 994.683715820312 986.537475585938 978.328308105469 966.275390625 955.88818359375 952.071228027344 938.421081542969 941.414978027344 936.487915039062 938.397277832031 943.51904296875 946.868041992188 946.605712890625 956.961547851562 966.786254882812 983.290100097656 997.579284667969 1003.17718505859 1014.16387939453 1017.28497314453 1022.31805419922 1032.85437011719 1025.97302246094 1030.85375976562 1041.03063964844 1045.04809570312 1044.72192382812 1049.04077148438 1043.32543945312 1050.97766113281 1066.16931152344
