data/zlatibor_dem_simulations/DEMsim37.asc
NCOLS 150
NROWS 100
XLLCORNER 7394249
YLLCORNER 4841999
CELLSIZE 30
NODATA_VALUE -9999
[rows 20 to 39 of 100, columns 92 to 137 of 150]
1005.708984375 1001.28887939453 1007.29791259766 1002.66119384766 1012.94720458984 1010.59997558594 1004.39337158203 995.926452636719 993.395263671875 998.090515136719 985.822448730469 983.493957519531 980.208190917969 987.790161132812 989.732788085938 986.217956542969 983.416748046875 972.379821777344 974.645141601562 957.243041992188 946.269104003906 945.790771484375 946.029968261719 942.793273925781 944.953918457031 950.812866210938 946.957824707031 955.32470703125 968.022705078125 971.462768554688 976.422546386719 984.808654785156 994.164184570312 995.81884765625 1012.05432128906 1021.32012939453 1028.49499511719 1021.20471191406 1025.16516113281 1029.11926269531 1036.57763671875 1050.69445800781 1053.13989257812 1059.67150878906 1064.67175292969 1057.65185546875
1013.53747558594 1014.45837402344 1017.62927246094 1016.83428955078 1014.14465332031 1013.56359863281 1011.56976318359 1001.18225097656 1001.40740966797 992.778991699219 992.989074707031 991.947570800781 984.886352539062 991.499572753906 989.699768066406 986.1279296875 978.234375 976.072265625 970.188232421875 953.60009765625 947.961853027344 946.706970214844 940.458984375 938.583618164062 940.707275390625 950.737548828125 951.866577148438 966.760375976562 966.070739746094 973.624267578125 977.631103515625 988.329650878906 1005.54504394531 1008.83306884766 1022.81341552734 1024.02514648438 1029.81616210938 1026.56750488281 1030.60595703125 1040.07739257812 1046.19140625 1051.17016601562 1059.6962890625 1052.625 1059.60375976562 1063.38977050781
1014.77117919922 1019.26965332031 1026.33740234375 1029.08068847656 1020.05212402344 1013.88061523438 1011.21508789062 1003.82360839844 995.340270996094 988.031982421875 989.21875 993.109436035156 997.751525878906 997.122863769531 993.547607421875 984.901977539062 983.777465820312 971.220092773438 967.603393554688 956.765991210938 950.503295898438 953.253784179688 941.955383300781 937.634826660156 941.054565429688 949.859741210938 959.442810058594 971.053894042969 976.271850585938 973.403137207031 985.598693847656 997.482177734375 1004.15612792969 1009.03967285156 1017.84381103516 1022.55377197266 1037.3193359375 1037.31921386719 1041.63928222656 1046.37890625 1053.83435058594 1051.44860839844 1052.03332519531 1056.19909667969 1055.0029296875 1059.11401367188
1024.69702148438 1021.02917480469 1024.18334960938 1026.11669921875 1025.94128417969 1015.50598144531 1002.33203125 993.560974121094 999.776794433594 996.149780273438 1000.34783935547 1002.80657958984 1001.60577392578 1009.56884765625 1004.41461181641 992.481567382812 982.423889160156 975.566650390625 962.741027832031 954.95263671875 952.983581542969 949.166320800781 944.848571777344 945.90478515625 948.625061035156 963.120361328125 970.553466796875 979.544189453125 987.836303710938 987.097900390625 997.041442871094 1009.19641113281 1011.83642578125 1018.17926025391 1024.78540039062 1031.55493164062 1037.98229980469 1044.48022460938 1046.68041992188 1051.03002929688 1049.85168457031 1050.73059082031 1059.07092285156 1054.19592285156 1055.74133300781 1056.58349609375
1020.72393798828 1025.16552734375 1028.22534179688 1035.63232421875 1028.06958007812 1017.23181152344 1006.24200439453 1007.35461425781 1013.31732177734 1006.49383544922 1006.47961425781 1012.27032470703 1007.85504150391 1009.224609375 1011.27655029297 999.436828613281 987.2236328125 979.363708496094 964.479797363281 963.344360351562 959.709350585938 954.3388671875 948.559936523438 956.9814453125 965.874450683594 963.928588867188 976.364501953125 983.377624511719 995.222412109375 1003.09930419922 1008.18225097656 1017.43963623047 1018.92193603516 1021.06030273438 1027.5107421875 1042.47058105469 1042.61206054688 1047.05358886719 1057.45874023438 1059.82531738281 1048.30651855469 1053.64001464844 1053.84020996094 1057.29296875 1056.37377929688 1059.79797363281
1019.94085693359 1021.79876708984 1017.74206542969 1027.375 1016.66949462891 1011.55786132812 1014.52960205078 1012.93493652344 1013.04699707031 1007.29858398438 1000.83923339844 1004.80169677734 1008.54528808594 1005.25085449219 1001.67401123047 998.40380859375 988.293762207031 977.459777832031 966.180358886719 956.147399902344 955.236328125 947.947387695312 946.372192382812 953.777160644531 960.421142578125 962.400024414062 980.052062988281 983.215515136719 998.111389160156 1003.16687011719 1018.15057373047 1023.84796142578 1030.07373046875 1027.19519042969 1023.25213623047 1028.82470703125 1043.32788085938 1042.31628417969 1052.85961914062 1048.17810058594 1049.13159179688 1052.73181152344 1056.99194335938 1055.54382324219 1060.13342285156 1068.38354492188
1007.78698730469 1008.72595214844 1012.51324462891 1013.47442626953 1018.01922607422 1009.61944580078 1007.41235351562 1004.28753662109 1007.03485107422 1003.07257080078 1005.37689208984 1004.69067382812 1017.46203613281 1010.81726074219 1004.20501708984 1001.87774658203 986.987731933594 973.454895019531 966.317504882812 956.891845703125 947.599060058594 940.186462402344 942.514831542969 948.851440429688 946.270141601562 959.454772949219 969.762084960938 988.927307128906 996.252380371094 1014.76403808594 1025.50756835938 1020.73059082031 1029.23364257812 1025.41345214844 1016.65740966797 1018.26171875 1026.48620605469 1037.34167480469 1050.7236328125 1047.20446777344 1051.02758789062 1048.12817382812 1049.99865722656 1050.42810058594 1049.9921875 1060.31762695312
994.750732421875 1002.7041015625 998.926574707031 1011.45495605469 1008.42419433594 1016.07989501953 1013.16955566406 1015.38824462891 1008.34100341797 1004.42443847656 1010.97003173828 1010.25830078125 1004.30822753906 1010.36987304688 1003.35168457031 995.342163085938 988.775817871094 971.847717285156 962.954223632812 949.429626464844 951.482116699219 947.660827636719 953.026611328125 957.320617675781 956.167419433594 962.506774902344 965.198669433594 979.083251953125 996.499694824219 1013.49652099609 1019.04046630859 1021.57916259766 1022.53131103516 1017.60485839844 1007.96856689453 1017.287109375 1019.88159179688 1026.78088378906 1050.14587402344 1051.48645019531 1043.54138183594 1045.82690429688 1045.27478027344 1043.19409179688 1052.57666015625 1062.49914550781
1003.63757324219 1003.81799316406 1005.00793457031 1005.27935791016 999.476684570312 1005.41516113281 1007.80780029297 1013.60949707031 1004.95642089844 1009.01135253906 1008.27435302734 1007.19067382812 1006.99926757812 1002.86883544922 997.424743652344 990.078735351562 983.605834960938 975.31884765625 955.777160644531 949.025817871094 933.408081054688 943.555114746094 950.162475585938 965.686584472656 960.817260742188 963.560485839844 965.193664550781 991.819396972656 999.835205078125 1001.10803222656 1013.06060791016 1019.05023193359 1015.53643798828 1012.86206054688 1017.51580810547 1012.025390625 1026.68286132812 1031.23864746094 1038.94152832031 1040.44299316406 1037.65148925781 1039.91357421875 1036.58117675781 1043.98950195312 1045.14514160156 1050.02429199219
1012.08142089844 1009.92169189453 1004.78411865234 1002.654296875 1007.81121826172 1006.57604980469 1014.03656005859 1009.81170654297 1014.73712158203 1019.84606933594 1013.58459472656 1001.03381347656 999.120666503906 999.155334472656 1001.16485595703 990.657165527344 983.733032226562 977.976745605469 953.820007324219 951.223876953125 946.670776367188 948.549499511719 946.720153808594 959.083435058594 954.526489257812 957.460327148438 974.41064453125 988.533996582031 1002.97760009766 1012.47967529297 1008.98840332031 1017.08459472656 1014.73297119141 1007.1337890625 1014.41223144531 1024.56640625 1024.50256347656 1027.30444335938 1027.50390625 1036.37963867188 1033.07043457031 1028.5439453125 1028.65356445312 1036.42407226562 1043.41259765625 1049.75610351562
1020.66369628906 1018.67932128906 1013.09832763672 1009.37750244141 1002.39581298828 1001.15106201172 1014.10394287109 1017.62359619141 1014.49285888672 1009.40808105469 1010.12091064453 1002.25415039062 1002.09228515625 1003.11248779297 1004.83868408203 989.688842773438 987.9599609375 972.380798339844 962.330505371094 960.367370605469 952.934265136719 945.299194335938 953.674499511719 954.951843261719 956.891479492188 969.027954101562 974.931945800781 988.00439453125 1003.55603027344 995.616455078125 1000.24890136719 1008.43090820312 1010.32281494141 1016.67547607422 1023.58392333984 1020.21099853516 1035.42810058594 1023.74163818359 1027.81787109375 1029.29064941406 1028.56323242188 1021.83782958984 1022.47375488281 1038.32543945312 1044.41198730469 1045.01428222656
1016.80535888672 1020.4873046875 1014.58441162109 1006.20532226562 1003.76574707031 1006.50958251953 1010.71130371094 1013.65295410156 1013.37774658203 1011.81341552734 1005.79345703125 1007.66906738281 1006.31555175781 1006.85595703125 1000.95495605469 990.600341796875 983.302673339844 972.459106445312 968.727233886719 971.865844726562 966.729919433594 963.062805175781 965.78564453125 954.855590820312 960.470642089844 961.722229003906 979.231201171875 992.575805664062 1000.65655517578 1001.78533935547 1000.57586669922 1008.09436035156 1017.58093261719 1017.87609863281 1027.08666992188 1035.23937988281 1035.91040039062 1034.99438476562 1025.07604980469 1026.95471191406 1019.25726318359 1014.72540283203 1028.62878417969 1039.88830566406 1035.38330078125 1049.09558105469
1014.93676757812 1018.078125 1014.23266601562 1007.70953369141 1006.52337646484 1003.54809570312 1007.61987304688 1007.75354003906 1005.17755126953 1004.39453125 1004.4833984375 1001.05169677734 1005.91577148438 1004.56304931641 986.05322265625 990.469299316406 983.845581054688 977.338195800781 967.366638183594 973.843688964844 971.262451171875 955.029968261719 957.273315429688 958.206787109375 966.454833984375 974.225463867188 986.129150390625 1001.97033691406 1006.79833984375 999.492126464844 1003.17199707031 1003.67517089844 1009.96820068359 1029.54895019531 1036.00769042969 1031.39050292969 1039.67272949219 1033.2099609375 1031.26794433594 1021.24285888672 1016.24487304688 1015.70941162109 1016.25854492188 1022.09509277344 1031.46472167969 1028.916015625
1021.03265380859 1014.59716796875 1007.45831298828 1006.44354248047 1002.93701171875 999.608703613281 1008.22351074219 1012.71575927734 998.267028808594 998.943542480469 999.154602050781 995.4638671875 997.249572753906 994.249755859375 988.811584472656 1000.69293212891 996.799743652344 985.187255859375 981.252990722656 968.903015136719 974.230041503906 965.816345214844 970.703979492188 971.34033203125 972.816589355469 973.3642578125 986.287841796875 999.556091308594 1002.0712890625 1009.61639404297 1009.57232666016 1008.73040771484 1016.69598388672 1023.29815673828 1022.85211181641 1025.95483398438 1029.3525390625 1020.47821044922 1016.27856445312 1016.61383056641 1015.82495117188 1017.81201171875 1010.62109375 1022.23089599609 1018.27337646484 1020.14831542969
1012.67108154297 1002.31628417969 1005.51184082031 1012.56573486328 1008.28704833984 1007.65899658203 1008.21026611328 1003.72265625 991.073974609375 994.365478515625 991.245544433594 991.272033691406 993.787292480469 987.3720703125 995.794067382812 998.788940429688 994.776306152344 988.681091308594 983.289184570312 971.137145996094 972.640380859375 975.940185546875 973.802734375 979.01025390625 990.51708984375 985.869812011719 990.133911132812 1000.26483154297 1009.30230712891 1005.06817626953 1009.99890136719 1007.66027832031 1011.33367919922 1018.89385986328 1014.44250488281 1019.44506835938 1018.97186279297 1009.15795898438 1013.75469970703 1003.62048339844 1006.04559326172 1019.28118896484 1020.33935546875 1016.39764404297 1009.70977783203 1012.35681152344
1011.04602050781 997.813293457031 1006.19403076172 1008.76098632812 1005.48449707031 1005.85998535156 1009.30902099609 1003.400390625 1001.26605224609 998.45263671875 993.510681152344 982.863220214844 989.084899902344 987.452331542969 995.745361328125 993.196594238281 992.836486816406 1001.64105224609 1000.25756835938 985.274719238281 984.995483398438 981.511413574219 986.032958984375 993.260620117188 1004.12463378906 996.658081054688 989.137512207031 1001.51458740234 994.927673339844 994.353759765625 993.578369140625 1004.4892578125 1014.20013427734 1013.99493408203 1012.10620117188 1021.40417480469 1022.23107910156 1015.85473632812 1013.55065917969 1010.65856933594 1016.78521728516 1018.61145019531 1007.91827392578 1009.97540283203 1013.2001953125 1018.31140136719
1009.12963867188 1003.69415283203 1015.72991943359 1009.83288574219 1000.72009277344 996.7841796875 998.5927734375 1000.52789306641 1002.46624755859 1001.01910400391 990.654235839844 996.793701171875 993.648376464844 994.560607910156 998.171875 996.142395019531 992.459899902344 991.471496582031 1000.65771484375 1001.43304443359 988.289306640625 990.977355957031 1002.09515380859 995.796752929688 1003.55218505859 997.374450683594 998.69091796875 1002.38037109375 1000.07257080078 989.566528320312 995.890930175781 999.87353515625 999.518493652344 1009.59265136719 1003.29125976562 1008.34899902344 1012.60406494141 1023.08172607422 1009.55895996094 1012.46905517578 1021.02294921875 1016.86560058594 1016.17559814453 1013.84368896484 1016.60980224609 1031.02575683594
1001.85339355469 1003.41101074219 1011.10748291016 998.10546875 999.217468261719 995.8193359375 995.215393066406 989.88916015625 1007.04791259766 1005.28778076172 993.548217773438 997.171997070312 995.882568359375 994.614562988281 1002.30944824219 999.022399902344 995.5888671875 992.015625 1003.15490722656 997.816772460938 995.081115722656 996.488647460938 1001.59136962891 997.761657714844 990.342041015625 994.282897949219 1004.74932861328 1005.50653076172 999.853454589844 993.621887207031 1000.53967285156 1002.95599365234 998.77783203125 1000.66522216797 1005.833984375 1004.68609619141 1015.02600097656 1021.55908203125 1020.35089111328 1017.18469238281 1014.50543212891 1011.91821289062 1011.94500732422 1011.29693603516 1018.0966796875 1037.26330566406
995.669128417969 995.746887207031 998.627563476562 1003.98095703125 1000.15832519531 995.781311035156 998.406005859375 989.73046875 994.446472167969 988.184326171875 989.646789550781 989.630187988281 993.328552246094 993.234680175781 995.114196777344 998.930725097656 995.550354003906 993.754211425781 996.967590332031 993.342102050781 999.340637207031 999.742919921875 1001.44055175781 1000.82550048828 998.747131347656 995.624938964844 1006.24761962891 1004.11999511719 997.6962890625 1001.83752441406 1000.49298095703 996.355407714844 991.695922851562 1005.85223388672 1001.13543701172 1009.59057617188 1015.28082275391 1021.45135498047 1025.34265136719 1023.10620117188 1025.33020019531 1026.42639160156 1034.74401855469 1032.18212890625 1029.81225585938 1034.74169921875
992.954833984375 995.629638671875 997.472534179688 997.037963867188 993.646118164062 995.76171875 995.157348632812 988.349548339844 993.000915527344 993.468139648438 997.784240722656 993.285766601562 993.556213378906 988.065673828125 998.8291015625 994.857666015625 994.326843261719 994.085327148438 998.71630859375 996.607421875 995.143493652344 995.510192871094 992.320739746094 992.591369628906 1004.26586914062 999.82373046875 1004.20013427734 995.606323242188 997.479858398438 991.954162597656 990.843872070312 1001.97308349609 1007.03686523438 1008.5693359375 1010.29217529297 1012.89520263672 1013.36999511719 1020.65740966797 1031.22631835938 1020.43572998047 1024.70654296875 1034.09533691406 1042.5517578125 1047.50378417969 1048.77136230469 1052.58728027344
