data/zlatibor_dem_simulations/DEMsim61.asc
NCOLS 150
NROWS 100
XLLCORNER 7394249
YLLCORNER 4841999
CELLSIZE 30
NODATA_VALUE -9999
[rows 0 to 19 of 100, columns 46 to 91 of 150]
978.976196289062 970.515380859375 972.874328613281 971.620910644531 975.583251953125 971.977294921875 970.150085449219 966.16064453125 964.028747558594 963.560729980469 956.396484375 944.280944824219 935.143920898438 925.776062011719 922.703125 916.098999023438 919.897888183594 903.997802734375 900.075073242188 901.320678710938 896.588439941406 899.587158203125 900.874572753906 912.206298828125 914.468811035156 914.512145996094 921.696228027344 931.172973632812 935.594665527344 945.819580078125 944.625671386719 943.496032714844 944.614379882812 954.995666503906 973.455383300781 982.054260253906 969.737487792969 972.736938476562 963.185485839844 957.312561035156 958.825012207031 953.635803222656 939.495544433594 933.201293945312 933.650512695312 930.587951660156
972.938171386719 964.109924316406 970.220336914062 962.428527832031 965.028930664062 973.589721679688 967.564025878906 953.68408203125 961.274597167969 970.777465820312 959.018981933594 944.337646484375 938.735656738281 931.055358886719 930.9013671875 925.509521484375 923.669250488281 917.588073730469 918.226623535156 915.160095214844 909.861389160156 898.78076171875 908.809204101562 917.708923339844 916.434753417969 920.889282226562 930.809631347656 934.126892089844 939.377746582031 952.970153808594 955.717346191406 957.83251953125 955.453918457031 968.283020019531 963.509948730469 968.5751953125 970.399291992188 977.908935546875 967.406372070312 960.476684570312 952.696594238281 952.783508300781 935.626281738281 931.903442382812 936.06787109375 930.529479980469
981.718139648438 981.729309082031 974.245727539062 968.5517578125 961.825805664062 961.418029785156 960.536804199219 946.052612304688 946.901977539062 957.829650878906 952.274169921875 955.96728515625 945.479919433594 939.675659179688 940.669128417969 931.400207519531 930.595581054688 931.700622558594 926.009765625 920.808166503906 917.751403808594 907.030395507812 909.910461425781 919.877746582031 926.937744140625 926.045288085938 940.846008300781 932.194030761719 951.878051757812 958.591674804688 970.28076171875 966.749389648438 974.67041015625 981.212707519531 980.4990234375 988.979614257812 984.878479003906 979.590515136719 976.784484863281 969.548767089844 956.408874511719 953.914611816406 940.153625488281 934.741760253906 935.03173828125 927.984436035156
995.390747070312 985.666320800781 979.872314453125 977.098693847656 970.728515625 958.944946289062 956.187438964844 955.112976074219 952.3994140625 961.674682617188 965.43603515625 960.122802734375 948.055419921875 935.614807128906 946.112365722656 941.186340332031 936.303283691406 932.603332519531 922.1875 936.664916992188 928.786926269531 922.307495117188 915.646728515625 925.145263671875 930.938293457031 934.587707519531 949.03466796875 952.870666503906 953.705688476562 964.343444824219 973.266662597656 976.209899902344 981.156066894531 984.279052734375 993.282775878906 999.564331054688 996.697387695312 987.195861816406 978.4287109375 978.3671875 964.324462890625 962.829772949219 943.118469238281 942.20849609375 930.649963378906 929.115905761719
990.880126953125 994.13427734375 983.237670898438 986.182189941406 979.203491210938 974.789123535156 963.494750976562 956.318237304688 965.80712890625 958.406494140625 954.492004394531 955.153991699219 951.475463867188 955.458374023438 959.34033203125 950.748413085938 946.241516113281 939.966857910156 944.147399902344 935.80078125 935.934509277344 936.824096679688 934.51025390625 929.114013671875 940.935668945312 942.5546875 953.414184570312 956.745544433594 965.902770996094 973.736267089844 989.732177734375 984.475402832031 989.881530761719 1002.50067138672 1013.57000732422 1011.31872558594 999.512451171875 991.978210449219 992.920959472656 986.714111328125 974.458618164062 964.840148925781 960.217163085938 949.547302246094 946.2646484375 927.465576171875
991.194946289062 989.92919921875 987.765686035156 988.508605957031 983.232482910156 976.3994140625 970.754577636719 967.789367675781 968.870422363281 963.162109375 960.606750488281 961.490966796875 968.530517578125 969.051391601562 970.932800292969 959.867248535156 962.417236328125 950.551696777344 951.698059082031 946.055480957031 948.91162109375 944.449584960938 935.894836425781 938.422485351562 936.26611328125 941.287780761719 943.575866699219 955.119689941406 966.39208984375 985.095092773438 992.664916992188 994.261657714844 1000.04949951172 1015.55041503906 1015.65557861328 1019.50988769531 1006.54626464844 997.842163085938 1000.91589355469 989.829772949219 979.284057617188 968.1396484375 958.511901855469 945.167358398438 940.964660644531 932.567504882812
993.211547851562 991.7578125 991.862670898438 988.3017578125 981.317810058594 981.100646972656 986.242065429688 979.028625488281 969.196044921875 965.584838867188 963.310852050781 972.395385742188 977.033996582031 981.986999511719 977.983215332031 979.690368652344 967.20703125 955.174560546875 954.408874511719 954.5849609375 954.797058105469 951.587036132812 954.3271484375 950.024780273438 947.872802734375 945.22314453125 949.106811523438 963.11865234375 975.519897460938 991.479797363281 996.895751953125 1012.79559326172 1006.14990234375 1019.83203125 1019.42547607422 1029.74133300781 1014.55938720703 1003.61047363281 994.07275390625 990.191955566406 973.998840332031 962.40185546875 950.8017578125 949.895935058594 945.330627441406 941.575134277344
1000.04931640625 1000.20416259766 1001.95196533203 991.735412597656 987.878967285156 986.075134277344 992.431884765625 990.2138671875 977.166931152344 983.159423828125 977.851379394531 993.828491210938 991.271545410156 994.965576171875 993.088256835938 990.594604492188 976.900268554688 973.958740234375 975.273315429688 959.247741699219 962.021362304688 950.997863769531 957.231506347656 957.338562011719 958.585144042969 954.573913574219 954.5478515625 958.827819824219 972.818908691406 994.214050292969 1008.22796630859 1013.45477294922 1009.82360839844 1020.2890625 1026.12536621094 1021.67175292969 1019.65106201172 995.504760742188 995.170776367188 994.505859375 974.959594726562 956.032104492188 952.177185058594 946.221862792969 932.689147949219 937.463256835938
1003.61950683594 1010.02740478516 998.826232910156 998.308959960938 997.183654785156 996.816711425781 997.645690917969 989.85302734375 989.039123535156 1000.04827880859 1001.1904296875 1007.34619140625 1003.23834228516 1006.68878173828 1008.38970947266 1013.33752441406 1001.87664794922 990.222717285156 980.463989257812 971.402465820312 972.917053222656 961.873107910156 962.159973144531 959.949829101562 966.09912109375 968.161376953125 962.037719726562 963.961608886719 976.402282714844 1001.78314208984 1009.24499511719 1021.08178710938 1029.59252929688 1029.32800292969 1026.13598632812 1025.6298828125 998.445434570312 1004.42260742188 999.614135742188 991.914245605469 967.589111328125 960.391418457031 948.571838378906 941.439819335938 937.3291015625 929.648559570312
1007.01446533203 1000.10485839844 1003.42761230469 994.639709472656 996.963623046875 1001.02380371094 1006.89910888672 1006.62353515625 1004.09521484375 1013.30511474609 1004.91687011719 1010.66656494141 1011.4912109375 1018.06396484375 1016.97766113281 1017.18579101562 1013.39013671875 1002.48388671875 986.997436523438 980.065551757812 981.119750976562 976.6904296875 972.585571289062 961.502258300781 974.175903320312 975.638366699219 962.652648925781 969.922973632812 977.708557128906 996.237609863281 1012.20941162109 1017.61236572266 1032.66870117188 1032.83642578125 1028.71789550781 1019.39813232422 1006.23254394531 1000.35083007812 989.9052734375 982.499572753906 971.583801269531 962.034973144531 949.071228027344 937.3828125 934.999694824219 931.904052734375
999.66015625 1000.08477783203 1002.1669921875 1000.63159179688 1001.84057617188 1001.63092041016 1006.90783691406 1004.39306640625 1009.20050048828 1019.41943359375 1017.19201660156 1022.87445068359 1024.03015136719 1017.56005859375 1020.14868164062 1017.17559814453 1018.21215820312 1009.82824707031 996.181701660156 995.771484375 986.306274414062 984.679626464844 980.75390625 977.266906738281 978.609802246094 970.851684570312 970.44873046875 971.396667480469 991.839416503906 1004.39703369141 1016.83624267578 1028.51635742188 1034.84826660156 1031.63513183594 1022.08453369141 1009.26110839844 998.922241210938 994.190185546875 991.858703613281 988.024658203125 968.075256347656 962.007934570312 955.247192382812 947.614074707031 941.091186523438 936.906860351562
1014.55633544922 1012.86773681641 1013.37078857422 1000.01861572266 1014.85455322266 1013.38848876953 1013.95428466797 1011.99829101562 1007.37536621094 1014.05908203125 1016.72778320312 1024.97033691406 1019.08135986328 1024.36499023438 1029.83923339844 1016.09191894531 1017.83660888672 1020.32281494141 1006.74407958984 996.162902832031 986.350402832031 977.966186523438 979.6767578125 986.191833496094 986.72021484375 984.001159667969 981.172973632812 995.816040039062 1000.56463623047 1010.08569335938 1015.61566162109 1025.52014160156 1033.82849121094 1031.47180175781 1017.03472900391 996.932739257812 998.255432128906 1005.88641357422 1003.46722412109 993.921020507812 973.938354492188 970.962036132812 962.468200683594 952.107971191406 947.174011230469 954.492370605469
1016.4755859375 1014.65423583984 1017.44580078125 1013.89697265625 1013.12908935547 1016.47198486328 1018.5947265625 1012.15246582031 1009.32153320312 1013.91357421875 1020.02490234375 1023.95092773438 1021.53796386719 1029.056640625 1038.78552246094 1029.9375 1018.48382568359 1018.74371337891 1011.55572509766 997.754638671875 997.590881347656 991.523864746094 989.313903808594 987.146667480469 993.661254882812 997.776611328125 996.14990234375 1005.49377441406 1010.69384765625 1015.42529296875 1027.52709960938 1031.82421875 1033.73413085938 1035.31237792969 1021.38745117188 1008.11401367188 1006.98291015625 1003.33093261719 1004.64831542969 996.191101074219 995.056518554688 978.664978027344 970.050048828125 966.700805664062 957.8642578125 947.536743164062
1018.97290039062 1009.64770507812 1012.43536376953 1013.72192382812 1011.64709472656 1006.59436035156 1019.35040283203 1013.86993408203 1009.54052734375 1011.29742431641 1007.69055175781 1014.39721679688 1017.37744140625 1017.35943603516 1023.81475830078 1026.55224609375 1019.20306396484 1015.67065429688 1015.54290771484 1007.96087646484 1012.05340576172 1001.05383300781 993.126220703125 995.135314941406 987.704467773438 994.60693359375 1001.61535644531 1010.6865234375 1015.98974609375 1023.47991943359 1026.8232421875 1030.9765625 1042.86010742188 1037.77087402344 1035.33642578125 1016.56799316406 1014.0078125 1014.22930908203 1011.04382324219 997.342041015625 1006.32806396484 994.959594726562 971.779663085938 956.46435546875 952.58447265625 942.335571289062
1027.14807128906 1021.39697265625 1017.00054931641 1019.69329833984 1016.93243408203 1021.00128173828 1017.70220947266 1018.68469238281 1007.40783691406 1012.93646240234 1010.12896728516 1011.9814453125 1023.38146972656 1022.09368896484 1021.43975830078 1026.32373046875 1024.42932128906 1023.78753662109 1025.88842773438 1019.56384277344 1008.70831298828 1006.15985107422 1001.24621582031 997.035705566406 991.914672851562 996.176513671875 1006.35864257812 1022.58483886719 1028.12890625 1026.50024414062 1020.64190673828 1033.28247070312 1027.08117675781 1037.03051757812 1032.2861328125 1019.98114013672 1013.736328125 1018.02185058594 1009.4267578125 1005.93139648438 1003.24688720703 995.613891601562 978.254089355469 955.805847167969 950.101989746094 933.330993652344
1019.53112792969 1012.11047363281 1021.59320068359 1023.07940673828 1019.005859375 1021.58856201172 1018.05603027344 1014.56127929688 1019.21429443359 1024.513671875 1017.20568847656 1021.75341796875 1013.84643554688 1020.93933105469 1018.23583984375 1026.50073242188 1031.13830566406 1024.56225585938 1025.00256347656 1024.63732910156 1015.68536376953 1021.62860107422 1022.94152832031 1011.85003662109 1001.76080322266 1008.1865234375 1012.36645507812 1023.82025146484 1026.556640625 1018.16589355469 1021.01403808594 1018.17462158203 1019.13446044922 1015.59674072266 1022.55578613281 1013.88708496094 1020.25018310547 1021.94128417969 1017.01336669922 1007.16998291016 996.552368164062 994.071716308594 988.334777832031 971.731018066406 951.860168457031 934.2314453125
1020.54730224609 1024.65356445312 1017.73461914062 1011.68939208984 1012.16656494141 1018.53942871094 1023.02758789062 1025.80676269531 1029.01574707031 1030.58959960938 1022.92950439453 1022.54034423828 1019.42370605469 1020.71008300781 1019.33483886719 1022.26354980469 1025.70422363281 1023.77056884766 1031.32641601562 1029.25109863281 1022.83520507812 1015.84136962891 1021.02612304688 1015.99743652344 1014.29602050781 1012.30169677734 1019.13763427734 1021.30535888672 1019.99755859375 1019.61151123047 1017.45031738281 1021.03887939453 1019.31018066406 1023.13323974609 1017.30535888672 1015.95208740234 1022.45660400391 1029.69152832031 1019.16351318359 1005.32769775391 998.808959960938 999.1708984375 987.624572753906 965.079223632812 962.136291503906 946.166015625
1023.89953613281 1023.15899658203 1013.97833251953 1016.25061035156 1006.45202636719 1018.490234375 1019.98358154297 1021.84234619141 1033.26037597656 1028.80822753906 1028.57922363281 1025.97802734375 1017.91217041016 1020.20062255859 1006.27239990234 1021.52166748047 1027.80798339844 1026.87915039062 1024.41809082031 1021.52575683594 1021.32568359375 1027.44921875 1025.31311035156 1027.2607421875 1017.30078125 1011.39691162109 1014.18811035156 1020.59008789062 1024.43579101562 1033.197265625 1023.46661376953 1017.93054199219 1020.43206787109 1017.39904785156 1027.72375488281 1020.17999267578 1021.01873779297 1014.15942382812 1011.2119140625 1005.56219482422 1013.8564453125 999.770568847656 988.608764648438 978.904174804688 969.053588867188 961.127258300781
1025.22595214844 1027.6064453125 1010.78210449219 1010.69934082031 1003.04357910156 1009.99755859375 1009.83239746094 1015.88024902344 1020.35980224609 1030.11901855469 1038.74169921875 1031.33569335938 1021.39227294922 1018.79437255859 1018.107421875 1017.14947509766 1024.1650390625 1021.55981445312 1018.40289306641 1026.66784667969 1024.51147460938 1028.87463378906 1025.52062988281 1031.50939941406 1027.22094726562 1017.77319335938 1021.58203125 1022.25738525391 1023.38165283203 1030.19982910156 1025.93688964844 1021.33062744141 1018.81414794922 1021.82611083984 1023.00708007812 1018.08068847656 1016.30859375 1016.97497558594 1012.38256835938 1003.20141601562 1007.93817138672 989.586303710938 976.935546875 978.409790039062 976.7958984375 966.48291015625
1023.35150146484 1012.87457275391 1008.10070800781 1004.43359375 1010.78564453125 1008.89642333984 1004.62457275391 997.059692382812 1017.61291503906 1025.10571289062 1029.2802734375 1032.84704589844 1025.90844726562 1020.13439941406 1010.83044433594 1010.35601806641 1009.51470947266 1018.79351806641 1023.71447753906 1028.88488769531 1030.33056640625 1030.13903808594 1026.08374023438 1024.28039550781 1023.65130615234 1025.96594238281 1021.55755615234 1018.33898925781 1021.54473876953 1023.50360107422 1018.54791259766 1011.06402587891 1012.15484619141 1021.82110595703 1012.85302734375 1012.34930419922 1015.30560302734 1011.05059814453 1013.28424072266 1015.26470947266 1009.49755859375 985.847595214844 988.23779296875 985.842407226562 976.995178222656 978.909484863281
