data/zlatibor_dem_simulations/DEMsim16.asc
NCOLS 150
NROWS 100
XLLCORNER 7394249
YLLCORNER 4841999
CELLSIZE 30
NODATA_VALUE -9999
[rows 40 to 59 of 100, columns 46 to 91 of 150]
964.168762207031 964.646484375 970.338439941406 972.950622558594 976.1103515625 978.5537109375 964.509094238281 967.017883300781 973.010681152344 969.005981445312 975.75048828125 983.479797363281 983.135803222656 972.043579101562 975.416320800781 968.855590820312 961.302490234375 962.573791503906 969.104675292969 966.227966308594 960.977111816406 966.473754882812 964.204650878906 962.3759765625 959.573120117188 965.395263671875 973.8544921875 976.427429199219 980.509338378906 981.09228515625 973.105529785156 971.041137695312 963.968200683594 973.109313964844 984.764892578125 987.550659179688 990.567199707031 986.929565429688 986.245666503906 978.151672363281 986.821228027344 998.353759765625 998.044799804688 998.246887207031 993.102600097656 999.315551757812
974.335815429688 972.194213867188 975.863586425781 976.855651855469 975.884887695312 975.323608398438 966.04833984375 953.93701171875 959.489562988281 963.738098144531 970.050231933594 977.313720703125 976.135620117188 988.635864257812 978.754577636719 972.755126953125 963.128601074219 955.65625 965.248657226562 970.923950195312 966.419921875 958.6669921875 959.94580078125 959.689392089844 956.280944824219 972.883056640625 978.322204589844 978.208923339844 981.402282714844 978.019104003906 972.454711914062 959.400024414062 958.854736328125 965.782287597656 974.594116210938 988.087829589844 994.208801269531 980.88671875 980.613220214844 988.205627441406 986.979370117188 990.660949707031 1001.1787109375 990.818359375 986.812316894531 997.392883300781
973.600280761719 967.084716796875 974.523315429688 971.539611816406 977.685485839844 976.856811523438 971.27197265625 962.109313964844 963.54443359375 965.481689453125 965.404418945312 975.650146484375 967.873168945312 979.8720703125 970.630126953125 976.755981445312 970.138916015625 968.631958007812 972.628112792969 971.628601074219 971.150329589844 959.209167480469 961.097595214844 961.019470214844 964.509155273438 963.258911132812 969.832885742188 964.573486328125 966.559692382812 968.248291015625 974.787353515625 969.691589355469 967.228637695312 971.989318847656 970.591979980469 987.169616699219 984.319213867188 972.251953125 978.6123046875 984.700561523438 985.618713378906 985.789733886719 989.614013671875 986.082763671875 988.747863769531 989.231384277344
967.715209960938 967.679931640625 971.332397460938 971.546875 975.974243164062 979.881469726562 981.105224609375 970.648071289062 969.745910644531 967.797302246094 967.507995605469 965.0361328125 968.83740234375 970.364990234375 979.7626953125 975.011474609375 973.161071777344 973.684265136719 971.987976074219 966.98828125 972.386047363281 966.134887695312 968.103271484375 965.172546386719 963.097045898438 968.53662109375 968.742553710938 968.500244140625 966.658935546875 965.425598144531 975.909484863281 967.945129394531 976.323974609375 981.676879882812 978.089050292969 978.859924316406 982.379577636719 984.049743652344 986.074096679688 982.991333007812 976.54638671875 985.6826171875 988.782653808594 979.781433105469 980.651672363281 969.755187988281
969.963989257812 963.008056640625 973.350402832031 976.545104980469 972.842956542969 975.842651367188 976.557067871094 975.915832519531 967.617248535156 972.155517578125 965.479431152344 963.232421875 964.45263671875 972.944396972656 983.361267089844 985.276916503906 977.700378417969 975.1611328125 974.44873046875 977.079833984375 978.641723632812 967.335876464844 960.525695800781 964.021728515625 964.875549316406 967.395202636719 962.803039550781 966.602844238281 971.480773925781 968.548828125 976.077941894531 971.380126953125 981.948059082031 982.890258789062 974.617248535156 978.964477539062 978.94189453125 975.95703125 980.222412109375 981.486206054688 978.229553222656 982.748901367188 976.443298339844 977.128173828125 982.139709472656 970.731018066406
965.025085449219 962.460021972656 964.780090332031 971.79345703125 969.833984375 963.128234863281 979.845825195312 973.120239257812 976.835693359375 970.619018554688 970.122375488281 973.254699707031 966 980.5283203125 977.850280761719 979.36083984375 976.032165527344 972.604675292969 977.18798828125 978.945129394531 974.768493652344 973.308654785156 961.315307617188 956.983032226562 969.336059570312 963.53466796875 970.270263671875 969.589294433594 973.191589355469 968.780822753906 968.462524414062 978.120788574219 981.506103515625 981.048522949219 966.816528320312 973.157348632812 977.897399902344 977.308715820312 982.474243164062 978.168273925781 977.25146484375 972.454223632812 977.833801269531 979.917541503906 978.517700195312 971.289367675781
970.1611328125 959.377319335938 965.876953125 963.082275390625 965.593383789062 961.500183105469 963.648193359375 976.774230957031 971.563842773438 975.838989257812 976.8408203125 977.46435546875 976.60693359375 978.966674804688 976.992126464844 971.76220703125 974.356018066406 973.139831542969 975.810119628906 979.471008300781 975.249328613281 973.258056640625 973.511047363281 964.623840332031 966.336303710938 961.86083984375 969.58642578125 962.394775390625 968.162292480469 973.103271484375 972.21484375 973.603881835938 975.584350585938 975.515075683594 967.411743164062 970.6220703125 974.872131347656 976.609802246094 976.712158203125 966.750366210938 968.369323730469 975.492614746094 977.56689453125 968.129638671875 976.741638183594 975.762329101562
963.039245605469 961.824645996094 967.984313964844 965.058532714844 971.106018066406 964.514892578125 962.171142578125 970.095153808594 960.355590820312 973.336975097656 967.590454101562 970.818786621094 970.758544921875 974.825073242188 977.476623535156 969.444519042969 971.153442382812 969.093627929688 975.192932128906 975.096130371094 974.433776855469 964.703674316406 965.712341308594 961.310241699219 959.174560546875 960.481872558594 965.198791503906 963.242553710938 961.1669921875 973.323974609375 973.020812988281 972.2802734375 969.839538574219 967.685546875 973.104797363281 970.475830078125 970.293518066406 964.005126953125 968.370178222656 969.255859375 973.513854980469 969.922302246094 971.397399902344 981.656494140625 983.738891601562 981.833801269531
966.701477050781 960.1435546875 962.880554199219 971.948303222656 961.649169921875 963.791381835938 959.069274902344 964.228454589844 961.018676757812 969.23486328125 969.013061523438 964.510498046875 967.298645019531 969.398315429688 971.583984375 964.736389160156 972.057006835938 968.995239257812 971.278625488281 972.049011230469 973.636047363281 965.620727539062 959.84130859375 957.666625976562 961.62841796875 962.409362792969 961.382934570312 960.80078125 964.839477539062 971.652893066406 965.593200683594 964.106018066406 966.25537109375 963.383728027344 965.645935058594 969.595886230469 969.447143554688 966.030334472656 958.286987304688 962.860290527344 968.11962890625 963.540222167969 965.634521484375 974.075073242188 981.449401855469 981.670104980469
966.5625 972.541870117188 977.602172851562 969.733703613281 974.69921875 965.864562988281 964.37646484375 963.956970214844 969.624816894531 970.325744628906 967.568237304688 966.447448730469 961.800842285156 965.6025390625 959.83154296875 965.832153320312 969.003234863281 961.676452636719 964.377990722656 959.186584472656 959.615112304688 961.024841308594 964.915161132812 966.530639648438 962.069396972656 963.908081054688 972.949584960938 973.315795898438 970.641784667969 965.85009765625 965.840148925781 970.672729492188 968.143371582031 967.213928222656 970.546142578125 962.991271972656 964.918762207031 966.202270507812 963.30859375 971.353576660156 963.156005859375 967.678588867188 963.621398925781 965.2333984375 978.642822265625 978.021301269531
971.315856933594 972.73193359375 976.653686523438 975.113586425781 971.875610351562 969.436828613281 970.320983886719 960.719482421875 964.407470703125 961.025573730469 961.548889160156 964.142822265625 964.452331542969 968.525268554688 959.985290527344 948.872009277344 954.1494140625 956.77197265625 962.011779785156 960.338562011719 958.272155761719 958.50732421875 964.573059082031 970.753662109375 975.174011230469 962.7802734375 971.91162109375 967.4296875 958.890380859375 956.361022949219 966.532287597656 968.696533203125 967.909729003906 973.363159179688 975.609008789062 970.232788085938 965.37255859375 970.400512695312 969.09521484375 966.8046875 970.989807128906 976.372863769531 970.667785644531 971.348205566406 972.277465820312 968.365844726562
971.029602050781 971.889892578125 975.590393066406 971.146301269531 978.0869140625 970.482849121094 964.343566894531 957.858764648438 963.360412597656 955.89599609375 962.856018066406 968.873352050781 962.679138183594 964.644592285156 960.055541992188 948.54296875 952.791931152344 950.062316894531 954.529602050781 957.786071777344 965.815246582031 954.411315917969 965.744873046875 968.835754394531 962.701843261719 965.933715820312 967.686340332031 972.513793945312 967.781066894531 967.838745117188 964.864074707031 964.353271484375 962.132141113281 969.770629882812 972.434631347656 976.079162597656 972.115234375 969.654724121094 969.871032714844 972.923950195312 965.624450683594 971.414794921875 966.261657714844 972.026428222656 973.294372558594 969.261535644531
969.141906738281 971.938537597656 971.199340820312 974.487609863281 970.245422363281 968.503356933594 966.026306152344 961.575256347656 960.932983398438 963.891540527344 964.258056640625 953.036315917969 959.50537109375 960.738159179688 961.699584960938 956.216491699219 952.09375 949.195617675781 967.522094726562 960.717041015625 954.641540527344 955.547241210938 963.610473632812 959.226684570312 960.870544433594 961.029968261719 959.074096679688 968.848266601562 969.135192871094 963.443176269531 962.58154296875 959.620727539062 959.563232421875 965.96923828125 973.098876953125 966.783386230469 974.71240234375 968.8466796875 974.208801269531 968.019165039062 962.509704589844 964.881896972656 964.060974121094 975.129211425781 975.988891601562 968.533569335938
967.596374511719 972.84765625 977.370422363281 978.727905273438 972.872436523438 972.154174804688 959.21875 959.076354980469 951.636413574219 965.646911621094 951.118041992188 960.471496582031 954.716430664062 962.702758789062 963.92529296875 961.342407226562 962.422119140625 959.873107910156 961.6396484375 957.629516601562 956.303588867188 956.989440917969 955.36328125 958.526916503906 962.779846191406 959.504699707031 953.526794433594 962.007629394531 964.687622070312 963.771057128906 968.576599121094 961.19287109375 968.026062011719 960.586547851562 961.982604980469 960.328491210938 967.847534179688 965.884887695312 969.485961914062 971.644958496094 972.961608886719 965.602844238281 968.39794921875 973.956848144531 967.693481445312 964.260375976562
967.673095703125 972.261169433594 978.60791015625 972.570556640625 980.414978027344 976.902282714844 958.31298828125 951.492126464844 942.955749511719 948.007446289062 955.381286621094 946.614807128906 948.487426757812 955.644348144531 969.043395996094 957.027282714844 959.169067382812 955.146545410156 956.284973144531 959.270324707031 962.885925292969 962.446105957031 968.759094238281 961.350463867188 955.738220214844 960.970642089844 957.811584472656 957.239196777344 959.309020996094 960.085144042969 966.337951660156 961.914978027344 962.516540527344 958.111450195312 953.211730957031 967.813354492188 966.249450683594 963.966186523438 965.932983398438 972.118591308594 973.374572753906 969.010803222656 977.600463867188 971.787841796875 970.088928222656 967.36376953125
960.044189453125 971.332763671875 969.482727050781 973.462036132812 973.255859375 970.368774414062 961.515991210938 949.146850585938 951.68896484375 945.908447265625 948.48974609375 948.003601074219 952.51025390625 956.464782714844 955.164245605469 956.921691894531 953.233642578125 955.375122070312 954.73095703125 952.962036132812 950.189880371094 953.6552734375 967.440673828125 965.268249511719 961.366821289062 950.635620117188 954.750061035156 948.577026367188 957.034301757812 960.214538574219 958.663269042969 957.675476074219 955.591918945312 951.303344726562 954.851013183594 962.715454101562 966.349609375 967.0439453125 975.746154785156 965.817077636719 972.108520507812 967.508117675781 974.055419921875 970.968627929688 969.635375976562 965.297973632812
956.489013671875 960.075866699219 960.631652832031 965.767395019531 962.000427246094 967.891723632812 962.995483398438 953.770874023438 954.772033691406 953.89306640625 961.756042480469 956.924499511719 954.977233886719 960.00634765625 953.758117675781 956.781127929688 955.958679199219 949.394348144531 957.346923828125 956.623352050781 944.954345703125 953.9755859375 960.704162597656 975.365173339844 970.532165527344 966.087890625 952.562072753906 954.323791503906 949.689086914062 951.711975097656 953.852844238281 957.134826660156 968.467102050781 960.795471191406 960.759460449219 963.565124511719 970.661315917969 979.585205078125 973.980102539062 973.782409667969 970.764587402344 973.056579589844 973.154602050781 978.8603515625 975.625671386719 966.145202636719
957.077453613281 954.484497070312 953.542358398438 954.611083984375 961.7578125 961.181884765625 953.095825195312 956.183288574219 954.015014648438 961.236022949219 956.034118652344 961.967468261719 961.461853027344 960.134887695312 955.835388183594 963.669250488281 962.572082519531 953.028503417969 955.751586914062 955.886413574219 960.256713867188 954.306945800781 968.157653808594 966.241882324219 973.2734375 974.0634765625 958.100891113281 959.955200195312 948.564147949219 958.988159179688 965.609191894531 957.500854492188 958.565551757812 956.004821777344 967.536560058594 969.719665527344 973.496643066406 970.327392578125 970.798706054688 977.746826171875 970.304077148438 964.908203125 980.498779296875 985.899475097656 978.894592285156 977.359252929688
952.544860839844 950.65771484375 950.789001464844 955.547241210938 959.019409179688 964.573425292969 950.621643066406 949.102966308594 957.354248046875 952.91845703125 959.199462890625 956.772705078125 969.869812011719 965.299194335938 962.086486816406 965.109436035156 963.92724609375 956.986389160156 955.515319824219 959.242614746094 959.094177246094 949.459106445312 960.249755859375 963.224975585938 964.928344726562 970.950988769531 961.372741699219 965.403137207031 957.424438476562 962.288269042969 963.039672851562 956.814758300781 956.172058105469 961.291015625 972.015991210938 973.416748046875 968.010803222656 965.487609863281 967.666809082031 971.601745605469 969.777526855469 969.463317871094 986.140686035156 986.715026855469 979.794616699219 976.08984375
952.134155273438 952.407958984375 943.954833984375 946.918762207031 946.078918457031 948.926818847656 944.5595703125 950.739624023438 959.957458496094 952.980590820312 954.880065917969 952.564880371094 958.154357910156 966.898010253906 968.869262695312 964.133056640625 963.5869140625 963.934509277344 954.462219238281 956.048767089844 961.243041992188 963.344970703125 966.73779296875 973.107727050781 969.481628417969 967.157897949219 963.687072753906 968.98193359375 965.878234863281 966.038635253906 959.843994140625 963.916076660156 965.208557128906 969.571166992188 975.810974121094 969.209594726562 970.587036132812 970.432922363281 970.150756835938 969.874389648438 970.712646484375 975.972900390625 986.597900390625 986.679626464844 984.274353027344 975.722839355469
