data/zlatibor_dem_simulations/DEMsim65 (1).asc
NCOLS 150
NROWS 100
XLLCORNER 7394249
YLLCORNER 4841999
CELLSIZE 30
NODATA_VALUE -9999
[rows 40 to 59 of 100, columns 0 to 45 of 150]
949.305358886719 954.920715332031 960.51220703125 966.505004882812 963.336303710938 960.714477539062 959.645812988281 961.354736328125 957.285095214844 963.878173828125 960.17529296875 962.513610839844 971.281982421875 970.756713867188 975.700561523438 975.432800292969 973.551330566406 979.441467285156 961.567565917969 967.970153808594 959.394897460938 964.022705078125 967.955932617188 968.285278320312 977.301330566406 967.474731445312 972.258850097656 981.873901367188 987.361450195312 979.531127929688 974.959289550781 982.402282714844 979.382263183594 979.056884765625 974.577026367188 983.829284667969 984.625122070312 991.843627929688 989.395690917969 985.757507324219 971.929870605469 972.110107421875 977.568603515625 972.128356933594 975.660034179688 966.362060546875
933.993774414062 942.774963378906 945.679443359375 944.439880371094 950.41943359375 954.498413085938 954.453002929688 959.86767578125 959.737976074219 953.78369140625 959.658813476562 968.917236328125 974.073791503906 976.698425292969 970.957824707031 966.04296875 975.854309082031 984.005798339844 969.882141113281 961.989074707031 968.784057617188 961.140686035156 960.08251953125 965.309387207031 969.126403808594 975.765075683594 982.569702148438 973.508544921875 970.975219726562 973.438659667969 982.203735351562 970.340942382812 980.089538574219 984.336303710938 984.935485839844 987.721008300781 976.664428710938 978.967956542969 983.012390136719 987.287536621094 975.003662109375 969.117919921875 970.294067382812 968.359130859375 970.326599121094 963.85400390625
935.892578125 936.404418945312 938.346557617188 941.076477050781 944.312438964844 940.557189941406 949.263854980469 955.569702148438 956.415771484375 958.51025390625 964.972045898438 969.7939453125 981.017333984375 972.092590332031 971.654357910156 972.330871582031 974.207885742188 975.456176757812 972.875854492188 964.553588867188 966.582946777344 963.840576171875 963.304016113281 961.0361328125 964.832702636719 969.814086914062 973.177734375 976.539367675781 965.584350585938 967.43017578125 971.9599609375 980.564575195312 976.203552246094 985.977172851562 982.941284179688 984.917785644531 973.282348632812 981.899108886719 975.097229003906 983.629333496094 978.546569824219 972.711975097656 966.031433105469 972.287109375 969.853698730469 960.408569335938
940.699523925781 938.199035644531 946.987609863281 946.546630859375 951.014587402344 953.775634765625 952.297424316406 956.52978515625 963.29638671875 965.923522949219 968.089477539062 973.067687988281 970.189697265625 974.953796386719 972.944396972656 976.618469238281 971.067932128906 980.604064941406 980.981567382812 959.895385742188 960.943176269531 957.919677734375 958.682189941406 965.233947753906 969.855773925781 967.367370605469 962.756225585938 974.601623535156 975.760925292969 969.038452148438 980.356506347656 979.960815429688 977.972961425781 985.086975097656 987.534790039062 981.550964355469 977.03271484375 974.149047851562 975.069580078125 974.853820800781 975.602844238281 972.876220703125 969.018249511719 961.80712890625 964.063537597656 961.939819335938
945.4560546875 949.611999511719 948.54296875 952.351867675781 952.989990234375 958.733947753906 959.478454589844 958.533813476562 962.974365234375 966.684143066406 967.816101074219 968.787414550781 972.427612304688 974.597717285156 976.075988769531 970.998962402344 976.415893554688 976.621765136719 975.240783691406 970.580688476562 968.185180664062 963.852111816406 962.002502441406 962.47265625 970.127136230469 963.789855957031 964.760559082031 977.785949707031 977.002075195312 984.062744140625 980.794799804688 973.373046875 980.817077636719 982.772399902344 982.870788574219 974.256774902344 968.612670898438 974.228698730469 973.674926757812 967.165405273438 965.845397949219 962.611083984375 970.689819335938 959.236511230469 960.937866210938 964.907470703125
949.120788574219 956.764526367188 955.859680175781 962.394836425781 964.06591796875 964.855041503906 960.013061523438 967.309265136719 963.61279296875 965.626892089844 968.248168945312 968.428833007812 965.912475585938 968.799377441406 976.228149414062 974.248840332031 977.770324707031 975.798583984375 971.820068359375 970.5751953125 976.458251953125 971.224182128906 965.347473144531 965.302429199219 971.982727050781 971.547058105469 963.717956542969 974.07958984375 985.603271484375 993.494445800781 974.36474609375 975.779052734375 972.896362304688 981.694213867188 973.760192871094 966.640502929688 967.149719238281 967.471374511719 969.041015625 960.155639648438 969.383544921875 963.893493652344 968.885986328125 957.464538574219 959.758972167969 956.68701171875
949.42431640625 953.987609863281 957.891052246094 962.349304199219 968.315246582031 971.256408691406 965.507202148438 967.362609863281 962.599548339844 960.303527832031 968.020324707031 967.253173828125 971.386535644531 968.884704589844 968.010498046875 973.411804199219 975.207641601562 970.072875976562 973.407775878906 968.920593261719 970.925537109375 975.288696289062 967.654174804688 966.891174316406 961.559875488281 976.372924804688 974.232727050781 971.950012207031 979.800842285156 978.84326171875 978.042114257812 975.43017578125 978.684265136719 972.658081054688 974.732177734375 970.399841308594 966.860534667969 963.44140625 961.415466308594 958.256042480469 965.090881347656 957.913696289062 962.496337890625 959.825988769531 961.131286621094 964.916381835938
949.329406738281 946.815856933594 944.527709960938 959.806518554688 958.748474121094 961.46484375 974.533935546875 971.094177246094 968.558654785156 970.901733398438 969.865234375 962.793273925781 973.540466308594 969.878295898438 978.834533691406 980.954833984375 976.463623046875 976.041198730469 980.839111328125 977.514099121094 967.832214355469 972.69091796875 974.023620605469 966.556274414062 962.219604492188 969.686218261719 971.210998535156 958.916748046875 962.935791015625 977.56787109375 979.897216796875 973.726257324219 980.176574707031 977.299926757812 975.468383789062 962.372253417969 967.35009765625 953.531433105469 958.837097167969 962.629821777344 954.607482910156 959.573181152344 959.899475097656 954.49658203125 958.438598632812 962.899047851562
955.064025878906 948.917114257812 948.818603515625 956.228881835938 964.728637695312 969.318481445312 970.357727050781 977.843322753906 973.639831542969 971.509460449219 969.583068847656 966.62255859375 972.287780761719 981.114318847656 988.232604980469 983.310546875 979.747375488281 975.699462890625 981.472717285156 974.190673828125 968.778381347656 973.192504882812 962.822814941406 963.388732910156 958.77734375 963.576477050781 967.890197753906 953.9072265625 966.11962890625 979.041015625 970.6083984375 973.257385253906 971.338500976562 962.374877929688 972.221557617188 968.2685546875 964.245483398438 950.649841308594 955.154907226562 957.587097167969 956.504577636719 957.272216796875 962.533813476562 965.631591796875 962.386657714844 959.704833984375
959.738464355469 955.994018554688 950.145202636719 961.328552246094 968.637817382812 977.949645996094 970.64208984375 973.421875 970.337280273438 973.982055664062 971.245849609375 981.059753417969 977.573181152344 976.674865722656 986.04541015625 994.129638671875 986.554443359375 978.813110351562 983.380004882812 977.305786132812 977.414123535156 970.06396484375 959.22265625 961.500366210938 964.033996582031 955.185119628906 955.983520507812 955.742309570312 967.429809570312 964.52783203125 969.088134765625 976.640563964844 965.478576660156 968.202819824219 973.001892089844 961.562744140625 958.814025878906 955.300354003906 957.079650878906 959.372375488281 958.281066894531 952.884521484375 955.156127929688 960.806701660156 965.385009765625 959.492126464844
962.073547363281 957.405578613281 957.161987304688 961.52587890625 969.534729003906 964.951904296875 972.250610351562 979.531921386719 971.400817871094 962.351135253906 975.804077148438 974.400573730469 978.480529785156 980.057983398438 977.258850097656 984.811889648438 984.069519042969 973.299438476562 981.631225585938 987.302185058594 976.788391113281 979.124755859375 969.294372558594 958.597534179688 964.009521484375 963.707214355469 956.630310058594 951.324829101562 967.289916992188 970.536926269531 968.402160644531 972.167724609375 972.118286132812 972.042602539062 973.393981933594 963.040344238281 970.071960449219 971.339416503906 963.658752441406 959.7392578125 956.256774902344 960.768920898438 956.162963867188 961.736267089844 963.045043945312 961.720397949219
961.657775878906 953.635681152344 950.988220214844 958.122253417969 961.682250976562 967.18994140625 976.516357421875 976.504516601562 970.392395019531 971.685791015625 975.037048339844 968.748352050781 971.935424804688 976.735595703125 973.852233886719 978.22021484375 977.863342285156 983.864196777344 980.960693359375 977.787780761719 977.299438476562 970.24169921875 968.338073730469 979.169555664062 973.242126464844 963.810913085938 961.326904296875 958.572570800781 956.109619140625 967.485595703125 963.127746582031 966.302490234375 971.944152832031 967.717224121094 968.454162597656 973.756408691406 975.997802734375 969.041625976562 967.380615234375 962.345947265625 951.079284667969 957.473266601562 953.847351074219 965.367004394531 963.38427734375 960.534912109375
955.104309082031 957.789123535156 960.996948242188 969.201416015625 969.551147460938 968.333740234375 977.053344726562 972.854675292969 980.40283203125 977.393127441406 980.850219726562 977.848937988281 975.65234375 967.832275390625 977.134582519531 977.116088867188 978.060852050781 975.884399414062 974.648864746094 978.023071289062 978.266662597656 974.504150390625 981.248596191406 965.137390136719 967.828186035156 962.354675292969 957.839233398438 956.156616210938 959.587646484375 960.585144042969 970.538391113281 966.655822753906 965.608276367188 959.169799804688 958.801086425781 970.021545410156 976.795471191406 961.778503417969 970.557067871094 954.711120605469 953.032836914062 936.355163574219 949.635009765625 961.792541503906 962.506896972656 964.4169921875
967.050964355469 968.957946777344 963.512573242188 975.574523925781 970.101440429688 966.306396484375 973.340637207031 977.935668945312 977.809692382812 987.599426269531 980.987121582031 986.069274902344 986.72216796875 979.34765625 980.634948730469 969.02783203125 979.060424804688 978.641296386719 974.658386230469 974.888000488281 971.19970703125 968.99658203125 968.082153320312 967.537475585938 963.072875976562 961.47265625 966.536682128906 963.475158691406 967.941101074219 967.512634277344 966.06591796875 961.750854492188 965.712097167969 958.770812988281 955.361999511719 964.486694335938 968.450927734375 966.959899902344 963.378845214844 958.404846191406 947.205688476562 943.632690429688 949.182800292969 954.815124511719 959.4443359375 958.087158203125
963.090148925781 970.566162109375 976.619079589844 974.565063476562 976.394897460938 969.389404296875 972.665466308594 974.685974121094 974.358337402344 979.678283691406 977.16064453125 980.611633300781 985.037170410156 987.786865234375 977.188232421875 974.872680664062 970.306945800781 969.394226074219 969.2802734375 963.846557617188 966.178283691406 961.767333984375 955.511901855469 956.909423828125 958.827514648438 964.159484863281 974.041198730469 962.847961425781 958.708374023438 967.551635742188 967.020446777344 969.675048828125 959.546447753906 963.372131347656 964.339111328125 962.384216308594 967.165832519531 969.921691894531 970.190979003906 958.709777832031 952.845092773438 950.944213867188 954.699523925781 950.721862792969 956.741027832031 949.729553222656
967.806823730469 972.886535644531 975.386108398438 974.624633789062 971.637512207031 973.108947753906 970.09912109375 972.411376953125 980.25146484375 971.405639648438 971.62939453125 979.790771484375 981.458312988281 973.906921386719 974.520629882812 979.699951171875 978.867919921875 974.84033203125 972.025573730469 966.382202148438 961.830993652344 962.984008789062 964.803527832031 961.635070800781 965.580444335938 959.282165527344 957.374206542969 963.176391601562 967.460205078125 965.705871582031 972.686828613281 964.910278320312 962.78369140625 957.896667480469 966.67578125 965.280090332031 967.761474609375 968.213928222656 961.409362792969 954.712280273438 953.001953125 958.570861816406 955.724365234375 954.324035644531 959.869323730469 955.260681152344
973.16455078125 977.373962402344 976.756713867188 971.019653320312 966.53466796875 972.72265625 972.447875976562 976.853698730469 976.358947753906 979.157409667969 976.262084960938 976.724975585938 980.731201171875 973.122497558594 973.565979003906 972.411987304688 971.589233398438 971.745727539062 975.252746582031 962.449584960938 958.886413574219 959.647644042969 960.401245117188 959.242614746094 960.629150390625 960.813720703125 951.86328125 953.451293945312 959.449401855469 961.745788574219 970.750061035156 965.443298339844 963.570190429688 960.218078613281 956.616882324219 969.234802246094 963.821411132812 953.325927734375 951.947387695312 951.229797363281 953.549926757812 959.833862304688 955.932556152344 963.159973144531 954.570495605469 959.500305175781
968.257629394531 965.658264160156 971.099670410156 971.860595703125 973.328186035156 976.675903320312 972.1728515625 970.137512207031 975.451354980469 978.430541992188 972.688781738281 979.441528320312 975.022155761719 973.975219726562 976.163269042969 970.387023925781 975.191589355469 977.489379882812 967.132446289062 968.348571777344 963.681823730469 953.218444824219 955.335388183594 952.156494140625 949.548400878906 945.564514160156 951.599975585938 948.009887695312 958.822265625 955.61376953125 963.479614257812 965.578308105469 958.723266601562 956.316223144531 960.548828125 958.434936523438 963.146911621094 959.690490722656 947.857666015625 947.493103027344 949.297607421875 954.694030761719 947.317993164062 957.198486328125 953.871765136719 956.725219726562
958.472290039062 968.466796875 968.591674804688 972.602722167969 969.847534179688 973.710815429688 973.241455078125 962.420776367188 960.851745605469 971.308532714844 968.197631835938 959.945617675781 970.554382324219 980.798828125 981.317443847656 977.697814941406 969.7314453125 975.033752441406 972.617797851562 969.876281738281 961.876281738281 946.950500488281 950.684509277344 948.661315917969 945.6181640625 942.245727539062 958.724975585938 948.637756347656 949.861755371094 954.209716796875 956.672241210938 955.771179199219 955.325439453125 953.025329589844 962.182861328125 965.126281738281 954.972351074219 951.887878417969 954.306884765625 949.542114257812 953.674072265625 954.281005859375 958.790222167969 961.283813476562 962.461669921875 958.6669921875
951.352661132812 967.765380859375 965.442077636719 961.989624023438 970.975341796875 969.951049804688 968.069274902344 956.545166015625 964.2236328125 969.422607421875 964.5947265625 958.225402832031 965.736450195312 970.668884277344 970.487426757812 964.1416015625 972.928588867188 970.762573242188 968.282470703125 959.385498046875 959.266479492188 952.253845214844 952.401733398438 936.440856933594 945.933227539062 939.742492675781 945.191772460938 955.040771484375 949.1708984375 945.415283203125 955.078247070312 952.860961914062 956.921264648438 958.760437011719 956.736572265625 953.143920898438 948.046264648438 953.579772949219 955.614685058594 955.586059570312 953.766723632812 956.462463378906 957.152954101562 953.271606445312 954.550964355469 950.607238769531
