data/zlatibor_dem_simulations/DEMsim50.asc
NCOLS 150
NROWS 100
XLLCORNER 7394249
YLLCORNER 4841999
CELLSIZE 30
NODATA_VALUE -9999
[rows 40 to 59 of 100, columns 46 to 91 of 150]
977.727172851562 986.992980957031 985.118103027344 983.253845214844 980.634826660156 978.026977539062 973.650512695312 970.9736328125 968.773864746094 971.190856933594 971.617309570312 964.418395996094 963.307739257812 973.324523925781 984.039672851562 984.135314941406 977.339782714844 972.776977539062 964.8369140625 966.105407714844 973.341430664062 978.563049316406 986.52197265625 988.471313476562 981.270385742188 970.999328613281 964.778015136719 975.016845703125 980.026733398438 967.900268554688 967.709411621094 965.663330078125 969.512878417969 979.171081542969 974.563537597656 985.700378417969 990.610595703125 998.736389160156 998.306518554688 1000.33044433594 994.153686523438 981.181762695312 982.948181152344 988.50537109375 994.903747558594 996.903015136719
977.718078613281 982.25244140625 981.661071777344 978.82568359375 978.949584960938 978.030029296875 972.014587402344 976.134704589844 969.920837402344 959.016479492188 964.228332519531 963.482666015625 968.688659667969 971.712951660156 980.83740234375 989.597290039062 982.943542480469 974.928894042969 972.481384277344 965.631530761719 969.92578125 977.844787597656 984.528686523438 987.67578125 978.338989257812 981.884216308594 971.884216308594 968.930358886719 977.749633789062 982.983825683594 975.683349609375 969.256286621094 972.461059570312 974.078430175781 983.915344238281 983.115356445312 992.238220214844 996.450012207031 990.781372070312 991.35302734375 991.3310546875 990.38916015625 984.010803222656 986.460754394531 989.358093261719 993.9091796875
963.154907226562 972.749938964844 973.825622558594 972.597229003906 968.218078613281 965.15478515625 967.580810546875 964.020202636719 963.242431640625 967.329895019531 969.223999023438 971.854675292969 971.997680664062 974.567199707031 982.354370117188 985.476989746094 978.559265136719 976.3837890625 978.492309570312 967.882873535156 969.750793457031 979.114013671875 984.861450195312 987.388488769531 978.905822753906 980.282287597656 967.209777832031 967.947082519531 964.388305664062 970.751525878906 978.603332519531 969.694274902344 972.012329101562 976.671264648438 974.810791015625 975.064575195312 978.903076171875 994.652160644531 987.532653808594 993.841186523438 991.444885253906 987.913452148438 991.023376464844 992.861755371094 989.433349609375 988.164672851562
968.235961914062 971.627685546875 974.750305175781 975.362548828125 972.46435546875 968.000610351562 973.464721679688 964.380981445312 968.880676269531 967.342163085938 971.632080078125 972.331176757812 972.045593261719 972.46630859375 983.375 983.041748046875 983.947998046875 970.489135742188 975.706176757812 976.329528808594 970.268249511719 979.3759765625 976.300048828125 981.999084472656 980.311157226562 984.5517578125 977.791259765625 963.217590332031 963.400512695312 970.143859863281 969.708312988281 970.67333984375 976.422424316406 976.212280273438 974.536865234375 975.52685546875 979.612548828125 983.926086425781 980.50537109375 984.635986328125 988.269775390625 981.412658691406 982.559936523438 994.518920898438 990.104614257812 987.279541015625
966.45263671875 966.014038085938 968.304748535156 973.873168945312 971.755798339844 973.978820800781 973.938598632812 970.050170898438 975.146728515625 975.765075683594 981.656860351562 982.517822265625 969.144714355469 974.498840332031 974.143920898438 974.752807617188 980.6865234375 980.687072753906 976.376831054688 972.731018066406 975.195251464844 976.269226074219 977.2314453125 974.1630859375 978.502136230469 975.867736816406 965.340454101562 964.995910644531 968.572814941406 966.850036621094 971.959533691406 976.499389648438 973.890258789062 968.283325195312 966.153930664062 971.987731933594 972.217529296875 973.620971679688 972.424438476562 983.47802734375 976.138000488281 984.714721679688 979.499450683594 982.450012207031 987.786376953125 984.2216796875
961.603393554688 964.029602050781 969.0029296875 975.159851074219 972.275939941406 969.046447753906 972.590454101562 967.0634765625 974.281066894531 975.761047363281 980.488525390625 976.86083984375 974.475280761719 985.877685546875 969.327209472656 975.35400390625 979.213928222656 980.706298828125 970.503234863281 969.099609375 968.007446289062 961.008850097656 968.629516601562 972.976806640625 974.71044921875 975.05615234375 964.9599609375 961.147155761719 955.509948730469 968.21337890625 965.989501953125 972.0205078125 977.594360351562 969.364013671875 970.661193847656 969.252380371094 974.650634765625 964.299011230469 966.808837890625 969.971130371094 983.45458984375 985.484252929688 988.153137207031 981.37939453125 983.417358398438 977.907348632812
959.239868164062 961.630615234375 966.309692382812 968.995239257812 968.07177734375 966.634582519531 966.678344726562 963.9384765625 974.991455078125 973.905151367188 968.82666015625 965.584594726562 972.285705566406 984.145629882812 972.061157226562 969.715087890625 969.5859375 976.498413085938 974.123229980469 965.779541015625 964.003173828125 960.431335449219 965.724609375 972.758544921875 971.291442871094 968.931884765625 960.433898925781 960.235717773438 961.103698730469 973.83154296875 969.573181152344 973.050903320312 977.986999511719 969.647155761719 972.696594238281 968.51708984375 967.267211914062 975.677917480469 976.234191894531 979.814819335938 976.061950683594 973.293579101562 972.426696777344 979.624206542969 982.092102050781 975.931457519531
958.510986328125 958.355773925781 966.716369628906 965.995300292969 965.096313476562 959.107849121094 955.314392089844 958.61083984375 963.992126464844 963.449584960938 967.513427734375 965.818115234375 970.128540039062 973.293334960938 976.062561035156 966.920837402344 963.706298828125 969.107788085938 966.344360351562 964.499328613281 963.306396484375 960.233215332031 961.671752929688 963.526306152344 977.503723144531 968.25341796875 964.836364746094 962.715393066406 969.128723144531 978.087341308594 973.784912109375 969.592834472656 969.587463378906 964.595397949219 970.173583984375 965.615356445312 967.350646972656 976.047668457031 985.045349121094 969.623474121094 975.550598144531 978.248413085938 977.036071777344 982.42626953125 977.533508300781 971.473388671875
959.394592285156 959.611450195312 970.093444824219 963.657043457031 959.561645507812 954.4580078125 956.382751464844 962.192993164062 959.559814453125 965.398376464844 968.889282226562 969.803100585938 971.051635742188 966.286499023438 968.352416992188 962.2744140625 958.896301269531 965.713317871094 963.842895507812 958.578491210938 960.317687988281 959.934875488281 953.423645019531 964.8662109375 974.395568847656 967.106628417969 964.271240234375 973.505859375 968.032165527344 968.723815917969 965.570129394531 961.674560546875 961.522827148438 964.152587890625 961.997863769531 969.137756347656 969.548522949219 972.70263671875 982.691711425781 972.511413574219 970.698486328125 979.499633789062 979.973022460938 984.949096679688 977.754577636719 971.910095214844
958.430358886719 959.478088378906 962.091552734375 960.828125 960.654296875 960.867919921875 955.8818359375 958.869018554688 965.031555175781 961.254272460938 962.299438476562 967.557189941406 971.75439453125 958.436584472656 960.9580078125 954.939453125 959.959289550781 964.120727539062 955.963500976562 954.905517578125 963.320922851562 959.170227050781 947.385803222656 955.021606445312 965.068176269531 962.596923828125 961.66357421875 967.27197265625 973.817138671875 974.529113769531 969.288879394531 962.533935546875 962.592834472656 965.358276367188 960.465881347656 966.015502929688 968.549682617188 959.007202148438 968.621765136719 975.359802246094 970.781616210938 970.91357421875 971.489379882812 979.624877929688 974.027648925781 974.279296875
966.000427246094 959.151672363281 958.762084960938 962.004272460938 967.875549316406 959.2353515625 958.327087402344 963.169311523438 957.007202148438 956.168701171875 959.504333496094 967.365844726562 964.111511230469 961.964904785156 963.447448730469 961.231140136719 961.319213867188 962.063537597656 961.548583984375 954.576904296875 961.427978515625 958.235717773438 946.976013183594 949.259338378906 955.781921386719 959.292541503906 963.55126953125 968.670227050781 965.779663085938 963.316589355469 966.418151855469 954.861083984375 961.001892089844 961.048828125 958.171081542969 956.483032226562 957.378479003906 962.367797851562 967.853454589844 971.661499023438 979.954956054688 977.629455566406 967.100891113281 969.89453125 972.691650390625 973.824035644531
967.889770507812 972.25439453125 959.059265136719 950.964965820312 962.967407226562 955.01025390625 966.619567871094 968.571594238281 965.340637207031 955.191467285156 959.469909667969 964.299011230469 956.451354980469 960.087524414062 959.792846679688 960.456665039062 957.005981445312 965.248168945312 971.571228027344 962.562561035156 955.067810058594 952.289306640625 945.289672851562 949.667785644531 945.451599121094 959.383056640625 965.16796875 964.652160644531 972.469604492188 967.318908691406 964.420715332031 960.446228027344 967.906677246094 961.810180664062 956.070983886719 947.935668945312 956.634582519531 966.456665039062 973.342712402344 976.637634277344 972.146545410156 968.764770507812 970.071228027344 965.814025878906 969.259033203125 976.120849609375
969.651733398438 972.916015625 966.294799804688 959.259338378906 959.75048828125 959.800109863281 956.796691894531 958.800659179688 959.844116210938 962.522155761719 954.485595703125 959.508361816406 954.633178710938 949.398864746094 952.540222167969 960.709655761719 959.604248046875 972.876159667969 966.872009277344 963.0322265625 964.286376953125 958.087707519531 951.067504882812 951.470642089844 954.077819824219 955.729675292969 963.736694335938 962.92626953125 964.514709472656 966.065856933594 968.830993652344 957.916015625 968.437622070312 957.942687988281 951.92529296875 956.726135253906 961.162292480469 969.464416503906 982.428161621094 977.018981933594 977.513244628906 967.426391601562 968.935119628906 971.156799316406 969.737060546875 975.976806640625
962.533569335938 961.421325683594 960.363037109375 966.989562988281 960.804443359375 964.022033691406 957.515075683594 951.225646972656 956.185363769531 957.009460449219 955.459838867188 959.51904296875 957.867614746094 961.656188964844 950.483642578125 955.812622070312 961.397399902344 960.562744140625 963.004699707031 970.182250976562 964.058288574219 956.852966308594 959.68408203125 964.88671875 962.66455078125 966.099853515625 963.084533691406 957.622253417969 964.868774414062 962.050537109375 965.545043945312 965.494262695312 960.552062988281 967.826782226562 958.763244628906 959.805603027344 966.491821289062 982.087768554688 989.161560058594 985.321350097656 978.123596191406 972.368896484375 968.4521484375 969.277404785156 972.861572265625 979.783386230469
953.195129394531 951.864379882812 955.153442382812 955.165161132812 959.518310546875 954.466979980469 955.077453613281 952.857727050781 952.780029296875 960.607849121094 953.352844238281 967.168640136719 961.456848144531 953.498291015625 963.211975097656 956.332153320312 957.044555664062 956.239074707031 958.384582519531 963.929870605469 966.780334472656 961.546569824219 963.886352539062 964.641784667969 966.595886230469 963.367980957031 964.2021484375 961.455871582031 967.621459960938 963.333618164062 962.178161621094 958.975952148438 955.992736816406 964.189758300781 967.16064453125 968.984069824219 965.518249511719 977.40185546875 984.401306152344 980.505249023438 968.300964355469 971.862548828125 964.020446777344 963.60498046875 976.147277832031 979.9794921875
952.504577636719 955.703735351562 955.667846679688 947.094604492188 944.994201660156 950.239807128906 952.325866699219 942.1865234375 953.133728027344 963.74462890625 958.8193359375 968.352661132812 959.362121582031 959.672180175781 960.607116699219 963.627319335938 956.245178222656 954.524658203125 962.033752441406 958.868774414062 956.208923339844 959.740173339844 965.075866699219 960.306518554688 962.543884277344 953.972229003906 960.795532226562 961.012878417969 958.121520996094 964.72998046875 960.480712890625 964.763427734375 966.669067382812 967.49951171875 963.015380859375 964.8125 971.563415527344 973.322448730469 970.973022460938 969.278869628906 976.757629394531 969.514099121094 960.687377929688 958.153442382812 974.017578125 977.042785644531
956.444213867188 948.281372070312 951.428405761719 943.150817871094 949.384399414062 950.477966308594 949.780517578125 955.917785644531 964.31494140625 967.055053710938 956.182983398438 964.055236816406 960.132568359375 959.00244140625 956.190307617188 960.906372070312 963.398864746094 956.306701660156 962.871643066406 952.619201660156 954.893432617188 965.399963378906 973.730285644531 964.438781738281 958.926147460938 954.53466796875 959.837768554688 958.704833984375 955.992309570312 957.041564941406 961.58984375 960.913513183594 959.8349609375 960.944946289062 961.487121582031 957.387817382812 958.987487792969 959.558349609375 966.543090820312 969.846435546875 969.317565917969 967.567687988281 962.301818847656 956.348205566406 968.917297363281 972.313110351562
953.798950195312 935.187683105469 948.254211425781 957.78271484375 956.172973632812 956.201599121094 961.515014648438 962.635986328125 964.750915527344 957.095336914062 957.74609375 959.338562011719 951.477600097656 952.447387695312 958.01806640625 963.393798828125 965.994201660156 962.494445800781 962.28955078125 959.327453613281 962.927429199219 966.006896972656 974.846862792969 962.61572265625 955.89892578125 958.602905273438 964.595581054688 959.96337890625 957.354431152344 950.99755859375 954.525451660156 955.435913085938 959.951599121094 958.887268066406 959.343872070312 964.572143554688 963.328063964844 957.459533691406 959.2734375 966.892456054688 967.210998535156 977.436401367188 965.460693359375 968.788696289062 969.533996582031 973.240783691406
948.576843261719 938.5078125 950.451965332031 961.2724609375 961.8251953125 951.174255371094 963.209045410156 956.666381835938 960.441650390625 958.483520507812 955.997802734375 955.738220214844 954.0009765625 952.880249023438 946.970458984375 958.590393066406 969.434936523438 962.787414550781 962.084838867188 963.218322753906 966.155822753906 973.521179199219 965.660522460938 953.094299316406 950.831604003906 960.394653320312 959.677673339844 952.388488769531 959.425048828125 957.370544433594 954.465698242188 958.077880859375 968.196594238281 966.578369140625 962.422546386719 951.844421386719 955.595520019531 959.697814941406 953.732116699219 956.134521484375 956.602416992188 973.818542480469 969.41357421875 973.345581054688 974.742858886719 976.216491699219
943.06787109375 937.246948242188 949.799865722656 955.279357910156 955.702697753906 954.690368652344 946.399475097656 954.492797851562 941.024047851562 950.370544433594 962.504943847656 960.524841308594 962.989807128906 957.806762695312 955.430236816406 966.485717773438 968.303588867188 968.834106445312 964.475280761719 967.950378417969 962.428161621094 959.758361816406 959.660278320312 963.301513671875 959.727111816406 959.578063964844 958.62158203125 958.520141601562 961.267456054688 961.867065429688 965.870727539062 959.856140136719 964.078369140625 958.494934082031 956.531555175781 954.644897460938 957.837768554688 957.224731445312 957.507934570312 955.60400390625 953.069519042969 958.973205566406 968.765869140625 979.998229980469 977.073669433594 982.545593261719
