data/zlatibor_dem_simulations/DEMsim81.asc
NCOLS 150
NROWS 100
XLLCORNER 7394249
YLLCORNER 4841999
CELLSIZE 30
NODATA_VALUE -9999
[rows 20 to 39 of 100, columns 92 to 137 of 150]
1005.30493164062 1002.81298828125 1002.74444580078 1011.86999511719 1008.34832763672 1014.26617431641 1013.27160644531 1012.97991943359 1007.32922363281 999.226623535156 1011.369140625 1006.96789550781 994.739196777344 994.134887695312 988.12451171875 985.060302734375 983.088684082031 976.408325195312 972.568359375 962.864807128906 955.426696777344 941.421447753906 937.363037109375 931.8984375 933.471313476562 935.50244140625 932.976928710938 954.963195800781 964.182250976562 974.421081542969 980.798583984375 1000.69311523438 1007.93481445312 1018.73712158203 1017.67462158203 1025.77612304688 1031.8876953125 1030.95434570312 1038.22497558594 1035.49157714844 1045.86303710938 1035.31579589844 1043.34741210938 1045.30249023438 1059.68029785156 1061.37390136719
1017.61737060547 1019.53485107422 1018.07690429688 1016.38299560547 1016.15625 1016.31890869141 1010.63421630859 1017.75775146484 1012.06860351562 1008.34216308594 1006.11755371094 995.315307617188 996.361206054688 1002.35162353516 992.591430664062 990.982543945312 984.157775878906 977.236572265625 971.863220214844 966.689514160156 954.308227539062 947.444030761719 937.81884765625 942.877319335938 936.340209960938 944.315124511719 950.529113769531 962.793029785156 971.701110839844 981.814331054688 999.6044921875 998.97265625 1011.32965087891 1020.47973632812 1016.49523925781 1022.08074951172 1034.08264160156 1038.80590820312 1049.03344726562 1052.83911132812 1049.4921875 1052.06030273438 1052.15930175781 1048.037109375 1059.123046875 1060.28759765625
1031.74072265625 1034.20666503906 1027.2216796875 1026.3642578125 1024.43286132812 1025.26879882812 1016.33325195312 1009.08917236328 1009.70257568359 1009.78479003906 1007.59118652344 999.375183105469 1001.13012695312 1003.64135742188 991.900451660156 993.389831542969 989.215026855469 976.72607421875 970.622375488281 967.820007324219 951.700317382812 941.686096191406 943.68798828125 947.319152832031 951.528442382812 949.762023925781 960.357604980469 967.230407714844 979.842346191406 983.420837402344 998.302062988281 1006.19732666016 1018.59906005859 1022.30383300781 1018.06011962891 1027.4658203125 1042.85607910156 1040.19995117188 1053.21594238281 1054.63391113281 1054.02331542969 1052.79321289062 1053.15051269531 1051.33142089844 1051.59558105469 1048.44116210938
1031.59802246094 1030.19519042969 1026.35693359375 1027.50500488281 1027.07556152344 1027.0419921875 1013.43713378906 1008.44567871094 1005.44604492188 1006.5986328125 1005.94427490234 1007.11309814453 1011.1865234375 1008.34002685547 1008.24536132812 1001.27099609375 986.244689941406 976.938110351562 979.285095214844 967.1513671875 952.042907714844 948.884094238281 942.031066894531 941.439392089844 954.012817382812 965.524230957031 971.590698242188 978.013488769531 989.995849609375 997.214050292969 1004.328125 1004.80047607422 1017.41583251953 1025.14245605469 1024.68542480469 1031.48754882812 1044.25805664062 1044.20373535156 1048.52258300781 1047.27795410156 1051.79418945312 1052.6279296875 1053.74841308594 1058.24499511719 1056.11608886719 1052.08874511719
1032.03112792969 1034.58178710938 1027.84436035156 1021.28680419922 1022.50854492188 1017.39349365234 1017.86743164062 1011.56781005859 997.865600585938 1001.28454589844 1005.29528808594 1003.97448730469 1009.92340087891 1014.00128173828 1009.98443603516 990.029907226562 984.8505859375 980.919799804688 972.039978027344 955.333435058594 947.539428710938 947.356140136719 939.879028320312 949.279907226562 960.931579589844 967.714660644531 978.163208007812 994.412963867188 997.104187011719 1002.17608642578 1016.16125488281 1019.5908203125 1021.11767578125 1021.78033447266 1026.13391113281 1035.36877441406 1039.46765136719 1039.98571777344 1051.34765625 1042.12548828125 1052.04077148438 1054.21374511719 1054.00341796875 1058.02587890625 1051.63317871094 1054.85766601562
1030.31420898438 1033.00891113281 1023.17700195312 1020.76654052734 1017.93511962891 1018.58532714844 1024.00268554688 1015.29998779297 1001.72247314453 999.0859375 1006.81182861328 1013.90490722656 1008.59405517578 1006.92657470703 999.133605957031 991.586547851562 983.302612304688 977.37255859375 969.258850097656 956.389831542969 955.734985351562 941.111694335938 948.9267578125 950.127197265625 963.988647460938 969.147338867188 973.963073730469 986.006652832031 1001.07312011719 1012.95288085938 1020.77722167969 1031.42602539062 1036.87353515625 1026.84790039062 1028.97241210938 1033.8466796875 1031.56286621094 1037.61401367188 1039.93994140625 1045.74291992188 1050.56811523438 1056.83532714844 1059.37829589844 1061.35510253906 1055.42993164062 1054.87438964844
1028.32104492188 1033.46960449219 1027.47778320312 1020.33251953125 1015.91381835938 1013.19952392578 1012.00024414062 1015.279296875 999.408813476562 998.717163085938 1010.14001464844 1012.82562255859 1016.65734863281 1004.5361328125 997.595153808594 991.074279785156 982.629943847656 971.7490234375 965.241577148438 955.326538085938 957.88134765625 957.093505859375 947.906494140625 950.795043945312 958.227600097656 962.355102539062 965.250671386719 979.560729980469 988.571594238281 1009.73150634766 1023.10229492188 1031.28527832031 1037.22180175781 1032.57507324219 1034.75451660156 1039.3427734375 1031.37536621094 1034.68176269531 1040.59741210938 1047.60498046875 1049.55981445312 1059.02099609375 1060.82800292969 1055.89270019531 1044.72106933594 1049.55163574219
1019.70880126953 1020.11022949219 1010.16943359375 1006.65631103516 1006.40905761719 1011.15539550781 1007.06658935547 1010.45629882812 1007.77691650391 1000.69085693359 1007.43695068359 1006.90789794922 1009.369140625 1006.35711669922 998.165222167969 1001.78845214844 983.322082519531 975.378173828125 967.373657226562 951.480895996094 944.057922363281 941.631103515625 946.957336425781 949.37353515625 955.649597167969 962.591247558594 967.726806640625 982.798767089844 996.376342773438 1005.064453125 1012.71673583984 1034.32458496094 1029.49377441406 1036.90185546875 1037.33557128906 1046.18713378906 1031.4365234375 1035.70153808594 1043.01147460938 1039.63940429688 1051.95910644531 1051.61889648438 1054.8955078125 1043.65185546875 1037.37768554688 1042.01794433594
1019.33538818359 1012.20831298828 1007.83337402344 1006.39489746094 1011.46466064453 1011.99444580078 1001.81335449219 1005.21319580078 1007.80584716797 1007.19750976562 1000.94989013672 1005.6357421875 1005.79791259766 1007.43414306641 1004.13726806641 998.619262695312 987.952087402344 981.408325195312 971.650512695312 955.794860839844 944.167114257812 940.713745117188 937.134216308594 946.243041992188 956.996643066406 969.48681640625 971.414855957031 989.764404296875 1002.21301269531 1008.72491455078 1026.91137695312 1033.70007324219 1033.21032714844 1038.5927734375 1037.3994140625 1039.69750976562 1038.71411132812 1038.41027832031 1040.01501464844 1036.05249023438 1046.85070800781 1041.42956542969 1042.63732910156 1038.9736328125 1034.09802246094 1032.38671875
1024.47338867188 1017.451171875 1007.34289550781 1005.69610595703 1008.95013427734 1006.59979248047 1000.35296630859 1008.6337890625 1005.29028320312 1005.49676513672 1006.60223388672 1011.5283203125 1010.71734619141 1016.09564208984 994.772827148438 989.872802734375 983.277404785156 967.098388671875 962.341430664062 965.315368652344 947.785888671875 941.322814941406 947.392944335938 948.408142089844 965.600463867188 971.003173828125 977.786376953125 991.057922363281 1001.97937011719 1010.19213867188 1020.17102050781 1023.46496582031 1029.86169433594 1031.82019042969 1036.87512207031 1031.04162597656 1026.47644042969 1037.35021972656 1033.48950195312 1036.27648925781 1025.78601074219 1029.78515625 1037.07702636719 1033.25903320312 1037.74133300781 1030.61242675781
1017.54943847656 1019.18566894531 1012.55432128906 1007.59454345703 1007.01947021484 1002.91656494141 1000.94946289062 1006.47473144531 1010.49139404297 1009.51702880859 1015.06109619141 1008.16040039062 995.218078613281 1003.67645263672 996.812377929688 990.377380371094 974.352478027344 961.039306640625 951.144104003906 964.954467773438 954.515869140625 945.790405273438 944.926330566406 957.127319335938 956.818237304688 961.732238769531 986.127502441406 999.725402832031 1006.66424560547 1014.04071044922 1016.22711181641 1026.04345703125 1020.88946533203 1020.37194824219 1037.79321289062 1040.86364746094 1039.83947753906 1039.78784179688 1028.45751953125 1030.97668457031 1020.12164306641 1029.65087890625 1034.67419433594 1032.50109863281 1036.80139160156 1034.91003417969
1015.54187011719 1020.22082519531 1008.509765625 1009.22540283203 1007.26025390625 1007.60986328125 1005.36749267578 1003.20190429688 998.103515625 994.517822265625 1001.13702392578 1004.57403564453 987.816772460938 998.964538574219 991.089111328125 988.319030761719 975.046813964844 961.479736328125 954.872924804688 949.491577148438 947.526672363281 948.861145019531 944.429016113281 952.789123535156 947.715881347656 965.009704589844 982.669494628906 991.987670898438 1007.61004638672 1013.38073730469 1018.30780029297 1025.27856445312 1020.65570068359 1025.97326660156 1028.677734375 1030.587890625 1035.45324707031 1034.78100585938 1025.4521484375 1026.33203125 1020.40026855469 1025.76342773438 1032.35278320312 1035.46032714844 1032.46276855469 1030.08056640625
1022.63555908203 1020.65948486328 1009.64013671875 1007.14703369141 999.122924804688 999.455383300781 1001.76989746094 994.120666503906 994.5439453125 990.432434082031 989.429260253906 988.056701660156 987.668212890625 1001.93585205078 993.697326660156 994.776794433594 980.316284179688 972.763916015625 968.294006347656 960.470153808594 950.955017089844 950.329833984375 963.046081542969 960.174072265625 961.7890625 970.439575195312 980.72314453125 994.372619628906 1005.07073974609 1014.91931152344 1020.25164794922 1027.02124023438 1020.77587890625 1023.11950683594 1022.19641113281 1016.52923583984 1023.13299560547 1032.142578125 1021.51196289062 1015.16546630859 1020.40130615234 1024.84020996094 1023.77081298828 1035.33813476562 1022.84814453125 1027.32019042969
1008.67858886719 1008.66284179688 1004.32281494141 1004.39080810547 1004.833984375 998.527648925781 993.762512207031 996.63525390625 1004.07354736328 991.99658203125 993.7451171875 990.983154296875 999.607421875 1003.75305175781 1002.67987060547 994.408874511719 989.5390625 977.902038574219 975.495178222656 969.883972167969 960.340148925781 960.784545898438 967.603393554688 972.631042480469 979.458984375 981.15283203125 988.937561035156 991.427978515625 1006.76495361328 1009.92901611328 1013.23004150391 1022.19012451172 1031.44592285156 1022.57720947266 1031.28039550781 1019.91003417969 1019.34631347656 1015.86859130859 1012.06329345703 1015.36328125 1015.04357910156 1011.81713867188 1018.89569091797 1027.81689453125 1020.00317382812 1026.55041503906
1002.13854980469 1005.134765625 1008.21984863281 997.412475585938 1006.62579345703 1007.46234130859 1000.74853515625 997.599243164062 1002.6640625 994.531188964844 994.1484375 998.018371582031 995.04150390625 994.06396484375 994.114318847656 997.2119140625 992.671752929688 985.997253417969 982.736328125 988.347106933594 973.429565429688 970.676025390625 981.584045410156 981.622741699219 986.054138183594 994.144470214844 986.098571777344 992.435119628906 997.593627929688 1006.1787109375 1011.00933837891 1013.17803955078 1024.75280761719 1021.40850830078 1029.13049316406 1021.87048339844 1024.32556152344 1018.40258789062 1017.95922851562 1015.16204833984 1008.12231445312 1015.72436523438 1016.35479736328 1017.59484863281 1021.99334716797 1028.60412597656
1001.44769287109 1003.29754638672 1010.55139160156 1003.95373535156 996.954467773438 998.4296875 1000.4658203125 1001.21234130859 995.976867675781 992.383178710938 983.489990234375 995.66455078125 992.2880859375 989.951904296875 985.938598632812 995.729370117188 994.153076171875 993.327331542969 987.613830566406 992.210632324219 988.333190917969 989.728332519531 986.523254394531 985.379943847656 981.9765625 996.969299316406 1000.17272949219 997.348449707031 1008.39318847656 1013.00476074219 1008.02331542969 1010.38995361328 1009.48449707031 1011.39770507812 1015.83392333984 1024.6904296875 1021.74871826172 1020.95495605469 1011.79156494141 1026.77758789062 1011.20910644531 1012.07495117188 1018.9599609375 1024.93237304688 1028.46105957031 1024.15808105469
1000.10424804688 1006.06915283203 1001.05279541016 1000.15808105469 999.955200195312 994.659240722656 999.336547851562 990.728515625 987.051940917969 987.457092285156 988.531860351562 991.189453125 992.327270507812 992.57177734375 993.494567871094 995.327941894531 993.2255859375 993.514099121094 982.941589355469 991.162475585938 996.208862304688 995.776000976562 988.800354003906 996.575744628906 1000.27844238281 996.532653808594 999.897888183594 1005.32556152344 1009.74841308594 1010.04107666016 1005.15795898438 1011.02111816406 1007.68151855469 998.890869140625 998.533630371094 1018.06793212891 1015.94708251953 1013.6708984375 1015.94323730469 1023.95874023438 1017.90313720703 1020.06555175781 1021.80285644531 1030.74987792969 1028.68591308594 1027.79968261719
1005.71368408203 999.442504882812 997.474670410156 1001.86950683594 1001.65051269531 996.687438964844 994.82080078125 995.156555175781 990.8349609375 986.520446777344 991.182312011719 991.745239257812 991.976745605469 998.987670898438 991.886901855469 996.026916503906 987.730163574219 990.622314453125 987.725952148438 990.85400390625 999.471252441406 1001.82604980469 1001.25518798828 1008.24200439453 1010.49346923828 1003.57025146484 1002.49554443359 1008.45184326172 1003.30688476562 1001.37457275391 1005.75408935547 1001.51641845703 1005.67065429688 997.056335449219 1007.14526367188 1009.31304931641 1012.8154296875 1013.95196533203 1004.55157470703 1017.33825683594 1017.33074951172 1020.33337402344 1019.62994384766 1035.39428710938 1031.63671875 1036.6083984375
1003.375 1006.36694335938 1001.51379394531 1004.92761230469 995.005798339844 995.466186523438 994.293395996094 992.663391113281 986.805541992188 993.256469726562 994.917053222656 991.510437011719 990.510070800781 986.387756347656 991.650695800781 1002.26818847656 991.606872558594 1003.81323242188 998.355895996094 999.94775390625 999.14990234375 1003.72253417969 998.169677734375 1000.4521484375 1003.59442138672 1007.45080566406 1004.85333251953 1004.30908203125 994.525268554688 995.658813476562 1007.23162841797 1005.77947998047 1002.04943847656 997.904479980469 1002.40057373047 1014.09020996094 1011.30731201172 1009.15386962891 1004.26098632812 1016.74572753906 1021.32629394531 1026.86938476562 1032.52380371094 1031.28088378906 1036.51672363281 1041.50476074219
993.933044433594 1000.07867431641 1000.65301513672 994.253356933594 996.334533691406 992.323913574219 991.4990234375 990.284606933594 996.355224609375 1001.06237792969 995.094787597656 987.494506835938 986.09033203125 986.327209472656 984.174377441406 991.566223144531 995.06787109375 996.15234375 998.496765136719 994.178649902344 1002.80572509766 1003.4931640625 999.440979003906 997.61181640625 1002.62951660156 995.197387695312 999.804260253906 992.501708984375 989.724365234375 992.556823730469 1004.63116455078 1005.47015380859 1001.62908935547 1003.54205322266 1011.04241943359 1015.36047363281 1011.64019775391 1009.37030029297 1006.44464111328 1020.80053710938 1029.40185546875 1028.94091796875 1034.68603515625 1034.07592773438 1040.10412597656 1042.29174804688
