data/zlatibor_dem_simulations/DEMsim62.asc
NCOLS 150
NROWS 100
XLLCORNER 7394249
YLLCORNER 4841999
CELLSIZE 30
NODATA_VALUE -9999
[rows 80 to 99 of 100, columns 46 to 91 of 150]
1020.54962158203 1017.80639648438 1021.50653076172 1020.24572753906 1012.88684082031 1004.43621826172 1004.85272216797 1002.36053466797 998.555114746094 995.916625976562 989.353637695312 980.692810058594 985.566650390625 989.114501953125 982.431579589844 968.43115234375 965.815002441406 973.392761230469 976.925964355469 981.173522949219 974.376892089844 965.4365234375 974.455871582031 984.648376464844 979.5029296875 987.634704589844 996.247802734375 996.846130371094 999.433227539062 999.478210449219 997.594482421875 992.7001953125 1002.47009277344 1002.15710449219 1010.12646484375 1003.09478759766 1004.04302978516 1004.11749267578 1005.94525146484 1008.23266601562 1002.86016845703 999.635070800781 989.767761230469 990.65283203125 992.547607421875 988.291015625
1021.44073486328 1013.33245849609 1007.84039306641 1010.14855957031 1013.22747802734 1003.79913330078 1001.75738525391 995.594604492188 996.218994140625 995.548278808594 986.04248046875 979.700500488281 982.241027832031 986.245788574219 984.310424804688 970.801086425781 976.5224609375 975.641052246094 974.417297363281 978.258850097656 974.271789550781 972.446166992188 989.718688964844 986.111083984375 983.055847167969 986.576782226562 990.178100585938 1001.06304931641 999.900085449219 997.31640625 999.787353515625 993.686096191406 990.388488769531 1007.30773925781 1011.40386962891 1015.43469238281 1002.82122802734 997.446838378906 999.083374023438 1006.18927001953 1002.05981445312 997.6484375 987.911926269531 990.837707519531 996.033386230469 986.315673828125
1018.07183837891 1012.44769287109 1009.65203857422 1011.57159423828 1006.20574951172 1000.34735107422 1001.94482421875 998.327209472656 991.773254394531 993.921508789062 997.668212890625 993.932739257812 984.381530761719 989.372680664062 986.771118164062 981.000366210938 979.665954589844 970.586669921875 973.635070800781 978.022888183594 977.028076171875 979.915832519531 985.852844238281 986.644897460938 986.3291015625 987.809326171875 982.869079589844 982.368103027344 988.020324707031 993.249145507812 989.511840820312 1000.81060791016 1002.05181884766 1006.30053710938 1009.92895507812 1006.25561523438 1006.28131103516 995.003234863281 995.831420898438 1000.01245117188 995.530517578125 1000.39489746094 990.713012695312 990.053100585938 1000.60339355469 997.006225585938
1010.28033447266 1008.63732910156 1005.67852783203 1011.51751708984 1011.23583984375 1007.3994140625 997.587829589844 990.835754394531 986.690490722656 990.361267089844 1002.95336914062 988.830749511719 987.611450195312 992.8056640625 989.798217773438 983.00341796875 983.546020507812 973.126647949219 976.297424316406 982.903686523438 981.916076660156 988.185668945312 989.552307128906 985.249084472656 984.437438964844 988.603820800781 983.236511230469 979.316589355469 983.732971191406 988.530090332031 989.481201171875 998.130493164062 999.744384765625 1012.55212402344 1015.11810302734 1008.34655761719 996.979431152344 998.517150878906 1004.27264404297 1000.61401367188 1000.81585693359 995.756225585938 991.305358886719 986.184143066406 988.725341796875 998.758666992188
1000.25805664062 1002.72711181641 993.027648925781 998.527160644531 1001.78619384766 1000.87750244141 995.866271972656 987.211303710938 982.845397949219 976.515380859375 987.226318359375 983.336791992188 992.614990234375 991.955322265625 992.219116210938 984.6708984375 988.296081542969 984.091064453125 984.385986328125 976.644348144531 978.085144042969 979.993713378906 984.467163085938 986.817016601562 984.894165039062 989.744506835938 985.027160644531 996.484924316406 993.926208496094 986.903198242188 985.110534667969 990.450500488281 999.05078125 1000.96893310547 1003.65539550781 1002.38995361328 993.678527832031 1000.54730224609 1009.89538574219 997.893310546875 994.343383789062 996.232849121094 993.26513671875 992.240539550781 996.963806152344 997.349914550781
992.618530273438 992.192138671875 1001.41046142578 998.091186523438 996.040893554688 998.841369628906 992.276550292969 987.963989257812 983.641296386719 984.975402832031 986.24169921875 993.279907226562 996.255249023438 982.903442382812 982.826782226562 990.013122558594 983.478942871094 987.623779296875 987.800964355469 973.575927734375 971.413269042969 975.701904296875 982.060363769531 986.630187988281 987.381225585938 987.377563476562 975.601379394531 983.460205078125 995.179443359375 989.524475097656 989.552795410156 991.180053710938 997.2099609375 999.409484863281 996.145202636719 993.463806152344 993.325805664062 1000.16918945312 1009.42401123047 1002.71447753906 1005.09008789062 1007.52575683594 1001.81188964844 1004.96636962891 998.10400390625 999.68017578125
990.265869140625 991.527770996094 995.028930664062 1005.54748535156 1005.96508789062 1001.08679199219 988.471984863281 991.601440429688 987.039916992188 989.052307128906 990.07421875 995.029968261719 990.223937988281 981.779602050781 983.7841796875 988.988586425781 991.1064453125 988.696960449219 984.375366210938 984.177124023438 967.018859863281 962.730224609375 982.888244628906 989.572998046875 991.126037597656 991.167236328125 985.740234375 985.186706542969 989.142944335938 992.9599609375 993.473510742188 991.118896484375 985.186828613281 985.718994140625 983.725036621094 987.051879882812 993.658325195312 999.792053222656 1008.39587402344 1011.78564453125 1008.21844482422 1017.84942626953 1007.76190185547 1004.06207275391 1003.23217773438 994.052917480469
991.727478027344 991.632202148438 994.39013671875 999.421325683594 1008.138671875 1016.60974121094 1006.23590087891 1003.22204589844 996.941345214844 1003.23553466797 995.318176269531 993.60498046875 986.027465820312 985.091918945312 982.167053222656 988.120178222656 990.976379394531 990.7255859375 988.812133789062 981.928833007812 974.151062011719 974.879638671875 986.490234375 990.267150878906 992.164306640625 993.50927734375 994.506042480469 993.505737304688 989.386657714844 994.844055175781 995.109680175781 992.179626464844 985.516174316406 992.938415527344 986.403381347656 988.758972167969 995.279602050781 1005.68896484375 1014.75994873047 1015.16009521484 1010.84112548828 1022.58044433594 1010.56616210938 1005.31011962891 993.6923828125 989.822143554688
990.599548339844 992.643249511719 991.416198730469 994.089965820312 1003.69580078125 1010.83416748047 1009.25805664062 1004.59539794922 1000.65222167969 1000.00903320312 1011.04113769531 993.029174804688 994.605651855469 990.624694824219 979.488647460938 986.494140625 986.891052246094 987.654357910156 981.603393554688 981.797424316406 990.902221679688 993.520446777344 990.045288085938 989.190002441406 996.198303222656 998.383422851562 994.258056640625 997.163513183594 993.3896484375 996.852966308594 993.219055175781 990.16845703125 995.4794921875 997.938415527344 1001.00067138672 997.133666992188 997.780578613281 1010.54388427734 1014.03204345703 1019.32727050781 1025.65148925781 1022.15258789062 1018.73028564453 1004.31726074219 995.074768066406 1002.41101074219
985.41650390625 989.341125488281 979.371276855469 992.966857910156 1005.06256103516 1007.46856689453 1010.17309570312 1010.17120361328 1005.49346923828 1006.3232421875 1007.03326416016 1004.12231445312 1005.52655029297 999.354553222656 987.915954589844 989.438598632812 981.942504882812 985.66748046875 987.257202148438 990.063049316406 998.697082519531 998.051940917969 989.598388671875 992.911254882812 996.075439453125 995.858764648438 994.460632324219 1004.75091552734 1003.27276611328 995.496276855469 997.954528808594 998.052001953125 992.191650390625 991.83935546875 992.037902832031 996.615600585938 1003.88128662109 1007.0791015625 1007.46221923828 1003.52087402344 1018.26263427734 1021.56909179688 1010.33923339844 1008.73864746094 1003.80194091797 1009.34320068359
985.093200683594 988.387817382812 981.73095703125 988.352905273438 997.651306152344 997.619750976562 1005.10040283203 1015.0322265625 998.864196777344 1009.09484863281 1004.55920410156 1012.00604248047 1013.76983642578 999.328430175781 994.197631835938 991.344177246094 987.003051757812 988.600769042969 991.420959472656 998.083984375 994.890563964844 997.127502441406 994.612976074219 987.052978515625 993.089172363281 989.877746582031 997.323913574219 1001.37133789062 1010.81079101562 1002.76068115234 1000.37451171875 999.75634765625 992.965637207031 991.136535644531 994.139343261719 998.671936035156 993.082580566406 990.627807617188 1005.50482177734 1007.26373291016 1008.43048095703 1014.73022460938 1016.69476318359 1012.90405273438 1016.43664550781 1016.55340576172
974.937377929688 978.340026855469 984.6875 986.667663574219 986.711059570312 1002.38946533203 1005.25567626953 1005.11187744141 1009.09997558594 1010.78430175781 1003.91979980469 1010.28485107422 1012.60247802734 1007.29571533203 1002.40771484375 993.83251953125 993.253723144531 982.998291015625 991.585205078125 1000.37384033203 1001.59606933594 993.323913574219 1001.24945068359 990.213989257812 985.47998046875 990.966186523438 1005.57794189453 1005.30133056641 1001.10638427734 1002.38452148438 998.678344726562 1002.21136474609 993.179626464844 986.418151855469 997.369262695312 995.548950195312 993.52099609375 991.49267578125 1000.05310058594 1004.23309326172 1004.13293457031 1006.54809570312 1015.59033203125 1014.47790527344 1016.05078125 1017.18768310547
978.609191894531 978.834289550781 979.044128417969 987.465209960938 984.55029296875 991.408142089844 1010.73406982422 1012.42230224609 1019.30902099609 1013.43560791016 1008.38012695312 1014.58514404297 1014.64935302734 1009.05694580078 1015.06408691406 1003.08465576172 1005.11254882812 998.793029785156 999.930541992188 1005.16754150391 1004.95111083984 1000.68688964844 1007.07165527344 1009.55792236328 999.011108398438 1002.69915771484 1002.79736328125 1003.54724121094 994.023132324219 993.934020996094 1002.53063964844 1001.66284179688 990.414855957031 991.588195800781 994.407531738281 1001.06378173828 996.951965332031 1000.99591064453 999.330017089844 997.96875 999.507202148438 1004.13122558594 1016.1064453125 1013.578125 1012.95819091797 1014.21838378906
973.369262695312 973.409729003906 985.503112792969 983.095642089844 978.941284179688 993.403869628906 997.823669433594 1005.95477294922 1004.91656494141 1004.55651855469 1011.99713134766 1013.63116455078 1018.18231201172 1020.78137207031 1016.31634521484 1015.87902832031 1011.37408447266 1011.90417480469 1004.28924560547 1014.82836914062 1006.58404541016 1007.77319335938 1004.31732177734 998.622802734375 1000.64208984375 1002.82635498047 1006.45587158203 1002.51300048828 992.267272949219 999.25146484375 997.171264648438 993.711059570312 1000.88916015625 996.917053222656 991.887939453125 999.055541992188 1005.63330078125 1002.81408691406 997.547668457031 997.482055664062 999.984313964844 999.38134765625 1005.83941650391 1013.99499511719 1016.31774902344 1012.99578857422
978.465576171875 975.256408691406 976.483337402344 976.040405273438 979.244506835938 993.258056640625 999.526062011719 1004.29614257812 1001.30804443359 1006.26953125 1016.12231445312 1018.28039550781 1017.70050048828 1017.99816894531 1015.29846191406 1013.54986572266 1013.06555175781 1014.73663330078 1013.47204589844 1010.78442382812 1010.97424316406 1010.46038818359 999.913330078125 1004.17370605469 1007.30596923828 1000.26843261719 1006.89227294922 1002.59600830078 1000.51440429688 1004.77252197266 1003.89739990234 1003.78405761719 1004.2958984375 998.275024414062 999.220581054688 1011.43341064453 1007.16479492188 1006.79663085938 1000.01251220703 997.126525878906 1001.19836425781 1002.70172119141 997.467712402344 1003.70355224609 1006.11596679688 1009.76910400391
975.638427734375 967.562377929688 970.086059570312 969.605285644531 979.699523925781 991.57373046875 992.030822753906 1001.29614257812 1003.33410644531 1012.45690917969 1012.74377441406 1022.24578857422 1019.76831054688 1020.40472412109 1017.36920166016 1017.90203857422 1015.04626464844 1014.85162353516 1018.71765136719 1024.5244140625 1017.94360351562 1010.05017089844 1005.51849365234 1010.83251953125 1013.84832763672 1008.69891357422 1009.08917236328 1007.83062744141 1012.84661865234 1012.26580810547 1008.04119873047 1001.40216064453 1001.17462158203 998.781433105469 1006.46099853516 1003.32891845703 998.095581054688 1006.349609375 1000.90954589844 1005.47497558594 997.655212402344 998.536560058594 1008.79040527344 1011.10687255859 1010.5478515625 1008.05285644531
980.710510253906 974.547241210938 971.1630859375 971.287292480469 971.311157226562 988.043762207031 998.022827148438 1004.69293212891 1005.19097900391 1022.53546142578 1012.29162597656 1017.57843017578 1027.62744140625 1030.07067871094 1020.25396728516 1018.974609375 1012.36511230469 1017.2548828125 1026.6787109375 1033.69787597656 1021.65972900391 1020.62005615234 1022.15374755859 1023.57263183594 1026.20153808594 1017.90814208984 1017.30590820312 1009.66827392578 1010.66961669922 1013.70501708984 1006.53826904297 1001.14727783203 1000.01544189453 1000.31024169922 1006.88061523438 1009.27130126953 1006.44635009766 1006.68487548828 1013.17840576172 1007.23883056641 1008.55615234375 1005.59991455078 1012.30291748047 1013.37481689453 1007.80908203125 1011.5419921875
980.776123046875 981.92529296875 975.510559082031 978.338134765625 975.320861816406 984.684692382812 992.780578613281 1004.30999755859 1008.64978027344 1013.78186035156 1015.52209472656 1019.29321289062 1023.55108642578 1023.34783935547 1019.46228027344 1031.05688476562 1026.01416015625 1023.17169189453 1025.43481445312 1026.57019042969 1021.2509765625 1016.88104248047 1025.75854492188 1028.19580078125 1022.69317626953 1022.59197998047 1022.08898925781 1014.99084472656 1014.40777587891 1011.43218994141 1006.49078369141 1007.79418945312 1009.94885253906 1000.78759765625 1000.72448730469 1000.39385986328 1006.47955322266 1004.79754638672 1009.17150878906 1009.21942138672 1002.88415527344 1001.58416748047 1003.96197509766 1013.07440185547 1006.19903564453 1014.56585693359
988.401733398438 984.210998535156 976.419189453125 987.785766601562 983.297180175781 983.501281738281 988.64208984375 995.922607421875 1014.0537109375 1020.02722167969 1021.33624267578 1025.28137207031 1024.75659179688 1022.50659179688 1018.97351074219 1021.59014892578 1027.71948242188 1024.109375 1024.79736328125 1018.03662109375 1030.99829101562 1028.17993164062 1033.31689453125 1032.11303710938 1027.56774902344 1030.71472167969 1013.43902587891 1012.6689453125 1009.84851074219 1009.44384765625 1002.84729003906 1004.97845458984 1004.84625244141 993.730285644531 1000.11517333984 997.6572265625 1000.17962646484 1011.66363525391 1008.65002441406 1005.41149902344 991.250793457031 1002.19482421875 1004.81640625 1008.28833007812 1011.45031738281 1014.41662597656
985.018371582031 983.002380371094 978.085510253906 983.850952148438 985.960266113281 984.729187011719 987.109008789062 989.953674316406 996.7373046875 1002.67987060547 1013.91186523438 1021.15258789062 1024.65539550781 1022.01593017578 1022.18890380859 1021.8076171875 1022.2568359375 1019.32336425781 1022.60705566406 1029.32922363281 1026.34252929688 1026.58190917969 1030.31640625 1029.41235351562 1031.18518066406 1023.20965576172 1013.15692138672 1012.22436523438 1018.68328857422 1020.95892333984 1015.01312255859 1008.41534423828 996.618713378906 990.697326660156 997.584533691406 995.8876953125 998.082214355469 1004.39984130859 1002.56359863281 999.875610351562 1001.60711669922 998.918518066406 998.830993652344 1005.07244873047 1012.00561523438 1014.58697509766
