data/zlatibor_dem_simulations/DEMsim38.asc
NCOLS 150
NROWS 100
XLLCORNER 7394249
YLLCORNER 4841999
CELLSIZE 30
NODATA_VALUE -9999
[rows 80 to 99 of 100, columns 0 to 45 of 150]
944.519104003906 930.541442871094 935.181091308594 940.094116210938 933.930053710938 942.1708984375 936.498168945312 948.50537109375 950.76953125 951.22314453125 963.739562988281 965.998352050781 961.824096679688 974.257629394531 980.57568359375 972.580871582031 976.037658691406 984.846740722656 987.890991210938 986.407775878906 996.941650390625 999.052734375 984.108703613281 981.283569335938 992.783996582031 992.794006347656 986.473449707031 991.898376464844 987.812377929688 980.539184570312 974.481140136719 966.796447753906 975.798400878906 985.007446289062 993.181518554688 981.187561035156 983.452758789062 984.810424804688 980.106262207031 985.694641113281 979.818969726562 988.097717285156 991.601196289062 1000.87145996094 1004.82336425781 1008.20953369141
950.493896484375 946.308044433594 947.980529785156 943.124450683594 937.340576171875 934.464294433594 940.375793457031 944.115966796875 953.991516113281 965.407287597656 968.316284179688 963.515380859375 965.125610351562 975.71044921875 978.322326660156 973.67626953125 968.323791503906 972.323425292969 985.563842773438 997.030151367188 988.244995117188 982.840576171875 974.483764648438 976.566284179688 987.801879882812 984.457641601562 980.548950195312 987.441711425781 990.138488769531 978.976501464844 972.604248046875 967.865661621094 973.37451171875 980.72607421875 985.173889160156 975.309387207031 983.90234375 983.928039550781 983.527709960938 978.356384277344 985.983276367188 979.551513671875 993.126220703125 1003.46966552734 1002.83172607422 1015.29437255859
942.112182617188 942.563903808594 946.630554199219 940.767456054688 942.109741210938 935.125244140625 934.150451660156 944.361389160156 950.598999023438 962.576416015625 963.881469726562 965.165405273438 966.273132324219 968.849060058594 967.499084472656 963.866577148438 964.380065917969 975.991638183594 987.196960449219 981.735168457031 978.009826660156 977.660400390625 966.379943847656 974.640808105469 973.761474609375 984.482788085938 984.253845214844 987.515258789062 990.588806152344 976.223022460938 973.816162109375 965.020935058594 967.041809082031 968.409912109375 978.624938964844 979.494812011719 980.551818847656 990.907897949219 991.772033691406 986.908508300781 978.497375488281 986.907836914062 986.033813476562 997.165466308594 1002.77191162109 1010.52783203125
952.823852539062 946.034973144531 948.537536621094 943.635559082031 937.296691894531 935.021606445312 937.409423828125 944.081604003906 951.665222167969 952.419128417969 965.943603515625 963.385437011719 961.138061523438 960.255554199219 960.136657714844 957.425048828125 962.85791015625 976.308349609375 978.79638671875 986.081604003906 976.821838378906 976.407043457031 969.600219726562 970.544677734375 973.14453125 983.504455566406 987.345825195312 989.76416015625 991.204345703125 981.507568359375 969.509399414062 971.911987304688 971.247497558594 972.686462402344 978.903015136719 979.587036132812 976.902709960938 982.160949707031 985.946228027344 975.302856445312 985.581604003906 982.887634277344 984.538452148438 986.255493164062 993.043212890625 990.727600097656
960.847839355469 946.787658691406 952.694030761719 947.022705078125 939.042297363281 944.497009277344 939.619812011719 937.196044921875 938.637268066406 948.566528320312 955.041076660156 956.851379394531 959.237060546875 956.792419433594 951.184020996094 947.399597167969 953.548522949219 966.185241699219 966.109313964844 971.557739257812 965.139831542969 958.408874511719 958.323547363281 966.645385742188 968.996337890625 980.125244140625 975.202880859375 976.182495117188 975.014587402344 969.029663085938 970.544250488281 960.10595703125 968.582092285156 970.6591796875 974.069519042969 974.179626464844 972.438232421875 965.340393066406 972.774230957031 968.842468261719 978.978088378906 989.670227050781 986.006530761719 986.464721679688 984.852600097656 984.907470703125
952.201538085938 948.974060058594 953.245910644531 949.946472167969 943.117004394531 937.754028320312 938.58642578125 937.405334472656 939.638977050781 944.22412109375 943.669921875 953.519653320312 943.933959960938 944.792114257812 948.492736816406 949.231811523438 957.364196777344 964.259826660156 955.403381347656 959.211669921875 952.886108398438 954.890014648438 960.795776367188 959.283447265625 964.171142578125 965.204833984375 964.568298339844 963.685791015625 962.366271972656 965.127807617188 968.310424804688 962.368225097656 975.788757324219 965.784790039062 972.474060058594 962.640869140625 968.494812011719 962.552612304688 963.665710449219 972.756164550781 980.17578125 979.131469726562 987.189453125 993.488159179688 985.672607421875 987.552124023438
954.833557128906 945.973999023438 945.727661132812 949.017211914062 951.5517578125 941.163452148438 937.296997070312 932.300415039062 935.991760253906 940.331726074219 944.102966308594 942.985290527344 940.454895019531 943.169555664062 941.579650878906 951.695129394531 958.103881835938 958.779479980469 960.97509765625 963.467224121094 957.017944335938 960.918029785156 952.251892089844 959.62890625 962.374450683594 962.996154785156 961.226379394531 956.933715820312 951.237670898438 956.92138671875 963.39013671875 972.970275878906 976.088317871094 972.83642578125 969.96728515625 964.232971191406 958.6923828125 963.594055175781 967.190734863281 972.945983886719 978.01416015625 987.066955566406 984.961242675781 986.200927734375 988.555908203125 991.258483886719
956.249816894531 950.855102539062 947.291137695312 949.955261230469 949.899475097656 947.784790039062 942.788146972656 944.356811523438 936.513854980469 942.723693847656 942.988159179688 947.049377441406 939.351379394531 946.262939453125 946.451293945312 951.223999023438 948.192077636719 954.939697265625 957.5576171875 959.802124023438 959.333374023438 951.243835449219 941.624694824219 955.849548339844 961.998596191406 957.984069824219 964.734802246094 962.253112792969 950.094970703125 953.295837402344 964.364135742188 965.039306640625 968.784118652344 967.135498046875 965.439453125 966.382141113281 967.440979003906 969.303344726562 967.199768066406 971.050354003906 977.953125 983.130432128906 983.220153808594 988.705444335938 980.769836425781 991.087341308594
955.433532714844 955.940185546875 950.051025390625 942.389953613281 950.313171386719 946.306945800781 949.055419921875 946.455749511719 934.928100585938 943.714111328125 944.146667480469 945.596374511719 946.853393554688 958.933410644531 952.823852539062 952.045166015625 953.560668945312 951.840881347656 951.290344238281 960.139953613281 959.789428710938 958.157287597656 958.229919433594 957.023132324219 959.984130859375 963.294982910156 964.364440917969 965.876953125 960.847717285156 959.776245117188 962.775634765625 963.303527832031 965.541625976562 960.812683105469 964.863098144531 969.156066894531 962.570617675781 966.240051269531 965.687683105469 976.733337402344 976.225402832031 978.123779296875 972.276550292969 974.459533691406 981.429321289062 985.180297851562
964.856140136719 961.868408203125 951.900756835938 957.363037109375 955.811889648438 957.580688476562 958.508239746094 954.023254394531 952.679626464844 943.812561035156 945.3720703125 947.463745117188 953.68505859375 962.718139648438 970.085510253906 954.859680175781 960.654174804688 960.393005371094 955.810424804688 958.095581054688 959.941772460938 965.586853027344 969.837585449219 966.431274414062 964.113525390625 968.541748046875 969.815490722656 970.539855957031 967.839782714844 967.702941894531 964.908813476562 960.498657226562 960.64599609375 971.096435546875 972.142883300781 974.728759765625 972.957946777344 965.231567382812 964.991943359375 974.742736816406 968.736633300781 966.42724609375 965.856323242188 965.288330078125 975.78515625 983.780944824219
971.717895507812 959.868774414062 955.547790527344 964.007995605469 958.292785644531 963.332580566406 966.005920410156 959.431701660156 951.438110351562 951.029479980469 958.500305175781 953.605041503906 951.710021972656 967.346862792969 974.546752929688 968.519836425781 967.361511230469 967.953063964844 968.370178222656 966.84326171875 959.035827636719 968.004028320312 975.223876953125 966.028442382812 968.618286132812 964.370971679688 963.6923828125 962.381958007812 974.777160644531 976.520080566406 960.804809570312 959.254272460938 966.628112792969 975.427307128906 973.21484375 976.370361328125 973.751953125 968.195129394531 973.625305175781 969.553649902344 958.454772949219 971.051330566406 968.015014648438 966.669799804688 972.877075195312 982.969848632812
968.599304199219 955.847106933594 960.0595703125 956.026611328125 955.258422851562 959.238708496094 963.3271484375 956.581359863281 964.0244140625 958.731140136719 965.152954101562 961.129211425781 964.312805175781 967.444213867188 977.41162109375 979.716247558594 975.525512695312 976.419555664062 967.002014160156 968.974426269531 964.919982910156 962.566345214844 966.293273925781 964.512634277344 959.845581054688 962.587707519531 954.684509277344 962.800476074219 964.650756835938 971.631591796875 967.429809570312 961.100036621094 966.314025878906 969.694274902344 975.129638671875 976.795471191406 972.516906738281 974.128295898438 970.833068847656 965.8466796875 962.749145507812 960.30810546875 964.788818359375 965.127685546875 970.066162109375 980.164794921875
973.670471191406 963.438415527344 960.150939941406 959.602294921875 965.987243652344 965.41748046875 963.507568359375 958.45849609375 962.377746582031 964.676696777344 965.517211914062 967.737854003906 972.346130371094 972.910888671875 977.293884277344 973.671203613281 974.014892578125 978.465270996094 974.806335449219 968.978088378906 966.510314941406 966.641662597656 969.539916992188 965.880920410156 965.091735839844 952.602844238281 959.040954589844 962.928527832031 965.516723632812 968.850219726562 967.943115234375 963.331604003906 966.375183105469 962.640686035156 970.1865234375 977.9482421875 981.476684570312 975.154602050781 975.804321289062 972.226257324219 971.466552734375 963.189697265625 964.280944824219 977.518127441406 973.546875 978.879516601562
972.89013671875 959.138610839844 953.914489746094 955.203308105469 958.042602539062 965.1689453125 961.889343261719 963.040100097656 970.523132324219 965.705322265625 966.221496582031 970.827331542969 969.948486328125 976.143371582031 969.765625 962.517333984375 973.459594726562 981.497680664062 977.914672851562 973.657653808594 970.264526367188 969.388061523438 963.357543945312 969.756103515625 969.580688476562 966.337768554688 963.358520507812 962.3515625 969.454650878906 968.739135742188 971.527099609375 964.060241699219 964.279663085938 961.807495117188 968.35498046875 968.667785644531 979.932006835938 976.524780273438 975.7509765625 970.787048339844 968.919982910156 969.470397949219 961.495483398438 963.352111816406 969.223937988281 977.081115722656
969.734008789062 958.182250976562 960.428588867188 962.919128417969 956.920776367188 949.359558105469 951.3212890625 952.535766601562 954.256896972656 966.168395996094 962.937622070312 969.276428222656 970.398803710938 970.516235351562 963.68994140625 958.206604003906 971.678039550781 971.119018554688 975.207458496094 978.962890625 973.402648925781 968.278442382812 965.115112304688 975.085815429688 968.738952636719 973.023559570312 970.711669921875 964.013366699219 964.21923828125 965.030883789062 963.903991699219 965.300842285156 973.875793457031 966.835693359375 969.687927246094 985.760131835938 981.914855957031 978.374877929688 978.224426269531 977.441467285156 979.014953613281 974.324279785156 969.576904296875 970.370483398438 972.332153320312 968.234619140625
969.469787597656 962.966125488281 962.9873046875 964.3203125 959.794799804688 956.302856445312 950.015197753906 955.322143554688 958.219116210938 957.77392578125 962.904052734375 968.546936035156 973.5703125 975.316223144531 967.368347167969 971.394409179688 974.531372070312 979.70703125 973.656799316406 969.292114257812 972.085998535156 966.609985351562 963.295532226562 973.418334960938 972.211181640625 973.421020507812 974.609680175781 979.002563476562 968.255249023438 958.615173339844 968.391967773438 969.496948242188 975.080627441406 973.328552246094 973.481323242188 978.01513671875 980.136291503906 976.958374023438 977.771606445312 978.6640625 981.504943847656 986.154052734375 973.625 971.667297363281 968.476684570312 975.684997558594
978.1044921875 970.495422363281 967.391967773438 963.349548339844 954.54736328125 948.027221679688 950.550537109375 957.240234375 953.507690429688 958.089965820312 964.078979492188 967.9365234375 971.447937011719 972.024780273438 966.2744140625 969.54248046875 976.593383789062 981.589294433594 967.663146972656 972.236145019531 972.921203613281 974.834655761719 971.878845214844 971.297180175781 978.90234375 979.501831054688 975.522399902344 977.77490234375 972.696960449219 972.87548828125 964.977478027344 964.711181640625 970.512817382812 975.251647949219 972.576965332031 979.4404296875 982.067321777344 974.05908203125 976.892395019531 980.003662109375 978.030822753906 983.359130859375 978.793823242188 970.533508300781 965.035827636719 970.829528808594
985.264892578125 970.425964355469 973.173706054688 964.782287597656 957.622802734375 951.581481933594 946.464111328125 938.830322265625 948.048583984375 957.495422363281 957.037109375 961.250305175781 967.849365234375 976.69873046875 983.696594238281 971.718200683594 976.558959960938 981.243835449219 973.375122070312 974.717956542969 986.748413085938 979.405456542969 977.069641113281 979.239440917969 976.11767578125 972.703552246094 971.499938964844 969.072692871094 967.282592773438 963.477172851562 961.081115722656 968.762939453125 972.891845703125 966.050659179688 980.612365722656 977.617004394531 973.295227050781 969.627075195312 980.707641601562 976.768615722656 978.876525878906 981.158264160156 973.898620605469 971.519775390625 976.639770507812 967.168823242188
976.401306152344 978.825073242188 974.215454101562 967.168334960938 956.393188476562 948.6201171875 950.480163574219 943.31591796875 949.180114746094 951.84765625 957.776794433594 964.3291015625 970.65380859375 964.876831054688 975.1796875 975.164855957031 980.16259765625 971.843688964844 969.827026367188 982.000854492188 979.113037109375 981.872619628906 985.336730957031 985.662963867188 969.24755859375 965.928405761719 975.864501953125 971.200439453125 965.572021484375 967.350891113281 968.169738769531 970.836669921875 972.050048828125 976.740844726562 978.068176269531 973.589538574219 966.892517089844 970.187927246094 974.438659667969 977.550659179688 984.176025390625 983.982849121094 977.319030761719 975.812072753906 974.676330566406 970.878784179688
975.44921875 971.291687011719 976.757507324219 969.07666015625 965.864013671875 963.177307128906 952.210693359375 946.612060546875 951.900146484375 953.457092285156 965.980834960938 977.297912597656 976.548522949219 979.643981933594 973.200622558594 969.81494140625 978.852111816406 978.805969238281 981.010009765625 981.472839355469 987.193298339844 986.065490722656 985.816528320312 984.89794921875 985.701599121094 972.9541015625 977.081604003906 975.602783203125 970.105285644531 973.3173828125 973.796325683594 968.85302734375 971.9345703125 981.550842285156 979.360229492188 972.178161621094 967.13671875 968.680603027344 973.001892089844 975.520568847656 981.537048339844 986.337768554688 979.945068359375 981.901733398438 986.485046386719 984.362365722656
