data/zlatibor_dem_simulations/DEMsim27.asc
NCOLS 150
NROWS 100
XLLCORNER 7394249
YLLCORNER 4841999
CELLSIZE 30
NODATA_VALUE -9999
[rows 80 to 99 of 100, columns 46 to 91 of 150]
1013.36016845703 1024.79614257812 1024.85107421875 1018.62390136719 1015.41711425781 1002.91583251953 999.437927246094 993.161071777344 985.564758300781 977.089050292969 982.770263671875 982.617919921875 980.327514648438 980.718505859375 978.023681640625 975.386291503906 977.914367675781 971.114318847656 979.639038085938 983.713500976562 980.210021972656 978.581970214844 973.009521484375 978.217102050781 983.492126464844 982.620483398438 991.132202148438 988.96240234375 992.719970703125 982.208129882812 988.598693847656 992.062194824219 998.4443359375 1002.39562988281 1013.64782714844 1012.26489257812 1005.51556396484 1002.18872070312 997.18017578125 1005.96087646484 1012.36181640625 999.126525878906 1000.81689453125 999.397827148438 992.958984375 982.775512695312
1006.95336914062 1023.24444580078 1023.76452636719 1017.77777099609 1010.55902099609 1012.63793945312 1005.59881591797 995.766967773438 993.695983886719 989.778015136719 989.269104003906 984.582275390625 986.252014160156 987.265319824219 983.659118652344 971.581420898438 976.146850585938 976.525390625 979.066711425781 979.492309570312 977.204833984375 974.237976074219 975.969543457031 977.655090332031 986.381286621094 983.121459960938 987.953247070312 989.717224121094 993.517761230469 985.860961914062 984.16357421875 988.24072265625 993.776550292969 1005.91040039062 1012.85632324219 1009.00726318359 1006.74371337891 999.145629882812 994.057434082031 1002.06878662109 999.444458007812 1001.99261474609 998.572265625 997.373107910156 991.206176757812 991.890441894531
997.436767578125 1007.70989990234 1014.10095214844 1018.28381347656 1011.50823974609 1006.16931152344 1005.8388671875 1005.76812744141 1003.29595947266 988.069213867188 988.013671875 988.532531738281 986.980529785156 982.58935546875 982.341369628906 978.287536621094 976.650207519531 977.243225097656 972.54638671875 976.289184570312 979.880981445312 988.743774414062 983.579895019531 977.892578125 984.681274414062 986.133056640625 981.792846679688 987.059387207031 987.967346191406 987.401733398438 981.304931640625 990.881225585938 995.496215820312 999.770202636719 1008.57385253906 1012.2392578125 1009.34326171875 1004.23901367188 1006.52813720703 1001.56396484375 995.348449707031 1004.37609863281 997.150634765625 997.978271484375 995.6083984375 996.142639160156
1001.98815917969 997.251770019531 1000.24230957031 1006.49963378906 1014.20843505859 998.609619140625 1008.94073486328 1015.35046386719 1003.38909912109 991.573913574219 997.606079101562 988.112121582031 985.137023925781 983.164672851562 984.33544921875 981.563842773438 984.641174316406 980.198791503906 973.97900390625 979.337951660156 982.811096191406 980.467712402344 985.341552734375 989.220092773438 984.458984375 981.320922851562 992.542175292969 988.730895996094 994.683776855469 984.261657714844 985.76171875 988.309692382812 994.529235839844 1002.23400878906 1002.24371337891 999.173828125 1008.70739746094 1003.67004394531 996.324279785156 993.340026855469 988.735412597656 994.610290527344 1001.29168701172 1003.43695068359 999.156677246094 1005.61181640625
1006.03594970703 999.893615722656 998.498718261719 996.276977539062 997.5498046875 992.181396484375 998.891540527344 1006.78070068359 1006.90112304688 997.1376953125 994.436157226562 990.49267578125 983.540771484375 978.082397460938 986.047790527344 987.35498046875 988.602294921875 981.839599609375 974.53076171875 978.078430175781 977.1572265625 978.164184570312 980.697998046875 986.739501953125 989.240966796875 984.349182128906 991.165100097656 998.721618652344 998.290771484375 993.34033203125 988.136352539062 987.517517089844 991.345275878906 1000.44403076172 1005.92010498047 1006.25958251953 999.650451660156 1004.48840332031 1002.43353271484 999.383605957031 991.71875 983.781311035156 995.544372558594 1003.92633056641 1001.91101074219 1006.03295898438
994.099426269531 996.208251953125 995.257080078125 992.384338378906 989.554016113281 999.018493652344 996.568664550781 997.861572265625 996.070007324219 998.014465332031 988.708374023438 984.989929199219 987.759643554688 988.807800292969 990.713989257812 985.304992675781 989.397216796875 989.906433105469 983.20361328125 984.456970214844 988.190307617188 989.428405761719 985.228515625 983.724731445312 983.26416015625 980.420349121094 989.983642578125 999.192504882812 997.506164550781 986.954284667969 987.950500488281 994.328186035156 995.780883789062 993.040405273438 999.1171875 1004.89276123047 1000.41461181641 1001.16064453125 1009.85491943359 1007.65155029297 1003.81372070312 996.295166015625 1003.44897460938 1006.68402099609 1001.6240234375 993.934692382812
994.804321289062 988.10302734375 990.199096679688 991.976379394531 989.090148925781 992.568237304688 989.164611816406 998.290588378906 992.092102050781 997.533752441406 993.368591308594 1006.20233154297 993.545349121094 1003.16107177734 1003.08471679688 990.787536621094 991.115966796875 984.027709960938 980.948669433594 990.743713378906 989.154479980469 985.363403320312 976.213134765625 985.213928222656 985.027282714844 986.61474609375 992.749450683594 1004.91241455078 997.723205566406 984.783447265625 997.952880859375 989.626281738281 989.942504882812 986.50927734375 998.10400390625 1005.97576904297 1003.73120117188 1007.98791503906 1009.39294433594 1010.79937744141 1008.931640625 996.458740234375 1000.45935058594 992.383850097656 1001.16625976562 997.635559082031
993.404663085938 989.639221191406 988.638671875 990.160095214844 985.844482421875 985.542358398438 991.472045898438 995.28857421875 992.668762207031 993.633361816406 994.631652832031 996.973937988281 998.681762695312 1008.67578125 1002.24517822266 994.506958007812 991.427062988281 983.342651367188 981.11962890625 986.913513183594 980.660522460938 985.493835449219 978.964477539062 986.89599609375 989.269470214844 989.539978027344 992.189208984375 1002.21179199219 995.731750488281 985.763366699219 994.998229980469 992.4130859375 991.418884277344 995.346618652344 995.717590332031 1002.27996826172 1010.91143798828 1011.45257568359 1010.09539794922 1011.26916503906 999.903259277344 1003.95269775391 1008.39154052734 1005.68774414062 1003.94091796875 1000.94354248047
1001.92077636719 988.158447265625 998.792846679688 987.423645019531 996.188598632812 989.785217285156 991.548400878906 1000.04931640625 994.832092285156 992.820434570312 997.634033203125 1001.93969726562 999.629943847656 1009.11419677734 1004.1728515625 998.874633789062 996.3701171875 995.999084472656 990.065063476562 992.836303710938 990.427062988281 987.817626953125 989.730407714844 990.016540527344 995.066223144531 994.55029296875 995.962768554688 998.947021484375 995.723571777344 984.621704101562 990.83544921875 989.578002929688 994.809509277344 995.665161132812 993.676818847656 1000.34606933594 1003.47259521484 1004.08966064453 1006.08605957031 1002.99084472656 1000.80834960938 1008.51947021484 1005.88092041016 1002.65228271484 1000.91082763672 999.916320800781
988.314453125 982.257446289062 996.134033203125 993.33251953125 994.378112792969 990.97119140625 988.596496582031 998.495849609375 1001.02203369141 999.749816894531 995.884460449219 1006.54235839844 1008.45709228516 1009.76397705078 1004.68621826172 998.699279785156 995.726928710938 996.855163574219 1000.451171875 998.157836914062 995.405944824219 987.080627441406 992.418212890625 1000.70239257812 997.166381835938 991.301818847656 995.582946777344 1006.02850341797 999.541625976562 992.539184570312 988.661071777344 984.829406738281 990.362243652344 990.953552246094 987.670593261719 990.677062988281 991.234191894531 996.418212890625 1008.02185058594 1011.89697265625 1004.31085205078 1007.01159667969 1009.70715332031 1007.21801757812 1003.99536132812 1007.75463867188
977.929870605469 981.168823242188 990.466613769531 991.040100097656 999.234069824219 998.860107421875 989.530029296875 988.736877441406 998.873046875 1006.56530761719 1002.82489013672 1011.53045654297 1016.32092285156 1011.63140869141 1011.36773681641 997.580932617188 1002.62512207031 998.011779785156 1007.25964355469 1010.59228515625 995.590148925781 993.046813964844 987.359985351562 999.977966308594 1003.63140869141 994.050109863281 997.520935058594 1004.31018066406 1010.98583984375 997.9814453125 987.874450683594 988.1865234375 981.400573730469 989.92724609375 992.201049804688 991.529907226562 996.233276367188 1004.46362304688 1011.44927978516 1011.57275390625 1007.19140625 1005.93084716797 1007.77807617188 999.022033691406 1006.16314697266 1013.64587402344
975.785034179688 984.015869140625 981.26025390625 984.630126953125 997.318969726562 996.637634277344 1000.97631835938 999.600463867188 1000.416015625 1012.19836425781 1005.77105712891 1010.65087890625 1008.81414794922 1018.83892822266 1006.01763916016 1009.63500976562 1005.70043945312 1004.56353759766 1007.66998291016 1007.42742919922 1003.5556640625 997.176940917969 992.006225585938 991.976501464844 993.359252929688 996.694763183594 995.566345214844 997.548095703125 1007.34362792969 998.254699707031 989.064270019531 982.916687011719 990.1748046875 995.900451660156 992.819274902344 1004.39117431641 1000.83477783203 1007.04626464844 1008.26055908203 1008.86572265625 1006.93121337891 1011.15490722656 1000.20050048828 1003.14575195312 1006.59637451172 1010.27752685547
970.883361816406 978.508483886719 978.952087402344 989.576843261719 991.681640625 993.466918945312 999.523742675781 1001.68280029297 1003.20733642578 1015.13708496094 1005.15447998047 1016.02557373047 1014.27398681641 1012.29345703125 1009.48284912109 1004.27020263672 1012.79339599609 1012.85064697266 1020.11663818359 1018.53460693359 1001.40924072266 992.578186035156 993.817932128906 995.027893066406 996.248657226562 1001.67138671875 995.866149902344 996.020690917969 996.50439453125 1000.42358398438 988.861267089844 992.279907226562 991.415222167969 997.223083496094 1002.54229736328 1003.22985839844 993.137573242188 997.49853515625 1000.84716796875 1004.4228515625 1010.90924072266 1008.43103027344 1013.93920898438 1009.30529785156 1005.87744140625 1010.58782958984
971.235595703125 983.674377441406 985.786376953125 990.254760742188 989.42431640625 987.847229003906 991.51318359375 1004.52532958984 1002.11010742188 1010.20275878906 1016.95861816406 1022.90148925781 1014.62823486328 1013.82073974609 1010.82318115234 1008.25592041016 1018.65466308594 1019.73748779297 1019.23022460938 1012.06079101562 1004.77777099609 1010.55529785156 1003.16461181641 996.716918945312 1002.45666503906 996.080688476562 998.013244628906 1001.90838623047 1000.66094970703 995.033264160156 994.824035644531 996.69091796875 999.334655761719 995.896057128906 992.418701171875 1002.96594238281 999.799743652344 1000.67022705078 996.044311523438 1008.82977294922 995.040832519531 1003.85705566406 1013.15350341797 1000.57098388672 1000.55322265625 1005.14428710938
985.005676269531 988.171203613281 981.456176757812 981.998962402344 986.289367675781 989.260803222656 990.273254394531 996.464111328125 1001.93328857422 1006.86199951172 1013.17736816406 1027.4140625 1021.62329101562 1011.43444824219 1021.86956787109 1007.69696044922 1015.22381591797 1024.7607421875 1018.22296142578 1017.72131347656 1013.66680908203 1002.54479980469 1003.03137207031 1002.67376708984 1003.37329101562 996.398193359375 1005.77087402344 1013.14697265625 1001.65325927734 995.797241210938 996.715454101562 1004.88165283203 996.665405273438 1000.07208251953 999.152221679688 1003.84985351562 1010.47918701172 998.091369628906 1002.03326416016 1001.95263671875 1002.109375 1004.49108886719 1002.87835693359 1009.60528564453 1011.08538818359 1010.14678955078
977.546875 975.950378417969 967.886962890625 982.665588378906 982.261291503906 990.369567871094 995.370056152344 998.419006347656 1003.17950439453 1007.06091308594 1011.66906738281 1024.94299316406 1030.51782226562 1017.49224853516 1013.525390625 1015.66088867188 1008.87561035156 1010.87646484375 1011.20257568359 1011.28283691406 1014.95867919922 1021.23852539062 1007.34448242188 1015.92004394531 1008.49353027344 1002.24359130859 998.385131835938 1011.57482910156 1015.19055175781 1001.5078125 1000.46954345703 1002.66851806641 996.495178222656 1004.66497802734 1013.875 1009.44854736328 1006.3076171875 1001.31390380859 1003.19445800781 1009.32312011719 999.284973144531 999.895263671875 1005.20037841797 1011.73852539062 1017.59997558594 1019.97399902344
977.874328613281 973.075439453125 974.778198242188 984.906555175781 980.381652832031 980.916442871094 987.703979492188 992.2197265625 1000.16802978516 1007.74487304688 1011.39599609375 1026.74182128906 1032.90698242188 1024.49328613281 1020.78674316406 1012.57470703125 1013.95062255859 1013.158203125 1015.19805908203 1019.04138183594 1011.85028076172 1018.96179199219 1015.00946044922 1016.08410644531 1012.09558105469 1005.31665039062 1005.70965576172 1004.98034667969 1012.35345458984 1003.087890625 1008.73114013672 1006.17071533203 1000.37060546875 997.867248535156 1003.46343994141 1003.29840087891 1009.15173339844 1001.39739990234 1003.28631591797 996.526977539062 999.948669433594 1001.62219238281 999.844543457031 1006.70684814453 1010.25622558594 1009.36169433594
979.468078613281 979.818481445312 977.679321289062 976.701904296875 974.280029296875 982.998474121094 987.616882324219 994.051818847656 1000.33673095703 1010.12921142578 1016.74328613281 1028.06823730469 1026.27380371094 1022.07775878906 1019.94079589844 1014.93743896484 1012.4658203125 1013.77484130859 1019.88940429688 1026.57287597656 1021.97790527344 1018.31463623047 1021.24188232422 1018.56982421875 1012.77508544922 1007.10687255859 1003.53210449219 1009.818359375 1011.65118408203 1014.27038574219 1015.70642089844 1008.50610351562 1008.70751953125 1002.25933837891 1009.88073730469 1003.66082763672 1006.15551757812 1011.68304443359 1004.99603271484 998.589782714844 1004.60162353516 1005.27105712891 1002.11303710938 1004.12426757812 1009.29260253906 1013.11474609375
978.472229003906 967.010803222656 973.854431152344 980.36572265625 980.810607910156 978.388366699219 986.760437011719 995.654357910156 1007.23217773438 1008.75695800781 1012.56091308594 1018.04406738281 1023.52722167969 1026.70043945312 1013.58428955078 1019.34802246094 1019.99090576172 1015.23760986328 1022.31732177734 1023.91412353516 1019.40808105469 1028.63586425781 1028.30480957031 1023.55981445312 1011.08233642578 1006.92541503906 1005.13177490234 1010.63647460938 1014.97393798828 1018.95202636719 1012.52697753906 1003.85882568359 1005.82189941406 1005.17218017578 1010.60412597656 1004.78887939453 1010.52191162109 1000.82452392578 1004.33642578125 998.5009765625 1006.18963623047 999.426879882812 999.078125 1004.08288574219 1005.00909423828 1012.36895751953
979.054565429688 972.362976074219 973.368591308594 982.730651855469 991.602905273438 982.391235351562 981.388977050781 990.79296875 995.380249023438 1005.56768798828 1005.58062744141 1014.06921386719 1017.70141601562 1018.29534912109 1016.99072265625 1021.50469970703 1018.04943847656 1021.71063232422 1018.56365966797 1023.01300048828 1033.90490722656 1033.99499511719 1021.49261474609 1016.52026367188 1011.21820068359 1006.39178466797 1010.94952392578 1010.78820800781 1014.84942626953 1019.99859619141 1018.54663085938 1016.66479492188 1012.98370361328 1014.51434326172 1008.50640869141 1006.42993164062 1008.21759033203 1001.90637207031 1000.50659179688 997.905029296875 1004.64251708984 998.913269042969 998.312744140625 1008.04437255859 1013.43103027344 1011.26336669922
