data/zlatibor_dem_simulations/DEMsim93.asc
NCOLS 150
NROWS 100
XLLCORNER 7394249
YLLCORNER 4841999
CELLSIZE 30
NODATA_VALUE -9999
[rows 60 to 79 of 100, columns 92 to 137 of 150]
961.861450195312 964.938537597656 963.736206054688 970.947509765625 977.773681640625 981.900573730469 987.189880371094 986.544799804688 982.029296875 988.689880371094 982.599792480469 985.116333007812 995.955261230469 978.859802246094 978.961120605469 991.149780273438 1001.94848632812 995.442565917969 989.490173339844 990.703735351562 996.220947265625 1001.03973388672 1004.35308837891 994.486633300781 999.698913574219 1000.44152832031 1004.65020751953 1004.66943359375 1008.25067138672 1002.34515380859 1002.36273193359 999.201416015625 1009.24353027344 1022.52087402344 1030.29040527344 1037.48266601562 1034.40966796875 1036.12512207031 1040.23498535156 1030.77502441406 1029.98205566406 1047.85266113281 1059.69921875 1064.44262695312 1072.06005859375 1064.07434082031
966.462463378906 965.189270019531 966.630737304688 969.745849609375 977.238708496094 986.568725585938 990.794616699219 978.792663574219 985.703491210938 980.846923828125 977.160949707031 983.8134765625 985.842895507812 981.430358886719 987.186767578125 991.451538085938 993.40673828125 1000.572265625 997.300048828125 991.029113769531 999.458374023438 1001.42883300781 1003.39477539062 1012.78686523438 1006.57623291016 1004.82342529297 1008.61676025391 1006.00646972656 1007.95794677734 999.689880371094 997.293395996094 997.758728027344 1006.2177734375 1015.01641845703 1025.57299804688 1025.21923828125 1026.95971679688 1038.70922851562 1039.24572753906 1035.53857421875 1038.56286621094 1050.43115234375 1057.1640625 1061.41247558594 1065.60412597656 1054.04956054688
966.578796386719 971.171020507812 973.521362304688 985.801025390625 986.64453125 984.255432128906 978.406982421875 980.408813476562 978.886657714844 974.942749023438 984.479248046875 986.797607421875 978.926391601562 981.2705078125 991.988098144531 990.706787109375 992.767272949219 996.7490234375 997.1142578125 1002.29174804688 1004.244140625 1004.49768066406 1014.41424560547 1012.05725097656 1013.02313232422 1006.56896972656 1019.71313476562 1011.60803222656 1011.46618652344 1009.29943847656 1005.53863525391 1003.77770996094 1005.08483886719 1015.48602294922 1027.92749023438 1024.79028320312 1029.96228027344 1037.998046875 1032.98046875 1037.828125 1048.1162109375 1053.71044921875 1060.876953125 1059.87768554688 1062.13220214844 1062.54479980469
974.091003417969 969.768615722656 983.732055664062 991.777404785156 989.571533203125 990.08984375 986.57080078125 979.934143066406 979.046142578125 977.778930664062 987.790588378906 981.731628417969 977.511352539062 994.239135742188 992.736206054688 995.741271972656 994.760864257812 1005.01934814453 1010.27471923828 1005.15399169922 1005.16650390625 1022.31890869141 1016.56744384766 1014.08294677734 1006.09265136719 1017.95611572266 1022.55120849609 1016.60754394531 1009.42834472656 1012.28527832031 1016.357421875 1008.97991943359 1007.16467285156 1018.30029296875 1030.65344238281 1030.1162109375 1036.09094238281 1022.03356933594 1029.63098144531 1034.68969726562 1040.28295898438 1049.91479492188 1049.40319824219 1060.16674804688 1054.27734375 1053.41577148438
974.862670898438 976.289916992188 982.897521972656 990.176574707031 987.29248046875 990.164978027344 979.210815429688 978.486267089844 985.742553710938 985.158996582031 988.971984863281 991.388732910156 988.699584960938 996.132385253906 996.574340820312 998.649108886719 1003.86041259766 1009.16442871094 1006.091796875 1007.73394775391 1015.388671875 1019.92645263672 1012.18402099609 1008.97381591797 1016.28228759766 1019.59240722656 1025.81970214844 1016.31188964844 1009.88885498047 1015.64172363281 1017.22985839844 1008.05773925781 1009.54620361328 1014.50170898438 1032.44372558594 1039.03552246094 1035.47668457031 1017.14825439453 1022.42492675781 1031.60876464844 1032.06774902344 1032.57739257812 1042.23107910156 1046.37438964844 1044.15539550781 1051.36071777344
978.603637695312 982.222961425781 982.626342773438 985.865844726562 977.812316894531 976.253479003906 984.269775390625 984.567016601562 988.057373046875 994.7646484375 995.174377441406 997.445068359375 991.896118164062 992.771606445312 993.917602539062 996.529968261719 1001.89343261719 1016.09643554688 1005.90258789062 1015.79602050781 1021.93969726562 1025.04504394531 1012.87976074219 1021.10205078125 1021.45794677734 1022.64190673828 1030.05798339844 1029.0234375 1030.57946777344 1025.75573730469 1019.21356201172 1021.79229736328 1011.25299072266 1015.66729736328 1021.66772460938 1031.43542480469 1026.25927734375 1023.93518066406 1030.32348632812 1038.931640625 1035.25244140625 1041.61462402344 1043.6455078125 1043.14379882812 1038.21936035156 1034.92077636719
973.249145507812 974.89697265625 980.093200683594 979.87744140625 977.461730957031 982.770324707031 979.215637207031 982.580078125 998.89990234375 1004.72271728516 1002.39990234375 1004.50543212891 999.616821289062 989.138366699219 992.74560546875 996.11181640625 1004.04992675781 1011.52905273438 1020.64923095703 1017.16558837891 1022.11779785156 1023.81750488281 1025.50415039062 1015.54357910156 1024.20971679688 1023.56707763672 1030.90393066406 1035.97021484375 1033.38659667969 1042.63745117188 1036.56335449219 1029.44641113281 1018.56750488281 1013.51306152344 1023.08203125 1027.05834960938 1031.7509765625 1034.01110839844 1034.71826171875 1035.21057128906 1035.65563964844 1032.64978027344 1042.39135742188 1037.7587890625 1034.18139648438 1033.43505859375
974.922790527344 984.887878417969 982.819030761719 976.701049804688 987.243469238281 980.3095703125 977.117492675781 984.867431640625 997.623718261719 1010.64007568359 1000.69110107422 997.332763671875 1001.15502929688 988.380920410156 984.314392089844 998.923278808594 1000.38330078125 1010.701171875 1011.99914550781 1009.6806640625 1017.21746826172 1022.87542724609 1013.59753417969 1018.48583984375 1030.15893554688 1029.46826171875 1039.708984375 1038.53125 1043.92407226562 1039.02331542969 1044.00817871094 1037.05395507812 1022.75500488281 1024.16296386719 1020.94622802734 1025.69775390625 1027.15539550781 1034.51293945312 1032.11511230469 1023.94580078125 1024.00317382812 1023.49755859375 1026.20922851562 1029.15100097656 1029.71142578125 1033.64990234375
981.266357421875 986.822937011719 985.8427734375 987.124145507812 989.893310546875 990.334655761719 988.027160644531 986.600891113281 992.534606933594 1007.31671142578 1004.54449462891 993.985778808594 991.717346191406 992.882751464844 998.102783203125 1004.48016357422 1005.40081787109 1014.29248046875 1017.3583984375 1013.54675292969 1009.86694335938 1017.85687255859 1015.92254638672 1025.91711425781 1032.00500488281 1033.74621582031 1042.38708496094 1040.56970214844 1043.63195800781 1036.24572753906 1032.01928710938 1033.958984375 1027.46850585938 1022.26446533203 1023.84234619141 1020.36730957031 1017.97033691406 1012.87780761719 1009.03253173828 1018.59796142578 1011.84100341797 1014.36535644531 1013.16632080078 1014.99645996094 1013.73150634766 1025.10974121094
978.627258300781 982.792053222656 988.206481933594 984.66796875 983.843811035156 988.105224609375 982.353942871094 991.967407226562 992.311096191406 998.541381835938 998.064086914062 994.872680664062 996.794860839844 993.205444335938 1001.96636962891 1009.81164550781 1017.25543212891 1020.17315673828 1021.77899169922 1018.60272216797 1018.25720214844 1022.89825439453 1032.93835449219 1036.73388671875 1029.32482910156 1035.70422363281 1038.77612304688 1040.21569824219 1041.34252929688 1047.18371582031 1041.970703125 1032.02661132812 1034.03247070312 1021.57623291016 1020.97338867188 1016.35382080078 1007.2138671875 1003.52709960938 1004.76489257812 1013.54150390625 1010.28173828125 1011.14379882812 1004.72399902344 1002.26147460938 1011.45263671875 1015.79138183594
982.595764160156 985.52099609375 985.441528320312 980.989868164062 992.736572265625 984.261413574219 986.708740234375 990.48681640625 995.002563476562 991.697265625 1003.35260009766 1000.287109375 1004.52508544922 1009.03509521484 1009.20690917969 1023.31884765625 1016.40509033203 1016.78582763672 1023.19903564453 1023.8369140625 1021.64764404297 1031.57690429688 1032.44079589844 1030.70495605469 1032.94860839844 1039.0458984375 1044.96545410156 1042.44885253906 1045.71215820312 1043.60278320312 1040.40783691406 1033.59399414062 1037.8203125 1031.74096679688 1030.23132324219 1012.72155761719 1006.82464599609 1004.63586425781 1008.08502197266 1010.43920898438 1006.25109863281 1006.0400390625 1006.51068115234 1003.77124023438 1011.77014160156 1013.03076171875
973.743957519531 980.035949707031 980.00146484375 987.669006347656 995.610595703125 994.1884765625 993.625305175781 988.78271484375 993.593688964844 993.693969726562 993.1796875 1011.18780517578 1010.50616455078 1010.93353271484 1016.22723388672 1017.63146972656 1017.17071533203 1015.94445800781 1020.66241455078 1024.10400390625 1018.30718994141 1018.3662109375 1021.16864013672 1027.82702636719 1029.37951660156 1040.50805664062 1045.10229492188 1051.77478027344 1049.27746582031 1042.89916992188 1044.19201660156 1036.99584960938 1036.16101074219 1031.16027832031 1034.5224609375 1022.87384033203 1009.603515625 1010.13671875 1004.47119140625 1004.95104980469 1006.67388916016 1008.61798095703 997.322814941406 1003.279296875 1011.90557861328 1014.95056152344
981.01318359375 981.345825195312 985.652404785156 993.98486328125 994.749755859375 1001.01037597656 1001.85772705078 999.636779785156 994.057434082031 996.941162109375 997.4169921875 1013.99499511719 1013.13818359375 1020.50408935547 1021.54553222656 1021.75433349609 1018.63348388672 1018.24822998047 1021.57946777344 1016.35302734375 1013.00415039062 1016.33245849609 1021.84783935547 1029.52783203125 1029.71411132812 1034.36755371094 1043.65234375 1045.75842285156 1038.13061523438 1036.72998046875 1037.13464355469 1035.59912109375 1026.96667480469 1041.87902832031 1034.81921386719 1028.34350585938 1010.98175048828 1008.61010742188 1001.33569335938 995.901977539062 1007.4658203125 993.202514648438 1003.10626220703 1005.33319091797 1016.89245605469 1018.25463867188
978.068664550781 978.432067871094 986.190185546875 988.313232421875 993.567504882812 997.087768554688 1005.68072509766 997.631591796875 1008.32397460938 1003.56536865234 999.696472167969 1001.65258789062 1009.63824462891 1016.99871826172 1020.87152099609 1026.12658691406 1019.72711181641 1022.54248046875 1022.72668457031 1022.04840087891 1019.59631347656 1023.12969970703 1022.81079101562 1025.68469238281 1026.24768066406 1028.7041015625 1033.53686523438 1029.52722167969 1035.52197265625 1024.9853515625 1029.3134765625 1033.490234375 1028.47436523438 1030.77502441406 1035.27380371094 1026.67602539062 1012.74530029297 1008.11096191406 1003.36761474609 1000.65069580078 999.03369140625 998.486572265625 1003.57562255859 1009.69439697266 1015.02777099609 1015.14379882812
984.471557617188 993.630004882812 989.018371582031 992.051330566406 991.547790527344 994.457580566406 999.604064941406 1002.35400390625 1001.42663574219 1007.20550537109 1002.14044189453 1003.97155761719 1009.49310302734 1009.93768310547 1016.251953125 1024.35168457031 1023.27703857422 1027.03540039062 1027.56274414062 1030.91430664062 1024.89929199219 1021.02709960938 1017.1611328125 1020.53942871094 1015.25170898438 1019.88842773438 1028.525390625 1030.11437988281 1045.60021972656 1037.58605957031 1034.41088867188 1034.8935546875 1033.43823242188 1025.36865234375 1030.88049316406 1012.52954101562 1005.35064697266 1005.55169677734 1007.28302001953 1005.63360595703 1005.17425537109 1009.46356201172 1016.16070556641 1013.34765625 1020.91357421875 1021.435546875
981.958557128906 981.146301269531 985.731872558594 985.49365234375 999.098510742188 1001.712890625 1001.36999511719 1000.28552246094 1004.17120361328 1008.02130126953 1004.23150634766 1009.74041748047 1013.27008056641 1023.47241210938 1025.86437988281 1026.72705078125 1029.59594726562 1038.51647949219 1041.70739746094 1036.34289550781 1017.10711669922 1016.99359130859 1019.98199462891 1024.49694824219 1016.61560058594 1016.36804199219 1024.93041992188 1036.74987792969 1036.47839355469 1034.84399414062 1024.66967773438 1024.76525878906 1025.15502929688 1020.59429931641 1020.189453125 1011.43322753906 1010.02862548828 1009.43640136719 1006.47607421875 1009.56005859375 1012.25756835938 1008.55523681641 1013.34594726562 1016.47375488281 1010.84088134766 1015.84991455078
989.572937011719 985.831665039062 989.966125488281 996.611450195312 993.487854003906 1001.99151611328 1001.69268798828 1004.76898193359 1009.85845947266 1014.30908203125 1011.53082275391 1024.666015625 1022.47784423828 1019.81042480469 1030.67175292969 1034.28393554688 1029.109375 1033.07788085938 1040.67248535156 1037.15930175781 1027.44482421875 1022.33404541016 1024.55676269531 1026.6884765625 1021.85034179688 1022.43273925781 1026.47131347656 1029.56872558594 1028.85388183594 1028.09558105469 1022.30364990234 1027.90795898438 1018.55969238281 1020.37133789062 1016.08026123047 1010.08312988281 999.869567871094 1003.32171630859 1007.10052490234 1004.01788330078 1003.02044677734 1007.33276367188 1012.00909423828 1015.03454589844 1015.89764404297 1012.224609375
991.925720214844 995.523620605469 991.383361816406 997.486328125 1002.30731201172 1009.97839355469 1000.39117431641 1011.91912841797 1008.36358642578 1011.70599365234 1009.91912841797 1019.00244140625 1027.48156738281 1029.32434082031 1034.74353027344 1031.70776367188 1034.88317871094 1041.02026367188 1042.84460449219 1037.84057617188 1031.74072265625 1022.80352783203 1024.62072753906 1033.65234375 1038.68469238281 1030.6708984375 1030.23828125 1021.76898193359 1028.4189453125 1029.17456054688 1024.8623046875 1020.68206787109 1014.97314453125 1011.82891845703 1007.20135498047 1009.65679931641 999.006225585938 1005.30328369141 1009.74786376953 1002.19830322266 997.560668945312 1006.88208007812 1004.83477783203 1010.26818847656 1010.06219482422 1004.03900146484
984.376037597656 993.051147460938 994.900329589844 1000.92327880859 1008.1953125 1007.82440185547 1008.61315917969 1009.29772949219 1010.77081298828 1004.93756103516 1012.64251708984 1019.33990478516 1029.6572265625 1035.00415039062 1025.76293945312 1028.28686523438 1030.02978515625 1031.43212890625 1042.86853027344 1039.60546875 1036.36950683594 1028.197265625 1032.90625 1032.6552734375 1031.54125976562 1035.63940429688 1036.34997558594 1029.62585449219 1026.67590332031 1020.52764892578 1021.85589599609 1022.84674072266 1017.43780517578 1013.26708984375 1011.98120117188 996.442993164062 996.073425292969 1005.69464111328 1000.71118164062 1001.04907226562 993.961730957031 998.38525390625 998.018249511719 1004.25482177734 1011.78399658203 1003.48461914062
990.580017089844 989.075988769531 989.033935546875 1002.05249023438 1010.58337402344 1008.42889404297 998.962158203125 996.530334472656 1006.78570556641 1007.04443359375 1007.0576171875 1014.73626708984 1021.79742431641 1032.29150390625 1026.50402832031 1021.07800292969 1034.47595214844 1037.11145019531 1044.26293945312 1038.90490722656 1037.00903320312 1027.92846679688 1032.13317871094 1032.03930664062 1037.15661621094 1041.34350585938 1036.38220214844 1026.81652832031 1023.39263916016 1026.70434570312 1025.67175292969 1012.80560302734 1004.23406982422 1007.37341308594 1005.04895019531 1010.10705566406 1009.40655517578 1003.11138916016 1001.80218505859 1002.09698486328 999.550537109375 992.340209960938 998.854675292969 1006.52893066406 1010.35070800781 1007.95025634766
