data/zlatibor_dem_simulations/DEMsim71.asc
NCOLS 150
NROWS 100
XLLCORNER 7394249
YLLCORNER 4841999
CELLSIZE 30
NODATA_VALUE -9999
[rows 80 to 99 of 100, columns 46 to 91 of 150]
999.833251953125 994.752502441406 994.005554199219 996.457763671875 990.801452636719 988.608520507812 993.981567382812 995.5009765625 995.464538574219 997.18896484375 987.1279296875 981.900634765625 985.252380371094 981.382568359375 981.231018066406 984.330505371094 981.017639160156 976.729919433594 976.618225097656 983.130737304688 984.599670410156 979.978820800781 982.041931152344 980.185729980469 983.490966796875 988.230102539062 989.817504882812 988.594665527344 990.95556640625 989.023376464844 979.410949707031 988.224670410156 991.622985839844 993.32861328125 1002.07684326172 1012.88842773438 1000.70281982422 996.247924804688 1007.26806640625 1002.90844726562 995.874816894531 990.85302734375 996.188110351562 988.5029296875 989.30078125 984.558532714844
980.36572265625 988.504333496094 988.902770996094 990.236145019531 992.31494140625 988.86181640625 986.221435546875 995.864318847656 999.600036621094 992.647521972656 991.79296875 983.867309570312 979.020141601562 990.828979492188 984.961853027344 985.729248046875 985.796875 977.680969238281 980.390502929688 979.51806640625 974.6767578125 978.837707519531 980.966918945312 977.21240234375 984.151062011719 986.836486816406 987.509399414062 981.812072753906 978.831298828125 982.612426757812 992.514221191406 995.299743652344 1004.50280761719 996.613952636719 1003.94970703125 1010.12194824219 1011.20562744141 1004.38031005859 1007.37933349609 1004.98712158203 1006.05072021484 1000.49047851562 1006.72802734375 993.894470214844 1003.55944824219 996.855102539062
987.580810546875 996.590087890625 999.772521972656 990.554016113281 995.603454589844 998.83056640625 987.645629882812 994.408935546875 993.717407226562 1000.87115478516 988.739501953125 988.43115234375 978.28564453125 984.52490234375 980.781188964844 988.668212890625 990.092407226562 987.012512207031 984.263854980469 988.457458496094 983.799255371094 980.456176757812 986.329040527344 985.317565917969 984.466125488281 986.943664550781 988.154724121094 981.934143066406 977.018249511719 987.69677734375 992.874145507812 1003.09234619141 1014.50079345703 1007.46649169922 1015.44873046875 1012.66033935547 1009.84765625 1009.78369140625 1011.71343994141 1011.57263183594 1003.24816894531 1003.33850097656 1006.85876464844 1005.69256591797 997.96630859375 994.641479492188
990.605285644531 992.953063964844 996.574951171875 993.456909179688 1002.07830810547 1002.51403808594 993.143920898438 989.011474609375 989.863525390625 997.86767578125 991.479431152344 990.694519042969 991.94921875 984.489074707031 979.957153320312 987.809143066406 989.639343261719 982.725463867188 979.495971679688 988.116088867188 984.824829101562 988.073913574219 991.065856933594 988.869323730469 987.822998046875 983.58740234375 990.711791992188 990.426940917969 980.823425292969 978.387451171875 991.706787109375 996.479614257812 1008.1259765625 1008.18341064453 1018.75799560547 1013.65625 1014.56823730469 1020.62048339844 1017.32629394531 1019.15521240234 1008.64923095703 1007.91833496094 1018.54052734375 1008.583984375 1006.18084716797 1000.21905517578
989.709167480469 995.331359863281 1006.56427001953 999.891967773438 1008.91363525391 996.5 989.7685546875 986.486145019531 987.009582519531 993.8115234375 996.047058105469 994.306762695312 991.575378417969 987.238159179688 986.623962402344 986.579162597656 988.878845214844 984.694946289062 990.339538574219 986.791687011719 992.572509765625 983.841552734375 988.133666992188 987.919799804688 992.585205078125 995.23828125 991.633605957031 984.299377441406 985.896118164062 980.38134765625 988.732543945312 999.984802246094 996.604858398438 1005.34649658203 1018.0693359375 1018.31048583984 1016.17761230469 1010.77941894531 1013.15100097656 1024.70397949219 1015.26416015625 1012.716796875 1005.29681396484 1003.27459716797 996.017456054688 999.589477539062
1002.01208496094 995.802795410156 997.516235351562 995.276794433594 998.468444824219 991.722778320312 993.576049804688 988.46044921875 986.430969238281 990.596130371094 998.077209472656 1007.18530273438 994.550842285156 988.186401367188 981.582946777344 984.874938964844 984.961486816406 992.451538085938 990.630432128906 983.101257324219 988.766174316406 990.120727539062 983.467041015625 986.730895996094 991.970275878906 997.68408203125 1002.72320556641 987.785217285156 988.376586914062 993.076232910156 986.643676757812 999.106689453125 986.380676269531 995.763854980469 998.890014648438 1010.43505859375 1013.14721679688 1007.17999267578 1010.97607421875 1011.46716308594 1012.10919189453 1012.65991210938 1014.54547119141 1008.15344238281 996.472106933594 1001.01031494141
996.834838867188 990.121826171875 999.707458496094 1006.30676269531 1007.45404052734 1001.07940673828 995.467590332031 995.099792480469 1002.23114013672 992.1259765625 1001.52502441406 999.537414550781 1002.3828125 1001.82366943359 989.059509277344 986.986267089844 997.30419921875 990.787231445312 984.509643554688 991.880249023438 990.072692871094 986.908081054688 991.594299316406 987.263366699219 997.264099121094 1003.74761962891 996.972534179688 994.638061523438 998.41650390625 994.649047851562 993.113220214844 992.365356445312 987.667053222656 987.415405273438 997.331115722656 1001.62744140625 1006.64825439453 1002.37670898438 1009.74304199219 1010.23681640625 1005.37683105469 1010.10241699219 1012.75634765625 1005.59765625 1005.74304199219 1012.40002441406
993.826416015625 986.872497558594 997.695373535156 998.6865234375 1007.50134277344 1007.88360595703 1002.56896972656 991.41259765625 1003.56756591797 1001.97003173828 998.707397460938 1008.44860839844 1001.00866699219 1002.71820068359 995.57763671875 993.656921386719 998.633972167969 996.904541015625 989.228942871094 989.305541992188 986.752014160156 992.768615722656 992.677551269531 989.923706054688 989.942321777344 994.5400390625 999.707092285156 991.33251953125 991.477111816406 994.513000488281 998.043518066406 984.00244140625 982.629333496094 998.3916015625 1003.91430664062 1004.72479248047 1004.38848876953 1000.3896484375 1002.58953857422 1000.64105224609 1014.76446533203 1012.1962890625 1005.33312988281 1001.78460693359 995.551391601562 1011.47039794922
995.439575195312 997.893981933594 992.3681640625 993.324401855469 995.7060546875 1009.00891113281 1008.22875976562 999.070983886719 1008.78289794922 1004.38067626953 1010.68444824219 1014.28051757812 1010.90942382812 1004.63842773438 999.539611816406 992.336364746094 989.988891601562 989.620056152344 988.435363769531 993.853332519531 993.458618164062 992.852600097656 988.259460449219 984.245910644531 985.80517578125 991.405883789062 998.287536621094 990.885498046875 983.408752441406 996.000244140625 989.507995605469 981.14892578125 992.582885742188 1002.30926513672 1009.41485595703 1003.38433837891 999.237609863281 995.479797363281 997.677001953125 1005.89636230469 1009.24560546875 1007.689453125 1000.54345703125 995.499938964844 998.652160644531 1006.34301757812
989.312805175781 989.536254882812 986.695983886719 982.365234375 999.893432617188 1005.1865234375 1009.3193359375 1007.66662597656 1006.19049072266 1016.7412109375 1021.76220703125 1021.54437255859 1020.88018798828 1010.34838867188 995.312133789062 980.328857421875 980.799499511719 992.399719238281 995.825378417969 991.972473144531 995.421875 985.642761230469 991.790283203125 991.570739746094 991.858642578125 993.401306152344 988.072265625 988.479187011719 991.27880859375 994.880798339844 989.631042480469 987.583801269531 991.801391601562 998.594116210938 1007.93011474609 995.914916992188 1001.72399902344 995.803527832031 1006.17950439453 1015.55993652344 1009.04132080078 1009.44885253906 997.581481933594 994.969848632812 998.018249511719 1011.52941894531
980.105163574219 987.005676269531 983.284484863281 990.086791992188 993.096069335938 1000.7578125 1000.99572753906 1003.42468261719 1009.75115966797 1010.21032714844 1009.02972412109 1023.43377685547 1027.2158203125 1004.72241210938 992.191772460938 984.36328125 981.267150878906 993.139526367188 1001.21051025391 991.386596679688 999.770446777344 997.97216796875 998.804382324219 992.6201171875 985.620544433594 992.911926269531 995.991760253906 997.764099121094 994.759582519531 989.108581542969 995.17919921875 988.832153320312 989.674621582031 998.8349609375 1001.20642089844 999.107849121094 993.616760253906 997.569519042969 1002.04449462891 1001.33697509766 1006.99029541016 1011.83636474609 1013.40124511719 1007.31378173828 997.440246582031 1007.89044189453
982.346496582031 981.722106933594 981.964721679688 983.812561035156 989.634826660156 995.044982910156 998.173217773438 1001.32250976562 1016.63195800781 1015.48565673828 1011.68975830078 1014.57073974609 1025.56652832031 1005.00030517578 1006.37463378906 999.119323730469 992.341064453125 994.852416992188 1004.93499755859 999.870910644531 995.648376464844 1001.24517822266 1000.71771240234 991.213317871094 989.726257324219 992.615966796875 998.091491699219 997.74267578125 995.787536621094 997.771179199219 996.65771484375 989.473327636719 996.192504882812 994.729553222656 989.528869628906 992.697082519531 993.295959472656 995.217163085938 1005.30334472656 1007.74389648438 1005.92663574219 1007.94934082031 1013.24206542969 1015.89086914062 1015.73931884766 1013.90087890625
979.801086425781 981.479431152344 978.611755371094 986.018310546875 990.209167480469 995.998596191406 998.652038574219 998.254333496094 1004.89898681641 1022.64611816406 1015.59515380859 1014.64904785156 1015.65093994141 1011.33087158203 1010.28955078125 1010.13696289062 1009.29107666016 1001.99084472656 1014.19921875 1001.36157226562 1004.03143310547 1005.40057373047 997.259826660156 996.873474121094 999.312622070312 998.656799316406 996.484924316406 998.642150878906 998.516784667969 1000.37115478516 1002.99194335938 996.460571289062 989.973754882812 987.579345703125 994.639709472656 988.230773925781 990.368896484375 993.744445800781 995.200439453125 1000.82489013672 1007.84344482422 1011.72180175781 1012.13415527344 1009.77886962891 1012.83203125 1015.89978027344
978.325927734375 970.859069824219 977.324645996094 980.661865234375 983.510803222656 991.8310546875 996.701965332031 1009.48175048828 1003.44305419922 1010.16735839844 1011.85766601562 1014.75268554688 1008.97650146484 1017.20550537109 1009.70416259766 1014.95825195312 1010.72900390625 1019.14691162109 1012.57788085938 1008.71905517578 1010.37194824219 1003.35113525391 994.985107421875 1000.73455810547 1002.37084960938 995.628601074219 995.2470703125 1002.26458740234 1005.37622070312 996.84033203125 995.845031738281 996.929626464844 996.314758300781 999.555603027344 996.143859863281 998.990234375 990.914245605469 999.758728027344 992.879272460938 996.914489746094 1000.54248046875 1000.85296630859 1011.35363769531 1008.55627441406 1004.09802246094 1006.49072265625
981.914794921875 977.538146972656 969.8994140625 982.996948242188 984.101196289062 986.732727050781 991.846496582031 998.909423828125 999.932373046875 1010.63018798828 1008.83972167969 1012.95635986328 1011.25744628906 1015.41711425781 1015.4267578125 1018.26086425781 1019.12335205078 1017.17846679688 1004.66772460938 1012.50836181641 1009.390625 1012.13781738281 1005.44256591797 998.386352539062 1006.45568847656 1004.83349609375 1000.34289550781 1012.48675537109 1012.05187988281 1009.98400878906 999.446350097656 1002.11437988281 999.475463867188 1000.73718261719 995.830810546875 1000.56237792969 1001.62408447266 1001.99371337891 988.259887695312 994.115661621094 1002.02142333984 1001.26544189453 1006.28405761719 1006.74206542969 1010.31439208984 1010.62335205078
984.860595703125 975.850524902344 973.306030273438 982.458374023438 981.505249023438 989.816345214844 989.357849121094 987.813354492188 1000.12731933594 1004.87542724609 1003.77276611328 995.372314453125 1005.82000732422 1012.22882080078 1010.16705322266 1012.18878173828 1009.14050292969 1014.25042724609 1017.29852294922 1005.96252441406 1008.40942382812 999.109619140625 1009.74365234375 996.181518554688 1000.07580566406 1002.89074707031 1007.06970214844 1016.28051757812 1017.91235351562 1007.02600097656 1004.65216064453 999.971374511719 997.628479003906 998.5537109375 999.755676269531 1003.87481689453 1004.62170410156 998.130065917969 996.931335449219 996.451477050781 1000.58020019531 994.399047851562 1002.21099853516 1007.60205078125 1018.72845458984 1009.40643310547
975.62060546875 976.013732910156 971.499938964844 977.532958984375 976.263854980469 980.744201660156 985.167907714844 984.203186035156 998.551635742188 998.07421875 993.453979492188 996.885864257812 998.612487792969 1012.71350097656 1008.24761962891 1010.57507324219 1020.61724853516 1014.90209960938 1019.49517822266 1014.71130371094 1013.25006103516 1008.26947021484 1002.54113769531 1001.04974365234 1005.19030761719 1006.56646728516 1002.31909179688 1007.61224365234 1009.13006591797 1017.27947998047 1003.28704833984 1001.64727783203 1005.52416992188 998.728454589844 1007.35601806641 1002.57702636719 1006.36639404297 1010.60546875 1008.85675048828 993.976379394531 996.710876464844 1009.42736816406 1006.32409667969 1011.71881103516 1018.53552246094 1021.35235595703
979.131042480469 974.885437011719 978.088745117188 975.082275390625 976.140563964844 979.943786621094 985.423034667969 991.1708984375 994.465087890625 990.078735351562 994.060668945312 997.517456054688 1003.86499023438 1013.15399169922 1015.83966064453 1012.60595703125 1011.19750976562 1021.41760253906 1022.17523193359 1021.30590820312 1014.09216308594 1005.48413085938 995.24365234375 998.552734375 1003.06341552734 997.750793457031 994.350952148438 1003.98681640625 1013.69543457031 1012.92456054688 1007.68560791016 996.362121582031 993.469299316406 996.775329589844 1005.8203125 999.770690917969 996.317016601562 1001.55499267578 1010.63031005859 1000.74444580078 1000.92395019531 1002.55053710938 1012.83282470703 1013.47613525391 1021.23828125 1020.81726074219
976.255859375 976.313049316406 981.574584960938 984.100036621094 976.677307128906 978.506042480469 984.312866210938 1001.90679931641 992.844177246094 989.511474609375 989.98486328125 997.154907226562 1004.81030273438 1011.19702148438 1010.88146972656 1017.01782226562 1026.26574707031 1026.69689941406 1023.75170898438 1014.71478271484 1020.84521484375 1005.81286621094 1003.70471191406 1006.55981445312 1004.33087158203 994.097351074219 1002.13952636719 994.234436035156 993.525573730469 1012.60290527344 1008.59210205078 994.770263671875 993.1240234375 996.542114257812 1002.79571533203 999.658813476562 1002.50433349609 1001.56549072266 1006.21875 1000.44128417969 1002.50500488281 1011.99011230469 1016.14660644531 1023.47906494141 1029.29235839844 1022.71557617188
983.437805175781 975.197692871094 984.581420898438 982.290771484375 981.950500488281 976.915222167969 988.270141601562 999.474060058594 999.808349609375 995.18896484375 989.482116699219 1001.66369628906 1003.14770507812 1018.16790771484 1012.94635009766 1013.55883789062 1028.2529296875 1024.56689453125 1025.48754882812 1030.58666992188 1013.470703125 1009.16485595703 1005.66912841797 1009.97406005859 1004.07037353516 993.676574707031 985.967712402344 988.004455566406 995.216186523438 999.529846191406 1001.318359375 996.23291015625 991.928405761719 998.495849609375 1004.60815429688 1003.44696044922 1000.16174316406 1004.56195068359 999.533447265625 1009.94451904297 1008.35595703125 1017.9140625 1023.49920654297 1021.52124023438 1021.48443603516 1019.70135498047
