data/zlatibor_dem_simulations/DEMsim30.asc
NCOLS 150
NROWS 100
XLLCORNER 7394249
YLLCORNER 4841999
CELLSIZE 30
NODATA_VALUE -9999
[rows 0 to 19 of 100, columns 92 to 137 of 150]
920.069091796875 918.801330566406 915.770080566406 909.205322265625 892.801147460938 882.487915039062 874.56005859375 866.209838867188 868.364318847656 863.856384277344 853.903991699219 854.473693847656 855.834167480469 856.390563964844 850.011291503906 858.481567382812 855.083740234375 856.870849609375 866.725341796875 868.767517089844 872.640930175781 881.827392578125 888.68994140625 899.422302246094 908.984069824219 911.108032226562 921.617309570312 921.386291503906 923.743286132812 928.966979980469 926.406616210938 928.007019042969 933.8720703125 934.799194335938 942.321960449219 953.236022949219 957.537170410156 967.832397460938 970.626403808594 978.333801269531 988.165649414062 992.858032226562 1000.28814697266 1012.33044433594 1017.365234375 1023.50604248047
922.481750488281 916.308410644531 911.597473144531 908.991943359375 893.685607910156 889.918579101562 880.459106445312 874.58447265625 872.069763183594 866.185485839844 859.462890625 853.205078125 860.173095703125 855.260375976562 846.337280273438 848.81005859375 855.102172851562 860.713806152344 864.119995117188 869.602294921875 881.623474121094 888.502136230469 889.329467773438 898.397766113281 910.607604980469 914.326782226562 909.797729492188 915.9921875 926.822265625 936.14990234375 939.868225097656 941.481262207031 940.935424804688 950.893249511719 951.063232421875 949.255065917969 964.372802734375 974.647521972656 970.96484375 978.085388183594 992.431396484375 1003.3388671875 1011.44738769531 1020.21734619141 1029.38171386719 1034.00463867188
930.435119628906 925.178955078125 915.897766113281 911.262451171875 906.50048828125 895.744506835938 879.734191894531 870.863891601562 876.847595214844 873.317810058594 865.34619140625 862.240905761719 873.319763183594 863.244262695312 858.584411621094 860.646057128906 865.4140625 867.116088867188 871.567626953125 874.829162597656 878.566040039062 885.601135253906 890.579162597656 900.845886230469 905.876281738281 913.787963867188 916.637023925781 909.307312011719 926.649475097656 936.779113769531 939.532836914062 947.033508300781 943.855895996094 948.651306152344 955.022766113281 964.473571777344 974.203002929688 980.777282714844 983.979614257812 987.382141113281 997.754455566406 1005.2314453125 1020.62951660156 1030.59887695312 1033.08251953125 1041.66418457031
930.0908203125 921.5966796875 912.854248046875 907.743347167969 901.734436035156 891.357849121094 884.394409179688 876.847900390625 889.71533203125 877.943481445312 876.350158691406 869.745300292969 864.992431640625 867.887390136719 866.229187011719 862.716247558594 873.550659179688 879.072875976562 873.025573730469 871.707397460938 874.349731445312 877.925354003906 888.559448242188 897.936340332031 909.970275878906 911.192932128906 914.545471191406 917.986572265625 921.588195800781 931.601013183594 942.574584960938 945.367736816406 950.817321777344 946.092224121094 955.396362304688 966.421752929688 973.447875976562 979.370727539062 990.253662109375 996.739074707031 1002.97808837891 1010.18743896484 1026.97888183594 1043.26916503906 1044.78479003906 1061.94641113281
923.354553222656 918.811706542969 907.539306640625 898.530334472656 896.63232421875 902.697387695312 894.580932617188 888.255737304688 891.199523925781 888.164855957031 887.517639160156 881.260681152344 865.118041992188 868.255187988281 868.496704101562 881.362243652344 881.829040527344 878.863098144531 871.410888671875 871.837341308594 880.233520507812 880.69384765625 884.978515625 893.079467773438 910.016296386719 913.268676757812 920.799194335938 917.282897949219 920.709167480469 927.174560546875 936.403442382812 938.508911132812 946.541076660156 945.918334960938 950.686218261719 960.702880859375 967.369445800781 980.835754394531 992.891296386719 1006.04254150391 1005.50640869141 1022.41168212891 1034.98913574219 1055.93310546875 1056.45031738281 1064.22106933594
925.678100585938 922.556640625 910.273376464844 903.350280761719 907.973510742188 902.682312011719 898.754516601562 888.595703125 900.399658203125 893.172912597656 893.893981933594 888.333251953125 876.348205566406 877.168395996094 876.4501953125 887.945129394531 882.821350097656 880.113464355469 874.821655273438 877.681884765625 878.088439941406 877.753173828125 886.048278808594 898.993957519531 904.429077148438 920.1748046875 925.36865234375 917.15380859375 917.192016601562 925.893981933594 936.145080566406 949.305236816406 945.045471191406 947.354187011719 948.670776367188 960.218811035156 968.307495117188 980.935852050781 992.811279296875 1014.66070556641 1018.35418701172 1017.13330078125 1035.25610351562 1051.72717285156 1066.14831542969 1077.32531738281
920.662780761719 913.431213378906 913.562683105469 912.20849609375 918.163635253906 908.91357421875 907.112609863281 899.121337890625 900.398376464844 897.729125976562 895.259338378906 882.454895019531 885.271301269531 878.326293945312 886.88330078125 897.910461425781 893.326599121094 879.735900878906 883.8779296875 880.570678710938 885.195190429688 892.002014160156 896.582641601562 895.007446289062 906.721069335938 909.5009765625 919.971374511719 927.806579589844 928.957458496094 935.8828125 951.29052734375 949.907897949219 948.983581542969 947.52490234375 950.06494140625 956.244201660156 966.009460449219 975.666748046875 991.007690429688 1000.77325439453 1006.65881347656 1022.83026123047 1037.2412109375 1050.50573730469 1065.03125 1075.20666503906
916.855712890625 912.409118652344 919.141479492188 919.995178222656 925.997985839844 911.244689941406 909.435241699219 898.106079101562 899.16796875 898.005737304688 896.625854492188 886.19091796875 884.988464355469 883.171203613281 894.630126953125 904.081665039062 892.179992675781 891.508605957031 895.034240722656 886.781433105469 889.625305175781 898.431945800781 901.548278808594 895.998718261719 911.546691894531 919.599609375 918.93310546875 933.317565917969 936.963195800781 940.189086914062 950.938232421875 954.629150390625 940.23828125 943.669616699219 951.804748535156 956.276489257812 965.369201660156 968.797668457031 988.386596679688 1000.78961181641 1005.7666015625 1017.72082519531 1038.68615722656 1047.92077636719 1067.59423828125 1069.09167480469
921.226257324219 923.262329101562 923.537292480469 929.817565917969 919.30322265625 908.624755859375 912.121032714844 909.195495605469 908.121337890625 908.937805175781 903.826721191406 896.189697265625 892.601928710938 899.106994628906 900.283508300781 902.466674804688 900.227294921875 897.477478027344 904.330200195312 902.08935546875 897.424621582031 903.589477539062 903.119812011719 909.615051269531 913.070922851562 920.135070800781 917.414184570312 929.805419921875 936.385009765625 939.939880371094 945.5869140625 949.841979980469 955.935913085938 954.325500488281 967.349853515625 968.764526367188 968.612060546875 980.941711425781 995.641296386719 1009.00073242188 1011.31518554688 1023.34759521484 1034.21252441406 1044.73278808594 1065.80407714844 1067.10888671875
920.220764160156 926.391235351562 921.725341796875 930.926818847656 925.207702636719 916.033325195312 911.343872070312 920.323547363281 918.490051269531 914.098754882812 917.627624511719 908.309936523438 907.0068359375 904.820556640625 913.133056640625 918.279602050781 909.99267578125 904.203002929688 905.189025878906 900.649353027344 900.665283203125 911.095642089844 915.246398925781 915.907531738281 916.535766601562 921.759521484375 929.166198730469 929.548522949219 945.132446289062 950.552124023438 953.848815917969 955.43505859375 954.16259765625 957.809326171875 969.707458496094 978.315368652344 983.427612304688 989.045227050781 999.740661621094 1003.31280517578 1015.61077880859 1020.81695556641 1036.75708007812 1051.77062988281 1068.38671875 1072.119140625
924.5263671875 916.848022460938 915.393798828125 929.5966796875 924.570983886719 927.1669921875 927.926086425781 929.87841796875 935.541381835938 932.154174804688 929.003051757812 916.382568359375 912.164978027344 923.477722167969 928.801391601562 928.360229492188 925.536987304688 910.580322265625 909.192260742188 908.38232421875 913.952453613281 914.325256347656 915.586242675781 910.081970214844 927.615051269531 924.572509765625 935.463623046875 942.70556640625 943.918762207031 950.806884765625 949.002563476562 953.833068847656 953.273315429688 966.484069824219 980.061157226562 986.769836425781 982.883911132812 993.056518554688 1007.27307128906 1015.48181152344 1023.00616455078 1025.95251464844 1035.52331542969 1053.79846191406 1071.40502929688 1078.07592773438
926.36669921875 917.752624511719 921.754150390625 929.134643554688 931.223205566406 935.968383789062 933.502197265625 928.2197265625 938.528198242188 946.605590820312 936.831848144531 928.194152832031 925.178833007812 936.437133789062 937.225708007812 937.292724609375 929.706665039062 932.496154785156 922.668151855469 916.442504882812 926.103820800781 922.060546875 920.147583007812 920.74267578125 921.759826660156 928.298645019531 935.644836425781 930.680725097656 937.6962890625 951.263366699219 953.230102539062 953.84033203125 951.843078613281 959.926025390625 971.064147949219 985.044616699219 994.924560546875 998.920227050781 1012.76965332031 1019.12615966797 1034.86926269531 1041.94580078125 1043.23278808594 1055.43603515625 1066.89489746094 1076.15417480469
941.88232421875 930.575927734375 928.591857910156 927.695373535156 936.418640136719 938.270202636719 927.186950683594 929.862060546875 933.741394042969 948.49169921875 949.653564453125 949.15576171875 941.671875 941.914855957031 942.873291015625 952.818969726562 931.672790527344 932.340270996094 931.890686035156 930.606628417969 940.906799316406 931.587707519531 926.284362792969 926.849487304688 920.884582519531 930.930541992188 937.397277832031 936.887268066406 939.640686035156 948.269470214844 954.380981445312 955.992309570312 955.99365234375 967.932739257812 979.975708007812 1004.07641601562 1003.01092529297 1013.10308837891 1021.76843261719 1019.94281005859 1034.8837890625 1041.97485351562 1051.97290039062 1052.54638671875 1063.09289550781 1069.09985351562
942.836303710938 934.458740234375 933.331787109375 933.971069335938 931.979736328125 943.525329589844 937.168334960938 931.953125 938.92578125 946.478210449219 945.242004394531 953.849975585938 954.149963378906 954.110107421875 957.520935058594 962.735900878906 950.098083496094 943.778137207031 941.724182128906 934.070434570312 937.868774414062 936.736511230469 924.781188964844 912.870483398438 914.025390625 922.453979492188 935.557250976562 939.430480957031 944.970947265625 952.354736328125 958.464721679688 960.1953125 962.266723632812 968.35986328125 987.335510253906 1000.61810302734 1011.68218994141 1013.10833740234 1021.55242919922 1024.05603027344 1027.90686035156 1043.44921875 1057.02514648438 1058.49975585938 1070.21484375 1082.91076660156
950.874694824219 947.499084472656 946.23388671875 943.265563964844 946.363464355469 956.374694824219 945.963134765625 948.914978027344 953.295959472656 953.390930175781 959.898010253906 963.555480957031 970.104553222656 964.769409179688 959.80859375 962.607788085938 965.834106445312 957.170288085938 947.064880371094 941.412963867188 940.911193847656 926.738037109375 922.093017578125 912.919494628906 907.671630859375 908.405395507812 935.037963867188 940.508850097656 951.292663574219 952.995544433594 954.036804199219 960.446472167969 970.384338378906 982.523315429688 989.884704589844 998.284057617188 1009.98211669922 1022.91552734375 1026.46533203125 1026.03308105469 1039.568359375 1036.67724609375 1047.26721191406 1057.07934570312 1076.70141601562 1079.16772460938
967.401977539062 967.581298828125 964.9833984375 956.874572753906 963.933410644531 965.138244628906 963.411804199219 966.65478515625 965.149597167969 968.100952148438 966.160705566406 971.474060058594 980.848754882812 970.124633789062 973.994689941406 975.367492675781 965.032348632812 969.600708007812 957.128356933594 953.601440429688 946.27392578125 926.908142089844 930.42529296875 911.171569824219 912.453186035156 907.474670410156 923.107238769531 937.462585449219 948.9326171875 954.801879882812 950.722778320312 956.621643066406 967.063171386719 985.993591308594 984.860473632812 998.196533203125 1007.91882324219 1018.46240234375 1026.26318359375 1029.8056640625 1036.69091796875 1041.18640136719 1045.39074707031 1047.51708984375 1066.05444335938 1080.2158203125
962.467163085938 968.391540527344 974.811462402344 971.356018066406 976.042846679688 976.091918945312 980.649169921875 971.8349609375 977.534484863281 979.592346191406 976.944091796875 984.454284667969 990.748229980469 981.137939453125 974.624267578125 974.672607421875 979.324096679688 978.060546875 962.576049804688 959.10693359375 950.385681152344 933.644104003906 927.128173828125 920.33056640625 911.786682128906 920.347961425781 928.484130859375 937.753051757812 954.728454589844 961.998962402344 957.371643066406 962.603881835938 975.813232421875 983.644592285156 991.214660644531 1004.51898193359 1009.81781005859 1019.23956298828 1031.04931640625 1039.51306152344 1041.29797363281 1036.95458984375 1035.78137207031 1045.9833984375 1050.46154785156 1074.83813476562
976.797058105469 977.032836914062 981.110046386719 979.138977050781 980.565490722656 991.501403808594 996.079345703125 992.967590332031 995.250732421875 992.381530761719 991.33935546875 992.37060546875 984.229675292969 985.567565917969 981.464538574219 981.862121582031 986.291809082031 980.927856445312 971.592346191406 966.004577636719 946.390930175781 942.409912109375 922.676940917969 913.70263671875 913.976257324219 922.701477050781 930.552917480469 937.440795898438 955.143188476562 956.022216796875 964.775024414062 971.940002441406 977.401794433594 988.405395507812 999.411315917969 1011.98992919922 1011.119140625 1021.19580078125 1026.34558105469 1040.35595703125 1045.27294921875 1030.20556640625 1031.31372070312 1046.25280761719 1054.95007324219 1067.4677734375
990.769226074219 990.321472167969 996.098083496094 988.206787109375 997.230895996094 994.662109375 998.554870605469 999.25048828125 1009.85260009766 1009.22888183594 1002.48590087891 998.456176757812 997.220336914062 999.399291992188 998.016418457031 988.527221679688 980.794616699219 982.745849609375 966.446899414062 959.25 944.734497070312 939.379089355469 925.440673828125 922.51123046875 917.196716308594 923.67626953125 936.436584472656 946.600036621094 955.007507324219 973.750854492188 970.451171875 978.23828125 986.204833984375 1001.43182373047 1006.00170898438 1016.64599609375 1013.28234863281 1018.38830566406 1025.22521972656 1041.14794921875 1040.85522460938 1036.94201660156 1036.40588378906 1037.00756835938 1054.56811523438 1072.02307128906
999.061096191406 1001.27874755859 1011.76123046875 996.419189453125 999.826965332031 1010.20788574219 1012.51434326172 1014.16284179688 1017.94537353516 1014.81030273438 1014.82403564453 1003.23187255859 1002.61224365234 1001.90490722656 997.477233886719 993.913208007812 983.683654785156 973.659484863281 965.94189453125 968.187866210938 954.735168457031 943.189147949219 934.47021484375 932.557373046875 925.076293945312 929.304565429688 940.728149414062 944.64208984375 958.495971679688 966.010375976562 973.36083984375 980.100646972656 986.304321289062 992.681396484375 1001.87060546875 1017.58526611328 1018.34545898438 1022.82330322266 1022.58837890625 1029.30700683594 1034.92590332031 1043.76647949219 1045.55505371094 1053.00415039062 1064.95153808594 1074.96459960938
