data/zlatibor_dem_simulations/DEMsim16.asc
NCOLS 150
NROWS 100
XLLCORNER 7394249
YLLCORNER 4841999
CELLSIZE 30
NODATA_VALUE -9999
[rows 60 to 79 of 100, columns 46 to 91 of 150]
951.796447753906 952.9619140625 944.651062011719 952.315185546875 954.205078125 955.204956054688 957.027954101562 955.960021972656 951.532531738281 953.723449707031 957.935852050781 958.998352050781 965.097351074219 962.85009765625 962.421752929688 965.222351074219 963.979125976562 963.473205566406 962.113708496094 955.668701171875 962.483459472656 965.047790527344 964.058837890625 961.827819824219 970.52734375 964.804382324219 962.152465820312 967.153198242188 965.614990234375 961.299987792969 969.14697265625 965.390930175781 968.687072753906 969.72216796875 978.544677734375 973.854553222656 970.096618652344 974.369384765625 972.032043457031 974.047790527344 967.939208984375 970.636901855469 983.970275878906 983.122436523438 984.110412597656 974.488098144531
953.892272949219 954.753845214844 955.702514648438 952.955200195312 954.246276855469 953.375122070312 959.496337890625 957.119812011719 961.60986328125 960.4013671875 954.902893066406 955.044616699219 966.186279296875 970.340026855469 968.684509277344 960.817749023438 962.816833496094 969.77734375 967.462097167969 963.76708984375 972.794128417969 971.381103515625 970.469665527344 968.668579101562 972.036010742188 974.54150390625 970.081970214844 966.435302734375 972.556823730469 963.011840820312 962.184753417969 961.819091796875 972.2919921875 966.089660644531 976.330993652344 978.332946777344 974.765502929688 977.384582519531 972.666137695312 969.403991699219 969.978332519531 975.225158691406 978.224731445312 973.954040527344 976.604064941406 973.222106933594
948.68505859375 952.897155761719 952.321228027344 957.374694824219 955.540588378906 955.816955566406 952.705627441406 953.658386230469 960.247924804688 955.391906738281 958.550598144531 958.45849609375 965.747375488281 965.4443359375 964.825012207031 959.0576171875 962.666442871094 966.482299804688 964.124328613281 961.417846679688 968.610107421875 965.344909667969 964.06591796875 969.672790527344 973.3125 972.50732421875 958.421508789062 969.502685546875 967.136291503906 967.623596191406 958.686218261719 958.40380859375 965.571899414062 970.361328125 976.257568359375 978.895568847656 977.63525390625 986.088562011719 980.225952148438 981.993713378906 975.820434570312 974.901123046875 980.81591796875 972.58544921875 969.149597167969 964.566223144531
950.964904785156 953.62109375 960.279724121094 948.480407714844 956.6162109375 957.825927734375 960.875244140625 967.769348144531 957.466125488281 961.171203613281 962.301696777344 959.009765625 964.535522460938 966.151672363281 964.966125488281 969.938537597656 965.406860351562 965.034057617188 963.280212402344 971.404479980469 965.348327636719 967.696105957031 962.030456542969 963.643859863281 964.694946289062 965.479064941406 960.193908691406 968.92138671875 962.580749511719 974.739196777344 969.264404296875 967.685852050781 968.055541992188 973.584045410156 980.482727050781 980.859313964844 985.624694824219 978.468139648438 983.680480957031 981.139953613281 975.439147949219 983.811340332031 978.326904296875 972.145202636719 972.547180175781 968.65283203125
976.268920898438 969.309020996094 964.766235351562 963.020202636719 962.56005859375 961.400756835938 964.337768554688 966.516296386719 972.594421386719 970.311828613281 971.192077636719 963.411376953125 970.124389648438 970.698120117188 963.4267578125 966.173706054688 958.415283203125 963.27685546875 959.458862304688 964.581848144531 965.758422851562 969.069519042969 969.327697753906 966.653503417969 973.879455566406 966.442993164062 968.389953613281 974.328063964844 965.335205078125 972.051635742188 971.046508789062 971.767639160156 970.918151855469 976.41455078125 974.465881347656 982.289978027344 976.325439453125 974.578552246094 981.980590820312 978.823913574219 974.516418457031 975.256164550781 975.733093261719 968.822998046875 975.064880371094 968.400085449219
975.367736816406 975.831726074219 971.046325683594 969.184020996094 967.794372558594 967.436218261719 979.534240722656 967.431762695312 967.046142578125 971.488647460938 969.34228515625 967.199157714844 971.563842773438 975.321655273438 966.859558105469 964.867553710938 966.923950195312 967.09228515625 963.218017578125 958.884155273438 973.067565917969 972.429260253906 973.907409667969 972.678100585938 973.078979492188 977.296264648438 979.070739746094 976.426818847656 971.023315429688 974.270629882812 974.303527832031 972.988708496094 976.950866699219 977.032470703125 975.159484863281 985.911499023438 985.206970214844 977.279296875 971.554443359375 983.55078125 978.033874511719 966.376708984375 965.826049804688 975.001953125 970.593627929688 978.141479492188
971.468566894531 980.698181152344 980.84326171875 982.50439453125 973.970031738281 979.698791503906 974.040161132812 966.356628417969 970.600402832031 973.837463378906 975.673156738281 976.299743652344 977.583129882812 978.948913574219 970.634094238281 974.207946777344 968.416625976562 971.899841308594 982.682067871094 973.474548339844 975.026245117188 974.492553710938 977.29150390625 980.888122558594 980.546203613281 974.954406738281 976.702453613281 978.283630371094 968.381958007812 977.916870117188 976.5732421875 978.320983886719 984.48046875 969.998168945312 980.664916992188 983.801696777344 988.901977539062 987.098876953125 986.202941894531 982.231262207031 968.994445800781 960.227294921875 968.85400390625 979.687683105469 969.674865722656 976.596984863281
980.703796386719 982.640808105469 978.033752441406 969.838012695312 971.640380859375 969.690612792969 968.955810546875 975.079772949219 976.265686035156 970.427124023438 975.072265625 971.4091796875 973.7529296875 978.419067382812 972.3994140625 979.322082519531 972.161926269531 975.280395507812 975.545471191406 968.295715332031 967.617492675781 973.281127929688 979.220458984375 975.486083984375 985.222778320312 974.703796386719 970.375183105469 971.023986816406 970.743225097656 979.352722167969 978.812072753906 972.314086914062 964.30029296875 970.059326171875 973.494995117188 977.173217773438 982.936645507812 982.629028320312 982.065673828125 973.050903320312 971.965698242188 973.953369140625 970.404174804688 984.874267578125 984.0029296875 983.612609863281
985.202087402344 988.998168945312 983.060546875 982.186096191406 979.386352539062 974.627502441406 967.859130859375 972.761291503906 972.742553710938 982.486206054688 983.177917480469 977.639038085938 974.211730957031 974.783264160156 972.451110839844 970.573120117188 984.058410644531 980.189270019531 979.972412109375 971.675170898438 971.301635742188 970.357971191406 976.552917480469 981.910705566406 974.483520507812 975.528991699219 966.416687011719 970.852294921875 978.2021484375 976.256713867188 976.018615722656 971.706604003906 973.380249023438 970.894104003906 975.113830566406 981.071166992188 985.607055664062 975.220825195312 973.149597167969 982.6513671875 979.509521484375 975.939331054688 990.257141113281 985.971008300781 989.608276367188 979.888793945312
977.890075683594 986.737487792969 982.305969238281 985.124694824219 982.593872070312 981.381530761719 981.362976074219 978.287292480469 977.819458007812 982.732177734375 977.713745117188 974.182495117188 967.970886230469 967.762939453125 965.086120605469 971.275390625 975.338500976562 983.985229492188 971.079345703125 969.955688476562 972.905944824219 973.2509765625 979.891967773438 975.438598632812 971.120178222656 974.424621582031 976.946838378906 978.8515625 983.114196777344 985.885070800781 982.394775390625 978.782409667969 975.5654296875 974.357849121094 972.251342773438 977.926574707031 982.099243164062 982.26806640625 983.499206542969 990.406921386719 987.271118164062 979.099365234375 987.451477050781 986.919189453125 981.888427734375 982.482666015625
989.009399414062 990.436218261719 990.92041015625 982.954345703125 991.177368164062 988.046875 989.468139648438 983.960327148438 981.050659179688 973.820068359375 974.159301757812 964.494201660156 972.714294433594 959.521667480469 967.872924804688 965.925048828125 971.029113769531 968.917663574219 974.363098144531 982.985046386719 979.869567871094 972.08984375 974.69580078125 975.983520507812 973.091552734375 971.571655273438 974.687927246094 984.743225097656 985.160461425781 991.667053222656 987.692504882812 988.037963867188 980.326721191406 976.781005859375 978.580078125 980.428161621094 980.899475097656 975.624877929688 984.875061035156 988.794738769531 984.99560546875 985.357604980469 983.9814453125 985.657104492188 976.835815429688 970.909240722656
993.441650390625 996.817626953125 989.526916503906 990.201843261719 992.677734375 997.297546386719 998.071960449219 984.205017089844 977.650756835938 981.515930175781 964.642456054688 965.253356933594 975.720092773438 971.195007324219 963.595397949219 968.387878417969 965.285217285156 969.942626953125 974.079406738281 976.461303710938 972.251159667969 972.013244628906 975.305053710938 974.376220703125 968.337036132812 968.027770996094 978.834350585938 983.140380859375 987.227416992188 997.0009765625 989.009521484375 979.160095214844 982.405883789062 981.506530761719 991.306945800781 987.010986328125 984.290100097656 985.033386230469 980.77587890625 992.857055664062 993.030090332031 994.193115234375 987.140747070312 980.34765625 981.848510742188 988.647155761719
991.432250976562 994.0380859375 996.916870117188 1002.36279296875 1007.63061523438 1001.52124023438 1002.54876708984 992.441772460938 984.437683105469 983.634521484375 974.529663085938 979.106384277344 974.489929199219 976.10986328125 969.483825683594 962.324462890625 961.140747070312 970.327514648438 979.887390136719 985.732421875 982.757080078125 972.531799316406 976.418640136719 975.643859863281 980.179870605469 978.154907226562 982.613830566406 991.459716796875 983.824096679688 986.642639160156 990.642272949219 981.863037109375 990.859130859375 981.873229980469 975.267761230469 975.816162109375 978.211181640625 985.451232910156 983.295715332031 985.51318359375 985.728881835938 983.603393554688 978.97412109375 974.403564453125 981.180358886719 991.223266601562
1001.00036621094 994.876525878906 1001.10736083984 1011.28094482422 1019.05102539062 1015.30413818359 1007.626953125 1002.40844726562 985.871887207031 981.090759277344 981.907104492188 977.994567871094 974.465393066406 976.0625 965.783325195312 965.827270507812 971.462768554688 970.540405273438 975.356201171875 988.124328613281 984.350463867188 984.698059082031 989.0634765625 974.653747558594 985.062255859375 980.847595214844 986.96923828125 993.891906738281 996.4482421875 1000.46716308594 989.55859375 989.877319335938 989.138244628906 988.2216796875 982.254760742188 975.013244628906 966.746276855469 972.652709960938 978.166015625 986.204956054688 983.634094238281 980.312622070312 973.589660644531 971.087463378906 980.363525390625 984.842651367188
1012.47888183594 1000.86157226562 1004.45251464844 1015.88177490234 1011.01214599609 1011.72406005859 1009.47137451172 1000.36285400391 986.793090820312 984.356567382812 980.41650390625 984.683898925781 983.035339355469 984.504699707031 970.071166992188 973.720520019531 974.165710449219 975.675354003906 976.338562011719 992.377197265625 987.080810546875 989.043884277344 983.728942871094 981.860473632812 976.957641601562 987.084350585938 987.369201660156 1004.20977783203 995.086242675781 996.782287597656 998.708251953125 995.820861816406 995.830932617188 997.4580078125 984.450500488281 984.402099609375 968.645751953125 968.854064941406 958.249633789062 979.850708007812 972.775512695312 986.787475585938 981.752868652344 979.453857421875 987.9716796875 990.396118164062
1017.22717285156 1011.95129394531 1013.98852539062 1008.36608886719 1011.99884033203 1010.73822021484 1002.28881835938 1001.74957275391 990.639892578125 993.835754394531 985.039123535156 983.067199707031 982.840576171875 974.883239746094 971.681335449219 976.552062988281 979.398071289062 982.591857910156 983.305297851562 993.92431640625 983.385375976562 987.461059570312 977.34423828125 984.148071289062 979.861877441406 985.355590820312 987.27001953125 991.116577148438 994.383911132812 990.959228515625 996.601135253906 999.705383300781 998.809265136719 991.503295898438 989.850402832031 983.557983398438 973.432861328125 974.557312011719 970.609069824219 973.494567871094 977.116943359375 989.551025390625 991.489318847656 982.213256835938 989.796691894531 986.832763671875
1019.51000976562 1014.20056152344 1016.82232666016 1025.47229003906 1011.02801513672 999.760437011719 998.930480957031 996.687377929688 1001.1474609375 994.618408203125 989.328247070312 988.261169433594 978.341613769531 970.686828613281 974.854919433594 979.280639648438 990.383483886719 976.163940429688 978.429443359375 985.622375488281 982.104370117188 992.927734375 986.814697265625 997.246215820312 986.081726074219 992.519287109375 994.863464355469 994.1142578125 990.112121582031 1001.23992919922 997.742248535156 1000.48059082031 997.659484863281 991.505493164062 999.089660644531 990.008850097656 979.318298339844 981.007507324219 978.481994628906 980.887023925781 991.681274414062 985.157409667969 984.535888671875 990.385314941406 991.284118652344 991.77734375
1022.54284667969 1018.26257324219 1010.34606933594 1006.53088378906 1001.0322265625 1001.28558349609 994.075073242188 994.267333984375 993.126770019531 992.883056640625 986.636596679688 975.04345703125 967.891052246094 971.963317871094 976.302795410156 983.280212402344 981.8076171875 976.697631835938 968.216064453125 970.120666503906 977.50048828125 986.427551269531 997.759033203125 995.856323242188 993.911315917969 995.162231445312 990.390930175781 998.326538085938 1005.80798339844 996.7978515625 998.377136230469 1002.69793701172 1004.71484375 1000.91058349609 1001.19274902344 999.123229980469 995.140441894531 996.874572753906 988.428283691406 987.046936035156 988.355346679688 983.833251953125 986.326904296875 989.157165527344 984.769165039062 977.371948242188
1013.01354980469 1003.59790039062 996.967956542969 1003.69073486328 999.552490234375 993.179138183594 990.915161132812 990.47900390625 984.324401855469 988.75048828125 991.120361328125 977.060424804688 973.786804199219 969.88134765625 973.060852050781 976.549987792969 974.39306640625 971.977661132812 970.973937988281 972.226623535156 982.536743164062 989.370178222656 989.056274414062 993.558227539062 994.459350585938 986.271728515625 994.684387207031 996.942749023438 1003.56433105469 1010.0908203125 1003.78637695312 1006.39611816406 1014.81146240234 1009.19189453125 1003.55334472656 994.977355957031 1007.20709228516 1002.09948730469 1000.80450439453 992.008178710938 986.575561523438 982.075866699219 982.695068359375 983.995239257812 987.795654296875 984.763549804688
1001.80419921875 993.515014648438 992.088989257812 1001.64495849609 998.365173339844 997.655578613281 988.448669433594 993.426574707031 985.813049316406 986.938659667969 988.685424804688 977.817199707031 975.224975585938 972.200866699219 972.804321289062 969.659729003906 969.856811523438 964.734191894531 976.126281738281 979.257141113281 978.714782714844 987.537475585938 982.39501953125 987.067626953125 991.970458984375 988.49072265625 994.251403808594 1004.71423339844 1002.92565917969 1003.30627441406 1010.05065917969 1008.81646728516 1007.61602783203 1006.37329101562 1009.38098144531 1007.37408447266 1002.02270507812 1004.28424072266 1005.04132080078 996.485961914062 992.924438476562 988.993041992188 984.651062011719 992.674133300781 991.438415527344 989.733276367188
