data/zlatibor_dem_simulations/DEMsim79 (1).asc
NCOLS 150
NROWS 100
XLLCORNER 7394249
YLLCORNER 4841999
CELLSIZE 30
NODATA_VALUE -9999
[rows 80 to 99 of 100, columns 92 to 137 of 150]
994.404235839844 1003.87744140625 998.890380859375 998.247009277344 985.892333984375 988.557434082031 992.995849609375 1008.56787109375 998.486022949219 1006.58514404297 1009.57403564453 1014.15997314453 1016.69268798828 1023.88360595703 1030.89575195312 1026.24987792969 1030.25415039062 1028.22766113281 1033.19104003906 1026.40124511719 1032.12329101562 1034.35620117188 1039.02770996094 1037.46166992188 1032.53503417969 1034.90673828125 1030.12451171875 1034.59252929688 1029.3662109375 1024.65954589844 1029.99914550781 1024.59436035156 1030.10498046875 1011.98016357422 1000.47125244141 1001.15484619141 1000.17236328125 1000.04895019531 994.130126953125 988.4091796875 989.139526367188 990.731567382812 983.640991210938 996.385437011719 994.265380859375 996.644409179688
991.485656738281 990.808898925781 992.343078613281 996.367431640625 995.794372558594 995.338806152344 1003.9248046875 1006.52471923828 1011.04644775391 1008.63922119141 1009.55560302734 1005.68334960938 1014.36950683594 1019.68542480469 1032.45141601562 1026.67199707031 1031.53894042969 1031.74438476562 1034.07299804688 1029.53833007812 1028.46203613281 1033.6494140625 1038.28466796875 1035.53479003906 1044.17517089844 1046.26428222656 1034.44970703125 1034.59008789062 1033.37438964844 1030.54541015625 1024.060546875 1020.68017578125 1008.76361083984 1000.17858886719 997.782653808594 995.583190917969 997.46337890625 991.87451171875 997.976745605469 987.024536132812 986.105651855469 987.247985839844 990.747436523438 988.813171386719 1003.34698486328 990.225524902344
992.907836914062 996.964294433594 996.91357421875 1001.88952636719 1005.29290771484 1000.73620605469 1006.16674804688 1005.91186523438 1008.65570068359 1005.15509033203 1004.68286132812 1007.57135009766 1012.12469482422 1020.49664306641 1035.08068847656 1025.61584472656 1031.54064941406 1039.12145996094 1031.53833007812 1034.62341308594 1038.85485839844 1043.25964355469 1045.455078125 1047.56799316406 1038.89135742188 1034.23742675781 1031.77270507812 1032.14611816406 1028.38037109375 1027.89074707031 1028.25109863281 1026.14428710938 1002.12554931641 997.607299804688 987.657775878906 987.095275878906 988.563049316406 987.33154296875 989.802978515625 990.71728515625 992.521362304688 992.51220703125 995.289611816406 997.376098632812 982.497619628906 984.958129882812
986.403015136719 989.140380859375 996.853759765625 1004.05426025391 1002.77178955078 999.735229492188 1007.71691894531 998.640441894531 998.026306152344 1001.03265380859 999.551147460938 1005.39099121094 1009.28002929688 1015.79138183594 1029.3115234375 1042.494140625 1039.00634765625 1038.63049316406 1036.99035644531 1036.38439941406 1050.47998046875 1055.32116699219 1053.19995117188 1058.48022460938 1051.18640136719 1037.74523925781 1040.69360351562 1036.18884277344 1037.78515625 1023.19689941406 1029.18615722656 1020.12622070312 1002.01232910156 988.291748046875 987.850036621094 971.765380859375 977.7900390625 983.09423828125 985.007873535156 991.763427734375 991.136779785156 1001.94842529297 992.892150878906 984.203186035156 987.316223144531 976.062133789062
992.632873535156 1006.77001953125 1001.45153808594 998.107604980469 1000.396484375 999.027038574219 1003.85461425781 997.4150390625 994.862487792969 990.201721191406 1002.37335205078 1008.88500976562 1013.64532470703 1022.56622314453 1027.35949707031 1037.77600097656 1032.69995117188 1042.59826660156 1036.47216796875 1043.14477539062 1055.39636230469 1052.26403808594 1049.49853515625 1051.2861328125 1043.71032714844 1041.83959960938 1043.49597167969 1038.87414550781 1030.5517578125 1027.09802246094 1027.60266113281 1019.21447753906 1009.12750244141 994.003234863281 981.093933105469 979.379943847656 974.0556640625 982.649719238281 988.807739257812 993.522216796875 994.26953125 990.007202148438 989.207580566406 980.972534179688 973.703491210938 978.545349121094
997.788696289062 1004.02813720703 1011.53759765625 1004.36975097656 994.511474609375 991.441162109375 1000.20654296875 1002.47814941406 999.639221191406 1003.83270263672 1002.32775878906 1006.92315673828 1016.16693115234 1026.09802246094 1029.26647949219 1042.16088867188 1043.10485839844 1038.71594238281 1041.26611328125 1051.31726074219 1050.02795410156 1049.92236328125 1051.27551269531 1054.88269042969 1053.2470703125 1046.98083496094 1032.01745605469 1034.65515136719 1033.46997070312 1022.14434814453 1012.794921875 1015.69799804688 1008.57269287109 999.459411621094 989.257873535156 993.452453613281 990.563903808594 990.91845703125 979.271484375 985.861755371094 982.224609375 985.358764648438 987.076721191406 985.825927734375 973.721008300781 976.561401367188
997.262878417969 1009.27227783203 1007.7939453125 1003.51422119141 998.433776855469 995.656005859375 996.359619140625 1009.50543212891 1007.70556640625 1008.51318359375 1005.40905761719 1006.55554199219 1005.61254882812 1020.12408447266 1036.6337890625 1037.65063476562 1053.01208496094 1048.2998046875 1042.57312011719 1047.1279296875 1048.56469726562 1048.68237304688 1059.93737792969 1053.53869628906 1044.67102050781 1043.35974121094 1044.28784179688 1042.36364746094 1032.36071777344 1023.90368652344 1018.9384765625 1013.48388671875 1017.35986328125 1004.84313964844 993.585998535156 996.910888671875 994.781127929688 987.420104980469 975.758911132812 983.501831054688 979.493774414062 977.754699707031 979.957275390625 963.731323242188 957.307983398438 960.974243164062
1002.81817626953 1004.30395507812 1001.49713134766 1007.18823242188 1007.71856689453 1005.34729003906 1007.138671875 1005.76776123047 1018.10968017578 1017.34515380859 1015.69049072266 1014.32568359375 1021.45654296875 1024.42492675781 1029.89233398438 1039.96545410156 1051.34423828125 1046.2900390625 1039.8994140625 1046.26928710938 1058.53051757812 1061.43688964844 1064.48327636719 1060.0625 1056.64404296875 1048.806640625 1044.93225097656 1041.06762695312 1050.69079589844 1032.51025390625 1019.59820556641 1013.9912109375 1013.02844238281 1006.81060791016 1000.04187011719 992.0791015625 997.973266601562 982.008361816406 975.260437011719 974.130920410156 977.258422851562 976.865478515625 967.734619140625 961.942993164062 961.945251464844 960.783020019531
1001.73236083984 1000.59942626953 1004.88238525391 999.145141601562 1012.08288574219 1015.66058349609 1015.99389648438 1015.00170898438 1017.86468505859 1018.84106445312 1022.19891357422 1024.87854003906 1025.0185546875 1019.67138671875 1027.61804199219 1035.07080078125 1037.75 1046.98156738281 1045.58801269531 1049.09521484375 1051.52075195312 1053.79357910156 1054.94738769531 1062.34130859375 1059.19506835938 1057.39721679688 1046.56884765625 1047.41748046875 1049.23840332031 1035.4697265625 1026.61962890625 1022.94262695312 1016.62622070312 1008.80834960938 999.332885742188 997.114135742188 990.937744140625 989.647399902344 983.544799804688 976.720642089844 982.882751464844 971.473083496094 975.35498046875 972.989196777344 962.354248046875 959.900451660156
1002.51623535156 1009.94439697266 1007.58630371094 998.304321289062 1012.22796630859 1007.49798583984 1016.2021484375 1011.87268066406 1012.96600341797 1023.56762695312 1024.96166992188 1023.57568359375 1022.68255615234 1017.11090087891 1017.27661132812 1021.10876464844 1038.48937988281 1045.84423828125 1053.96496582031 1060.64001464844 1059.90014648438 1055.32482910156 1060.11950683594 1053.59680175781 1050.18371582031 1046.09643554688 1046.65747070312 1044.74548339844 1045.46264648438 1042.47644042969 1039.96789550781 1032.34558105469 1018.92535400391 1015.62426757812 1000.40106201172 1003.98815917969 989.105285644531 985.296264648438 975.892639160156 975.015930175781 982.393249511719 977.321533203125 972.414489746094 971.908142089844 968.725158691406 960.344360351562
1004.20251464844 1010.67639160156 1013.19519042969 1008.63415527344 1004.59875488281 1010.21063232422 1015.03271484375 1017.41864013672 1015.50122070312 1022.12573242188 1017.31555175781 1020.73278808594 1023.51062011719 1021.13140869141 1013.72589111328 1016.47424316406 1029.49755859375 1043.21752929688 1045.32421875 1050.23828125 1050.74182128906 1051.29577636719 1051.57495117188 1045.12683105469 1035.62084960938 1036.80603027344 1038.29125976562 1039.89501953125 1045.11975097656 1042.97229003906 1038.36108398438 1030.86047363281 1034.46459960938 1035.25329589844 1017.79479980469 997.774780273438 997.478454589844 989.432983398438 979.434997558594 978.646667480469 986.367004394531 976.138732910156 969.771728515625 972.220153808594 976.706298828125 971.220397949219
1013.99780273438 1012.77105712891 1023.96948242188 1013.40411376953 1003.42944335938 1015.67034912109 1021.46411132812 1019.45544433594 1017.48309326172 1021.50994873047 1028.7841796875 1029.26904296875 1024.63000488281 1025.19714355469 1022.86791992188 1027.39233398438 1031.84375 1044.93713378906 1050.08337402344 1044.37219238281 1046.24426269531 1052.16235351562 1051.70947265625 1044.65234375 1033.61779785156 1041.32177734375 1036.07043457031 1033.982421875 1041.77099609375 1043.58032226562 1035.759765625 1028.47045898438 1035.17626953125 1028.15747070312 1020.15509033203 1005.87554931641 1001.90509033203 992.837219238281 989.719665527344 983.806396484375 982.474182128906 977.711791992188 970.676696777344 964.137329101562 976.472473144531 980.405883789062
1003.75073242188 1016.03961181641 1025.04272460938 1016.96655273438 1014.09112548828 1024.04406738281 1028.41821289062 1029.55029296875 1031.22082519531 1032.12072753906 1032.31884765625 1033.31994628906 1029.7158203125 1030.66650390625 1033.6044921875 1036.92907714844 1039.20397949219 1038.17016601562 1048.029296875 1040.77136230469 1039.96166992188 1045.01110839844 1044.904296875 1042.140625 1038.41540527344 1040.8955078125 1038.77575683594 1040.97534179688 1039.81372070312 1044.37463378906 1034.7353515625 1030.35070800781 1024.9384765625 1021.36248779297 1013.97277832031 998.784729003906 995.361267089844 987.653625488281 993.061218261719 990.122924804688 980.700988769531 980.690673828125 977.650634765625 961.012817382812 970.233520507812 963.978576660156
1008.15026855469 1015.52795410156 1023.35998535156 1020.96234130859 1027.64819335938 1024.82495117188 1020.21087646484 1026.9951171875 1027.98193359375 1037.92492675781 1028.70617675781 1031.47106933594 1034.6796875 1025.52075195312 1035.69689941406 1043.22082519531 1036.03015136719 1034.86779785156 1039.74865722656 1036.61474609375 1035.20849609375 1042.87414550781 1046.60192871094 1046.501953125 1043.05541992188 1040.13403320312 1039.82751464844 1039.03112792969 1043.29345703125 1041.63977050781 1039.06298828125 1027.58081054688 1017.0009765625 1015.32977294922 1004.36981201172 998.020568847656 994.815856933594 986.474548339844 988.624145507812 992.808044433594 985.280822753906 979.432739257812 971.066589355469 964.333557128906 970.123168945312 960.845275878906
1017.25048828125 1024.31665039062 1021.05902099609 1022.625 1035.55310058594 1027.35656738281 1018.50177001953 1020.84576416016 1021.34423828125 1034.93908691406 1028.83947753906 1031.32019042969 1033.39245605469 1034.33813476562 1040.60339355469 1036.1015625 1032.89111328125 1031.38330078125 1023.58850097656 1031.97924804688 1033.68823242188 1031.14782714844 1044.59350585938 1041.35815429688 1043.06030273438 1036.86181640625 1034.33959960938 1038.78247070312 1042.66833496094 1033.08569335938 1033.14147949219 1024.19702148438 1021.83978271484 1015.75073242188 1005.46917724609 996.443603515625 986.824035644531 983.434692382812 982.455810546875 979.913269042969 977.160339355469 966.30126953125 967.868713378906 964.744506835938 962.814758300781 957.564392089844
1017.97534179688 1021.15325927734 1021.69689941406 1022.52886962891 1024.77575683594 1031.7138671875 1020.57409667969 1015.93994140625 1019.30657958984 1035.26794433594 1028.06616210938 1020.4287109375 1029.91552734375 1031.81396484375 1034.26611328125 1020.28991699219 1028.11096191406 1030.49426269531 1028.83410644531 1023.66485595703 1032.41711425781 1036.60217285156 1036.63647460938 1039.86413574219 1036.93103027344 1039.15258789062 1041.28649902344 1036.15576171875 1043.37268066406 1043.40478515625 1033.93151855469 1027.18994140625 1021.38073730469 1016.44226074219 1008.65899658203 998.129821777344 982.554992675781 985.056640625 970.955505371094 969.104187011719 965.719543457031 970.285888671875 966.960510253906 964.608947753906 959.479736328125 949.332824707031
1024.18737792969 1026.14086914062 1026.49267578125 1030.54187011719 1035.63806152344 1030.24853515625 1027.37976074219 1016.50451660156 1026.80773925781 1029.54162597656 1025.92736816406 1018.77862548828 1015.01348876953 1025.96020507812 1015.96942138672 1020.92749023438 1022.08361816406 1020.19970703125 1020.55639648438 1027.62780761719 1031.74633789062 1029.54528808594 1033.92150878906 1034.4921875 1029.78515625 1039.02673339844 1033.92248535156 1038.93774414062 1049.27221679688 1039.84790039062 1031.87561035156 1019.54425048828 1017.20819091797 1014.86901855469 1013.30297851562 1001.73138427734 986.202880859375 990.861145019531 978.044738769531 970.728637695312 968.906188964844 970.880065917969 962.446960449219 964.634582519531 959.423156738281 956.922790527344
1020.90301513672 1030.72875976562 1036.21398925781 1037.67126464844 1035.32482910156 1034.60205078125 1037.65466308594 1030.18896484375 1039.80932617188 1023.99060058594 1021.609375 1015.818359375 1017.06762695312 1016.91247558594 1027.75598144531 1027.2666015625 1023.82409667969 1019.68341064453 1028.38671875 1033.67431640625 1035.94860839844 1030.31457519531 1028.74829101562 1026.64819335938 1034.84387207031 1028.77404785156 1027.47973632812 1034.42248535156 1039.03820800781 1026.31555175781 1023.43212890625 1010.71368408203 1012.11712646484 1016.45208740234 1019.79400634766 1015.26477050781 1007.91229248047 992.423889160156 991.203063964844 977.195861816406 970.851684570312 968.041259765625 961.421630859375 964.480712890625 965.899658203125 965.014099121094
1024.2646484375 1022.04864501953 1028.36779785156 1031.35571289062 1034.41638183594 1039.41149902344 1039.9638671875 1043.26318359375 1031.45275878906 1025.23352050781 1025.16625976562 1020.79229736328 1028.05346679688 1021.41027832031 1022.64660644531 1021.86968994141 1024.56604003906 1018.822265625 1023.78588867188 1023.7392578125 1031.87182617188 1030.23706054688 1025.51916503906 1029.82556152344 1027.9404296875 1025.82116699219 1020.74096679688 1022.19799804688 1030.33483886719 1021.99066162109 1012.67144775391 1011.11688232422 1010.87164306641 1013.35668945312 1020.52795410156 1018.09753417969 994.275390625 999.145202636719 992.565551757812 978.201721191406 970.9931640625 963.309631347656 962.089660644531 958.897888183594 972.023254394531 970.699768066406
1021.01165771484 1018.21234130859 1021.07153320312 1020.85076904297 1033.47314453125 1036.25769042969 1039.34143066406 1046.63500976562 1043.95971679688 1031.61145019531 1030.63354492188 1019.11224365234 1017.43109130859 1025.75866699219 1032.55639648438 1019.95623779297 1008.39361572266 1015.20397949219 1023.525390625 1022.62969970703 1020.52899169922 1035.57666015625 1025.51403808594 1028.08813476562 1021.66558837891 1018.35998535156 1020.23388671875 1029.11645507812 1015.23400878906 1022.98095703125 1017.99139404297 1016.18267822266 1008.78125 1012.96472167969 1015.66900634766 1012.11370849609 999.1142578125 1000.01776123047 987.191467285156 973.017700195312 962.918395996094 968.253051757812 967.961303710938 961.833923339844 976.097900390625 965.014953613281
