data/zlatibor_dem_simulations/DEMsim72.asc
NCOLS 150
NROWS 100
XLLCORNER 7394249
YLLCORNER 4841999
CELLSIZE 30
NODATA_VALUE -9999
[rows 40 to 59 of 100, columns 46 to 91 of 150]
980.503112792969 984.121459960938 984.230834960938 976.846313476562 986.182922363281 974.463134765625 977.456726074219 980.225463867188 973.548034667969 973.271606445312 970.683166503906 972.998596191406 978.181213378906 975.004821777344 965.417724609375 961.409301757812 965.847778320312 970.386779785156 968.226684570312 980.656555175781 984.724792480469 968.142211914062 948.005065917969 953.626586914062 950.4033203125 959.379699707031 963.380859375 967.312683105469 973.624267578125 987.159301757812 983.767761230469 986.783996582031 984.519897460938 988.306396484375 993.083679199219 985.692260742188 993.98388671875 993.762145996094 998.700073242188 996.846252441406 992.786376953125 991.543518066406 989.179321289062 984.642944335938 986.024353027344 990.947814941406
978.065734863281 974.094360351562 977.309692382812 979.007629394531 980.499267578125 971.322082519531 976.014770507812 979.677551269531 968.942565917969 969.367736816406 972.998962402344 968.155029296875 973.61669921875 968.682739257812 959.790832519531 969.85205078125 971.205078125 972.220947265625 973.852600097656 977.701538085938 977.630737304688 966.437744140625 956.846496582031 950.069519042969 942.814086914062 955.427368164062 965.848571777344 963.918273925781 976.822204589844 984.588073730469 984.485656738281 980.497192382812 978.678466796875 983.681640625 985.7373046875 985.978637695312 993.955078125 986.378295898438 991.91259765625 1001.60729980469 998.427062988281 986.386596679688 992.664428710938 991.16650390625 990.181030273438 993.446228027344
966.430908203125 976.957946777344 978.526550292969 977.113037109375 976.742797851562 975.360900878906 977.179321289062 968.295288085938 970.414611816406 966.623229980469 961.080505371094 963.670104980469 968.03662109375 964.541381835938 969.804870605469 980.0478515625 981.280334472656 978.327880859375 979.421142578125 984.63330078125 988.105529785156 977.651306152344 960.073791503906 952.728576660156 961.95654296875 957.304077148438 968.3515625 970.077880859375 972.88916015625 969.663330078125 980.128234863281 985.509460449219 988.104187011719 980.112609863281 977.564697265625 986.310852050781 988.253051757812 990.901733398438 998.616516113281 993.213256835938 988.783081054688 990.739929199219 988.096923828125 988.82177734375 983.582275390625 990.360595703125
963.503845214844 975.584777832031 977.907836914062 973.074035644531 974.539306640625 981.312438964844 963.566955566406 969.542297363281 970.748779296875 963.609191894531 956.976196289062 962.711547851562 971.016479492188 970.69970703125 976.273803710938 981.12890625 984.008728027344 974.176025390625 980.452392578125 981.675964355469 979.536071777344 971.844421386719 970.821960449219 962.107666015625 965.706359863281 970.536315917969 966.47412109375 970.039733886719 961.43798828125 970.019958496094 970.915954589844 977.3994140625 976.680480957031 973.975219726562 977.67333984375 984.787475585938 983.724243164062 986.092346191406 986.346252441406 979.701354980469 982.897644042969 984.169555664062 981.067626953125 982.0166015625 985.934936523438 983.942138671875
963.6552734375 973.010620117188 977.309326171875 977.393920898438 981.282958984375 966.81640625 965.792785644531 964.435668945312 966.589172363281 971.85498046875 978.857849121094 980.384704589844 974.319580078125 972.704528808594 981.086853027344 987.398803710938 980.562927246094 975.260192871094 974.121704101562 976.722351074219 977.845458984375 965.362731933594 973.395446777344 973.15869140625 972.560852050781 969.121032714844 964.871520996094 963.765869140625 971.120544433594 972.154602050781 971.47705078125 981.491455078125 981.206481933594 979.015991210938 969.446105957031 966.877319335938 973.540710449219 986.567993164062 985.576171875 978.445190429688 980.223083496094 984.075927734375 981.557373046875 979.264038085938 987.351745605469 985.117858886719
963.179626464844 968.365783691406 975.131042480469 966.508728027344 973.212524414062 972.504211425781 970.745178222656 967.797058105469 964.586059570312 976.418640136719 978.490661621094 979.400817871094 974.290344238281 966.799621582031 979.959899902344 973.259460449219 975.91552734375 974.843322753906 972.685485839844 980.732604980469 976.563903808594 974.369384765625 975.772521972656 976.364318847656 976.925231933594 964.735290527344 960.732971191406 961.293701171875 964.972106933594 977.603149414062 973.435363769531 971.79931640625 974.357482910156 979.34326171875 979.513427734375 968.11083984375 972.519287109375 978.623657226562 983.66552734375 984.634582519531 979.398559570312 965.56787109375 974.644775390625 977.771850585938 975.810852050781 974.932800292969
974.617065429688 970.535217285156 968.013977050781 961.2412109375 968.727416992188 957.652160644531 963.275512695312 958.913940429688 969.771667480469 974.205017089844 972.317504882812 972.266784667969 963.379333496094 970.082702636719 965.902099609375 966.087280273438 974.117248535156 971.571411132812 976.382019042969 980.329284667969 972.413513183594 976.296936035156 974.506286621094 975.676635742188 963.7529296875 958.866516113281 967.660217285156 960.018676757812 977.327392578125 971.561828613281 971.927978515625 968.768432617188 977.544921875 970.349975585938 974.237060546875 980.277954101562 975.268310546875 981.124938964844 980.967834472656 985.532775878906 971.622131347656 968.600341796875 973.567260742188 976.031555175781 974.644226074219 975.808166503906
965.17333984375 974.43359375 968.668090820312 964.323120117188 963.600402832031 964.426940917969 965.199584960938 960.144714355469 972.920104980469 972.075744628906 974.146057128906 970.037841796875 971.617065429688 965.921569824219 960.208251953125 963.740783691406 973.330017089844 975.458923339844 970.612609863281 970.503967285156 979.155517578125 983.484680175781 973.670288085938 963.819030761719 967.206665039062 960.002014160156 970.127075195312 977.046630859375 980.248168945312 968.496826171875 967.525634765625 974.5087890625 969.975341796875 964.547973632812 965.579650878906 975.114562988281 974.004760742188 972.079956054688 976.697937011719 975.666076660156 970.674072265625 971.74072265625 963.686828613281 966.732238769531 960.400024414062 963.42724609375
971.567077636719 976.733947753906 975.478759765625 970.912414550781 969.133728027344 958.877502441406 960.941528320312 958.927612304688 972.037292480469 973.984130859375 970.63427734375 964.737915039062 963.836364746094 958.323974609375 954.528015136719 963.992126464844 975.820739746094 975.931701660156 958.045837402344 965.127258300781 967.844177246094 971.287414550781 968.123718261719 965.825439453125 963.128601074219 964.037475585938 969.738647460938 971.369873046875 980.239990234375 975.278686523438 955.784606933594 960.388366699219 967.051696777344 963.158874511719 964.396667480469 966.4697265625 970.4619140625 968.493408203125 966.1884765625 968.33837890625 975.584289550781 977.54296875 967.416137695312 979.466003417969 977.359619140625 961.654907226562
968.984313964844 971.956970214844 974.082458496094 975.547424316406 968.939575195312 957.101135253906 952.283203125 959.320129394531 969.737915039062 973.002197265625 964.544555664062 962.331176757812 954.20068359375 954.2646484375 943.396118164062 954.832214355469 966.283752441406 971.552795410156 965.786254882812 968.738098144531 973.065368652344 975.014465332031 967.359436035156 970.498107910156 969.307678222656 956.155090332031 967.596496582031 983.104125976562 977.665649414062 971.099975585938 962.501953125 962.818969726562 963.71484375 965.411376953125 969.372741699219 968.606201171875 965.846008300781 972.979248046875 969.82373046875 968.975830078125 957.897888183594 964.193054199219 966.4443359375 972.648803710938 975.327697753906 968.097412109375
969.882507324219 977.650329589844 971.838256835938 979.136352539062 969.453002929688 964.718078613281 959.78125 960.391845703125 963.463806152344 965.956237792969 960.197570800781 958.412658691406 949.531127929688 944.9951171875 946.539733886719 950.71435546875 961.474304199219 971.17236328125 972.637756347656 967.276428222656 963.457885742188 966.696105957031 967.673461914062 963.680297851562 962.690246582031 961.060546875 964.205810546875 974.512268066406 973.458068847656 966.592102050781 962.380737304688 964.379821777344 960.333923339844 960.985046386719 955.867736816406 969.42724609375 964.480773925781 970.513916015625 974.25146484375 982.824523925781 967.984680175781 971.306274414062 970.168212890625 973.351135253906 972.897766113281 983.021789550781
979.884582519531 972.364074707031 970.126953125 970.951477050781 969.062072753906 956.857482910156 957.939514160156 962.5615234375 963.477600097656 960.640686035156 947.976806640625 952.563232421875 946.176574707031 945.291076660156 944.070129394531 945.183959960938 957.805541992188 960.884582519531 968.476745605469 971.875732421875 968.998291015625 969.41748046875 964.697814941406 961.525024414062 956.682434082031 960.813537597656 967.799499511719 967.592956542969 979.944458007812 970.505065917969 964.454528808594 970.924926757812 959.795532226562 960.472961425781 963.503845214844 970.8994140625 967.631408691406 971.163269042969 975.308227539062 974.471496582031 978.269165039062 974.95703125 978.293823242188 975.747741699219 981.929504394531 968.1484375
980.87548828125 975.872375488281 972.473754882812 967.721252441406 963.76953125 962.076843261719 952.868347167969 963.730773925781 965.001159667969 948.646057128906 948.908996582031 951.577209472656 943.950927734375 943.243896484375 944.144287109375 955.726623535156 957.451782226562 966.75732421875 955.756591796875 965.96142578125 963.348571777344 966.542053222656 963.614685058594 964.199829101562 962.10986328125 967.76708984375 969.508056640625 979.216430664062 981.388122558594 968.746826171875 967.281372070312 965.781005859375 961.141540527344 961.986083984375 962.560974121094 969.334289550781 966.224060058594 961.239196777344 963.704956054688 978.207824707031 977.635009765625 970.178039550781 968.356201171875 971.77978515625 981.573303222656 971.787048339844
969.140380859375 965.868469238281 966.984313964844 965.415893554688 966.705078125 958.908447265625 952.587524414062 956.138427734375 955.775451660156 950.634765625 949.023681640625 948.960021972656 944.4775390625 951.299987792969 956.983337402344 956.740783691406 958.671081542969 951.055725097656 959.797424316406 969.777587890625 964.273559570312 961.957153320312 954.294494628906 952.806579589844 957.013122558594 968.049438476562 965.90283203125 972.973937988281 973.971374511719 964.270446777344 965.579833984375 964.110900878906 957.347778320312 960.307983398438 964.406311035156 970.173767089844 963.586059570312 958.510803222656 964.268737792969 972.836975097656 966.560791015625 964.171203613281 971.526184082031 974.482421875 980.254272460938 973.494873046875
957.134582519531 967.013061523438 966.436584472656 962.928039550781 969.799743652344 958.611511230469 948.035034179688 944.7119140625 950.763549804688 945.899658203125 959.069091796875 953.862548828125 951.999633789062 957.018371582031 953.012634277344 956.715454101562 959.123779296875 958.589660644531 954.663269042969 963.013671875 956.09814453125 955.874084472656 952.123413085938 955.456665039062 958.541870117188 958.168395996094 954.773071289062 963.085388183594 961.540893554688 963.173828125 962.857482910156 963.123474121094 961.21337890625 968.876159667969 973.141662597656 967.240600585938 967.952453613281 961.034729003906 958.405944824219 958.681701660156 957.237731933594 965.489562988281 972.166320800781 970.779296875 971.906555175781 970.800903320312
960.832580566406 960.627807617188 953.633850097656 946.224426269531 955.940368652344 948.203735351562 942.29052734375 937.542907714844 944.025695800781 950.52490234375 954.508056640625 958.699951171875 950.878173828125 958.968383789062 957.04345703125 954.220703125 965.509582519531 959.922607421875 958.343872070312 953.6953125 954.277526855469 949.292663574219 948.859313964844 954.650207519531 950.544372558594 951.626037597656 950.370971679688 951.403686523438 952.973449707031 957.619689941406 962.705017089844 963.254638671875 964.443176269531 959.313903808594 966.174499511719 975.818908691406 977.73486328125 962.065002441406 957.491821289062 957.173828125 964.972961425781 959.325073242188 966.921569824219 976.844482421875 969.208801269531 970.821350097656
953.805969238281 952.708312988281 947.872253417969 954.762817382812 940.31005859375 949.682678222656 948.06201171875 951.196411132812 947.051635742188 948.360290527344 960.244018554688 952.878967285156 959.775634765625 959.352722167969 957.901245117188 963.986999511719 963.115234375 959.127685546875 950.833435058594 961.672546386719 955.238342285156 958.78857421875 954.0791015625 957.415405273438 949.331420898438 951.706787109375 953.151000976562 950.941772460938 955.295471191406 957.80126953125 962.349975585938 962.480651855469 962.964111328125 958.733032226562 962.603393554688 969.298645019531 980.813415527344 976.508483886719 965.783752441406 960.441162109375 965.704772949219 960.416137695312 970.254272460938 966.723693847656 964.73486328125 973.019104003906
938.737426757812 947.291748046875 946.477355957031 947.916625976562 948.2724609375 955.542114257812 952.270385742188 949.604919433594 941.795288085938 942.551696777344 950.943359375 951.975402832031 962.40869140625 957.001708984375 963.613098144531 964.292907714844 960.957763671875 968.550231933594 962.451965332031 955.485778808594 956.540710449219 961.485473632812 965.589599609375 962.524536132812 963.72998046875 954.569946289062 956.986511230469 962.154357910156 964.705139160156 963.251708984375 966.855407714844 960.584777832031 962.971374511719 967.280090332031 959.753601074219 971.336547851562 966.844543457031 978.284240722656 971.495544433594 962.474487304688 963.1787109375 965.732055664062 973.9599609375 968.451599121094 959.306457519531 966.020935058594
938.851379394531 941.320434570312 952.319885253906 954.67333984375 957.855346679688 950.087036132812 946.306335449219 948.100952148438 944.896179199219 952.885314941406 948.249755859375 951.998168945312 961.612915039062 961.998352050781 958.205871582031 960.948791503906 963.472290039062 957.009094238281 951.500610351562 950.644165039062 953.679809570312 962.483520507812 963.555603027344 964.467407226562 959.761779785156 956.623291015625 956.707763671875 964.079956054688 962.520812988281 965.755676269531 968.215148925781 967.272583007812 962.527160644531 963.3173828125 965.023071289062 965.489501953125 970.46337890625 967.183227539062 969.508972167969 974.475952148438 968.666931152344 963.628662109375 966.611572265625 966.509399414062 961.554443359375 962.317932128906
934.078796386719 942.577453613281 942.515808105469 956.227966308594 961.721496582031 954.487915039062 952.283386230469 943.320495605469 942.773071289062 947.281677246094 955.949035644531 960.69189453125 962.105590820312 969.053283691406 960.733337402344 965.17919921875 966.886291503906 960.669555664062 954.9521484375 954.349243164062 961.222351074219 958.541259765625 959.618835449219 959.148254394531 968.799926757812 966.590759277344 957.253051757812 963.082092285156 974.643432617188 970.577758789062 964.958374023438 974.938903808594 965.543884277344 958.848693847656 960.579833984375 961.759155273438 969.374877929688 967.834777832031 981.807739257812 976.433166503906 967.072998046875 968.777893066406 966.687927246094 964.194885253906 957.414306640625 953.47900390625
