data/zlatibor_dem_simulations/DEMsim41.asc
NCOLS 150
NROWS 100
XLLCORNER 7394249
YLLCORNER 4841999
CELLSIZE 30
NODATA_VALUE -9999
[rows 60 to 79 of 100, columns 92 to 137 of 150]
967.762573242188 974.254150390625 978.057739257812 975.874450683594 976.444274902344 986.261108398438 980.130798339844 989.52978515625 989.052307128906 985.485473632812 983.564208984375 973.386291503906 975.622863769531 981.043029785156 985.811828613281 984.439758300781 993.269348144531 978.888732910156 980.721374511719 981.300964355469 985.280700683594 990.436340332031 997.828857421875 1000.06768798828 1007.91027832031 1004.90057373047 997.65625 993.574157714844 1000.83489990234 999.680419921875 1011.53375244141 1016.93768310547 1017.09295654297 1021.65740966797 1029.05688476562 1022.65032958984 1027.72473144531 1031.77856445312 1037.18371582031 1041.94348144531 1038.55407714844 1043.97485351562 1061.3046875 1062.07702636719 1068.58728027344 1068.59362792969
968.726867675781 967.140930175781 984.196594238281 979.119995117188 977.371704101562 982.001831054688 977.857543945312 985.826416015625 985.076843261719 986.153198242188 985.256164550781 982.954528808594 985.524536132812 989.703796386719 997.2470703125 990.426635742188 992.934265136719 981.199401855469 980.585510253906 982.400634765625 984.819580078125 997.080261230469 1007.53588867188 1005.92712402344 1007.28625488281 1001.94201660156 990.360107421875 996.254638671875 991.483154296875 1008.34051513672 1021.11962890625 1020.55938720703 1021.84600830078 1016.23840332031 1021.60729980469 1024.87683105469 1027.70446777344 1034.28393554688 1036.34716796875 1041.53015136719 1044.21789550781 1048.45703125 1059.27856445312 1064.35559082031 1063.33129882812 1067.06921386719
973.309753417969 974.324340820312 970.257202148438 973.513061523438 988.26416015625 986.011596679688 979.701354980469 971.981323242188 986.119079589844 981.065734863281 981.94921875 991.293334960938 986.766235351562 995.4365234375 1001.21612548828 995.76318359375 1001.76409912109 990.1953125 984.08447265625 983.988525390625 992.677368164062 994.955017089844 1008.38067626953 1012.51025390625 1012.427734375 1001.68310546875 987.980773925781 994.6865234375 995.106201171875 1005.73303222656 1011.92559814453 1016.75677490234 1025.63903808594 1018.58996582031 1028.12756347656 1031.09387207031 1029.01184082031 1036.01000976562 1036.46875 1040.1953125 1046.23046875 1046.24377441406 1052.15734863281 1058.71716308594 1056.26342773438 1056.30249023438
969.316772460938 975.894836425781 974.493286132812 976.064514160156 989.648986816406 978.438659667969 979.107055664062 980.829895019531 981.4892578125 978.193603515625 982.065185546875 985.030029296875 992.509826660156 1005.64733886719 1001.71813964844 996.385131835938 1000.03552246094 1012.10162353516 997.113647460938 1002.02368164062 1002.33435058594 1005.99206542969 1012.91632080078 1019.86883544922 1017.79547119141 1015.02947998047 1007.85986328125 996.411499023438 1001.70220947266 1004.69293212891 1008.86419677734 1012.79534912109 1015.83905029297 1020.70349121094 1024.38000488281 1031.40209960938 1024.84985351562 1028.22705078125 1021.94018554688 1024.80102539062 1045.52502441406 1043.04443359375 1052.01806640625 1046.40173339844 1053.13818359375 1056.55432128906
974.034484863281 975.377868652344 977.655212402344 979.474182128906 986.00439453125 977.859497070312 979.814697265625 977.141479492188 978.762756347656 978.819580078125 982.7880859375 989.111206054688 986.852294921875 1000.50524902344 1010.26672363281 1010.1171875 1010.13128662109 1010.55407714844 1004.70300292969 1003.36114501953 1013.88989257812 1015.28625488281 1028.38659667969 1027.94592285156 1027.03674316406 1020.21331787109 1017.32855224609 1001.46868896484 1011.07312011719 1018.36376953125 1015.91882324219 1014.63232421875 1013.51361083984 1016.42694091797 1024.59460449219 1026.07092285156 1023.51751708984 1021.39819335938 1020.77722167969 1026.3818359375 1030.49011230469 1039.66650390625 1042.61206054688 1037.50451660156 1049.84655761719 1050.40612792969
970.412170410156 972.918090820312 976.180847167969 975.363830566406 981.060363769531 981.110412597656 979.0380859375 981.044555664062 986.808166503906 980.611083984375 986.654907226562 984.88427734375 992.847900390625 1011.70294189453 1007.65863037109 1014.32238769531 1008.10864257812 1008.33343505859 1006.23138427734 1019.39593505859 1013.66326904297 1017.39868164062 1029.1982421875 1037.70239257812 1032.89990234375 1031.82397460938 1028.50280761719 1023.12524414062 1025.34985351562 1020.02197265625 1020.31823730469 1026.07775878906 1023.05407714844 1023.26214599609 1023.96228027344 1025.42858886719 1027.08154296875 1025.68994140625 1020.46337890625 1019.22528076172 1023.08483886719 1029.63684082031 1029.91809082031 1029.93493652344 1039.66748046875 1042.03356933594
968.12939453125 970.160095214844 972.430480957031 976.556335449219 979.072265625 979.106811523438 988.546936035156 984.969177246094 990.729858398438 986.189453125 992.900756835938 994.663208007812 994.53271484375 996.9638671875 1011.58422851562 1015.31658935547 1011.89984130859 1013.51678466797 1017.0625 1019.45770263672 1012.85131835938 1019.70935058594 1023.46118164062 1031.01818847656 1035.41430664062 1041.63659667969 1039.1494140625 1040.62463378906 1037.6982421875 1032.84655761719 1026.90051269531 1039.47705078125 1039.11547851562 1036.97924804688 1023.18786621094 1020.09942626953 1023.3134765625 1023.30841064453 1021.09454345703 1016.00469970703 1017.67639160156 1014.21881103516 1021.85260009766 1024.22680664062 1033.44506835938 1031.74267578125
978.118713378906 976.685668945312 978.919982910156 982.085510253906 982.608215332031 983.595703125 992.609191894531 997.883483886719 994.092529296875 993.060791015625 997.822509765625 991.084411621094 993.670654296875 997.604553222656 1013.01721191406 1022.29187011719 1019.26037597656 1016.75341796875 1016.40948486328 1011.64318847656 1013.52990722656 1011.10241699219 1026.9853515625 1026.79772949219 1036.13989257812 1040.03259277344 1042.48107910156 1036.75366210938 1038.50805664062 1042.64794921875 1040.15258789062 1038.37121582031 1042.82214355469 1032.39697265625 1032.41381835938 1022.51495361328 1028.24060058594 1020.17083740234 1017.31750488281 1012.03265380859 1014.33312988281 1015.82727050781 1014.00305175781 1022.40887451172 1020.74017333984 1025.21997070312
977.327270507812 975.885498046875 974.699279785156 991.2412109375 993.843627929688 992.988708496094 1003.125 994.310180664062 995.306396484375 999.544677734375 991.987548828125 1001.40856933594 1003.20098876953 1004.42260742188 1009.90649414062 1010.37976074219 1011.42462158203 1015.62097167969 1022.81433105469 1017.07958984375 1022.73229980469 1024.16882324219 1029.07312011719 1035.55578613281 1036.96215820312 1048.45166015625 1043.00415039062 1043.56066894531 1046.95581054688 1044.45947265625 1045.84252929688 1037.76586914062 1035.35363769531 1029.22692871094 1028.58190917969 1019.10113525391 1016.20446777344 1018.20294189453 1018.97546386719 1008.31274414062 1017.31060791016 1011.00262451172 1015.27111816406 1012.34289550781 1018.69036865234 1014.95300292969
974.318359375 982.303894042969 986.704040527344 988.635192871094 991.904418945312 997.745849609375 996.148010253906 992.2998046875 998.189575195312 999.429870605469 997.138854980469 999.288208007812 1008.13140869141 1001.36920166016 1006.64813232422 1006.71789550781 1005.17535400391 1015.3759765625 1017.78167724609 1010.20611572266 1024.63439941406 1027.64392089844 1030.65942382812 1039.38952636719 1031.61218261719 1040.35217285156 1053.11962890625 1052.7880859375 1047.54821777344 1049.87170410156 1036.83422851562 1030.75500488281 1029.41162109375 1023.54455566406 1031.02416992188 1030.32580566406 1023.58538818359 1007.82495117188 1016.55834960938 1006.72009277344 1008.26153564453 1010.64990234375 1014.08367919922 1017.87841796875 1010.91375732422 1018.90142822266
979.38916015625 984.636474609375 990.595092773438 989.212280273438 993.438354492188 1002.05340576172 998.513916015625 990.531616210938 1005.42712402344 1001.35522460938 1000.67358398438 999.369079589844 1005.94787597656 1013.13641357422 1012.96026611328 1008.97106933594 1014.01239013672 1016.48565673828 1018.97180175781 1019.07452392578 1029.39868164062 1026.45861816406 1034.45324707031 1040.482421875 1042.40515136719 1044.41540527344 1047.27075195312 1044.87768554688 1048.74450683594 1040.23498535156 1040.45288085938 1044.83825683594 1033.14465332031 1030.50598144531 1022.26391601562 1023.57757568359 1026.18615722656 1020.52703857422 1025.16052246094 1021.28283691406 1011.73522949219 1010.26977539062 1020.17565917969 1007.25341796875 1004.49963378906 1004.42065429688
979.769714355469 980.31640625 995.792114257812 993.456115722656 995.854431152344 991.056030273438 993.375366210938 1001.69219970703 1002.52203369141 992.926330566406 995.86376953125 1004.97290039062 1014.79174804688 1014.01196289062 1012.73071289062 1013.86907958984 1020.92712402344 1022.19201660156 1022.64019775391 1017.13629150391 1024.67541503906 1031.263671875 1035.02307128906 1038.75598144531 1033.86181640625 1043.38354492188 1049.33056640625 1046.42456054688 1044.88806152344 1042.38549804688 1037.39501953125 1031.82531738281 1029.84411621094 1025.15148925781 1017.22729492188 1013.26196289062 1021.91375732422 1017.29339599609 1020.50946044922 1019.37188720703 1017.28405761719 1018.27386474609 1018.39984130859 1013.572265625 1013.09167480469 1005.98278808594
977.109252929688 985.107360839844 989.118347167969 989.9189453125 996.863708496094 998.635009765625 996.151916503906 1008.30114746094 996.813232421875 993.802429199219 1002.00537109375 1005.38629150391 1017.92950439453 1017.29217529297 1012.68725585938 1010.57135009766 1023.57373046875 1025.1796875 1019.091796875 1021.79864501953 1019.57183837891 1028.51477050781 1040.46105957031 1034.23767089844 1043.50305175781 1043.228515625 1041.27795410156 1041.02941894531 1044.36535644531 1039.53662109375 1032.97937011719 1024.10266113281 1026.49584960938 1029.65771484375 1015.91754150391 1016.31744384766 1017.6064453125 1022.6162109375 1013.60760498047 1018.45489501953 1021.24169921875 1014.07489013672 1011.44799804688 1012.50915527344 1013.76867675781 1008.93859863281
986.500549316406 990.203247070312 993.160888671875 990.027526855469 993.021362304688 995.995727539062 1004.08288574219 1001.70184326172 996.204772949219 998.346984863281 1006.78277587891 1008.03533935547 1014.11022949219 1019.03234863281 1013.13012695312 1023.92120361328 1024.97839355469 1028.88220214844 1030.52160644531 1018.00335693359 1021.23278808594 1015.42559814453 1018.07922363281 1026.89379882812 1032.59008789062 1026.67590332031 1027.36474609375 1028.197265625 1032.66284179688 1023.91430664062 1023.42779541016 1032.06494140625 1025.650390625 1026.57568359375 1022.62188720703 1012.72711181641 1012.64208984375 1021.68585205078 1013.140625 1019.86798095703 1024.61608886719 1016.51025390625 1012.18902587891 1004.32611083984 1013.01531982422 1013.04644775391
987.928039550781 987.579284667969 996.390563964844 996.318298339844 988.233459472656 997.845642089844 996.000671386719 1005.03363037109 1003.77410888672 999.340698242188 1004.47674560547 1004.89172363281 1014.38336181641 1018.92114257812 1024.73571777344 1026.87341308594 1023.3681640625 1031.86938476562 1024.84191894531 1023.68463134766 1024.14526367188 1018.24609375 1019.66369628906 1019.75500488281 1014.93151855469 1012.67303466797 1018.05871582031 1031.03051757812 1025.853515625 1017.30120849609 1023.35009765625 1027.47204589844 1023.55212402344 1023.33905029297 1013.81378173828 1005.85443115234 1004.86260986328 1011.99896240234 1014.25427246094 1014.5966796875 1013.92669677734 1018.67553710938 1015.81750488281 1011.49426269531 1010.8359375 1011.03881835938
985.928527832031 985.981323242188 991.402038574219 993.881713867188 994.073425292969 995.629150390625 993.66943359375 999.940124511719 999.693054199219 999.814819335938 1005.35522460938 1009.97521972656 1011.95001220703 1031.09094238281 1028.27392578125 1032.14270019531 1019.64617919922 1029.52856445312 1025.47204589844 1032.95861816406 1020.48095703125 1017.63195800781 1020.06072998047 1010.427734375 1009.2275390625 1012.82598876953 1018.18927001953 1035.57788085938 1026.34545898438 1024.79211425781 1028.99572753906 1024.77392578125 1017.56677246094 1021.65972900391 1016.95159912109 1006.69818115234 1007.42553710938 1004.0810546875 1005.50579833984 1008.86938476562 1009.08874511719 1011.9833984375 1012.05230712891 1015.64263916016 1016.44616699219 1009.67230224609
988.008605957031 989.232788085938 989.849731445312 990.868347167969 991.852172851562 997.330993652344 1003.07653808594 1002.70684814453 1003.47674560547 1005.04864501953 1010.29718017578 1015.47149658203 1016.78424072266 1024.0927734375 1030.01342773438 1029.91516113281 1028.4853515625 1023.57073974609 1022.92071533203 1030.35998535156 1026.00891113281 1020.27838134766 1013.21405029297 1017.27484130859 1013.67822265625 1008.98425292969 1021.09796142578 1026.6787109375 1034.8486328125 1030.673828125 1025.63220214844 1027.69091796875 1017.12078857422 1016.71148681641 1020.3623046875 1013.53363037109 1007.82427978516 998.09228515625 1001.09436035156 1003.06115722656 1005.27362060547 1010.52947998047 1014.42083740234 1009.54541015625 1014.42126464844 1000.97235107422
991.314514160156 991.162048339844 988.897094726562 993.903259277344 1001.75109863281 998.010986328125 1004.05950927734 1000.41589355469 999.773803710938 1006.84820556641 1012.80218505859 1016.23815917969 1017.50506591797 1016.63067626953 1031.99926757812 1026.39477539062 1033.99145507812 1030.36376953125 1034.54223632812 1039.08850097656 1030.23059082031 1026.52624511719 1024.13635253906 1025.30981445312 1015.20495605469 1014.75158691406 1026.05590820312 1026.10510253906 1022.27893066406 1021.3857421875 1014.39117431641 1014.05480957031 1008.18579101562 1014.00164794922 1011.68603515625 1012.33984375 1005.36706542969 1001.28436279297 997.16650390625 1000.71990966797 1006.63684082031 1007.99981689453 1011.51831054688 1008.97296142578 1005.84924316406 991.792419433594
989.513549804688 994.057800292969 993.977661132812 998.712036132812 1010.94097900391 1001.73596191406 998.375671386719 1011.00811767578 1014.32482910156 1002.70458984375 1008.18426513672 1015.0673828125 1018.78033447266 1018.87445068359 1026.41418457031 1027.10705566406 1041.076171875 1033.80187988281 1027.36096191406 1041.78625488281 1033.86926269531 1033.10363769531 1037.984375 1034.89575195312 1024.55505371094 1020.56677246094 1026.46630859375 1023.81011962891 1012.05200195312 1008.63397216797 1006.46936035156 998.734130859375 1002.28857421875 1007.04888916016 1004.49761962891 1017.89965820312 1005.41247558594 1009.20227050781 1000.74285888672 995.502868652344 1001.63488769531 1010.68707275391 1010.17779541016 1002.73388671875 999.717834472656 998.781311035156
978.471252441406 994.486511230469 992.586181640625 996.72509765625 1003.0205078125 1000.55401611328 1001.54815673828 1005.88708496094 1006.63916015625 1006.24047851562 1009.36633300781 1015.13177490234 1026.07763671875 1028.41662597656 1024.98547363281 1025.44519042969 1035.26025390625 1031.50891113281 1033.70935058594 1032.69592285156 1037.2001953125 1036.50769042969 1035.96105957031 1033.53210449219 1029.39111328125 1026.25561523438 1019.95935058594 1020.41235351562 1006.54144287109 1007.21765136719 1002.10198974609 994.534362792969 994.746887207031 995.957397460938 1001.70391845703 1010.775390625 1004.71997070312 1005.80413818359 1007.19183349609 999.239440917969 996.926696777344 1002.15557861328 1002.23760986328 997.730651855469 995.281372070312 1000.73022460938
