data/zlatibor_dem_simulations/DEMsim70 (1).asc
NCOLS 150
NROWS 100
XLLCORNER 7394249
YLLCORNER 4841999
CELLSIZE 30
NODATA_VALUE -9999
[rows 0 to 19 of 100, columns 46 to 91 of 150]
980.341674804688 967.128051757812 963.141235351562 960.039733886719 960.510986328125 960.1328125 950.77734375 945.524719238281 940.930236816406 936.353820800781 932.654968261719 926.770202636719 922.625793457031 922.321594238281 922.300903320312 928.354431152344 930.125244140625 933.752258300781 926.84765625 917.575256347656 910.297912597656 909.22705078125 914.921569824219 920.412536621094 934.566040039062 941.415222167969 952.341918945312 961.419067382812 966.9423828125 974.931701660156 970.239440917969 979.942810058594 974.524047851562 982.448364257812 981.92138671875 984.239562988281 978.008483886719 972.910766601562 962.218994140625 967.910827636719 954.946350097656 946.466796875 941.735961914062 930.961730957031 932.471130371094 924.297180175781
985.60888671875 980.160034179688 963.376159667969 962.329956054688 956.797180175781 957.349853515625 950.316589355469 944.79638671875 947.852478027344 934.615600585938 933.464599609375 929.175659179688 929.109741210938 924.725341796875 922.832336425781 934.081665039062 939.155822753906 931.802734375 930.222106933594 920.948059082031 915.198364257812 907.284606933594 914.896179199219 920.251892089844 933.0654296875 948.234191894531 952.431213378906 963.647888183594 972.28857421875 973.807861328125 976.959350585938 985.016906738281 990.79052734375 990.362365722656 988.808044433594 991.007751464844 982.380065917969 974.126892089844 974.045471191406 971.642883300781 968.071899414062 964.206909179688 954.3095703125 928.255249023438 930.498046875 928.241638183594
987.100830078125 979.4521484375 966.334045410156 971.208129882812 961.933532714844 953.66943359375 945.916259765625 944.778503417969 945.947692871094 935.879699707031 935.00390625 936.815490722656 943.573547363281 935.295349121094 934.608764648438 951.146606445312 948.365783691406 939.992370605469 934.04296875 935.980529785156 935.679382324219 920.209289550781 927.45556640625 937.707763671875 938.210205078125 938.276306152344 953.260986328125 963.030212402344 969.5966796875 977.373718261719 980.653991699219 990.599304199219 993.066650390625 985.463500976562 987.551208496094 995.928161621094 993.155639648438 989.174743652344 982.894287109375 980.625427246094 962.680908203125 958.269897460938 949.185424804688 942.575073242188 927.848815917969 932.829711914062
982.845947265625 981.584594726562 973.447387695312 966.707458496094 967.079895019531 959.491088867188 953.142333984375 946.531799316406 953.279113769531 948.427612304688 945.533630371094 943.845153808594 952.98486328125 956.171813964844 951.651794433594 944.870422363281 950.149353027344 943.67431640625 943.807861328125 946.240478515625 943.409301757812 934.415161132812 939.085571289062 946.263244628906 950.450622558594 959.682495117188 965.6357421875 975.101867675781 964.1376953125 974.275695800781 979.073791503906 991.549499511719 1003.07806396484 990.924072265625 997.614013671875 1000.81994628906 990.355163574219 975.854553222656 978.608520507812 968.893432617188 958.604553222656 955.211486816406 953.296813964844 942.569580078125 934.117919921875 928.537353515625
993.667785644531 980.855224609375 979.440307617188 975.950866699219 967.311584472656 966.628051757812 956.530090332031 957.624084472656 960.72265625 952.241149902344 950.5634765625 953.968627929688 962.857971191406 965.57373046875 970.442504882812 960.692749023438 954.854614257812 957.737548828125 949.452575683594 949.162719726562 946.115295410156 938.169677734375 942.794738769531 944.955139160156 955.002502441406 967.203308105469 962.209350585938 959.078308105469 969.930725097656 977.328247070312 984.736999511719 996.795104980469 999.561401367188 997.542663574219 1009.18939208984 1009.03588867188 1004.60949707031 989.683349609375 981.834228515625 967.688415527344 947.367004394531 947.615417480469 943.05712890625 939.842041015625 923.351501464844 923.096313476562
1000.92907714844 990.040283203125 976.787170410156 983.869079589844 980.780700683594 979.73388671875 968.424133300781 968.104858398438 967.873413085938 964.999450683594 965.734680175781 963.541625976562 964.849792480469 969.152099609375 974.641662597656 976.138244628906 969.965393066406 966.928649902344 961.9453125 960.655578613281 957.076293945312 953.362182617188 950.118713378906 946.570739746094 957.828186035156 966.659423828125 960.558227539062 962.276000976562 973.546630859375 987.070434570312 989.447326660156 994.354125976562 994.774108886719 1009.26489257812 1014.96002197266 1014.10815429688 1005.27069091797 992.979675292969 984.143676757812 958.950622558594 944.250671386719 931.830261230469 941.739440917969 938.2705078125 923.910522460938 922.113647460938
1007.56060791016 991.084594726562 984.441711425781 990.762084960938 991.965698242188 987.594604492188 981.280395507812 973.868469238281 989.174377441406 983.970947265625 976.129760742188 973.411743164062 978.313110351562 974.722351074219 979.203369140625 983.870666503906 977.6611328125 972.503173828125 970.119689941406 968.703002929688 979.732238769531 974.463562011719 967.759216308594 960.665344238281 973.001953125 966.1982421875 961.083557128906 959.209167480469 967.664794921875 983.228881835938 991.945190429688 1002.66174316406 1009.10095214844 1013.587890625 1009.24127197266 1016.76763916016 1005.39044189453 983.128540039062 974.355651855469 956.467224121094 939.280212402344 946.447692871094 936.904357910156 938.834655761719 928.236755371094 918.569030761719
1008.36297607422 999.763427734375 994.430419921875 990.241882324219 994.728515625 996.246704101562 991.535949707031 995.619018554688 997.9619140625 994.199645996094 994.20166015625 994.152893066406 990.171508789062 992.203674316406 990.26708984375 996.694213867188 986.803833007812 981.350280761719 984.258728027344 984.011535644531 982.189025878906 979.31591796875 972.821350097656 972.061645507812 973.0927734375 968.867492675781 969.225158691406 973.411926269531 971.389892578125 984.584777832031 999.170776367188 1006.24591064453 1019.49871826172 1023.45220947266 1020.53344726562 1016.3095703125 995.574768066406 985.419921875 969.480834960938 950.133728027344 945.379516601562 941.506958007812 944.412475585938 941.894470214844 930.481872558594 922.746826171875
1009.17303466797 999.359130859375 997.048767089844 998.931701660156 1002.10803222656 1004.6142578125 1000.69134521484 1003.23840332031 1009.00622558594 1008.68786621094 1004.01965332031 1007.73303222656 991.358581542969 997.495788574219 999.257080078125 998.709838867188 996.658264160156 990.588134765625 995.833374023438 994.860778808594 989.744201660156 979.577575683594 977.071350097656 968.898010253906 974.568969726562 969.047668457031 973.52587890625 978.048461914062 979.912353515625 991.818786621094 1006.96588134766 1018.87872314453 1032.6181640625 1032.38488769531 1015.05926513672 1011.45806884766 997.56396484375 978.728759765625 976.057312011719 966.68994140625 956.127868652344 962.892150878906 939.379333496094 933.465270996094 935.633850097656 929.378845214844
1009.37963867188 1005.35052490234 1001.42468261719 1009.33648681641 1016.10174560547 1012.14294433594 1006.0849609375 1012.15014648438 1020.73980712891 1016.51281738281 1026.49633789062 1019.62731933594 1013.38446044922 1013.10656738281 1001.23156738281 996.493591308594 997.792053222656 994.881225585938 995.727722167969 1000.36596679688 997.922668457031 986.092712402344 983.0498046875 977.266052246094 983.863830566406 975.437438964844 984.099487304688 986.975708007812 995.467041015625 998.478637695312 1011.92639160156 1019.40338134766 1034.73742675781 1029.66870117188 1026.72998046875 1016.22076416016 1000.63452148438 982.035766601562 980.516967773438 972.965515136719 966.841918945312 958.168762207031 936.371826171875 933.549133300781 926.113037109375 921.842407226562
1009.17498779297 1010.76452636719 1011.38568115234 1003.44445800781 1013.84155273438 1007.77691650391 1000.58428955078 1014.02783203125 1020.93225097656 1024.92578125 1030.95104980469 1026.91076660156 1021.58959960938 1015.27819824219 1007.33410644531 996.241577148438 996.999755859375 998.538024902344 994.559692382812 998.176879882812 1008.21984863281 993.401550292969 988.249938964844 993.586791992188 986.465148925781 985.972717285156 994.967346191406 1000.62371826172 998.856872558594 1011.134765625 1016.48132324219 1015.24926757812 1027.61975097656 1023.88305664062 1018.25952148438 1014.06799316406 996.670654296875 984.081359863281 981.346435546875 975.835205078125 972.045715332031 964.57958984375 953.284057617188 947.947631835938 939.429138183594 933.462585449219
1016.55145263672 1012.71051025391 1010.63903808594 1009.89404296875 1004.94207763672 1005.18615722656 1006.58978271484 1005.09979248047 1014.74365234375 1022.74957275391 1029.85070800781 1034.65942382812 1031.0673828125 1021.58538818359 1014.52111816406 1003.39093017578 1005.66424560547 1005.42010498047 1002.43707275391 1002.31762695312 997.995056152344 1005.33953857422 1003.28948974609 997.039001464844 992.434631347656 987.153564453125 987.325439453125 994.8916015625 1010.46850585938 1017.29156494141 1016.11206054688 1024.41430664062 1024.59387207031 1026.02209472656 1023.66955566406 1016.56927490234 998.978759765625 989.368774414062 989.016296386719 983.272338867188 970.971984863281 964.894592285156 963.918334960938 950.699096679688 942.942016601562 939.463806152344
1017.08386230469 1017.81982421875 1009.53668212891 1006.47265625 1004.82220458984 1008.28491210938 1014.33276367188 1011.87652587891 1010.49084472656 1019.3525390625 1021.35168457031 1020.79370117188 1028.13806152344 1025.0341796875 1024.37084960938 1015.5029296875 1017.13171386719 1009.96087646484 997.177856445312 1002.10272216797 1010.68536376953 1013.20135498047 1010.00061035156 1008.1962890625 1004.03765869141 993.797729492188 994.334899902344 1002.74658203125 1003.10125732422 1019.54187011719 1022.81665039062 1030.17822265625 1031.72717285156 1024.61328125 1026.5390625 1012.02966308594 1017.07507324219 995.245483398438 990.909545898438 991.712280273438 977.050537109375 965.246520996094 959.994750976562 957.322998046875 947.781372070312 938.887390136719
1011.65411376953 1022.46673583984 1011.75390625 1006.287109375 1018.66931152344 1013.69763183594 1011.11785888672 1010.61309814453 1008.49822998047 1019.87164306641 1020.71917724609 1019.62548828125 1025.14782714844 1021.83666992188 1021.41918945312 1005.74798583984 1010.65148925781 1011.70379638672 1010.59686279297 1005.98071289062 1004.388671875 1014.84631347656 1003.16241455078 1008.84008789062 1005.38708496094 993.243286132812 986.502136230469 997.585144042969 1008.87060546875 1028.23693847656 1029.16955566406 1038.45092773438 1039.83569335938 1031.5537109375 1028.13879394531 1020.70184326172 1013.78198242188 1010.44714355469 1001.06127929688 997.116455078125 987.143310546875 970.724182128906 965.067016601562 959.191589355469 947.419677734375 939.485961914062
1024.47326660156 1020.3466796875 1020.30828857422 1016.76422119141 1015.90441894531 1018.92980957031 1010.70037841797 1010.52911376953 1008.94958496094 1002.83587646484 1004.97442626953 1013.89526367188 1026.50122070312 1017.83404541016 1016.87103271484 1011.6328125 1015.02398681641 1016.51263427734 1013.71228027344 1013.11273193359 1008.27673339844 1007.93511962891 1006.99786376953 1003.12664794922 995.669860839844 995.91650390625 990.836669921875 995.208862304688 1010.85174560547 1028.51110839844 1029.16931152344 1023.14715576172 1034.91772460938 1035.99230957031 1032.42797851562 1028.966796875 1023.17584228516 1008.90222167969 1004.13238525391 993.5439453125 984.589599609375 980.731262207031 970.103210449219 961.468078613281 949.936096191406 936.960571289062
1017.58624267578 1021.05914306641 1018.83312988281 1011.82159423828 1019.5498046875 1017.39404296875 1008.583984375 1002.64874267578 1004.92034912109 1010.53460693359 1013.57788085938 1009.32684326172 1009.25445556641 1008.92449951172 1014.79956054688 1018.26861572266 1020.138671875 1021.69360351562 1021.23431396484 1015.85034179688 1005.12573242188 999.229187011719 1008.20092773438 1006.63482666016 998.78955078125 994.644775390625 994.431213378906 1001.01977539062 1012.09143066406 1016.38153076172 1016.45971679688 1018.65991210938 1024.92932128906 1032.28698730469 1027.01647949219 1032.34521484375 1022.78619384766 1017.66345214844 1016.17718505859 999.829833984375 988.395324707031 976.450622558594 971.532287597656 971.405639648438 957.008605957031 944.065979003906
1024.04797363281 1019.60363769531 1025.84509277344 1021.03784179688 1014.98315429688 1010.37536621094 1003.37799072266 998.649047851562 1004.25311279297 1008.84619140625 1012.60327148438 1008.87512207031 1007.17529296875 1006.41418457031 1017.35522460938 1026.17077636719 1025.53955078125 1019.88653564453 1021.53063964844 1019.82562255859 1012.68200683594 1002.45092773438 1013.42071533203 1014.69396972656 1011.74554443359 1001.29498291016 1011.4140625 1011.38330078125 1015.34216308594 1020.60974121094 1018.95318603516 1014.56011962891 1013.98394775391 1022.69738769531 1024.62109375 1025.16296386719 1026.95678710938 1029.59448242188 1019.74194335938 1000.85467529297 988.641784667969 979.366088867188 972.824035644531 964.830322265625 964.770080566406 954.148254394531
1015.55279541016 1019.01354980469 1024.76635742188 1009.9208984375 1004.83734130859 1001.53436279297 1000.33361816406 1003.19195556641 1006.10198974609 1001.08178710938 1008.58746337891 997.047546386719 1004.29858398438 1008.41473388672 1011.30157470703 1017.35607910156 1026.82678222656 1022.07403564453 1027.20654296875 1023.86944580078 1020.96887207031 1017.04406738281 1019.15625 1018.87268066406 1024.90502929688 1018.4033203125 1008.39697265625 1006.29418945312 1005.31848144531 1015.11273193359 1017.88189697266 1013.55627441406 1020.41394042969 1016.48315429688 1024.73059082031 1015.76776123047 1018.61248779297 1014.68646240234 1004.29058837891 993.413452148438 985.965515136719 983.39599609375 980.477233886719 973.668212890625 971.825561523438 965.792663574219
1010.31970214844 1015.75299072266 1009.19665527344 1000.51416015625 1001.3720703125 995.288330078125 990.139465332031 997.25048828125 1005.46813964844 999.395263671875 1014.78759765625 1012.18103027344 1018.22375488281 1024.54895019531 1020.34973144531 1024.29553222656 1018.24884033203 1023.38415527344 1029.17041015625 1029.11486816406 1019.06109619141 1016.76422119141 1018.35797119141 1025.26623535156 1020.31683349609 1026.66003417969 1022.02868652344 1014.67327880859 1011.93109130859 1010.32318115234 1008.64068603516 1018.66741943359 1012.55737304688 1012.98846435547 1019.61804199219 1018.224609375 1013.73083496094 1012.66668701172 1003.66088867188 1007.20574951172 998.897338867188 988.973571777344 976.611572265625 976.547729492188 974.185974121094 977.611633300781
1016.17553710938 1009.20397949219 1003.46472167969 995.854309082031 999.1171875 996.109313964844 992.2548828125 999.632263183594 994.893249511719 1000.90020751953 1015.17340087891 1012.95556640625 1020.64703369141 1030.54760742188 1033.67065429688 1029.4609375 1024.77868652344 1024.04321289062 1020.822265625 1027.7275390625 1024.77722167969 1025.92590332031 1030.32934570312 1026.30480957031 1021.525390625 1025.60864257812 1024.73522949219 1012.97222900391 1008.25805664062 1007.59790039062 1001.10260009766 1002.31390380859 1010.19281005859 1007.44696044922 1014.17535400391 1019.35827636719 1008.54144287109 1007.87170410156 1007.27502441406 1006.70806884766 999.560241699219 997.309692382812 987.466613769531 976.363525390625 986.732299804688 986.171020507812
