data/zlatibor_dem_simulations/DEMsim73.asc
NCOLS 150
NROWS 100
XLLCORNER 7394249
YLLCORNER 4841999
CELLSIZE 30
NODATA_VALUE -9999
[rows 60 to 79 of 100, columns 92 to 137 of 150]
953.48681640625 963.013305664062 977.470947265625 974.44384765625 973.931884765625 975.416137695312 967.156005859375 986.223266601562 977.680908203125 985.432312011719 980.751770019531 981.931396484375 983.619140625 982.393493652344 983.105773925781 982.577697753906 989.81884765625 993.744018554688 989.841064453125 998.013610839844 1002.59112548828 1013.05377197266 1013.61590576172 1013.43914794922 1000.103515625 991.088745117188 998.378356933594 1002.31304931641 1000.49157714844 1009.73834228516 1009.61462402344 1011.20397949219 1024.85827636719 1019.28979492188 1033.39233398438 1042.283203125 1048.83520507812 1059.98864746094 1061.0068359375 1066.95861816406 1069.41821289062 1057.3046875 1057.77380371094 1066.62463378906 1069.1865234375 1065.66772460938
961.979858398438 961.856872558594 970.494323730469 972.19140625 977.065673828125 981.653442382812 966.24755859375 971.000854492188 976.0439453125 983.935485839844 980.327209472656 980.545166015625 975.411437988281 985.919128417969 990.597961425781 990.815734863281 988.774658203125 995.413513183594 993.908081054688 1002.89666748047 1012.85406494141 1022.00439453125 1024.72888183594 1014.40411376953 1006.08697509766 1000.40020751953 1006.10174560547 1006.01080322266 1002.94476318359 1005.12365722656 1006.09606933594 1005.70776367188 1018.49066162109 1018.96911621094 1027.99194335938 1036.87390136719 1047.71398925781 1055.63391113281 1055.51708984375 1061.78540039062 1060.27893066406 1047.18041992188 1054.40673828125 1056.62451171875 1055.02734375 1045.10461425781
978.272277832031 968.233764648438 964.865844726562 969.299011230469 975.002319335938 973.600219726562 979.697937011719 976.049194335938 975.988586425781 973.599426269531 975.946350097656 973.318298339844 979.748291015625 985.604614257812 989.733276367188 988.709716796875 998.478576660156 991.656005859375 994.274536132812 1004.13336181641 1012.45703125 1023.47412109375 1029.25500488281 1018.87945556641 1001.32263183594 1006.1142578125 1010.24591064453 1012.46380615234 1008.05401611328 1002.27087402344 1016.673828125 1011.95489501953 1022.68212890625 1028.52575683594 1031.39282226562 1035.13073730469 1050.81701660156 1053.52429199219 1044.95178222656 1050.39501953125 1052.53625488281 1051.43627929688 1048.06030273438 1046.71545410156 1051.91735839844 1046.7236328125
979.609313964844 968.917541503906 973.999145507812 976.968383789062 979.417114257812 980.915466308594 978.277038574219 975.832397460938 975.230712890625 975.215759277344 986.832153320312 985.127807617188 981.580749511719 984.427001953125 992.546447753906 990.7080078125 995.66943359375 995.741760253906 993.166320800781 1004.68823242188 1021.08489990234 1017.07830810547 1024.23156738281 1028.39880371094 1007.22595214844 1014.54205322266 1008.93737792969 1007.73754882812 1015.80810546875 1012.15533447266 1013.49835205078 1017.72003173828 1026.0771484375 1019.68029785156 1025.76794433594 1022.72802734375 1037.46398925781 1045.45190429688 1043.92321777344 1041.19555664062 1042.11218261719 1054.14208984375 1051.34008789062 1053.34533691406 1049.43212890625 1046.8369140625
977.978515625 982.453186035156 980.988586425781 974.138000488281 982.656433105469 986.87060546875 975.811706542969 974.030395507812 985.293579101562 975.311889648438 978.737487792969 978.624816894531 984.949401855469 983.561157226562 994.865966796875 1001.04803466797 1010.92553710938 1011.33612060547 1012.37640380859 1009.75726318359 1014.658203125 1035.392578125 1029.98681640625 1033.55639648438 1026.89147949219 1021.47241210938 1011.74694824219 1010.06921386719 1027.70434570312 1029.15295410156 1022.52716064453 1030.107421875 1023.04302978516 1017.01385498047 1027.78735351562 1027.3828125 1029.47875976562 1034.40100097656 1034.77062988281 1038.08374023438 1039.11254882812 1039.73547363281 1045.76879882812 1051.67834472656 1053.00952148438 1045.71020507812
978.732788085938 983.798950195312 977.001770019531 972.05419921875 985.959411621094 992.5126953125 989.728515625 989.159973144531 988.075988769531 981.027465820312 978.744201660156 976.01904296875 983.774108886719 995.960327148438 994.238525390625 1005.05462646484 1012.51940917969 1014.18890380859 1014.68774414062 1017.22906494141 1023.66534423828 1023.69067382812 1030.00891113281 1036.84704589844 1032.71728515625 1024.78186035156 1026.32690429688 1024.26647949219 1028.12072753906 1028.27404785156 1029.83801269531 1029.35266113281 1026.20495605469 1018.95294189453 1028.29858398438 1027.89819335938 1029.82666015625 1039.19165039062 1036.52136230469 1040.91455078125 1042.26147460938 1038.78393554688 1050.80749511719 1037.60888671875 1046.58898925781 1036.73876953125
970.409484863281 978.642944335938 983.22900390625 990.009582519531 990.038940429688 989.895324707031 994.645568847656 993.5546875 989.536865234375 984.704711914062 988.042785644531 985.822387695312 999.599914550781 993.625549316406 999.1884765625 1008.11871337891 1021.4296875 1013.07702636719 1014.04968261719 1020.31408691406 1015.38134765625 1022.75665283203 1025.50842285156 1033.05407714844 1031.33471679688 1036.75610351562 1033.84216308594 1031.5107421875 1044.6884765625 1034.55725097656 1028.79919433594 1021.38165283203 1020.15954589844 1016.62652587891 1020.62744140625 1029.02502441406 1030.42602539062 1042.58239746094 1044.76745605469 1041.74011230469 1048.26843261719 1034.921875 1032.96313476562 1039.75573730469 1029.82507324219 1030.62707519531
972.484924316406 977.594116210938 987.907958984375 991.419616699219 993.500122070312 992.762878417969 988.356323242188 992.84765625 988.750854492188 989.0693359375 989.832641601562 987.603088378906 993.681274414062 1004.25109863281 1002.46704101562 1014.08709716797 1008.95483398438 1010.26031494141 1010.04962158203 1020.29382324219 1021.48034667969 1027.02880859375 1031.38818359375 1033.85009765625 1039.99792480469 1047.287109375 1041.35900878906 1042.70031738281 1041.15930175781 1038.74560546875 1030.39660644531 1024.11975097656 1021.74475097656 1021.48443603516 1024.83972167969 1019.03540039062 1028.74035644531 1032.40478515625 1035.06762695312 1031.72277832031 1040.74523925781 1036.64819335938 1040.10522460938 1034.95849609375 1026.44104003906 1026.171875
964.055725097656 970.549682617188 989.396667480469 987.476013183594 990.796020507812 994.907592773438 986.478759765625 996.986022949219 999.160034179688 996.455017089844 993.727172851562 989.194702148438 997.298400878906 994.625 1002.69293212891 1010.43280029297 1005.01690673828 1010.04895019531 1015.93737792969 1019.27374267578 1026.6484375 1031.28686523438 1047.48449707031 1051.046875 1045.01416015625 1048.47705078125 1042.49291992188 1041.0576171875 1047.88659667969 1041.962890625 1037.00903320312 1034.34558105469 1022.79241943359 1020.33453369141 1022.20538330078 1025.92687988281 1030.41955566406 1030.46606445312 1036.14636230469 1034.74230957031 1035.46740722656 1033.46594238281 1033.16943359375 1035.16760253906 1019.78723144531 1026.45227050781
964.581359863281 970.640014648438 980.0693359375 980.275146484375 993.903076171875 986.778564453125 990.018005371094 997.802978515625 1002.22058105469 998.930908203125 1002.46514892578 998.248168945312 997.099548339844 994.977966308594 995.008422851562 1004.25854492188 1006.05352783203 1015.71459960938 1024.74743652344 1029.02172851562 1025.78015136719 1036.78039550781 1041.44812011719 1043.30908203125 1045.17846679688 1048.57568359375 1040.90893554688 1047.56213378906 1055.67175292969 1043.529296875 1034.07421875 1030.71838378906 1020.58563232422 1026.76647949219 1019.95886230469 1019.81658935547 1019.650390625 1016.69268798828 1026.09936523438 1029.38916015625 1036.61474609375 1035.10656738281 1030.03881835938 1021.47576904297 1012.81427001953 1007.51330566406
977.07373046875 979.002380371094 983.732421875 990.204406738281 995.211242675781 991.845703125 998.445678710938 1004.35949707031 1007.92803955078 1002.09362792969 1003.92626953125 991.959411621094 987.157592773438 989.929016113281 988.273376464844 1000.38122558594 1013.45373535156 1023.81579589844 1022.86279296875 1021.28662109375 1025.71997070312 1032.18542480469 1042.70153808594 1043.31420898438 1043.31005859375 1052.01843261719 1053.80102539062 1046.01135253906 1049.25524902344 1048.48315429688 1043.21398925781 1031.71630859375 1017.80438232422 1013.98406982422 1015.37719726562 1018.09576416016 1023.24731445312 1012.07525634766 1020.99340820312 1025.74169921875 1029.28271484375 1024.18115234375 1025.896484375 1025.27270507812 1017.91247558594 1012.41418457031
984.409484863281 986.756774902344 994.510620117188 989.413146972656 991.345458984375 991.1845703125 986.515808105469 997.059753417969 995.24267578125 996.822326660156 1005.37493896484 991.311340332031 987.939453125 989.921142578125 992.76806640625 1003.52691650391 1012.21734619141 1021.18572998047 1010.06768798828 1012.87554931641 1026.36767578125 1032.52111816406 1035.04260253906 1035.69482421875 1036.54431152344 1039.95703125 1041.79187011719 1041.80639648438 1044.82263183594 1037.97692871094 1040.23376464844 1027.9794921875 1020.28094482422 1023.20007324219 1022.31201171875 1017.6123046875 1017.99163818359 1010.77990722656 1019.50927734375 1025.86743164062 1024.79455566406 1021.35070800781 1020.91528320312 1018.36090087891 1015.46978759766 1009.90081787109
988.225769042969 986.042114257812 991.787414550781 987.183410644531 997.124145507812 997.053344726562 993.306335449219 996.8193359375 996.806762695312 998.278686523438 994.177856445312 993.909851074219 995.516845703125 991.441528320312 999.314331054688 1010.41143798828 1020.77673339844 1019.36468505859 1015.32122802734 1011.26617431641 1008.91247558594 1022.90417480469 1030.2685546875 1026.41149902344 1031.47436523438 1036.564453125 1032.5849609375 1031.99353027344 1039.70690917969 1030.65625 1036.037109375 1027.65295410156 1016.96484375 1019.99920654297 1014.13885498047 1007.74102783203 1014.25073242188 1019.61108398438 1027.47680664062 1030.82690429688 1026.728515625 1028.03234863281 1018.36328125 1012.14605712891 1018.27612304688 1000.45629882812
984.825744628906 982.529479980469 989.25732421875 988.285278320312 996.80419921875 997.229370117188 998.070617675781 1002.25408935547 1009.31085205078 994.270446777344 982.754638671875 989.685729980469 994.975952148438 996.494567871094 1001.48309326172 1014.00433349609 1017.2001953125 1006.09454345703 1008.4345703125 1010.03814697266 1015.33422851562 1021.65490722656 1021.93078613281 1027.10510253906 1023.00408935547 1039.4765625 1032.22570800781 1028.77978515625 1028.78845214844 1036.34289550781 1031.71911621094 1027.15673828125 1022.42309570312 1021.40655517578 1019.15008544922 1011.67022705078 1011.90881347656 1015.56787109375 1022.43212890625 1020.85205078125 1027.07153320312 1014.25659179688 1018.00476074219 1012.19927978516 1022.19500732422 1011.78216552734
987.638671875 985.246215820312 987.90087890625 991.623474121094 994.4150390625 999.923889160156 1005.57446289062 1014.95593261719 1013.00604248047 993.804443359375 989.974609375 993.121948242188 996.785949707031 1001.09252929688 1012.40191650391 1012.96881103516 1020.75024414062 1015.98132324219 1004.34490966797 1005.27764892578 1019.26611328125 1023.16577148438 1025.38049316406 1025.02185058594 1020.40234375 1032.78784179688 1033.18005371094 1029.78759765625 1026.24743652344 1022.73791503906 1022.21282958984 1025.08044433594 1019.08355712891 1023.46746826172 1024.7421875 1018.51635742188 1012.66766357422 1013.63726806641 1020.23718261719 1015.49621582031 1014.07006835938 1018.78955078125 1018.54486083984 1018.71899414062 1015.30072021484 1008.46301269531
994.368225097656 987.908325195312 982.778747558594 984.551452636719 986.332397460938 995.82763671875 1007.40740966797 1006.45440673828 1010.84918212891 1002.32104492188 1004.49768066406 1009.23272705078 1004.08923339844 1007.18505859375 1007.70733642578 1010.33905029297 1013.07348632812 1014.21459960938 1019.0634765625 1020.29528808594 1035.49658203125 1028.33520507812 1029.22119140625 1021.68695068359 1021.47332763672 1019.78741455078 1024.28039550781 1024.47399902344 1025.12963867188 1020.90936279297 1022.28137207031 1025.75866699219 1024.77392578125 1019.71502685547 1019.09155273438 1012.77142333984 1008.73254394531 1008.30456542969 1016.30236816406 1014.11383056641 1014.60430908203 1024.66076660156 1018.02618408203 1018.42517089844 1015.80718994141 997.534118652344
990.816467285156 987.200439453125 985.623168945312 981.755493164062 989.064758300781 999.599853515625 1001.63482666016 1000.14306640625 1007.37628173828 1002.28228759766 1002.97924804688 1023.20465087891 1012.58801269531 1005.61895751953 1012.20965576172 1014.91168212891 1014.20196533203 1011.60894775391 1021.08972167969 1025.17700195312 1032.75268554688 1027.69799804688 1029.00817871094 1025.294921875 1015.43194580078 1019.01898193359 1014.95013427734 1016.64794921875 1018.82562255859 1021.62005615234 1023.56628417969 1021.83703613281 1023.50854492188 1019.99682617188 1013.18621826172 1009.41711425781 1008.55462646484 1006.81164550781 1014.32531738281 1012.65649414062 1017.67486572266 1018.27648925781 1018.16961669922 1007.39801025391 1004.39349365234 984.69921875
984.130981445312 989.739990234375 989.606384277344 989.759399414062 986.690612792969 1002.18383789062 1000.57757568359 1003.15014648438 1008.47918701172 1005.16021728516 1006.24725341797 1014.71166992188 1016.50604248047 1017.50592041016 1015.64959716797 1013.76208496094 1010.48980712891 1012.7294921875 1027.13854980469 1029.75024414062 1035.52722167969 1024.90954589844 1029.72912597656 1032.23034667969 1018.23754882812 1020.02227783203 1021.10882568359 1019.31072998047 1023.15631103516 1016.7001953125 1022.49523925781 1023.53265380859 1013.31774902344 1014.29339599609 1011.42431640625 1015.88665771484 998.884094238281 1002.39184570312 1008.86010742188 1009.69061279297 1006.59442138672 1009.66668701172 1011.31604003906 1007.28564453125 997.721984863281 990.030639648438
991.681579589844 987.744140625 981.732116699219 988.304626464844 998.98828125 1002.68280029297 1000.25457763672 1006.50946044922 1014.66943359375 1006.12536621094 1002.42224121094 1016.33502197266 1017.15368652344 1016.70751953125 1007.88696289062 1012.60815429688 1019.83001708984 1019.533203125 1021.62829589844 1026.98291015625 1032.18701171875 1032.33483886719 1033.5400390625 1033.05053710938 1034.8388671875 1024.35925292969 1023.14349365234 1027.76525878906 1010.79644775391 1017.24401855469 1020.89825439453 1013.95104980469 1013.86956787109 1021.14923095703 1011.77258300781 1003.12823486328 1003.91064453125 1006.54376220703 1012.56951904297 1009.76434326172 1006.47869873047 1006.14520263672 1006.79486083984 1004.56610107422 984.218444824219 988.431274414062
987.0869140625 988.973266601562 988.971313476562 993.482421875 999.253051757812 997.869384765625 995.336242675781 1000.79833984375 1009.8505859375 1009.509765625 1009.89190673828 1015.39331054688 1012.12487792969 1006.21099853516 1011.03955078125 1009.95611572266 1015.44458007812 1027.68933105469 1019.12017822266 1030.31335449219 1024.0234375 1044.82434082031 1049.21142578125 1045.88159179688 1037.29064941406 1025.24145507812 1024.6064453125 1020.11437988281 1016.39776611328 1015.56439208984 1006.34057617188 1005.48803710938 1004.5537109375 1005.41333007812 1006.89093017578 1004.90966796875 1001.89825439453 1007.13922119141 1003.11010742188 1010.40191650391 1010.01000976562 1004.79522705078 1003.62121582031 995.980529785156 988.398742675781 985.749145507812
