data/zlatibor_dem_simulations/DEMsim32.asc
NCOLS 150
NROWS 100
XLLCORNER 7394249
YLLCORNER 4841999
CELLSIZE 30
NODATA_VALUE -9999
[rows 0 to 19 of 100, columns 0 to 45 of 150]
1017.99963378906 1013.42169189453 1008.94830322266 1003.20874023438 1001.30493164062 1005.88684082031 1012.38372802734 1013.50329589844 1016.98046875 1017.32672119141 1011.34063720703 1019.14074707031 1014.06134033203 1015.4619140625 1008.69140625 1009.7265625 999.07666015625 1000.33911132812 1011.50061035156 1021.72918701172 1023.96520996094 1023.42138671875 1028.03442382812 1033.09118652344 1032.09912109375 1027.16552734375 1030.27197265625 1033.59521484375 1033.33642578125 1042.921875 1063.73120117188 1053.05529785156 1046.87817382812 1035.05090332031 1027.53747558594 1024.33020019531 1021.59777832031 1014.65863037109 997.568237304688 991.045104980469 985.343811035156 986.740112304688 985.485656738281 987.834106445312 984.232055664062 974.981811523438
1015.8154296875 1011.75128173828 1007.64025878906 1006.39880371094 989.432067871094 1003.0205078125 1003.59436035156 1007.04711914062 1015.67047119141 1012.90496826172 1014.55334472656 1017.52368164062 1016.82104492188 1012.89953613281 1009.23162841797 1010.12347412109 1007.5888671875 1003.17889404297 1013.70709228516 1020.47119140625 1025.54162597656 1026.70947265625 1024.71557617188 1029.77807617188 1031.04113769531 1028.32873535156 1035.67541503906 1040.57836914062 1035.21984863281 1036.2265625 1050.810546875 1045.76940917969 1040.75500488281 1037.19055175781 1024.27062988281 1016.26708984375 1001.78363037109 1003.61010742188 1000.96533203125 1004.28845214844 991.649780273438 996.100036621094 991.659240722656 992.2109375 987.758483886719 980.868713378906
1018.24139404297 1008.46752929688 999.708312988281 1000.52545166016 998.617736816406 994.690124511719 1001.79602050781 1013.21966552734 1021.08087158203 1012.39379882812 1015.1845703125 1013.94140625 1017.69256591797 1016.88012695312 1007.18890380859 1010.59594726562 1006.24029541016 1003.45861816406 1013.06799316406 1022.89593505859 1028.53674316406 1038.3193359375 1040.59423828125 1038.0859375 1035.27062988281 1026.53515625 1022.00720214844 1033.0146484375 1026.13342285156 1034.44165039062 1039.73645019531 1038.0341796875 1044.45703125 1033.23315429688 1021.31774902344 1011.0986328125 1002.09051513672 1013.30676269531 1011.66925048828 1016.19689941406 1005.73803710938 1000.93603515625 999.587463378906 987.959167480469 989.047912597656 984.457763671875
1013.06616210938 1007.16589355469 1009.55603027344 1007.40612792969 992.162475585938 994.533752441406 1003.25085449219 1013.7392578125 1015.19421386719 1008.041015625 1013.31231689453 1016.47552490234 1015.48675537109 1012.47308349609 1011.17254638672 1010.95330810547 1010.52062988281 1009.24859619141 1007.62170410156 1020.84912109375 1031.86328125 1044.72326660156 1044.65502929688 1040.14416503906 1032.6767578125 1016.17327880859 1016.32879638672 1021.54846191406 1018.576171875 1026.40087890625 1033.16320800781 1031.39819335938 1037.70349121094 1036.78002929688 1023.67242431641 1021.45056152344 1016.19030761719 1011.30102539062 1008.89465332031 1014.10467529297 1016.52215576172 1007.23382568359 996.459838867188 996.245056152344 995.998596191406 993.330322265625
1007.4345703125 1011.35705566406 1011.24456787109 1005.59869384766 996.439331054688 1000.1845703125 1006.22479248047 1010.91735839844 1013.11370849609 1021.29913330078 1021.62823486328 1015.79235839844 1012.83923339844 1009.76849365234 1004.29119873047 1012.41467285156 1014.83703613281 1019.83685302734 1019.45422363281 1025.05004882812 1032.77661132812 1046.87023925781 1047.66516113281 1050.46936035156 1032.19812011719 1019.24237060547 1014.69000244141 1017.20501708984 1006.56408691406 1022.00262451172 1030.61413574219 1029.67395019531 1025.78479003906 1030.96350097656 1022.53753662109 1012.39379882812 1011.92779541016 1010.51611328125 1015.64898681641 1011.30328369141 1011.51617431641 1007.46545410156 999.55224609375 999.499938964844 992.649047851562 993.701843261719
1002.52124023438 1005.29144287109 1011.96862792969 1001.74749755859 992.09521484375 998.979614257812 1006.85174560547 1010.07977294922 1012.20159912109 1010.57403564453 1003.08697509766 1010.42535400391 1002.15789794922 997.608337402344 1006.30535888672 1014.56903076172 1026.65808105469 1023.44458007812 1023.56213378906 1023.90679931641 1025.82495117188 1041.14794921875 1033.42333984375 1038.98901367188 1034.35046386719 1021.93255615234 1017.63708496094 1015.92462158203 1014.54467773438 1019.69903564453 1014.40478515625 1024.72448730469 1022.02044677734 1021.80908203125 1027.73742675781 1020.59741210938 1020.31396484375 1022.07873535156 1020.53686523438 1019.90350341797 1010.70202636719 997.765869140625 994.798828125 993.986755371094 996.111633300781 993.912353515625
1006.24884033203 1001.76385498047 1009.47186279297 999.292602539062 986.574829101562 993.122863769531 1006.71240234375 1008.92517089844 1010.3837890625 1004.56384277344 1001.92956542969 996.000732421875 994.782287597656 999.658752441406 1008.25787353516 1017.54211425781 1025.34423828125 1033.53173828125 1022.37432861328 1023.74176025391 1023.22015380859 1025.70947265625 1034.40795898438 1041.20922851562 1039.58862304688 1034.32531738281 1016.04748535156 1011.56945800781 1011.99291992188 1014.81280517578 1006.85339355469 1016.19982910156 1017.78021240234 1019.25952148438 1025.66235351562 1018.92620849609 1019.52862548828 1008.04461669922 1016.85986328125 1024.09350585938 1009.62414550781 1004.04522705078 992.870544433594 1001.3603515625 993.247436523438 999.253845214844
998.142211914062 1000.7724609375 989.768127441406 989.748840332031 998.409912109375 995.84130859375 1002.91192626953 1008.14044189453 1008.18609619141 1010.74548339844 1008.6005859375 995.020935058594 990.469177246094 996.174926757812 1004.42633056641 1011.32220458984 1018.94799804688 1025.6650390625 1025.80859375 1018.27960205078 1027.94738769531 1026.50366210938 1031.3701171875 1031.353515625 1035.00122070312 1027.87084960938 1015.86688232422 1001.08551025391 1007.08288574219 1007.59875488281 1016.14398193359 1024.14306640625 1026.88708496094 1018.9609375 1016.89471435547 1024.63793945312 1028.49377441406 1016.28088378906 1022.1767578125 1011.7177734375 1008.22271728516 1006.61486816406 1001.11492919922 995.728088378906 996.090026855469 997.047973632812
994.130493164062 992.740234375 987.486206054688 985.401000976562 994.858215332031 1003.82586669922 1001.55718994141 996.10107421875 997.616455078125 1005.65380859375 998.1005859375 995.650573730469 992.874389648438 993.585083007812 993.130615234375 997.359008789062 1011.27185058594 1022.83935546875 1021.13916015625 1019.82794189453 1015.92974853516 1020.68548583984 1032.68762207031 1027.85290527344 1024.68273925781 1015.89947509766 1013.76812744141 999.022705078125 997.414672851562 1002.78863525391 1008.99255371094 1015.82281494141 1023.41339111328 1016.27966308594 1015.08825683594 1024.71301269531 1030.61743164062 1020.193359375 1012.02655029297 1014.04528808594 1008.91656494141 1008.37634277344 1004.89562988281 1009.4345703125 1006.56909179688 1006.20721435547
1001.22509765625 995.209899902344 983.590087890625 987.533996582031 991.464294433594 996.829345703125 1000.97814941406 991.355346679688 991.557678222656 997.255798339844 996.940673828125 991.376770019531 992.703186035156 989.58740234375 991.153198242188 1001.06695556641 1010.64990234375 1011.88671875 1014.64245605469 1008.46112060547 1008.1953125 1016.44500732422 1023.52337646484 1021.84564208984 1014.65698242188 1010.01379394531 1005.24047851562 1001.58453369141 996.863952636719 998.904724121094 1014.76843261719 1023.69757080078 1023.068359375 1014.14398193359 1015.21942138672 1012.76293945312 1023.01080322266 1014.55981445312 1010.01196289062 1012.2998046875 1007.42456054688 1010.39617919922 1008.76214599609 1009.03240966797 1013.22564697266 1007.16442871094
996.274475097656 998.808410644531 1005.798828125 995.981262207031 992.080810546875 997.209228515625 994.819702148438 997.453308105469 996.251098632812 999.000732421875 993.959228515625 987.1435546875 984.251770019531 992.72900390625 997.343627929688 1002.51184082031 995.855651855469 1007.98358154297 1009.453125 1007.67272949219 1007.32458496094 1010.18243408203 1013.28234863281 1004.41339111328 1006.51892089844 995.602844238281 999.580627441406 1002.34527587891 996.975891113281 1000.19091796875 1012.75854492188 1022.77301025391 1032.92175292969 1020.14849853516 1009.13330078125 1012.01281738281 1015.80584716797 1020.47375488281 1008.88861083984 1008.24005126953 1003.50823974609 1012.30767822266 1019.37945556641 1017.34301757812 1019.79974365234 1006.74310302734
992.280334472656 994.732116699219 999.695068359375 1003.63232421875 993.844421386719 992.660095214844 1002.51245117188 998.065979003906 993.793212890625 997.450988769531 989.919616699219 979.5107421875 987.013610839844 989.302490234375 998.752624511719 997.133483886719 995.887756347656 1000.31518554688 1007.01525878906 1010.70837402344 1014.52099609375 1010.15588378906 1009.66607666016 1001.99127197266 998.64013671875 992.220886230469 997.321472167969 1003.31719970703 994.523193359375 1008.94543457031 1017.359375 1028.77258300781 1032.10522460938 1021.9736328125 1022.57153320312 1027.1376953125 1025.21826171875 1028.95300292969 1022.37170410156 1013.74951171875 1010.44470214844 1011.77716064453 1015.00732421875 1024.81823730469 1015.65203857422 1009.65441894531
988.146545410156 985.481994628906 999.917297363281 993.490600585938 985.685791015625 985.822509765625 993.765197753906 1002.17144775391 994.370361328125 988.9765625 983.376892089844 974.592529296875 976.271423339844 978.708618164062 994.359130859375 992.289611816406 995.359008789062 1002.37817382812 1007.71862792969 1007.61151123047 1004.91821289062 999.0302734375 999.201721191406 995.3076171875 991.764526367188 994.278381347656 996.77880859375 990.331237792969 995.851013183594 1010.81884765625 1018.93029785156 1026.19055175781 1022.57330322266 1024.75732421875 1030.53149414062 1038.74926757812 1032.35632324219 1032.84973144531 1030.94189453125 1029.27819824219 1025.69506835938 1017.55310058594 1025.11730957031 1018.1982421875 1013.28265380859 1010.94171142578
990.801147460938 983.22265625 989.21875 989.10400390625 981.219360351562 976.999389648438 990.045715332031 994.284606933594 988.400268554688 980.639526367188 980.292541503906 972.848510742188 977.689880371094 983.889892578125 993.131469726562 994.09423828125 1000.80358886719 1000.16259765625 1006.88879394531 999.245056152344 1001.07757568359 994.828308105469 989.407470703125 991.299865722656 984.51904296875 988.10107421875 988.420166015625 995.482543945312 1002.52563476562 1008.32250976562 1015.71362304688 1024.607421875 1025.92565917969 1028.6591796875 1037.58837890625 1039.11743164062 1025.45239257812 1031.2373046875 1036.08520507812 1037.51037597656 1034.08203125 1024.65563964844 1036.2802734375 1029.12182617188 1019.904296875 1014.99475097656
991.012023925781 987.870178222656 986.990417480469 994.093383789062 981.693054199219 983.547241210938 982.211181640625 985.763549804688 984.058410644531 982.3408203125 979.742553710938 974.680053710938 983.282653808594 984.834777832031 988.470275878906 984.152404785156 993.960571289062 992.194702148438 996.076721191406 995.132263183594 993.917785644531 982.681823730469 985.847229003906 984.442749023438 983.455444335938 987.750305175781 993.10986328125 988.01611328125 996.292358398438 1011.48754882812 1011.39727783203 1013.95672607422 1024.87878417969 1022.97857666016 1025.20910644531 1034.41540527344 1031.4921875 1033.90612792969 1036.01428222656 1044.60607910156 1036.54553222656 1039.09350585938 1037.94750976562 1033.80969238281 1022.53894042969 1021.86145019531
985.310913085938 987.648376464844 984.035400390625 991.445617675781 986.827453613281 985.024108886719 996.978820800781 990.310668945312 991.904235839844 984.48974609375 981.753479003906 968.747619628906 976.005859375 980.20068359375 986.299560546875 982.59765625 980.122741699219 982.56494140625 989.029235839844 980.674011230469 968.370849609375 971.764953613281 978.288818359375 980.237426757812 982.3447265625 983.673461914062 993.956481933594 995.182678222656 997.493957519531 1012.80914306641 1023.74462890625 1021.18792724609 1023.94329833984 1030.43505859375 1030.3798828125 1036.61364746094 1034.58642578125 1040.2119140625 1039.21154785156 1038.07165527344 1041.498046875 1032.619140625 1041.70520019531 1033.59057617188 1023.21032714844 1021.60229492188
987.555969238281 980.698913574219 976.803283691406 982.098571777344 983.415344238281 980.539672851562 978.144897460938 984.398620605469 987.44580078125 989.60009765625 979.279602050781 969.397827148438 977.241760253906 977.68896484375 966.088928222656 967.223327636719 975.569030761719 972.266967773438 971.311584472656 970.137023925781 965.137084960938 965.709411621094 971.273864746094 976.013427734375 977.663024902344 983.710510253906 995.379699707031 996.223693847656 1003.83679199219 1008.61737060547 1026.49768066406 1022.94354248047 1027.29638671875 1031.28955078125 1035.70947265625 1044.51049804688 1043.48828125 1043.939453125 1044.32495117188 1045.43566894531 1038.37243652344 1025.58898925781 1033.35095214844 1035.85290527344 1025.02648925781 1026.8310546875
979.391540527344 980.459289550781 974.219482421875 976.8857421875 979.605163574219 977.854858398438 983.577758789062 989.4111328125 986.99951171875 980.968811035156 984.791564941406 972.846008300781 978.054016113281 970.502746582031 963.767517089844 966.296691894531 973.208251953125 971.018310546875 972.268371582031 968.209106445312 961.137023925781 964.140869140625 968.206481933594 976.000244140625 982.108276367188 979.11376953125 985.072814941406 996.056579589844 999.159362792969 1010.87176513672 1013.47253417969 1025.07458496094 1031.20349121094 1044.40515136719 1042.99914550781 1053.02807617188 1057.85693359375 1046.79772949219 1049.05114746094 1049.03356933594 1039.73889160156 1039.00158691406 1031.73571777344 1027.10290527344 1032.86853027344 1020.1005859375
974.546203613281 976.055297851562 969.665954589844 977.290222167969 971.71484375 972.845275878906 982.223083496094 987.756164550781 989.205261230469 985.794006347656 979.016845703125 973.539733886719 964.958557128906 962.96337890625 967.171508789062 967.8291015625 977.109680175781 974.313598632812 974.348327636719 971.886840820312 963.353881835938 973.417785644531 973.830078125 985.810546875 986.528442382812 990.200988769531 988.030578613281 1003.77886962891 1004.87902832031 1009.41119384766 1015.57220458984 1028.57971191406 1028.52770996094 1032.93615722656 1033.03662109375 1049.318359375 1050.41186523438 1050.21752929688 1051.81750488281 1042.53527832031 1044.60888671875 1039.05480957031 1036.14794921875 1028.56469726562 1033.68005371094 1016.39337158203
974.918762207031 972.695129394531 971.860717773438 966.890319824219 968.572998046875 967.905334472656 976.200927734375 977.983825683594 976.637084960938 977.185729980469 971.294677734375 975.288757324219 968.102294921875 961.943420410156 962.257995605469 966.381286621094 966.31005859375 975.257568359375 969.575866699219 971.523193359375 972.707092285156 970.082275390625 975.034240722656 985.075744628906 995.79736328125 1000.24676513672 1002.42248535156 1004.02215576172 1011.65667724609 1013.73815917969 1012.87426757812 1025.21166992188 1024.30517578125 1031.42333984375 1035.65161132812 1039.31286621094 1035.27966308594 1045.68566894531 1043.86743164062 1044.22424316406 1050.06762695312 1043.55822753906 1035.74084472656 1032.21350097656 1030.64086914062 1036.25561523438
