data/zlatibor_dem_simulations/DEMsim7 (1).asc
NCOLS 150
NROWS 100
XLLCORNER 7394249
YLLCORNER 4841999
CELLSIZE 30
NODATA_VALUE -9999
[rows 20 to 39 of 100, columns 92 to 137 of 150]
996.525756835938 998.022399902344 999.091857910156 1001.06909179688 1004.16137695312 1008.16333007812 996.342163085938 1002.01599121094 989.217712402344 996.911804199219 996.75927734375 994.553039550781 994.523864746094 992.812866210938 984.133422851562 985.036987304688 975.068908691406 975.007019042969 967.091003417969 968.0283203125 957.181335449219 951.575256347656 939.894226074219 937.255310058594 931.560363769531 930.764831542969 940.318786621094 950.095886230469 955.148681640625 974.910949707031 991.162719726562 1002.62036132812 1011.79040527344 1019.68756103516 1025.18310546875 1034.31030273438 1026.43090820312 1033.38171386719 1032.08752441406 1038.33923339844 1051.21911621094 1054.00402832031 1054.15991210938 1058.7373046875 1062.16333007812 1059.83129882812
1004.40698242188 1009.57275390625 1010.81799316406 1010.86535644531 1006.98846435547 1007.53491210938 1003.40118408203 1006.84143066406 1002.82305908203 1005.66986083984 998.236450195312 996.768371582031 1005.94525146484 1003.23083496094 992.520690917969 992.49951171875 979.487060546875 973.711608886719 977.9453125 962.387817382812 959.618530273438 954.62744140625 949.644897460938 938.617004394531 935.507385253906 940.659912109375 950.076904296875 955.30517578125 968.531311035156 979.166320800781 991.48046875 1008.26263427734 1018.34967041016 1024.48193359375 1035.0185546875 1036.45764160156 1041.93884277344 1039.08776855469 1044.56103515625 1037.21862792969 1046.02124023438 1056.24597167969 1052.94128417969 1064.13049316406 1054.19091796875 1052.46813964844
1010.49261474609 1016.27764892578 1027.18188476562 1021.39245605469 1019.01666259766 1021.03131103516 1016.91546630859 1015.82678222656 1006.20141601562 1007.03869628906 1002.59979248047 1001.16961669922 1005.49163818359 1004.20709228516 998.171752929688 992.040405273438 982.14990234375 976.540344238281 973.125244140625 977.88232421875 964.002746582031 955.185363769531 946.31787109375 941.45556640625 938.294189453125 954.474426269531 964.081787109375 972.7822265625 985.518615722656 986.711791992188 998.165222167969 1013.28820800781 1023.89959716797 1023.61828613281 1033.89208984375 1032.79724121094 1039.90173339844 1047.21044921875 1047.03137207031 1049.42297363281 1048.85375976562 1048.30603027344 1049.611328125 1048.80004882812 1055.23120117188 1050.48413085938
1012.09802246094 1026.84814453125 1031.64489746094 1026.81982421875 1028.54553222656 1033.98864746094 1019.27374267578 1009.64965820312 1012.21691894531 1004.03491210938 999.58447265625 1006.11407470703 1011.24664306641 1012.31683349609 1005.95349121094 993.906616210938 993.744873046875 973.701721191406 971.34375 966.685913085938 960.608825683594 954.176452636719 943.403259277344 951.596557617188 949.801025390625 956.309326171875 962.099670410156 978.632995605469 994.5625 996.732482910156 1008.93695068359 1016.46203613281 1021.05865478516 1027.60534667969 1040.06262207031 1037.99609375 1040.72058105469 1041.33972167969 1046.83898925781 1056.36682128906 1052.49987792969 1052.86376953125 1053.20910644531 1052.1689453125 1049.57446289062 1052.34765625
1020.49908447266 1026.70349121094 1030.9375 1029.7724609375 1020.95550537109 1021.21075439453 1023.42553710938 1015.81964111328 1016.60540771484 1001.94708251953 1000.34429931641 1004.82098388672 1008.51788330078 1010.69689941406 1007.2373046875 1000.84722900391 994.746826171875 979.351623535156 972.391723632812 962.378051757812 958.413940429688 949.906982421875 943.406494140625 950.919372558594 953.837707519531 960.421875 972.735107421875 988.144897460938 1001.00854492188 1004.02081298828 1002.15942382812 1008.36010742188 1013.04760742188 1022.40093994141 1031.20532226562 1035.15673828125 1041.9560546875 1045.61462402344 1045.66064453125 1051.07983398438 1058.15795898438 1048.02917480469 1045.14624023438 1042.93566894531 1043.916015625 1047.47204589844
1025.65234375 1030.61340332031 1038.20300292969 1031.55383300781 1024.26000976562 1016.70880126953 1020.75250244141 1027.34521484375 1023.4248046875 1009.70068359375 1001.58905029297 1004.55035400391 1002.53564453125 1013.10577392578 1007.88879394531 993.751892089844 991.207641601562 977.25146484375 970.128356933594 954.449951171875 963.154602050781 953.502258300781 943.386352539062 947.425659179688 953.743286132812 964.953186035156 978.421691894531 991.548156738281 995.092712402344 1001.08557128906 1009.56793212891 1018.70654296875 1009.79522705078 1016.92816162109 1023.53784179688 1037.18774414062 1046.21533203125 1039.74047851562 1044.28430175781 1049.51977539062 1052.81323242188 1046.97485351562 1047.87121582031 1034.95727539062 1040.50512695312 1044.11889648438
1021.20635986328 1030.02807617188 1028.91735839844 1028.84838867188 1024.55114746094 1022.03729248047 1019.11303710938 1027.89392089844 1021.25939941406 1016.14453125 1006.60815429688 1001.99096679688 1010.74908447266 1003.20965576172 998.540954589844 995.01220703125 989.897766113281 987.092651367188 972.192687988281 957.365173339844 946.825805664062 939.212341308594 949.543884277344 954.943481445312 961.161987304688 966.184204101562 983.764038085938 993.779235839844 999.587768554688 1007.23425292969 1018.50164794922 1026.26428222656 1021.94256591797 1018.89245605469 1018.68585205078 1042.8203125 1043.4033203125 1038.20007324219 1048.17102050781 1050.244140625 1049.52136230469 1047.494140625 1032.88732910156 1034.20556640625 1038.02294921875 1044.29858398438
1026.81469726562 1023.70910644531 1024.04455566406 1023.40203857422 1014.26715087891 1019.52105712891 1025.41088867188 1022.43334960938 1017.36968994141 1018.19586181641 1006.55871582031 1010.57330322266 1013.36938476562 1004.17834472656 1000.37872314453 992.627502441406 992.216857910156 980.877258300781 967.358276367188 956.312744140625 951.019470214844 947.678466796875 952.812255859375 956.440368652344 965.524047851562 965.762878417969 980.115966796875 992.811584472656 1009.17279052734 1011.69860839844 1018.53051757812 1022.64489746094 1019.84020996094 1021.73077392578 1021.11285400391 1029.62353515625 1033.83312988281 1041.71398925781 1040.02099609375 1043.65783691406 1046.13549804688 1043.91979980469 1038.70239257812 1034.36950683594 1034.17419433594 1041.71203613281
1022.52838134766 1019.07507324219 1023.70837402344 1018.86785888672 1010.37359619141 1011.29858398438 1005.35559082031 1015.39654541016 1011.87921142578 1010.67309570312 1002.65808105469 1007.47784423828 1009.48309326172 1003.27508544922 997.4072265625 991.301391601562 996.239440917969 987.990112304688 982.1298828125 961.256408691406 950.359558105469 950.250854492188 957.138488769531 960.249938964844 965.405700683594 968.231689453125 980.771484375 1003.65893554688 1007.44049072266 1012.06744384766 1022.52819824219 1028.33129882812 1022.57818603516 1023.55963134766 1023.92950439453 1025.35729980469 1027.34289550781 1040.57336425781 1031.78234863281 1037.49658203125 1037.42016601562 1032.0302734375 1031.96862792969 1035.93395996094 1035.39501953125 1029.32897949219
1017.75543212891 1015.49096679688 1017.89959716797 1020.89636230469 1002.95703125 1004.36389160156 998.520690917969 1001.837890625 1003.84692382812 1008.84045410156 1001.93029785156 996.762145996094 988.313720703125 995.548828125 1002.12115478516 993.018920898438 993.141418457031 988.32080078125 980.136596679688 970.2421875 943.885925292969 940.822326660156 941.887451171875 956.2705078125 966.707702636719 977.056518554688 979.366455078125 996.094604492188 1010.15826416016 1005.81323242188 1014.62829589844 1021.08526611328 1024.34155273438 1021.10943603516 1020.79895019531 1025.41064453125 1033.59045410156 1042.89758300781 1036.93603515625 1025.7294921875 1026.97241210938 1026.33447265625 1031.94580078125 1029.47827148438 1034.56469726562 1038.46704101562
1018.09350585938 1019.08892822266 1013.53424072266 1008.66619873047 1006.75354003906 1009.54339599609 997.34228515625 991.635864257812 1002.51348876953 1011.15264892578 1007.95989990234 994.967407226562 988.094055175781 999.8974609375 994.444641113281 995.743957519531 980.955505371094 981.89990234375 974.503295898438 970.568359375 945.346801757812 943.698486328125 948.539184570312 956.008544921875 972.648620605469 975.484497070312 983.045104980469 986.44482421875 997.595703125 1009.34063720703 1014.07122802734 1021.00164794922 1027.19213867188 1026.53076171875 1017.072265625 1019.95275878906 1026.3359375 1040.08166503906 1035.80786132812 1026.64697265625 1020.13690185547 1024.78869628906 1027.7138671875 1028.50537109375 1025.6962890625 1030.17321777344
1021.76477050781 1025.98071289062 1021.86584472656 1019.14331054688 1013.91094970703 1001.88421630859 998.345886230469 997.486389160156 1003.35131835938 1006.43188476562 1008.26928710938 1000.32464599609 1007.31964111328 1006.90667724609 1000.47601318359 988.657409667969 983.429565429688 967.463256835938 965.663452148438 964.605529785156 953.986145019531 945.412841796875 941.177856445312 947.816772460938 960.495727539062 965.678833007812 974.786926269531 982.0107421875 1000.10906982422 1013.83996582031 1014.92962646484 1022.09014892578 1021.91180419922 1023.99957275391 1026.68786621094 1023.69903564453 1028.4541015625 1031.98754882812 1035.35852050781 1022.35174560547 1007.40911865234 1013.47247314453 1023.74810791016 1033.84594726562 1027.74914550781 1032.49426269531
1012.52056884766 1017.78900146484 1019.01080322266 1016.19189453125 1018.18249511719 999.140319824219 996.077697753906 995.4384765625 994.532897949219 1000.04370117188 997.593383789062 1004.83056640625 999.944458007812 996.148803710938 1002.54370117188 1001.64947509766 984.218078613281 970.729614257812 964.974853515625 968.080139160156 955.436096191406 951.378662109375 949.839172363281 958.0712890625 956.413452148438 969.294128417969 966.657592773438 978.747802734375 992.632080078125 1014.73376464844 1010.1240234375 1010.92193603516 1016.65344238281 1018.65667724609 1031.9443359375 1034.78918457031 1026.46728515625 1030.666015625 1027.03088378906 1015.24499511719 1018.78973388672 1011.91961669922 1019.40832519531 1028.3447265625 1028.83251953125 1038.271484375
1018.34741210938 1022.69683837891 1024.27026367188 1017.04388427734 1007.46697998047 1001.92523193359 1004.26934814453 1009.11401367188 1006.97454833984 1003.67596435547 1003.23010253906 1004.00134277344 1001.73870849609 993.835327148438 995.340087890625 996.557495117188 1003.71142578125 980.980895996094 968.987915039062 967.80126953125 959.982116699219 966.074279785156 953.114379882812 959.3818359375 960.092163085938 971.200866699219 981.4775390625 996.046875 995.586486816406 1003.63128662109 997.281494140625 1004.88311767578 1014.86322021484 1021.50677490234 1030.85314941406 1035.66247558594 1029.38525390625 1018.88055419922 1018.71185302734 1014.34332275391 1014.26422119141 1009.97961425781 1011.646484375 1024.28210449219 1020.98266601562 1032.26342773438
1018.35363769531 1024.97717285156 1020.58410644531 1014.30841064453 1000.80139160156 994.744506835938 1002.33471679688 1003.2802734375 1004.06451416016 999.424682617188 1001.44689941406 1007.28948974609 1002.49377441406 1000.25689697266 998.074035644531 994.086547851562 996.161010742188 989.671752929688 978.577209472656 973.595153808594 972.398254394531 969.79833984375 973.784973144531 981.496948242188 981.992858886719 980.944702148438 994.642395019531 999.243835449219 996.180786132812 988.3525390625 1001.94885253906 1010.75280761719 1007.59826660156 1015.68609619141 1026.37512207031 1021.79205322266 1021.77941894531 1022.08233642578 1010.11328125 1003.88391113281 1007.01672363281 1010.8916015625 1016.62884521484 1019.74176025391 1020.05444335938 1017.74816894531
1020.76159667969 1020.44458007812 1017.49304199219 997.273193359375 989.232421875 990.76708984375 1003.29412841797 1007.79815673828 1000.57769775391 996.51220703125 999.443298339844 996.30712890625 995.083862304688 1001.83190917969 995.797790527344 993.832153320312 987.225769042969 987.46044921875 986.911071777344 984.524963378906 981.410278320312 979.11181640625 981.916687011719 988.763488769531 991.630920410156 985.639831542969 997.168518066406 990.851745605469 989.585144042969 987.53955078125 997.147155761719 1005.27856445312 997.947143554688 1015.24188232422 1014.39904785156 1013.33978271484 1013.66253662109 1016.59613037109 1018.08740234375 1006.94396972656 1005.98052978516 1017.72418212891 1019.48248291016 1027.42224121094 1028.52844238281 1032.45385742188
1011.45721435547 1011.12573242188 1006.35968017578 1002.7890625 986.926330566406 987.809326171875 994.832397460938 999.072021484375 1000.17132568359 994.736206054688 989.603088378906 997.170593261719 990.618896484375 996.235595703125 996.592468261719 997.059204101562 999.023376464844 993.003234863281 984.431762695312 994.692810058594 993.785095214844 993.805236816406 996.7646484375 1002.53033447266 996.460998535156 995.723815917969 1000.30676269531 992.812316894531 990.363037109375 990.673034667969 999.396667480469 995.76708984375 995.256713867188 1009.43725585938 1002.86486816406 1007.34399414062 1010.69781494141 1012.29455566406 1012.34777832031 1008.6943359375 1007.02838134766 1014.43078613281 1023.15704345703 1034.95654296875 1028.0185546875 1047.88513183594
1009.88494873047 1012.29156494141 997.382385253906 993.360778808594 993.309814453125 994.41455078125 1001.81268310547 1000.67224121094 1000.9833984375 993.032043457031 990.840576171875 990.279174804688 998.145629882812 996.042602539062 988.788269042969 991.033081054688 993.087463378906 989.169982910156 1001.22723388672 999.548522949219 997.077941894531 997.137268066406 1001.10369873047 1008.18768310547 1001.9267578125 999.447631835938 994.361694335938 996.219787597656 997.680419921875 1002.99267578125 1006.76019287109 1001.6044921875 995.471984863281 999.907592773438 998.160949707031 1006.13732910156 1012.00695800781 1008.57537841797 1011.56384277344 1011.88385009766 1011.97485351562 1017.65856933594 1027.27172851562 1038.26049804688 1039.68823242188 1053.45080566406
1003.12420654297 1006.03649902344 1003.27319335938 1001.88665771484 995.794250488281 1002.02288818359 999.454833984375 988.973999023438 989.593994140625 994.042419433594 990.899291992188 1000.45306396484 1004.90496826172 995.087219238281 993.0654296875 988.760803222656 996.645202636719 988.250671386719 992.160949707031 1000.76348876953 998.346252441406 1004.72503662109 1003.38714599609 1005.90173339844 1001.38500976562 996.330444335938 999.76708984375 1003.85791015625 1004.60852050781 1003.44183349609 1004.42712402344 997.87158203125 993.838012695312 1004.15612792969 1004.72271728516 996.518310546875 1012.17266845703 1013.47180175781 1016.28930664062 1014.92315673828 1026.14331054688 1027.89953613281 1034.01928710938 1038.19494628906 1051.51599121094 1059.80639648438
996.620971679688 998.934875488281 992.881774902344 993.742919921875 997.657287597656 997.354553222656 997.680480957031 987.208312988281 987.284118652344 989.057250976562 990.458679199219 993.795593261719 998.005737304688 996.159912109375 990.212829589844 989.239868164062 1003.3525390625 991.0087890625 993.396911621094 999.050476074219 994.074035644531 1003.39025878906 1001.38000488281 1002.78979492188 991.202392578125 995.014038085938 1002.11541748047 1001.59771728516 1003.19842529297 1007.09588623047 1008.69616699219 995.19873046875 1001.32659912109 993.256103515625 997.804260253906 1002.23431396484 1018.72186279297 1014.56585693359 1014.44158935547 1017.61401367188 1024.97314453125 1036.28161621094 1038.25048828125 1042.30322265625 1052.90954589844 1060.27770996094
