vignettes/DEM/dem30m.asc
ncols 150
nrows 100
xllcorner 7394249
yllcorner 4841999
cellsize 30.00
nodata_value  1174.6
[rows 32 to 63 of 100, columns 71 to 141 of 150]
990.10 989.40 989.50 989.70 989.00 987.70 986.50 985.00 985.00 990.40 994.20 997.90 1002.1 1005.9 1008.9 1010.3 1011.7 1012.4 1013.0 1012.7 1013.4 1014.9 1015.2 1014.9 1013.6 1011.0 1007.8 1006.1 1004.6 1002.6 1000.0 999.10 998.40 998.70 1000.0 998.00 992.40 986.70 981.80 975.70 965.80 953.60 950.90 950.50 957.50 964.40 973.80 980.50 986.60 988.60 993.20 1006.3 1014.1 1020.1 1022.2 1023.6 1024.8 1026.9 1028.0 1026.3 1021.8 1020.0 1025.0 1026.6 1024.0 1021.8 1022.3 1025.0 1027.9 1032.1 1036.4
987.20 986.50 986.70 987.50 987.00 985.70 984.80 985.00 985.00 991.70 995.50 999.00 1002.5 1005.9 1008.5 1009.6 1009.2 1009.6 1010.0 1010.0 1011.2 1012.4 1012.9 1012.6 1011.8 1009.6 1005.8 1003.8 1002.9 1001.5 999.50 996.70 995.90 996.40 997.70 996.90 995.20 991.70 981.60 970.80 965.00 964.30 960.10 956.80 955.00 960.60 967.90 972.00 975.00 983.80 1002.0 1010.2 1016.9 1020.0 1020.0 1020.9 1022.6 1023.7 1024.0 1021.9 1016.0 1020.4 1022.9 1021.0 1018.6 1020.2 1023.1 1027.9 1031.7 1036.6 1042.4
984.10 983.50 984.30 985.30 985.00 983.50 982.10 982.70 986.10 991.60 995.90 999.60 1002.5 1005.2 1006.8 1007.0 1006.5 1006.7 1006.4 1008.3 1009.2 1009.7 1010.7 1010.4 1009.7 1007.6 1004.0 1001.7 1000.8 1000.0 997.80 995.00 994.80 995.00 995.40 995.20 995.20 991.70 981.70 975.30 971.60 978.50 976.60 967.60 966.10 966.80 970.00 974.70 987.20 997.60 1006.0 1012.6 1015.9 1018.5 1018.0 1018.7 1019.3 1019.7 1019.5 1016.8 1015.0 1017.6 1015.1 1015.5 1019.3 1024.1 1029.1 1034.3 1037.5 1040.5 1045.1
981.00 980.50 981.60 982.90 982.70 981.10 980.00 981.90 987.70 992.10 995.90 998.80 1001.5 1003.6 1004.6 1004.3 1004.4 1004.0 1003.6 1005.3 1006.0 1006.6 1008.0 1007.8 1006.2 1005.2 1002.5 999.50 998.40 997.50 995.90 994.50 993.90 994.00 994.50 995.00 995.00 991.20 983.50 980.40 977.20 988.60 990.80 984.90 977.90 980.00 984.80 991.30 998.00 1004.4 1009.7 1014.0 1015.0 1016.0 1015.2 1016.3 1015.6 1014.9 1014.9 1011.5 1011.1 1014.2 1015.0 1019.0 1023.5 1029.7 1034.1 1038.3 1044.2 1048.6 1049.8
978.20 977.90 979.20 980.40 980.50 978.20 980.00 983.70 988.90 992.50 995.40 997.90 999.70 1000.5 1000.7 1001.9 1002.1 1001.2 1000.8 1002.1 1002.8 1003.7 1005.3 1005.3 1003.2 1002.3 1000.6 997.70 995.70 995.00 993.90 992.20 992.40 992.80 993.40 994.00 994.70 991.80 988.80 983.40 984.10 992.90 996.30 995.60 991.30 990.00 993.80 997.70 1003.4 1007.4 1010.3 1012.7 1013.9 1012.8 1011.9 1013.0 1011.5 1009.8 1009.6 1009.2 1010.0 1013.5 1019.6 1024.5 1029.1 1034.6 1039.8 1043.6 1049.1 1054.7 1059.2
975.50 975.20 976.40 977.80 976.90 975.50 979.80 984.50 989.30 992.20 994.50 995.90 996.80 997.20 997.90 999.60 1000.0 998.70 997.80 998.90 999.60 1001.0 1002.7 1001.9 1000.0 999.30 998.00 995.50 993.70 993.20 992.30 990.50 990.30 991.10 991.40 992.70 993.10 992.70 990.70 988.10 991.20 996.50 999.00 998.20 996.60 997.30 999.30 1001.3 1005.1 1008.1 1010.0 1010.7 1011.0 1009.5 1007.9 1007.5 1005.5 1005.3 1009.9 1010.8 1014.3 1018.5 1025.1 1030.0 1034.5 1039.5 1044.2 1048.7 1054.7 1061.3 1069.1
973.60 973.40 974.10 975.10 975.00 975.00 980.30 984.60 988.90 991.60 993.00 993.30 993.60 994.10 996.10 997.70 997.10 995.80 995.00 995.80 997.20 999.30 1000.0 998.80 997.10 996.40 995.20 993.60 991.80 991.30 990.70 990.00 990.00 990.00 990.10 990.70 991.30 991.80 993.00 992.40 993.90 997.20 1000.3 1000.6 999.70 1000.0 1000.4 1002.0 1004.6 1006.6 1007.7 1008.0 1007.1 1005.2 1003.9 1003.0 1005.0 1008.8 1013.8 1015.7 1016.8 1020.7 1028.0 1034.4 1038.6 1043.0 1047.9 1053.5 1060.8 1068.2 1078.7
971.80 971.70 972.20 973.10 973.80 974.60 979.00 983.60 987.20 990.00 990.40 990.00 990.30 991.80 994.20 995.10 994.40 993.20 992.50 993.10 995.20 996.60 997.40 996.20 994.30 993.90 993.00 991.70 990.00 990.00 989.60 988.50 987.90 989.10 990.00 990.30 990.80 991.30 993.00 994.50 995.70 997.60 999.20 999.80 998.50 998.30 999.10 1000.3 1001.9 1003.5 1004.2 1003.8 1002.6 1000.2 1001.5 1004.5 1010.3 1018.0 1022.8 1025.9 1023.2 1023.7 1029.3 1036.4 1042.3 1046.7 1052.0 1060.6 1068.5 1077.1 1087.7
970.00 969.90 970.00 971.20 972.00 973.00 976.40 980.50 983.60 986.10 986.40 986.60 987.80 989.60 991.90 992.70 992.00 991.00 990.20 991.10 992.80 993.80 994.40 993.50 992.60 991.80 990.80 989.60 988.80 988.40 988.00 987.00 985.60 986.60 988.80 990.00 990.20 990.80 992.70 994.50 995.80 996.00 996.60 996.70 996.40 996.20 996.70 997.90 999.10 1000.4 1000.7 1000.3 1000.0 1000.0 1004.9 1013.1 1019.2 1024.8 1029.2 1032.1 1031.5 1026.9 1030.3 1037.4 1044.2 1050.7 1058.8 1067.8 1076.4 1086.5 1095.3
969.50 968.80 969.10 969.60 969.80 970.30 974.30 977.80 979.60 980.70 982.00 984.60 985.20 987.10 989.60 990.10 989.50 988.70 987.20 988.70 990.10 990.80 991.40 991.00 990.40 989.60 988.90 987.80 986.80 986.60 986.50 985.60 984.60 985.00 986.90 988.00 989.00 990.30 991.00 992.30 993.20 993.40 993.40 993.40 993.40 993.60 994.20 995.40 996.60 996.50 996.20 997.70 1000.0 1005.2 1010.3 1017.0 1023.2 1027.9 1031.8 1035.3 1037.3 1036.9 1033.7 1038.0 1046.0 1054.3 1064.6 1073.1 1082.7 1093.0 1103.4
968.80 967.80 968.00 968.40 968.70 969.20 974.20 975.00 975.80 975.80 978.50 981.10 982.50 985.20 987.00 987.20 987.10 986.40 985.00 985.80 987.60 987.80 988.20 988.30 988.00 987.20 987.00 985.80 985.00 985.00 985.00 984.20 983.20 984.20 985.40 985.80 986.20 986.60 987.00 987.60 988.50 989.80 989.20 989.80 990.60 990.70 991.70 992.80 995.00 994.80 994.50 998.80 1006.2 1010.4 1014.2 1017.7 1022.6 1027.7 1032.2 1036.3 1039.3 1042.6 1042.2 1040.0 1045.7 1056.7 1067.7 1077.8 1086.9 1097.4 1109.0
967.60 966.50 967.00 967.30 967.70 969.30 975.90 974.30 973.40 974.70 975.90 977.20 980.20 982.70 983.90 983.90 984.20 983.70 982.50 983.80 984.90 984.90 985.40 985.90 985.90 985.00 985.00 984.60 984.00 983.90 983.60 982.60 981.90 982.20 983.30 984.50 985.00 983.60 984.50 985.00 986.60 989.40 988.30 989.90 990.00 992.30 993.80 994.70 995.00 995.00 996.40 1000.0 1006.0 1011.3 1016.0 1020.7 1024.9 1028.4 1032.3 1036.8 1041.6 1045.9 1049.3 1048.5 1046.5 1058.1 1069.4 1080.9 1090.1 1100.9 1113.1
965.70 965.50 966.00 966.80 968.90 970.10 974.40 971.70 971.20 972.60 973.80 974.70 977.30 979.50 980.20 979.30 980.10 980.60 980.00 981.20 982.50 982.90 984.10 984.80 984.00 984.00 984.00 983.10 982.20 982.20 981.50 980.90 980.70 981.00 981.40 983.60 985.00 984.80 987.00 990.40 992.70 994.90 997.20 998.20 1000.3 1004.4 1006.5 1008.5 1008.4 1006.7 1001.0 1003.4 1005.0 1005.0 1011.4 1018.7 1024.1 1027.6 1032.2 1037.5 1042.9 1048.1 1052.1 1054.6 1052.5 1058.7 1070.9 1081.3 1091.7 1101.2 1114.5
965.00 965.00 965.80 968.10 970.20 970.80 970.20 970.00 969.90 970.30 971.60 973.00 974.30 975.00 974.90 975.70 977.50 977.90 977.50 978.70 980.10 980.90 982.20 982.60 982.30 982.40 982.30 981.70 980.60 980.40 980.00 980.00 980.20 982.20 983.90 984.90 988.40 991.70 995.70 996.90 999.90 1001.5 1002.1 1002.9 1005.5 1008.5 1010.5 1011.9 1012.7 1012.3 1009.5 1007.2 1010.1 1010.9 1011.3 1010.6 1016.2 1023.2 1029.0 1035.3 1041.2 1048.0 1053.5 1058.3 1060.9 1060.0 1066.7 1075.9 1085.9 1098.7 1113.0
964.00 964.90 965.90 970.00 971.70 973.10 971.00 969.60 969.10 969.00 970.00 971.20 972.00 972.60 972.70 973.90 975.10 975.30 975.00 976.00 977.40 978.60 980.30 980.40 980.60 980.90 980.60 980.10 979.50 979.00 979.50 980.00 980.50 985.10 989.40 992.20 994.10 995.00 996.50 998.50 1000.3 1001.7 1003.8 1005.9 1007.9 1010.7 1012.3 1013.7 1015.0 1015.9 1014.7 1010.0 1013.4 1016.8 1018.1 1019.3 1019.4 1020.0 1024.7 1031.1 1036.5 1043.9 1051.9 1058.1 1065.4 1070.7 1076.3 1082.0 1090.7 1100.9 1112.5
963.20 964.30 966.70 969.30 971.20 972.20 970.70 969.00 968.10 969.30 969.90 970.00 970.00 970.20 971.20 972.40 973.20 973.50 972.90 973.60 974.50 976.20 977.80 978.00 979.50 979.80 979.20 978.80 978.30 977.80 978.40 979.90 986.00 990.50 992.00 994.70 995.00 995.00 995.70 997.60 998.80 1000.3 1002.7 1006.0 1008.8 1010.9 1012.4 1014.3 1016.2 1018.5 1018.1 1014.2 1015.0 1020.3 1024.1 1026.5 1027.3 1028.3 1029.4 1031.2 1035.0 1038.0 1045.0 1055.0 1065.3 1074.8 1083.0 1090.6 1097.8 1105.6 1111.8
963.10 964.40 966.60 969.80 970.00 970.00 968.90 967.30 968.50 970.70 970.00 969.80 969.60 970.00 970.10 970.60 971.40 971.50 970.80 970.70 971.50 973.50 975.00 975.80 977.20 977.80 978.10 977.60 977.10 976.60 978.50 982.00 988.80 990.90 992.50 992.80 993.40 994.10 994.50 995.40 996.30 998.00 1001.0 1005.5 1007.5 1008.9 1011.0 1013.8 1017.1 1020.0 1020.1 1018.9 1015.0 1020.0 1027.0 1031.7 1035.6 1038.9 1042.3 1044.0 1046.9 1050.6 1055.1 1060.4 1066.9 1077.5 1087.2 1094.9 1100.2 1104.0 1107.4
963.50 964.70 967.00 969.70 969.30 968.40 966.90 965.60 968.60 970.90 970.20 968.50 968.50 970.20 970.70 970.50 969.80 969.60 969.90 970.00 970.00 971.10 973.20 975.00 975.60 976.40 976.50 976.20 975.80 976.50 979.40 985.20 988.30 990.20 990.50 990.70 991.00 991.30 991.30 992.30 993.70 996.30 1000.0 1004.1 1005.2 1007.0 1010.6 1014.4 1017.8 1020.8 1022.5 1022.7 1022.4 1021.3 1027.2 1033.1 1039.8 1045.6 1049.7 1053.7 1057.6 1061.2 1065.9 1070.2 1073.9 1080.1 1090.6 1096.1 1098.5 1098.2 1098.0
963.80 965.50 967.70 968.30 967.30 966.40 965.10 965.00 968.00 970.00 970.00 970.00 969.90 971.50 971.70 970.00 969.30 968.50 968.80 969.70 970.90 972.50 974.10 975.00 975.00 975.20 974.90 975.00 975.20 976.80 980.00 984.40 985.50 986.10 987.00 986.40 986.30 987.10 987.90 989.50 991.80 994.70 998.50 1001.3 1002.7 1006.8 1010.8 1014.4 1017.8 1021.0 1023.7 1025.4 1026.6 1026.6 1028.5 1034.0 1041.0 1047.7 1052.6 1057.1 1061.6 1065.6 1069.9 1075.5 1081.7 1087.6 1093.4 1095.7 1093.5 1088.5 1088.3
964.60 966.20 967.70 966.80 965.70 965.00 964.70 965.00 967.20 968.40 969.40 970.00 970.60 972.30 971.70 970.00 968.90 967.40 969.00 970.20 972.10 974.00 974.90 974.40 974.30 974.40 974.30 974.20 974.50 975.40 980.00 981.40 981.00 980.70 982.70 982.60 982.50 983.50 985.20 987.50 989.40 992.00 994.80 997.40 1001.3 1005.6 1009.5 1013.0 1016.8 1020.6 1023.8 1026.6 1028.7 1030.2 1031.7 1035.7 1041.7 1047.7 1052.0 1056.3 1061.1 1066.3 1072.1 1078.3 1084.8 1090.0 1092.1 1091.8 1085.4 1078.9 1081.0
963.50 965.20 966.20 966.00 965.70 964.60 963.60 964.30 965.30 966.40 967.30 968.70 970.00 970.70 969.90 968.60 967.10 968.00 969.70 971.40 973.50 974.00 973.30 972.70 973.00 973.10 973.20 973.30 974.10 975.70 979.40 979.20 978.20 978.70 979.50 979.70 980.20 982.10 983.70 985.80 987.50 989.60 992.20 995.10 999.80 1003.8 1007.5 1010.8 1014.5 1018.9 1022.4 1026.2 1029.4 1031.5 1033.3 1035.8 1039.2 1041.6 1045.6 1049.6 1054.3 1061.8 1071.3 1079.9 1086.9 1090.0 1090.0 1084.7 1078.4 1070.0 1074.6
962.50 963.90 964.60 965.10 965.10 964.10 962.60 964.00 965.00 965.00 965.90 967.70 969.20 969.00 968.20 966.80 966.30 969.30 971.30 973.20 972.80 972.20 971.50 971.30 971.70 971.90 972.00 972.60 973.80 975.00 975.10 975.00 975.90 976.70 978.20 978.80 979.60 980.00 981.50 984.30 985.90 988.30 990.60 993.80 998.10 1002.1 1005.3 1008.4 1011.9 1016.0 1020.3 1024.5 1028.0 1030.0 1030.3 1030.6 1030.8 1033.5 1039.4 1045.6 1051.4 1061.0 1070.9 1081.4 1088.6 1090.3 1085.4 1077.2 1071.2 1063.9 1068.7
961.40 961.50 962.60 963.30 963.00 962.40 962.00 963.30 963.90 964.50 965.00 965.90 966.30 966.10 966.00 965.20 967.30 970.30 971.70 971.70 971.00 970.50 970.00 970.10 970.50 970.70 971.00 971.90 973.40 975.00 975.00 975.00 975.00 976.00 976.90 978.10 979.80 981.10 982.60 984.40 985.70 987.80 990.00 992.60 995.90 1000.3 1003.2 1006.4 1011.0 1014.7 1019.4 1023.2 1026.0 1026.6 1025.7 1025.3 1028.9 1035.8 1043.7 1050.7 1058.7 1066.8 1075.5 1082.8 1089.8 1090.0 1082.3 1070.0 1063.3 1055.1 1061.9
960.00 960.00 960.90 961.20 960.90 960.70 961.30 961.70 962.40 963.00 963.60 965.00 965.00 965.00 965.00 965.00 967.60 969.90 970.50 970.30 969.50 969.80 969.50 969.30 969.70 970.00 970.00 972.00 974.00 975.00 975.00 976.20 978.90 979.20 978.90 978.80 980.00 983.20 984.50 985.00 986.50 989.00 990.00 991.30 993.90 997.70 1001.3 1004.7 1010.2 1014.5 1018.5 1021.2 1022.1 1021.2 1020.4 1023.9 1029.4 1037.2 1044.1 1052.3 1060.5 1068.8 1076.8 1084.3 1090.0 1090.0 1082.5 1072.4 1062.1 1050.1 1053.6
960.00 960.00 959.60 960.00 959.30 959.60 960.00 960.10 960.90 961.80 963.40 965.00 965.00 965.00 965.00 965.00 966.40 967.60 968.00 967.90 967.60 969.40 969.70 969.50 969.70 970.50 973.80 974.90 975.40 977.50 977.30 978.50 981.50 982.00 980.90 980.40 983.00 986.50 988.00 987.70 989.50 990.00 990.00 990.00 990.60 995.10 999.30 1003.3 1007.9 1012.6 1015.8 1017.0 1015.7 1015.2 1020.1 1026.2 1031.6 1037.7 1044.3 1052.7 1061.2 1069.8 1077.0 1085.2 1090.7 1090.5 1082.1 1069.8 1058.9 1047.8 1045.9
960.00 959.70 959.20 959.80 959.40 960.00 961.10 961.30 961.80 962.80 963.80 965.00 965.00 965.00 965.00 964.90 965.00 965.10 965.60 966.10 967.60 969.10 970.00 973.30 975.40 977.10 978.90 979.50 980.00 980.10 980.00 980.00 982.90 984.70 983.60 982.80 984.20 988.50 991.80 993.00 994.00 995.60 993.10 994.10 992.30 993.50 996.00 1000.8 1004.6 1008.5 1011.5 1011.4 1011.7 1017.4 1022.3 1027.8 1033.3 1039.0 1045.5 1052.1 1060.6 1068.9 1076.8 1084.9 1090.9 1090.1 1080.6 1069.6 1058.3 1047.7 1040.0
960.30 960.00 960.10 959.90 960.80 962.60 963.30 963.10 963.60 964.00 964.80 965.60 965.20 965.10 966.00 965.20 965.00 965.00 965.40 966.90 968.40 969.90 974.30 976.60 978.40 979.50 980.00 980.30 980.60 980.60 981.30 980.80 983.10 985.80 986.70 985.40 986.80 991.60 994.70 997.30 998.60 1000.3 1000.8 1002.4 997.50 995.00 995.00 996.30 1001.4 1003.8 1006.7 1008.3 1012.6 1018.8 1022.7 1026.9 1030.0 1033.2 1040.9 1049.2 1058.4 1067.2 1075.6 1083.6 1088.4 1085.9 1077.1 1069.0 1060.2 1048.8 1035.6
963.70 963.10 962.70 962.20 963.70 965.20 965.00 964.90 965.00 965.00 965.00 966.30 966.90 967.50 968.10 966.80 965.40 965.70 967.10 968.30 969.50 970.00 972.90 974.50 975.40 976.50 978.20 979.60 980.10 980.70 981.60 983.60 985.10 989.00 990.80 989.90 989.50 993.90 997.70 1000.7 1002.5 1004.5 1006.5 1007.5 1003.4 998.80 999.60 997.90 1000.0 1001.7 1004.2 1006.2 1012.1 1016.2 1019.4 1023.7 1027.4 1033.3 1040.9 1048.1 1056.4 1065.3 1074.6 1081.4 1084.8 1080.4 1072.4 1066.3 1058.3 1048.1 1035.4
965.50 965.70 964.80 964.70 965.20 966.20 966.10 965.00 965.00 965.10 966.60 968.10 969.20 970.00 969.90 968.50 968.30 968.80 969.80 970.00 970.00 969.90 970.00 970.10 971.40 973.10 975.00 976.20 978.40 980.00 980.90 984.00 987.70 990.90 993.00 993.60 993.50 995.00 997.90 1002.3 1005.3 1007.8 1010.4 1011.9 1009.0 1004.1 1007.4 1006.2 1002.6 1001.6 1005.0 1006.2 1010.7 1014.8 1019.2 1023.5 1028.5 1034.5 1041.2 1047.7 1055.0 1063.6 1071.5 1078.0 1079.8 1074.1 1066.2 1060.4 1053.8 1045.7 1036.6
966.00 966.70 965.30 965.00 965.30 967.10 967.20 966.00 966.40 967.70 969.10 970.70 971.90 972.90 970.00 970.00 971.50 971.70 971.60 970.90 970.00 969.00 969.80 972.60 973.80 974.00 975.00 975.50 977.90 980.00 980.20 984.20 988.70 992.00 994.70 996.60 997.50 998.40 1000.0 1001.8 1006.5 1009.9 1013.2 1015.5 1015.4 1011.1 1011.1 1015.2 1011.8 1005.0 1008.6 1009.1 1010.0 1014.7 1019.1 1022.9 1027.7 1034.0 1039.7 1045.8 1052.8 1060.8 1067.3 1072.5 1073.7 1067.6 1058.3 1052.4 1047.3 1041.3 1035.4
967.10 968.20 966.10 965.00 966.10 968.10 968.40 967.00 968.20 970.70 970.90 973.70 975.30 975.20 973.70 973.50 974.50 974.40 974.00 972.50 970.50 969.30 969.90 974.50 976.30 976.60 976.20 977.40 979.60 982.20 983.10 985.00 987.60 991.70 995.30 998.00 1000.2 1002.0 1003.3 1004.3 1006.2 1011.0 1014.9 1018.4 1020.2 1020.3 1017.2 1020.0 1016.1 1009.3 1010.9 1014.3 1011.6 1012.5 1016.7 1020.0 1024.9 1030.0 1034.5 1042.5 1049.4 1057.2 1063.8 1067.8 1068.8 1063.3 1051.7 1043.8 1038.0 1033.3 1029.4
970.00 969.80 968.70 967.80 968.00 969.40 969.60 968.30 969.00 972.60 975.10 976.60 977.60 978.00 977.70 978.00 977.80 976.70 975.70 974.00 971.50 970.00 971.00 975.60 978.60 979.10 978.30 979.50 980.00 983.20 986.00 986.90 988.00 990.00 993.60 997.70 1001.2 1003.7 1006.1 1008.2 1008.4 1011.4 1015.9 1020.3 1023.8 1025.6 1025.8 1024.3 1018.5 1010.0 1011.9 1017.5 1019.1 1015.3 1017.4 1021.8 1026.9 1032.3 1035.8 1039.9 1045.2 1054.0 1059.9 1063.4 1063.5 1059.3 1050.2 1044.0 1038.4 1032.1 1026.6
