vignettes/DEM/dem30m.asc
ncols 150
nrows 100
xllcorner 7394249
yllcorner 4841999
cellsize 30.00
nodata_value  1174.6
[rows 0 to 31 of 100, columns 0 to 70 of 150]
1009.8 1009.5 1008.4 1007.1 1005.2 1001.8 1000.0 1001.6 1006.0 1011.7 1015.2 1015.5 1015.5 1015.3 1013.4 1010.3 1003.6 1005.5 1015.3 1020.7 1024.8 1028.9 1025.1 1026.3 1026.8 1033.8 1035.0 1034.7 1034.5 1034.7 1036.2 1038.4 1039.3 1037.2 1033.7 1009.6 989.90 979.10 968.00 955.10 947.10 938.20 929.00 919.90 912.30 908.20 913.30 922.50 911.00 917.00 930.00 935.90 942.00 950.90 960.80 965.00 959.70 950.00 934.30 921.40 925.70 933.80 936.70 932.80 921.90 907.30 896.20 897.90 912.80 925.60 935.20
1009.5 1009.2 1006.9 1004.9 1003.3 1003.7 1002.1 1004.4 1007.8 1011.4 1014.7 1015.5 1015.3 1013.6 1010.8 1009.5 1007.9 1012.5 1018.5 1025.7 1031.7 1038.4 1035.9 1027.5 1029.0 1030.1 1029.5 1027.7 1028.6 1031.6 1034.7 1037.1 1037.7 1036.0 1032.1 1010.4 994.20 985.90 970.90 954.70 946.20 935.00 924.20 920.00 921.10 928.10 934.70 936.70 928.00 927.30 936.90 944.70 951.10 961.60 968.50 970.00 959.70 948.50 935.10 929.10 936.50 942.90 944.00 937.20 925.60 909.90 901.10 899.10 911.40 923.40 932.40
1008.9 1006.8 1004.0 1002.3 1001.3 1001.6 1004.0 1006.2 1009.7 1011.5 1013.9 1013.7 1012.5 1010.4 1010.0 1010.4 1012.5 1016.1 1020.8 1028.1 1035.0 1040.1 1038.3 1034.1 1031.7 1028.6 1023.1 1022.3 1025.8 1030.1 1032.8 1035.2 1035.9 1035.1 1030.2 1017.6 1004.3 995.40 986.20 970.60 950.70 941.00 929.20 934.40 942.10 943.80 947.10 950.80 933.40 937.30 949.30 956.10 963.80 968.70 974.60 973.00 960.30 947.70 937.80 938.60 947.00 951.50 950.00 939.60 926.10 913.30 903.90 900.00 908.00 918.40 928.70
1006.9 1004.1 1001.3 999.80 999.30 1000.2 1003.6 1006.9 1009.8 1011.6 1011.5 1010.7 1008.8 1006.6 1007.0 1011.0 1013.9 1017.8 1023.0 1029.0 1035.4 1038.3 1037.4 1035.0 1031.4 1026.2 1019.1 1016.4 1022.3 1027.2 1030.4 1032.2 1032.6 1030.6 1027.1 1021.1 1010.5 1002.2 993.50 974.70 956.20 940.50 941.30 949.00 960.00 959.80 965.50 959.70 939.40 950.70 963.70 968.00 971.30 976.60 981.30 974.70 961.90 948.10 943.20 947.90 954.30 956.70 950.40 938.30 925.20 913.60 907.20 904.10 907.90 915.00 924.40
1003.9 1001.4 998.20 997.20 997.80 1000.5 1003.4 1006.5 1009.6 1010.0 1009.1 1006.8 1004.9 1004.2 1006.0 1010.6 1013.4 1017.5 1023.2 1029.5 1033.7 1034.9 1034.1 1032.6 1029.6 1024.6 1018.8 1010.0 1019.0 1024.8 1027.6 1028.4 1028.1 1027.2 1025.0 1021.6 1013.8 1006.7 999.90 986.80 963.00 945.40 951.40 966.80 969.30 971.70 974.10 970.30 955.10 962.70 971.40 977.20 982.60 986.40 985.30 976.20 961.60 949.70 949.60 956.90 962.90 959.50 947.10 935.50 923.60 918.50 917.40 913.20 922.10 924.20 922.00
999.80 997.60 995.00 995.00 997.80 1001.3 1004.7 1008.5 1010.0 1010.0 1005.7 1003.0 1001.0 1000.7 1005.0 1009.3 1011.8 1017.2 1022.9 1028.1 1030.7 1029.9 1026.6 1027.6 1027.0 1023.6 1019.6 1005.0 1015.4 1020.3 1024.7 1024.0 1023.1 1023.5 1022.3 1020.7 1015.1 1008.5 1001.5 989.60 970.10 953.50 964.30 973.40 977.50 982.10 982.30 975.50 968.90 970.30 981.30 988.20 991.50 990.80 987.40 978.00 963.00 958.70 960.40 968.00 968.10 958.30 944.80 933.60 929.10 935.50 928.20 920.00 928.00 935.70 933.10
994.50 993.70 991.40 994.90 998.40 1002.1 1006.5 1010.8 1011.6 1009.3 1003.2 999.90 997.70 998.60 1003.1 1005.5 1009.7 1016.9 1022.0 1026.1 1030.0 1029.3 1020.2 1017.8 1020.2 1019.1 1017.6 1011.0 1009.6 1017.1 1020.5 1020.9 1019.6 1020.0 1020.6 1020.0 1016.3 1008.4 1001.6 989.40 972.40 964.90 974.20 980.20 986.90 991.90 993.20 989.40 979.50 978.80 986.80 993.80 999.40 1001.2 999.50 985.60 974.80 972.20 972.00 977.60 970.10 956.70 944.40 939.10 947.50 951.30 940.70 925.00 932.80 944.30 948.70
990.50 990.70 989.50 994.80 998.70 1002.5 1006.9 1011.3 1011.8 1007.3 1000.8 997.40 995.00 996.30 1001.6 1004.5 1010.7 1015.8 1019.9 1023.2 1026.6 1026.0 1021.3 1013.8 1013.8 1014.8 1013.8 1010.5 1004.9 1010.2 1016.1 1017.2 1016.2 1017.5 1018.3 1017.2 1015.3 1007.4 998.80 988.30 973.10 973.50 981.40 988.90 996.80 1001.3 1002.0 997.80 989.20 983.90 992.60 1000.3 1005.1 1006.1 1005.5 1002.7 994.80 987.40 986.20 984.90 971.00 956.90 948.10 950.70 959.10 957.40 947.10 933.80 936.40 951.50 959.80
986.40 985.70 988.30 993.20 997.10 1001.4 1005.5 1009.6 1009.4 1003.6 997.70 995.70 992.40 993.60 1000.7 1004.7 1010.9 1014.1 1016.4 1019.7 1023.3 1025.1 1021.2 1009.8 1006.9 1010.9 1010.1 1005.1 1001.9 1007.2 1011.4 1013.1 1014.0 1015.2 1015.4 1012.4 1006.7 999.50 992.30 985.30 975.90 979.00 986.60 995.90 1002.8 1005.9 1006.3 1004.4 997.10 996.30 997.80 1002.4 1007.2 1008.9 1009.1 1009.0 1006.4 1002.5 999.60 990.90 973.90 960.60 957.20 962.80 968.20 963.00 950.00 940.10 944.10 956.60 967.00
981.40 980.40 988.30 991.90 995.10 999.00 1002.7 1002.8 1000.2 998.30 994.30 993.80 990.20 990.80 1000.0 1004.5 1010.4 1011.1 1011.9 1016.1 1019.9 1021.9 1019.8 1011.3 1003.2 1004.8 1005.4 1000.9 1000.0 1006.2 1010.4 1011.9 1013.7 1014.7 1010.2 1004.5 997.70 993.00 990.00 988.70 987.80 987.70 995.60 1003.8 1007.9 1010.0 1009.1 1005.5 1002.8 1004.6 1005.2 1006.2 1010.0 1010.2 1011.6 1011.9 1011.7 1010.6 1007.6 998.50 981.00 969.40 967.30 971.50 976.80 968.70 952.10 945.80 948.00 961.80 975.00
980.00 983.60 987.30 989.60 993.20 996.50 998.90 997.10 991.40 988.80 990.60 990.50 985.70 990.20 998.50 1003.3 1007.3 1007.0 1007.3 1012.3 1016.5 1019.1 1017.5 1011.4 1000.2 999.70 999.70 996.20 1000.0 1006.0 1008.4 1010.6 1013.0 1015.4 1015.1 1006.1 998.80 994.50 994.00 993.80 993.00 995.40 1005.4 1010.5 1012.1 1012.0 1010.7 1008.2 1007.4 1009.1 1009.9 1010.1 1010.2 1010.5 1012.4 1013.9 1014.3 1013.1 1011.6 1005.6 993.70 981.10 975.80 980.30 983.30 974.60 959.80 950.50 953.50 968.60 980.90
980.00 983.10 985.80 988.40 991.80 994.60 995.70 995.30 991.00 984.10 985.60 986.20 983.20 988.50 994.80 1001.4 1004.1 1003.4 1004.1 1008.5 1012.7 1015.4 1014.8 1008.0 997.30 995.20 995.00 995.00 1001.7 1005.0 1006.5 1010.5 1014.2 1017.1 1018.2 1017.3 1009.6 1004.3 1005.6 1008.8 1002.3 1004.5 1011.7 1016.0 1015.8 1014.4 1012.6 1010.7 1010.2 1010.7 1010.7 1010.4 1010.0 1010.7 1012.7 1015.0 1015.0 1015.6 1014.9 1011.8 1004.5 994.50 989.90 990.30 990.40 979.80 968.60 960.90 960.80 971.80 983.60
979.90 980.00 983.40 987.30 989.90 990.30 991.20 992.30 988.70 981.30 980.00 981.30 979.80 984.60 993.10 998.30 1000.6 999.30 999.00 1004.3 1009.0 1011.9 1010.5 1005.0 995.50 989.90 990.70 996.00 999.40 1000.7 1007.0 1012.3 1016.8 1019.8 1023.1 1025.6 1025.1 1022.4 1020.2 1014.7 1010.1 1009.6 1020.2 1021.2 1019.1 1016.7 1014.1 1012.7 1011.8 1011.6 1011.3 1010.3 1009.7 1010.1 1011.7 1013.8 1015.6 1017.3 1016.5 1015.6 1014.1 1011.9 1009.7 1006.9 999.80 987.50 976.80 970.10 968.90 975.10 985.40
975.70 979.50 983.40 986.00 985.90 986.00 988.20 990.00 984.60 979.80 976.50 974.80 976.50 982.30 990.80 996.10 997.70 995.90 995.00 999.80 1005.3 1008.2 1006.3 1000.8 990.70 987.00 990.00 993.20 997.10 1004.0 1009.9 1015.6 1020.6 1024.5 1027.5 1030.2 1031.6 1032.4 1033.1 1028.7 1021.9 1019.8 1024.5 1024.4 1020.6 1017.4 1014.9 1013.8 1012.1 1011.3 1010.6 1009.5 1008.0 1008.0 1010.1 1012.3 1014.9 1016.7 1017.0 1017.6 1018.4 1018.6 1018.3 1017.5 1011.4 996.60 987.60 981.80 978.30 980.00 987.60
976.90 982.50 985.50 985.00 982.70 983.50 986.50 989.30 982.50 976.70 974.30 971.60 973.10 978.40 986.00 992.40 995.00 992.60 991.00 996.80 1001.4 1004.0 1001.6 994.40 986.90 985.90 992.20 996.30 1004.7 1008.8 1015.0 1020.0 1024.1 1027.4 1030.6 1033.1 1035.5 1036.6 1038.0 1039.1 1036.0 1030.7 1029.7 1026.8 1020.5 1017.5 1015.0 1012.1 1010.0 1010.2 1009.6 1008.0 1006.5 1005.9 1008.3 1010.7 1013.3 1015.2 1016.9 1019.0 1020.4 1022.1 1022.3 1022.1 1020.1 1011.1 998.40 991.40 986.60 986.50 991.50
979.10 984.10 986.80 984.40 980.00 981.90 985.50 987.40 982.90 976.70 974.10 969.40 969.80 974.90 981.80 987.50 990.40 989.20 987.10 993.90 997.90 998.90 993.10 987.20 985.00 988.00 998.00 1003.8 1008.5 1013.2 1017.9 1022.1 1026.0 1028.9 1031.7 1034.2 1036.3 1038.5 1040.5 1041.7 1041.1 1040.4 1037.5 1029.7 1024.2 1021.4 1017.8 1013.8 1010.4 1008.7 1006.7 1005.8 1004.8 1005.0 1006.2 1008.6 1010.8 1013.4 1016.2 1018.7 1021.1 1023.3 1025.2 1025.6 1023.6 1021.4 1015.5 1003.4 996.80 995.80 996.80
977.80 982.30 984.10 979.80 975.40 980.20 984.20 985.00 985.10 982.20 976.40 968.50 965.00 971.30 976.50 980.90 983.70 980.80 985.70 991.60 995.00 992.10 986.30 980.00 983.30 994.30 1001.9 1007.0 1011.7 1015.8 1019.5 1023.5 1026.7 1029.2 1031.3 1033.4 1035.8 1038.2 1040.8 1042.5 1042.7 1041.9 1040.3 1035.7 1030.7 1025.8 1019.4 1014.3 1011.2 1007.2 1005.0 1003.5 1002.8 1002.9 1004.2 1006.5 1008.8 1011.9 1014.9 1017.6 1020.7 1023.3 1025.4 1025.7 1025.0 1024.3 1021.3 1016.4 1011.3 1006.6 1006.3
975.60 978.70 977.90 973.40 970.20 974.20 981.60 985.00 985.90 985.30 978.60 969.70 965.00 964.60 970.60 974.60 974.40 978.00 985.80 990.00 991.70 986.70 980.40 980.00 988.60 999.00 1004.4 1009.4 1013.3 1016.7 1019.7 1023.2 1026.0 1028.0 1029.3 1031.1 1033.2 1036.1 1039.4 1041.3 1042.7 1042.8 1041.0 1038.1 1033.4 1027.1 1020.9 1014.8 1010.5 1006.9 1003.7 1001.7 1000.7 1000.7 1002.2 1004.4 1007.0 1010.0 1012.9 1016.1 1019.8 1022.4 1025.0 1025.0 1025.0 1025.5 1023.9 1022.4 1020.8 1020.0 1018.6
972.50 975.00 972.10 967.70 967.00 972.20 979.10 984.30 985.20 983.80 980.20 971.10 962.40 960.40 963.90 968.50 973.00 980.80 985.90 989.20 987.10 981.20 975.80 981.80 992.80 1000.8 1005.8 1009.9 1013.1 1016.0 1018.8 1021.8 1024.2 1025.6 1025.8 1026.1 1027.4 1032.4 1036.5 1040.2 1041.8 1042.0 1040.9 1037.6 1032.1 1024.7 1019.0 1014.8 1010.7 1007.1 1003.7 1000.4 999.20 998.70 1000.2 1002.1 1004.1 1007.6 1011.1 1014.8 1018.6 1021.4 1023.8 1025.3 1025.9 1026.4 1026.0 1025.4 1024.5 1023.0 1022.2
968.80 970.20 967.00 962.50 963.70 968.80 975.00 979.10 979.70 978.70 976.20 969.60 959.50 958.70 963.30 968.70 975.50 980.00 983.00 984.90 981.80 975.40 975.00 985.90 994.00 1001.2 1005.7 1009.2 1012.1 1013.9 1016.8 1019.6 1021.2 1021.7 1020.6 1019.2 1023.1 1028.4 1034.4 1038.5 1040.6 1040.8 1040.1 1036.2 1030.7 1019.2 1013.0 1008.7 1008.0 1006.7 1003.7 1000.3 997.10 995.90 997.50 999.60 1002.5 1006.5 1010.3 1014.2 1017.5 1020.0 1022.1 1023.7 1025.2 1025.8 1026.5 1026.7 1025.8 1025.0 1024.7
965.00 965.30 963.70 958.80 959.20 964.40 970.00 971.50 970.90 968.90 968.00 964.40 958.20 958.20 963.60 968.30 972.20 973.60 974.90 976.50 974.60 975.00 979.10 988.30 994.40 1000.2 1004.2 1007.1 1009.6 1011.1 1014.5 1015.6 1017.2 1017.4 1015.4 1016.1 1022.9 1027.6 1032.4 1036.5 1038.8 1039.1 1037.2 1033.7 1028.8 1022.4 1015.5 1006.3 1005.0 1005.0 1002.8 1000.0 996.10 994.20 995.00 998.40 1002.1 1006.0 1009.6 1013.2 1015.9 1018.0 1019.8 1021.3 1023.5 1025.3 1025.9 1026.1 1025.6 1025.0 1024.9
958.10 959.10 958.70 954.50 955.10 958.60 961.30 961.60 960.80 961.00 961.50 958.70 955.00 957.90 962.20 964.30 964.60 967.10 968.80 969.50 970.00 974.20 985.40 990.50 994.20 997.40 1000.1 1003.3 1006.1 1008.1 1010.7 1012.0 1012.8 1012.3 1010.2 1017.4 1022.0 1026.0 1029.6 1033.9 1035.7 1035.5 1033.5 1030.1 1026.0 1021.3 1015.8 1007.1 1003.0 1001.8 1001.6 998.80 995.30 990.60 994.50 998.20 1001.6 1005.0 1008.8 1011.9 1014.0 1015.2 1016.8 1019.2 1021.7 1023.9 1024.6 1025.0 1024.9 1024.2 1022.5
951.80 951.50 952.00 950.10 949.60 951.90 951.50 953.00 953.90 953.80 954.30 954.80 955.00 955.90 958.00 958.70 959.80 961.40 965.00 966.10 970.00 979.80 986.40 990.00 990.70 991.90 994.90 998.60 1002.1 1005.1 1007.3 1008.2 1007.3 1007.1 1011.7 1016.6 1020.4 1023.9 1027.5 1030.7 1031.5 1030.7 1029.2 1026.3 1023.0 1018.7 1014.1 1008.2 1002.3 999.20 999.80 997.40 993.50 990.00 993.90 997.50 1000.8 1004.2 1007.8 1010.5 1011.6 1012.9 1015.4 1017.9 1020.3 1021.8 1022.2 1022.6 1022.1 1021.1 1020.0
946.30 945.60 946.40 946.60 945.60 945.30 947.20 947.80 950.00 950.00 950.00 951.30 953.40 955.00 955.00 956.80 959.80 960.00 963.60 968.70 973.00 977.90 984.10 987.40 985.60 987.40 991.70 995.90 998.80 1001.3 1003.9 1004.0 1003.8 1005.7 1010.6 1014.5 1018.1 1021.2 1024.2 1025.6 1025.9 1025.4 1023.9 1021.8 1018.8 1014.7 1011.2 1006.6 1001.0 995.00 996.70 995.60 990.30 989.60 992.10 995.50 999.40 1003.4 1006.6 1008.4 1009.1 1011.0 1014.0 1016.8 1018.7 1019.5 1019.9 1020.2 1019.7 1019.0 1017.4
945.00 945.00 943.80 945.00 945.00 945.00 948.00 949.40 950.00 950.80 951.60 955.50 956.60 959.20 958.70 959.90 962.40 965.50 965.00 968.40 970.00 972.00 975.00 979.50 981.00 984.70 988.70 993.50 996.80 999.10 1000.7 1000.0 1001.5 1005.9 1008.7 1012.0 1015.0 1017.6 1019.7 1020.1 1019.9 1020.0 1018.8 1016.9 1014.0 1011.8 1008.4 1003.6 998.10 994.10 993.60 993.60 987.40 986.40 991.00 994.80 999.40 1002.6 1004.8 1005.9 1006.8 1009.6 1013.1 1015.8 1016.9 1017.2 1017.5 1017.6 1017.1 1016.0 1014.5
945.00 945.00 944.50 945.80 951.40 956.20 956.60 957.00 958.70 955.70 958.10 962.90 967.40 968.50 965.70 965.90 965.00 970.00 971.30 971.80 973.00 974.00 975.00 976.20 979.60 985.10 988.20 991.70 995.30 997.00 997.70 998.00 1000.9 1003.1 1005.6 1008.9 1011.5 1012.8 1013.3 1014.1 1014.1 1014.2 1013.6 1012.4 1010.3 1007.6 1004.0 999.00 995.00 991.90 990.00 990.40 986.00 985.00 990.30 994.60 998.20 1000.5 1002.2 1003.1 1004.7 1008.5 1011.9 1014.1 1014.5 1014.8 1015.1 1015.0 1014.4 1013.1 1011.4
945.00 945.00 949.10 955.00 958.60 960.00 961.90 962.20 963.00 961.70 965.70 967.20 971.50 972.80 972.30 973.00 967.20 967.80 974.10 976.40 978.40 980.50 980.40 980.00 980.90 985.00 988.60 990.90 993.10 994.50 994.90 995.00 998.20 999.50 1002.0 1004.1 1005.7 1005.6 1005.7 1007.3 1008.3 1008.6 1008.4 1008.0 1006.0 1003.4 1000.6 994.40 992.20 991.00 989.30 985.00 983.60 984.20 989.50 993.40 996.30 997.60 999.30 1000.1 1002.2 1007.3 1010.6 1011.9 1011.2 1010.7 1011.5 1011.8 1011.4 1010.1 1008.3
945.00 945.00 949.50 953.50 959.00 960.00 962.10 963.00 964.10 965.80 968.30 971.50 974.90 976.20 976.40 975.80 975.00 970.00 973.70 978.40 980.50 982.60 983.70 985.00 983.70 985.00 988.50 990.20 990.00 990.30 991.50 992.80 994.60 995.30 998.10 999.90 1001.3 1000.7 1000.6 1001.1 1002.1 1002.7 1003.4 1003.2 1002.0 1000.2 997.40 991.50 990.10 990.20 989.00 985.10 982.10 983.90 989.10 992.60 993.60 994.20 995.90 997.30 999.60 1005.3 1008.3 1009.2 1007.7 1006.1 1007.9 1008.5 1008.2 1006.8 1005.0
946.80 945.80 947.80 950.00 954.20 956.40 960.00 960.00 963.20 965.10 968.70 972.50 975.60 977.60 977.20 976.30 975.30 971.60 973.00 975.00 978.50 980.60 984.00 985.00 985.30 986.20 988.90 989.70 988.20 988.10 989.00 990.00 991.00 993.00 994.40 996.10 996.80 995.90 993.80 992.40 993.80 996.40 998.60 998.00 997.70 996.80 995.70 992.20 989.00 987.30 987.10 984.00 980.20 982.80 988.20 990.50 990.70 991.20 993.00 996.10 999.50 1003.0 1004.9 1005.0 1003.8 1003.1 1004.6 1006.0 1005.6 1003.9 1002.4
952.10 953.00 955.70 956.10 956.20 958.30 960.20 963.30 965.90 966.70 970.30 973.20 975.60 976.30 976.90 976.50 975.30 975.00 976.10 976.00 977.20 980.70 983.30 985.70 986.90 988.20 989.00 987.70 986.00 986.00 987.50 987.70 989.40 990.80 991.90 993.40 993.50 992.20 990.00 988.30 988.50 990.00 992.50 993.80 992.90 992.50 993.00 991.20 987.90 985.00 984.70 982.00 980.00 981.50 986.50 988.30 988.10 989.00 990.50 993.90 997.00 999.50 1000.7 1000.5 999.40 1000.5 1001.9 1003.4 1002.9 1001.4 999.60
956.90 959.20 962.50 964.70 965.40 963.20 960.00 965.00 967.80 970.50 972.20 974.60 975.40 975.00 975.70 976.00 976.30 977.80 980.10 980.70 982.10 984.10 985.20 985.40 986.80 988.20 987.80 986.00 985.00 985.20 985.70 985.40 987.60 989.40 990.00 991.20 991.20 990.00 988.50 985.40 986.40 988.90 990.20 991.70 990.30 990.00 990.40 990.70 989.30 985.40 982.90 980.00 978.90 979.60 983.70 985.10 985.50 987.00 988.20 991.10 993.50 995.30 996.40 996.10 995.40 997.60 999.40 1000.6 1000.2 998.80 997.20
956.70 961.00 964.80 967.10 969.40 969.50 966.30 967.00 968.70 972.60 974.60 976.10 977.40 976.40 975.50 975.00 976.30 978.60 980.60 982.30 984.40 985.50 985.90 985.20 985.80 987.00 986.90 985.30 983.90 983.90 985.00 985.00 986.60 988.50 990.10 990.00 990.40 990.00 986.70 983.90 985.20 987.40 988.70 989.30 989.70 986.60 985.00 990.00 989.00 985.90 982.20 979.40 977.80 977.90 980.00 981.70 983.30 984.40 985.80 988.40 990.70 991.90 992.40 992.10 993.20 995.40 997.20 998.30 997.60 996.00 994.70
