vignettes/DEM/dem30m.asc
ncols 150
nrows 100
xllcorner 7394249
yllcorner 4841999
cellsize 30.00
nodata_value  1174.6
[rows 32 to 63 of 100, columns 0 to 70 of 150]
955.90 960.40 965.30 968.10 970.00 970.10 970.30 970.70 970.00 973.60 975.80 977.50 978.60 977.40 975.80 975.00 975.90 978.40 980.50 981.70 984.20 985.20 985.50 985.40 985.00 985.70 985.70 985.00 981.80 982.00 985.00 985.80 987.90 989.50 990.00 988.30 988.10 988.00 985.40 981.90 983.90 985.50 985.70 986.70 988.80 986.20 983.60 985.00 985.70 984.10 981.50 978.80 976.80 976.80 978.30 979.20 980.40 981.90 983.60 985.30 986.90 987.70 988.20 989.00 991.40 993.20 995.30 996.10 995.60 993.50 991.60
954.30 958.50 962.70 966.60 970.10 971.30 972.20 973.20 973.40 975.00 975.50 976.20 977.00 976.20 975.10 975.00 975.10 977.20 979.00 980.80 982.40 984.30 984.70 984.90 983.90 983.60 983.50 980.80 980.00 982.30 985.30 987.00 989.20 990.00 990.00 986.10 985.30 985.00 983.20 980.10 981.60 983.80 985.00 985.70 987.00 986.50 984.80 982.00 981.80 980.40 979.80 977.50 975.80 975.40 976.50 977.20 978.50 979.70 981.10 981.00 982.10 985.00 985.00 987.70 990.00 990.40 991.80 992.20 991.60 990.70 987.90
952.80 955.60 958.20 962.50 967.30 970.40 972.20 974.30 975.00 975.10 975.00 975.00 975.30 974.80 974.40 972.70 973.10 975.00 976.20 979.10 981.50 983.40 982.10 982.00 980.50 980.60 980.80 978.30 978.60 983.00 985.80 987.20 988.70 989.50 989.00 986.30 985.00 982.90 980.10 978.60 980.00 981.80 984.90 985.00 985.20 985.30 983.70 980.20 980.00 980.20 979.20 976.50 975.00 975.00 974.80 975.20 976.40 977.50 978.40 980.00 982.70 986.00 987.50 989.80 990.00 988.80 986.80 986.00 985.30 985.00 984.10
949.30 951.40 955.00 959.00 965.00 969.60 972.00 974.20 974.40 974.20 975.00 975.00 974.70 972.90 972.10 970.60 972.40 974.60 976.30 979.50 981.50 981.90 980.30 979.80 980.00 980.00 980.00 979.20 979.60 983.20 985.50 985.90 987.20 987.10 986.10 985.00 983.10 980.00 978.70 976.50 979.00 981.10 984.40 985.00 985.00 982.60 981.20 979.50 978.20 979.30 980.00 978.20 975.80 974.70 973.70 974.20 974.60 974.90 976.30 979.20 983.40 987.50 990.00 990.00 990.00 990.00 985.40 984.20 981.70 980.90 981.00
950.40 955.50 958.90 962.00 965.80 970.30 972.20 972.90 972.30 972.20 973.40 973.50 972.30 971.40 970.00 970.00 972.50 975.10 977.40 979.80 980.20 980.50 980.00 978.00 977.80 979.00 978.30 976.80 980.00 982.30 983.50 984.30 985.60 985.00 984.00 982.40 980.90 980.00 978.30 975.30 977.00 981.10 983.00 983.20 981.00 979.00 977.90 977.20 976.30 977.70 979.10 977.80 976.20 974.40 972.90 972.80 973.10 973.60 975.00 978.80 980.50 986.10 989.10 990.00 990.00 990.00 990.00 984.00 980.40 979.20 978.20
955.20 959.50 965.20 968.10 970.10 970.00 970.50 971.60 970.20 970.50 971.30 971.20 970.00 969.10 970.00 970.00 972.00 974.80 977.50 980.00 980.00 980.00 977.00 975.70 975.80 975.90 975.80 975.00 979.10 980.60 980.20 981.80 983.10 983.30 981.90 980.00 980.00 980.10 979.00 975.90 973.90 978.50 980.60 979.90 977.20 974.90 974.50 974.60 975.60 976.60 978.00 976.90 975.40 974.10 972.70 971.90 972.00 973.60 976.00 980.00 981.80 985.20 987.30 989.30 990.00 990.00 989.20 985.60 981.30 977.40 975.50
956.40 961.40 966.80 970.20 971.10 971.00 970.20 970.00 969.50 968.50 968.70 969.50 969.60 968.20 969.60 970.70 972.60 974.90 977.70 980.10 980.10 980.00 976.40 975.00 974.70 975.00 974.10 974.90 977.00 977.40 978.20 979.30 980.00 980.00 980.10 980.00 980.00 979.10 977.80 975.90 975.00 975.60 977.60 976.60 974.30 973.40 972.40 973.00 975.00 975.90 976.90 976.30 975.10 973.90 972.60 971.20 971.10 974.30 975.20 979.00 982.20 985.00 986.30 987.70 988.30 988.30 987.30 985.10 980.90 977.00 974.70
956.30 961.30 966.60 970.20 971.50 971.60 970.80 970.00 967.20 965.40 965.00 967.80 970.10 971.20 972.80 974.20 974.90 976.30 978.70 980.10 980.20 980.00 978.00 975.60 975.00 973.70 971.80 973.70 975.00 975.00 975.50 977.20 979.90 980.00 980.10 980.10 979.30 975.00 975.00 974.00 971.70 972.40 974.10 973.90 972.20 971.20 970.60 972.10 974.30 975.50 976.00 976.00 975.00 973.80 972.40 971.10 970.50 974.40 976.70 979.30 982.20 984.20 985.20 985.70 986.30 986.30 985.40 982.60 978.80 975.20 972.90
954.50 960.10 965.20 968.50 970.50 970.50 970.00 967.50 965.60 962.50 966.80 970.00 972.10 973.80 975.00 976.50 977.00 978.40 979.60 980.00 979.90 979.00 977.00 975.00 973.00 970.70 970.30 972.70 975.00 976.00 978.10 980.00 980.00 980.00 979.50 980.00 979.80 976.40 975.00 972.90 970.50 970.00 971.00 971.20 970.00 970.00 971.10 972.70 974.60 975.40 975.00 975.40 974.50 973.50 971.80 970.00 970.00 973.00 976.90 980.00 980.10 981.80 982.60 983.70 984.20 984.40 983.40 981.30 977.90 973.90 970.70
950.00 954.50 962.10 965.60 967.40 967.40 966.60 964.00 960.00 964.30 968.10 970.10 972.00 973.90 975.40 976.60 977.60 978.20 978.80 977.90 977.40 976.90 975.30 973.50 971.70 970.00 970.00 972.50 976.10 978.90 980.20 980.10 980.00 977.90 976.50 977.60 977.90 977.30 976.00 974.70 972.20 969.60 968.30 968.80 969.80 970.00 971.50 973.20 975.00 975.90 975.80 975.10 973.20 971.80 970.70 970.00 970.00 972.60 976.60 979.50 980.00 979.80 980.50 981.40 981.90 982.40 981.80 980.00 977.20 973.70 970.40
946.90 950.00 957.50 959.40 960.50 961.00 959.80 960.00 961.10 965.60 968.20 970.10 970.80 972.40 974.10 975.70 976.60 977.40 978.00 976.80 975.00 974.70 973.10 970.50 969.20 969.50 970.90 975.20 977.20 980.00 980.00 980.00 978.10 975.50 974.40 975.30 975.80 976.60 976.10 975.00 972.40 969.80 967.40 967.00 968.00 969.40 971.10 972.70 974.90 975.40 975.30 974.20 972.20 970.10 969.60 969.10 969.90 971.60 976.00 978.00 978.80 976.50 977.80 978.70 979.80 980.40 980.00 978.80 975.70 972.50 969.80
944.20 946.60 950.20 951.90 952.90 953.40 955.00 958.00 962.20 965.00 966.70 968.50 969.80 970.70 972.80 975.00 975.60 976.40 977.20 975.80 974.60 972.60 971.20 969.80 968.40 969.40 974.90 977.10 979.30 980.10 980.10 979.90 976.90 974.10 971.70 972.10 974.30 975.60 975.10 974.50 972.30 970.10 967.20 965.20 966.50 968.10 969.90 971.30 974.20 975.00 973.30 971.90 970.50 970.00 968.90 967.60 968.50 970.70 975.00 976.70 977.70 975.00 975.00 975.60 977.60 978.90 978.50 976.30 973.40 971.10 968.90
945.00 947.40 948.60 949.80 953.90 955.90 960.00 961.10 962.40 965.00 965.00 966.10 968.10 970.20 972.70 975.20 976.20 976.80 976.50 975.70 973.90 970.80 970.00 969.00 970.00 971.20 975.20 976.90 978.30 980.00 980.10 980.00 977.50 974.20 970.90 970.00 971.20 973.80 974.80 973.40 971.30 969.90 966.60 965.00 965.80 966.40 967.40 969.70 972.60 973.60 970.50 970.00 970.00 969.60 968.20 966.80 968.40 970.50 974.30 976.10 976.30 973.40 974.50 975.00 975.60 976.80 975.60 973.90 971.40 969.00 967.60
947.10 950.00 951.80 952.40 955.00 955.90 960.00 962.90 965.50 966.20 967.40 968.60 969.30 970.10 972.70 975.30 977.10 976.10 975.30 975.00 974.00 971.10 969.20 966.80 966.20 971.30 974.80 975.00 975.60 976.70 978.60 978.30 976.50 975.00 972.20 969.30 969.10 971.30 972.40 971.30 970.50 968.30 965.50 965.00 965.00 965.40 965.00 968.00 970.90 972.10 970.30 968.10 968.20 968.60 967.40 965.90 967.80 970.70 973.60 974.70 974.10 970.70 971.80 974.90 975.00 974.60 973.40 970.70 969.40 967.60 965.80
948.40 951.20 954.30 955.40 957.80 958.40 958.10 960.20 965.10 967.40 969.80 971.10 971.90 972.60 973.90 975.80 976.80 975.20 975.00 973.90 971.60 970.00 968.10 965.50 965.00 969.70 972.10 972.20 971.90 975.40 976.30 976.10 975.20 975.00 971.80 968.80 966.10 968.70 970.00 969.70 968.80 967.20 964.80 964.20 964.80 964.40 965.00 967.00 970.30 970.80 970.00 967.30 966.40 967.30 966.40 965.10 967.70 970.90 973.10 972.10 971.10 970.00 970.60 972.20 973.20 972.10 970.20 968.50 967.10 966.10 964.80
949.90 951.20 954.10 957.20 960.00 963.20 963.50 963.60 965.00 966.70 969.90 971.90 974.30 975.00 975.60 976.20 976.60 975.90 975.30 972.50 969.20 970.00 966.90 965.00 963.70 966.30 968.80 969.80 970.80 975.00 975.00 973.40 974.30 974.20 971.80 969.70 966.40 965.00 966.40 967.30 966.50 965.20 964.00 960.00 961.10 963.20 964.40 966.60 969.60 970.00 970.00 968.10 966.00 965.70 965.30 965.00 967.40 970.80 971.70 970.20 968.40 967.10 968.00 970.20 970.70 969.70 968.00 966.30 964.90 964.60 964.00
950.60 952.80 955.60 959.20 961.70 964.70 966.50 967.10 965.80 966.20 969.20 971.70 974.70 975.50 976.20 977.00 977.20 976.70 976.00 975.10 972.10 970.00 967.10 965.00 963.40 963.00 965.10 967.80 971.50 974.30 974.50 970.70 971.40 971.70 971.90 970.40 967.70 965.00 964.90 965.00 964.90 964.50 962.70 960.00 960.70 963.50 965.30 967.30 970.10 970.00 970.00 968.30 966.50 964.60 964.20 965.00 967.40 970.50 970.60 969.50 966.80 965.00 965.40 967.60 967.60 967.20 966.40 964.40 963.50 963.10 962.50
952.40 954.10 955.50 959.90 962.60 965.70 968.40 970.00 970.00 969.20 968.80 971.50 975.00 976.10 976.90 977.20 976.40 976.80 976.10 975.00 973.00 970.80 968.20 965.70 963.60 960.00 962.90 968.20 971.30 972.80 973.00 970.20 970.00 970.20 971.20 970.40 968.10 965.20 962.10 961.80 962.30 962.10 960.70 959.00 962.20 965.00 966.10 968.00 969.90 970.00 970.00 968.80 966.80 964.90 963.10 964.80 967.40 969.90 970.00 967.10 965.00 963.80 963.70 964.90 965.00 965.00 965.00 963.40 962.10 961.70 961.60
953.70 956.30 958.90 960.00 961.20 965.10 968.80 971.90 972.70 971.50 970.90 972.60 975.40 976.80 977.60 976.60 975.60 975.90 975.30 973.80 972.00 970.20 967.70 965.10 963.80 960.20 960.00 967.10 969.90 971.10 971.70 969.40 967.80 970.10 970.20 970.10 967.90 965.40 961.60 960.00 959.50 959.50 960.00 960.00 964.50 965.60 965.20 967.10 968.60 969.30 969.00 968.00 966.50 965.10 962.30 963.20 966.10 968.00 967.50 964.50 963.10 961.60 960.50 962.00 963.40 965.00 963.70 961.80 960.60 960.20 961.90
955.00 959.40 962.90 963.90 963.30 965.10 969.30 972.20 974.40 974.70 974.20 975.00 976.00 977.30 977.40 976.00 975.00 975.00 974.00 971.80 970.80 970.00 967.10 964.70 961.50 959.50 959.30 963.80 966.80 970.10 970.00 966.80 965.60 970.00 970.00 969.20 966.60 965.00 961.90 959.70 957.50 958.00 959.30 961.60 965.60 966.40 965.20 966.10 967.10 967.60 967.30 966.70 965.80 964.50 961.30 960.50 963.90 965.90 965.50 963.00 960.70 960.00 960.00 960.60 962.40 963.20 962.20 960.00 960.00 960.00 962.00
957.60 961.10 965.00 967.20 965.50 967.50 971.20 972.90 974.70 975.00 975.00 975.00 976.00 976.90 977.00 975.80 974.30 972.60 972.10 970.00 969.20 968.60 967.00 964.50 962.00 959.70 958.30 959.70 965.40 968.50 970.00 965.60 965.00 968.10 969.90 967.80 965.00 963.50 962.00 960.60 957.90 956.10 957.60 961.40 964.00 964.80 964.50 964.60 965.70 966.00 965.70 965.10 963.50 962.30 959.60 959.00 960.00 961.30 963.10 960.70 959.30 958.50 959.10 960.00 961.20 961.40 960.60 959.20 960.00 960.00 961.20
960.70 963.50 967.10 970.30 970.90 971.60 973.60 974.50 973.30 973.00 973.70 974.50 975.50 976.30 976.50 975.30 972.80 970.10 970.00 968.50 966.90 966.60 965.40 964.60 962.50 960.30 960.00 960.00 965.10 967.40 968.30 964.40 962.10 966.40 967.80 966.30 965.00 962.40 960.00 959.30 957.10 955.00 957.30 960.10 961.50 961.70 961.40 962.50 963.80 962.30 962.00 962.50 960.60 959.60 958.00 957.40 958.40 959.90 959.90 959.10 958.10 957.20 957.90 959.20 960.00 960.00 959.10 958.00 958.90 960.40 961.50
963.80 965.70 968.70 971.30 973.30 973.90 974.30 973.30 971.00 970.00 970.50 972.50 975.00 975.60 976.00 975.00 972.10 970.10 970.00 966.40 964.90 964.70 965.00 963.90 962.00 960.00 957.10 956.00 963.70 966.50 966.20 962.80 959.70 965.40 966.40 966.00 964.60 961.50 959.20 957.70 956.00 955.00 956.80 960.00 960.00 958.80 959.60 960.70 960.90 960.00 960.00 959.60 958.30 957.30 955.60 955.00 956.00 957.20 957.90 957.80 956.90 956.20 956.60 957.30 958.30 959.00 958.10 957.90 959.10 960.00 960.80
963.70 966.50 969.40 971.40 973.20 973.70 973.90 973.20 969.70 967.30 968.40 971.10 973.80 975.30 975.60 974.90 973.20 971.30 970.20 966.20 962.70 961.80 962.40 962.20 961.10 959.00 955.90 955.00 962.00 965.70 965.20 960.80 960.00 962.70 965.40 965.20 962.80 959.70 957.80 956.10 955.00 955.00 956.70 959.90 958.60 956.60 955.30 957.10 958.50 957.80 958.00 957.60 956.30 955.00 954.80 954.70 954.80 955.00 956.00 956.30 955.70 955.20 955.30 956.20 957.00 958.00 957.30 958.50 959.60 960.00 960.00
962.50 965.30 968.50 971.20 973.10 973.50 973.40 972.80 970.00 967.00 966.10 969.40 972.00 974.30 975.00 973.50 971.80 971.00 969.20 966.40 960.90 960.00 960.30 960.90 960.10 958.00 955.50 955.00 960.40 963.30 963.20 960.20 958.60 959.30 962.40 962.30 960.10 958.70 956.80 955.00 955.00 955.00 957.10 958.60 958.30 955.60 954.20 955.00 955.10 955.50 956.10 955.80 954.20 953.50 954.30 954.40 954.40 954.60 955.00 955.00 954.90 955.00 955.50 955.90 956.40 956.80 957.70 958.80 959.80 960.00 960.00
960.70 963.30 966.40 970.30 972.40 972.50 971.40 970.40 968.70 966.20 965.00 966.30 969.30 971.80 972.60 971.20 969.40 969.40 968.40 966.20 962.20 960.00 958.40 959.40 959.00 957.10 954.70 952.80 956.80 959.90 960.00 958.60 956.40 955.00 957.70 958.50 958.30 957.50 956.10 954.70 955.00 955.00 957.30 957.30 957.10 956.10 954.70 954.20 953.90 954.30 954.60 954.50 952.80 952.80 953.20 953.50 954.00 954.80 955.00 955.20 956.70 956.90 956.20 956.70 957.10 958.10 958.80 959.40 960.00 960.00 960.00
958.90 961.20 964.20 968.20 971.10 972.50 972.20 971.00 969.70 965.00 962.00 962.60 966.00 968.80 970.00 968.10 965.30 966.30 966.50 965.30 961.80 957.40 955.40 957.10 957.40 956.30 954.40 951.00 953.80 956.60 957.70 956.30 955.50 955.00 954.50 955.40 956.10 956.40 955.30 953.20 951.70 953.50 956.10 956.00 955.80 955.00 954.30 953.60 952.70 952.20 952.90 953.70 952.60 952.90 953.70 954.50 955.00 957.20 958.00 958.20 959.30 959.20 958.20 957.50 958.00 959.60 960.10 960.70 960.80 960.00 960.00
957.50 959.40 962.70 966.70 969.90 971.20 972.10 970.80 969.00 965.20 960.40 959.20 961.80 965.20 967.20 966.10 960.90 961.70 963.70 962.70 959.80 956.40 955.00 955.00 955.50 955.00 953.00 950.30 950.90 953.50 955.20 955.40 955.20 953.60 951.80 954.00 955.20 955.10 953.20 951.20 950.00 951.70 954.30 954.40 954.50 955.00 954.40 953.30 952.20 951.50 951.70 952.10 952.30 953.00 953.80 954.70 958.40 960.30 962.70 960.90 961.50 961.00 959.80 958.90 959.00 960.40 961.90 962.50 962.60 961.20 961.90
956.50 957.50 961.20 965.00 967.60 969.50 970.10 969.00 967.20 964.90 959.90 957.40 957.40 960.30 964.10 962.60 958.20 958.10 960.50 960.00 958.10 956.00 952.60 950.40 951.80 952.30 950.90 949.80 949.40 950.70 953.10 954.10 954.00 952.40 949.80 951.50 952.40 950.80 950.00 950.00 950.00 950.00 951.80 952.10 952.80 954.00 955.00 954.20 953.40 952.60 951.90 952.20 953.20 953.40 954.20 955.00 959.00 961.50 963.90 963.20 963.40 962.30 961.10 960.00 960.00 961.00 963.10 964.50 964.60 963.40 963.90
955.60 955.00 959.10 962.90 965.90 967.50 968.40 966.70 965.50 964.90 961.60 957.60 955.00 957.30 960.60 959.50 956.00 955.50 957.90 957.50 955.90 954.10 952.20 950.00 949.40 949.40 949.80 949.10 948.40 950.20 951.20 951.90 952.50 951.20 949.90 949.80 950.00 950.00 950.00 950.00 950.00 950.00 949.90 950.50 951.30 953.10 955.00 955.00 954.80 955.10 954.80 954.50 955.00 954.60 955.20 957.50 959.90 962.80 965.00 965.20 964.90 963.50 961.70 960.00 960.20 963.30 964.40 965.70 966.00 965.10 965.00
955.00 955.00 955.60 961.20 964.10 966.00 966.80 965.20 962.00 961.40 959.60 956.20 951.00 954.00 957.10 955.90 953.10 950.10 955.00 954.50 952.60 951.10 950.00 949.60 947.80 947.40 947.60 946.80 947.60 948.90 949.20 949.70 950.40 950.10 948.90 949.30 950.00 950.00 950.00 950.00 950.00 950.00 949.40 949.90 952.10 954.40 956.50 957.20 956.90 958.20 958.20 956.70 960.10 961.20 961.20 960.00 960.00 963.00 965.30 966.10 965.30 964.30 962.70 962.70 964.30 965.00 966.20 968.40 968.80 967.60 965.70
955.00 955.00 955.00 958.80 962.30 964.20 964.60 961.70 958.50 957.80 956.90 955.00 950.00 950.00 953.40 951.60 949.80 947.00 949.40 949.60 949.00 947.60 948.20 947.20 946.00 945.10 945.30 945.70 946.80 947.40 947.70 947.90 948.20 948.90 947.90 949.00 950.00 950.00 950.00 950.00 950.60 950.60 950.10 950.70 953.90 956.40 959.20 960.80 960.00 961.30 960.40 960.00 962.10 963.80 963.90 961.70 962.20 964.40 965.40 967.40 966.60 965.10 965.00 964.70 964.50 967.30 969.50 970.60 971.30 970.80 969.60
