vignettes/DEM/dem30m.asc
ncols 150
nrows 100
xllcorner 7394249
yllcorner 4841999
cellsize 30.00
nodata_value  1174.6
[rows 64 to 95 of 100, columns 0 to 70 of 150]
955.00 955.00 954.90 954.90 960.50 961.90 961.50 958.20 955.30 954.30 953.20 953.30 950.10 945.00 948.40 946.70 944.30 944.60 945.00 945.00 944.30 944.40 945.00 944.60 944.30 944.90 945.00 945.00 945.20 945.80 946.20 946.40 946.60 946.90 947.50 948.60 949.80 950.00 950.00 951.50 953.30 953.80 954.70 955.00 956.40 958.90 962.00 965.00 963.00 964.20 963.30 963.20 965.10 966.10 965.60 965.00 965.20 967.50 967.80 968.60 967.60 965.80 964.40 963.90 964.10 967.00 969.60 972.10 973.10 973.40 973.10
954.20 953.00 952.80 953.30 956.10 959.30 958.20 954.70 949.60 949.50 949.00 949.40 947.60 944.30 945.00 943.10 942.30 943.20 944.60 945.00 944.70 945.00 945.00 944.60 944.20 944.90 945.00 945.00 945.40 945.40 946.00 946.70 947.40 948.10 948.30 948.90 949.50 950.00 952.00 954.10 955.80 958.30 961.10 960.80 960.20 962.20 965.40 968.20 966.50 966.90 967.20 966.60 967.70 968.60 967.40 965.30 967.00 970.10 970.60 969.90 968.40 966.00 964.50 963.50 963.70 966.40 968.90 971.40 974.00 975.00 976.00
954.80 952.30 950.50 951.60 953.80 956.10 955.00 950.50 944.00 943.50 942.40 941.10 942.20 941.00 942.70 945.00 943.40 943.00 944.20 945.20 948.10 948.60 946.80 946.30 946.00 945.30 945.70 946.50 947.20 947.20 947.80 948.40 949.20 949.20 949.30 950.90 955.00 954.00 954.80 958.60 959.60 959.60 964.10 965.20 965.70 966.90 970.60 972.10 970.00 970.00 970.80 970.00 970.20 971.10 969.80 968.00 970.00 971.40 972.20 971.20 969.70 967.80 966.00 964.40 964.30 965.90 968.20 970.80 973.40 975.30 977.10
955.00 952.10 950.00 950.00 951.30 953.10 951.50 944.00 940.00 940.10 940.00 940.00 940.00 940.00 940.30 944.50 945.00 946.00 948.30 949.50 950.40 954.70 956.00 954.20 950.80 949.60 948.90 948.80 948.90 949.10 949.30 950.90 952.20 950.60 949.90 955.50 958.70 956.90 957.20 961.20 962.60 960.50 965.20 969.20 970.50 972.20 975.00 976.70 975.50 975.20 973.40 971.90 973.40 973.40 972.10 970.30 970.00 971.40 973.50 972.10 970.60 970.10 968.40 965.90 965.00 966.10 968.00 970.00 972.30 975.00 977.10
955.00 952.40 949.80 948.20 948.20 950.00 945.90 940.00 940.00 943.10 943.70 944.00 943.90 946.80 948.20 950.90 952.10 950.00 953.10 955.70 955.00 959.00 961.80 960.40 955.30 954.80 955.10 953.20 950.00 950.00 950.80 954.70 956.00 953.50 953.10 958.20 961.00 960.00 960.00 963.60 965.40 964.20 964.40 971.80 974.50 977.90 979.20 981.10 980.40 978.70 975.40 976.30 976.90 975.70 974.30 971.90 970.40 972.20 974.00 972.50 971.10 970.50 969.50 967.10 965.00 967.10 967.80 969.30 971.90 974.80 977.40
954.90 950.70 949.40 948.10 945.00 945.30 942.90 939.40 940.70 947.20 949.70 952.30 950.60 954.70 959.20 961.60 958.30 954.20 958.10 961.00 958.20 962.10 965.00 963.40 957.70 960.60 960.50 955.00 952.60 951.90 953.40 956.00 955.60 954.00 956.50 962.60 965.00 964.80 961.80 965.10 968.70 968.30 965.00 972.30 979.00 983.50 985.50 985.20 984.20 982.30 981.10 980.80 979.50 977.80 976.00 973.80 972.20 973.10 974.40 973.00 971.50 970.70 970.20 967.90 965.80 968.90 971.40 970.40 971.20 974.60 977.90
952.90 949.40 945.00 946.80 945.00 943.70 939.80 938.40 943.90 950.70 956.70 959.50 960.00 959.80 965.10 966.70 963.10 962.00 964.00 966.00 964.00 964.10 967.60 965.50 960.10 964.20 960.20 957.60 955.90 955.00 956.20 958.60 957.50 954.90 960.50 965.80 968.20 967.80 965.90 967.00 971.30 972.60 971.10 973.00 983.00 987.40 989.30 989.80 988.60 985.70 984.70 984.30 982.00 979.10 976.60 975.00 974.10 974.90 974.90 973.80 972.40 971.00 970.30 968.50 967.00 969.80 975.00 975.20 973.30 975.00 977.20
950.50 947.70 944.90 945.00 945.00 941.10 940.00 940.00 945.80 954.70 961.30 963.90 965.20 963.30 967.10 970.00 968.70 967.60 969.20 970.20 970.40 967.60 971.40 969.30 966.90 967.30 963.50 962.50 959.90 957.10 960.80 962.20 959.60 957.60 960.60 966.70 970.80 972.50 972.60 975.20 977.10 977.60 977.40 976.50 982.60 991.10 994.60 995.50 993.50 991.00 988.90 987.30 984.20 980.30 977.40 975.00 976.00 977.00 976.20 974.80 973.40 972.10 970.70 968.70 967.90 971.00 976.70 978.10 977.20 976.20 976.60
946.30 945.60 940.00 942.30 942.10 939.90 938.70 939.10 948.20 958.40 963.70 966.70 968.90 968.90 970.10 972.90 973.10 973.10 975.40 976.60 975.60 972.70 975.40 975.60 974.60 970.80 970.70 970.30 966.00 960.00 963.80 965.00 960.00 960.00 960.40 965.20 970.10 975.00 977.80 981.30 984.10 985.00 985.00 985.70 985.00 992.70 999.20 1001.0 998.90 996.50 993.20 989.70 985.80 982.30 978.70 977.30 978.10 978.40 977.10 975.80 974.60 972.90 970.60 969.00 968.70 973.60 978.20 980.90 980.70 979.50 980.50
942.60 942.30 939.30 938.50 936.30 937.50 936.80 939.00 951.00 959.70 965.50 969.10 971.40 972.80 974.80 976.40 977.40 978.70 981.10 982.50 981.90 980.30 980.90 980.10 979.70 976.70 977.00 975.30 970.50 964.90 965.00 964.70 960.00 963.60 964.60 965.00 970.80 977.80 982.00 986.30 990.00 992.60 994.20 997.20 996.30 996.10 1003.3 1006.9 1004.6 1000.8 996.40 992.30 988.60 984.80 980.00 980.00 979.90 979.10 978.00 976.80 975.00 972.60 970.40 970.00 970.00 973.90 979.00 982.60 983.50 982.70 983.10
938.60 935.00 934.80 934.20 935.00 935.90 938.60 944.90 954.00 961.10 965.90 969.80 972.30 974.70 977.00 978.90 980.70 982.30 984.20 985.90 986.20 986.10 985.40 984.70 984.00 982.90 982.30 979.60 974.50 969.00 967.90 965.40 964.70 967.90 969.80 967.60 971.80 978.70 984.50 989.90 995.40 999.00 1001.6 1003.9 1004.0 1003.2 1006.8 1010.7 1010.1 1006.2 1000.5 994.60 991.20 987.20 981.60 981.10 980.70 979.70 978.60 976.10 975.00 973.30 972.80 971.10 970.00 974.00 979.80 982.60 985.00 985.50 985.90
935.00 934.30 933.90 934.20 935.20 935.00 938.60 946.70 954.30 961.00 965.80 968.60 972.10 975.50 978.40 980.60 982.20 984.20 986.00 987.90 989.10 990.20 990.30 989.90 989.30 988.60 987.40 983.90 978.90 973.80 970.90 966.20 967.60 973.50 975.90 974.30 971.90 978.50 986.10 993.10 999.70 1003.4 1006.2 1008.4 1010.8 1013.1 1012.6 1013.9 1012.9 1008.4 1002.9 997.00 992.90 988.70 984.80 983.90 982.10 979.80 977.20 975.00 975.00 975.60 975.00 973.00 971.30 974.00 979.60 982.50 985.30 987.30 988.10
935.00 934.40 933.70 934.20 936.00 940.00 944.80 946.40 950.70 959.60 962.60 966.30 971.30 975.50 978.40 980.90 983.10 985.00 987.00 989.00 990.00 991.20 991.90 991.60 991.40 990.40 990.00 988.70 984.20 978.80 975.00 972.70 971.80 976.10 980.10 980.70 976.90 979.90 988.40 995.60 1001.5 1005.7 1009.4 1011.9 1014.7 1015.0 1015.4 1015.3 1013.5 1007.9 1002.9 997.40 993.30 990.00 988.10 985.50 982.60 979.90 978.30 976.90 976.90 977.80 976.50 973.60 972.80 974.90 978.10 981.70 985.50 987.40 989.60
935.00 934.60 934.10 934.30 934.90 938.50 940.90 947.70 953.00 956.50 960.80 965.30 970.70 976.10 979.20 981.00 983.20 984.80 986.40 988.20 990.00 991.40 992.90 992.80 991.60 990.50 990.00 990.00 987.00 983.00 979.60 978.20 977.00 978.30 983.10 985.00 980.00 982.60 990.40 996.70 1002.6 1006.6 1010.0 1012.5 1014.9 1015.0 1015.8 1017.1 1012.8 1007.8 1002.1 998.30 996.10 993.60 990.40 985.70 982.30 980.00 980.00 979.60 979.50 978.80 976.20 973.80 973.60 975.50 980.00 982.10 984.90 987.10 989.20
935.00 934.90 935.00 934.90 935.00 936.30 937.60 940.30 950.70 960.50 966.30 969.70 972.30 976.70 979.90 981.10 981.10 982.30 985.30 987.30 989.40 991.00 991.90 992.40 991.80 990.60 990.00 990.00 987.90 984.80 982.70 981.70 981.80 982.30 985.20 985.30 985.30 985.80 992.00 997.80 1002.6 1006.0 1008.7 1011.1 1012.6 1014.0 1015.2 1015.0 1013.8 1010.4 1005.3 1001.3 998.10 995.10 991.30 987.50 984.10 980.90 980.60 980.90 980.00 978.50 975.80 975.00 974.60 974.80 976.30 980.00 982.30 985.50 987.10
943.00 942.50 940.00 938.40 936.30 936.40 937.30 938.80 947.80 959.40 967.00 971.00 974.40 977.00 979.40 980.10 979.30 979.30 983.00 985.60 987.40 989.50 990.50 991.00 991.20 990.80 990.00 990.00 987.30 984.40 983.20 983.00 984.60 985.50 986.40 988.10 989.00 990.50 994.90 998.20 1001.6 1004.3 1006.5 1008.1 1009.2 1010.6 1012.4 1013.3 1013.1 1011.1 1007.3 1003.0 998.60 994.90 991.10 987.40 984.90 982.70 983.00 982.70 980.60 978.50 975.80 975.00 975.10 974.80 974.70 976.00 979.40 981.40 985.70
949.70 945.60 941.60 944.20 941.80 939.40 939.50 939.90 945.40 959.20 966.50 971.30 974.70 977.10 977.70 977.50 975.50 977.10 980.40 982.60 984.60 986.40 987.40 988.60 990.00 990.00 989.50 988.00 985.80 982.40 980.10 981.50 984.10 985.60 987.10 989.20 991.20 993.40 995.70 997.70 999.10 1001.2 1002.6 1002.4 1003.5 1007.1 1010.0 1011.0 1011.0 1010.3 1007.3 1003.1 998.00 992.70 990.00 987.40 985.70 984.80 984.50 982.20 980.30 979.10 977.20 975.90 976.80 977.20 975.60 977.40 977.30 980.00 986.70
950.00 945.40 945.40 946.70 945.00 942.20 939.50 939.60 947.10 957.60 965.30 970.90 974.20 976.10 976.10 975.30 972.30 973.70 976.80 979.00 981.00 982.50 982.50 983.70 985.70 987.10 987.00 985.70 983.30 980.20 976.20 980.00 982.50 985.40 987.40 989.40 991.10 993.20 994.70 995.50 995.30 996.60 997.20 995.80 999.60 1003.7 1006.7 1008.5 1010.0 1009.0 1006.6 1003.3 998.40 993.80 990.40 989.40 987.70 985.80 985.00 983.20 980.70 980.00 979.60 979.40 979.30 980.00 976.90 979.90 979.70 980.00 985.00
952.60 950.20 949.10 946.50 944.20 939.90 938.20 940.00 948.50 956.70 964.60 970.00 972.60 974.40 974.50 972.70 970.00 970.90 972.60 975.00 976.40 976.50 976.30 979.70 982.30 983.50 983.90 983.00 980.40 975.90 973.40 977.80 981.70 984.90 987.30 989.60 991.20 991.40 991.30 989.20 988.90 990.90 990.10 992.60 997.40 1000.6 1004.1 1006.3 1007.8 1008.0 1006.5 1004.1 1000.3 996.00 992.90 989.90 988.50 987.20 985.70 983.70 981.20 980.10 981.20 981.30 980.00 980.00 979.80 980.80 982.50 981.40 980.60
955.00 952.20 947.90 943.30 944.80 940.00 940.00 940.50 947.80 955.30 962.60 966.80 970.20 971.60 971.90 969.20 965.00 968.40 966.80 967.20 968.80 968.60 970.70 975.70 977.20 977.50 978.70 979.20 976.80 971.40 972.50 978.00 982.40 985.00 987.20 989.30 990.40 990.40 988.10 983.80 983.10 985.70 986.70 990.40 993.60 998.10 1001.8 1004.2 1005.5 1006.0 1005.0 1004.1 1001.4 998.00 994.40 991.70 989.80 989.10 986.30 985.00 983.80 983.00 983.50 983.60 982.20 981.40 980.30 980.80 985.00 985.00 984.30
955.00 950.70 945.00 945.00 945.00 939.60 939.70 941.10 949.70 955.50 959.40 961.60 966.20 968.10 968.60 962.80 961.70 960.90 957.10 955.00 956.70 959.60 966.40 968.40 965.30 966.60 970.10 973.70 972.30 965.00 973.70 978.50 982.00 984.90 986.30 987.90 988.60 988.50 985.90 980.10 978.40 980.00 983.80 987.80 990.00 996.00 1000.0 1001.9 1002.7 1003.2 1003.5 1002.6 1001.1 998.00 994.40 992.10 990.00 989.60 986.10 985.30 985.00 985.00 985.70 985.00 984.20 983.60 982.30 981.70 985.00 986.70 986.90
954.90 950.00 948.40 950.00 940.50 939.50 939.80 941.60 949.50 952.40 952.70 954.90 960.30 963.90 964.20 958.70 957.00 950.00 954.40 955.00 955.00 952.90 955.00 955.00 955.50 957.40 959.40 962.50 963.30 964.80 969.70 974.40 979.00 981.80 984.60 985.80 986.00 985.90 983.70 980.10 975.00 979.70 982.90 983.90 988.20 993.60 997.30 999.10 999.80 1000.2 1001.0 1000.7 999.60 997.60 994.80 992.50 990.20 990.00 989.30 989.00 987.30 987.30 987.80 987.00 986.10 985.50 985.00 984.70 985.00 986.70 989.30
953.30 950.00 953.90 953.60 940.70 940.00 940.00 940.60 943.40 945.00 944.80 948.00 954.50 959.50 959.00 953.40 950.00 952.50 956.20 958.00 957.10 954.80 955.30 958.10 958.90 958.30 957.90 960.00 960.00 959.00 961.60 967.00 973.00 976.30 978.20 979.40 977.20 974.80 974.00 974.90 972.00 977.50 979.40 981.70 988.10 992.40 994.40 995.30 995.60 996.20 998.20 998.90 998.70 997.00 994.80 994.00 993.10 992.70 992.30 991.80 989.70 989.20 989.90 989.10 988.40 987.70 987.20 987.10 985.10 985.90 989.40
954.40 955.20 958.30 956.50 949.40 942.10 940.00 941.80 942.80 945.00 944.40 944.80 947.40 951.30 949.70 950.00 950.40 956.70 960.20 961.10 960.50 957.30 956.20 960.00 960.00 961.40 960.40 960.50 960.90 960.00 960.00 960.00 962.80 966.80 968.20 965.90 965.00 964.40 965.60 968.80 970.00 975.00 978.00 983.80 988.10 990.80 991.60 991.60 991.50 993.40 995.50 996.40 996.80 997.00 995.60 996.60 996.70 996.10 995.70 994.40 992.00 991.10 992.50 991.00 989.90 989.30 989.90 990.30 988.50 987.40 990.20
960.40 961.00 960.40 957.50 950.10 949.80 946.00 944.30 945.00 945.00 946.40 945.00 945.50 946.90 948.70 950.00 955.00 958.30 961.00 962.90 961.30 959.50 958.00 959.80 962.20 963.70 963.00 962.80 963.60 961.80 961.60 963.20 964.60 965.00 965.00 965.00 965.00 966.10 965.00 965.90 971.40 977.00 980.00 981.90 986.20 988.00 988.40 988.20 989.10 991.40 992.70 994.30 995.30 997.80 999.50 1000.5 1001.0 1001.0 1000.0 998.30 995.60 994.60 994.60 992.90 991.90 991.20 992.30 991.70 990.20 988.70 990.60
963.50 963.80 962.40 960.40 957.60 956.10 952.70 946.60 943.90 945.70 951.70 948.90 947.80 949.20 952.30 953.50 955.00 956.00 960.40 961.30 960.60 960.00 960.00 960.00 963.80 965.00 964.80 965.00 965.60 964.40 965.00 966.50 968.80 968.40 966.30 966.40 969.10 970.00 967.70 965.40 970.50 974.60 972.70 973.00 979.00 984.10 984.50 985.00 987.30 989.10 990.50 993.40 996.10 999.00 1001.9 1003.7 1005.4 1005.9 1004.5 1002.0 999.80 998.60 997.20 995.00 994.20 994.40 994.60 993.40 991.50 990.20 991.40
965.10 965.00 963.70 961.80 960.00 957.50 954.80 950.10 945.00 945.60 954.90 959.90 960.40 960.70 962.50 962.00 959.80 958.90 960.00 960.00 961.00 961.70 962.30 961.60 963.90 965.00 965.00 966.60 966.40 965.20 965.00 967.10 970.60 972.10 971.30 971.10 972.80 972.90 972.30 968.80 970.00 969.50 968.10 969.40 970.00 978.20 981.00 981.30 983.50 985.60 990.00 993.20 996.80 999.80 1003.3 1006.0 1007.8 1008.7 1007.9 1006.4 1004.6 1003.3 1000.8 999.10 997.90 998.00 997.50 995.40 993.90 992.70 993.10
965.50 965.60 963.90 961.60 959.10 955.80 952.90 949.00 945.00 948.20 957.70 962.80 965.90 967.60 969.70 968.80 965.30 963.60 965.20 963.00 963.90 964.10 965.00 964.30 963.50 965.10 966.80 968.50 966.80 965.10 965.00 965.70 970.00 971.10 973.20 974.80 975.60 975.80 975.70 975.10 971.10 969.80 969.70 969.90 970.00 971.30 976.10 978.60 980.00 985.40 990.00 993.30 996.50 999.70 1003.7 1006.7 1009.1 1010.7 1011.0 1011.3 1010.4 1008.7 1006.9 1004.6 1002.8 1001.8 1000.1 996.80 994.50 994.80 995.00
965.00 965.30 962.50 960.00 956.00 955.00 952.20 949.10 945.00 949.50 958.60 964.50 967.90 970.60 971.80 971.30 969.60 968.30 969.50 967.10 965.40 965.00 965.00 965.00 965.00 967.00 970.00 969.10 967.20 965.30 964.20 964.10 966.80 970.00 972.10 974.90 976.50 977.80 977.40 977.00 976.30 975.50 973.40 972.60 971.30 970.80 973.70 976.20 981.10 985.40 989.80 992.90 996.00 999.20 1003.3 1006.6 1009.5 1011.5 1012.9 1013.8 1014.2 1013.5 1012.5 1010.8 1008.0 1005.2 1002.4 998.70 997.00 997.20 998.00
965.00 964.30 961.10 960.00 959.30 957.50 955.00 950.10 945.00 949.70 959.10 964.20 968.80 971.70 973.80 973.90 973.20 972.80 972.50 970.40 968.10 967.50 968.00 966.30 966.00 968.60 970.00 969.80 968.20 966.70 964.90 964.80 966.00 968.80 971.40 974.40 976.10 977.30 979.00 979.00 978.80 977.60 976.00 975.00 973.00 971.10 974.20 977.00 981.80 985.10 989.40 992.10 994.30 997.40 1001.2 1005.6 1008.8 1011.3 1013.6 1015.5 1016.7 1016.5 1016.3 1015.0 1012.4 1009.1 1004.8 1001.0 1000.2 1000.0 1000.8
965.00 964.00 963.00 962.30 961.50 958.80 955.00 949.70 945.30 951.60 957.80 962.60 967.50 971.10 973.70 974.90 975.80 975.70 975.30 972.50 970.00 970.80 970.80 968.80 968.80 971.10 972.40 971.50 969.90 968.00 966.60 966.40 967.20 967.70 970.00 972.10 975.00 976.40 978.20 980.00 980.50 979.80 978.20 976.60 974.40 973.20 974.70 978.90 981.70 984.70 988.10 990.20 991.40 994.40 998.30 1003.2 1007.4 1010.8 1013.5 1015.8 1017.4 1018.9 1018.9 1017.9 1015.8 1012.5 1008.3 1005.2 1004.3 1002.8 1004.3
965.00 964.20 963.50 963.20 961.50 958.60 954.90 950.20 945.50 950.00 951.80 958.20 963.20 970.10 973.10 975.00 976.10 976.30 975.60 974.00 970.60 973.00 972.70 970.00 970.50 973.00 975.00 974.00 971.10 969.70 968.60 968.70 969.30 970.00 970.00 970.00 973.00 976.00 978.60 980.50 981.40 980.70 979.80 977.60 975.40 975.00 974.50 978.80 981.70 984.50 986.10 987.20 989.10 992.70 996.60 1001.0 1005.7 1009.1 1012.0 1014.8 1016.3 1018.6 1020.0 1020.0 1018.7 1016.2 1012.9 1010.7 1008.0 1006.8 1008.4
